960
16 1   -0.0449783 0.0032561 950.864
16 2   -0.0451578 -0.0029259 950.873
16 3   -0.0477787 -0.0217784 887.102
16 4   -0.0411405 -0.0064509 953.68
16 5   -0.0384827 -0.00714147 956.455
16 6   -0.00183481 0.0211851 922.156
16 7   0.00109728 -0.018126 934.369
16 8   0.00529256 -0.0179893 941.169
16 9   0.00304033 -0.0195492 920.162
16 10   0.00674032 -0.0227118 846.854
16 11   -0.000827231 0.0185464 919.144
16 12   0.00674032 -0.0192597 920.439
16 13   0.00495748 -0.0161421 964.842
16 14   0.00670858 -0.0141817 938.257
16 15   0.00561381 -0.0148197 964.86
16 16   -0.00351855 0.0173768 967.551
16 17   -0.00205264 0.0173085 948.242
16 18   -0.0059458 0.0158631 950.273
16 19   0.00319383 -0.0155691 966.208
16 20   -0.0037438 0.0158412 969.249
16 21   -0.00161615 0.0157488 945.625
16 22   -0.00465135 0.0152989 961.513
16 23   -0.00264557 0.0150452 966.269
16 24   0.00419479 -0.0137691 941.913
16 25   0.00322257 -0.0142371 964.445
16 26   -0.00458712 0.0140221 940.673
16 27   -0.00544914 0.0135104 897.648
16 28   -0.00260421 0.0140483 968.989
16 29   -0.00392836 0.0134268 938.407
16 30   -0.00320541 0.0135397 957.081
16 31   0.00255029 -0.0136981 952.627
16 32   0.00186849 -0.013758 967.124
16 33   0.0040606 -0.0129716 900.192
16 34   0.00263462 -0.0130058 893.495
16 35   0.00177496 -0.0131158 941.214
16 36   -0.00219186 0.0128837 952.708
16 37   -0.00292623 0.0129156 932.747
16 38   0.00342568 -0.0126725 889.217
16 39   -0.000748817 0.0126199 940.666
16 40   0.00284907 -0.0127264 860.493
16 41   -0.00255383 0.0127923 922.78
16 42   0.00219646 -0.0128413 879.124
16 43   0.00310204 -0.0126516 869.614
16 44   -0.00199063 0.0125149 913.44
16 45   -0.000392953 0.0126777 914.974
16 46   0.00353627 -0.0122465 903.736
16 47   0.00217153 -0.0124711 807.453
16 48   0.001908 -0.0123627 807.667
16 49   0.00378024 -0.0120896 923.739
16 50   -0.00175707 0.0124285 937.005
16 51   -0.00280485 0.0122877 859.865
16 52   0.00261545 -0.0123563 796.032
16 53   0.00330309 -0.0120813 910.272
16 54   0.0029564 -0.0122671 841.224
16 55   -0.00257351 0.0124495 864.477
16 56   0.00233113 -0.0122729 754.162
16 57   -0.00217824 0.0122708 817.167
16 58   0.00304686 -0.0121229 863.813
16 59   0.00273012 -0.0121865 793.113
16 60   -0.00244964 0.0122886 813.802
16 61   -0.00275828 0.0121143 830.203
16 62   0.00247047 -0.0122502 754.868
16 63   -0.00232714 0.0122466 793.623
16 64   -0.00255685 0.012147 783.508
16 417   -0.00706758 0.0130288 839.671
16 418   -0.00680376 0.0149713 927.941
16 419   -0.00637134 0.0138955 896.832
16 425   -0.00677198 0.0121575 790.559
16 426   -0.0243034 -0.0325 927.413
16 427   -0.0297661 -0.0245518 949.654
16 428   -0.0264748 -0.0225 948.097
16 429   -0.0210282 -0.0297593 930.888
16 430   -0.0222876 -0.0247593 940.311
16 431   -0.0147713 -0.0242778 944.09
16 433   -0.0199052 -0.0222593 942.942
16 434   -0.0170398 -0.0222593 944.914
16 439   -0.0443192 -0.0225103 914.618
16 448   -0.00732632 0.0334734 854.451
16 449   -0.0100012 0.0304201 905.395
16 450   -0.00877906 0.0271419 921.158
16 452   -0.0511395 0.023992 798.196
16 453   -0.0451431 0.0217753 914.014
16 454   -0.0410053 0.0310472 833.064
16 455   -0.0391944 0.0336824 835.164
16 456   -0.0387121 0.0282585 907.848
16 466   -0.0137928 -0.0292778 922.68
16 467   -0.0162345 -0.0322593 920.376
16 468   -0.00461709 -0.0304487 859.817
16 469   -0.0101038 -0.0305278 908.579
16 470   -0.00737664 -0.0335093 871.707
16 471   -0.00879536 -0.0275068 918.889
16 472   -0.0058931 -0.0274276 906.814
16 474   -0.0329264 -0.0230776 961.864
16 478   -0.00400587 0.0219359 956.773
16 479   -0.00552235 0.0239673 949.718
16 480   0.00641298 -0.0127147 837.727
16 481   0.0072044 -0.0121339 788.231
16 482   0.00572167 -0.0124179 819.699
16 483   0.0059219 -0.0116521 760.528
16 484   0.00533071 -0.0114671 748.064
16 490   -0.00108108 -0.0192329 929.429
16 497   -0.00548577 0.0126802 848.504
16 498   -0.00611237 0.012194 800.295
16 499   -0.00536241 0.0114949 761.417
16 500   -0.00595361 0.0115272 757.595
16 501   -0.00504911 0.0119091 801.145
16 502   -0.0050137 0.0124277 845.45
16 503   -0.00417052 0.01274 906.581
16 504   -0.00462101 0.0125085 872.217
16 505   -0.00382403 0.0125443 917.598
16 506   -0.0033027 0.0126069 918.932
16 507   -0.00316164 0.0123219 910.196
16 509   -0.00339605 0.0121029 945.64
16 515   -0.0473568 0.0130555 938.712
16 516   -0.0423568 0.0130555 956.587
16 517   -0.043297 0.0168076 954.563
16 518   -0.0410181 0.0154681 963.818
16 519   -0.00193568 -0.0149983 906.04
16 520   0.00123376 -0.0142582 966.374
16 521   -0.000535277 -0.0150293 929.712
16 522   0.000947734 -0.0160383 948.257
16 523   0.00188682 -0.0155303 960.248
16 524   0.000546515 -0.0139256 959.676
16 525   -0.000283434 -0.0141888 935.578
16 526   -0.00130496 -0.0132266 886.186
16 527   -0.000597042 -0.0137112 924.024
16 529   -0.0012036 -0.0126175 864.649
16 543   -0.0242307 0.0325 926.524
16 544   -0.0263212 0.0225 947.717
16 545   -0.0297193 0.024558 949.235
16 546   -0.0220952 0.0247234 940.21
16 547   -0.0209138 0.0297234 929.883
16 548   -0.016162 0.0322234 918.059
16 549   -0.013669 0.0291701 921.159
16 551   -0.0195338 0.0222234 943.369
16 572   -0.0501578 -0.00542491 947.37
16 575   -0.0489868 -0.00938728 943.8
16 576   -0.0513289 -0.0114624 936.67
16 577   -0.0435771 -0.0109126 952.172
16 578   -0.0464234 -0.01135 944.962
16 579   -0.0421376 -0.0127191 956.489
16 580   -0.0433703 -0.0151947 953.574
16 581   -0.039701 -0.0118718 960.197
16 582   -0.0387183 -0.0133468 963.924
16 601   -0.0314996 -0.0335259 913.804
16 602   -0.0281583 -0.0310259 926.608
16 603   -0.0295501 -0.0280776 934.636
16 604   -0.0323916 -0.0291035 926.419
16 605   -0.0333914 -0.0320518 910.324
16 761   -0.0411459 0.0249987 927.011
16 762   -0.0391976 0.0261912 928.11
16 763   -0.00515915 -0.0249936 927.934
16 765   -0.0423505 0.0186868 961.51
16 766   -0.0429358 0.0207026 951.072
16 793   -0.0423636 -0.0198188 960.819
16 794   -0.0420414 -0.0170656 962.168
16 795   -0.00436249 0.0184623 968.44
16 796   -0.00456231 0.0202841 965.685
16 802   -0.00946157 0.0246419 953.029
16 818   -0.0329398 0.023087 961.508
16 819   -0.03485 0.0252983 953.736
16 837   -0.0117609 -0.0230278 954.905
16 838   -0.00947392 -0.0250068 946.649
16 855   -0.00467413 0.0117306 796.344
16 856   -0.00143208 -0.030557 777.949
16 858   0.00385712 -0.0336176 680.766
16 859   0.000214236 -0.0336176 710.898
16 860   0.00385555 0.0321533 680.857
16 866   0.00567304 0.0292456 685.768
16 869   0.0064146 0.0194138 771.584
16 870   0.00556619 0.0176016 781.62
16 871   0.00393936 0.01535 768.295
16 873   0.00462753 0.0119338 720.404
16 889   -0.0505633 -0.0249875 772.567
16 917   0.00162281 0.0144151 800.621
16 918   0.00301876 0.0144543 754.978
16 919   0.00176353 0.0130285 721.511
16 920   0.00119337 0.0136523 789.79
16 922   0.00136194 0.0125446 711.293
16 928   0.0024141 0.0129318 710.238
16 929   0.00323989 0.0135948 725.757
16 930   0.00420561 0.0131807 723.393
16 931   0.00403862 0.0124108 707.242
16 933   0.00333013 0.0122341 693.436
16 934   0.00267132 0.012341 697.215
16 951   0.000936842 -0.0128839 967.108
16 952   0.000647881 -0.0133165 966.729
16 953   0.000368626 -0.0126188 969.504
16 954   0.000706699 -0.012564 966.851
16 997   0.00451949 -0.0126671 872.121
16 998   0.00505714 -0.0125296 841.516
16 999   0.00412853 -0.012211 854.51
16 1000   0.00496177 -0.0119187 789.6
16 1002   0.0043229 -0.011923 799.106
16 1003   0.0046185 -0.0117681 781.458
16 1008   -0.0114937 -0.0210093 963.292
16 1047   0.00567856 -0.0294705 690.904
16 1048   0.00567856 -0.0322353 675.911
16 1049   -0.00271905 -0.0161406 910.925
16 1050   -0.00254299 -0.0180878 931.715
16 1058   -0.0335052 -0.0210259 968.548
16 1085   -0.0346579 -0.0252544 953.985
16 1086   -0.034339 -0.0277544 931.699
16 1096   -0.0499783 0.00575709 947.216
16 1097   -0.0499783 0.0107571 939.846
16 1100   -0.0399783 0.0107567 958.058
16 1101   -0.0399783 0.00575564 954.161
16 1113   -0.0314865 0.033529 913.566
16 1114   -0.0295228 0.028087 934.347
16 1115   -0.0280976 0.031029 926.223
16 1116   -0.0347945 0.0322114 904.081
16 1117   -0.0352113 0.0294227 914.917
16 1118   -0.0333286 0.0277983 933.376
16 1119   -0.000141717 -0.0133444 942.932
16 1120   0.000273258 -0.0132128 960.346
16 1121   0.000224146 -0.0128351 965.508
16 1122   -0.000652481 -0.0128633 908.752
16 1123   -8.31364e-05 -0.0128278 952.642
16 1124   -0.000298521 -0.0131056 935.075
16 1126   -0.000601798 -0.0125587 904.454
16 1127   -0.000272394 -0.0126122 930.136
16 1135   -0.0334906 0.021029 968.278
16 1136   -0.0356243 0.021029 954.213
16 1141   -0.0386395 0.0165031 969.371
16 1269   -0.0385952 -0.0212163 840.872
16 1270   -0.039342 -0.0199614 880.95
16 1271   -0.0401357 -0.0220342 966.563
16 1272   -0.0408825 -0.0207793 968.11
16 1287   -0.0370665 0.0218365 903.525
16 1288   -0.0410321 0.0218373 966.575
16 1289   -0.0403506 0.0234414 958.979
16 1290   -0.0384023 0.024634 957.764
16 1291   -0.0368429 0.0240479 966.237
16 1301   0.00665159 0.0165655 779.465
16 1304   0.0069923 0.0147861 781.167
16 1305   0.00512849 0.0151878 766.558
16 1306   0.00614389 0.0156867 776.944
16 1307   0.00709835 0.0129426 795.172
16 1308   0.00659065 0.013952 778.322
16 1309   0.00527966 0.0132933 749.175
16 1310   0.00557525 0.0140826 761.704
16 1311   0.00579864 0.0125859 760.046
16 1312   0.00660193 0.0123657 790.357
16 1313   0.0055256 0.0114564 749.058
16 1314   0.0053135 0.0119963 742.466
16 1316   0.0072044 0.0107843 866.509
16 1317   0.00670798 0.0114663 810.713
16 1318   0.00611679 0.0111466 774.648
16 1323   -0.00690881 -0.0108144 836.396
16 1325   -0.00815332 0.0218343 923.948
16 1326   -0.0081501 0.0235561 965.471
16 1327   -0.00683703 0.0233313 966.373
16 1332   -0.0072044 0.0115231 753.372
16 1340   -0.00705661 0.0110875 731.436
16 1341   -0.0073522 0.0107616 710.428
16 1342   -0.00690881 0.0104808 756.279
16 1343   -0.0074261 0.0102953 525.748
16 1344   -0.0072783 0.0105437 698.857
16 1345   -0.0071305 0.0104501 711.143
16 1348   -0.0072044 0.0102404 656.008
16 1349   -0.0073522 0.010163 470.319
16 1356   0.0073522 -0.0104485 639.008
16 1361   0.0072783 -0.0102399 548.683
16 1362   0.0074261 -0.0101624 342.468
16 1372   -0.00641108 0.0202195 782.426
16 1373   -0.00575294 0.0209679 923.337
16 1374   -0.00716932 0.0212352 818.528
16 1375   -0.00651118 0.0219836 946.025
16 1386   -0.00609592 0.0110777 710.315
16 1387   -0.00624372 0.0110003 704.173
16 1393   0.00609592 -0.0112304 714.332
16 1400   -0.00667015 -0.0240965 952.542
16 1401   -0.00808265 -0.0240305 956.906
16 1415   -0.00668711 0.0105969 751.28
16 1416   -0.00668711 0.010939 733.972
16 1417   -0.00639151 0.0109229 709.853
16 1430   -0.00419733 -0.0189685 949.579
16 1431   -0.00685707 -0.0184369 961.881
16 1432   -0.00471168 -0.0213326 962.282
16 1433   -0.00617013 -0.0196848 941.074
16 1434   -0.00479625 -0.0198563 964.04
16 1435   -0.00606432 -0.0222033 968.989
16 1436   -0.00679181 -0.021128 889.168
16 1501   -0.0374515 -0.0214348 862.24
16 1502   -0.036032 -0.0205129 920.115
16 1503   -0.0352132 -0.0215388 967.66
16 1534   -0.0510348 0.0337472 670.509
16 1555   -0.00674015 0.0192047 856.411
16 1556   -0.00664203 0.0170052 944.594
16 1557   -0.00588219 0.0181314 943.235
16 1558   -0.00690109 -0.015045 891.13
16 1559   -0.00441741 -0.0159536 901.968
16 1560   -0.00497231 -0.0173281 928.767
16 1561   -0.00625816 -0.0169681 927.921
16 1562   -0.00510435 -0.0147057 861.476
16 1563   -0.00630217 -0.0141572 859.898
16 1564   -0.00630603 -0.0130894 816.817
16 1565   -0.00512365 -0.0126996 746.606
16 1566   -0.00631376 -0.011611 782.56
16 1567   -0.00690495 -0.0123105 827.468
16 1569   -0.00542697 -0.011571 725.58
16 1570   -0.00483577 -0.0118808 708.769
16 1582   -0.0386077 -0.0188336 916.547
16 1584   -0.039826 -0.0168983 968.651
16 1585   -0.0387183 -0.0155647 968.478
16 1590   -0.00907214 0.0209734 949.147
16 1596   -0.0406413 0.0185156 968.848
16 1597   -0.0380697 0.0186682 947.124
16 1598   -0.0392092 0.0176713 967.993
16 1599   -0.0398771 0.02032 943.22
16 1600   -0.038445 0.0203091 789.415
16 1635   -0.00449977 0.012197 853.267
16 1636   -0.00451748 0.0119377 821.406
16 1637   -0.00423959 0.0118333 819.226
16 1638   -0.00406168 0.0122993 903.934
16 1639   -0.00415684 0.0120017 858.843
16 1640   -0.00428693 0.0121835 871.844
16 1641   -0.00366656 0.0121359 948.701
16 1642   -0.00388844 0.0122014 923.481
16 1643   -0.00397474 0.0120334 910.559
16 1646   -0.00367445 0.0119807 964.609
16 1647   -0.00383128 0.0119552 960.938
16 1666   -0.0498308 -0.028673 703.039
16 1667   -0.0503023 -0.0337715 671.465
16 1670   -0.0517674 -0.032543 673.344
16 1671   -0.0517674 -0.030086 686.18
16 1792   -0.0390461 -0.0336509 839.852
16 1793   -0.0358387 -0.0321768 899.373
16 1794   -0.0380938 -0.0281295 912.464
16 1795   -0.0360905 -0.0293536 912.465
16 1796   -0.0411515 -0.0323018 799.969
16 1797   -0.0399474 -0.0296037 882.215
16 1798   -0.0445723 -0.0336509 710.512
16 1799   -0.04677 -0.0324224 693.588
16 1800   -0.0462985 -0.0297809 722.377
16 1801   -0.0440684 -0.0255065 886.194
16 1802   -0.0439955 -0.0283396 816.895
16 1803   -0.0417979 -0.0282829 876.428
16 1804   -0.0406045 -0.0232996 958.551
16 1805   -0.0422081 -0.0247079 917.949
16 1806   -0.0415333 -0.0261918 908.026
16 1807   -0.0385931 -0.0260905 933.817
16 1808   -0.0396773 -0.0240936 956.828
16 1809   -0.0401821 -0.0254735 930.052
16 1810   -0.0362829 -0.024752 959.966
16 1811   -0.0377149 -0.025338 951.342
16 1812   -0.0384617 -0.0240831 964.418
16 1813   -0.0362594 -0.0230882 968.687
16 1814   -0.037439 -0.0229841 966.24
16 1820   -0.00450709 0.0312867 814.619
16 1821   -0.00141036 0.0264637 835.602
16 1822   -0.00135217 0.0328134 725.145
16 1823   0.000455856 0.0299667 718.136
16 1824   -0.00458019 0.0260322 907.167
16 1825   -0.00586889 0.0280086 896.381
16 1834   -0.0492247 0.0260077 760.439
16 1835   -0.0434806 0.0258132 889.096
16 1836   -0.0459495 0.0245321 870.139
16 1837   -0.0491201 0.0311769 686.36
16 1838   -0.0505853 0.0286713 701.064
16 1839   -0.0461897 0.0324296 697.734
16 1840   -0.0438254 0.0297944 782.265
16 1886   0.000719262 0.0180887 892.999
16 1887   0.00230999 0.0188214 847.743
16 1888   0.00363238 0.0176498 806.239
16 1889   0.00302095 0.0165265 808.347
16 1890   0.00120534 0.0151477 855.841
16 1891   0.00168288 0.0163635 854.241
16 1892   0.000703579 0.0167541 892.272
16 1893   -0.000763679 0.0154267 923.109
16 1894   0.000358429 0.0151176 894.655
16 1895   9.36506e-05 0.015959 903.455
16 1896   -0.000182672 0.0145284 906.505
16 1897   -0.000815128 0.0146421 927.078
16 1898   -0.000875338 0.0136903 934.785
16 1899   -0.00116858 0.0141203 943.312
16 1900   -0.00204526 0.0132241 969.163
16 1901   -0.00202467 0.0137328 967.408
16 1902   -0.00156701 0.0138857 958.406
16 1903   -0.00112856 0.0133854 949.663
16 1904   -0.00167122 0.0132302 967.963
16 1905   -0.001504 0.0135239 961.076
16 1906   -0.00101392 0.0128044 953.508
16 1907   -0.00113885 0.0131311 953.794
16 1908   -0.00145269 0.0130523 965.796
16 1909   -0.00156359 0.0125667 967.432
16 1910   -0.00122349 0.0126358 965.367
16 1911   -0.00143203 0.0128156 967.957
16 1913   -0.00126345 0.0124018 968.809
16 1914   -0.00144664 0.0123721 967.492
16 1950   -0.00207007 -0.0132575 845.938
16 1951   -0.00271343 -0.0140888 869.088
16 1952   -0.00419919 -0.0130451 747.944
16 1953   -0.00418375 -0.0139833 816.424
16 1955   -0.00328632 -0.0124346 720.897
16 1956   -0.00262751 -0.0125415 752.787
16 1959   -0.0511395 0.0177503 906.831
16 1960   -0.045797 0.0168076 935.25
16 1961   -0.0485181 0.0154681 927.039
16 1962   -0.0497789 0.0205006 889.004
16 1963   -0.0470579 0.0197595 910.741
16 1980   -0.00963043 -0.0215139 969.132
16 1981   -0.00894542 -0.0205046 954.129
16 1982   -0.00850627 -0.0225562 969.042
16 1983   -0.00782126 -0.0215469 929.723
16 2007   0.000173965 -0.0275374 806.478
16 2008   0.00364172 -0.0278333 725.615
16 2009   0.00470348 -0.024357 811.542
16 2010   0.00245125 -0.0224649 891.58
16 2011   -0.00123834 -0.021656 919.881
16 2012   0.000350936 -0.0234648 895.052
16 2013   -0.000864589 -0.0250611 889.426
16 2014   -0.00310025 -0.0241559 917.791
16 2015   -0.00325861 -0.0223881 936.61
16 2065   -0.0511077 -0.017253 909.185
16 2066   -0.0483231 -0.0182536 913.989
16 2067   -0.0499366 -0.0144627 926.45
16 2068   -0.0473732 -0.0139254 936.808
16 2069   -0.0457597 -0.0159636 938.702
16 2070   -0.000206245 0.0129592 901.8
16 2071   0.000506701 0.0134804 845.211
16 2072   -9.46067e-05 0.0138492 900.863
16 2073   -0.000433825 0.0135331 913.006
16 2074   0.000889996 0.0127541 737.777
16 2075   0.000604917 0.013066 800.776
16 2076   0.000231188 0.012861 841.259
16 2079   0.00068097 0.0125223 730.305
16 2080   0.000351566 0.0125758 759.462
16 2162   0.00118487 -0.012665 947.343
16 2164   0.00164759 -0.012405 857.489
16 2165   0.00148962 -0.0127879 928.356
16 2188   -0.0151875 0.0252818 940.703
16 2189   -0.0154811 0.0211117 950.194
16 2190   -0.0172869 0.023335 943.373
16 2191   -0.0110369 0.0238935 955.959
16 2192   -0.0131193 0.0240318 949.264
16 2193   -0.0136439 0.022085 954.444
16 2194   -0.0118238 0.0209734 963.774
16 2195   -0.0106443 0.0219467 966.559
16 2196   0.00475956 0.0256414 713.974
16 2197   0.00658652 0.0241264 721.497
16 2198   0.00550112 0.0216252 757.668
16 2199   -9.55324e-06 0.0247258 835.995
16 2200   -0.000353389 0.0225701 888.277
16 2201   0.00276068 0.0246247 753.715
16 2202   0.00350224 0.0220624 781.368
16 2203   0.00224493 0.0206642 836.577
16 2293   0.00665016 -0.0106927 730.946
16 2294   0.00701966 -0.0114886 749.132
16 2295   0.00731525 -0.0110863 722.027
16 2296   0.00650236 -0.0107701 707.473
16 2297   0.00716745 -0.010669 710.894
16 2298   0.00687186 -0.0105765 746.917
16 2299   0.00635457 -0.0108475 689.749
16 2300   0.00650236 -0.0112649 732.406
52 281   -0.00502756 -0.00107329 877.696
52 282   -0.0047822 0.00126654 889.83
52 283   0.00134287 0.00235129 897.244
52 284   -0.000726337 0.00118711 899.882
52 285   -0.00651424 0.00264808 882.111
52 286   0.00323289 0.0011782 890.07
52 287   -0.000787125 -0.00104122 898.402
52 288   0.00117669 -0.0021834 902.118
52 289   -0.00261041 0.0023428 902.418
52 290   0.0031275 -0.00112814 896.52
52 291   0.00291953 -0.00562746 925.994
52 292   0.0051465 0.00212804 871.627
52 293   0.00112515 -0.00426433 909.607
52 294   -0.00246237 0.0044384 913.299
52 295   -0.00405273 0.00565845 926.983
52 296   0.00674778 0.000891615 851.939
52 297   -0.00817425 0.00205397 828.307
52 298   -0.006671 -0.00190662 853.466
52 299   0.00836029 0.00141237 833.758
52 300   0.00257728 -0.00731087 948.533
52 301   -0.00825183 -0.00123834 842.784
52 302   -0.00365593 0.00722574 950.733
52 303   -0.00918891 0.0031444 798.156
52 304   -0.00874545 0.000667473 794.971
52 305   0.0104039 -0.00245805 733.522
52 306   -0.00891163 -0.000409966 816.912
52 307   0.00330438 -0.00835799 964.564
52 308   -0.00234735 0.00770329 953.531
52 309   0.00945341 0.000360094 783.826
52 310   0.0109126 -0.0032921 730.069
52 311   0.00407953 -0.00878395 968.513
52 312   -0.010539 0.00456773 757.39
52 313   -0.0101166 0.00238355 746.251
52 314   -0.00240835 0.00877566 966.998
52 315   -0.00326029 0.0091077 969.24
52 316   -0.0108046 0.0028288 733.434
52 317   -0.00987563 0.000864145 740.494
52 318   0.0107679 -0.0015356 711.291
52 319   -0.0102321 0.00148979 729.201
52 320   -0.00182824 0.00931991 969.067
52 321   -0.0109534 0.00360103 734.207
52 322   -0.0113279 0.00218236 716.227
52 323   0.00252204 -0.00913881 969.139
52 324   0.00183373 -0.00923025 969.079
52 325   -0.0100705 -0.000779314 761.603
52 326   0.0037199 -0.00982632 968.38
52 327   0.00408635 -0.0103808 968.442
52 328   0.00176998 -0.00995444 958.679
52 329   -0.00246674 0.0102471 945.085
52 330   0.00133926 -0.0102593 942.537
52 331   -0.0108856 0.00122311 705.556
52 332   0.00316235 -0.010036 963.709
52 333   0.00273965 -0.00977443 966.146
52 334   -0.0103336 -0.000289151 726.477
52 335   -0.00200014 0.00997151 958.134
52 336   -0.0103048 0.000276869 720.534
52 337   -0.0112934 0.00147043 703.011
52 338   0.00227349 -0.0101952 946.482
52 339   -0.00151608 0.0103527 934.915
52 340   0.0113877 -0.00125766 696.277
52 341   -0.00319289 0.011151 944.96
52 342   -0.00156294 0.0107839 887.288
52 343   -0.0110122 0.000682695 696.506
52 344   -0.0108317 -0.000432258 705.739
52 345   -0.00235587 0.0107492 892.406
52 346   0.00235302 -0.0106245 908.527
52 347   -0.0107879 0.000362097 700.95
52 348   0.00305326 -0.0105568 948.156
52 349   0.00142053 -0.0107265 899.039
52 350   -0.00193613 0.0109048 857.383
52 351   -0.0110147 -3.76822e-05 695.359
52 352   -0.0116579 0.00113308 692.853
52 353   -0.002823 0.0111774 865.798
52 354   -0.00255729 0.0110272 856.911
52 355   0.00171389 -0.0109726 851.373
52 356   0.00271009 -0.0107245 914.862
52 357   0.00216761 -0.0109215 855.259
52 358   0.011702 -0.00125272 692.974
52 359   -0.0113667 0.000543735 686.446
52 360   -0.0113042 -6.42574e-05 687.543
52 361   0.00195072 -0.0110432 827.203
52 362   0.00299698 -0.0111958 904.816
52 363   -0.0114318 0.000196562 682.707
52 364   0.00272375 -0.0110452 875.698
52 365   -0.00191033 0.0112013 800.315
52 366   0.00296131 -0.011425 870.502
52 367   -0.0116476 0.000834244 686.485
52 368   -0.0115523 0.000663667 684.279
52 369   0.00255714 -0.0111965 820.565
52 370   0.00235807 -0.0111729 805.969
52 371   -0.00234688 0.0112654 781.291
52 372   -0.00211966 0.0112839 773.855
52 373   0.00202536 -0.0113619 754.558
52 374   -0.00278531 0.0114866 803.448
52 375   -0.011617 0.000155548 677.845
52 376   0.0027276 -0.0114654 787.593
52 377   0.00259666 -0.0113875 776.94
52 378   0.00229603 -0.0113561 751.128
52 379   -0.0118426 0.00072078 682.066
52 380   0.00218022 -0.0114234 712.033
52 381   -0.0117093 0.000498615 678.429
52 382   0.0117485 -0.000329885 674.318
52 383   -0.00241266 0.0114176 732.284
52 384   -0.00263757 0.0115068 746.235
52 385   -0.0118246 0.000566337 678.366
52 386   -0.00251778 0.011478 711.312
52 387   0.00248824 -0.0114755 708.713
52 388   0.00268114 -0.0115906 730.535
52 389   -0.0116804 5.5032e-05 676.806
52 390   -0.0116968 0.000290324 675.853
52 391   -0.0117315 0.000379957 675.959
52 392   0.00238669 -0.0114677 687.699
52 393   0.0117588 -0.000148765 673.638
52 394   0.0118037 -0.000229506 672.295
52 395   -0.0022041 0.0115014 649.019
52 396   -0.0023054 0.0114911 654.774
52 397   -0.00246764 0.0115883 551.037
52 398   -0.00219693 0.0115884 521.692
52 399   -0.0118368 0.000350927 673.201
52 400   -0.0119 0.000382323 672.905
52 401   -0.00233351 0.0115719 530.094
52 402   -0.00239063 0.0116087 461.997
52 403   -0.00257731 0.0116455 564.533
52 404   -0.00265811 0.0116145 698.49
52 405   -0.00250664 0.0116481 466.73
52 406   -0.00227342 0.0116168 441.299
52 407   0.0119012 -0.000238836 669.895
52 408   -0.00228419 0.0116714 289.077
52 409   -0.00232953 0.0116917 184.711
52 410   -0.00247211 0.0116979 311.503
52 411   0.0119946 -0.000269057 676.858
52 412   0.0023478 -0.0117656 2.59432
52 413   0.00837287 -0.00426383 854.517
52 414   0.00808093 -0.00693576 907.588
52 415   0.0076543 -0.00830155 956.751
52 416   0.00816739 -0.00786618 923.227
52 492   0.00918918 -0.00641981 878.739
52 493   0.0104209 -0.00465934 764.041
52 494   0.00939856 -0.0051084 830.82
52 510   0.00456921 -0.0104875 966.583
52 514   0.00495697 -0.010339 948.376
52 571   -0.00107829 0.0103035 941.461
52 600   -0.00232783 0.0117261 64.5093
52 635   -0.0119549 0.000347106 671.46
52 636   -0.0119034 0.000512843 676.396
52 637   -0.0119165 0.000445307 674.508
52 653   -0.0119471 0.000313231 670.481
52 655   -0.0119758 0.000313545 670.34
52 656   -0.0119719 0.000296607 669.731
52 657   -0.0119872 0.000291947 669.701
52 658   0.01192 -0.000276196 669.718
52 659   0.0117216 -0.000882556 685.392
52 660   0.0118427 -0.000793565 682.62
52 661   0.0102754 0.000691126 738.82
52 664   0.0106004 0.000179742 708.981
52 665   0.00450931 -0.00535795 921.115
52 666   0.00705189 -0.00479754 896.585
52 667   0.00696933 -0.00615806 914.071
52 668   0.00577516 -0.00674089 939.157
52 669   0.00441711 -0.00228058 897.276
52 670   0.00468626 -0.00405118 907.21
52 671   0.00603467 -0.0040736 899.763
52 672   0.00645063 -0.000660457 863.902
52 673   0.00541817 -0.00174159 887.632
52 674   0.00611289 -0.00286441 888.748
52 675   0.00732448 -0.0012371 847.677
52 676   0.00696622 -0.00232944 869.218
52 677   0.00906561 -0.00243454 787.145
52 678   0.00820899 -0.00300492 835.28
52 679   0.00914306 -0.000452115 771.813
52 680   0.00827927 -0.000967148 811.081
52 681   0.00877764 -0.00148911 789.639
52 682   0.0102002 -0.00124247 722.163
52 683   0.00973457 -0.000728663 740.55
52 684   0.00954828 -0.00121948 750.712
52 685   0.0105713 -0.000308843 706.189
52 686   0.0102783 -0.000625238 716.117
52 687   0.0104947 -0.000878067 709.747
52 688   0.0110209 -0.00033417 692.828
52 689   0.0107933 -0.000401562 699.346
52 690   0.0108099 -0.000725376 700.272
52 691   0.0111894 -0.000875043 693.21
52 692   0.0110972 -0.000561082 691.776
52 693   0.0109778 -0.000754888 696.36
52 694   0.0112599 -0.000604311 688.318
52 695   0.0113576 -0.000758162 688.397
52 697   0.0108689 0.000431812 703.155
52 700   0.0110987 -0.000134974 690.779
52 701   0.0112312 0.000247105 690.413
52 702   0.0110314 0.00017612 694.934
52 703   0.0113451 5.56492e-05 685.253
52 704   0.0112812 -0.000145344 685.722
52 705   0.011538 1.30809e-05 680.168
52 706   0.0116033 -0.000114138 677.501
52 707   0.0116113 -0.000335189 677.578
52 708   0.0115109 -0.000200183 679.586
52 709   0.0113818 -0.000273958 683.039
52 710   0.0115801 -0.00045511 679.538
52 711   0.0116247 -0.000739836 683.494
52 712   0.0115152 -0.000707406 684.603
52 713   0.0114332 -0.000439742 682.686
52 714   0.0114175 -0.000553555 684.27
52 715   0.0118005 -0.000667059 679.987
52 716   0.0116682 -0.000554359 679.326
52 717   0.0116796 -0.000648346 680.958
52 718   0.0119037 -0.000536074 676.242
52 719   0.0117532 -0.000548326 677.902
52 720   0.0118251 -0.000597817 678.238
52 721   0.0118117 -0.00040262 674.073
52 722   0.0117929 -0.000484926 676.041
52 723   0.0118772 -0.000470176 674.771
52 724   0.0119562 -0.000377686 671.974
52 725   0.0118813 -0.000366466 672.292
52 726   0.0119108 -0.000409276 673.041
52 727   0.0119121 -0.000306423 670.441
52 728   0.0119077 -0.000333287 671.135
52 729   0.0119436 -0.000342849 671.03
52 730   0.0119397 -0.000308475 670.099
52 731   0.0119565 -0.000323496 670.44
52 733   -0.0062215 -0.00384041 850.798
52 734   -0.00422169 -0.00633575 864.55
52 735   -0.00524315 -0.0077464 825.356
52 736   -0.00549823 0.0054293 917.535
52 737   -0.0063674 0.00445948 900.249
52 738   -0.0077151 0.00522426 893.253
52 739   -0.0088766 0.00450329 842.511
52 740   -0.00961385 0.00509432 823.592
52 741   -0.00756885 0.00616073 906.653
52 742   -0.00654835 0.00659257 927.637
52 743   -0.00636342 0.00750394 951.454
52 744   -0.0084015 0.00684651 899.321
52 745   -0.00839225 0.00769658 909.225
52 746   -0.00789648 0.00846572 955.637
52 747   -0.00786412 0.00779681 932.745
52 748   -0.00710252 0.00780505 951.179
52 749   -0.00738769 0.00857851 967.361
52 750   -0.00688206 0.0083694 967.295
52 751   -0.00701991 0.00923899 903.563
52 752   -0.00727588 0.00902164 955.289
52 753   0.0049004 -0.00850658 968.044
52 754   0.00573335 -0.00778015 960.659
52 755   0.00707759 -0.00843234 967.182
52 756   0.00643728 -0.00825854 967.146
52 757   0.00694826 -0.00925919 896.337
52 758   0.00720481 -0.0090415 949.291
52 772   -0.00398188 0.00869588 968.317
52 773   -0.00443852 0.00788629 961.481
52 774   -0.00541218 0.00794208 963.799
52 775   -0.00541969 0.0086796 969.121
52 776   -0.0047134 0.00906274 968.789
52 777   -0.00590141 0.00907003 953.893
52 778   -0.00639637 0.00886351 959.654
52 779   -0.00664602 0.00928997 900.645
52 780   -0.00651487 0.00972054 817.202
52 781   0.00590493 -0.0100767 806.171
52 782   0.00529931 -0.0092212 960.147
52 783   0.00523265 -0.00990458 927.86
52 784   0.00571105 -0.010151 855.212
52 785   0.0062201 -0.00879008 965.473
52 786   0.00591509 -0.00902632 954.808
52 787   0.00660387 -0.00918157 918.602
52 788   0.00648317 -0.00945198 871.296
52 789   0.00611454 -0.00938363 908.851
52 790   0.00657101 -0.00974729 805.521
52 798   0.00510195 0.00401919 864.604
52 799   0.00630633 0.00651403 837.353
52 800   0.00775981 0.00469109 803.522
52 801   0.00649165 0.00492835 838.378
52 809   -0.00482737 0.0105535 960.135
52 810   -0.00470028 0.00964961 962.773
52 811   -0.00511381 0.0102319 935.234
52 812   -0.00514755 0.00979566 943.15
52 813   -0.00587822 0.00993194 838.573
52 814   -0.00564239 0.00959921 918.926
52 816   -0.00546379 0.0103622 892.08
52 817   -0.00573336 0.0102587 832.338
52 826   0.00170227 0.00414602 896.811
52 827   0.00369008 0.00617889 873.307
52 828   0.00354774 0.00486409 881.013
52 829   0.00203096 0.00672514 893.781
52 830   0.00289611 0.00678072 880.921
52 831   0.00186619 0.00772992 892.158
52 832   0.00309556 0.00777611 866.229
52 833   0.00242704 0.0080957 874.835
52 834   0.00343637 0.00895214 838.394
52 835   0.00426126 0.00834563 846.972
52 836   0.0036124 0.00830395 849.162
52 966   -0.0021927 -0.00218133 894.492
52 967   -0.00364044 -0.0022694 886.067
52 968   -0.00463523 -0.00414814 871.148
52 969   -0.00373446 -0.00511476 878.259
52 970   -0.000445443 -0.00474653 905.367
52 971   -0.00179948 -0.0038057 896.568
52 972   -0.00234645 -0.00486038 893.064
52 973   -0.000403838 -0.00576629 908.686
52 974   -0.00158098 -0.00583611 899.005
52 975   0.00120278 -0.00729166 937.955
52 976   0.000289524 -0.00658287 918.552
52 977   -0.000131064 -0.00730099 918.821
52 978   0.00140391 -0.00880207 964.273
52 979   0.00115483 -0.00802256 948.878
52 980   0.000409554 -0.00799698 936.366
52 981   0.00091485 -0.0090585 964.488
52 982   0.000455475 -0.00863806 948.744
52 983   -0.00227321 -0.0090713 835.49
52 984   -0.00170215 -0.00691666 897.052
52 985   -0.000945599 -0.00756496 906.782
52 986   -0.00100735 -0.00953512 895.895
52 987   -0.00100359 -0.00847723 906.153
52 988   -0.00145552 -0.00893535 888.595
52 989   9.79615e-05 -0.00888081 943.405
52 990   -0.00038422 -0.00882785 923.236
52 991   -0.00054029 -0.00933254 917.225
52 992   0.00017542 -0.0092842 955.252
52 993   -0.000236865 -0.00950686 935.486
52 995   -0.000260129 -0.00977929 934.098
52 996   3.57341e-05 -0.00982584 960.178
52 1074   0.00872537 0.00253017 839.297
52 1075   0.00833646 0.0036633 817.6
52 1082   0.00118645 0.00814713 902.929
52 1146   -0.00897494 -0.00237677 847.151
52 1147   -0.00858604 -0.0035099 826.944
52 1152   0.0119774 -0.000314989 670.218
52 1193   -0.00237149 0.0117381 34.1246
52 1194   -0.00234937 0.0117346 36.3014
52 1195   -0.00234271 0.0117468 11.4476
52 1196   0.00252044 -0.0115667 630.564
52 1197   0.00258239 -0.0116039 634.276
52 1198   0.00254772 -0.0116662 485.618
52 1199   0.00241852 -0.0116153 462.191
52 1200   0.00249512 -0.0116559 443.411
52 1201   0.00247642 -0.0116022 536.262
52 1202   0.0024587 -0.0116792 340.859
52 1203   0.00241815 -0.0116611 350.155
52 1204   0.00240456 -0.0117135 134.665
52 1205   0.00239281 -0.0116844 251.718
52 1217   0.00218409 -0.0115547 586.604
52 1219   0.00224116 -0.0115684 543.834
52 1220   0.00222773 -0.0116256 436.158
52 1221   0.0023554 -0.0115425 590.778
52 1222   0.0023005 -0.0115548 558.734
52 1223   0.00238172 -0.0115945 488.466
52 1224   0.00227615 -0.0116298 409.695
52 1225   0.00234335 -0.0116184 429.748
52 1226   0.00231031 -0.0115951 481.227
52 1227   0.00232939 -0.0116519 338.314
52 1228   0.00228358 -0.0116885 224.553
52 1229   0.00228964 -0.0116572 331.809
52 1230   0.0023645 -0.0116835 237.339
52 1231   0.00233908 -0.0116729 270.665
52 1232   0.0023165 -0.0116925 193.111
52 1233   0.00236044 -0.0117042 139.128
52 1234   0.00232484 -0.0117268 55.4888
52 1235   0.00233199 -0.0117093 112.803
52 1236   0.00237113 -0.0117198 84.1472
52 1237   0.00238693 -0.0117282 67.8639
52 1243   -0.0117666 0.000217461 673.699
52 1244   -0.0117648 0.000148156 673.948
52 1245   -0.0118194 0.000149425 672.648
52 1246   -0.0118407 0.000283072 672.081
52 1247   -0.0118372 0.00019822 671.887
52 1248   -0.0118052 0.000239239 672.721
52 1249   -0.0119138 0.000223303 669.852
52 1250   -0.0118703 0.000220677 670.987
52 1251   -0.0118785 0.000263876 670.95
52 1252   -0.0119285 0.000253484 669.488
52 1253   -0.0119267 0.000290265 670.116
52 1254   -0.0119091 0.000273548 670.243
52 1255   -0.0119606 0.000283931 669.309
52 1256   -0.0119482 0.000262499 669.07
52 1257   -0.0119441 0.000277903 669.462
52 1258   -0.0119671 0.000260426 668.534
52 1259   -0.0119826 0.000280593 669.061
52 1260   -0.0119718 0.000269449 668.612
52 1261   -0.0119694 0.000277551 668.953
52 1262   -0.0119951 0.0002759 669.455
52 1263   -0.011988 0.000274978 668.826
52 1264   -0.0119827 0.000269206 668.365
52 1402   -0.00418177 0.0100072 967.42
52 1403   -0.00434261 0.0104749 968.385
52 1404   -0.00369275 0.00997147 967.807
52 1405   -0.00325384 0.00969293 968.561
52 1406   -0.00287296 0.0100738 960.189
52 1407   -0.00364022 0.0107295 968.479
52 1408   -0.0033137 0.0108249 959.47
52 1409   -0.00347513 0.0103047 965.461
52 1410   -0.00314861 0.0104 956.421
52 1412   -0.00415346 0.0108122 969.193
52 1413   -0.00388389 0.0109157 968.624
52 1419   -0.00619491 0.00999222 763.061
52 1420   -0.00632289 0.00988355 798.442
52 1425   0.0063786 -0.00991055 784.281
52 1428   0.00613825 -0.00973336 839.498
52 1429   0.00606601 -0.00998522 781.533
52 1456   -0.00439049 -0.00793754 846.075
52 1457   -0.00305345 -0.00857671 840.129
52 1458   -0.00276634 -0.0075634 875.88
52 1459   -0.00358279 -0.00722053 866.004
52 1462   -0.00375316 -0.00888865 852.965
52 1463   -0.00427375 -0.00859234 845.851
52 1483   -0.00565686 -0.00710327 824.469
52 1484   -0.0054431 -0.00640962 843.875
52 1485   -0.00648945 -0.00615874 836.748
52 1488   -0.0065121 -0.007083 836.299
52 1489   -0.00689431 -0.00662178 840.271
52 1504   -0.00945459 0.00621125 868.139
52 1505   -0.0091154 0.00679091 886.83
52 1689   0.00242484 -0.0117225 129.312
52 1690   0.00245365 -0.0117115 234.589
52 1742   0.00111157 0.00876808 902.233
52 1743   0.00106103 0.00958824 893.336
52 1744   0.00187465 0.00946021 839.528
52 1745   0.00150574 0.0089091 888.549
52 1746   0.00140651 0.00933083 882.251
52 1747   0.00228941 0.00863066 863.773
52 1748   0.0020722 0.00922607 840.748
52 1749   0.00187557 0.00885091 874.332
52 1750   0.00296401 0.00895458 813.75
52 1751   0.00256983 0.00881355 839.716
52 1752   0.00240224 0.0091981 818.875
52 1755   0.00264849 0.00936241 788.25
52 1756   0.00294435 0.00931585 783.051
52 1826   -0.00242172 0.0117295 99.5443
52 1827   -0.00243573 0.0116996 252.304
52 1828   -0.00238929 0.0117266 78.3062
52 1829   -0.00239324 0.0116703 305.078
52 1830   -0.00236887 0.0116888 213.092
52 1941   0.00460956 0.00787338 842.766
52 1942   0.00549155 0.00694746 828.687
52 1943   0.00462641 0.00689188 851.654
52 1946   0.00521442 0.00807712 827.015
52 1947   0.00573501 0.00778081 810.402
52 1969   -0.000889759 0.00506101 913.211
52 1970   0.00128893 0.0060513 902.046
52 1971   0.000670007 0.0047592 903.406
52 1972   -0.00146716 0.0072844 940.952
52 1973   -0.000875919 0.00623284 921.811
52 1974   0.000322446 0.00656064 911.737
52 1975   -0.000694916 0.00777456 938.458
52 1976   0.000563698 0.00793433 914.534
52 1977   0.000205783 0.00736906 917.612
52 1978   -1.02335e-05 0.00835958 932.136
52 1979   -0.000663768 0.00832009 946.851
52 1984   -0.00716963 -0.00581373 827.31
52 1985   -0.00722232 -0.00453588 827.743
52 1986   -0.00820049 -0.00430708 791.234
52 2021   0.00390059 -0.0108814 968.958
52 2023   0.00335512 -0.0111661 961.571
52 2024   0.00342505 -0.0108478 962.489
52 2039   -0.00205105 0.0114186 734.131
52 2040   -0.00211722 0.0114741 692.263
52 2210   0.00095732 -0.00999541 958.121
52 2211   0.000841797 -0.00953156 969.295
52 2212   0.000343457 -0.00978373 957.086
52 2213   0.000459879 -0.0095145 968.026
52 2215   0.000753709 -0.0102235 943.597
52 2216   0.000521764 -0.0100289 944.262
52 2219   -0.000977191 0.00879179 960.636
52 2220   -0.00130842 0.0092094 968.243
52 2221   -0.000990167 0.00999869 957.705
52 2222   -0.0010949 0.00962487 968.836
52 2223   4.51418e-05 0.00886472 937.875
52 2224   0.00054419 0.00906041 918.281
52 2225   0.000592888 0.00945886 915.311
52 2226   -0.000631637 0.00903706 960.955
52 2227   -0.000262839 0.0090705 953.025
52 2228   -0.000744885 0.00943278 968.808
52 2236   0.000321374 0.00970464 929.458
52 2239   -0.000121445 0.009424 957.483
52 2240   -3.62794e-05 0.00986245 962.623
52 2241   8.73028e-05 0.00963994 949.249
52 2242   -0.000530078 0.00956911 968.941
52 2243   -0.000214619 0.00976611 965.776
52 2244   -0.000275436 0.00952689 965.962
52 2245   -0.000675764 0.0100113 953.138
52 2246   -0.000372836 0.00984285 945.75
52 2247   -0.000565686 0.00977382 965.831
52 2250   -0.000553156 0.0101393 938.816
52 2251   -0.00041267 0.0100214 927.852
52 2255   0.00238451 -0.011746 20.7109
52 2259   0.011968 -0.00026255 668.371
52 2260   0.0119488 -0.000268009 668.97
52 2261   0.0119515 -0.000292314 669.517
52 2262   0.0119765 -0.000280443 669.008
52 2263   0.0119748 -0.000301066 669.778
52 2264   0.0119656 -0.000293412 669.43
52 2284   -0.00237623 0.0117516 11.8867
52 2285   -0.00235382 0.0117506 8.63571
52 2286   -0.00236478 0.0117598 5.54616
52 2287   -0.00236521 0.011752 9.10867
52 2288   -0.00235505 0.0117653 3.13142
52 2291   -0.00235016 0.0117571 5.66619
52 2292   -0.00235594 0.0117606 4.46516
52 2318   0.0119861 -0.000293433 669.753
52 2321   0.0119866 -0.000283049 669.876
52 2322   0.0119931 -0.000276781 672.396
52 2323   0.00236053 -0.0117326 39.8295
52 2324   0.00234564 -0.0117515 7.02377
52 2325   0.00234269 -0.0117346 29.1602
52 2326   0.00233706 -0.0117443 11.7992
52 2327   0.00237212 -0.0117467 14.08
52 2328   0.00236394 -0.0117418 17.5215
52 2329   0.0023547 -0.0117509 7.24164
52 2330   0.00235457 -0.011759 3.73246
52 2331   0.00236341 -0.0117573 5.31977
end
