529
52 307   -0.00287285 -0.0022061 698.24
52 308   -0.00102635 -0.00544328 701.864
52 309   0.0010606 -0.004387 701
52 310   0.00139208 0.00223106 698.702
52 311   0.00134263 0.0044113 700.428
52 312   -0.00263081 0.00225445 698.519
52 313   0.0032841 0.00107055 696.891
52 314   -0.000769571 -0.00107915 698.643
52 315   -0.000678697 0.00111978 698.687
52 316   -0.00468317 -0.0010514 696.25
52 317   0.00113852 -0.00213894 698.894
52 318   -0.00305171 -0.00432217 699.598
52 319   -0.004532 0.00121022 696.163
52 320   -0.00256076 0.00437646 700.898
52 321   0.0108073 -0.000768772 685.046
52 322   -0.00664475 -0.00196288 694.572
52 323   0.00312142 -0.00110052 697.039
52 324   -0.01045 -0.00303014 690.364
52 325   -0.000658098 0.00542203 702.385
52 326   0.00309092 0.00549693 700.463
52 327   0.00693075 0.000504302 691.798
52 328   -0.00994538 -0.00102733 688.358
52 329   0.00516889 0.00188842 695.161
52 330   -0.00807526 -0.000549977 691.531
52 331   0.00677137 -0.00133224 691.475
52 332   0.00484682 -0.00211919 695.219
52 333   0.0100587 0.00103004 686.103
52 334   -0.00485784 -0.00535283 698.919
52 335   -0.00618473 0.00216568 693.741
52 336   0.00484945 -0.00393855 697.187
52 337   0.00838845 0.00143522 689.995
52 338   -0.00409241 0.00531092 702.28
52 339   -0.00776641 0.00131696 691.07
52 340   0.00550525 0.00351834 696.056
52 341   -0.00699926 -0.00362544 695.807
52 342   0.00473893 0.00488413 698.114
52 343   0.00644518 -0.0046014 693.757
52 344   0.0082168 0.00333905 692.422
52 345   -0.00641684 0.00375132 693.581
52 346   0.00793427 -0.0024153 688.866
52 347   -0.00560757 0.00482291 697.785
52 348   -0.00510901 -0.00694809 698.329
52 349   -0.00624649 -0.00485097 697.928
52 350   -0.0102414 0.0023525 686.091
52 351   0.0101271 -0.00230548 684.359
52 352   0.00709547 0.00403805 695.089
52 353   -0.00889693 0.00239649 688.666
52 354   -0.00946861 -0.00436904 692.414
52 355   0.00675076 -0.005844 696.288
52 356   -0.0083157 -0.00426094 695.458
52 357   0.00760544 -0.00386511 689.029
52 358   -0.00653254 0.00593864 698.691
52 359   0.00583979 0.00583402 697.98
52 360   0.00908366 -0.00252065 686.589
52 361   0.0107673 -0.00370568 684.246
52 362   -0.00778721 0.00413445 689.342
52 363   0.00706429 0.00528681 697.287
52 364   -0.0107748 0.00356804 685.764
52 365   -0.00868562 0.00362834 688.125
52 366   0.00859565 -0.00445705 685.809
52 367   -0.0072332 -0.00580615 699.809
52 368   -0.00759997 0.00582007 687.246
52 369   0.00593074 0.00669378 697.765
52 370   0.00776065 0.00587627 699.198
52 371   -0.00996161 -0.00555954 693.779
52 372   0.0100143 -0.00438593 685.198
52 373   -0.00812608 -0.00543703 698.919
52 374   0.00928465 -0.00386388 685.608
52 375   -0.00804537 0.00508746 686.652
52 376   0.00558547 0.00733849 695.716
52 377   -0.00943002 0.00428472 686.67
52 378   -0.0101747 0.00426842 687.145
52 379   0.00749574 0.0066719 702.081
52 380   0.00689033 0.0069422 700.04
52 381   -0.0081796 0.00638208 678.673
52 382   0.00875318 -0.0052054 683.607
52 383   -0.00934709 -0.00599302 699.586
52 384   -0.00866447 -0.00597861 701.23
52 385   0.00692067 0.00762638 700.811
52 386   -0.00881405 0.00527659 684.128
52 387   -0.00930029 0.00497997 685.502
52 388   -0.0104413 0.00496411 688.416
52 389   -0.00809867 -0.00688934 708.099
52 390   0.00805846 0.00701359 707.153
52 391   0.0100782 -0.0051009 685.453
52 392   -0.0085264 -0.00659857 706.487
52 393   -0.00759524 -0.00787877 710.051
52 394   0.00739807 0.00786502 706.112
52 395   -0.00879502 0.00616654 678.76
52 396   -0.00898407 0.00579366 681.386
52 397   0.00906523 -0.00613752 677.971
52 398   -0.00822662 -0.00739805 716.713
52 399   -0.00971993 0.00534532 685.646
52 400   0.00934075 -0.00536838 682.667
52 401   -0.0101163 0.00534577 687.848
52 402   0.00969682 -0.00531349 683.955
52 403   0.0080411 0.00741013 711.294
52 404   -0.00802035 -0.00770133 718.065
52 405   0.00923936 -0.00642863 675.595
52 406   0.00779169 0.00766764 710.105
52 407   -0.00912778 0.00643109 676.415
52 408   0.00747713 0.00821247 708.096
52 409   -0.00767082 -0.00823526 711.935
52 410   0.00934852 -0.00580468 680.503
52 411   -0.00939941 0.00587127 681.752
52 412   0.0104323 -0.00535792 686.892
52 413   -0.00964902 0.00571955 684.251
52 414   -0.0102568 0.0057282 689.66
52 415   0.00839264 0.00756025 721.593
52 416   0.00965318 -0.00591181 681.356
52 417   0.0098685 -0.00570389 683.819
52 418   0.0101115 -0.00581654 685.953
52 419   0.00803723 0.00791216 717.465
52 420   0.00805409 0.00815268 718.19
52 421   0.0102939 -0.00568316 687.019
52 422   0.00829992 0.00782853 727.315
52 423   -0.00823286 -0.00797516 731.913
52 424   0.00788761 0.00825562 711.843
52 425   0.00972257 -0.00613683 680.436
52 426   -0.00987214 0.00591335 685.739
52 427   0.00959204 -0.0063208 677.26
52 428   -0.0100836 0.00592155 688.905
52 429   -0.00940349 0.00632034 677.782
52 430   -0.00948607 0.0061334 680.166
52 431   -0.00818357 -0.0081921 730.739
52 432   0.00863477 0.00796722 758.403
52 433   0.00844031 0.00797602 744.582
52 434   -0.00804664 -0.00827476 719.095
52 435   -0.00959148 0.00645143 677.109
52 436   -0.00983061 0.00611137 684.644
52 437   -0.00969414 0.0061797 681.718
52 438   -0.0101607 0.00612406 692.034
52 439   0.00973398 -0.00644747 676.527
52 440   0.0100721 -0.00611748 686.724
52 441   0.00992122 -0.00617652 683.426
52 442   0.00825365 0.00824464 731.483
52 443   -0.0097304 0.00635415 680.089
52 444   0.0101665 -0.0060237 687.397
52 445   0.00837718 0.00815162 751.342
52 446   -0.00835952 -0.00828149 759.563
52 447   -0.00984962 0.006389 682.236
52 448   -0.0100633 0.00621141 691.452
52 449   -0.00994471 0.00620693 687.088
52 450   0.00993689 -0.00631078 683.45
52 451   0.00988018 -0.00639777 680.197
52 452   0.00846818 0.00824424 784.704
52 453   0.00856181 0.00823684 809.161
52 454   0.0101548 -0.0062182 689.781
52 455   -0.0083861 -0.00838134 766.573
52 456   0.0082846 0.00836833 730.356
52 457   -0.00992747 0.0063101 686.477
52 458   -0.00989267 0.00646716 681.955
52 459   0.00844485 0.00834779 795.68
52 460   -0.0100857 0.00630673 694.993
52 461   0.0083848 0.00837886 754.143
52 462   0.0100996 -0.00629884 690.687
52 463   0.0100326 -0.00633238 688.365
52 464   -0.0100042 0.00634664 691.056
52 465   -0.0101291 0.00634659 699.815
52 466   -0.0099762 0.006441 688.144
52 467   -0.0100098 0.00639938 692.524
52 468   0.0100409 -0.00639531 690.948
52 469   0.0101335 -0.00634724 694.442
52 470   0.0100216 -0.00643644 689.165
52 471   -0.0100923 0.0063999 704.538
52 472   0.0100871 -0.00641073 699.178
52 473   -0.0100546 0.00641279 699.816
52 474   0.0100598 -0.00646677 697.627
52 475   -0.0101055 0.00643555 721.072
52 476   0.0101126 -0.0063962 698.662
52 518   0.00611792 -0.00674905 710.329
52 523   -0.00439398 -0.00779242 702.098
52 524   -0.00330872 -0.0082998 708.893
52 529   0.00260849 0.00838029 709.595
52 530   0.00330388 0.00734522 703.689
52 652   -0.00616848 0.00691057 712.177
52 762   -0.0109381 0.00146584 686.853
52 763   -0.011024 0.000125385 687.36
52 764   0.00237475 -0.00535104 702.562
52 765   0.00371749 -0.00498482 701.364
52 766   0.00468039 -0.00655272 709.018
52 767   0.00449049 -0.0076541 721.571
52 768   0.00161512 -0.0081679 707.45
52 769   0.00343604 -0.00764749 708.742
52 770   0.0022832 -0.00691234 705.57
52 771   0.00219319 -0.0090717 709.505
52 772   0.00334274 -0.00873441 708.511
52 781   -0.00855972 -0.00833398 861.221
52 782   -0.00847714 -0.00836969 835.546
52 783   -0.00852375 -0.00835237 867.816
52 785   -0.00847742 -0.00841111 839.217
52 788   -0.00958519 -0.00649106 703.116
52 789   -0.00891988 -0.00680383 709.419
52 790   -0.00929606 -0.0066819 706.644
52 791   -0.00941519 -0.006956 710.463
52 792   -0.00910314 -0.00741613 725.401
52 793   -0.00890831 -0.00705691 714.258
52 794   -0.00916971 -0.00709893 714.845
52 795   -0.00857971 -0.00745044 724.718
52 796   -0.00877411 -0.00726303 719.672
52 797   -0.00890938 -0.0074852 728.889
52 798   -0.0086155 -0.00766573 735.676
52 799   -0.00881446 -0.00767948 739.598
52 800   -0.00842054 -0.00794578 746.656
52 801   -0.00852928 -0.00782856 743.955
52 802   -0.00844806 -0.00818942 776.714
52 803   -0.00845979 -0.00807065 762.603
52 805   -0.0088409 -0.0078494 752.902
52 808   -0.00876048 -0.00802923 774.654
52 809   -0.00874338 -0.00790469 758.875
52 810   -0.00863072 -0.00789759 755.034
52 811   -0.00867305 -0.0080536 777.507
52 812   -0.00860159 -0.00798767 764.325
52 813   -0.00853939 -0.0080435 767.894
52 814   -0.00864953 -0.00811271 787.633
52 815   -0.0085722 -0.00810616 781.308
52 816   -0.00857372 -0.0082555 825.126
52 817   -0.00853524 -0.00819346 797.688
52 819   -0.00867634 -0.00817492 801.72
52 820   -0.00863748 -0.00823041 817.134
52 831   -0.00854738 -0.00838461 893.308
52 861   -0.00999962 0.00647293 689.287
52 864   -0.0100487 0.00644282 700.801
52 865   -0.0100273 0.00646134 694.684
52 866   -0.0100418 0.00647719 697.543
52 867   -0.0100843 0.00645595 728.918
52 868   -0.0100651 0.00645033 707.127
52 869   -0.0100612 0.00646701 706.27
52 870   -0.0100965 0.00647908 846.405
52 871   -0.0100864 0.006472 760.054
52 872   -0.0100745 0.0064743 717.547
52 934   -0.000438731 0.00706894 704.456
52 935   0.00123232 0.0081602 705.139
52 937   -0.00173554 0.00802969 706.664
52 938   -0.00125905 0.00921187 709.465
52 955   -0.00372481 0.00672614 706.971
52 956   -0.00290958 0.00783465 707.606
52 957   -0.00358264 0.00867954 710.005
52 958   -0.00528317 0.0072408 717.585
52 959   -0.00446861 0.00717933 711.882
52 960   -0.00422816 0.00811919 718.608
52 962   -0.00528173 0.00800018 734.006
52 963   -0.0048037 0.00836115 740.694
52 987   0.000444712 -0.00882731 706.305
52 988   -0.000977544 -0.00761743 704.147
52 989   -0.00216881 -0.00859896 706.295
52 990   -8.69909e-05 0.00933506 705.908
52 991   0.00110757 0.00924414 704.162
52 1152   0.00459036 0.00800316 703.363
52 1153   0.00513299 0.00774947 698.175
52 1200   0.0109172 0.00235796 686.587
52 1311   -0.00627196 -0.00728739 695.804
52 1312   -0.0071797 -0.007643 704.484
52 1313   -0.00747686 -0.00695685 704.148
52 1314   -0.00700751 -0.00664731 700.947
52 1316   -0.00675716 -0.00794714 700.723
52 1317   -0.00631877 -0.00790106 691.983
52 1414   0.00782387 -0.00592727 684.132
52 1415   0.00837551 -0.00555989 682.952
52 1416   0.00867978 -0.00605572 679.147
52 1419   0.00835769 -0.00639898 678.105
52 1420   0.0078986 -0.00644723 679.218
52 1431   0.00616315 0.00788591 689.49
52 1432   0.00653875 0.00792538 696.967
52 1453   0.00928756 0.00380961 691.229
52 1454   0.0103177 0.0032337 688.962
52 1455   0.010789 0.00407366 689.034
52 1456   0.00933475 0.00461358 692.367
52 1457   0.010183 0.00468554 688.771
52 1458   0.00843804 0.0057243 698.555
52 1459   0.0089102 0.00523982 695.341
52 1460   0.00853489 0.00678292 706.925
52 1461   0.00864957 0.00628926 702.127
52 1462   0.00916872 0.00637825 702.264
52 1463   0.00883966 0.00697023 710.381
52 1464   0.00924319 0.00721403 715.32
52 1465   0.00923741 0.00680781 706.975
52 1466   0.00941239 0.00697288 709.057
52 1467   0.00864567 0.0074545 722.718
52 1468   0.00881576 0.00721652 715.853
52 1469   0.00904431 0.00729525 718.593
52 1470   0.00902609 0.00752844 727.829
52 1471   0.00879828 0.00784371 748.157
52 1472   0.00881082 0.0076236 732.508
52 1474   0.0102301 0.00537426 689.37
52 1475   0.00961686 0.00615399 698.25
52 1476   0.00956987 0.00558052 694.4
52 1499   0.00869424 0.00809412 778.74
52 1500   0.00863628 0.00817673 794.958
52 1507   0.00858873 0.008308 841.635
52 1508   0.00855829 0.00835138 866
52 1594   -0.00850603 -0.00840298 885.735
52 1595   -0.00853776 -0.00841485 917.965
52 1596   -0.00852939 -0.0083938 897.605
52 1599   -0.00852664 -0.00843645 953.962
52 1600   -0.00852257 -0.00842489 921.255
52 1601   -0.00850612 -0.00842421 891.906
52 1604   0.00854021 0.00837715 882.05
52 1608   0.00850624 0.00842973 911.564
52 1609   0.00853449 0.00838531 886.42
52 1610   0.00850231 0.00839194 868.642
52 1611   0.0085327 0.00843126 801.09
52 1612   0.00852697 0.00843942 393.426
52 1668   0.00992962 -0.00646333 680.2
52 1669   0.00998339 -0.00645768 683.528
52 1685   0.0100953 -0.00648223 964.883
52 1688   0.0100991 -0.00647323 889.806
52 1689   0.010086 -0.00645854 753.002
52 1691   0.0100921 -0.00644814 713.213
52 1692   0.0100959 -0.00643914 707.718
16 283   -0.0449783 0.00325839 831.4
16 284   -0.0451575 -0.00292367 831.216
16 285   -0.0499783 0.0082576 808.974
16 286   -0.0399783 0.00825835 850.684
16 287   0.00184206 -0.0235836 693.891
16 288   -0.0477783 -0.0217783 715.026
16 289   -0.0397975 -0.0323017 697.457
16 290   -0.0360875 -0.0293532 733.689
16 291   -0.0321915 -0.0320515 740.45
16 292   -0.0322477 0.0320583 740.497
16 293   -0.0411398 -0.00644863 841.895
16 294   -0.00180989 0.0288314 691.107
16 295   0.00527361 -0.0213071 694.99
16 296   -0.0434984 -0.0296601 689.305
16 297   -0.0497151 -0.0177532 743.252
16 298   -0.0384823 -0.00714073 852.809
16 299   0.00417259 -0.0171967 711.891
16 300   -0.00100603 0.0149557 713.106
16 301   -0.002525 0.0129469 700.6
16 302   -0.00586677 -0.0145202 819.829
16 303   -0.00702648 -0.0137779 861.257
16 304   -0.00702648 -0.0122631 882.622
16 305   -0.00669823 -0.0114383 891.733
16 306   -0.00603664 -0.0114033 852.354
16 484   -0.00620738 0.016494 833.512
16 485   -0.005025 0.0129469 747.41
16 486   -0.00620738 0.013994 795.069
16 487   -0.00572642 0.0117626 770.954
16 488   0.00639898 -0.0156797 726.149
16 490   0.00639898 -0.0135618 759.335
16 491   0.00690881 -0.0110157 863.946
16 492   0.0046254 -0.0123732 753.011
16 493   0.00580778 -0.0124596 778.53
16 494   0.00661321 0.0108591 904.133
16 498   -0.0142459 -0.0219882 809.518
16 517   -0.00717175 -0.0107445 930.298
16 519   -0.00700762 -0.0104488 940.025
16 520   -0.00733587 -0.0102768 963.395
16 521   -0.0443185 -0.0225101 736.739
16 522   -0.0429687 -0.0254779 714.766
16 540   -0.0497796 0.0184202 736.698
16 541   -0.0473152 0.0259432 691.86
16 542   -0.0511398 0.0239922 694.412
16 543   -0.0484194 0.0211706 717.396
16 544   -0.0440426 0.0244677 714.628
16 545   -0.0451468 0.0217757 733.439
16 553   -0.0355416 0.0307408 727.576
16 554   -0.0410148 0.0310475 695.144
16 555   -0.0392029 0.0336825 697.469
16 556   -0.0359703 0.0279524 748.619
16 557   -0.0387369 0.0282591 721.926
16 558   0.00468867 0.0251579 684.196
16 559   -0.000249128 0.0245374 698.199
16 560   0.00260224 0.0236228 692.783
16 568   -0.0138567 -0.0319882 736.824
16 571   -0.0100226 -0.0304823 723.801
16 572   -0.00735332 -0.0334941 703.092
16 573   -0.00866622 -0.0273599 734.696
16 574   -0.00578374 -0.0271388 714.918
16 587   -0.00177113 -0.0211606 724.147
16 588   -0.0359051 -0.025379 807.425
16 589   -0.0345635 -0.0210258 903.372
16 590   -0.0329233 -0.0230773 859.469
16 601   -0.00494708 0.0300714 700.325
16 602   -0.00739295 0.0333571 704.158
16 603   -0.0101596 0.0303412 726.055
16 604   -0.00640105 0.0269206 722.822
16 605   -0.00902642 0.0271904 740.116
16 658   -0.0471585 0.0161382 775.038
16 659   -0.0473572 0.0130562 794.479
16 660   -0.0423572 0.0130562 848.519
16 661   -0.0386398 0.0173365 906.758
16 662   -0.0432983 0.016808 832.242
16 663   -0.0410187 0.0154684 871.686
16 669   0.000960835 0.0150856 716.582
16 670   0.00141829 0.0131837 714.353
16 672   0.00476259 0.0124098 794.884
16 674   -0.0505632 -0.0249875 690.4
16 709   0.00180939 -0.0162541 712.766
16 710   -0.00231668 -0.0167514 738.14
16 711   -0.000702779 -0.0179413 722.223
16 712   -0.00187362 -0.0149065 718.255
16 713   -0.000533338 -0.0140007 703.715
16 714   -0.00132895 -0.012846 696.735
16 716   -0.00492211 -0.0119872 768.167
16 717   -0.00544291 -0.0117144 802.617
16 743   -0.0243327 0.0325 758.225
16 744   -0.0289199 0.0295583 765.446
16 745   -0.0265207 0.0225 815.961
16 746   -0.0298335 0.0245583 817.8
16 747   -0.0223564 0.024742 789.763
16 748   -0.021082 0.029742 765.244
16 749   -0.0148691 0.0242261 792.312
16 750   -0.0162806 0.032242 745.991
16 751   -0.013873 0.0292261 748.955
16 753   -0.019984 0.022242 797.126
16 754   -0.0171185 0.022242 798.48
16 773   0.00656289 0.0211435 697.657
16 774   0.00656289 0.0239024 686.474
16 894   -0.00690881 0.0115598 841.342
16 903   0.0072044 0.0107466 933.649
16 908   -0.00661321 0.0108813 841.313
16 909   -0.0072044 0.0105715 900.155
16 914   -0.03704 -0.0219475 924.853
16 915   -0.0379053 -0.0242492 835.127
16 916   -0.0402655 -0.0240412 790.544
16 923   -0.0411626 0.0249993 742.4
16 924   -0.0392272 0.0261919 746.687
16 929   -0.0400734 0.0190142 910.243
16 930   -0.042353 0.0186872 850.119
16 931   -0.0429407 0.020703 794.321
16 932   -0.0396934 0.0216264 893.833
16 933   -0.0414209 0.0226454 803.586
16 950   0.0033754 -0.0127898 715.878
16 953   0.00219459 -0.0140515 712.34
16 954   0.000795613 -0.0134409 705.082
16 981   -0.0472104 0.0298595 678.989
16 982   -0.0442804 0.032365 680.852
16 983   -0.00191813 0.0227734 716.93
16 984   -0.000428298 0.0203541 717.32
16 985   -0.0047506 0.0185137 826.084
16 986   -0.00204925 0.0178087 739.112
16 1006   -0.0461681 -0.0323584 675.606
16 1012   -0.00502011 -0.0245282 736.734
16 1013   -0.00532897 -0.0206814 866.221
16 1014   -0.00376051 -0.0224484 750.222
16 1046   0.000154996 0.0321171 679.988
16 1049   0.0056764 0.0322411 670.174
16 1050   0.00380219 0.0293582 675.8
16 1076   0.00224607 -0.0275983 681.643
16 1077   -0.00294656 -0.0321045 688.438
16 1078   -0.00273333 -0.0288716 693.292
16 1081   0.00385523 -0.0336104 671.423
16 1082   0.000210461 -0.0336104 678.422
16 1085   -0.051035 0.0312418 671.866
16 1086   -0.051035 0.0337473 668.693
16 1094   -0.0501575 -0.00542444 818.783
16 1097   -0.0485439 -0.0149628 775.304
16 1098   -0.0489863 -0.00938672 808.297
16 1099   -0.0513288 -0.0114622 792.162
16 1100   -0.0435761 -0.0109119 832.853
16 1101   -0.0464226 -0.0113492 809.93
16 1102   -0.0459802 -0.0144253 797.745
16 1103   -0.0421367 -0.0127187 847.201
16 1104   -0.0433696 -0.0151943 831.969
16 1105   -0.0397004 -0.0118728 862.944
16 1106   -0.0387182 -0.0133478 875.073
16 1107   -0.0423629 -0.0198186 832.002
16 1108   -0.0420408 -0.0170654 858.262
16 1109   -0.0389676 -0.0205887 932.602
16 1110   -0.0405078 -0.0214065 877.058
16 1111   -0.0386076 -0.0180003 916.133
16 1112   -0.0398257 -0.0160649 888.427
16 1157   -0.0345934 0.0210291 902.024
16 1158   -0.0330022 0.0230874 860.742
16 1159   -0.0349052 0.025299 816.237
16 1160   -0.0374642 0.0226444 902.991
16 1161   -0.0372562 0.0248561 817.41
16 1172   -0.0068066 -0.0177436 890.684
16 1173   -0.00541979 -0.0189783 880.055
16 1174   -0.00564688 -0.0161493 832.162
16 1175   -0.00426008 -0.0173841 795.785
16 1184   -0.0100931 -0.0209941 878.631
16 1185   -0.0114071 -0.0229823 821.424
16 1186   -0.00934384 -0.0248599 782.175
16 1187   -0.00737279 -0.0218776 894.204
16 1188   -0.00724558 -0.0237552 803.943
16 1212   0.00567762 -0.0294417 672.799
16 1213   0.00567762 -0.0322209 669.846
16 1225   -0.00578388 0.0244206 754.067
16 1226   -0.00543746 0.0212102 871.59
16 1227   -0.00422593 0.0229245 756.198
16 1228   -0.0242953 -0.0325 757.447
16 1229   -0.0288416 -0.0295515 765.59
16 1230   -0.022064 -0.0225 799.053
16 1231   -0.0297559 -0.0245515 817.234
16 1232   -0.0264517 -0.0225 815.519
16 1233   -0.0183224 -0.0244882 788.067
16 1234   -0.01864 -0.0294882 760.743
16 1263   0.00705661 0.0104296 947.694
16 1264   0.0073522 0.0102747 963.764
16 1280   -0.0118513 0.0229761 816.905
16 1281   -0.00972193 0.0248253 787.605
16 1282   -0.00760116 0.0218492 896.792
16 1283   -0.00770232 0.0236984 816.216
16 1287   0.00541357 0.0196705 705.368
16 1288   0.00231151 0.0169742 719.315
16 1289   0.00196559 0.0193897 710.508
16 1290   0.00332713 0.0208943 701.841
16 1291   0.00394193 0.0156715 732.298
16 1292   0.00683177 0.0145723 773.874
16 1294   0.00568244 0.0160683 738.547
16 1295   0.00635068 0.0175582 720.873
16 1380   0.00418793 0.0130669 760.309
16 1381   0.0036298 0.0140713 740.963
16 1382   0.00245684 0.0134721 723.449
16 1385   0.00334438 0.0124142 725.014
16 1386   0.00268557 0.0125211 721.498
16 1387   0.00657469 0.0115643 882.977
16 1388   0.00649765 0.0134116 805.984
16 1389   0.0056879 0.0116345 846.131
16 1390   0.00561086 0.0126504 811.297
16 1392   0.00716588 0.0128962 838.49
16 1393   0.00716588 0.0120647 877.953
16 1421   -0.00467305 -0.0126835 754.145
16 1422   -0.00469572 -0.013803 766.146
16 1423   -0.00333938 -0.0142046 727.258
16 1424   -0.00364045 -0.0127517 710.886
16 1425   -0.00232283 -0.0129655 702.286
16 1426   -0.00299297 -0.0134184 711.99
16 1429   -0.00329971 -0.0122453 697.871
16 1430   -0.0026409 -0.0123523 698.313
16 1442   -0.0503024 -0.0337715 668.801
16 1443   -0.0498307 -0.028673 677.875
16 1444   -0.0483656 -0.03113 673.792
16 1447   -0.0517675 -0.032543 669.797
16 1448   -0.0517675 -0.030086 673.721
16 1451   -0.00932218 0.020992 892.749
16 1452   -0.0115527 0.020992 850.041
end
