1001
16 319   -0.0449783 0.00329454 893.963
16 320   -0.0451581 -0.00288643 893.745
16 321   -0.0499783 0.00826474 903.062
16 322   -0.0399783 0.00829344 889.176
16 323   -0.041141 -0.00640549 892.591
16 324   -0.043495 -0.0296596 937.006
16 325   -0.038483 -0.00710468 889.206
16 326   -0.00615784 -0.0151794 926.555
16 327   -0.00706439 -0.0142404 939.061
16 328   0.00705287 0.0120541 967.614
16 329   -0.00558978 -0.0130285 958.115
16 330   -0.00679685 -0.0130651 954.313
16 331   -0.0062414 -0.0128206 956.792
16 332   0.00666209 0.0114359 968.649
16 333   -0.00631506 -0.0121049 959.998
16 334   0.00604655 0.0112965 939.421
16 335   -0.00598635 -0.0118014 954.978
16 336   -0.00557758 -0.0119036 953.237
16 337   -0.00493806 -0.0115704 948.484
16 338   -0.00639244 -0.0111884 964.661
16 339   -0.00534849 -0.0115416 937.52
16 340   -0.00606652 -0.0113878 948.993
16 341   -0.00548546 -0.0112418 903.557
16 342   -0.00579472 -0.0111901 912.957
16 343   -0.00629678 -0.0108985 962.201
16 344   0.00599786 0.0109303 897.265
16 345   0.00636042 0.0107404 966.496
16 346   -0.00587196 -0.0109634 878.451
16 347   -0.00639442 -0.0107369 967.131
16 348   0.00619102 0.0108291 943.261
16 349   -0.0060481 -0.0108711 901.065
16 369   -0.0429643 -0.0254765 959.933
16 373   -0.0511398 0.0239925 937.512
16 374   -0.0451472 0.0217765 949.374
16 383   -0.0100319 -0.0304861 963.573
16 384   -0.00738058 -0.0334954 964.096
16 385   -0.00870253 -0.0273626 945.526
16 386   -0.0058881 -0.0271341 958.608
16 387   -0.0410153 0.0310459 953.268
16 388   -0.0392028 0.033682 956.461
16 389   -0.0387393 0.0282561 960.361
16 397   -0.0101171 0.0303531 963.372
16 398   -0.00631352 0.026965 953.548
16 399   -0.00896972 0.0272137 943.475
16 400   -0.0358809 -0.0253785 890.883
16 401   -0.0328865 -0.0230771 880.762
16 445   -0.0473573 0.0130656 915.14
16 446   -0.0423573 0.0130656 886.108
16 447   -0.0432985 0.0168124 885.9
16 448   -0.0410188 0.0154721 867.558
16 463   -0.0501581 -0.00541569 896.61
16 466   -0.0489871 -0.00937546 903.302
16 467   -0.051329 -0.0114581 914.161
16 468   -0.0435777 -0.0108935 894.789
16 469   -0.0464237 -0.0113342 903.997
16 470   -0.0421379 -0.0127052 888.056
16 471   -0.0433702 -0.0151863 890.706
16 472   -0.0397013 -0.0118636 882.484
16 473   -0.0387183 -0.0133456 871.749
16 474   -0.0242455 -0.0325 935.683
16 475   -0.0296929 -0.0245514 910.297
16 476   -0.0263468 -0.0225 917.91
16 477   -0.031471 -0.0335257 951.621
16 478   -0.0280903 -0.0310257 936.378
16 479   -0.029477 -0.0280771 928.883
16 480   -0.0355609 -0.0278785 936.919
16 481   -0.0323505 -0.0291028 937.076
16 482   -0.0333648 -0.0320514 957.241
16 488   0.0067828 0.0107501 958.56
16 489   0.00710921 0.011041 967.778
16 491   0.00701037 0.0104875 936.514
16 516   -0.00723246 -0.0125688 958.547
16 518   -0.00673673 -0.0119732 963.971
16 519   -0.00736623 -0.0118711 966.46
16 520   -0.00709869 -0.0121926 962.799
16 521   -0.00716418 -0.0115924 968.901
16 522   -0.00666566 -0.0112994 969.239
16 523   -0.00680222 -0.0116414 967.653
16 524   -0.00692659 -0.0110989 968.082
16 525   -0.00719692 -0.0112803 969.536
16 526   -0.00739897 -0.0109981 968.299
16 527   -0.00725054 -0.0107334 962.724
16 528   -0.0069802 -0.0108445 960.911
16 530   -0.0065653 -0.0106474 949.054
16 531   -0.00686897 -0.0104688 919.95
16 532   -0.00679449 -0.0106655 944.88
16 533   -0.0118188 0.0229774 894.985
16 534   -0.00968548 0.024838 895.546
16 552   -0.0243236 0.0325 936.127
16 553   -0.0265394 0.0225 917.963
16 554   -0.0298554 0.0245564 910.676
16 654   -0.0378912 -0.0242484 845.442
16 655   -0.0402573 -0.0240396 862.33
16 656   -0.0411643 0.0249972 924.107
16 657   -0.0392304 0.0261886 925.905
16 658   -0.00570119 0.024465 889.094
16 669   -0.00515064 -0.0245198 900.768
16 672   0.00726352 -0.010609 785.886
16 673   -0.0423533 0.0186883 861.647
16 674   -0.0429412 0.0207036 879.237
16 706   -0.00705779 -0.0103699 927.161
16 707   -0.00725364 -0.0104554 956.937
16 720   -0.0113643 -0.0229861 888.262
16 721   -0.00937228 -0.0248626 893.727
16 724   0.00575132 -0.0243564 919.29
16 725   0.00487697 -0.022548 949.725
16 726   0.00662566 -0.0207321 960.863
16 727   0.0024014 -0.0211949 967.565
16 728   0.00556861 -0.0192379 968.735
16 729   0.00309304 -0.0192431 968.912
16 731   0.00644296 -0.0174944 968.486
16 734   0.00688013 -0.0145336 931.716
16 735   0.00582308 -0.0160688 958.826
16 736   0.00458333 -0.0157245 957.228
16 737   0.00652541 -0.0133084 892.913
16 739   0.00714528 -0.0126491 855.44
16 740   0.00696793 -0.0120406 826.63
16 741   0.00732264 -0.0116027 809.235
16 742   0.00708617 -0.0109896 801.558
16 743   0.00655409 -0.0118081 815.921
16 744   0.00637673 -0.0108762 817.993
16 745   0.00667233 -0.0111707 809.844
16 746   0.0014796 -0.0173434 962.057
16 747   0.00271542 -0.0161584 961.292
16 748   0.00160798 -0.0147507 956.548
16 749   0.00255529 -0.0141047 950.301
16 750   0.00195385 -0.013189 930.948
16 751   0.00447058 -0.0121231 893.084
16 752   0.00387602 -0.0128117 945.378
16 753   0.00562428 -0.0131656 900.713
16 754   0.00473925 -0.0140465 937.23
16 755   0.00381865 -0.0138343 943.725
16 756   0.00519435 -0.0114957 789.492
16 757   0.00500265 -0.012132 856.293
16 758   0.00559384 -0.0123976 861.649
16 759   0.00608114 -0.0118942 820.459
16 760   0.00605158 -0.0111904 780.596
16 761   0.00557863 -0.0114382 781.943
16 762   0.00587422 -0.0115711 798.94
16 764   0.00587422 -0.0109957 751.737
16 765   0.00563774 -0.0111196 747.393
16 766   -0.00468217 0.0119892 887.361
16 767   -0.00715523 0.0123035 828.706
16 768   -0.00516507 0.0119926 847.939
16 769   -0.00514518 0.0114902 799.528
16 770   -0.00655409 0.0107622 830.242
16 771   -0.00691876 0.0116275 809.001
16 772   -0.00726352 0.0111904 797.931
16 773   -0.00650989 0.01157 807.434
16 774   -0.00638171 0.0111141 798.681
16 778   -0.00683036 0.0152097 871.393
16 781   -0.005806 0.0134721 883.066
16 782   -0.00649554 0.0142313 877.681
16 783   -0.00716518 0.0139213 867.909
16 784   -0.00613585 0.0130582 867.926
16 785   -0.00681544 0.0127328 846.655
16 786   -0.00682539 0.0132507 861.064
16 787   -0.00559383 0.0122859 854.448
16 788   -0.00629829 0.0124552 845.015
16 789   -0.00595352 0.0126256 859.893
16 790   -0.00582036 0.0120441 832.78
16 791   -0.00628337 0.0118118 815.429
16 792   -0.00617507 0.0121249 831.884
16 793   -0.00553691 0.0115439 796.674
16 794   -0.00578334 0.0118046 817.008
16 795   -0.00607396 0.0116574 806.711
16 796   -0.00572283 0.0113196 778.087
16 797   -0.00610462 0.0111221 785.558
16 798   -0.0060234 0.0114236 793.178
16 800   -0.00592229 0.0109561 760.176
16 801   -0.00568581 0.01108 750.89
16 803   -0.00740207 -0.0103336 966.877
16 804   -0.0423617 -0.0198155 858.807
16 805   -0.0420411 -0.017061 865.211
16 806   -0.0386076 -0.0179995 775.544
16 807   -0.0398259 -0.016062 844.343
16 808   0.00714528 -0.0103475 781.424
16 815   -0.0510349 0.0324945 689.806
16 822   -0.0461672 -0.0323582 825.598
16 826   0.000222072 -0.014419 962.402
16 827   0.000209857 -0.0134221 968.327
16 828   -0.00182614 -0.0183626 927.981
16 829   -0.000576141 -0.0171126 950.289
16 830   -0.00614017 -0.016579 885.824
16 831   -0.00704672 -0.0179557 812.11
16 832   -0.00326619 -0.0180539 899.982
16 833   -0.00505579 -0.0171201 883.828
16 834   -0.00359519 -0.0155932 936.65
16 835   -0.00313152 -0.0171796 917.656
16 836   -0.00411218 -0.016681 911.926
16 837   -0.00135628 -0.0162284 948.314
16 838   -0.00275745 -0.0155795 943.773
16 839   -0.00247161 -0.0166041 935
16 840   -0.00209502 -0.0150003 952.813
16 841   -0.000554121 -0.0147673 960.595
16 842   -0.00118417 -0.0153999 954.424
16 843   -0.00107848 -0.0143076 962.063
16 844   -0.00185145 -0.0144279 957.729
16 845   -0.00407922 -0.0148707 944.234
16 846   -0.00524497 -0.0146854 940.912
16 847   -0.00523236 -0.0137388 954.108
16 848   -0.0044077 -0.0137138 958.422
16 849   -0.0037255 -0.0141344 954.895
16 850   -0.00298296 -0.0137189 958.589
16 851   -0.0011784 -0.0126189 965.813
16 852   -0.00102563 -0.0137615 965.885
16 853   -0.00151619 -0.0135253 962.667
16 854   -0.0015311 -0.0129026 957.844
16 855   -0.00235945 -0.0135727 957.327
16 856   -0.00202699 -0.0138754 958.902
16 857   -0.00184666 -0.0127116 941.605
16 858   -0.00216421 -0.0130317 952.846
16 860   -0.00188925 -0.0123639 899.486
16 861   -0.00215277 -0.0123211 874.483
16 877   -0.0330259 0.0230846 879.581
16 878   -0.0349116 0.0252948 888.876
16 894   -0.00254352 0.0168378 918.575
16 895   -0.000935236 0.0177928 940.929
16 896   -0.00202499 0.0152956 939.915
16 897   -0.000676825 0.015147 955.939
16 898   0.00281024 0.0140141 965.999
16 899   0.00285137 0.0123171 952.247
16 900   0.00293436 0.0133334 964.731
16 901   0.00254497 0.0126019 939.122
16 902   0.00245921 0.013086 956.975
16 903   0.00116684 0.0124944 952.838
16 904   0.000148374 0.0157915 959.032
16 905   0.000408488 0.0168951 959.18
16 906   -3.89167e-05 0.0247878 962.93
16 907   -2.603e-05 0.0197488 956.703
16 908   0.00647378 0.0185661 966.87
16 909   0.00452641 0.020775 962.007
16 910   0.00247397 0.0198602 969.274
16 911   0.00566508 0.0167806 969.559
16 912   0.00465499 0.014165 968.603
16 913   0.00379672 0.0145957 968.238
16 914   0.00364331 0.0156074 968.806
16 915   0.00299077 0.0179464 969.363
16 916   0.0042345 0.0170757 969.591
16 917   0.00221046 0.0169955 967.979
16 918   0.00145853 0.016879 965.566
16 919   0.00264548 0.0159845 967.983
16 920   0.001105 0.0154876 964.315
16 921   0.00161102 0.0160976 965.737
16 922   0.0021761 0.0156385 966.896
16 923   0.00223984 0.0143443 965.681
16 924   0.00213507 0.0150152 966.427
16 925   0.00143993 0.0149225 965.553
16 926   0.00179621 0.0140582 965.024
16 927   0.000851892 0.0140465 966.849
16 928   0.00127884 0.0144069 965.745
16 929   0.00199305 0.0132088 956.979
16 930   0.00168432 0.0136061 963.349
16 931   0.00120499 0.0135812 966.001
16 932   0.00114229 0.0131928 965.789
16 933   0.00182203 0.0129299 949.485
16 934   0.00143711 0.012614 942.315
16 935   0.0014506 0.0129388 956.941
16 936   0.00217563 0.0124996 908.635
16 937   0.00169821 0.0125054 918.578
16 938   0.00191886 0.0127047 934.759
16 940   0.00182322 0.0123217 875.496
16 941   0.00208675 0.0122789 851.455
16 942   -0.0405435 -0.0309521 956.293
16 943   -0.0390408 -0.0336507 957.439
16 944   -0.0373265 -0.0294778 964.122
16 945   -0.0358238 -0.0321764 967.866
16 977   -0.000450642 -0.0262191 956.314
16 978   -0.00385122 -0.0316476 942.022
16 979   -0.0036881 -0.0284099 963.547
16 980   0.00304673 -0.0266619 909.09
16 982   -0.000695325 -0.0331523 876.072
16 1151   -0.0385876 -0.021215 552.857
16 1152   -0.0393393 -0.0199599 643.131
16 1153   -0.0401265 -0.0220319 774.273
16 1154   -0.0408782 -0.0207768 793.548
16 1155   -0.0370863 0.0218354 705.427
16 1156   -0.0410419 0.0218372 806.057
16 1157   -0.0403689 0.0234405 839.546
16 1158   -0.038435 0.0246319 852.382
16 1159   -0.0368801 0.0240456 831.203
16 1165   -0.00676311 0.0181269 792.092
16 1166   -0.00395005 0.0172675 880.949
16 1167   -0.00475419 0.0156566 890.71
16 1168   -0.00609347 0.0161701 863.332
16 1169   -0.00613773 0.0206952 612.082
16 1170   -0.00455244 0.0187414 834.671
16 1171   -0.00602622 0.0190874 752.541
16 1177   -0.00670098 -0.0218194 661.54
16 1178   -0.00810819 -0.0219336 745.895
16 1179   -0.00660556 -0.0236958 836.133
16 1180   -0.00801277 -0.0238101 850.912
16 1181   -0.00611758 -0.0207546 614.7
16 1182   -0.00485536 -0.0205015 792.456
16 1183   -0.00641562 -0.0191851 739.731
16 1184   -0.00452229 -0.0188055 841.118
16 1185   -0.00533123 -0.0183702 830.353
16 1186   -0.00714528 0.0108524 797.602
16 1187   -0.00690881 0.0107097 817.496
16 1189   -0.00702705 0.0103811 814.693
16 1192   -0.00738176 0.0105952 771.214
16 1193   -0.00726352 0.0103905 759.216
16 1194   -0.00738176 0.0101953 567.099
16 1197   -2.83613e-05 0.0131368 968.435
16 1198   -0.000574092 0.0141223 963.436
16 1199   0.000159086 0.0138413 968.364
16 1203   -0.000912655 0.012699 965.123
16 1204   -0.000473449 0.0127703 964.912
16 1207   0.00143352 -0.0127668 887.885
16 1211   0.000994319 -0.0128381 943.403
16 1212   0.000555114 -0.0129094 966.045
16 1215   -0.00257818 0.0143381 939.134
16 1216   -0.0016713 0.0137909 953.208
16 1217   -0.00160282 0.0131078 948.091
16 1218   -0.00200778 0.0126949 904.508
16 1219   -0.00448819 0.0125339 926.304
16 1220   -0.00500094 0.0132909 904.331
16 1221   -0.00435119 0.0141032 915.052
16 1222   -0.0034306 0.0139332 933.032
16 1223   -0.00255678 0.0126058 935.3
16 1226   -0.00325809 0.0129197 953.625
16 1227   -0.00366594 0.0123328 966.408
16 1231   0.00326536 -0.0124767 961.923
16 1232   0.00260655 -0.0125837 927.951
16 1243   0.00732264 -0.0102546 685.388
16 1244   0.00744088 -0.0101927 502.343
16 1248   -0.00824138 0.0219228 755.446
16 1249   -0.00691328 0.0217984 656.329
16 1250   -0.00831872 0.0237834 853.264
16 1251   -0.00699062 0.023659 831.799
16 1255   -0.0209321 -0.0297454 935
16 1256   -0.0221241 -0.0247454 927.93
16 1257   -0.0161868 -0.0322454 947.505
16 1258   -0.0136912 -0.0292361 946.609
16 1259   -0.0143539 -0.0242361 918.694
16 1260   -0.0164901 -0.0222454 921.863
16 1261   -0.0195929 -0.0222454 926.617
16 1306   0.0074184 0.0102737 968.191
16 1307   0.00725519 0.0103593 953.67
16 1356   -0.00409923 -0.0131504 965.994
16 1357   -0.0033944 -0.0125761 969.043
16 1358   -0.00314597 -0.0132821 961.26
16 1359   -0.00358004 -0.0131342 965.788
16 1360   -0.00304183 -0.0125056 964.015
16 1361   -0.00242007 -0.0124441 920.744
16 1362   -0.00283234 -0.0129112 958.941
16 1363   -0.0024741 -0.0128069 949.09
16 1365   -0.00290253 -0.0121954 957.617
16 1366   -0.002639 -0.0122382 921.187
16 1387   -0.000783118 -0.0126831 967.59
16 1390   -0.000257416 -0.0129557 958.611
16 1391   -0.000645249 -0.0132029 969.31
16 1423   0.000357247 0.0128095 961.903
16 1426   0.000771551 0.0125585 969.131
16 1427   0.000733513 0.0129322 969.222
16 1486   -0.00745104 -0.0101197 934.517
16 1487   -0.00735311 -0.0101711 968.328
16 1518   -0.033475 -0.0210257 850.008
16 1522   -0.036615 -0.0224598 780.314
16 1523   -0.0374422 -0.0214341 625.358
16 1524   -0.0351932 -0.0215386 807.769
16 1525   -0.0360205 -0.0205129 747.363
16 1541   0.00449294 0.0133039 968.489
16 1542   0.00349751 0.0130739 968.333
16 1543   0.00402005 0.0130338 969.038
16 1544   0.00343571 0.0126755 969.207
16 1545   0.00322183 0.012408 968.965
16 1547   0.00340098 0.0120992 966.63
16 1571   -0.0386398 0.0165035 833.537
16 1574   -0.0406435 0.0185164 814.005
16 1575   -0.0392097 0.0176719 808.469
16 1576   -0.0380699 0.0186684 792.105
16 1577   -0.0398841 0.0203201 737.149
16 1578   -0.0384503 0.020309 524.849
16 1581   -0.0115187 0.0209925 870.338
16 1582   -0.00930803 0.0209925 792.666
16 1593   -0.0505628 -0.0249873 923.634
16 1594   -0.0490976 -0.0299012 798.587
16 1595   -0.0510348 -0.032543 688.697
16 1596   -0.0482018 -0.0232895 961.986
16 1597   -0.0438931 -0.0209946 917.3
16 1598   -0.0447407 -0.0240204 962.358
16 1613   0.0055278 0.0145752 968.859
16 1614   0.00628694 0.0152865 969.328
16 1615   0.00709565 0.0149543 969.131
16 1616   0.0066733 0.0126752 966.506
16 1617   0.00595694 0.0138875 968.266
16 1618   0.00671608 0.0141263 968.431
16 1619   0.00712043 0.0134879 967.517
16 1620   0.00599814 0.0127053 965.72
16 1621   0.00509493 0.0131058 967.721
16 1622   0.00568612 0.0132792 967.461
16 1623   0.00507535 0.0126353 966.548
16 1624   0.00559898 0.0123516 962.881
16 1625   0.00474897 0.0123642 967.014
16 1626   0.00458384 0.0117284 956.266
16 1627   0.00483745 0.0119169 957.952
16 1628   0.0037218 0.0125003 969.455
16 1629   0.00379626 0.012035 954.334
16 1630   0.00363968 0.0122115 965.912
16 1631   0.00420822 0.0126815 969.388
16 1632   0.00397178 0.0125465 969.628
16 1633   0.00443871 0.0124771 969.097
16 1634   0.00400603 0.0121441 967.328
16 1635   0.00430509 0.0123174 969.517
16 1636   0.00409943 0.0123667 969.525
16 1637   0.00437415 0.0119386 968.046
16 1638   0.00430211 0.0121476 969.522
16 1639   0.00412127 0.0120419 968.899
16 1642   0.00411829 0.0118721 969.099
16 1643   0.00426834 0.0117935 967.412
16 1652   -0.00426158 0.0232996 879.042
16 1653   -0.00161132 0.0211358 932.771
16 1654   -0.00183434 0.023218 949.839
16 1655   -0.00477545 0.0213904 785.285
16 1656   -0.00392706 0.0201763 838.646
16 1658   -0.00475967 -0.0119281 965.084
16 1659   -0.00506246 -0.0125519 963.577
16 1660   -0.00521091 -0.0121737 961.233
16 1661   -0.00439658 -0.0126988 968.475
16 1662   -0.00380161 -0.0120301 949.439
16 1663   -0.00411389 -0.0124584 969.541
16 1664   -0.00363091 -0.0123519 968.541
16 1665   -0.00353809 -0.0120729 963.826
16 1666   -0.00445774 -0.0119904 969.389
16 1667   -0.00404311 -0.0120834 963.603
16 1668   -0.00426256 -0.0122326 969.34
16 1671   -0.00432613 -0.0117951 969.499
16 1672   -0.00415043 -0.0118871 965.227
16 1673   -0.0511398 0.0177507 961.063
16 1674   -0.0457985 0.0168124 921.005
16 1675   -0.0485188 0.0154721 932.345
16 1676   -0.0497797 0.0205015 968.253
16 1677   -0.0470593 0.0197612 956.203
16 1721   -0.03566 0.0210282 784.656
16 1722   -0.0335681 0.0210282 849.564
16 1735   -0.0223517 0.0247425 928.25
16 1736   -0.0210692 0.0297425 935.46
16 1737   -0.0148365 0.0242274 921.937
16 1738   -0.0138505 0.0292274 947.029
16 1739   -0.0162585 0.0322425 948.147
16 1741   -0.0199696 0.0222425 927.226
16 1742   -0.0170843 0.0222425 924.193
16 1768   0.00566975 -0.0336025 680.181
16 1769   0.00296517 -0.0317548 759.706
16 1770   0.00479541 -0.0289598 802.297
16 1776   -0.0511076 -0.0172522 958.766
16 1777   -0.0499366 -0.0144582 932.014
16 1778   -0.0487466 -0.0197642 966.304
16 1779   -0.0459618 -0.0190105 939.901
16 1780   -0.0473733 -0.0139164 917.753
16 1781   -0.0457594 -0.0159568 916.407
16 1787   -0.0315315 0.0335282 951.884
16 1788   -0.0282035 0.0310282 936.724
16 1789   -0.0296405 0.0280846 928.946
16 1790   -0.0348263 0.0322102 963.903
16 1791   -0.033399 0.0277948 927.904
16 1792   -0.0352568 0.0294204 951.247
16 1795   -0.0110008 -0.0209954 857.763
16 1796   -0.00910419 -0.0209954 782.042
16 1822   0.00555263 0.0236209 926.856
16 1823   0.00371032 0.025663 911.966
16 1824   0.00568202 0.0326115 687.433
16 1825   0.00383971 0.0298764 788.265
16 1921   0.00574021 0.0114743 933.322
16 1922   0.00557702 0.0118811 953.811
16 1923   0.00514186 0.0117175 944.609
16 1924   0.00517168 0.0113806 915.092
16 1925   0.00543842 0.0112408 893.707
16 1949   -0.000830676 0.0276338 942.701
16 1950   0.00110058 0.0308975 859.414
16 1951   -0.000693068 0.0336325 868.083
16 1952   -0.00397532 0.0287369 961.892
16 1953   -0.00386205 0.0320006 937.931
16 1974   -0.0492277 0.0260078 918.656
16 1975   -0.0491228 0.0299237 799.252
16 1976   -0.0434915 0.025812 965.29
16 1977   -0.0459555 0.0245321 964.007
16 1978   -0.0461927 0.0324292 824.749
16 1979   -0.0438336 0.0297932 932.18
16 1985   -0.00169983 -0.0198687 927.839
16 1986   -0.000732524 -0.0236948 967.803
16 1987   0.000289275 -0.0214264 965.511
16 1988   -0.00347294 -0.021256 863.224
16 1989   -0.00323252 -0.0232714 917.483
16 2050   -0.00605323 0.0333681 956.568
16 2051   -0.00864195 0.0333681 968.898
52 1   -0.00453544 -0.00107307 964.939
52 2   -0.00463734 0.00124216 965.481
52 3   -0.00265359 0.00231491 969.009
52 4   0.00131215 -0.00224173 969.367
52 5   -0.00265583 0.00452884 969.598
52 6   -0.000672828 0.00111743 969.218
52 7   0.0011891 -0.00442289 969.53
52 8   0.00141623 0.00435859 969.313
52 9   -0.000673393 -0.0010821 969.222
52 10   -0.00255225 -0.00219984 969.017
52 11   0.00126549 0.00214666 969.376
52 12   0.00315579 -0.00116462 967.926
52 13   -0.00875481 0.000196254 925.898
52 14   0.00310856 0.00102425 967.807
52 15   0.00493674 0.00206864 963.971
52 16   0.00501911 -0.0020586 965.562
52 17   0.00283281 -0.00548265 969.366
52 18   0.00329734 0.00518625 967.58
52 19   -0.00245586 -0.00422078 969.448
52 20   -0.000700053 -0.0052842 968.391
52 21   0.00497477 0.00401871 968.08
52 22   -0.00440153 0.00555645 969.531
52 23   -0.00789748 -0.00147708 932.654
52 24   -0.00606484 -0.00208635 958.188
52 25   0.00643798 0.00100511 953.308
52 26   -0.00789829 0.00178931 943.353
52 27   0.00810194 0.00153475 928.223
52 28   -0.00619583 0.00229759 962.892
52 29   0.00277451 -0.00731879 966.963
52 30   0.00911858 -0.000172904 919.451
52 31   0.00647312 -0.000933269 955.917
52 32   -0.00859429 -0.00317032 928.003
52 33   0.00810881 -0.00160131 937.257
52 34   -0.00380978 -0.00527513 966.899
52 35   0.00369258 0.00681824 945.648
52 36   -0.00851392 0.0035344 959.238
52 37   0.00527832 -0.00364416 968.155
52 38   -0.00100696 -0.00689836 962.862
52 39   0.00301646 0.0080672 936.341
52 40   -0.000250704 -0.0080886 961.643
52 41   0.0044242 -0.00488226 969.61
52 42   -0.00596781 -0.00383052 963.863
52 43   -0.00513034 -0.00497307 969.034
52 44   -0.00740346 -0.00435158 946.498
52 45   -0.00370833 0.00799349 964.416
52 46   -0.00448701 0.00703232 968.306
52 47   -0.00357031 -0.00687242 944.816
52 48   0.00858562 -0.00281459 944.9
52 49   -0.0025233 -0.00743224 949.29
52 50   -0.00579284 0.00498116 969.569
52 51   -0.00626818 0.00391094 968.386
52 52   0.0077812 -0.0037614 965.741
52 53   0.00562435 -0.00703482 969.183
52 54   0.00662968 -0.00412375 968.444
52 55   0.0054633 -0.00585426 969.631
52 56   -0.00752074 0.00451299 965.476
52 57   -0.00584076 0.00753707 968.521
52 58   0.0064945 -0.00533225 969.658
52 59   -0.00450912 -0.00754002 903.241
52 60   0.0039955 0.00901947 910.236
52 61   -0.00670491 0.00730653 969.155
52 62   -0.00673592 0.00587247 969.576
52 63   0.0083128 -0.004641 965.181
52 64   0.00664628 -0.00733268 969.259
52 65   -0.00541325 -0.00738074 852.036
52 66   -0.00576212 0.00843792 958.484
52 67   0.00718796 -0.0058229 969.301
52 68   -0.00758961 0.0055172 957.845
52 69   -0.00697628 0.00664748 969.188
52 70   0.00484192 0.00880156 864.3
52 71   0.00717868 -0.00664277 968.855
52 72   0.00707337 -0.00856027 968.845
52 73   0.00785474 -0.005494 948.458
52 74   0.00702058 -0.00795482 967.547
52 75   -0.00457912 -0.00836498 879.234
52 76   0.00826778 -0.00602703 967.234
52 77   0.00691465 -0.00898056 943.903
52 78   0.00775003 -0.00689935 963.234
52 79   0.00817235 -0.00661251 964.969
52 80   0.00474266 0.0099596 902.044
52 81   0.00519021 0.00934126 842.434
52 82   0.00772639 -0.00867927 958.9
52 83   0.00591655 0.00917579 791.273
52 84   0.00566111 0.0094181 799.548
52 85   0.0085083 -0.00696392 951.223
52 86   0.00762776 -0.0077412 954.423
52 87   0.0078248 -0.00737564 952.426
52 88   0.00798168 -0.0083327 927.679
52 89   0.00507502 0.00973268 855.015
52 90   0.00793584 -0.00800008 931.676
52 91   -0.00862416 0.00747201 918.447
52 92   0.00818782 -0.00747869 931.607
52 93   0.008449 -0.00735381 928.724
52 94   0.00571098 0.00979433 776.383
52 95   0.00822753 -0.00780846 912.606
52 96   0.00541257 0.00993062 813.57
52 97   0.00532306 0.0103639 853.246
52 98   0.00590144 0.00996226 724.606
52 99   0.00827765 -0.00839778 895.187
52 100   0.00845467 -0.0078892 886.124
52 101   0.00866714 -0.0075431 909.794
52 102   0.00544798 0.0101586 805.552
52 103   -0.00535817 -0.0102155 824.498
52 104   0.0086331 -0.00774872 888.087
52 105   -0.00849319 0.00827652 809.028
52 106   0.00549435 0.0105061 823.708
52 107   -0.00860349 0.00773511 895.723
52 108   0.00565769 0.0102364 742.818
52 109   0.00581273 0.0101763 672.049
52 110   -0.00553916 -0.0102526 780.494
52 111   0.00566392 0.0103938 721.437
52 112   -0.00876732 0.00780492 880.286
52 113   0.00876791 -0.00783554 861.514
52 114   -0.00592998 -0.0101729 590.228
52 115   0.0059109 0.0102775 477.403
52 116   0.00577405 0.0104343 554.478
52 117   -0.00874992 0.00792509 830.548
52 118   0.00876132 -0.00794946 805.114
52 119   -0.0088198 0.00797263 823.091
52 120   0.00883361 -0.00798539 802.913
52 121   0.0058822 0.0103599 331.129
52 122   0.00584762 0.0103952 366.281
52 123   0.00588544 0.0104318 127.67
52 124   -0.0088759 0.00807221 804.524
52 125   0.00594704 0.0104199 2.70213
52 402   -0.00750657 -0.00546473 956.461
52 422   -0.00356275 -0.0110631 968.762
52 423   -0.00390646 -0.010938 966.581
52 460   -0.00594253 -0.0103779 94.896
52 461   -0.00592047 -0.0103803 162.868
52 539   -0.00573546 -0.00805476 808.989
52 540   -0.00607889 -0.00833737 796.561
52 541   -0.00525036 -0.00845063 840.518
52 542   -0.00525545 -0.00916925 835.396
52 543   -0.00536653 -0.00878437 832.058
52 544   -0.00579046 -0.00877473 808.219
52 546   -0.00593865 -0.00906457 794.301
52 597   -0.00859582 0.00814757 767.197
52 598   -0.00869448 0.00816755 714.007
52 599   -0.00817827 0.00593547 965.34
52 602   -0.0077206 0.00672337 966.471
52 603   -0.00846917 0.00665046 963.916
52 604   -0.00806891 0.00636664 969.105
52 605   -0.00843337 0.00731053 934.567
52 606   -0.00835407 0.0069669 954.401
52 607   -0.00796038 0.0070371 958.333
52 608   -0.00777988 0.00763387 949.379
52 609   -0.00817611 0.00744649 935.661
52 610   -0.00790325 0.00731497 951.941
52 611   -0.00813426 0.00769185 924.962
52 612   -0.00797124 0.00783893 932.469
52 613   -0.00830958 0.00816331 890.839
52 614   -0.00810047 0.00817701 913.392
52 615   -0.0084754 0.00781214 893.054
52 616   -0.00829374 0.0078243 907.397
52 617   -0.00833984 0.00795768 895.601
52 618   -0.00856684 0.00805819 810.045
52 619   -0.00854852 0.00790951 867.147
52 620   -0.00849447 0.00798152 864.656
52 621   -0.00862418 0.00802842 793.89
52 622   -0.0086289 0.00794643 829.82
52 623   -0.00868953 0.00795888 807.192
52 624   -0.00870696 0.0081074 723.527
52 625   -0.00870396 0.00802411 766.207
52 626   -0.00866564 0.00805764 762.332
52 627   -0.00873978 0.0080521 740.193
52 628   -0.00875079 0.00809562 713.945
52 632   0.00840953 -0.00822119 863.023
52 633   0.00847483 -0.00805993 855.826
52 634   0.00870892 -0.00800318 770.055
52 635   0.00861219 -0.00804462 791.045
52 637   0.00851424 -0.00828652 800.809
52 640   0.00860033 -0.00812735 771.448
52 641   0.00856768 -0.00820799 774.995
52 642   0.00864278 -0.00822288 729.808
52 643   0.0087435 -0.00815342 700.004
52 644   0.00866901 -0.0081197 733.861
52 645   0.00868186 -0.00816479 718.256
52 646   0.0087511 -0.00811398 705.134
52 647   0.00871417 -0.00808771 724.905
52 648   0.00874222 -0.00805391 733.907
52 649   0.00878038 -0.00809894 703.063
52 650   0.00877792 -0.00806142 721.811
52 651   0.00882879 -0.00803827 760.692
52 652   0.00880505 -0.00805495 726.696
52 653   0.00885507 -0.00804859 785.683
52 663   0.00502628 -0.00779631 964.933
52 664   0.00402763 -0.0080016 964.141
52 665   0.00638499 -0.00907976 918.751
52 666   0.00557133 -0.00879883 945.027
52 667   0.00658316 -0.00955409 853.377
52 668   0.00635083 -0.00973558 832.307
52 683   -0.00100567 -0.00914912 957.638
52 684   -0.00193989 -0.0101639 950.811
52 685   -0.0023165 -0.0106077 944.724
52 686   -0.00314356 -0.011022 961.11
52 687   -0.00295379 -0.0105342 954.949
52 689   -0.00281825 -0.0113694 927.757
52 690   -0.00124907 0.00555887 968.959
52 691   0.000200414 0.00552771 968.209
52 692   0.00180829 0.00804841 953.602
52 693   0.000663254 0.0070721 963.482
52 694   0.000632583 0.00893144 959.717
52 695   0.00169658 0.00900401 953.456
52 696   0.00203761 0.00989001 950.866
52 697   0.00249467 0.0103799 948.01
52 699   0.00300716 0.0112758 951.99
52 708   0.00302141 0.0103029 954.114
52 709   0.00413705 0.0100628 942.374
52 710   0.0036551 0.00980963 938.871
52 711   0.00346846 0.0110038 968.746
52 712   0.00314228 0.0109039 961.972
52 713   0.00442837 0.0107599 968.519
52 714   0.00375657 0.0108986 967.597
52 715   0.00398728 0.0105983 968.432
52 863   0.00590932 0.010417 62.5185
52 949   -0.00692833 -0.00615245 969.304
52 950   -0.0060106 -0.00704788 892.546
52 951   -0.00598775 -0.00618185 961.408
52 1041   0.00880891 -0.00811016 693.202
52 1051   -0.00593933 -0.0103981 31.1926
52 1052   -0.00881061 0.00802309 782.764
52 1053   -0.00877983 0.00804576 741.905
52 1054   -0.00880577 0.008116 694.294
52 1055   -0.00878556 0.00810575 702.233
52 1056   -0.00879544 0.00807265 720.639
52 1057   -0.00881806 0.00809369 703.089
52 1058   -0.00881324 0.00807211 721.916
52 1060   -0.00883552 0.00809306 702.484
52 1061   0.00881885 -0.00807422 712.552
52 1062   0.00882026 -0.0080919 699.976
52 1063   0.00885013 -0.00806129 764.462
52 1064   0.00883766 -0.00807025 724.436
52 1065   0.00887177 -0.00807743 883.026
52 1066   0.00886423 -0.00807368 808.506
52 1067   0.00886396 -0.00806529 802.682
52 1082   0.00593806 0.0104049 13.6284
52 1085   0.00592324 0.0103998 66.8329
52 1086   0.00593394 0.0103792 110.654
52 1089   0.00591832 0.0104259 17.6698
52 1092   0.00593814 0.0104232 3.56421
52 1093   0.00593047 0.0104199 7.88656
52 1311   0.00391427 -0.0091605 958.52
52 1312   0.00185876 -0.00826102 964.353
52 1313   0.000784166 -0.00847643 963.61
52 1314   0.00245695 -0.0112056 928.17
52 1315   0.00213881 -0.0113131 873.868
52 1316   0.00164396 -0.0113629 907.308
52 1317   0.00338665 -0.00966818 962.563
52 1318   0.00258425 -0.00945151 961.992
52 1319   0.00226257 -0.00993721 960.403
52 1320   0.0026938 -0.0106932 957.434
52 1321   0.00322755 -0.0109637 967.477
52 1322   0.0035722 -0.0106403 969.243
52 1323   0.00362524 -0.0102085 966.608
52 1325   0.00397163 -0.0109378 966.455
52 1328   -0.00436058 0.00883622 957.202
52 1329   -0.00506063 0.0087759 949.49
52 1330   -0.00409537 0.00954104 956.642
52 1331   -0.00253793 0.0080073 965.174
52 1332   -0.00151097 0.00711883 966.846
52 1333   -0.000302304 0.00845107 962.536
52 1334   -0.000383338 0.00754733 964.437
52 1335   -0.00228616 0.00888783 963.098
52 1336   -0.00117816 0.0089031 963.068
52 1337   -0.00116004 0.00975759 961.822
52 1338   -0.00137357 0.0114262 919.456
52 1339   -0.00186937 0.0113763 869.45
52 1340   -0.0018724 0.0101161 958.673
52 1341   -0.00202974 0.0109023 935.892
52 1342   -0.00251567 0.0112166 929.578
52 1343   -0.00364757 0.00988919 963.402
52 1344   -0.00281454 0.0107408 959.496
52 1345   -0.00329162 0.0109991 968.157
52 1346   -0.00289349 0.00963464 962.184
52 1347   -0.00249784 0.0100084 960.982
52 1348   -0.00428626 0.0105428 968.5
52 1349   -0.00366967 0.0107064 969.379
52 1350   -0.00378832 0.0103364 967.892
52 1352   -0.00432697 0.0108589 968.437
52 1353   -0.00400825 0.0109666 965.607
52 1367   -0.00236152 -0.0115356 823.828
52 1368   -0.00254421 -0.0114691 877.118
52 1372   0.00115088 -0.0109831 958.056
52 1373   0.00137357 -0.0101235 960.819
52 1374   0.000620666 -0.00985323 963.129
52 1375   -0.00127462 -0.0104325 956.872
52 1376   -0.000119703 -0.0103488 965.824
52 1377   -0.000711173 -0.0100326 961.306
52 1378   0.000287562 -0.0116467 964.419
52 1379   0.000466038 -0.0112747 969.456
52 1380   -5.16395e-05 -0.0109108 969.157
52 1381   -0.000321066 -0.0111028 969.517
52 1382   -0.000139166 -0.0114628 966.497
52 1384   -0.000396294 -0.0116469 964.171
52 1385   -0.000732072 -0.011643 969.032
52 1392   -0.000545601 0.0101774 963.986
52 1393   0.000135395 0.00999128 963.947
52 1394   0.000606952 0.00961535 960.682
52 1395   0.00126983 0.0100417 957.211
52 1396   0.0011146 0.0105277 959.396
52 1397   0.000512166 0.0105136 966.02
52 1398   0.00117292 0.0113209 959.241
52 1399   0.00137848 0.0109269 953.612
52 1400   0.00215898 0.0109287 935.704
52 1401   0.00173002 0.0110259 938.114
52 1402   0.00238751 0.0111737 917.261
52 1403   0.00271369 0.0112735 922.385
52 1404   0.00219221 0.0114639 853.941
52 1406   0.00238802 0.0116113 813.433
52 1407   0.00264876 0.0115161 877.277
52 1410   -0.000393483 0.0116281 966.294
52 1411   -0.000623153 0.0107978 966.266
52 1412   -0.000899144 0.011214 963.871
52 1413   0.000306609 0.0109077 969.084
52 1414   -8.72714e-05 0.0114179 967.093
52 1415   -0.000147714 0.0110057 969.455
52 1416   0.000861649 0.011371 968.557
52 1417   0.000239109 0.011471 966.593
52 1418   0.000494994 0.0111689 969.516
52 1420   0.000437548 0.0116751 963.941
52 1421   0.000773981 0.011671 969.057
52 1428   -0.00512979 0.00941174 927.25
52 1429   -0.00462982 0.00973426 942.361
52 1430   -0.00467996 0.0102888 950.153
52 1431   -0.00552194 0.00965639 890.721
52 1432   -0.00554078 0.0101333 835.71
52 1434   -0.00607173 0.0100854 793.698
52 1435   -0.00584071 0.0102663 769.374
52 1438   0.00516697 -0.0092503 930.284
52 1439   0.00450857 -0.00940668 948.925
52 1440   0.00405118 -0.01029 966.538
52 1441   0.0044069 -0.00999589 953.405
52 1442   0.00415722 -0.0106681 969.417
52 1443   0.00444884 -0.0107766 969.137
52 1444   0.00470405 -0.010119 943.81
52 1445   0.00463995 -0.0105215 961.429
52 1446   0.00538896 -0.00974668 894.31
52 1447   0.00502772 -0.0100261 914.313
52 1448   0.006055 -0.0098433 829.22
52 1449   0.00569566 -0.00987725 855.006
52 1450   0.0056205 -0.0102505 808.789
52 1452   0.00609601 -0.0101258 785.503
52 1453   0.00586368 -0.0103073 760.045
52 1470   -0.00535812 0.0103893 854.624
52 1471   -0.00503939 0.0104971 931.786
52 1475   0.00493157 -0.01063 949.417
52 1478   0.00540878 -0.0104688 841.791
52 1479   0.00512269 -0.010375 905.312
52 1481   0.00142168 0.011617 936.751
52 1484   0.00192634 0.011611 843.962
52 1485   0.00169268 0.011418 912.986
52 1490   -0.00130066 -0.0109448 954.282
52 1491   -0.00190836 -0.0110604 932.18
52 1492   -0.00203764 -0.0114007 877.25
52 1493   -0.00084933 -0.0111128 965.827
52 1494   -0.00100321 -0.011469 965.287
52 1496   -0.00141593 -0.0116431 935.328
52 1497   -0.0017517 -0.0116392 864.498
52 1704   0.00629234 0.00454413 964.324
52 1705   0.0077837 0.00533286 947.349
52 1706   0.00672221 0.00670505 949.378
52 1707   0.00613304 0.00553878 968.951
52 1708   0.00697649 0.00570715 966.896
52 1709   0.00501797 0.0068746 924.511
52 1710   0.00610774 0.00685011 910.678
52 1711   0.00564979 0.00622326 958.62
52 1712   0.00508322 0.00827341 855.292
52 1713   0.0051419 0.00755579 873.845
52 1714   0.00580995 0.00744711 821.138
52 1716   0.00600677 0.00796357 789.285
52 1719   0.00598882 0.00871949 800.61
52 1720   0.00571911 0.00836777 814.938
52 1745   -0.00623732 0.00887783 940.779
52 1746   -0.00673208 0.00950653 857.443
52 1747   -0.00650106 0.00968738 835.495
52 1748   -0.00617782 0.00975653 837.552
52 1749   -0.00592797 0.00946046 888.074
52 1750   -0.00722121 0.00910729 945.539
52 1751   -0.00665349 0.00878154 953.038
52 1752   -0.00678289 0.00920458 910.619
52 1753   -0.00731805 0.00877679 969.118
52 1754   -0.00699076 0.00850865 969.134
52 1755   -0.00720399 0.0079921 966.75
52 1756   -0.00759176 0.00796568 955.517
52 1757   -0.00806662 0.00846045 920.518
52 1759   -0.00774927 0.00845419 950.798
52 1760   -0.00768878 0.00874874 963.127
52 1926   0.00481058 0.0103076 926.817
52 1927   0.00509998 0.010418 907.044
52 1928   0.00464605 0.0105724 963.103
52 1929   0.00483313 0.0107201 966.756
52 1930   0.00503779 0.0106454 951.539
52 2038   0.00863347 0.00263947 924.352
52 2040   0.00771977 0.00368886 942.241
52 2041   0.00836769 0.00430922 926.732
52 2055   0.00883955 -0.00809655 695.871
52 2056   0.00885783 -0.00808266 726.29
52 2057   0.00884509 -0.00808323 710.573
52 2072   -0.00408299 -0.010683 969.234
52 2073   -0.00409232 -0.0102981 958.242
52 2074   -0.00444804 -0.0107791 968.934
52 2075   -0.00245 -0.00843436 943.2
52 2076   -0.00205939 -0.00957585 950.207
52 2077   -0.00168863 -0.008961 952.513
52 2078   -0.00265716 -0.00934235 943.789
52 2079   -0.00298437 -0.00875605 934.616
52 2080   -0.00317494 -0.00985678 947.209
52 2081   -0.00371776 -0.00983461 941.437
52 2082   -0.00384028 -0.00930617 920.254
52 2083   -0.0042073 -0.0086855 895.497
52 2084   -0.00362467 -0.00874205 918.505
52 2085   -0.00495707 -0.00929152 856.703
52 2086   -0.00432121 -0.00941339 900.979
52 2087   -0.00452462 -0.00908586 882.478
52 2088   -0.00459234 -0.009688 894.845
52 2089   -0.00493689 -0.00959441 862.357
52 2090   -0.00484468 -0.0100502 895.067
52 2091   -0.00457992 -0.00993569 910.285
52 2092   -0.00439202 -0.0101528 939.926
52 2093   -0.00457933 -0.0105988 966.265
52 2094   -0.00451398 -0.0103574 951.473
52 2095   -0.0047834 -0.0102794 923.851
52 2096   -0.00500164 -0.0107022 956.777
52 2097   -0.00480451 -0.0106413 961.659
52 2098   -0.00491464 -0.0104305 928.402
52 2099   -0.00523477 -0.0103434 864.348
52 2100   -0.00513893 -0.0105668 920.966
52 2101   -0.0050846 -0.0104159 903.904
52 2104   -0.00532617 -0.0106077 892.49
52 2105   -0.00524894 -0.0105504 896.64
52 2106   -0.00530055 -0.0104475 863.533
52 2107   -0.00546569 -0.0105575 839.894
52 2108   -0.00537701 -0.0105471 863.986
52 2109   -0.00537855 -0.0104625 845.881
52 2110   -0.0055188 -0.0103863 789.51
52 2111   -0.0054915 -0.0105061 819.495
52 2112   -0.00544297 -0.0104397 822.558
52 2113   -0.00563307 -0.0105048 759.995
52 2114   -0.00555406 -0.0104915 792.59
52 2115   -0.00558059 -0.010414 769.223
52 2116   -0.0057132 -0.0103688 671.178
52 2117   -0.00567372 -0.0104561 716.682
52 2118   -0.00564549 -0.0103985 733.052
52 2119   -0.00576927 -0.0104721 531.936
52 2120   -0.00572382 -0.0104548 643.428
52 2121   -0.00575004 -0.0104063 604.817
52 2122   -0.00579804 -0.0104422 469.914
52 2123   -0.00579292 -0.0104051 516.125
52 2125   -0.00583373 -0.0104462 348.964
52 2128   -0.00596569 -0.00950654 771.339
52 2129   -0.00578549 -0.00926062 795.537
52 2130   -0.00552622 -0.00935566 811.601
52 2131   -0.00580663 -0.00965563 774.189
52 2132   -0.00557088 -0.00960214 800.277
52 2133   -0.00588307 -0.0100415 703.458
52 2134   -0.00595594 -0.00991148 721.826
52 2135   -0.00583677 -0.00980863 758.207
52 2136   -0.00529213 -0.0100634 831.963
52 2137   -0.00506005 -0.00997671 864.211
52 2138   -0.00513984 -0.00976862 846.922
52 2139   -0.00533131 -0.00977871 823.791
52 2140   -0.0054714 -0.00972871 806.701
52 2141   -0.00540207 -0.00993432 811.969
52 2142   -0.00568652 -0.00985997 773.379
52 2143   -0.00555689 -0.00983354 792.437
52 2144   -0.00552745 -0.00993511 792.387
52 2145   -0.00577898 -0.0100151 738.694
52 2146   -0.00570159 -0.00993647 765.035
52 2147   -0.00561258 -0.00998661 775.495
52 2148   -0.00562984 -0.0101659 757.954
52 2149   -0.00564391 -0.0100513 764.877
52 2150   -0.00573602 -0.0100792 738.721
52 2151   -0.00572993 -0.0103092 673.474
52 2152   -0.00569111 -0.0102246 726.054
52 2153   -0.00575279 -0.0101629 709.941
52 2154   -0.00586987 -0.0102348 578.803
52 2155   -0.00578799 -0.0102829 632.189
52 2156   -0.00579522 -0.0102122 665.935
52 2157   -0.00582575 -0.0103112 552.782
52 2158   -0.0058768 -0.010294 490.36
52 2159   -0.00589576 -0.010355 323.92
52 2160   -0.00592209 -0.0103256 355.208
52 2161   -0.00582288 -0.0103828 465.973
52 2162   -0.00583449 -0.0103526 482.566
52 2163   -0.0058592 -0.0103648 404.203
52 2164   -0.00584225 -0.0104244 348.737
52 2165   -0.00585867 -0.0103918 357.954
52 2166   -0.00583652 -0.0103981 412.285
52 2167   -0.0058785 -0.0104405 143.678
52 2168   -0.00586772 -0.010408 282.01
52 2169   -0.00586109 -0.0104282 266.078
52 2170   -0.00589944 -0.010404 147.348
52 2171   -0.0058883 -0.010428 126.902
52 2172   -0.00588196 -0.0104125 211.138
52 2173   -0.00591837 -0.0104304 14.7544
52 2174   -0.00590264 -0.0104272 70.559
52 2175   -0.00591047 -0.0104133 74.5346
52 2176   -0.0059338 -0.0104068 20.7719
52 2177   -0.00592856 -0.0104211 10.4436
52 2178   -0.00592384 -0.0104118 35.4033
52 2179   -0.00594138 -0.0104244 3.4011
52 2182   -0.00593798 -0.0104195 5.64558
52 2183   -0.00594008 -0.0104129 8.18094
52 2184   -0.00884849 0.00803229 812.2
52 2188   -0.0088614 0.00805729 838.807
52 2189   -0.00882823 0.00806043 748.007
52 2190   -0.00884281 0.00804841 796.21
52 2191   -0.00883916 0.00807074 745.958
52 2192   -0.00884163 0.00808178 720.291
52 2193   -0.00885534 0.00806883 830.995
52 2194   -0.00887008 0.00807677 942.695
52 2197   -0.00885507 0.00808395 730.61
52 2198   -0.00886149 0.008077 838.239
end
