1017
16 147   -0.0449783 0.00329471 890.57
16 148   -0.0451581 -0.00288625 890.353
16 149   -0.0411411 -0.00640526 889.228
16 150   0.00372283 0.0223598 954.116
16 151   -0.038483 -0.00710444 885.874
16 152   -0.00606475 -0.01515 920.103
16 153   -0.00704129 -0.0143009 928.696
16 154   -0.00514823 -0.0142283 941.469
16 155   -0.00570323 -0.0130235 949.648
16 156   -0.00661976 -0.0130416 943.702
16 157   -0.00707846 -0.0122786 947.637
16 158   -0.00680813 -0.0115691 955.893
16 159   0.00596407 0.0112804 915.471
16 160   0.00633298 0.0109113 936.783
16 161   0.00592116 0.0109398 870.804
16 162   0.00642297 0.0107516 952.237
16 163   0.00611217 0.0108397 881.162
16 376   0.00207692 0.0124726 906.006
16 378   -0.0511398 0.0239925 938.632
16 379   -0.0451472 0.0217765 947.697
16 388   -0.00999071 -0.030466 962.486
16 389   -0.00733753 -0.0334887 964.385
16 390   -0.00862849 -0.0272967 943.005
16 391   -0.00575996 -0.0270032 956.422
16 392   -0.0410153 0.0310459 954.13
16 393   -0.0392028 0.033682 957.532
16 394   -0.0387392 0.0282561 958.801
16 404   -0.0100899 0.0304116 962.531
16 405   -0.0089272 0.027325 942.962
16 420   -0.0328857 -0.0230771 876.606
16 426   -0.0473573 0.0130657 910.963
16 427   -0.0423573 0.0130657 883.539
16 428   -0.0432985 0.0168124 882.763
16 429   -0.0410188 0.0154721 864.245
16 456   -0.0501581 -0.00541564 893.232
16 459   -0.0489871 -0.0093754 899.906
16 460   -0.051329 -0.0114581 910.807
16 461   -0.0435777 -0.0108934 891.482
16 462   -0.0464237 -0.0113341 900.653
16 463   -0.0421379 -0.0127052 884.82
16 464   -0.0433702 -0.0151863 887.552
16 465   -0.0397013 -0.0118635 879.253
16 466   -0.0387183 -0.0133456 868.608
16 469   -0.0242423 -0.0325 932.911
16 470   -0.0296913 -0.0245514 907.495
16 471   -0.0263438 -0.0225 915.018
16 472   -0.0314704 -0.0335257 949.369
16 473   -0.0280887 -0.0310257 933.589
16 474   -0.0294753 -0.0280771 926.13
16 475   -0.0323496 -0.0291028 934.007
16 476   -0.0333643 -0.0320514 955.423
16 481   -0.00531127 -0.012442 955.064
16 482   -0.00558919 -0.0112368 901.125
16 483   -0.00562462 -0.011964 947.396
16 484   -0.00526135 -0.0116832 940.638
16 485   -0.00637138 -0.0114751 946.371
16 486   -0.00603854 -0.0116885 940.672
16 487   -0.00593725 -0.0112704 915.867
16 488   -0.00637619 -0.0111094 947.584
16 489   -0.00612369 -0.0110452 914.839
16 491   -0.00610067 -0.0108412 879.016
16 595   -0.00722967 -0.0112454 965.783
16 597   -0.00736484 -0.0108341 969.527
16 598   -0.00709451 -0.0109745 969.31
16 599   -0.00722184 -0.0105407 965.419
16 600   -0.00695398 -0.0104832 947.208
16 601   -0.00682789 -0.0106476 962.948
16 602   -0.00682542 -0.0108454 969.468
16 604   -0.00663077 -0.0105537 961.032
16 610   -0.00647003 -0.0109474 956.073
16 611   -0.00661767 -0.0108602 968.053
16 612   -0.0064281 -0.0106648 961.907
16 613   -0.00655572 -0.0106962 969.287
16 614   -0.00621678 -0.0108344 909.99
16 615   -0.00635367 -0.0107578 942.567
16 616   -0.00633364 -0.0108763 939.755
16 618   -0.00626834 -0.0106993 911.505
16 619   -0.00620528 -0.0107324 889.539
16 650   0.00651757 0.0180204 968.515
16 651   0.00455271 0.0191749 967.954
16 652   0.00553566 0.0163003 969.362
16 653   0.0039298 0.0146474 966.949
16 654   0.0060274 0.0153599 968.545
16 655   0.00504602 0.0146335 967.361
16 656   0.00555434 0.0138613 965.571
16 657   0.00727176 0.0123225 957.213
16 658   0.00679818 0.0128441 959.406
16 659   0.0063417 0.0124749 956.907
16 660   0.00701836 0.0119112 957.531
16 661   0.00656188 0.0119492 953.662
16 662   0.00651125 0.0112451 952.157
16 663   0.00633335 0.0115142 945.57
16 664   0.00710731 0.011573 960.452
16 665   0.00682874 0.011342 962.066
16 666   0.00694286 0.0110653 968.519
16 667   0.00658998 0.0107577 969.12
16 668   0.00681748 0.0108489 969.522
16 670   0.0066758 0.0105255 955.248
16 671   0.00655977 0.0105863 967.355
16 694   -0.0411643 0.0249972 921.484
16 695   -0.0392304 0.0261886 923.042
16 696   -0.00500406 -0.0243565 896.428
16 698   -0.0423533 0.0186883 858.622
16 699   -0.0429412 0.0207036 876.343
16 701   0.00690881 -0.01299 878.558
16 702   0.00349198 -0.0145217 951.29
16 709   -0.0423617 -0.0198154 855.694
16 710   -0.0420411 -0.017061 862.17
16 711   -0.0386076 -0.0179995 772.925
16 712   -0.0398259 -0.0160619 841.412
16 716   -0.006875 0.0147089 872.482
16 717   -0.00458625 0.0121338 899.202
16 718   -0.00710727 0.0122599 833.393
16 719   -0.00648227 0.0133015 866.904
16 720   -0.00569682 0.0133199 882.825
16 721   -0.0068708 0.0116335 819.017
16 722   -0.00726352 0.0111242 808.106
16 723   -0.00702705 0.0107479 820.756
16 724   -0.00643796 0.011637 818.771
16 725   -0.00635773 0.0111254 816.365
16 726   -0.00517534 0.0114948 792.361
16 727   -0.0056525 0.0124057 858.285
16 728   -0.00509932 0.0121418 856.87
16 729   -0.00600512 0.0118906 824.176
16 730   -0.00602307 0.0111891 798.514
16 731   -0.00555012 0.0114369 786.255
16 732   -0.00582671 0.0115688 804.085
16 734   -0.00562824 0.0111191 755.445
16 735   -0.00586472 0.0109952 781.49
16 752   -0.0330259 0.0230846 876.586
16 753   -0.0349116 0.0252948 887.246
16 758   -0.011339 -0.022966 884.898
16 759   -0.00930686 -0.0247967 888.982
16 763   0.00511675 0.0131244 964.436
16 764   0.00540575 0.0126355 960.629
16 765   0.00587756 0.0124054 955.482
16 766   0.00572846 0.0116459 932.403
16 767   0.00530975 0.0115021 919.63
16 768   0.0044876 0.0120973 965.717
16 769   0.00503071 0.0118213 945.852
16 770   0.00497761 0.0121951 958.413
16 771   0.0046943 0.011643 945.631
16 772   0.0043871 0.011804 963.453
16 802   -0.0118118 0.0229946 892.236
16 803   -0.00965697 0.024908 896.668
16 809   0.00272585 -0.0123812 957.501
16 810   0.00295658 -0.013638 948.025
16 811   0.00641658 -0.0222943 944.272
16 812   0.00533317 -0.0197554 967.799
16 813   0.00299975 -0.0154671 957.686
16 814   0.00262463 -0.0176623 965.789
16 815   0.00370804 -0.0170497 965.68
16 816   0.00189871 -0.0156394 958.209
16 817   0.00152359 -0.0167841 960.125
16 818   0.00040492 -0.0165161 956.23
16 819   0.00125115 -0.0147998 957.456
16 820   -0.000270129 -0.0146636 961.096
16 821   0.00029907 -0.0153702 957.845
16 822   0.00131279 -0.013786 954.754
16 823   0.000640705 -0.01268 958.682
16 824   0.00221867 -0.0134144 943.466
16 825   0.00171466 -0.0134566 945.463
16 826   0.00222026 -0.0129189 932.559
16 827   0.00238164 -0.0125889 931.17
16 829   0.00189573 -0.0123442 851.005
16 830   0.00215926 -0.0123015 895.48
16 833   0.000191289 -0.0227796 968.122
16 834   0.00145238 -0.0192221 965.586
16 835   0.00253579 -0.0207105 968.767
16 836   -0.000285747 -0.0171622 951.256
16 837   -0.00175592 -0.0194015 925.586
16 838   -0.000339332 -0.01899 950.936
16 839   -0.00240783 -0.0179442 918.711
16 840   -0.00156821 -0.0169584 939.575
16 841   -0.0020781 -0.0160764 941.457
16 842   -0.00335777 -0.0160373 929.218
16 843   -0.00138247 -0.0151332 954.123
16 844   -0.00195942 -0.0145589 955.336
16 845   -0.00427903 -0.0145556 942.996
16 846   -0.00358058 -0.0153601 936.762
16 847   -0.00287787 -0.0148249 947.976
16 848   -0.00395769 -0.0138544 954.262
16 849   -0.00319496 -0.0141865 952.39
16 850   -0.00404545 -0.0131327 963.429
16 851   -0.00449267 -0.0126575 965.822
16 852   -0.00422681 -0.0122475 969.161
16 853   -0.00342885 -0.0130843 962.724
16 854   -0.00246153 -0.0133975 956.404
16 855   -0.00298974 -0.0135384 957.4
16 856   -0.00323723 -0.0127104 964.09
16 857   -0.00373446 -0.012312 966.12
16 858   -0.00322156 -0.0122689 967.954
16 859   -0.00342733 -0.0125142 968.403
16 861   -0.00366045 -0.0120453 955.311
16 862   -0.00339692 -0.0120881 968.555
16 868   -0.007357 -0.0103716 967.092
16 870   -0.0074285 -0.0101364 929.229
16 871   -0.0072855 -0.0102113 965.536
16 872   -0.000153167 -0.0138259 967.134
16 873   0.000477671 -0.0135188 964.67
16 874   0.000250354 -0.0129877 968.514
16 875   -0.000780848 -0.013538 968.465
16 876   -0.00160131 -0.012879 960.881
16 877   -0.00119093 -0.0126149 968.366
16 878   -0.00147477 -0.0138014 963.029
16 879   -0.00189501 -0.0134928 960.346
16 880   -0.000322004 -0.0128761 963.038
16 881   -0.000722367 -0.0131192 969.566
16 882   -0.000859062 -0.0128115 969.099
16 884   -0.00059046 -0.012547 962.229
16 885   -0.000326937 -0.0125897 948.373
16 891   -0.0510349 0.0324945 690.185
16 935   -0.00701173 -0.0178996 811.399
16 936   -0.00603519 -0.0164631 884.587
16 937   -0.00448448 -0.0168183 896.489
16 938   -0.00404444 -0.0178433 881.013
16 978   -0.020921 -0.0297387 932.304
16 979   -0.0221132 -0.0247387 925.186
16 980   -0.0136582 -0.029216 944.397
16 981   -0.0161672 -0.0322387 945.208
16 982   -0.0143281 -0.024216 915.736
16 999   -0.0243228 0.0325 933.324
16 1000   -0.0265394 0.0225 915.01
16 1001   -0.0298553 0.0245564 907.513
16 1002   0.00116703 -0.0259261 941.517
16 1003   0.00459495 -0.0263959 896.808
16 1004   -0.00293476 -0.0320655 926.843
16 1005   -0.00271941 -0.0287495 952.272
16 1007   0.00385673 -0.0335769 703.766
16 1008   0.000213461 -0.0335769 838.156
16 1051   -0.0334746 -0.0210257 846.292
16 1060   -0.0399783 0.0107786 883.039
16 1061   -0.0399783 0.00580858 888.627
16 1067   -0.0346216 -0.0252535 886.961
16 1068   -0.0343016 -0.0277535 926.696
16 1087   -0.0315314 0.0335282 949.415
16 1088   -0.0296405 0.0280846 926.419
16 1089   -0.0282034 0.0310282 933.904
16 1215   -0.0385874 -0.021215 547.715
16 1216   -0.0393393 -0.0199599 639.114
16 1217   -0.0401263 -0.0220319 771.167
16 1218   -0.0408781 -0.0207768 789.903
16 1219   -0.00563037 0.021392 681.164
16 1220   -0.00567298 0.0248456 904.711
16 1221   -0.0043485 0.0232224 867.799
16 1222   -0.00759578 0.0221 723.601
16 1223   -0.00765432 0.0240134 848.09
16 1224   -0.0370863 0.0218354 702.227
16 1225   -0.0410419 0.0218372 803.283
16 1226   -0.0403689 0.0234405 836.536
16 1227   -0.038435 0.0246319 849.229
16 1228   -0.0368801 0.0240456 828.45
16 1230   0.0073522 -0.0104076 744.854
16 1231   -0.00664505 -0.0217573 649.308
16 1232   -0.00807932 -0.021904 739
16 1233   -0.00650724 -0.0235879 827.816
16 1234   -0.0079415 -0.0237346 844.276
16 1240   -0.00600567 -0.0206362 632.421
16 1241   -0.00630344 -0.019076 751.868
16 1242   -0.00488685 -0.0186644 832.27
16 1244   -0.00714528 0.0104359 802.997
16 1247   -0.00738176 0.010187 564.445
16 1248   -0.00738176 0.0104371 750.359
16 1249   0.00355067 0.0139023 965.869
16 1250   0.00245658 0.0125658 928.197
16 1252   0.0026196 0.0122297 900.234
16 1259   0.00661321 -0.0122361 844.478
16 1260   0.0072044 -0.0117701 821.967
16 1261   0.00705661 -0.0113932 813.144
16 1262   0.0073522 -0.0110821 803.87
16 1263   0.0072044 -0.0106732 797.154
16 1264   0.00690881 -0.010608 838.788
16 1265   0.00631762 -0.011184 808.37
16 1266   0.00676101 -0.0112499 816.84
16 1267   0.00676101 -0.0108736 830.649
16 1269   0.00646541 -0.0107302 853.028
16 1270   0.00616982 -0.0108851 813.992
16 1275   0.0072783 -0.0102262 674.088
16 1276   0.0074261 -0.0101488 370.921
16 1277   -0.00193318 -0.0126824 946.232
16 1278   -0.00237301 -0.0129157 951.611
16 1279   -0.0027096 -0.0126827 950.122
16 1280   -0.00253329 -0.0124066 922.179
16 1282   -0.00191809 -0.0123541 921.202
16 1283   -0.00218161 -0.0123113 891.169
16 1286   -0.00298691 -0.0121676 955.53
16 1287   -0.00272339 -0.0122104 909.371
16 1337   0.00109282 -0.0127486 926.58
16 1338   0.00145848 -0.012993 931.755
16 1339   0.00168904 -0.0125198 873.43
16 1340   0.00179118 -0.012807 915.534
16 1342   0.00137445 -0.0124189 853.023
16 1343   0.00111092 -0.0124617 890.426
16 1347   0.00602202 -0.0121145 839.188
16 1348   0.00602202 -0.011472 800.612
16 1349   0.00513523 -0.0118816 826.988
16 1350   0.00543083 -0.0123692 864.718
16 1352   0.00528303 -0.0114829 781.336
16 1353   0.00557863 -0.011328 767.835
16 1362   -0.003125 0.0150417 926.224
16 1363   -0.004375 0.0151252 904.604
16 1364   -0.00483955 0.0140606 907.073
16 1365   -0.00289528 0.014061 939.175
16 1366   -0.00326023 0.0124057 966.382
16 1367   -0.00398483 0.0136213 929.703
16 1368   -0.00352375 0.012363 961.8
16 1369   -0.00405245 0.0127408 946.531
16 1370   0.00044528 0.0176325 958.286
16 1371   -0.0028415 0.0182921 893.986
16 1372   -0.000581075 0.0165672 949.413
16 1373   -0.00236621 0.0155634 932.929
16 1374   -0.00209864 0.0166903 928.716
16 1375   -0.00122905 0.0151787 950.045
16 1376   -0.000336479 0.0156806 955.096
16 1377   0.000420282 0.0150342 962.478
16 1378   -0.000451702 0.0128685 966.038
16 1379   -0.000926013 0.0144015 958.294
16 1380   -3.54663e-05 0.0143185 964.901
16 1381   -0.00222131 0.013664 947.481
16 1382   -0.0013892 0.013806 956.029
16 1383   -0.00136659 0.0126414 926.453
16 1384   -0.00102772 0.0131382 961.696
16 1385   -0.0029798 0.0126686 961.3
16 1386   -0.00275009 0.0122711 963.957
16 1387   -0.00250173 0.0131094 948.088
16 1388   -0.00181931 0.0126767 916.296
16 1389   -0.00219769 0.0128327 941.364
16 1390   -0.00241223 0.0124346 941.651
16 1392   -0.00190209 0.0123 858.846
16 1393   -0.00216561 0.0122573 905.312
16 1460   0.00411762 0.0123181 969.496
16 1461   0.00431862 0.0129048 967.609
16 1462   0.00388587 0.0131854 967.172
16 1463   0.00294528 0.0178319 969.115
16 1464   0.00169528 0.0172823 966.034
16 1465   0.00392823 0.0166028 968.99
16 1466   0.00330376 0.0156762 967.584
16 1467   0.00111345 0.0151073 964.073
16 1468   0.00174047 0.0159669 965.071
16 1469   0.00236599 0.0155899 966.246
16 1470   0.00205274 0.0148342 965.16
16 1471   0.0014252 0.0146264 965.036
16 1472   0.00285826 0.0139976 964.452
16 1473   0.00229861 0.014364 964.727
16 1474   0.00261514 0.0129271 952.203
16 1475   0.00253464 0.0133876 959.904
16 1476   0.0029143 0.0134808 963.014
16 1477   0.00294455 0.0128737 958.567
16 1478   0.00317681 0.0131456 963.585
16 1479   0.00345596 0.0129455 966.561
16 1480   0.0033884 0.0126468 967.85
16 1481   0.00306681 0.0126216 960.931
16 1482   0.00304783 0.0121602 961.792
16 1483   0.00290043 0.012339 949.269
16 1484   0.00373176 0.0121266 959.612
16 1486   0.00331135 0.0121175 968.909
16 1487   0.00348555 0.0123214 969.31
16 1499   -5.54054e-05 0.0131823 968.663
16 1500   0.000210141 0.0137243 968.77
16 1501   0.00084436 0.0135418 968.177
16 1502   0.00173239 0.0128296 949.449
16 1503   0.00129091 0.0139167 965.735
16 1504   0.00123661 0.0126004 959.876
16 1505   0.00203155 0.0133833 960.112
16 1506   0.00185156 0.0138428 963.877
16 1507   0.000330922 0.0128852 965.274
16 1508   0.000776962 0.0131139 969.261
16 1509   0.000907712 0.0128001 968.96
16 1512   0.000593433 0.01255 968.37
16 1513   0.00032991 0.0125927 958.272
16 1514   0.00377995 -0.0122102 965.841
16 1515   0.00352477 -0.0132222 948.955
16 1516   0.00321176 -0.0126259 961.408
16 1517   0.00351642 -0.0122529 968.431
16 1519   0.00641658 -0.0178036 969.01
16 1520   0.00533317 -0.0168926 965.575
16 1523   0.0063671 -0.0138288 916.513
16 1524   0.00587488 -0.0155359 954.277
16 1525   0.00695829 -0.0149233 941.301
16 1526   0.00444638 -0.0145812 947.35
16 1527   0.00503757 -0.014914 948.313
16 1528   0.0055298 -0.0139686 928.299
16 1529   0.00515997 -0.0128436 901.717
16 1530   0.00520946 -0.0134827 921.848
16 1531   0.00466775 -0.013789 937.024
16 1532   0.00470838 -0.0129189 920.213
16 1533   0.00446227 -0.0133916 935.486
16 1534   0.00410079 -0.0132359 941.725
16 1535   0.00403894 -0.0124371 948.244
16 1536   0.00417854 -0.0128452 940.298
16 1537   0.00451527 -0.0126813 923.246
16 1538   0.00469184 -0.0117926 833.036
16 1541   0.00422787 -0.0120294 903.237
16 1542   0.00452347 -0.0121958 891.492
16 1588   -0.037442 -0.0214341 626.619
16 1589   -0.0360203 -0.0205128 744.949
16 1590   -0.0351929 -0.0215385 804.736
16 1591   0.00703557 0.0103485 943.426
16 1592   0.00686692 0.0105305 953.926
16 1593   0.0069784 0.0106825 966.315
16 1595   0.00700931 0.0149538 967.731
16 1596   0.00702642 0.0135092 962.535
16 1597   0.00653572 0.0141071 965.489
16 1611   0.00736072 0.0114119 963.24
16 1614   0.00743036 0.0109736 968.687
16 1615   0.00715179 0.0110733 968.681
16 1616   0.00729107 0.0111888 967.028
16 1617   0.00717342 0.0107087 968.65
16 1618   0.00736072 0.0108332 969.568
16 1619   0.00722143 0.010883 969.628
16 1620   0.00744117 0.0105506 969.607
16 1621   0.00725388 0.0106255 968.661
16 1622   0.00737153 0.0106923 969.662
16 1623   0.0072275 0.010359 964.874
16 1624   0.00738235 0.0104588 969.483
16 1625   0.0072647 0.0105089 967.897
16 1628   0.00734515 0.0102505 966.258
16 1629   0.00744117 0.010317 966.777
16 1631   0.00735597 0.0101339 954.969
16 1632   0.00745199 0.0100835 830.647
16 1635   -0.00435907 0.0184152 846.882
16 1636   -0.00560907 0.0196652 732.888
16 1637   -0.006875 0.0182085 785.151
16 1638   -0.005 0.0163335 875.4
16 1639   -0.00625 0.016417 855.825
16 1673   -0.0390407 -0.0336507 958.434
16 1674   -0.0358236 -0.0321764 967.481
16 1675   -0.0380776 -0.0281285 952.638
16 1676   -0.0360676 -0.0293528 953.268
16 1704   -0.0386398 0.0165035 830.446
16 1707   -0.0406435 0.0185164 811.306
16 1708   -0.0392097 0.0176719 805.925
16 1709   -0.0380699 0.0186684 790.359
16 1710   -0.0398841 0.0203201 734.224
16 1711   -0.0384503 0.020309 520.989
16 1734   -0.0164777 -0.0222387 919.113
16 1735   -0.019581 -0.0222387 923.915
16 1744   -0.0482018 -0.0232895 962.503
16 1745   -0.0438931 -0.0209945 915.266
16 1757   -0.0505628 -0.0249873 924.819
16 1758   -0.0490976 -0.0299012 800.971
16 1759   -0.0510348 -0.032543 689.139
16 1778   -0.0511398 0.0177507 959.809
16 1779   -0.0457985 0.0168124 918.076
16 1780   -0.0485188 0.0154721 929.721
16 1781   -0.0497797 0.0205015 968.201
16 1782   -0.0470593 0.0197612 954.715
16 1788   0.000881337 0.0229072 965.032
16 1789   -0.000871935 0.0249838 965.764
16 1790   -0.00279369 0.0229127 920.959
16 1791   -0.000163786 0.0197977 956.301
16 1792   -0.00193299 0.0203342 919.098
16 1802   -0.03566 0.0210282 782.833
16 1803   -0.0335682 0.0210282 846.923
16 1806   -0.000751507 0.0278724 940.325
16 1807   -0.000665812 0.0336807 869.067
16 1808   0.00115171 0.031042 857.061
16 1809   -0.0223483 0.0247482 925.489
16 1810   -0.0210652 0.0297482 932.747
16 1811   -0.0148295 0.0242446 919.248
16 1812   -0.0138374 0.0292446 944.928
16 1813   -0.0162511 0.0322482 945.805
16 1815   -0.0170851 0.0222482 921.454
16 1816   -0.0199676 0.0222482 924.506
16 1827   -0.0115195 0.0209982 866.394
16 1828   -0.00930616 0.0209982 795.304
16 1845   -0.0511076 -0.0172522 957.115
16 1846   -0.0499366 -0.0144582 929.072
16 1847   -0.0487466 -0.0197642 965.627
16 1848   -0.0459618 -0.0190105 937.632
16 1849   -0.0473733 -0.0139163 914.575
16 1850   -0.0457594 -0.0159567 913.386
16 1876   -0.00238646 -0.020655 907.682
16 1877   -0.00223096 -0.0227505 933.053
16 1878   -0.00364755 -0.0231621 895.422
16 1879   -0.00388079 -0.0200189 847.409
16 1880   -0.00451134 -0.0212724 799.993
16 1905   0.00568769 0.0252284 903.4
16 1907   0.00387278 0.0299837 785.354
16 1908   0.00568509 0.0326224 687.599
16 1924   -0.00448335 -0.0118553 967.466
16 1925   -0.00488093 -0.011647 949.882
16 1942   -0.0109898 -0.0209887 854.649
16 1943   -0.00909541 -0.0209887 779.498
16 1980   0.00567837 -0.0321537 691.872
16 1981   0.00567837 -0.0293074 760.384
16 2012   -0.0492277 0.0260078 919.854
16 2013   -0.0491228 0.0299237 801.279
16 2014   -0.0434915 0.025812 964.995
16 2015   -0.0459555 0.0245321 964.319
16 2016   -0.0461927 0.0324292 827.083
16 2017   -0.0438336 0.0297932 933.295
16 2068   -0.00278459 0.029059 952.267
16 2069   -0.00269628 0.0322286 921.514
16 2070   -0.00562059 0.0263666 948.483
16 2071   -0.00687216 0.0279514 960.303
16 2072   -0.00440744 0.0280011 968.594
16 2073   -0.00565901 0.0295859 968.186
16 2089   -0.0411469 -0.0323014 942.478
16 2090   -0.0399398 -0.0296028 967.919
16 2091   -0.0445705 -0.0336507 859.157
16 2092   -0.0455637 -0.0310089 874.924
16 2093   -0.0439915 -0.0283387 949.495
16 2094   -0.0417913 -0.0282819 966.904
16 2095   -0.0436405 -0.023992 953.529
16 2096   -0.0451644 -0.0255333 964.629
16 2097   -0.0405953 -0.0232973 839.262
16 2098   -0.0422022 -0.0247058 936.337
16 2099   -0.0415259 -0.0261904 956.261
16 2100   -0.0385755 -0.0260892 913.712
16 2101   -0.0396656 -0.0240918 849.004
16 2102   -0.0401724 -0.0254719 915.634
16 2103   -0.0362562 -0.0247509 864.685
16 2104   -0.0376928 -0.0253366 877.905
16 2105   -0.0384446 -0.0240815 829.203
16 2106   -0.0362387 -0.0230874 814.071
16 2107   -0.0374218 -0.022983 779.386
16 2108   -0.0335381 0.0321333 956.365
16 2109   -0.0361144 0.0322871 968.217
16 2110   -0.0365449 0.0294973 956.567
16 2111   -0.0325866 0.0291897 935.366
16 2112   -0.0346871 0.0278717 929.11
16 2119   -0.00861654 0.0334152 969.072
16 2122   -0.00624064 0.0319631 963.845
16 2123   -0.00490077 0.0335479 946.14
16 2135   -0.00667233 0.0106837 859.26
16 2136   -0.00643585 0.0108076 846.139
16 2139   -0.0499783 0.00576532 893.599
16 2140   -0.0499783 0.0107642 905.973
52 1   -0.0046441 -0.00139046 965.363
52 2   -0.0047286 0.00107936 965.413
52 3   -0.00267585 0.00224868 969.133
52 4   -0.00255928 -0.00244848 969.302
52 5   -0.000676677 0.00105906 969.344
52 6   -0.00266744 0.00451753 969.572
52 7   0.00137511 -0.00226867 969.464
52 8   0.00139051 0.00439055 969.174
52 9   -0.000644615 -0.00116827 969.369
52 10   0.00127437 0.00215997 969.484
52 11   0.00319915 -0.00116338 968.155
52 12   0.00313047 0.00103792 968.109
52 13   0.00134815 -0.00433784 969.535
52 14   0.00496401 0.00208487 964.609
52 15   0.00500014 0.00415846 968.67
52 16   0.00328273 0.00534209 965.921
52 17   -0.00882343 0.000211793 925.563
52 18   0.0050558 -0.00206997 965.898
52 19   -0.00237197 -0.00449106 969.097
52 20   -0.00441362 0.00555718 969.432
52 21   -0.000484267 -0.00528002 968.335
52 22   -0.000580939 -0.00718002 963.236
52 23   0.00297349 -0.00534722 969.371
52 24   -0.00628099 0.00218755 962.508
52 25   0.00646675 0.000973285 954.024
52 26   -0.00796171 0.00175052 942.238
52 27   -0.00209359 0.00846258 964.09
52 28   0.0081296 0.00144732 928.947
52 29   0.00648213 0.00515706 966.686
52 30   0.00283938 -0.00715564 967.071
52 31   0.00911961 -0.000313242 920.434
52 32   0.00648986 -0.00098026 956.487
52 33   0.00810354 -0.00170323 938.149
52 34   -0.00847341 0.00364332 959.723
52 35   -0.00215736 -0.0077833 951.816
52 36   0.00531379 -0.00365523 968.442
52 37   0.00350967 0.00695077 945.273
52 38   -0.00361635 -0.00552536 964.998
52 39   0.0044683 -0.00485394 969.632
52 40   -0.00368316 0.00802498 963.862
52 41   -0.00449161 0.00706088 967.832
52 42   0.00773165 0.00469458 945.28
52 43   -0.00627434 0.00391355 968.615
52 44   0.00274566 0.00798518 943.587
52 45   0.00855366 -0.00294342 945.953
52 46   -0.00579941 0.00499031 969.583
52 47   0.00775457 -0.00385438 966.271
52 48   -0.00488279 -0.00548936 964.794
52 49   -0.00330507 -0.00691761 947.49
52 50   0.00638924 0.00666086 931.87
52 51   0.00663348 -0.00416551 968.779
52 52   0.00548056 -0.00583947 969.497
52 53   -0.00748587 0.00457883 964.628
52 54   -0.00437723 -0.00743816 912.343
52 55   0.00649385 -0.00535872 969.439
52 56   0.00368174 0.00888435 925.019
52 57   -0.00671698 0.00591379 968.988
52 58   0.00825227 -0.0047637 964.243
52 59   -0.00397821 -0.00892462 915.409
52 60   -0.00451139 -0.00824809 890.51
52 61   0.00716173 -0.00585673 967.819
52 62   0.00456013 0.0086039 888.563
52 63   0.00370329 0.00964374 939.936
52 64   -0.00753525 0.00559761 950.442
52 65   -0.00812859 0.00629806 966.181
52 66   0.00715445 -0.00665379 969.537
52 67   0.00779905 -0.00557284 936.894
52 68   -0.00785331 0.00690062 966.289
52 69   -0.00448519 -0.00944886 905.201
52 70   0.00505565 0.00911435 864.742
52 71   0.00444671 0.00992027 933.898
52 72   -0.00607553 -0.00789925 796.396
52 73   -0.0073975 0.00787217 961.813
52 74   0.0081753 -0.00609406 962.648
52 75   -0.00452668 -0.00990245 925.331
52 76   0.00452666 0.0104344 963.183
52 77   0.00584749 0.00891231 812.178
52 78   -0.00738205 0.00863934 966.84
52 79   0.00769429 -0.00687318 967.444
52 80   -0.00813625 0.00738792 950.36
52 81   -0.00714848 0.00895603 961.146
52 82   0.00492067 0.00967134 887.365
52 83   0.00766028 -0.00772286 954.878
52 84   0.00552548 0.00914004 829.271
52 85   0.0080778 -0.00659735 968.949
52 86   -0.00748907 0.00827236 957.966
52 87   0.00501287 0.0105313 956.297
52 88   -0.0048767 -0.0106053 964.397
52 89   0.00782334 -0.00732208 958.506
52 90   -0.00789542 0.00769767 944.298
52 91   0.00838003 -0.00693427 962.798
52 92   0.00796146 -0.00799443 929.398
52 93   -0.00509238 -0.0100175 891.721
52 94   0.00529198 0.00993175 863.584
52 95   0.0082441 -0.00731129 949.987
52 96   -0.00541061 -0.00987019 838.432
52 97   0.00530422 0.0102776 894.247
52 98   -0.0051754 -0.0103475 918.531
52 99   0.00844534 -0.00754621 931.991
52 100   -0.00777331 0.00881256 952.965
52 101   0.00565267 0.00960014 810.871
52 102   0.00559891 0.0103783 852.59
52 103   -0.00851204 0.00750053 936.06
52 104   -0.00795131 0.0082862 922.781
52 105   -0.00546198 -0.0104315 890.524
52 106   0.00555415 0.00983488 819.963
52 107   -0.00815117 0.00795274 915.84
52 108   -0.00565595 -0.0100541 800.813
52 109   0.00601526 0.00967874 763.015
52 110   -0.0080265 0.0086214 917.29
52 111   -0.00809747 0.00846202 905.563
52 112   -0.00562431 -0.0102854 820.71
52 113   0.00586253 0.00971104 780.388
52 114   -0.00811549 0.00814109 909.777
52 115   -0.00855111 0.0077785 912.141
52 116   0.00575753 0.0102174 778.292
52 117   0.00572502 0.0100199 787.633
52 118   -0.00584621 -0.0100314 753.42
52 119   -0.00837656 0.00796045 898.15
52 120   -0.00851017 0.00791444 898.171
52 121   -0.00832837 0.00842802 842.645
52 122   0.00586988 0.00994679 760.724
52 123   -0.0083207 0.00820675 875.499
52 124   -0.00577741 -0.0103698 785.733
52 125   -0.00838741 0.00831786 821.534
52 126   0.00590488 0.0102683 690.648
52 127   -0.00842696 0.00812402 859.802
52 128   0.00596606 0.0100439 715.67
52 129   -0.00586753 -0.0102918 715.301
52 130   0.00606067 0.0100334 668.884
52 131   -0.00590468 -0.0101847 701.358
52 132   -0.00853892 0.00816731 798.011
52 133   0.00596854 0.0101678 654.955
52 134   -0.00851988 0.00832363 738.187
52 135   -0.0060628 -0.0101605 545.619
52 136   -0.00856511 0.00825581 737.955
52 137   -0.00599656 -0.0101957 598.085
52 138   0.00594795 0.0103515 607.788
52 139   0.00870138 -0.00815796 822.012
52 140   0.00602569 0.0103118 387.376
52 141   -0.00863642 0.00826754 706.36
52 142   -0.00611289 -0.0102108 385.409
52 143   -0.00609563 -0.0102586 267.574
52 144   0.00605464 0.0103346 200.015
52 145   0.00612798 0.0103146 2.75637
52 146   -0.00873367 0.00822588 782.886
52 373   0.00417617 0.0107834 968.142
52 438   0.00477084 -0.0104566 929.396
52 439   0.00518381 -0.00997021 886.185
52 440   0.00638018 -0.00874667 954.882
52 441   0.00627716 -0.00945319 887.285
52 442   0.0071396 -0.00911781 948.604
52 443   0.00673413 -0.00910887 933.904
52 444   0.00672412 -0.00943086 884.385
52 495   -0.00592511 -0.0103535 656.645
52 505   -0.00517212 -0.00835254 855.795
52 506   -0.00574265 -0.00816438 823.547
52 507   -0.00584308 -0.00876455 813.81
52 508   -0.00607791 -0.00853973 805.445
52 509   -0.00497911 -0.00915377 867.695
52 510   -0.00513287 -0.00873399 856.361
52 511   -0.00546857 -0.00877064 836.148
52 512   -0.00539765 -0.00958837 835.757
52 513   -0.00520579 -0.00930037 852.612
52 514   -0.00542384 -0.00908048 836.061
52 515   -0.00562771 -0.00950331 812.829
52 516   -0.0056037 -0.00923364 820.43
52 517   -0.00582206 -0.0091789 805.477
52 518   -0.00601671 -0.00901964 798.669
52 519   -0.00619338 -0.00920863 780.107
52 520   -0.00583107 -0.00955528 790.557
52 521   -0.00608106 -0.00939498 777.391
52 522   -0.00591639 -0.00934082 792.976
52 523   -0.00594534 -0.0096616 772.168
52 524   -0.00609799 -0.00958092 762.196
52 525   -0.00594519 -0.00986883 751.147
52 526   -0.00607937 -0.00991953 706.818
52 527   -0.00615262 -0.00980508 724.71
52 528   -0.00617109 -0.00967369 743.567
52 542   -0.0060971 -0.0100999 594.248
52 543   -0.00610657 -0.0100325 648.601
52 555   -0.00611897 -0.010276 110.866
52 558   0.00394887 -0.00793028 964.262
52 559   0.00392723 -0.00905331 957.847
52 560   0.00531549 -0.00669868 969.02
52 561   0.004681 -0.00744268 966.557
52 562   0.00667444 -0.00701224 969.533
52 563   0.00596003 -0.00702574 969.223
52 564   0.00727025 -0.00777624 965.337
52 565   0.00683217 -0.00748861 969.226
52 566   0.00506739 -0.00943287 929.074
52 567   0.00464853 -0.00912723 948.816
52 568   0.00574542 -0.00922878 920.467
52 569   0.0050083 -0.00814174 961.69
52 570   0.00499748 -0.00870326 952.906
52 571   0.0055825 -0.00888369 942.807
52 572   0.00588494 -0.00865198 952.789
52 573   0.00569161 -0.00752594 968.265
52 574   0.00537436 -0.00789794 965.115
52 575   0.00566598 -0.00822775 962.667
52 576   0.00644003 -0.00766564 969.527
52 577   0.00601388 -0.00768947 968.587
52 578   0.00595257 -0.00802202 966.707
52 579   0.00644721 -0.00839297 966.513
52 580   0.00623855 -0.00809256 967.812
52 581   0.0065189 -0.00790382 969.488
52 582   0.00710729 -0.00809224 967.718
52 583   0.00670703 -0.00836567 968.904
52 584   0.00674807 -0.00804279 969.636
52 585   0.00715499 -0.00880021 968.759
52 586   0.00719629 -0.00832558 967.573
52 587   0.00693621 -0.00850464 969.331
52 588   0.00742546 -0.00846456 964.199
52 589   0.00740469 -0.00877775 968.965
52 591   0.00762133 -0.00892051 966.816
52 636   -0.00867651 0.00806052 873.346
52 637   -0.00861267 0.00803354 872.332
52 638   -0.00859102 0.00812284 818.534
52 639   -0.00867036 0.0081384 836.397
52 640   -0.00863936 0.00816124 795.111
52 641   -0.00865996 0.00823307 723.208
52 642   -0.00865718 0.00820179 759.89
52 644   -0.00868704 0.00824629 709.279
52 645   0.00608899 0.0103214 52.7617
52 647   0.00611844 0.0103182 3.87585
52 744   0.000476617 -0.00808286 963.825
52 745   0.00175812 -0.00800964 964.874
52 746   0.00197428 -0.00933997 962.14
52 747   0.000197131 -0.00945437 962.587
52 748   0.00109717 -0.00985795 961.691
52 749   0.0011583 -0.0105643 958.695
52 750   0.0010291 -0.0115927 947.034
52 761   0.00622564 -0.00980645 842.443
52 762   0.00581033 -0.0101194 807.945
52 775   0.00263373 -0.00969458 962.02
52 776   0.00343406 -0.00952342 960.977
52 777   0.00258199 -0.0103487 961.57
52 778   0.00316125 -0.010687 967.795
52 780   0.00318036 -0.0111618 969.107
52 781   0.00286039 -0.0112637 961.457
52 789   -0.00317424 -0.00910922 938.513
52 790   -0.00221845 -0.00885157 948.634
52 791   -0.00157755 -0.00962835 955.49
52 792   -0.00295217 -0.00988136 950.128
52 793   -0.00224802 -0.010077 951.645
52 794   -0.00164472 -0.0110959 946.048
52 795   -0.00214757 -0.0106282 948.348
52 797   -0.00172852 -0.0115541 924.831
52 798   -0.00206418 -0.0115443 862.371
52 863   0.00429089 -0.0106095 966.031
52 864   0.00357076 -0.010797 967.704
52 865   0.00379183 -0.0102875 966.927
52 901   0.00379027 0.010932 968.385
52 902   -0.00248281 -0.0108525 939.842
52 903   -0.00231561 -0.0113105 886.096
52 905   -0.00262131 -0.0114681 856.085
52 906   -0.00298108 -0.01133 933.454
52 941   0.0061073 0.00948326 771.264
52 942   0.00614753 0.00919697 785.293
52 948   0.00178358 -0.0107432 949.685
52 949   0.00257077 -0.0110945 951.204
52 950   0.00231148 -0.0106543 956.032
52 1102   0.00869884 -0.00821068 780.649
52 1103   0.00788746 -0.00826732 930.204
52 1104   0.00765249 -0.00845072 953.061
52 1105   0.00794345 -0.0086778 932.407
52 1106   0.00773909 -0.00868301 952.942
52 1107   0.00826638 -0.00850568 872.408
52 1108   0.00809674 -0.0083296 907.902
52 1109   0.00806613 -0.00850779 911.25
52 1110   0.00838067 -0.00819136 856.593
52 1111   0.00826067 -0.0082773 886.529
52 1112   0.00833332 -0.00837768 846.737
52 1113   0.00845983 -0.00824806 800.545
52 1114   0.00851344 -0.00835831 735.849
52 1115   0.00842778 -0.00834529 793.547
52 1116   0.00853685 -0.00823105 760.02
52 1117   0.00855414 -0.0082911 727.616
52 1118   0.00861317 -0.0082854 705.378
52 1119   0.00839563 -0.00775904 914.668
52 1120   0.00825591 -0.00789809 910.594
52 1121   0.0084142 -0.00807164 874.216
52 1125   0.00859694 -0.00784726 903.157
52 1128   0.00852699 -0.00802423 868.352
52 1129   0.00865585 -0.00798315 884.91
52 1130   0.00857 -0.00793891 891.581
52 1131   0.00866911 -0.00812406 824.197
52 1132   0.00863834 -0.00805426 858.764
52 1133   0.00858733 -0.0080827 834.583
52 1134   0.00858181 -0.00818712 765.012
52 1135   0.00863753 -0.00816211 780.637
52 1136   0.00859867 -0.00814288 794.094
52 1137   0.00861963 -0.00824998 714.874
52 1138   0.00863578 -0.00820096 744.641
52 1139   0.00860557 -0.00821175 741.619
52 1140   0.00864771 -0.00825009 708.159
52 1141   0.00865307 -0.00822148 726.507
52 1142   0.00867779 -0.00822112 732.02
52 1162   0.00866556 -0.00826719 696.674
52 1165   0.00868214 -0.00823477 717.072
52 1166   0.00867528 -0.00825223 701.959
52 1167   0.00868825 -0.00825774 696.925
52 1168   0.0087106 -0.00824239 716.863
52 1169   0.0086945 -0.0082346 720.696
52 1170   0.00869573 -0.00824595 705.286
52 1171   0.00871325 -0.00821825 801.222
52 1172   0.00870456 -0.00822852 745.722
52 1173   0.00871417 -0.00823356 752.942
52 1174   0.00872936 -0.00823042 903.9
52 1175   0.00872323 -0.0082184 840.887
52 1176   0.00872353 -0.00822804 853.852
52 1202   -0.00870426 0.008166 847.323
52 1206   -0.00871766 0.00820337 857.51
52 1207   -0.00868211 0.00819953 783.989
52 1208   -0.0086982 0.00818658 829.038
52 1209   -0.00869262 0.00821644 773.687
52 1210   -0.00869477 0.00823192 735.701
52 1211   -0.00871069 0.00821759 844.448
52 1212   -0.0087271 0.00823085 938.846
52 1213   -0.00870935 0.0082376 738.897
52 1214   -0.00871723 0.00822975 843.405
52 1302   -0.00168353 0.00971224 961.631
52 1303   -0.00126348 0.00557069 968.809
52 1304   0.000159213 0.00554631 968.055
52 1305   -0.00110483 0.00757019 965.517
52 1306   0.00169693 0.00797023 955.563
52 1307   1.60104e-05 0.00799596 962.847
52 1308   0.00061973 0.00709564 963.573
52 1309   0.000608423 0.00887733 960.574
52 1310   0.00157799 0.00886379 955.341
52 1311   0.000636625 0.00973904 962.21
52 1312   0.000838831 0.0113956 968.57
52 1313   0.000112411 0.0101384 965.424
52 1314   -0.000626572 0.0101006 963.037
52 1315   -0.000911519 0.0107074 960.872
52 1317   -0.00128958 0.0116354 884.596
52 1318   -0.00095327 0.0116255 952.589
52 1321   -0.00264065 0.0100881 961.667
52 1322   -0.00215764 0.0106444 955.667
52 1323   -0.00157384 0.0113512 901.843
52 1324   -0.00148547 0.0108753 949.097
52 1325   -0.00316122 0.010917 968.549
52 1326   -0.00249692 0.0112039 944.408
52 1327   -0.0026362 0.0108323 958.229
52 1329   -0.00318222 0.0112375 969.171
52 1330   -0.00286166 0.0113397 960.673
52 1394   0.00173415 -0.0111219 932.261
52 1395   0.00159741 -0.0117173 807.199
52 1396   0.001376 -0.011439 911.417
52 1397   0.00142958 -0.0117125 859.848
52 1398   0.00232518 -0.0115439 894.793
52 1399   0.00235552 -0.0112728 930.64
52 1400   0.0020468 -0.0112113 922.6
52 1401   0.00176694 -0.0116126 833.352
52 1402   0.00209083 -0.0115386 872.638
52 1403   0.00194209 -0.0114261 889.864
52 1406   0.00183568 -0.0117505 784.547
52 1407   0.00199567 -0.0116996 826.204
52 1408   0.00287668 0.0111794 931.164
52 1409   0.00313658 0.0100184 953.013
52 1410   0.00313394 0.0110803 958.534
52 1411   0.00340087 0.0106935 965.197
52 1412   0.0012882 0.0101316 959.213
52 1413   0.00131506 0.0109583 960.247
52 1414   0.002416 0.0100868 950.697
52 1415   0.0019277 0.00970648 953.382
52 1416   0.0021962 0.0107016 945.663
52 1417   0.00173477 0.0111481 942.839
52 1418   0.00252122 0.0110696 921.157
52 1419   0.0023961 0.0115062 833.56
52 1421   0.00176301 0.0115706 921.744
52 1422   0.00209932 0.0115607 855.864
52 1425   -0.00503709 0.00881952 948.669
52 1426   -0.00431941 0.00887663 956.5
52 1427   -0.00421353 0.0107451 968.617
52 1428   -0.00400751 0.00958787 956.729
52 1429   -0.0035094 0.00998801 964.38
52 1430   -0.00355141 0.010629 969.306
52 1431   -0.00389297 0.0108473 966.742
52 1432   -0.00506488 0.00946539 927.075
52 1433   -0.00452849 0.00979187 942.957
52 1434   -0.00453222 0.0103592 953.092
52 1435   -0.00573214 0.00727889 968.527
52 1436   -0.00689972 0.00764686 969.064
52 1437   -0.00657171 0.00669867 969.598
52 1438   -0.0071147 0.00698506 969.203
52 1439   -0.00548373 0.00844701 957.035
52 1440   -0.00635377 0.0079235 968.909
52 1441   -0.00572917 0.00784192 966.811
52 1442   -0.00630838 0.008377 965.182
52 1443   -0.00590828 0.00868018 952.309
52 1444   -0.00668669 0.0095393 869.507
52 1445   -0.00607866 0.00906271 931.783
52 1446   -0.00677047 0.00900739 941.956
52 1447   -0.00647876 0.00875954 955.72
52 1448   -0.00549416 0.00961743 897.609
52 1449   -0.00594905 0.0093949 901.511
52 1450   -0.00614807 0.00994625 823.992
52 1451   -0.00626537 0.00962363 865.051
52 1452   -0.00584969 0.0100546 821.777
52 1453   -0.00540712 0.0102676 829.058
52 1454   -0.00551211 0.00995456 862.687
52 1456   -0.00583242 0.0103015 782.976
52 1457   -0.00565698 0.0104339 750.803
52 1489   -0.00519434 0.0104753 858.021
52 1490   -0.00487378 0.0105775 937.093
52 1557   -0.00226701 0.0114408 907.426
52 1558   -0.00194645 0.011543 852.378
52 1715   -0.006681 -0.00663736 941.018
52 1716   -0.00743586 -0.00570708 963.778
52 1718   -0.00102327 -0.00994856 960.359
52 1719   -0.000367239 -0.00994002 963.816
52 1720   -0.00119088 -0.0108649 962.088
52 1721   -0.0007712 -0.0113378 968.597
52 1722   -0.000317366 -0.0111069 969.176
52 1723   -8.10135e-05 -0.0106255 968.045
52 1724   0.000544478 -0.0108462 965.527
52 1725   0.000643785 -0.0113373 966.973
52 1726   -5.78703e-05 -0.0115888 962.547
52 1727   0.000277789 -0.0115986 966.822
52 1746   -0.00338369 -0.0102656 957.248
52 1747   -0.00403658 -0.0102148 957.381
52 1748   -0.00430359 -0.0105876 968.334
52 1749   -0.00301477 -0.0106856 954.709
52 1750   -0.00320734 -0.0110055 960.35
52 1751   -0.00366339 -0.0110273 968.716
52 1752   -0.00402315 -0.0108893 967.517
52 1760   0.000180366 0.0107497 968.752
52 1761   0.000395134 0.0111869 969.128
52 1762   -0.000434643 0.0109449 967.281
52 1763   -0.000556187 0.011392 968.523
52 1765   -0.000264056 0.0116201 966.402
52 1766   7.22558e-05 0.0116102 962.155
52 1836   0.0048111 0.00793407 881.584
52 1837   0.00469671 0.00718011 913.24
52 1838   0.00568874 0.00778913 823.882
52 1839   0.00557435 0.00703518 869.943
52 1840   0.00603604 0.00852146 809.043
52 1841   0.00609615 0.00809379 802.679
52 1982   0.00829769 0.0036609 933.054
52 1983   0.0086749 0.00252382 925.268
52 1996   -0.00507081 -0.00706446 903.656
52 1997   -0.00526508 -0.0065079 937.458
52 1998   -0.00580925 -0.00744602 822.631
52 1999   -0.00600352 -0.00688947 882.463
52 2005   0.00610907 0.00996198 687.637
52 2006   0.00612537 0.00984601 722.975
52 2074   -0.00635456 -0.00218627 956.825
52 2075   -0.00882183 -0.00289409 926.647
52 2076   -0.00816897 -0.00135049 928.94
52 2077   -0.00604966 -0.00416885 965.59
52 2078   -0.00748686 -0.00447014 948.352
52 2188   0.00611254 0.0101237 556.15
52 2192   0.00603928 0.0101907 545.407
52 2193   0.0061214 0.0101972 405.153
52 2194   0.00608866 0.0101572 527.861
52 2195   0.00605221 0.0102718 371.453
52 2196   0.0060545 0.0102311 459.747
52 2197   0.00610013 0.0102243 376.317
52 2198   0.00608747 0.0102766 233.158
52 2199   0.00610613 0.0102559 257.758
52 2200   0.00609531 0.0103033 75.1714
52 2201   0.00611075 0.0103055 17.8413
52 2203   0.00611882 0.01029 32.9937
52 2204   0.00612204 0.010267 139.259
52 2247   -0.00599998 -0.0102654 519.026
52 2248   -0.00596569 -0.0103162 561.984
52 2249   -0.0060659 -0.0102764 311.342
52 2250   -0.00603203 -0.0102797 420.253
52 2252   -0.00598201 -0.0103534 498.756
52 2255   -0.00601803 -0.0103118 413.877
52 2256   -0.0060023 -0.0103347 444.199
52 2257   -0.00601742 -0.0103506 371.647
52 2258   -0.0060533 -0.0103393 201.958
52 2259   -0.00603406 -0.0103189 348.08
52 2260   -0.00603225 -0.0103365 327.515
52 2261   -0.00606712 -0.0103051 228.593
52 2262   -0.00604928 -0.0103155 286.398
52 2263   -0.00606096 -0.0103279 190.184
52 2265   -0.00608029 -0.0103289 79.6381
52 2266   -0.00608554 -0.0103149 90.4622
52 2267   -0.00610076 -0.0103115 46.1228
52 2268   -0.006109 -0.0103203 9.67225
52 2269   -0.00612045 -0.0102992 21.9449
52 2270   -0.0061103 -0.0102965 60.8111
52 2271   -0.00612237 -0.0103193 3.36655
52 2272   -0.00611913 -0.0103086 9.55168
52 2273   -0.00611721 -0.0103148 6.49981
end
