594
16 246   -0.0449783 0.00325852 829.996
16 247   -0.0451575 -0.00292354 829.549
16 248   -0.0399783 0.00825848 848.77
16 249   0.00190104 -0.0234138 694.118
16 250   -0.0477788 -0.0217784 714.418
16 251   -0.0398001 -0.0323018 697.141
16 252   -0.036098 -0.0293534 732.556
16 253   -0.0322063 -0.0320517 739.288
16 254   -0.0322477 0.0320583 739.367
16 255   -0.0411398 -0.00644848 840.243
16 256   -0.0018092 0.0288451 690.741
16 257   -0.0435002 -0.0296602 689.077
16 258   0.00533881 -0.0211742 695.249
16 259   -0.0497153 -0.0177532 742.198
16 260   -0.0384823 -0.00714058 851.268
16 261   0.00434331 -0.0171413 712.336
16 262   -0.00500969 -0.0133646 770.994
16 263   0.00264131 -0.0157092 714.595
16 443   -0.00620715 0.0164969 832.98
16 444   -0.00572642 -0.0119601 807.053
16 446   -0.00690881 -0.011856 879.172
16 447   -0.00502477 0.0129498 747.878
16 448   -0.00620715 0.0139969 795.433
16 449   -0.00572642 0.0117626 772.531
16 450   0.0065045 -0.0157849 725.924
16 453   -0.0443198 -0.0225102 735.633
16 454   -0.0429712 -0.0254781 714.038
16 468   -0.00661321 -0.0109801 888.444
16 470   -0.0497796 0.0184202 735.515
16 471   -0.0473152 0.0259433 691.615
16 472   -0.0511398 0.0239922 694.139
16 473   -0.0484194 0.0211706 716.712
16 474   -0.0440426 0.0244677 713.959
16 475   -0.0451468 0.0217757 732.399
16 489   -0.0355416 0.0307408 726.645
16 490   -0.0410148 0.0310475 694.854
16 491   -0.0392029 0.0336825 697.159
16 492   -0.0359703 0.0279524 747.272
16 493   -0.0387369 0.0282591 721.065
16 495   0.0046891 0.0251977 683.781
16 496   -0.000248241 0.0245611 697.615
16 497   0.00260297 0.0236593 692.194
16 505   -0.0139226 -0.0319885 736.174
16 508   -0.0101089 -0.0304828 723.511
16 509   -0.00738895 -0.0334943 702.945
16 510   -0.00877724 -0.0273536 734.573
16 511   -0.00584767 -0.0271181 714.963
16 512   -0.00167956 -0.0209228 722.758
16 515   -0.0359186 -0.0253792 805.396
16 516   -0.0345725 -0.0210258 902.692
16 517   -0.0329404 -0.0230775 857.848
16 534   -0.0049465 0.0300786 699.875
16 535   -0.00739261 0.0333595 703.693
16 536   -0.0101593 0.0303444 725.011
16 537   -0.00640038 0.0269305 721.672
16 538   -0.00902595 0.0271963 738.667
16 558   -0.0147207 -0.0219885 804.805
16 567   0.000967412 -0.0140545 707.431
16 568   0.00130622 -0.016001 711.882
16 569   -0.00210327 -0.0165775 733.451
16 570   -0.000572388 -0.017643 720.597
16 571   -0.0031685 -0.0130602 707.771
16 572   -0.00168148 -0.0142473 709.817
16 573   -0.000489405 -0.0133663 698.522
16 593   0.0039092 0.0135955 745.928
16 594   0.00141846 0.0131891 713.014
16 595   0.00273607 0.0129752 720.282
16 601   -0.0471585 0.0161382 773.646
16 602   -0.0473572 0.0130562 793.925
16 603   -0.0423572 0.0130562 846.859
16 604   -0.0386398 0.0173365 906.069
16 605   -0.0432983 0.0168081 830.446
16 606   -0.0410187 0.0154684 870.363
16 639   -0.0505635 -0.0249875 690.192
16 671   -0.0243326 0.0325 756.823
16 672   -0.0289199 0.0295583 763.937
16 673   -0.0265207 0.0225 814.041
16 674   -0.0298335 0.0245583 815.869
16 675   -0.0223564 0.0247424 787.938
16 676   -0.0210819 0.0297424 763.695
16 677   -0.014869 0.0242273 790.319
16 678   -0.0162805 0.0322424 744.692
16 679   -0.0138728 0.0292273 747.537
16 681   -0.0199839 0.0222424 795.208
16 682   -0.0171184 0.0222424 796.491
16 806   -0.0072044 -0.010928 915.155
16 807   -0.0072044 -0.0104126 948.102
16 809   -0.00690881 0.0107264 878.229
16 810   -0.00690881 0.0115598 843.593
16 812   0.00661321 0.01088 897.492
16 817   0.0072044 0.0107779 923.124
16 818   0.0072044 0.0103626 952.013
16 824   0.00600675 -0.0140514 746.765
16 825   0.00700225 -0.0132483 775.579
16 827   0.00145682 -0.0129743 707.089
16 828   0.00336032 -0.0139464 719.801
16 829   0.00303424 -0.012363 710.605
16 830   0.00251463 -0.013158 712.025
16 831   0.00491781 -0.0136952 739.855
16 832   0.00378649 -0.0127037 727.172
16 833   0.00397337 -0.013599 726.489
16 834   0.00488636 -0.0117956 771.025
16 835   0.00507324 -0.0130468 750.645
16 836   0.00438861 -0.0125531 745.371
16 837   0.00645778 -0.0125364 789.53
16 838   0.00552427 -0.0118876 782.347
16 839   0.00561771 -0.0126911 767.518
16 841   0.00695553 -0.011779 832.694
16 845   0.0072044 -0.0105107 900.883
16 848   0.00606874 -0.0111761 810.033
16 849   0.00665993 -0.0112222 849.257
16 850   -0.0370464 -0.0219476 924.178
16 851   -0.0379132 -0.0242494 833.043
16 852   -0.0402702 -0.0240414 788.397
16 867   -0.0411626 0.0249993 741.057
16 868   -0.0392272 0.0261919 745.278
16 869   -0.000904623 0.0158723 717.625
16 870   0.00106218 0.0160046 717.432
16 871   0.000860494 0.0141989 711.953
16 873   -0.00318358 0.0128429 702.278
16 874   -0.000557965 0.013296 699.993
16 875   -0.00176512 0.0139596 707.786
16 894   -0.0400734 0.0190142 909.461
16 895   -0.042353 0.0186872 848.244
16 896   -0.0429407 0.020703 792.401
16 897   -0.0396934 0.0216264 892.549
16 898   -0.0414209 0.0226454 801.423
16 906   -0.0472104 0.0298595 678.876
16 907   -0.0442804 0.032365 680.714
16 908   -0.00191737 0.0227929 715.723
16 909   -0.000427501 0.0203797 715.979
16 910   -0.00475021 0.0185216 825.021
16 911   -0.00204853 0.0178273 737.809
16 917   -0.0050592 -0.0245004 736.718
16 918   -0.00529948 -0.0205998 866.497
16 919   -0.00373724 -0.0223528 749.81
16 944   -0.0461685 -0.0323585 675.525
16 991   0.00656303 0.023953 685.938
16 992   0.00656303 0.0212073 696.685
16 1001   0.000155439 0.0321261 679.815
16 1004   0.00567646 0.0322543 670.13
16 1005   0.00380252 0.0293804 675.638
16 1011   0.00223855 -0.0275745 681.633
16 1012   -0.00297841 -0.0321014 688.408
16 1013   -0.0027688 -0.0288545 693.284
16 1016   0.00385263 -0.0336071 671.412
16 1017   0.000205258 -0.0336071 678.376
16 1046   -0.051035 0.0312418 671.83
16 1047   -0.051035 0.0337473 668.686
16 1055   -0.0501575 -0.00542441 817.135
16 1058   -0.0485441 -0.0149628 773.89
16 1059   -0.0489863 -0.00938668 806.721
16 1060   -0.0513288 -0.0114622 790.712
16 1061   -0.0435763 -0.0109119 831.08
16 1062   -0.0464227 -0.0113492 808.285
16 1063   -0.0459805 -0.0144253 796.098
16 1064   -0.0421369 -0.0127187 845.454
16 1065   -0.0433699 -0.0151943 830.033
16 1066   -0.0397005 -0.0118727 861.463
16 1067   -0.0387182 -0.0133478 873.866
16 1068   -0.0423639 -0.0198186 829.788
16 1069   -0.0420411 -0.0170654 856.474
16 1070   -0.0389701 -0.0205888 932.006
16 1071   -0.0405111 -0.0214066 875.477
16 1072   -0.0386076 -0.0180003 915.487
16 1073   -0.0398259 -0.0160649 887.525
16 1091   -0.0345934 0.0210291 901.243
16 1092   -0.0330022 0.0230874 858.965
16 1093   -0.0349052 0.025299 814.159
16 1094   -0.0374642 0.0226444 901.903
16 1095   -0.0372562 0.0248561 815.232
16 1113   -0.0117561 -0.0229828 814.536
16 1114   -0.00945356 -0.0248536 781.704
16 1115   -0.00740255 -0.0218708 891.421
16 1116   -0.0073051 -0.0237416 803.414
16 1176   0.00567631 -0.0294286 672.791
16 1177   0.00567631 -0.0322143 669.842
16 1197   -0.00578324 0.0244305 752.019
16 1198   -0.00543715 0.0212175 869.661
16 1199   -0.00422533 0.0229365 753.965
16 1208   -0.0243294 -0.0325 756.138
16 1209   -0.0288762 -0.0295517 764.071
16 1210   -0.0222732 -0.0225 797.563
16 1211   -0.0297897 -0.0245517 815.475
16 1212   -0.0265134 -0.0225 813.903
16 1213   -0.018549 -0.0244885 786.086
16 1214   -0.0187217 -0.0294885 759.504
16 1215   -0.00619208 -0.0149272 827.003
16 1216   -0.00477268 -0.016953 805.201
16 1217   -0.0060806 -0.018572 884.33
16 1237   -0.0118511 0.0229773 814.645
16 1238   -0.00972159 0.0248292 785.396
16 1239   -0.00760096 0.0218519 895.291
16 1240   -0.00770193 0.0237039 813.492
16 1258   0.00657477 0.0116062 873.498
16 1259   0.0064979 0.0134837 795.579
16 1260   0.00539239 0.0118103 820.336
16 1261   0.00531552 0.0128473 790.415
16 1263   0.00716597 0.0129726 825.748
16 1264   0.00716597 0.0121321 866.818
16 1333   -0.00932212 0.0209924 891.671
16 1334   -0.0115526 0.0209924 847.897
16 1342   -0.0503025 -0.0337715 668.791
16 1343   -0.049831 -0.028673 677.784
16 1344   -0.048366 -0.03113 673.734
16 1347   -0.0517675 -0.032543 669.783
16 1348   -0.0517675 -0.030086 673.673
16 1388   -0.0092862 -0.0209943 892.604
16 1389   -0.0114913 -0.0209943 849.834
16 1410   -0.0499783 0.00575765 816.556
16 1411   -0.0499783 0.0107576 797.562
16 1445   0.00541388 0.019733 704.085
16 1446   0.00231218 0.0170089 717.568
16 1447   0.0019664 0.0194289 709.289
16 1448   0.00332775 0.0209404 700.916
16 1449   0.00394243 0.0157165 728.655
16 1450   0.00683193 0.0146515 765.874
16 1452   0.00568278 0.0161361 733.98
16 1453   0.00635084 0.0176313 717.938
52 264   0.00143364 -0.00224658 698.418
52 265   -0.000625801 -0.00110836 698.229
52 266   -0.00263688 0.00227718 698.089
52 267   -0.000650138 0.0011148 698.248
52 268   -0.00461925 -0.00104826 695.803
52 269   0.00155069 -0.00439972 700.55
52 270   0.00324287 0.0011384 696.482
52 271   0.00331495 -0.00112566 696.427
52 272   -0.00452051 0.0012484 695.752
52 273   -0.0065992 -0.00193196 693.994
52 274   -0.0007589 0.00764218 705.471
52 275   -0.00257678 0.00440903 700.48
52 276   -0.010487 -0.00286955 689.592
52 277   -0.000689636 0.00542645 702.102
52 278   -0.00995382 -0.000891474 687.945
52 279   -0.00807392 -0.000466712 691.095
52 280   0.00683009 -0.000900645 691.13
52 281   0.00676966 0.000930864 691.816
52 282   0.0051024 -0.00204575 694.343
52 283   0.0049699 0.00204983 694.967
52 284   -0.0062047 0.00223465 693.385
52 285   0.00819814 -0.00210106 688.398
52 286   0.00327155 -0.00532845 701.928
52 287   0.00353547 -0.00720455 708.444
52 288   0.0102182 0.00129847 685.746
52 289   -0.00408759 0.00537498 701.84
52 290   -0.00399533 0.00721704 710.031
52 291   -0.00777816 0.00140324 690.801
52 292   -0.00694776 -0.00360616 694.919
52 293   -0.00649805 0.00387859 693.032
52 294   0.00792482 0.00195539 690.693
52 295   -0.00566835 0.00495238 697.123
52 296   0.00540719 -0.00365436 694.974
52 297   0.00517022 0.00364411 695.865
52 298   0.00439485 0.00488816 697.965
52 299   -0.00616477 -0.00486605 696.765
52 300   0.00469499 -0.00478027 698.83
52 301   -0.00950536 -0.00426458 691.32
52 302   -0.010228 0.00248683 686.08
52 303   -0.0089142 0.0024938 688.602
52 304   0.00907301 0.00197705 688.86
52 305   0.0078607 -0.00372532 688.487
52 306   0.00660227 0.00415392 694.736
52 307   -0.0083141 -0.00421457 694.271
52 308   0.00755711 0.00358417 692.901
52 309   0.0105461 -0.00375682 684.406
52 310   0.00679744 -0.00413352 691.421
52 311   0.00542706 0.00586509 697.339
52 312   -0.0065446 0.00608929 697.736
52 313   -0.00788341 0.00425732 689.022
52 314   0.00851519 0.00424634 692.483
52 315   0.0101013 0.00415524 688.313
52 316   0.00656854 0.00535709 696.011
52 317   -0.00872609 0.00370393 688.229
52 318   0.00864106 0.00531921 694.994
52 319   -0.0107554 0.00367842 685.725
52 320   0.00929726 0.00353195 690.035
52 321   -0.00718708 -0.00580855 697.552
52 322   -0.0100068 -0.00546343 692.786
52 323   -0.00811568 -0.00541946 697.157
52 324   0.00655502 0.00723385 693.839
52 325   0.00949919 0.00568365 694.647
52 326   0.00725138 0.00589954 696.681
52 327   0.00988034 -0.00443121 685.77
52 328   0.0101774 0.00523407 689.169
52 329   0.00807479 0.00588599 697.561
52 330   0.00856091 -0.00446268 686.241
52 331   -0.00818732 0.00514289 686.587
52 332   -0.00946061 0.00433669 687.16
52 333   -0.0101761 0.00431815 687.432
52 334   -0.00750109 0.006078 686.402
52 335   -0.00936745 -0.00598951 698.502
52 336   -0.00866756 -0.00599554 699.494
52 337   0.00714404 0.00669061 697.435
52 338   0.00919792 -0.00452324 685.477
52 339   0.00831086 -0.00522386 685.097
52 340   -0.00795248 0.00566234 685.301
52 341   0.00826637 0.00661003 701.101
52 342   -0.0104344 0.004987 688.895
52 343   -0.00934512 0.00500127 686.557
52 344   -0.0080456 -0.00687003 703.332
52 345   -0.00891452 0.00525407 685.352
52 346   0.0102049 -0.00506616 686.414
52 347   -0.00849058 -0.00661974 703.652
52 348   -0.00952486 -0.00661179 703.782
52 349   0.00937141 0.00670484 703.737
52 350   0.00773547 0.00694753 700.345
52 351   -0.00756064 -0.0077922 701.692
52 352   0.00964282 0.00630328 698.611
52 353   0.00879177 -0.00549418 683.31
52 354   0.00862993 0.00687728 704.871
52 355   0.00902507 0.00691923 707.05
52 356   0.0076024 0.00774439 700.799
52 357   0.0091985 -0.00520236 684.418
52 358   0.00783622 0.0073867 702.384
52 359   -0.00849876 0.00604548 681.49
52 360   -0.0081702 -0.00736678 707.659
52 361   0.0086463 -0.00629126 679.081
52 362   -0.00842746 0.00642788 679.075
52 363   -0.00973982 0.00533628 687.135
52 364   -0.0101136 0.00534055 688.826
52 365   0.00884597 -0.0059082 681.252
52 366   -0.00882579 0.00660778 677.111
52 367   -0.00905966 0.00571652 683.622
52 368   0.00892627 -0.00657222 676.699
52 369   -0.00882696 -0.0069414 708.481
52 370   -0.00798778 -0.00765097 706.556
52 371   0.0104768 -0.00527405 687.537
52 372   0.00906398 0.00741549 718.973
52 373   -0.00916135 -0.00693948 709.173
52 374   0.0094841 -0.00542581 684.349
52 375   0.00788522 0.0080541 702.271
52 376   -0.00887875 0.00598848 681.687
52 377   0.00980805 -0.00538165 685.577
52 378   0.00920781 -0.00599395 681.144
52 379   0.00823471 0.0074906 707.638
52 380   0.00923714 -0.00635698 678.469
52 381   0.00849752 0.00731868 709.697
52 382   0.00876842 0.00754446 721.282
52 383   0.00943921 -0.00580339 683.037
52 384   -0.00853414 -0.0074713 716.519
52 385   -0.00997021 0.00594268 689.311
52 386   -0.00764564 -0.00810875 702.12
52 387   -0.00919733 -0.00730808 717.955
52 388   -0.00874591 -0.00729622 715.218
52 389   -0.00915085 0.00623805 680.448
52 390   -0.00916919 0.00647495 678.371
52 391   0.00990499 -0.00571016 685.924
52 392   0.0094693 -0.00645238 678.537
52 393   0.00969224 -0.00592214 684.173
52 394   0.0101033 -0.00583943 687.544
52 395   0.0102783 -0.00571881 688.211
52 396   0.00817 0.00797041 707.15
52 397   -0.00896108 -0.0074711 723.897
52 398   0.0087148 0.00778772 733.32
52 399   0.00828567 0.0077646 710.76
52 400   -0.0081941 -0.00791437 710.78
52 401   -0.00860538 -0.00774155 729.261
52 402   -0.00943384 0.00660051 678.02
52 403   0.00974497 -0.00613395 684.166
52 404   0.0101016 -0.00611854 688.889
52 405   -0.00894729 -0.00770281 737.237
52 406   0.00966163 -0.00630618 682.249
52 407   0.00995607 -0.00620108 687.57
52 408   0.00849486 0.00783594 722.341
52 409   -0.00852337 -0.0079065 733.87
52 410   -0.00880337 -0.00779818 743.785
52 411   0.00881948 0.00794118 755.199
52 412   -0.00839267 -0.00795624 721.469
52 413   -0.00814881 -0.00808901 707.931
52 414   0.00832349 0.00810299 711.24
52 415   -0.0080275 -0.00814216 704.87
52 416   0.00949013 -0.00663861 676.341
52 417   0.00848365 0.00800563 726.86
52 418   0.00980435 -0.00641343 684.622
52 419   0.00995695 -0.0063574 688.906
52 420   -0.00882099 -0.00795933 764.785
52 421   0.00966239 -0.00662353 677.867
52 422   0.0085823 0.00807947 749.065
52 423   0.00834226 0.00821323 709.076
52 424   0.00869819 0.00806324 773.009
52 425   -0.0086356 -0.0080311 761.219
52 426   0.0098237 -0.00651283 685.013
52 427   0.00977138 -0.00658573 681.489
52 428   -0.00873522 -0.00802729 775.709
52 429   0.0100355 -0.00642494 692.451
52 430   -0.00874912 -0.00812471 806.204
52 431   0.00872853 0.00815241 808.065
52 432   0.00998479 -0.00649618 693.837
52 433   0.00992555 -0.00652804 691.652
52 434   -0.00859981 -0.00825471 783.094
52 435   0.0100157 -0.0065401 698.526
52 436   0.0086717 0.00829119 268.621
52 437   0.0099797 -0.00665941 968.825
52 480   -0.00199135 -0.00223413 698.335
52 481   -0.00343122 -0.00225114 697.431
52 482   -0.00196527 -0.00450323 700.156
52 483   -0.00495546 -0.00496474 697.826
52 484   -0.0030125 -0.00508174 700.091
52 485   -0.00379778 -0.00395873 698.238
52 486   -0.00551606 -0.0070109 696.594
52 487   -0.00355866 -0.0061505 701.045
52 488   -0.00478169 -0.006025 698.795
52 544   0.00717316 0.00787125 698.017
52 545   0.00665208 0.00782566 691.382
52 664   0.0111229 0.00228029 686.01
52 665   0.0107817 0.00358216 688.116
52 719   0.00983898 -0.00663958 682.93
52 722   0.00845837 0.00822339 717.832
52 723   0.00855543 0.00825546 740.767
52 724   0.00856305 0.00816747 753.173
52 725   0.00851347 0.00820652 731.447
52 726   0.00867749 0.00819788 832.207
52 727   0.00862789 0.00819671 794.255
52 729   0.00869412 0.00823066 866.092
52 730   -0.00995178 0.00616054 690.083
52 731   -0.00986723 0.00641417 690.195
52 732   -0.00985565 0.00650018 690.363
52 733   -0.00974434 0.00583752 686.869
52 734   -0.00962743 0.00563763 686.342
52 735   -0.00937787 0.00576506 684.503
52 736   -0.00936177 0.0061517 682.156
52 737   -0.00958168 0.00597924 685.037
52 738   -0.00940788 0.00595066 683.781
52 739   -0.00958786 0.00612973 684.456
52 740   -0.00948329 0.00623082 682.621
52 741   -0.00973209 0.00620587 686.355
52 742   -0.00974911 0.00633719 686.418
52 743   -0.00954553 0.0065084 680.301
52 744   -0.009648 0.00639155 683.576
52 745   -0.00952642 0.00636131 681.945
52 749   -0.0096922 0.00650548 683.361
52 750   -0.00964201 0.00657178 680.895
52 751   -0.009692 0.00664975 680.241
52 752   -0.00980483 0.00664941 684.328
52 753   -0.00975115 0.00662315 682.748
52 754   -0.0098158 0.00654369 687.71
52 755   -0.00976196 0.0065603 684.704
52 756   -0.00984429 0.00662453 687.945
52 757   -0.00984446 0.00658166 689.079
52 759   -0.0101823 0.00584748 690.813
52 760   -0.0102717 0.00564665 690.384
52 767   -0.0100928 0.006225 693.089
52 771   -0.00993621 0.00637563 692.477
52 772   -0.0100687 0.00637443 695.975
52 773   -0.0100114 0.00631257 693.116
52 774   -0.010018 0.00643558 697.1
52 775   -0.00996913 0.00643938 695.468
52 776   -0.00998011 0.00656808 706.493
52 777   -0.00996551 0.00649161 697.605
52 778   -0.0100203 0.00652738 703.443
52 779   -0.0100143 0.00648781 699.763
52 780   -0.00994798 0.00654934 700.131
52 781   -0.0099027 0.0065153 693.767
52 782   -0.00993932 0.00651244 696.832
52 783   -0.00992048 0.00656219 697.548
52 784   -0.00987334 0.00656851 691.973
52 785   -0.00989173 0.00654565 693.596
52 786   -0.00988767 0.0065875 693.623
52 787   -0.0099165 0.00658261 697.884
52 788   -0.00989901 0.00663999 693.992
52 789   -0.0098784 0.00662036 691.624
52 790   -0.00993202 0.00660141 701.915
52 791   -0.00992382 0.00662592 700.715
52 792   -0.00997844 0.00659831 714.009
52 793   -0.00995263 0.00660979 709.321
52 795   -0.00999549 0.00660953 723.96
52 821   0.00489977 -0.00770134 724.665
52 876   -0.00197615 0.0086254 708.183
52 877   -0.00313141 0.00830822 707.931
52 885   0.00172441 -0.00863682 708.214
52 886   0.00287967 -0.00831964 707.357
52 912   0.000364456 0.00876425 704.992
52 947   0.00183383 0.00916753 706.161
52 948   0.00128066 0.00813747 704.627
52 949   0.000671708 0.00222476 698.649
52 950   0.00200275 0.00225653 698.027
52 951   0.000572111 0.00440456 700.489
52 952   0.00323959 0.00494896 699.389
52 953   0.00152281 0.0049574 700.679
52 954   0.0022835 0.00391527 699.038
52 955   0.00184951 0.00703937 703.716
52 956   0.00300453 0.00597894 701.163
52 957   0.00195327 0.00600327 701.919
52 958   0.00343265 0.0068774 702.695
52 959   0.00265797 0.00741675 704.793
52 960   0.00350022 0.00871089 713.022
52 961   0.00268552 0.00845898 709.066
52 962   0.00412595 0.00733016 703.071
52 963   0.00416599 0.00812143 706.691
52 964   0.00511039 0.00688757 698.756
52 965   0.00568854 0.00741571 696.026
52 966   0.00471788 0.00837942 707.214
52 967   -0.0011913 -0.00558267 701.757
52 968   0.000225941 -0.00547852 702.04
52 969   -0.000158238 -0.0087916 705.188
52 970   0.000713379 -0.00768093 705.455
52 971   -0.00178684 -0.00923518 705.868
52 972   -0.00102745 -0.00823246 704.485
52 973   -0.00157307 -0.00722594 703.958
52 974   -0.00346047 -0.00705576 703.082
52 975   -0.00257614 -0.00762177 705.26
52 976   -0.00348861 -0.00875668 712.762
52 977   -0.00262691 -0.00857242 709.117
52 978   -0.00489324 -0.00744879 699.945
52 979   -0.00406067 -0.00736815 703.043
52 980   -0.00403805 -0.00811842 706.386
52 982   -0.00513967 -0.00806749 701.411
52 983   -0.00460155 -0.00833062 706.527
52 1101   -0.0109172 0.00164089 686.785
52 1102   -0.0110264 0.000302139 687.067
52 1140   0.00512147 0.00818207 704.391
52 1141   0.00539053 0.00805051 700.423
52 1161   -0.00626859 -0.00723964 693.357
52 1162   -0.00713246 -0.00756439 698.211
52 1163   -0.00743501 -0.00692641 699.602
52 1164   -0.00694918 -0.00663473 697.631
52 1167   -0.00636159 -0.00780607 688.056
52 1168   -0.00673963 -0.00783914 694.503
52 1246   -0.00808728 0.00660636 678.695
52 1247   -0.00770719 0.00663961 678.816
52 1368   0.0108241 4.43103e-05 684.728
52 1369   0.0108571 -0.00251249 683.458
52 1370   0.00989181 -0.00150205 685.921
52 1414   0.00559379 -0.00569317 699.929
52 1415   0.00666713 -0.00681321 707.172
52 1416   0.00618287 -0.00716578 715.536
52 1417   0.00553465 -0.00673814 708.927
52 1418   0.0078677 -0.00551788 685.818
52 1419   0.00698816 -0.00629103 695.207
52 1420   0.00705449 -0.00516489 690.68
52 1421   0.00656304 -0.00559863 694.517
52 1423   0.00754132 -0.00652987 683.706
52 1426   0.00828957 -0.00649795 678.842
52 1427   0.00792941 -0.00619047 682.569
52 1433   -0.00510789 0.00772524 725.735
52 1434   -0.0060764 0.0070201 711.337
52 1486   -0.00997757 0.00665468 813.172
52 1489   -0.00994037 0.00664708 706.455
52 1490   -0.00839877 -0.0081035 722.193
52 1491   -0.00829489 -0.00815871 711.527
52 1492   -0.00834113 -0.00822652 711.805
52 1493   -0.00848519 -0.00823885 728.513
52 1494   -0.00843033 -0.00820217 721.74
52 1495   -0.0084597 -0.00814044 729.229
52 1496   -0.00859857 -0.00810748 765.93
52 1497   -0.00853026 -0.00813318 745.546
52 1498   -0.00853262 -0.00819769 745.568
52 1499   -0.00858344 -0.00820796 771.365
52 1500   -0.00869438 -0.00815167 813.707
52 1501   -0.00862595 -0.0081666 791.378
52 1502   -0.00864345 -0.00813064 786.355
52 1503   -0.00866045 -0.0081874 821.918
52 1504   -0.00869331 -0.00818787 835.762
52 1505   -0.00864119 -0.00824464 843.249
52 1506   -0.00865931 -0.00821869 845.044
52 1509   -0.00867236 -0.00828634 939.553
52 1510   -0.00864791 -0.00827156 863.126
52 1511   -0.00866483 -0.00827199 900.384
52 1519   0.00862005 0.00822857 799.617
52 1520   0.00859717 0.00824826 770.108
52 1521   0.00867473 0.00824298 878.938
52 1522   0.00865025 0.00824206 851.54
52 1524   0.00867731 0.00828289 813.262
52 1525   0.00868367 0.0082598 901.398
52 1526   0.00867425 0.00827104 932.524
52 1532   0.00861593 0.0082716 784.877
52 1535   0.00864062 0.00826291 840.182
52 1536   0.00865566 0.00827507 881.114
52 1537   -0.00995681 0.00662701 716.784
52 1538   -0.00995275 0.00663979 716.732
52 1539   -0.00996925 0.0066492 751.817
52 1540   -0.00998309 0.006625 735.999
52 1541   -0.00997021 0.006631 732.985
52 1542   -0.00997641 0.00664184 758.816
52 1544   -0.00999162 0.00663061 748.004
52 1545   -0.00998697 0.00664106 772.439
52 1591   0.00993498 -0.00657771 694.887
52 1592   0.00997876 -0.00658046 701.698
52 1593   0.0099856 -0.00660761 710.128
52 1594   0.00988546 -0.00662137 687.592
52 1595   0.00989959 -0.00664841 688.135
52 1596   0.00991151 -0.00660127 692.287
52 1597   0.00994645 -0.00664954 700.823
52 1598   0.00992154 -0.00663758 693.585
52 1599   0.00992974 -0.00661904 696.26
52 1600   0.00996962 -0.0066223 717.297
52 1601   0.00995048 -0.00662296 703.941
52 1602   0.00996012 -0.00663994 719.582
52 1604   0.00998282 -0.00665242 919.894
52 1607   0.00998265 -0.0066354 747.678
52 1608   0.00997726 -0.00664377 811.748
52 1610   -0.00870861 -0.00821939 862.813
52 1611   -0.00868216 -0.00825861 899.1
52 1612   -0.00868336 -0.00823223 872.251
end
