556
52 239   -0.000414358 -0.00551131 717.605
52 240   -0.000888791 0.00766 713.875
52 241   -0.00448543 0.00109944 717.581
52 242   -0.00628347 0.00238784 719.78
52 243   -0.000866087 0.00541665 719.299
52 244   0.00508159 -0.00220819 719.421
52 245   -0.00241631 -0.00433089 717.329
52 246   0.00146337 -0.0043914 721.137
52 247   -0.000620206 -0.00110728 718.155
52 248   -0.00069123 0.00106904 718.751
52 249   0.00315454 -0.00108379 717.94
52 250   -0.00268638 0.00438995 726.48
52 251   0.00109159 0.00425145 717.735
52 252   -0.00443382 -0.00104634 713.305
52 253   0.00129811 -0.0021871 719.591
52 254   -0.00257952 0.00219094 721.36
52 255   0.000988839 0.00866362 712.266
52 256   0.00115958 0.00210285 717.568
52 257   -0.00245689 -0.00213116 716.594
52 258   0.00308704 0.00102984 715.188
52 259   -0.00967258 0.00256137 703.665
52 260   -0.00798414 0.00144607 707.605
52 261   0.00289918 0.00515101 717.772
52 262   0.00485801 0.00206153 710.723
52 263   -0.00610032 -0.00212776 707.639
52 264   0.00473815 0.0040341 714.218
52 265   0.00496935 -0.00419069 734.509
52 266   -0.00609882 0.00451905 743.945
52 267   -0.00440765 0.00542965 746.894
52 268   -0.00473296 -0.00663686 725.606
52 269   -0.00416588 -0.0049996 718.248
52 270   -0.0110156 0.00103627 696.164
52 271   0.00320757 -0.00527059 730.337
52 272   -0.00587296 -0.0038813 711.626
52 273   0.00616796 -0.00524378 757.024
52 274   -0.00824667 -0.000354124 701.162
52 275   -0.00758763 -0.00160282 701.481
52 276   -0.00725621 -0.00464157 712.129
52 277   -0.00723724 0.00564651 769.822
52 278   0.00748205 -0.00510489 748.752
52 279   0.00340093 -0.00680105 733.651
52 280   -0.0106232 -0.000666461 691.309
52 281   -0.00459249 0.00695159 771.011
52 282   0.00564263 -0.00674712 799.822
52 283   -0.00954268 -0.000941565 694.782
52 284   -0.00405082 0.007844 756.485
52 285   0.00463737 -0.00722449 774.176
52 286   0.00879067 -0.00661361 757.115
52 287   -0.00860776 -0.00259055 694.859
52 288   -0.00842675 -0.00426993 695.899
52 289   0.00779234 -0.00643172 787.231
52 290   -0.0112794 -0.00175772 689.354
52 291   -0.00696337 0.00702808 835.372
52 292   -0.00879501 -0.00347498 691.434
52 293   0.00634786 -0.00744505 856.201
52 294   -0.0095419 -0.00211089 691.922
52 295   0.00450314 -0.00825861 779
52 296   -0.00566131 0.00745029 836.239
52 297   0.00718349 -0.00726854 849.753
52 298   -0.00637576 0.00748929 864.008
52 299   0.0097288 0.00347875 684.514
52 300   -0.0101798 -0.00267955 688.255
52 301   -0.0108367 -0.00260148 688.431
52 302   0.00498606 -0.00875034 848.01
52 303   -0.00915024 -0.0048612 682.827
52 304   0.00561783 -0.00868295 893.404
52 305   0.00614496 -0.0082572 896.091
52 306   -0.00970244 -0.00370651 684.338
52 307   0.0073864 -0.00800006 894.831
52 308   -0.010153 -0.00339074 684.888
52 309   -0.0111274 -0.00331376 686.761
52 310   0.00780255 -0.00821603 898.252
52 311   -0.00660534 0.00831658 908.094
52 312   0.00583551 -0.009227 921.698
52 313   0.00661417 -0.00857836 922.653
52 314   -0.00970444 -0.00455994 678.696
52 315   -0.00697252 0.00857181 928.683
52 316   -0.00988838 -0.0042002 680.018
52 317   0.00701997 -0.00849773 923.626
52 318   0.00764943 -0.00883442 942.073
52 319   -0.0105771 -0.00369548 682.712
52 320   -0.0100866 -0.00476761 674.452
52 321   0.00627565 -0.00922406 952.159
52 322   0.00652717 -0.00900116 950.594
52 323   -0.0108944 -0.00369656 683.957
52 324   -0.0103184 -0.00428873 677.255
52 325   0.00713151 -0.0088827 954.461
52 326   -0.00691329 0.00898853 960.054
52 327   0.00734482 -0.00900342 961.688
52 328   -0.00717659 0.00915356 968.171
52 329   -0.0103745 -0.00457965 674.212
52 330   -0.010532 -0.00419337 678.191
52 331   0.00637059 -0.00949983 968.031
52 332   -0.0106029 -0.00401542 680.207
52 333   -0.00715655 0.00939968 920.502
52 334   0.00675449 -0.00915202 967.058
52 335   -0.0110034 -0.00402481 682.751
52 336   0.00727911 -0.00931501 954.007
52 337   0.00695303 -0.00911419 967.695
52 338   -0.0106022 -0.0046567 672.591
52 339   0.00659327 -0.00949969 955.129
52 340   -0.00697991 0.00948568 861.238
52 341   0.00672565 -0.00937477 960.751
52 342   -0.0111122 -0.00417754 683.185
52 343   -0.00650952 0.00957918 957.765
52 344   -0.0108364 -0.00411117 680.606
52 345   0.00711677 -0.00939356 917.04
52 346   0.007004 -0.00931346 955.32
52 347   -0.0107278 -0.00435262 677.084
52 348   0.00687622 -0.00943674 916.029
52 349   -0.0108574 -0.00427658 679.26
52 350   -0.0107301 -0.00457518 673.729
52 351   -0.0107614 -0.00447459 675.627
52 352   0.00689696 -0.00956065 819.061
52 353   0.00663032 -0.00963946 895.636
52 354   -0.0109532 -0.00436145 679.909
52 355   0.00709375 -0.00955221 810.137
52 356   0.00674822 -0.00967327 793.435
52 357   0.00683852 -0.00965425 744.767
52 358   -0.0110411 -0.00434877 681.839
52 359   -0.00700592 0.0096299 738.371
52 360   0.00700171 -0.00959603 770.485
52 361   -0.0108425 -0.00464839 672.971
52 362   -0.0108834 -0.00450916 676.609
52 363   -0.0109455 -0.00447206 678.836
52 364   -0.0110771 -0.00446037 683.226
52 365   -0.00694021 0.00966894 623.461
52 366   -0.0109038 -0.00459491 675.155
52 367   -0.00687955 0.00969164 623.274
52 368   0.00699901 -0.00968254 590.659
52 369   0.0110709 0.00450481 679.643
52 370   -0.0109672 -0.00462154 676.309
52 371   0.00689351 -0.0097202 486.869
52 372   -0.0110013 -0.00452402 680.506
52 373   -0.011045 -0.00452502 683.456
52 374   0.00694924 -0.0097131 442.556
52 375   -0.0110025 -0.00458776 680.237
52 376   -0.00690139 0.009758 168.802
52 377   -0.00697301 0.0097265 317.809
52 378   -0.0110611 -0.0045845 689.473
52 379   -0.0110391 -0.00461318 684.365
52 380   0.00695266 -0.00975791 107.603
52 381   -0.00694014 0.00975717 158.736
52 382   -0.0110728 -0.00460806 724.842
52 383   -0.00694215 0.0097817 6.14679
52 384   -0.00693034 0.0097935 2.91557
52 471   -0.00208409 0.00868917 707.591
52 494   0.00830928 -0.00795512 861.02
52 495   0.00888666 -0.00737769 779.857
52 583   -0.00713812 -0.00579564 731.51
52 584   -0.00632195 -0.00667263 747.1
52 593   -0.00890075 0.0071064 764.649
52 594   -0.00769192 0.00742388 849.967
52 595   -0.00851005 0.00785764 835.927
52 596   -0.00833954 0.00730526 806.751
52 597   -0.00797614 0.00848795 906.356
52 598   -0.00806725 0.00803572 878.949
52 599   -0.00765762 0.00791681 886.019
52 600   -0.00767826 0.00854025 917.048
52 601   -0.00725888 0.00846883 920.072
52 602   -0.00744499 0.00824531 905.688
52 604   -0.0073968 0.00910394 966.458
52 605   -0.00763442 0.00884789 942.24
52 606   -0.00741986 0.00883592 947.373
52 637   -0.000503673 -0.00717387 715.374
52 638   -0.00199918 -0.00816249 716.04
52 639   -0.00151048 -0.00922749 709.319
52 690   0.00687747 -0.00976051 309.675
52 691   0.00325261 -0.00886388 703.174
52 692   0.00383106 -0.00870827 707.563
52 705   0.00892828 0.00457686 687.335
52 706   0.00940629 0.00416364 683.066
52 709   0.00976836 0.00472506 677.294
52 711   0.0102213 0.00473326 673.625
52 712   0.0100074 0.00451845 676.471
52 713   0.0102945 0.00360933 681.78
52 714   0.0101422 0.00422452 677.761
52 715   0.0102798 0.00395069 679.381
52 716   0.0103832 0.00454156 673.933
52 717   0.0105368 0.00422786 676.546
52 718   0.010345 0.00429724 676.254
52 719   0.0105614 0.00455591 673.096
52 720   0.0106461 0.00437912 674.978
52 721   0.011361 0.00131972 686.637
52 722   0.00962921 -0.00268034 701.761
52 723   0.011284 -0.0013122 693.97
52 724   0.00996328 0.000211453 693.092
52 725   0.0109102 0.000225557 689.249
52 726   0.00670764 -0.00158862 711.18
52 727   0.00847655 -0.00203646 706.024
52 728   0.00918433 -0.000682421 698.292
52 729   0.00622069 0.00113819 706.422
52 730   0.00673066 -0.000340881 706.827
52 731   0.00810018 -0.000128275 701.076
52 732   0.00781121 0.00270423 698.061
52 733   0.00720737 0.00173107 701.827
52 734   0.00807123 0.000929019 698.89
52 735   0.00869618 0.00220074 693.601
52 736   0.009585 0.00117047 692.263
52 737   0.0087771 0.00133389 695.011
52 738   0.00971448 0.00286067 687.393
52 739   0.00930491 0.00236624 690.46
52 740   0.00981089 0.00171625 690.257
52 741   0.0108419 0.00181054 687.68
52 742   0.0102176 0.0019226 688.586
52 743   0.0102233 0.00249874 687.059
52 744   0.0105898 0.00262415 686.246
52 745   0.0113383 0.00259741 686.709
52 746   0.0110092 0.00226487 687.021
52 747   0.0106481 0.0032607 683.711
52 748   0.0107557 0.00293446 685.191
52 749   0.0110819 0.00297893 685.456
52 750   0.0112148 0.00328254 684.881
52 751   0.0111626 0.00372812 682.876
52 752   0.0110628 0.0034312 683.777
52 753   0.0108224 0.00345383 682.949
52 754   0.0110093 0.00384732 681.427
52 755   0.0108006 0.00373261 681.272
52 756   0.0106657 0.00408528 678.101
52 757   0.0106116 0.00388084 679.739
52 758   0.0111081 0.00418365 680.389
52 759   0.0108659 0.00410795 678.752
52 760   0.0110205 0.00401821 680.482
52 761   0.0110202 0.00443456 678.178
52 762   0.0108932 0.00424461 677.744
52 763   0.0110138 0.00430217 678.67
52 764   0.0109347 0.00446262 675.991
52 765   0.0107771 0.00443005 674.686
52 766   0.0108509 0.0043751 675.976
52 774   0.0106492 0.00467599 671.507
52 778   0.0107855 0.0045438 673.144
52 779   0.0107424 0.00461295 672.018
52 780   0.0107863 0.00467299 671.119
52 781   0.0108874 0.00465193 671.711
52 782   0.0108318 0.00457477 672.845
52 783   0.0108271 0.00463291 671.792
52 784   0.0108816 0.00456213 673.493
52 785   0.0109326 0.00453495 674.954
52 786   0.0109153 0.00460927 672.9
52 787   0.0109588 0.00460471 673.88
52 788   0.0109738 0.00455947 675.534
52 790   0.0109881 0.00463099 673.888
52 791   0.00250009 0.00793278 719.51
52 792   0.00313819 0.0067069 720.455
52 793   0.00478704 0.007242 726.956
52 794   0.00361218 0.00873378 732.697
52 795   0.0046857 0.00820199 727.602
52 803   -0.00318574 -0.00834067 726.543
52 804   -0.00425925 -0.00780889 725.774
52 881   -0.0035302 0.00830014 710.457
52 882   -0.00295175 0.00845575 707.004
52 955   0.00155032 -0.00925744 706.501
52 956   0.000732786 -0.00774456 713.386
52 957   0.00226148 -0.00759314 715.111
52 958   0.00253661 -0.00854404 707.45
52 959   -0.000589479 -0.0090644 709.798
52 960   0.000700677 -0.00913206 712.344
52 961   0.000158275 -0.00857009 712.092
52 964   0.000250973 -0.00965585 716.049
52 965   -0.000345127 -0.0095969 708.511
52 1079   0.00969604 -0.00585899 727.689
52 1080   0.00973771 -0.00394613 707.689
52 1081   0.00877126 -0.00468145 723.734
52 1082   -0.0048757 0.00853331 830.161
52 1083   -0.00511978 0.00904798 876.089
52 1084   -0.00547307 0.00822172 867.789
52 1085   -0.00622184 0.00856285 911.779
52 1086   -0.00580402 0.00850698 896.426
52 1087   -0.00568212 0.00895491 906.045
52 1088   -0.00627798 0.00888985 931.712
52 1089   -0.0059822 0.00909132 925.536
52 1090   -0.0063759 0.00936889 964.893
52 1091   -0.00610669 0.00938134 948.889
52 1092   -0.00670671 0.00907426 961.745
52 1093   -0.00647361 0.0090123 949.488
52 1094   -0.00644703 0.00920133 960.393
52 1095   -0.00685105 0.00939656 938.79
52 1096   -0.0067511 0.00924004 969.181
52 1097   -0.00660917 0.00928655 968.88
52 1098   -0.00676582 0.00948235 918.685
52 1099   -0.00662407 0.00954541 934.971
52 1100   -0.00665259 0.00942034 962.714
52 1101   -0.00682326 0.00966863 742.322
52 1102   -0.00677269 0.00958751 844.389
52 1103   -0.00670191 0.00962732 855.543
52 1105   -0.00672006 0.00969914 798.243
52 1106   -0.00678489 0.00971773 726.033
52 1114   0.00603072 0.00462589 714.558
52 1115   0.00750028 0.00565652 729.987
52 1116   0.00743918 0.00373277 702.391
52 1117   0.00806524 0.0045078 704.646
52 1118   0.00552784 0.00675686 731.731
52 1119   0.00667044 0.00596721 732.706
52 1120   0.00582694 0.00571161 724.02
52 1123   0.0061673 0.00723171 758.338
52 1124   0.00657539 0.00679322 751.177
52 1372   -0.0100485 0.0041015 709.103
52 1374   -0.00943039 0.00626245 739.049
52 1375   -0.00881867 0.00523702 735.593
52 1396   0.00693044 -0.00978843 6.65188
52 1399   0.0069257 -0.00977326 57.9218
52 1400   0.00690623 -0.00976876 141.826
52 1548   0.0110662 0.00458533 682.8
52 1549   0.011044 0.00455184 679.286
52 1550   0.0110092 0.00456295 677.066
52 1551   0.0110099 0.00461422 675.961
52 1552   0.011016 0.00459141 677.194
52 1553   0.0110457 0.00460229 680.636
52 1556   0.0110646 0.00462843 689.717
52 1557   0.011049 0.0046224 681.574
52 1558   0.0110305 0.00462878 677.134
16 385   -0.0449735 0.00275865 876.986
16 386   -0.0451551 -0.00345801 876.764
16 387   -0.0399735 0.0078019 886.793
16 388   -0.0499735 0.00812955 858.831
16 389   -0.0244334 -0.0323826 805.657
16 390   -0.04779 -0.0218376 739.08
16 391   -0.0208805 -0.0293167 817.615
16 392   -0.0322316 0.0320578 780.773
16 393   -0.0398894 -0.0323652 708.741
16 394   -0.0261191 -0.0223826 867.666
16 395   -0.029127 -0.0298229 812.757
16 396   -0.0297392 -0.0248229 866.372
16 397   -0.0411366 -0.00708743 883.173
16 398   -0.0363419 -0.0298055 764.521
16 399   -0.00184816 0.0289468 697.02
16 400   -0.0325834 -0.0324403 774.963
16 401   -0.0435495 -0.0297404 696.694
16 402   -0.0182377 -0.0219341 856.943
16 403   -0.0219541 -0.0243167 848.245
16 404   -0.0497187 -0.0177958 781.452
16 405   -0.00070387 0.0235785 716.334
16 406   -0.0384814 -0.00786403 888.878
16 407   0.0038624 0.0175496 717.49
16 408   0.00636273 0.0157211 729.183
16 409   0.00518034 0.013448 740.696
16 410   -0.00588429 0.0145388 912.079
16 411   -0.0070155 0.0137315 937.672
16 412   0.00475208 -0.0125746 917.558
16 413   0.00662357 -0.0121669 961.025
16 414   -0.0070155 0.0123415 963.638
16 415   -0.00665815 0.0118093 966.104
16 416   -0.0059378 0.0117013 960.933
16 417   0.00599153 -0.0115081 967.262
16 418   0.00723107 -0.0120059 966.841
16 419   0.00723107 -0.0112459 901.418
16 420   -0.00701028 0.0111029 889.946
16 421   0.00699161 -0.0108086 803.07
16 422   0.00617897 -0.0110045 952.282
16 423   0.00657154 -0.0107988 860.825
16 424   -0.00592086 0.0110437 968.602
16 425   -0.00671129 0.0107741 837.165
16 426   -0.00634223 0.0108229 916.234
16 427   -0.00736762 0.0109349 809.8
16 428   0.0071397 -0.0104187 578.307
16 429   -0.00736762 0.0105299 592.26
16 430   -0.00689766 0.0104602 709.414
16 431   -0.00726552 0.0103479 439.818
16 432   -0.00709455 0.010357 546.204
16 444   0.00560097 0.0253802 684.98
16 446   0.00499967 0.0201104 705.878
16 447   0.00310064 0.0227323 699.51
16 457   0.00572642 0.0120658 767.778
16 467   0.00136224 0.0165562 722.298
16 468   -0.000684562 0.0140207 711.417
16 469   -0.00205336 0.0149303 764.836
16 470   -0.00134321 0.0128479 704.44
16 477   -0.0443505 -0.0226194 776.192
16 478   -0.0430342 -0.0256102 741.309
16 479   0.00737917 -0.0104082 459.488
16 481   0.00743958 -0.0101466 67.7214
16 482   0.00731875 -0.0102099 235.995
16 486   -0.049776 0.0184059 772.593
16 487   -0.0473107 0.0259327 700.218
16 488   -0.051138 0.0239836 703.069
16 489   -0.048414 0.0211489 744.582
16 490   -0.044035 0.0244499 743.05
16 491   -0.0451384 0.0217462 776.03
16 528   -0.00744895 0.0101071 33.3567
16 529   -0.00734685 0.0101606 176.081
16 547   -0.0071265 -0.0336336 720.18
16 548   -0.00776642 -0.0277991 768.087
16 549   -0.004559 -0.0270608 735.955
16 550   -0.0355296 0.0307392 763.083
16 551   -0.0410099 0.031044 705.589
16 552   -0.0391995 0.0336813 708.875
16 553   -0.0359536 0.0279495 797.51
16 554   -0.0387264 0.0282543 757.137
16 558   -0.002555 0.0212132 784.405
16 559   -0.00125066 0.0180134 765.12
16 560   -0.00261912 0.0167914 810.357
16 571   -0.00496596 0.0301485 710.854
16 572   -0.0073906 0.0333828 717.322
16 573   -0.0101056 0.030371 757.522
16 574   -0.00640342 0.0270254 754.96
16 575   -0.00895855 0.0272479 782.649
16 585   -0.00473473 -0.0159144 802.482
16 586   -0.00605357 -0.0178091 885.623
16 587   -0.0361949 -0.0260256 848.476
16 588   -0.0330486 -0.0236604 889.227
16 636   -0.00315759 -0.0127846 703.189
16 645   0.00608942 -0.0236239 700.405
16 646   0.000428727 -0.0193255 767.763
16 647   -0.000285293 -0.0219031 748.509
16 648   0.00644643 -0.0185108 774.769
16 649   0.00292873 -0.0194594 755.028
16 650   0.00503586 -0.0207755 730.901
16 651   0.00333351 -0.0173148 790.751
16 652   0.00544064 -0.0169969 814.911
16 653   0.00505716 -0.0149175 873.814
16 654   0.00601519 -0.0156531 861.775
16 655   0.00545545 -0.0135542 907.836
16 656   0.00641348 -0.0133128 923.746
16 658   0.00702099 -0.0150444 885.88
16 659   0.00702099 -0.0140675 907.337
16 821   -0.00690881 -0.0111431 841.293
16 822   -0.00572642 -0.0117626 758.127
16 823   -0.00618116 -0.0139387 796.882
16 824   -0.00499878 -0.0128916 742.319
16 826   0.00690881 0.010878 853.426
16 827   0.00690881 0.0120146 805.474
16 832   -0.0371765 -0.0222651 936.315
16 833   -0.0380789 -0.0246303 872.335
16 834   -0.0403752 -0.02428 841.635
16 844   -0.00373522 -0.0241141 777.154
16 845   -0.00286393 -0.0216917 803.396
16 846   -0.00591407 -0.0225851 893.526
16 847   -0.00504278 -0.0201627 903.763
16 860   -0.0399796 0.0226214 903.401
16 861   -0.0411523 0.0249841 795.758
16 862   -0.0392142 0.0261835 799.497
16 885   -0.00565242 0.0206987 925.756
16 886   -0.00445693 0.0224643 839.759
16 887   -0.00578884 0.0245254 809.987
16 895   -0.0047275 0.0138446 894.674
16 896   -0.0033964 0.0142124 819.61
16 897   -0.00268641 0.0131958 751.385
16 898   -0.00331963 0.0125272 768.447
16 899   -0.0054617 0.0120678 938.326
16 900   -0.00432738 0.0125707 889.828
16 901   -0.00502526 0.0128716 910.411
16 903   -0.0045328 0.0118879 906.357
16 904   -0.00499483 0.0116459 928.781
16 910   -0.0510349 0.0324937 670.731
16 913   -0.0472075 0.0298564 682.824
16 914   -0.0442773 0.0323627 685.612
16 920   -0.0461851 -0.0323752 678.375
16 923   -0.0471508 0.0160749 825.639
16 924   -0.0473483 0.012922 846.105
16 925   -0.0423483 0.012922 887.742
16 926   -0.038638 0.0173295 924.432
16 927   -0.0432888 0.0167377 880.401
16 928   -0.0410128 0.0154121 899.629
16 929   -0.0426384 0.019666 877.658
16 930   -0.0403623 0.020007 923.085
16 931   -0.0501551 -0.00560873 867.838
16 934   -0.0485462 -0.015063 823.208
16 935   -0.0489827 -0.00958741 858.45
16 936   -0.0513276 -0.0115436 840.027
16 937   -0.0435734 -0.011259 879.218
16 938   -0.0464196 -0.0116082 861.545
16 939   -0.0459831 -0.0146054 851.506
16 940   -0.0421368 -0.0129863 887.477
16 941   -0.043374 -0.0153547 880.885
16 942   -0.0396999 -0.0122644 894.675
16 943   -0.0387184 -0.0135917 900.568
16 944   -0.0423885 -0.0199314 883.206
16 945   -0.0420465 -0.0171661 894.371
16 946   -0.0390217 -0.0207322 942.793
16 947   -0.0405822 -0.021602 903.151
16 948   -0.0386093 -0.0180205 936.961
16 949   -0.0398278 -0.0161251 908.385
16 1029   0.00570129 -0.0311869 672.311
16 1030   0.00146956 -0.0261563 697.847
16 1031   0.00429071 -0.0270852 685.711
16 1032   -0.00270912 -0.0323626 696.207
16 1033   -0.00193285 -0.0288916 701.502
16 1036   0.00390258 -0.033729 672.815
16 1037   0.000305161 -0.033729 682.722
16 1038   0.000134041 0.0321812 682.571
16 1041   0.00567769 0.0322796 670.548
16 1042   0.00377866 0.0294608 677.208
16 1058   0.00118465 -0.0130654 771.316
16 1059   0.0040462 -0.0151147 850.8
16 1060   0.00289709 -0.0161682 808.891
16 1061   0.00192873 -0.0155868 799.473
16 1062   0.00221855 -0.0136005 808.417
16 1063   0.00256976 -0.0146704 820.08
16 1064   0.0035859 -0.0143961 854.905
16 1065   0.00286847 -0.0130889 836.211
16 1066   0.00403535 -0.0128448 897.442
16 1067   0.00375164 -0.0135937 875.314
16 1069   0.00282278 -0.0123934 824.55
16 1070   0.00348159 -0.0122865 868.345
16 1125   -0.0242966 0.0325 803.82
16 1126   -0.0288829 0.0295578 815.56
16 1127   -0.0264545 0.0225 868.224
16 1128   -0.0297967 0.0245578 870.127
16 1129   -0.0222578 0.0247441 845.551
16 1130   -0.0210138 0.0297441 814.015
16 1131   -0.0144911 0.0242322 854.412
16 1132   -0.0162294 0.0322441 786.31
16 1133   -0.0137754 0.0292322 792.612
16 1135   -0.0197455 0.0222441 854.622
16 1136   -0.0166327 0.0222441 859.213
16 1137   -0.0173293 -0.0304011 804.196
16 1138   -0.0149544 -0.033467 778.676
16 1139   -0.0107451 -0.029368 774.525
16 1140   -0.0109326 -0.0321007 755.658
16 1141   -0.0156392 -0.0240348 851.251
16 1142   -0.0132419 -0.027835 807.302
16 1143   -0.0158044 -0.0275018 818.129
16 1144   -0.0136817 -0.0232343 863.835
16 1145   -0.0124718 -0.0255016 838.042
16 1146   -0.00855834 -0.0230318 890.603
16 1147   -0.0095869 -0.0252991 836.4
16 1169   -0.00574388 0.0161307 907.159
16 1170   -0.00449404 0.0174045 891.998
16 1171   -0.00562525 0.0189948 927.464
16 1173   -0.00687508 0.0169921 922.763
16 1174   -0.00687508 0.01845 941.651
16 1186   -0.0345832 0.0210289 922.061
16 1187   -0.0329832 0.0230868 895.515
16 1188   -0.0348861 0.025297 873.25
16 1189   -0.0374553 0.0226395 928.33
16 1190   -0.0372415 0.0248497 877.415
16 1242   0.00535325 -0.0115303 958.319
16 1243   0.0048029 -0.0118186 939.741
16 1249   0.00336171 0.0135741 714.978
16 1250   0.0006812 0.0139952 706.531
16 1251   0.00204393 0.0148538 715.223
16 1253   0.00134017 0.0128224 700.688
16 1254   0.00265779 0.0126086 704.226
16 1283   -0.00105484 -0.0169556 779.723
16 1284   -0.00262888 -0.0161095 771.745
16 1285   -0.00236645 -0.0134592 713.092
16 1286   -0.00210179 -0.0145945 735.879
16 1287   -0.000920944 -0.0145557 740.516
16 1288   0.000525519 -0.0137388 756.127
16 1289   -1.59764e-06 -0.0155464 768.603
16 1290   0.000918388 -0.0151903 778.712
16 1293   -0.00151469 -0.0128004 703.906
16 1294   -0.000329723 -0.0130131 713.87
16 1295   -0.000856201 -0.0134738 717.973
16 1311   -0.0505713 -0.0250073 697.735
16 1312   -0.0491092 -0.0299192 678.08
16 1313   -0.0510379 -0.032544 670.605
16 1362   -0.0102527 -0.0211336 901.548
16 1363   -0.0124911 -0.0211336 884.587
16 1406   -0.0114843 0.0229822 881.017
16 1407   -0.0101247 0.0209941 911.013
16 1408   -0.00962154 0.0248592 851.443
16 1409   -0.00758208 0.0218769 929.356
16 1410   -0.00766415 0.0237538 878.746
16 1434   -0.0333983 -0.0212201 908.244
16 1435   -0.0356422 -0.0212201 936.689
end
