695
52 208   -0.00654532 0.00208123 788.649
52 209   -0.00454851 0.000954261 802.588
52 210   0.00337332 -0.00109641 811.707
52 211   -0.000617544 0.00110309 818.534
52 212   -0.00259485 0.00219633 827.186
52 213   0.00329436 0.00103178 796.335
52 214   -0.000544506 -0.00112199 814.761
52 215   -0.00437193 -0.00123464 786.547
52 216   0.00141039 -0.00219398 824.739
52 217   0.00125839 0.00215929 809.013
52 218   -0.00836547 0.00100424 737.806
52 219   -0.0045859 0.00553571 883.794
52 220   -0.00234523 -0.00221765 800.634
52 221   -0.00646685 0.0042687 837.857
52 222   -0.00810405 0.00553413 835.326
52 223   -0.00228099 -0.00431965 791.795
52 224   -0.0103645 0.00345753 731.115
52 225   0.00848246 -0.00513555 802.009
52 226   -0.00585123 -0.00244 766.878
52 227   0.00489693 0.00198806 775.673
52 228   -0.0101464 0.00165382 714.601
52 229   -0.00399337 -0.00703981 768.043
52 230   0.00475658 0.00381674 773.287
52 231   -0.00382927 -0.00516945 776.812
52 232   -0.0075036 -0.00198467 744.028
52 233   0.00923606 -0.00391876 750.01
52 234   -0.00537281 -0.00427281 771.054
52 235   0.0107786 -0.00327473 720.665
52 236   -0.00648923 -0.00541632 765.092
52 237   -0.00853076 -0.000747908 723.074
52 238   -0.00483404 0.00721793 913.53
52 239   -0.00956329 0.00527845 766.05
52 240   0.00269457 -0.00825317 908.549
52 241   0.00868919 -0.00233856 743.106
52 242   0.00655697 0.00551036 763.86
52 243   0.00642823 0.00137598 757.013
52 244   -0.00764037 0.00715437 897.631
52 245   0.0102318 -0.00169452 709.529
52 246   0.010168 0.000225371 701.758
52 247   0.010926 -0.000730247 700.558
52 248   0.00614543 0.00421947 765.396
52 249   -0.0084198 -0.00309541 750.632
52 250   0.00879157 0.000613702 715.829
52 251   -0.00625132 0.00757116 925.477
52 252   0.0072644 0.00328599 754.157
52 253   0.00740684 0.00227117 743.1
52 254   -0.0112559 0.000550925 701.459
52 255   -0.00989122 -0.00112207 701.371
52 256   0.00855941 0.00174339 719.776
52 257   0.00830977 0.00356027 761.468
52 258   -0.00829752 0.00797611 905.522
52 259   0.010792 0.000996645 692.608
52 260   -0.0108247 -0.000781119 695.839
52 261   0.00934137 0.00212261 707.206
52 262   0.00923418 0.00292468 725.836
52 263   -0.00618689 0.00859321 958.848
52 264   -0.0112267 -0.000286225 698.49
52 265   -0.0100146 -0.00192818 696.071
52 266   0.0101975 0.0017642 692.696
52 267   -0.00348353 0.00983766 967.617
52 268   -0.00679092 0.00897416 965.968
52 269   -0.00493005 0.00909191 967.382
52 270   0.0115133 0.00106299 688.75
52 271   -0.00556521 0.00901853 967.712
52 272   0.0106886 0.00210375 684.089
52 273   -0.00408828 0.0101458 944.916
52 274   -0.00564855 0.00959678 952.983
52 275   -0.0107146 -0.00195001 685.803
52 276   -0.00481847 0.00965174 960.514
52 277   -0.0112704 -0.00131906 689.108
52 278   -0.00598936 0.0097889 928.531
52 279   -0.00441374 0.0101697 898.083
52 280   0.0043644 -0.0101842 909.413
52 281   -0.00464183 0.00996439 924.37
52 282   0.00401681 -0.0102259 944.018
52 283   -0.0110369 -0.00168184 685.698
52 284   0.0113511 0.00166712 682.859
52 285   -0.00527054 0.00983437 927.03
52 286   -0.0109021 -0.00225377 680.77
52 287   0.00564442 -0.0102849 837.9
52 288   -0.0109102 -0.00250325 678.886
52 289   -0.0116543 -0.00134471 688.604
52 290   -0.00523369 0.0101585 855.467
52 291   0.0111209 0.00194033 680.611
52 292   -0.00587078 0.0101553 869.324
52 293   -0.00538244 0.010362 808.665
52 294   -0.0049507 0.0102748 827.241
52 295   0.0052973 -0.0104054 795.436
52 296   0.00458576 -0.0104464 814.65
52 297   -0.0113334 -0.00183186 682.286
52 298   -0.00559015 0.0103446 825.891
52 299   -0.0115594 -0.00168133 684.334
52 300   -0.00455259 0.0105952 778.032
52 301   0.0112148 0.00254556 674.044
52 302   0.0115728 0.00178177 681.017
52 303   0.00526541 -0.0106018 742.811
52 304   -0.0116902 -0.00182079 682.936
52 305   -0.00494143 0.0105031 760.707
52 306   0.011296 0.00213428 676.957
52 307   -0.0112361 -0.00218547 677.772
52 308   -0.011345 -0.00203173 679.356
52 309   -0.00525192 0.010604 736.446
52 310   0.00454877 -0.0106463 762.281
52 311   0.0117127 0.00179679 681.165
52 312   0.0113241 0.00243046 673.264
52 313   0.011335 0.00229301 674.605
52 314   -0.00509391 0.0106287 684.604
52 315   0.0114611 0.0020204 677.798
52 316   -0.00471806 0.0106289 726.279
52 317   -0.0116355 -0.00202754 679.656
52 318   -0.0115164 -0.00208794 678.153
52 319   -0.00482709 0.0105959 718.089
52 320   -0.00505139 0.0107802 448.749
52 321   -0.0115195 -0.00223474 675.53
52 322   0.00509414 -0.0106697 646.037
52 323   0.0115579 0.00209266 676.637
52 324   0.0115114 0.00229726 673.304
52 325   0.0114944 0.00250133 670.619
52 326   0.0116637 0.00201897 678.06
52 327   0.0115692 0.00221079 674.728
52 328   -0.0117153 -0.00212271 678.82
52 329   0.01172 0.00210505 677.171
52 330   -0.0116078 -0.0022784 674.928
52 331   -0.00473634 0.0107801 569.562
52 332   -0.00495571 0.0107963 395.592
52 333   -0.00488388 0.0107377 547.436
52 334   0.0116721 0.00221757 675.104
52 335   0.00509613 -0.0107815 489.347
52 336   -0.0116844 -0.00222678 676.815
52 337   0.0115681 0.00237327 671.753
52 338   -0.00482334 0.0107954 476.852
52 339   0.0115621 0.00243989 670.582
52 340   0.0117111 0.00227476 674.612
52 341   -0.0116175 -0.0023564 673.243
52 342   0.0116917 0.00233396 673.368
52 343   -0.0117301 -0.00227873 676.734
52 344   0.0116468 0.00236924 671.892
52 345   -0.00484704 0.0108581 312.355
52 346   -0.00494709 0.0108691 154.424
52 347   -0.011713 -0.00233762 675.49
52 348   -0.011677 -0.00236367 673.826
52 349   -0.00489896 0.0108732 171.462
52 350   -0.0117388 -0.00237702 676.289
52 351   0.0117347 0.00235907 673.98
52 352   0.00493432 -0.0109359 2.86174
52 353   0.0117477 0.00243603 753.938
52 429   -0.0073205 0.00890336 959.187
52 430   -0.00770448 0.00864434 931.18
52 441   0.00922246 -0.006316 816.342
52 442   -0.00615993 -0.0067984 766.988
52 443   -0.0052076 -0.00752525 787.34
52 467   0.00612111 0.00667718 766.342
52 508   -5.67321e-05 -0.00936165 735.668
52 532   -0.000367557 0.00515236 824.681
52 533   -0.00234784 0.00396601 846.157
52 534   -0.00307357 0.00521459 871.832
52 535   -0.0017982 0.00645055 865.176
52 536   -0.000388377 0.00635131 823.23
52 537   -0.0017457 0.00747686 871.368
52 539   -0.00130272 0.00929735 785.635
52 588   -0.00490358 0.0109046 61.1334
52 637   0.00830732 0.0044012 777.215
52 638   0.00767349 0.00541781 777.071
52 677   -0.00820077 -0.00418594 775.433
52 678   -0.00756694 -0.00520255 776.512
52 713   -0.00950559 -0.002942 711.415
52 714   -0.00987547 -0.0025093 697.439
52 716   -0.0107361 -0.00270289 681.086
52 717   -0.010431 -0.00285834 686.553
52 727   -0.0112111 -0.00259417 674.086
52 731   -0.0113821 -0.0025625 671.907
52 732   -0.0112825 -0.00250234 673.663
52 733   -0.0114387 -0.00228704 674.749
52 734   -0.0113267 -0.00229399 675.505
52 735   -0.0113044 -0.00239225 674.443
52 736   -0.0114241 -0.00248303 672.018
52 737   -0.0114476 -0.00236679 673.359
52 738   -0.0113854 -0.00240382 673.406
52 739   -0.0115408 -0.00250806 670.374
52 740   -0.0114837 -0.00247903 671.389
52 741   -0.0114962 -0.00241193 672.249
52 742   -0.0115717 -0.00246426 670.695
52 743   -0.0115877 -0.00239728 672.059
52 744   -0.0115457 -0.00241672 671.795
52 747   -0.0116271 -0.0024791 669.949
52 748   -0.0116041 -0.00246272 670.481
52 749   -0.0116176 -0.00242877 671.273
52 750   -0.0116685 -0.00245851 670.405
52 751   -0.0116395 -0.0024321 671.176
52 752   -0.0116415 -0.00245819 670.404
52 753   -0.0116769 -0.00240394 672.587
52 754   -0.0116752 -0.00244154 671.041
52 755   -0.0116577 -0.00242331 671.549
52 756   -0.0117217 -0.00240902 674.292
52 757   -0.011693 -0.00243445 671.669
52 758   -0.0116957 -0.0024099 672.856
52 761   -0.0117443 -0.00243226 677.066
52 762   -0.0117106 -0.00243903 671.941
52 763   -0.0117279 -0.00242904 673.991
52 774   -0.00493815 0.0109324 4.18187
52 775   -0.00493469 0.0109192 10.0339
52 776   -0.00492197 0.0109139 20.3806
52 778   0.00985478 0.00310132 701.657
52 779   0.010314 0.00286734 688.993
52 840   0.0110447 0.00263222 676.22
52 841   0.0106827 0.00252182 682.137
52 842   0.0105436 0.00275035 684.318
52 867   0.0116253 0.00246707 669.583
52 870   0.0116594 0.00241288 670.874
52 871   0.0116715 0.00245705 669.528
52 872   0.0116439 0.0024441 669.936
52 873   0.0117155 0.00243643 670.719
52 874   0.0116873 0.00243731 670.235
52 875   0.0116865 0.00241434 671.112
52 876   0.0117236 0.00241818 673.083
52 877   0.0117253 0.00238904 673.476
52 878   0.0117084 0.00240257 672.297
52 887   -0.00665317 0.00949507 954.968
52 888   -0.00636694 0.00968815 938.664
52 951   0.00828665 -0.00701987 882.826
52 952   0.00855024 -0.00777066 898.691
52 953   0.005036 -0.00168062 803.124
52 954   0.00755337 -0.00199912 762.198
52 955   0.00648834 -0.000164511 763.214
52 956   0.00769912 -0.000399004 741.406
52 957   0.00454406 -0.00426159 858.07
52 958   0.00630494 -0.00289651 804.85
52 959   0.00499835 -0.0028125 821.336
52 960   0.0069594 -0.00492582 845.798
52 961   0.0062317 -0.00391453 829.998
52 962   0.00546959 -0.00477667 864.157
52 963   0.00661554 -0.00584153 882.379
52 964   0.00577903 -0.00573439 886.318
52 965   0.00737623 -0.00710844 901.554
52 966   0.00682618 -0.00667947 899.034
52 967   0.00633655 -0.00727892 915.236
52 968   0.00726433 -0.00771534 915.746
52 969   0.0066429 -0.00793939 932.97
52 970   0.00766196 -0.00870508 936.961
52 971   0.00777274 -0.0081664 915.47
52 972   0.00632667 -0.00967136 937.977
52 973   0.00581755 -0.00983918 917.52
52 974   0.00546899 -0.00961468 950.767
52 975   0.00723164 -0.00879642 958.162
52 976   0.00662408 -0.00927285 966.95
52 977   0.00672099 -0.00848179 952.718
52 978   0.00635601 -0.00879494 964.606
52 981   0.00700069 -0.00934852 961.729
52 982   0.00724327 -0.00918523 969.161
52 1013   -0.0028589 -0.00780837 758.303
52 1014   -0.00126883 -0.00761591 770.447
52 1015   -0.000859102 -0.00880799 751.049
52 1016   -0.00302307 -0.00882884 743.628
52 1017   -0.00187527 -0.00917205 752.643
52 1025   0.000970384 0.00505814 802.477
52 1026   0.00155235 0.0038196 801.335
52 1027   0.00344797 0.00452077 780.902
52 1028   0.00347176 0.00553523 776.292
52 1029   0.00226024 0.00598339 780.823
52 1030   0.00456302 0.00762812 778.182
52 1031   0.00471575 0.00648551 773.538
52 1032   0.0017594 0.00873044 756.982
52 1033   0.00245416 0.00746871 763.862
52 1034   0.00351296 0.00816315 749.815
52 1044   0.000839526 -0.00929808 756.049
52 1047   0.0018793 -0.00872003 853.201
52 1048   0.00112657 -0.00826913 821.855
52 1079   0.000886748 0.00888086 744.881
52 1080   0.000270832 0.00789283 777.699
52 1081   -0.000723626 0.00839408 796.6
52 1082   -0.000705215 0.00933973 755.468
52 1203   -0.00341498 0.00916649 951.638
52 1204   -0.00390952 0.00791723 924.847
52 1205   -0.0043594 0.00870948 953.689
52 1206   -0.00286989 0.00877331 922.508
52 1207   -0.0023554 0.00792555 894.235
52 1208   -0.0029957 0.00791966 908.064
52 1209   -0.00175545 0.00902915 850.615
52 1210   -0.00237436 0.00900502 908.382
52 1211   -0.00208481 0.00855338 890.661
52 1214   -0.00219438 0.00947019 881.412
52 1215   -0.00189562 0.00949138 832.641
52 1267   0.00361806 -0.0100227 969.33
52 1269   0.00372975 -0.00937076 962.579
52 1270   0.00320744 -0.00934288 951.556
52 1586   -0.00497602 0.010898 62.1084
52 1587   -0.00495287 0.0109136 14.6018
52 1620   0.00477893 -0.0106721 675.187
52 1621   0.00470167 -0.0106937 690.913
52 1622   0.0047347 -0.0107994 527.007
52 1623   0.00481996 -0.0107513 553.626
52 1624   0.00480397 -0.0108042 465.941
52 1625   0.0048831 -0.0108255 356.312
52 1626   0.00485168 -0.0108743 240.61
52 1627   0.00484029 -0.010838 362.541
52 1628   0.00490619 -0.0108506 267.63
52 1629   0.00488277 -0.010873 201.959
52 1630   0.00114011 -0.00386035 832.803
52 1631   -0.000750547 -0.00489035 806.647
52 1632   0.000777052 -0.00668983 831.021
52 1633   -0.000517221 -0.00656908 797.691
52 1634   0.00359257 -0.00479496 868.369
52 1635   0.00211391 -0.00442803 848.144
52 1636   0.00151752 -0.00557879 851.944
52 1637   0.00295453 -0.0071643 898.714
52 1638   0.00356661 -0.00584342 886.301
52 1639   0.00242575 -0.00604802 874.941
52 1640   0.00425234 -0.00658694 901.301
52 1641   0.00393845 -0.00733245 911.083
52 1642   0.00558791 -0.00724481 916.736
52 1643   0.00524103 -0.00653821 902.683
52 1644   0.00518615 -0.00791728 936.842
52 1645   0.00452538 -0.0079562 933.258
52 1646   0.00570272 -0.00857172 959.019
52 1647   0.00537966 -0.00898841 967.192
52 1648   0.0042127 -0.00901085 960.931
52 1649   0.004875 -0.00889561 964.146
52 1650   0.00453729 -0.00851784 951.253
52 1651   0.00445151 -0.00985792 953.479
52 1652   0.00471637 -0.00934073 969.121
52 1653   0.00438446 -0.00943651 969.27
52 1654   0.00508228 -0.00982704 931.191
52 1655   0.00483432 -0.00964588 960.732
52 1656   0.00473252 -0.00987841 938.472
52 1657   0.00512473 -0.0102866 819.616
52 1658   0.00507238 -0.0100578 882.799
52 1659   0.00488858 -0.0100613 891.108
52 1660   0.00478864 -0.010361 813.214
52 1661   0.00499254 -0.0103463 805.719
52 1662   0.0048893 -0.0102338 843.666
52 1663   0.00482454 -0.0106019 722.665
52 1664   0.00494789 -0.010467 771.48
52 1665   0.00483589 -0.0104799 774.713
52 1666   0.00501246 -0.0106288 682.727
52 1667   0.0049665 -0.0105627 733.874
52 1668   0.00490352 -0.0106285 691.411
52 1669   0.00497595 -0.010698 591.948
52 1670   0.00492301 -0.0106912 612.553
52 1671   0.00488506 -0.0107439 534.012
52 1672   0.00491187 -0.0107843 441.302
52 1673   0.00502437 -0.0107904 434.213
52 1674   0.00498587 -0.0107478 504.133
52 1675   0.00495974 -0.0107814 438.192
52 1676   0.0050147 -0.010868 179.496
52 1677   0.00501732 -0.0108269 339.448
52 1678   0.00497916 -0.0108212 336.011
52 1679   0.00494053 -0.0108586 217.717
52 1680   0.00498176 -0.0108745 137.573
52 1681   0.00497132 -0.0108502 241.763
52 1682   0.00492137 -0.0109164 13.6751
52 1683   0.00493265 -0.0108803 118.558
52 1684   0.00490199 -0.0109066 51.0118
52 1685   0.00490401 -0.0108905 101.045
52 1686   0.00493638 -0.0109122 14.6839
52 1687   0.00494565 -0.0108921 71.0384
52 1688   0.00496397 -0.0108947 65.4147
52 1689   0.00495555 -0.010916 9.80823
52 1690   0.00494106 -0.0109239 4.87459
52 1743   0.0117424 0.00239585 674.562
52 1746   0.0117481 0.00242445 696.081
52 1747   0.0117402 0.00241351 677.22
16 354   -0.0449779 0.00318498 912.98
16 355   -0.045157 -0.00300426 912.989
16 356   -0.0477803 -0.0217979 811.224
16 357   -0.0322004 0.032058 871
16 358   -0.0411387 -0.00655399 915.726
16 359   -0.0322715 -0.0324514 868.783
16 360   -0.0435112 -0.0297251 725.624
16 361   -0.0497157 -0.0177642 865.088
16 362   -0.000204102 0.0238259 761.018
16 363   -0.0384817 -0.00727875 919.486
16 364   0.00443844 -0.0227097 774.812
16 365   -0.00191124 0.0214413 865.648
16 366   0.00605046 0.0159007 742.234
16 367   0.000861747 -0.0182883 887.127
16 368   0.00293032 -0.0195344 870.376
16 369   -0.00113561 0.0185295 865.364
16 370   0.00486808 0.0137085 736.487
16 371   0.0067243 -0.02266 764.023
16 372   -0.00655662 0.0175057 968.128
16 373   -0.00301118 0.0173821 913.648
16 374   0.000237214 -0.0146272 886.016
16 375   0.00122909 -0.0161849 898.652
16 376   -0.0031309 0.0156998 918.344
16 377   -0.0058077 0.0156563 966.005
16 378   0.00293736 -0.0155103 917.223
16 379   -0.00446362 0.0152191 952.612
16 380   -0.00636339 0.0145711 969.359
16 381   -0.00711231 0.0140657 960.23
16 382   0.0028714 -0.0142234 933.242
16 383   -0.00428622 0.0140032 958.925
16 384   0.00368627 -0.0136532 957.92
16 385   -0.00488666 0.0135409 969.191
16 386   -0.00561975 0.0136715 966.853
16 387   -0.00722101 0.0121878 847.886
16 388   -0.00683332 0.0128883 910.478
16 389   -0.00623365 0.0126549 896.034
16 390   -0.00679167 0.0116668 814.277
16 391   -0.00676295 0.0110724 796.824
16 392   -0.005769 0.0129326 933.192
16 393   -0.00429248 0.0123972 950.216
16 394   -0.00473123 0.0128111 960.811
16 395   -0.006192 0.0119583 827.792
16 396   0.00428702 -0.012413 917.289
16 397   -0.00525234 0.0125328 910.183
16 398   -0.00579476 0.0117007 793.716
16 399   -0.00518525 0.012076 838.063
16 400   -0.00441839 0.011895 851.698
16 401   -0.00627252 0.0108757 811.294
16 402   -0.00541337 0.0118198 792.82
16 403   -0.00479005 0.0118521 808.089
16 404   -0.00573533 0.0113009 763.301
16 405   0.00432828 -0.0119462 825.335
16 406   0.00462346 -0.0119132 803.654
16 407   -0.0054001 0.011244 702.799
16 408   0.00555416 -0.0111467 734.491
16 409   -0.00479355 0.0115699 747.902
16 410   -0.00521644 0.0115499 738.744
16 411   0.0049213 -0.0115723 719.322
16 412   -0.00499182 0.0115238 721.233
16 413   0.00472675 -0.0115747 728.698
16 414   -0.0052626 0.0113739 692.572
16 415   0.00456741 -0.0116582 761.435
16 416   0.00496067 -0.01143 656.033
16 417   -0.00497264 0.011382 652.341
16 418   -0.00510891 0.0113106 631.433
16 427   -0.00734614 0.0105342 707.641
16 428   -0.00703843 0.0106955 780.498
16 432   -0.00514492 -0.0128544 749.493
16 433   -0.00632731 -0.0139015 819.98
16 434   -0.00572642 -0.0117626 752.131
16 435   -0.00690881 -0.0111431 835.335
16 436   0.00690881 0.0109443 845.46
16 437   0.00572642 0.0121984 759.443
16 438   0.00690881 0.0122134 796.95
16 439   -0.0443267 -0.0225632 862.056
16 440   -0.042988 -0.0255765 829.747
16 446   -0.0497787 0.0184182 854.661
16 447   -0.0473099 0.0259417 731.326
16 448   -0.0511393 0.023991 733.068
16 449   -0.048418 0.0211676 818.602
16 450   -0.0440346 0.024465 833.702
16 451   -0.0451427 0.0217715 865.16
16 460   -0.00732729 0.0334768 767.848
16 461   -0.0100093 0.0304304 844.467
16 462   -0.00293777 0.0307061 719.105
16 463   -0.00299791 0.0272493 763.327
16 464   -0.00617377 0.0267683 858.792
16 465   -0.00879565 0.0271788 878.556
16 468   -0.0355079 0.0307402 851.426
16 469   -0.0410053 0.0310468 748.217
16 470   -0.0391944 0.0336823 753.623
16 471   -0.0359251 0.0279515 883.505
16 472   -0.0387126 0.0282581 852.416
16 473   0.00216621 -0.0134242 924.478
16 474   0.0012403 -0.0131534 903.812
16 476   0.00257293 -0.0125035 943.494
16 477   0.00370218 -0.012316 965.925
16 478   0.00331048 -0.0128006 961.858
16 490   -0.0138891 -0.0320187 872.622
16 493   -0.00461326 -0.0304523 768.26
16 494   -0.0100831 -0.0305281 854.458
16 495   -0.00736619 -0.0335094 784.005
16 496   -0.00877392 -0.0275089 878.512
16 497   -0.00588634 -0.0274331 848.503
16 515   -0.0360478 -0.0260352 905.86
16 516   -0.0326876 -0.0236772 920.204
16 518   0.00239936 0.023429 718.86
16 519   0.00458041 0.0256148 695.213
16 520   0.00495994 0.0177308 734.085
16 521   0.00313789 0.0209656 732.058
16 522   0.000585291 0.0179547 793.705
16 523   0.00314464 0.0175224 743.319
16 524   0.00241312 0.0190893 751.526
16 525   0.00205122 0.0163155 745.734
16 526   0.000582399 0.0164603 782.199
16 527   0.00289331 0.013766 713.232
16 528   0.00189175 0.0150387 730.761
16 529   0.00250166 0.0126725 699.699
16 530   -0.00407718 0.0221595 908.473
16 531   -0.00554591 0.0240631 902.954
16 542   -0.00189991 -0.0224885 875.122
16 543   -0.00127305 -0.0194124 887.887
16 556   -0.0242337 0.0325 889.574
16 557   -0.0288135 0.029558 894.001
16 558   -0.0263274 0.0225 908.994
16 559   -0.0297225 0.024558 910.734
16 560   -0.0221051 0.0247268 902.36
16 561   -0.0209204 0.0297268 893.285
16 562   -0.0143204 0.0241804 907.069
16 563   -0.0161662 0.0322268 876.548
16 564   -0.0136788 0.0291804 880.405
16 566   -0.0195565 0.0222268 904.788
16 567   -0.0164287 0.0222268 907.336
16 580   0.00640947 0.0242443 698.18
16 582   0.00531895 0.021771 713.3
16 583   0.00640947 0.0201031 721.248
16 590   -0.047157 0.0161291 895.546
16 591   -0.0473562 0.0130368 902.688
16 592   -0.0423562 0.0130368 919.641
16 593   -0.0386393 0.0173355 959.361
16 594   -0.0432963 0.016798 916.026
16 595   -0.0410176 0.0154603 931.955
16 596   -0.00211286 0.014806 892.78
16 597   -0.00119739 0.0129053 780.93
16 598   -0.0034425 0.0136304 936.845
16 599   -0.00210476 0.0131831 879.342
16 600   -0.00260187 0.0139525 905.669
16 601   -0.00255438 0.0125105 895.714
16 613   -0.00600547 0.0110156 791.177
16 614   -0.0058368 0.011104 774.833
16 665   -0.0146443 -0.0220187 909.443
16 903   0.00731424 -0.010314 685.542
16 923   -0.0403084 -0.0242481 906.503
16 924   -0.0379856 -0.0246224 918.845
16 925   -0.0371086 -0.0222643 955.039
16 983   -0.041146 0.0249968 888.411
16 984   -0.0391982 0.0261903 890.139
16 987   -0.00542185 -0.0212632 939.909
16 988   -0.00389298 -0.0232061 894.545
16 989   -0.00516498 -0.0250051 885.989
16 997   -0.0400713 0.0190121 958.443
16 998   -0.04235 0.0186831 925.228
16 999   -0.0429353 0.0206987 907.578
16 1000   -0.0396827 0.0216245 942.408
16 1001   -0.0414074 0.0226423 914.131
16 1002   -0.00330373 -0.0127475 710.564
16 1003   -0.00233039 -0.0143281 784.694
16 1004   -0.00100308 -0.01376 794.046
16 1008   -0.00564877 -0.0156591 860.894
16 1009   -0.00546439 -0.0194394 942.218
16 1010   -0.00682146 -0.0175909 919.642
16 1011   -0.00330866 -0.0183063 896.458
16 1012   -0.00349305 -0.0161927 857.204
16 1049   -0.050157 -0.00544907 910.057
16 1052   -0.0485442 -0.0149834 895.327
16 1053   -0.0489855 -0.00941765 907.053
16 1054   -0.0513285 -0.0114737 901.16
16 1055   -0.0435751 -0.0109748 913.777
16 1056   -0.0464218 -0.0113936 907.778
16 1057   -0.0459806 -0.0144611 904.678
16 1058   -0.0421363 -0.0127697 918.779
16 1059   -0.0433703 -0.015228 914.619
16 1060   -0.0396999 -0.0119607 925.082
16 1061   -0.0387182 -0.0134076 932.535
16 1062   -0.04237 -0.0198686 920.006
16 1063   -0.0420418 -0.0170893 926.357
16 1064   -0.0389929 -0.0207109 927.271
16 1065   -0.0405392 -0.0215624 945.817
16 1066   -0.0386079 -0.0180057 963.602
16 1067   -0.039826 -0.0160779 943.869
16 1068   -0.00582472 0.0188283 957.692
16 1069   -0.00436092 0.0186731 942.036
16 1070   -0.00611509 0.0206939 934.476
16 1071   -0.00465129 0.0205387 945.568
16 1093   -0.0510348 0.0324944 672.337
16 1096   -0.0472054 0.029859 693.739
16 1097   -0.044275 0.0323645 699.651
16 1098   -0.011334 0.0229304 920.593
16 1099   -0.0100182 0.0209768 951.094
16 1100   -0.00947872 0.0246788 910.076
16 1101   -0.00750985 0.0234967 929.583
16 1102   -0.00750493 0.0217484 943.489
16 1108   -0.0461689 -0.032367 685.643
16 1134   -0.0345581 0.021029 955.592
16 1135   -0.0329412 0.0230869 927.365
16 1136   -0.0348515 0.0252982 913.633
16 1137   -0.0374423 0.0226435 953.334
16 1138   -0.0372191 0.0248547 917.348
16 1150   -0.0014339 -0.0305594 718.751
16 1151   -7.79063e-05 -0.0259231 762.195
16 1152   0.00339323 -0.0262132 717.943
16 1155   0.00385816 -0.0336165 676.065
16 1156   0.000216312 -0.0336165 693.122
16 1162   0.00022016 0.0322293 690.147
16 1165   0.00568307 0.0322392 671.962
16 1166   0.00385401 0.0294685 681.907
16 1173   -0.0117172 -0.0230281 914.249
16 1174   -0.009453 -0.0250089 905.779
16 1175   -0.00745828 -0.0220907 949.489
16 1176   -0.00737321 -0.0240715 912.981
16 1200   -0.0505646 -0.0249962 720.822
16 1201   -0.0490994 -0.0299101 684.495
16 1202   -0.0510348 -0.0325431 672.172
16 1273   -0.00388054 0.0124912 967.664
16 1274   -0.00347029 0.0129828 944.714
16 1275   -0.00307929 0.0126323 923.951
16 1278   -0.00332484 0.0121674 940.179
16 1279   -0.00365424 0.012114 961.791
16 1295   -0.00926892 -0.0210094 954.715
16 1296   -0.011448 -0.0210094 928.881
16 1309   -0.0329989 -0.0212257 939.996
16 1310   -0.035482 -0.0212257 962.727
16 1315   0.00567908 -0.032233 672.858
16 1316   0.00567908 -0.029466 681.561
16 1376   -0.000545259 0.013515 752.939
16 1377   0.000834609 0.014555 734.154
16 1378   -0.000108982 0.015193 785.061
16 1379   -0.000963618 0.0146463 821.686
16 1380   0.00144666 0.013133 703.167
16 1381   0.000255941 0.0132494 709.464
16 1382   0.000781173 0.0137426 715.664
16 1385   0.00125083 0.0125863 696.44
16 1386   0.00059202 0.0126932 693.634
16 1387   -0.0242686 -0.0325 890.543
16 1388   -0.0289095 -0.0299514 892.885
16 1389   -0.0221388 -0.0225 904.805
16 1390   -0.0294627 -0.0249514 908.519
16 1391   -0.0260492 -0.0225 908.478
16 1392   -0.0184638 -0.0245187 902.667
16 1393   -0.0186637 -0.0295187 892.787
16 1413   0.00529065 -0.0112212 654.297
16 1414   0.005425 -0.011278 702.781
16 1424   0.0067243 -0.0199084 850.278
16 1427   0.00674594 -0.0173996 907.463
16 1428   0.00597023 -0.0188639 881.741
16 1429   0.00446211 -0.0184402 889.386
16 1430   0.00617794 -0.0163387 925.708
16 1431   0.00428787 -0.0156705 929.948
16 1432   0.00466981 -0.0167477 913.462
16 1433   0.00437025 -0.0138895 963.1
16 1434   0.00490589 -0.0146199 954.999
16 1435   0.00539769 -0.0142495 964.438
16 1436   0.00459548 -0.0128829 957.753
16 1437   0.00463233 -0.0134532 969.318
16 1438   0.00509177 -0.013585 969.365
16 1439   0.00495117 -0.0127573 936.03
16 1440   0.00523393 -0.0131425 960.834
16 1441   0.00505064 -0.0124063 881.992
16 1442   0.00535562 -0.0123427 864.884
16 1443   0.00539835 -0.0120543 818.284
16 1444   0.00718901 -0.0122344 861.161
16 1445   0.00681131 -0.0117809 822.218
16 1450   0.006932 -0.0152095 952.066
16 1453   0.00596569 -0.0142235 966.366
16 1454   0.0066099 -0.0145419 963.839
16 1455   0.0071779 -0.0137533 967.692
16 1456   0.00621715 -0.0135448 967.72
16 1457   0.00687247 -0.0128763 927.828
16 1458   0.00686136 -0.0133548 959.572
16 1459   0.00634023 -0.0128976 932.007
16 1460   0.00600701 -0.0132169 958.166
16 1461   0.00557561 -0.0130397 950.259
16 1462   0.00559784 -0.012591 900.53
16 1463   0.00634483 -0.0121188 845.532
16 1464   0.00587931 -0.0124642 881.727
16 1465   0.00619029 -0.0125936 899.437
16 1466   0.00591171 -0.0120868 832.46
16 1467   0.00615598 -0.0118921 818.624
16 1468   0.00693653 -0.011259 794.545
16 1469   0.00731424 -0.0109638 775.216
16 1470   0.00712848 -0.0106279 769.054
16 1471   0.00675696 -0.0106059 805.556
16 1472   0.00616503 -0.0108564 806.218
16 1473   0.00656192 -0.0111789 798.571
16 1474   0.00656811 -0.0108618 804.969
16 1475   0.00577706 -0.0111869 764.138
16 1476   0.00626441 -0.0112751 792.359
16 1477   0.00605327 -0.0110719 787.258
16 1478   0.00613918 -0.011531 794.046
16 1479   0.00579057 -0.011417 767.292
16 1480   0.00594155 -0.0115579 785.729
16 1481   0.00559748 -0.0118547 794.812
16 1482   0.00580286 -0.0118543 802.487
16 1483   0.00554143 -0.0116871 772.195
16 1484   0.00559582 -0.0115458 759.205
16 1485   0.00485501 -0.012019 815.271
16 1486   0.00496775 -0.0121707 841.315
16 1487   0.00518949 -0.0120102 809.696
16 1488   0.00515431 -0.0118594 784.272
16 1489   0.00497232 -0.0118364 780.395
16 1490   0.00501469 -0.0116866 751.804
16 1491   0.00536993 -0.0117095 766.215
16 1492   0.0052383 -0.0117581 769.693
16 1493   0.00515506 -0.0116612 749.05
16 1494   0.00523146 -0.0115994 737.772
16 1495   0.0053419 -0.0116257 750.873
16 1496   0.00539793 -0.0114337 720.125
16 1497   0.00543791 -0.0115328 743.04
16 1498   0.00524359 -0.0113274 658.219
16 1499   0.00529553 -0.0114417 703.433
16 1500   0.00522507 -0.0115145 714.776
16 1501   0.00506318 -0.011417 655.74
16 1502   0.00515778 -0.011449 683.603
16 1503   0.00516106 -0.0113478 643.289
16 1505   0.00503513 -0.0113322 607.097
16 1506   0.00509778 -0.0112994 603.62
16 1546   -0.0405655 -0.0310371 758.61
16 1547   -0.0390492 -0.033679 756.763
16 1548   -0.0369431 -0.0284885 870.178
16 1549   -0.0354268 -0.0311305 847.916
16 1564   -0.0499779 0.00574018 909.914
16 1565   -0.0499779 0.0107436 903.82
16 1573   -0.0399779 0.0107168 921.826
16 1574   -0.0399779 0.00565993 916.331
end
