642
16 246   -0.044978 0.00332963 904.53
16 247   -0.0451567 -0.00284933 904.481
16 248   -0.049978 0.00827293 897.604
16 249   -0.039978 0.00832623 909.536
16 250   -0.0477766 -0.021774 786.367
16 251   -0.0397913 -0.0323011 738.569
16 252   -0.0322209 0.0320561 845.399
16 253   -0.0411381 -0.00636132 906.791
16 254   -0.00181291 0.0290282 722.988
16 255   -0.0434939 -0.0296588 714.223
16 256   -0.0497142 -0.0177496 840.298
16 257   -0.0384814 -0.00705804 909.475
16 258   -0.000801957 0.0243434 779.563
16 259   0.00191408 0.0225114 775.975
16 260   0.00454415 0.0225173 753.662
16 261   0.000572614 0.0181204 863.966
16 262   0.00636318 0.0191276 842.104
16 263   0.00225659 0.0193717 845.287
16 264   0.00488667 0.0177809 878.983
16 265   0.000549017 0.0143359 859.099
16 266   0.00157251 0.0158102 884.567
16 267   0.00522312 0.0157291 915.185
16 268   -0.000653921 -0.0143107 753.946
16 269   0.00359294 0.0150098 913.09
16 270   -0.00607807 -0.0150438 960.708
16 271   -0.00389051 -0.0140486 923.119
16 272   -0.0051315 -0.0140334 958.093
16 273   -0.00704643 -0.0142115 968.78
16 274   -0.0055354 -0.0129133 967.643
16 275   0.0050006 0.0130276 967.553
16 276   -0.00677371 -0.0129672 951.387
16 277   -0.00620925 -0.0126793 942.669
16 278   -0.00521041 -0.0122787 951.479
16 279   -0.00478022 -0.0120661 957.911
16 280   -0.00437641 -0.0121051 968.728
16 281   -0.00629442 -0.0119231 851.328
16 282   -0.00596957 -0.0116456 814.093
16 283   -0.00555941 -0.0117673 858.452
16 284   -0.00698476 -0.010574 749.105
16 285   0.00641824 0.0112113 757.15
16 286   0.00656581 0.0108972 749.903
16 287   0.0056665 0.0113259 755.806
16 288   -0.00535996 -0.0114338 806.602
16 289   -0.00490686 -0.0115313 884.894
16 290   -0.00606197 -0.0112469 749.237
16 291   -0.00634688 -0.0110554 741.232
16 292   0.0060852 0.0110857 705.942
16 293   -0.00584986 -0.0110922 689.404
16 294   -0.00661231 -0.0105628 780.291
16 295   0.00576414 0.0111463 694.568
16 296   0.00629393 0.0107395 732.063
16 297   0.00589347 0.0110785 662.57
16 298   -0.00625942 -0.0108354 723.542
16 299   -0.0054688 -0.0112041 748.373
16 300   -0.00565219 -0.0111081 689.717
16 301   0.00538935 0.0112343 749.003
16 302   -0.00513759 -0.0114104 827.258
16 303   -0.00635902 -0.0106955 754.205
16 304   0.00608289 0.0108501 663.489
16 305   -0.00592993 -0.0109104 625.571
16 306   -0.00605457 -0.0108451 664.053
16 494   -0.00722728 -0.0123661 890.945
16 511   0.00601 -0.0227727 701.885
16 512   0.00632576 -0.017237 730.689
16 513   0.00248727 -0.0189616 733.144
16 514   0.00483576 -0.0199148 718.209
16 515   0.00279896 -0.0166423 733.079
16 516   0.00514744 -0.0157083 735.146
16 517   0.00454811 -0.0132574 731.989
16 518   0.00573049 -0.013951 747.963
16 519   0.00513523 -0.0118956 752.135
16 520   -0.00572672 0.0139526 796.524
16 521   -0.00454433 0.0132412 738.592
16 522   -0.00513523 0.0119045 729.318
16 524   0.00729678 0.0111722 766.53
16 525   0.00733739 0.0103404 573.895
16 526   0.00680893 0.0106622 765.668
16 527   0.00713416 0.010747 740.633
16 529   -0.0443146 -0.0225037 840.769
16 530   -0.0429624 -0.0254745 803.353
16 539   -0.00991726 -0.0304438 814.012
16 540   -0.00730206 -0.0334813 747.568
16 541   -0.00831272 -0.0271491 850.473
16 542   -0.00504059 -0.0266347 802.904
16 562   -0.049779 0.0184217 829.664
16 563   -0.0473123 0.0259428 718.257
16 564   -0.0511395 0.0239929 721.108
16 565   -0.0484185 0.0211729 793.525
16 566   -0.0440382 0.0244675 803.065
16 567   -0.0451444 0.0217781 840.122
16 572   -0.0355241 0.030738 823.917
16 573   -0.0410092 0.0310458 730.994
16 574   -0.0391971 0.0336819 735.925
16 575   -0.035948 0.027948 863.936
16 576   -0.0387243 0.0282557 822.281
16 585   -0.000644244 -0.0215625 791.45
16 586   -1.27299e-05 -0.0190281 794.237
16 587   -0.00351132 -0.0158744 908.072
16 588   -0.00182816 -0.0162675 856.249
16 606   -0.035877 -0.0253781 901.707
16 607   -0.0345383 -0.0210257 946.86
16 608   -0.0328817 -0.023077 915.234
16 616   -0.0139353 0.0320153 845.797
16 619   -0.00503212 0.0303712 754.094
16 620   -0.00740289 0.0334571 761.526
16 621   -0.0101674 0.0304724 826.246
16 622   -0.00652028 0.0273359 829.664
16 623   -0.00907291 0.0274371 857.672
16 628   -0.00186128 0.0185615 868.208
16 629   -0.00304911 0.0165595 842.067
16 630   -0.0064104 0.017413 903.887
16 631   -0.00522831 0.0157262 845.966
16 683   -0.0242357 -0.0325 869.893
16 684   -0.0296836 -0.0245514 901.715
16 685   -0.0263297 -0.0225 900.101
16 686   -0.0208908 -0.0297313 876.672
16 687   -0.0220759 -0.0247313 891.608
16 688   -0.0135856 -0.0291938 857.972
16 689   -0.0161378 -0.0322313 850.512
16 690   -0.0142457 -0.0241938 897.29
16 692   -0.0164286 -0.0222313 897.845
16 693   -0.0195374 -0.0222313 894.903
16 696   -0.0471575 0.0161465 882.197
16 697   -0.0473564 0.0130749 891.597
16 698   -0.0423564 0.0130749 910.491
16 699   -0.0386395 0.0173372 951.154
16 700   -0.043297 0.0168171 907.088
16 701   -0.041018 0.0154759 920.136
16 744   0.00422505 0.0120672 957.36
16 773   0.00669963 0.0149204 940.411
16 899   0.00690881 -0.012936 778.867
16 900   0.00631762 -0.0119326 786.254
16 901   0.00690881 -0.0109663 851.285
16 906   -0.00690881 0.0129716 820.011
16 907   -0.00631762 0.0119504 787.895
16 908   -0.00690881 0.0109752 843.894
16 909   -0.00424122 -0.0237345 867.039
16 910   -0.0032994 -0.0214861 882.161
16 911   -0.0053194 -0.0200379 948.197
16 915   -0.0370266 -0.0219463 956.248
16 916   -0.0378885 -0.0242474 913.458
16 917   -0.0402549 -0.0240374 898.911
16 936   -0.0029221 0.0203954 888.278
16 937   -0.00286456 0.0228941 860.442
16 938   -0.00529203 0.0200803 933.297
16 939   -0.00536367 0.0245437 880.431
16 942   -0.041154 0.0249976 868.402
16 943   -0.0392128 0.0261884 871.758
16 944   -0.00739871 -0.0102594 446.102
16 945   -0.00719612 -0.0103656 669.161
16 963   -0.0400722 0.0190154 952.029
16 964   -0.0423512 0.0186899 914.058
16 965   -0.0429377 0.0207052 898.54
16 966   -0.039688 0.0216261 940.394
16 967   -0.0414139 0.0226453 904.216
16 968   -0.00703101 -0.0109056 755.181
16 969   -0.00666261 -0.0111581 765.738
16 970   -0.00707095 -0.0117822 821.894
16 971   -0.00670255 -0.0116271 806.645
16 973   -0.00734367 -0.0114619 787.067
16 974   -0.00734367 -0.0110543 757.271
16 994   -0.0510348 0.0324945 671.784
16 997   -0.0472076 0.0298583 689.492
16 998   -0.0442772 0.0323638 694.04
16 1000   -0.00329433 0.0129924 714.002
16 1001   -0.00097961 0.013724 763.708
16 1002   -0.00229752 0.0145371 771.579
16 1013   0.00329811 -0.0130175 707.778
16 1014   0.000810321 -0.0138068 711.003
16 1015   0.00213201 -0.014645 719.787
16 1026   -0.0501567 -0.00540433 901.428
16 1029   -0.0485425 -0.0149516 881.189
16 1030   -0.048985 -0.00936243 897.834
16 1031   -0.0513283 -0.011453 889.615
16 1032   -0.0435736 -0.0108712 905.18
16 1033   -0.0464205 -0.0113173 898.813
16 1034   -0.045978 -0.0144048 895.036
16 1035   -0.0421346 -0.0126884 909.114
16 1036   -0.0433674 -0.0151767 905.949
16 1037   -0.0396991 -0.0118413 913.34
16 1038   -0.0387177 -0.0133327 919.649
16 1039   -0.0423594 -0.0198111 909.917
16 1040   -0.042039 -0.0170553 914.708
16 1041   -0.038962 -0.0205858 933.982
16 1042   -0.0405 -0.0214015 934.932
16 1043   -0.0386071 -0.0179985 957.74
16 1044   -0.0398248 -0.0160584 931.78
16 1067   -0.0461668 -0.0323578 683.01
16 1086   -0.0100067 -0.0209813 939.138
16 1087   -0.0112589 -0.0229438 909.856
16 1088   -0.00899426 -0.0246491 900.101
16 1089   -0.00727122 -0.0215624 943.599
16 1090   -0.00688728 -0.0232677 917.645
16 1104   -0.0345927 0.021028 947.045
16 1105   -0.0329893 0.0230841 916.269
16 1106   -0.0348795 0.0252941 904.709
16 1107   -0.0374536 0.0226426 948.449
16 1108   -0.0372383 0.0248526 907.402
16 1109   0.00568154 -0.0308723 673.388
16 1110   0.00121154 -0.0257298 705.051
16 1111   0.00419154 -0.0265299 688.857
16 1112   -0.00289991 -0.0321054 705.444
16 1113   -0.00224299 -0.0285535 717.353
16 1116   0.00386308 -0.0336241 673.423
16 1117   0.000226156 -0.0336241 685.527
16 1118   0.000219446 0.032114 692.361
16 1174   -0.0505624 -0.0249868 711.63
16 1175   -0.0490972 -0.0299008 682.209
16 1176   -0.0510348 -0.032543 671.616
16 1247   0.00568098 0.0250956 707.174
16 1248   0.00567949 0.0326605 671.842
16 1249   0.00386047 0.0297745 683.478
16 1256   -0.00113484 -0.0128435 736.979
16 1257   -0.00179365 -0.0127366 771.248
16 1260   -0.00252577 -0.0128817 846.538
16 1261   -0.00342039 -0.0131196 912.391
16 1262   -0.00393257 -0.0125088 944.987
16 1264   -0.00270854 -0.0123243 843.607
16 1265   -0.00336735 -0.0122174 902.554
16 1322   -0.0314681 -0.0335257 838.353
16 1323   -0.0294675 -0.028077 885.072
16 1324   -0.028082 -0.0310257 870.641
16 1325   -0.0355568 -0.0278781 871.938
16 1326   -0.0365732 -0.0308267 805.382
16 1327   -0.0323455 -0.0291027 871.855
16 1328   -0.0333618 -0.0320514 831.212
16 1354   0.00152863 0.0128981 885.618
16 1357   0.00387089 0.0124948 962.922
16 1358   0.00262234 0.0130437 912.112
16 1359   0.0042529 0.0132391 955.904
16 1360   0.00366317 0.0136811 933.892
16 1362   0.00274074 0.0123783 917.349
16 1363   0.00339954 0.0122714 946.712
16 1370   -0.0117871 0.0230229 905.345
16 1371   -0.0103816 0.0210076 927.878
16 1372   -0.00973741 0.0249877 895.755
16 1373   -0.00708438 0.0216724 943.665
16 1374   -0.00721355 0.0236372 906.958
16 1405   -0.0146906 0.0220153 900.216
16 1468   0.00467068 0.0116936 900.181
16 1469   0.00455208 0.012107 951.538
16 1470   0.00494561 0.0123231 954.716
16 1471   0.00564086 0.0132832 967.563
16 1472   0.00629945 0.0140148 959.829
16 1473   0.00709982 0.0135912 967.96
16 1474   0.00677052 0.0129461 962.283
16 1475   0.00611193 0.0127732 958.577
16 1477   0.0071707 0.0125194 926.093
16 1480   0.00655773 0.0115213 793.06
16 1481   0.00690444 0.0122093 886.37
16 1482   0.00703052 0.0115472 797.49
16 1483   0.00723374 0.0118659 833.792
16 1484   0.00629853 0.0118135 831.312
16 1485   0.00604969 0.01232 919.576
16 1486   0.00644202 0.0121828 888.419
16 1487   0.00575334 0.0115728 799.778
16 1488   0.00598602 0.011779 829.682
16 1489   0.00580022 0.0120619 885.938
16 1490   0.00554558 0.0119906 885.17
16 1491   0.00526899 0.0120542 913.131
16 1492   0.00550907 0.0117159 836.314
16 1493   0.00494757 0.0117183 879.985
16 1494   0.00515236 0.0118628 888.2
16 1495   0.0053126 0.0116961 844.892
16 1497   0.00496703 0.0114969 839.605
16 1500   0.00521906 0.0113235 783.013
16 1501   0.00519377 0.0115066 818.767
16 1545   -0.00683712 -0.0176905 964.906
16 1546   -0.00551136 -0.018506 954.532
16 1547   -0.00586876 -0.0162111 953.963
16 1548   -0.00454301 -0.0170266 928.594
16 1572   -0.0242685 0.0325 871.223
16 1573   -0.0288588 0.0295561 878.955
16 1574   -0.0221385 0.0225 894.973
16 1575   -0.0264267 0.0225 900.211
16 1576   -0.0297896 0.0245561 901.948
16 1577   -0.0185104 0.0245153 891.948
16 1578   -0.0187103 0.0295153 876.087
52 307   -0.00460844 -0.00111487 773.227
52 308   0.00550539 0.00229558 776.509
52 309   -0.00658577 -0.00223846 766.064
52 310   0.00342258 0.00106795 777.466
52 311   -0.00458246 0.0012448 756.891
52 312   -0.00251534 0.00228805 766.887
52 313   -0.00259534 -0.00227015 790.628
52 314   -0.000573716 0.00113692 777.675
52 315   0.00328591 -0.00110898 764.799
52 316   0.00143614 0.00222835 785.798
52 317   -0.00245495 0.00449826 760.237
52 318   -0.000627724 -0.00106162 780.625
52 319   0.00114074 -0.00433214 768.06
52 320   0.00124547 -0.00214712 773.238
52 321   -0.00653481 -0.00446763 814.865
52 322   0.00501049 -0.0023093 748.874
52 323   0.00537921 0.00439238 821.273
52 324   -0.0105136 -0.00293198 717.608
52 325   -0.00834993 -0.00103756 726.228
52 326   0.00718502 0.00132875 741.839
52 327   -0.00250072 -0.00428945 809.098
52 328   -0.000637833 -0.00526594 784.348
52 329   -0.00626999 0.00235306 739.635
52 330   0.00279965 -0.00523591 755.678
52 331   0.00462895 -0.00425121 751.239
52 332   -0.01011 -0.00137114 709.392
52 333   -3.00414e-05 -0.00819919 742.03
52 334   0.00660383 -0.00173366 733.392
52 335   -0.000931325 -0.00687735 781.645
52 336   -0.00378171 -0.00536363 843.566
52 337   -0.00783857 0.00178728 719.596
52 338   0.00867948 0.00199447 726.782
52 339   -0.00519467 -0.00550633 861.307
52 340   -0.00856711 0.000666464 712.808
52 341   0.00725305 -0.000403808 727.338
52 342   0.00780534 -0.00265185 719.807
52 343   0.00621596 0.00705007 900.799
52 344   0.0096139 0.000686758 706.761
52 345   0.0107788 0.00080496 698.44
52 346   0.00820756 -0.00359225 730.894
52 347   0.0113739 -0.000327941 693.761
52 348   -0.00550427 -0.00699275 900.785
52 349   0.00858414 -0.000814552 709.334
52 350   -0.00456259 -0.00755877 905.839
52 351   -0.0112142 -5.78045e-05 697.592
52 352   0.00945053 -0.000389702 703.525
52 353   -0.00880288 0.00275441 707.831
52 354   -0.00990657 0.00108229 699.327
52 355   0.0087804 -0.00190731 705.257
52 356   -0.0107935 0.000691599 697.363
52 357   -0.00875231 0.00360328 723.075
52 358   -0.00469598 -0.00840655 931.539
52 359   0.00958786 -0.00218632 695.819
52 360   0.00387487 0.00926561 938.29
52 361   0.0109155 -0.00109533 692.461
52 362   0.00938516 -0.00368906 700.467
52 363   0.00530265 0.00852181 947.053
52 364   0.0101571 -0.00103889 695.972
52 365   -0.00973118 0.00244978 694.224
52 366   -0.0101063 0.00189848 693.663
52 367   -0.00966515 0.00373059 693.835
52 368   -0.0114187 0.00127713 693.873
52 369   -0.00544378 -0.00877417 958.986
52 370   0.0044467 0.00928196 957.005
52 371   0.00982198 -0.0032887 689.636
52 372   0.0100982 -0.00174275 692.82
52 373   0.0098781 -0.00277551 690.203
52 374   0.0049097 0.0090058 958.911
52 375   0.00598081 0.00874772 962.48
52 376   -0.0102693 0.00290949 685.137
52 377   0.011132 -0.00176612 688.337
52 378   -0.0102538 0.00334142 682.942
52 379   -0.0112 0.00183896 690.011
52 380   -0.0107747 0.00206962 688.376
52 381   -0.00536099 -0.00931888 968.265
52 382   0.0106322 -0.00203783 687.489
52 383   0.0114774 -0.0020629 686.038
52 384   0.00596625 0.00926329 965.366
52 385   0.0103999 -0.00351828 680.111
52 386   -0.00676407 -0.00936084 955.285
52 387   0.00638325 0.0094849 933.602
52 388   0.0104698 -0.00274717 683.001
52 389   0.0107136 -0.00245307 683.569
52 390   0.00457007 0.00986121 968.907
52 391   0.0052748 0.00944717 966.785
52 392   0.00565321 0.00947875 951.192
52 393   0.00633318 0.00983416 849.424
52 394   -0.00639055 -0.00950796 931.582
52 395   -0.0108776 0.00249219 683.883
52 396   -0.00566214 -0.00957949 938.464
52 397   -0.0115095 0.00214776 687.907
52 398   -0.0107474 0.00278076 681.328
52 399   -0.0107239 0.00345636 675.96
52 400   0.0107048 -0.00303386 678.437
52 401   0.0113304 -0.00246514 682.015
52 402   0.010691 -0.00329177 676.914
52 403   0.0110663 -0.00258359 680.659
52 404   0.00599871 0.00994799 812.305
52 405   -0.00600721 -0.00957476 921.109
52 406   0.00573574 0.00981419 867.368
52 407   0.0049049 0.00989087 951.962
52 408   0.00514664 0.009753 945.676
52 409   -0.00550743 -0.00985486 876.297
52 410   -0.0113944 0.00247449 684.224
52 411   -0.0111878 0.00258826 682.215
52 412   -0.0110144 0.002971 677.464
52 413   0.00499436 0.0101552 884.761
52 414   0.00553366 0.00998624 825.673
52 415   0.0115078 -0.0026691 680.387
52 416   0.0111102 -0.00284447 677.522
52 417   0.00532297 0.00995663 871.268
52 418   0.0109925 -0.00300063 676.217
52 419   0.0109776 -0.00338507 673.156
52 420   -0.00571202 -0.00999628 804.803
52 421   -0.00604772 -0.00981128 855.256
52 422   -0.011012 0.00333409 673.282
52 423   -0.00624507 -0.00988981 833.722
52 424   -0.0112079 0.00283056 679.019
52 425   0.0052219 0.0101542 826.227
52 426   -0.0115364 0.00264225 683.175
52 427   -0.00618771 -0.0100794 783.413
52 428   -0.00590725 -0.00995743 810.212
52 429   -0.0110873 0.00312404 674.987
52 430   0.00557944 0.0101932 738.961
52 431   -0.0110928 0.00324345 673.352
52 432   -0.00600194 -0.0101162 761.842
52 433   -0.00566701 -0.0101707 740.113
52 434   0.0113023 -0.0029096 676.445
52 435   -0.0113575 0.00290856 678.394
52 436   0.0111279 -0.00314533 673.629
52 437   0.0114359 -0.00285269 677.852
52 438   0.00544238 0.0103073 700.738
52 439   -0.00580652 -0.0102738 627.386
52 440   0.00529553 0.0102979 763.64
52 441   0.0111269 -0.00327185 672.296
52 442   -0.00594622 -0.0102581 670.173
52 443   -0.00553828 -0.0102413 716.375
52 444   -0.0114794 0.00283403 680.494
52 445   -0.0113858 0.00305461 676.26
52 446   -0.0113091 0.00312964 674.252
52 447   0.0113302 -0.00304431 674.51
52 448   -0.00576852 -0.0103821 441.699
52 449   0.0112735 -0.00312388 673.173
52 450   0.0115294 -0.00295549 677.351
52 451   -0.0113066 0.00329201 671.127
52 452   0.0112725 -0.00331297 670.559
52 453   -0.0113725 0.00322447 672.398
52 454   0.00547516 0.0104188 535.3
52 455   -0.0115502 0.00292955 680.213
52 456   -0.00557327 -0.0103571 561.976
52 457   -0.0114961 0.0030912 677.56
52 458   -0.005664 -0.0103948 427.618
52 459   -0.00552575 -0.0104201 480.387
52 460   0.0113453 -0.00319502 671.847
52 461   -0.00545815 -0.0104236 545.504
52 462   0.0114279 -0.00307201 674.608
52 463   0.0114935 -0.0030401 675.943
52 464   0.0113454 -0.00325759 670.722
52 465   0.00560618 0.0104514 324.915
52 466   0.00555285 0.0104518 393.241
52 467   -0.0115385 0.00304068 679.028
52 468   -0.00580802 -0.0104448 303.245
52 469   0.0114212 -0.0031808 672.416
52 470   0.0115404 -0.0030928 676.125
52 471   0.0114471 -0.00313737 673.703
52 472   0.0114158 -0.00327755 670.057
52 473   0.00562812 0.0105137 113.785
52 474   0.0114592 -0.00321436 672.061
52 475   0.0114538 -0.00324854 670.892
52 476   0.00568515 0.0105651 2.53589
52 477   0.0115491 -0.00324957 822.752
52 499   0.00704876 0.00764583 911.095
52 500   0.00647385 0.00856724 956.053
52 501   0.0068742 0.0081899 934.032
52 502   0.0074108 0.00850326 941.092
52 503   0.0072855 0.00897634 966.129
52 504   0.00678348 0.00940037 944.306
52 505   0.00685953 0.00899828 967.912
52 506   -0.00662815 -0.00968887 888.339
52 507   -0.00644216 -0.0098342 852.617
52 523   0.00554623 -0.00713012 754.885
52 528   -0.00390724 0.00802805 757.065
52 571   -0.000838207 -0.00926641 722.776
52 589   -0.0057515 0.00709657 753.469
52 590   -0.00425036 0.00690755 755.498
52 591   -0.00393591 0.0053252 753.617
52 592   -0.00568385 0.00422326 748.563
52 593   -0.00821104 0.00448325 757.829
52 594   -0.00685025 0.00499132 754.626
52 595   -0.00660346 0.00628229 761.807
52 596   -0.00106816 0.00557836 762.319
52 624   0.00783896 -0.0045593 754.869
52 625   0.00627291 -0.00510092 753.086
52 626   0.00639819 -0.00631584 759.335
52 632   -0.00361997 -0.00889783 916.386
52 633   -0.00420027 -0.00873468 930.838
52 634   -0.00489928 -0.00939228 968.081
52 635   -0.00448637 -0.0091757 955.497
52 637   -0.00448928 -0.00984856 969.272
52 640   -0.00486688 -0.0101031 925.4
52 641   -0.00491024 -0.00969598 965.098
52 642   -0.00471587 -0.00983432 966.66
52 643   -0.00505817 -0.0100626 894.379
52 644   -0.00531133 -0.00992657 881.166
52 645   -0.00512312 -0.00986933 929.757
52 647   -0.00535439 -0.0103795 694.849
52 648   -0.00515208 -0.0102129 826.145
52 649   -0.00538701 -0.0102603 755.785
52 650   -0.00530807 -0.010146 809.914
52 675   0.00050513 0.0093191 719.061
52 676   0.000676369 0.00723139 768.499
52 677   0.00160372 0.00770242 787.681
52 780   0.00600817 0.0101682 747.811
52 783   0.00571084 0.0102303 682.234
52 784   0.0058624 0.0102083 704.646
52 785   0.00589138 0.0103327 554.854
52 786   0.0056574 0.0104036 410.152
52 787   0.00570269 0.0103295 549.325
52 788   0.00578861 0.0103587 484.798
52 789   0.00571209 0.0104301 323.066
52 790   0.00578367 0.0104631 240.449
52 791   0.00577186 0.0104182 361.969
52 792   0.00574111 0.0104789 166.985
52 793   0.00570667 0.0104711 206.048
52 794   -0.0114597 0.00322347 673.411
52 795   -0.0114784 0.00325507 672.649
52 796   -0.0115424 0.0031766 678.883
52 797   -0.0115065 0.00316523 676.915
52 798   -0.0115124 0.00322989 676.112
52 799   -0.0115297 0.00320966 678.856
52 800   -0.011522 0.00324617 676.065
52 801   -0.0055711 -0.0104803 315.628
52 804   -0.00564997 -0.010456 293.631
52 805   -0.00560458 -0.0104785 275.709
52 806   -0.00562049 -0.0105174 116.59
52 807   -0.00565013 -0.0105152 90.9527
52 808   -0.00567479 -0.0104839 180.936
52 809   -0.00574575 -0.0105083 75.355
52 810   -0.00574463 -0.0104795 177.332
52 811   -0.00570797 -0.0104865 143.923
52 812   -0.00571753 -0.0105195 48.9242
52 813   -0.00570066 -0.010511 75.4643
52 814   -0.00567032 -0.0105319 35.1579
52 815   -0.00568767 -0.0105251 43.1027
52 851   0.011486 -0.0032593 670.878
52 854   0.0115228 -0.0031346 675.469
52 855   0.0114951 -0.00314725 674.523
52 856   0.0115461 -0.00316842 676.134
52 857   0.0115273 -0.00318659 675.439
52 858   0.0114917 -0.00320237 673.37
52 859   0.0115018 -0.0031787 674.265
52 860   0.011529 -0.00320684 675.708
52 861   0.0115074 -0.0032163 673.845
52 862   0.011507 -0.00323905 672.768
52 863   0.0115257 -0.00324405 674.112
52 865   0.0115502 -0.00323956 719.151
52 866   0.0115449 -0.00321652 677.89
52 867   0.0115419 -0.00323098 682.967
52 1003   -0.00282241 0.00848853 732.529
52 1005   -0.000672436 0.0092719 732.673
52 1006   -0.000640496 0.00817802 741.833
52 1007   -0.00162153 0.00765696 743.849
52 1016   0.00130756 -0.00813405 740.695
52 1017   0.00261436 -0.00678479 749.372
52 1018   0.00406859 -0.00734434 753.575
52 1019   0.00393073 -0.00843129 755.112
52 1020   0.00167696 -0.00915408 734.141
52 1021   0.0028459 -0.00889177 727.68
52 1055   -0.00942014 -0.00457944 747.14
52 1056   -0.00791887 -0.00516804 810.363
52 1058   -0.00917496 -0.00672538 824.235
52 1059   -0.00989994 -0.00559462 759.052
52 1075   -0.00361593 -0.00942042 936.468
52 1077   -0.00417754 -0.00971623 962.668
52 1078   -0.0040884 -0.00941624 951.77
52 1121   0.00783718 0.00851359 924.456
52 1122   0.00823835 0.00820077 893.893
52 1182   0.00896145 0.00325745 737.838
52 1183   0.0101097 0.00509026 735.309
52 1184   0.00923363 0.00537519 770.654
52 1185   0.0084511 0.00447909 771.109
52 1186   0.00700443 0.00620283 865.933
52 1187   0.0070377 0.00513834 824.125
52 1188   0.00821951 0.006359 841.749
52 1189   0.00903531 0.00619062 804.503
52 1190   0.00794201 0.0071642 881.608
52 1191   0.00839443 0.00756219 869.909
52 1193   0.0093663 0.00675523 817.392
52 1194   0.00900292 0.00732159 850.961
52 1232   -0.00228332 -0.00706107 826.171
52 1233   -0.0037421 -0.00723255 886.891
52 1234   -0.00327082 -0.00652383 860.459
52 1235   -0.00316735 -0.00858359 890.37
52 1236   -0.00239111 -0.00775554 831.068
52 1237   -0.00311808 -0.00778403 876.201
52 1238   -0.00163929 -0.00891075 744.738
52 1239   -0.00205527 -0.00836735 795.049
52 1240   -0.00259587 -0.00884104 829.917
52 1242   -0.00188334 -0.00942642 727.824
52 1243   -0.00247644 -0.00934247 754.08
52 1283   0.00120001 0.0039097 790.746
52 1284   -4.90016e-05 0.00504457 774.869
52 1285   0.000714497 0.00617654 781.242
52 1286   0.00371629 0.00483659 831.411
52 1287   0.00168923 0.00561715 804.003
52 1288   0.00223778 0.00446618 804.739
52 1289   0.00257197 0.00711577 839.782
52 1290   0.00261935 0.00608535 830.675
52 1291   0.00371611 0.00588978 855.72
52 1292   0.00528593 0.00718331 904.054
52 1293   0.00504022 0.00793049 920.295
52 1294   0.00441573 0.00664329 884.891
52 1295   0.00327168 0.00734269 873.206
52 1296   0.00432135 0.00771518 905.766
52 1297   0.00401869 0.00706578 888.463
52 1298   0.00364051 0.00872338 910.097
52 1299   0.00388643 0.00804043 903.835
52 1300   0.00326228 0.00794375 882.948
52 1301   0.00290291 0.00839923 869.343
52 1302   0.00312981 0.00885417 893.373
52 1303   0.00128132 0.00896569 733.152
52 1304   0.00164752 0.0084268 770.958
52 1305   0.00185845 0.00942868 726.445
52 1306   0.00240774 0.00862034 812.88
52 1307   0.00233809 0.00911725 774.039
52 1310   0.00259981 0.00932373 776.658
52 1311   0.00289636 0.00928175 832.484
52 1507   0.0111453 0.00178759 702.622
52 1510   0.0106281 0.00386907 716.034
52 1511   0.0102623 0.00293237 715.917
52 1581   0.00573434 0.0105113 64.8091
52 1585   -0.00566899 -0.0105461 12.3347
52 1614   -0.00571298 -0.0105379 13.0035
52 1617   -0.0115477 0.00321534 681.407
52 1619   -0.0115336 0.0032353 679.74
52 1620   -0.0115507 0.00323063 686.086
52 1621   -0.011542 0.00322471 681.883
52 1622   -0.0115511 0.00324341 697.732
52 1624   -0.0115386 0.00324392 680.751
52 1625   -0.0115464 0.00323949 687.669
52 1675   -0.00638706 -0.00740926 909.987
52 1676   -0.00767482 -0.00844142 925.762
52 1677   -0.00742615 -0.00863572 946.117
52 1678   -0.00804782 -0.00814998 900.333
52 1679   -0.00682898 -0.00873576 959.342
52 1680   -0.00619319 -0.0083429 946.849
52 1681   -0.00746153 -0.00662324 875.424
52 1682   -0.00823783 -0.0071654 866.131
52 1683   0.00568773 0.0104995 105.977
52 1684   0.00568067 0.0105458 8.30977
52 1685   0.00566828 0.0105406 14.8385
52 1686   0.0056663 0.0105168 69.7366
52 1687   0.0057095 0.0105173 50.3184
52 1689   0.00569364 0.0105585 3.37114
52 1692   0.00570773 0.010536 13.511
52 1693   0.00569413 0.0105447 7.68386
52 1699   -0.00569522 -0.0105355 17.1177
52 1700   -0.00570365 -0.0105397 11.4288
52 1701   -0.00570187 -0.010552 6.00057
52 1702   -0.00568289 -0.0105475 8.563
52 1703   -0.00569177 -0.0105436 9.73998
52 1704   -0.0056951 -0.0105518 5.88446
52 1705   -0.0056938 -0.0105589 3.58018
52 1706   -0.00568581 -0.0105566 4.87284
end
