588
16 266   -0.0445907 -0.00282277 883.246
16 267   -0.0449757 0.00376163 882.547
16 268   -0.0499757 0.00838801 866.752
16 269   0.00191873 -0.023231 704.301
16 270   -0.0244388 0.0323835 815.311
16 271   -0.0395907 -0.00641537 890.012
16 272   -0.00595644 0.0291202 739.481
16 273   -0.0160905 0.0292457 817.6
16 274   -0.0398105 -0.0323595 712.082
16 275   -0.0360868 -0.0294167 782.581
16 276   -0.0209016 0.0293227 828.126
16 277   -0.0321634 -0.0320572 789.744
16 278   -0.0479038 -0.0222255 737.753
16 279   -0.0401967 0.0324243 708.567
16 280   -0.0261245 0.0223835 874.766
16 281   -0.0366895 0.0298708 767.216
16 282   -0.0291726 0.02983 822.824
16 283   -0.0297848 0.02483 874.132
16 284   -0.00165394 0.0291164 702.185
16 285   -0.0326237 0.0324465 782.904
16 286   -0.0435358 -0.0297854 698.316
16 287   -0.0144941 0.0242457 860.738
16 288   -0.0182535 0.0219392 865.382
16 289   -0.0219752 0.0243227 857.466
16 290   0.00534061 -0.0213814 700.783
16 291   -0.0498188 -0.0181329 783.301
16 292   -0.000458766 -0.0148255 723.081
16 293   -0.00650732 -0.0171925 929.298
16 294   -0.00606899 -0.0149509 920.643
16 295   -0.00380311 -0.0144362 868.031
16 296   -0.0050654 -0.0141263 909.947
16 297   -0.00706166 -0.0140887 942.522
16 298   0.00481127 0.0126146 930.712
16 299   -0.00668866 -0.0120588 964.578
16 300   -0.00706166 -0.0126439 965.225
16 301   -0.00533984 -0.0129304 929.312
16 302   -0.0045958 -0.0124582 912.193
16 303   -0.00597043 -0.01226 959.884
16 304   -0.00581776 -0.011478 967.373
16 305   -0.00696439 -0.0112371 878.455
16 306   0.00729654 0.0112626 854.546
16 307   -0.0066753 -0.01088 815.511
16 308   -0.0061229 -0.0109846 923.106
16 309   -0.00642481 -0.0108264 838.016
16 310   -0.00687558 -0.010512 671.398
16 528   -0.0445038 -0.0231774 769.129
16 529   -0.0430663 -0.0258224 742.599
16 532   0.00732113 0.0102085 253.421
16 533   0.00744038 0.0101461 84.0134
16 536   -0.0473511 0.026017 701.249
16 537   -0.0511414 0.0240078 705.094
16 538   -0.0440974 0.02458 746.959
16 539   -0.0451705 0.0218509 782.302
16 542   0.00483574 0.0118172 954.05
16 559   -0.00997549 -0.0304775 763.195
16 560   -0.00732141 -0.0334925 720.146
16 561   -0.00861126 -0.0273325 787.899
16 562   -0.0057422 -0.0270723 752.287
16 563   -0.00166097 -0.0206106 771.542
16 564   -0.00508702 -0.018201 915.664
16 565   -0.00338639 -0.0162693 859.629
16 566   -0.00153846 -0.0169541 776.477
16 584   -0.0365626 0.026094 851.151
16 585   -0.033109 0.0236697 893.839
16 590   -0.0359001 -0.0254453 870.754
16 591   -0.0345395 -0.0210286 926.973
16 592   -0.0328853 -0.0230859 898.583
16 609   -0.0114618 0.0234598 877.336
16 610   -0.00793346 0.0252735 838.04
16 613   -0.0242368 -0.0325 813.332
16 614   -0.0287782 -0.0295572 826.32
16 615   -0.0296869 -0.0245572 876.801
16 616   -0.0263321 -0.0225 874.889
16 617   -0.0209116 -0.0297425 823.959
16 618   -0.0220983 -0.0247425 854.997
16 619   -0.0136443 -0.0292275 801.71
16 620   -0.0161578 -0.0322425 794.849
16 621   -0.0143083 -0.0242275 864.475
16 623   -0.0164553 -0.0222425 868.326
16 624   -0.0195617 -0.0222425 863.405
16 645   -0.00315872 0.0128498 705.109
16 653   -0.00471269 -0.0117939 928.939
16 654   -0.00530407 -0.0114841 959.451
16 670   -0.0495907 -0.00567467 875.879
16 673   -0.0483642 -0.0155011 828.123
16 674   -0.0481361 -0.00983798 869.017
16 675   -0.0510454 -0.0115982 849.001
16 676   -0.0453409 -0.0121702 874.256
16 677   -0.045569 -0.0153116 861.293
16 678   -0.0417955 -0.0115995 890.838
16 679   -0.0397048 -0.0133597 899.952
16 680   -0.0386594 -0.0173573 931.865
16 681   -0.0408642 -0.0155011 903.398
16 682   -0.043183 -0.0168823 886.92
16 733   -0.0486171 0.0140255 836.911
16 734   -0.0511414 0.0177626 779.828
16 735   -0.0470656 0.0198054 783.406
16 736   -0.0497828 0.0205253 746.247
16 737   -0.042355 0.0131978 891.901
16 738   -0.0458035 0.016896 844.638
16 739   -0.0459964 0.0138787 860.121
16 740   -0.0386414 0.0173476 931.752
16 741   -0.0433035 0.016896 885.655
16 742   -0.0410207 0.0155342 902.788
16 743   0.00707584 0.0109973 802.245
16 744   0.00716033 0.0107042 704.669
16 745   0.00692239 0.0105993 690.589
16 746   0.00726179 0.0103544 428.398
16 747   0.00738103 0.0105216 532.513
16 749   0.0069645 0.0103954 551.462
16 750   0.00708319 0.0103332 477.206
16 766   0.00365684 0.023396 710.289
16 767   -5.31733e-05 0.024942 716.442
16 768   -0.00178019 0.0223136 776.415
16 769   -0.000217122 0.0198485 781.525
16 770   0.00642653 0.0187094 782.063
16 771   0.00442982 0.0209014 738.407
16 772   0.00228288 0.0199824 760.88
16 773   0.0054138 0.0173208 821.682
16 774   0.00326685 0.0180358 793.583
16 775   0.00601128 0.0158045 873.079
16 776   0.00505929 0.015121 882.813
16 778   0.00702401 0.0150705 895.222
16 894   -0.00690881 0.0111431 840.715
16 895   -0.00572642 0.0117626 757.848
16 896   -0.00499991 0.0129567 744.109
16 897   -0.00618229 0.0140038 800.899
16 898   0.00690881 -0.010649 867.265
16 899   0.00690881 -0.0113276 834.416
16 907   -0.0370594 -0.0220614 944.504
16 908   -0.0379407 -0.0244209 883.848
16 909   -0.0403679 -0.0244293 847.361
16 910   -0.0372996 0.0223647 937.163
16 911   -0.0409713 0.0246255 824.778
16 912   -0.0385093 0.024789 868.448
16 929   -0.0400852 0.0190513 933.266
16 930   -0.042368 0.0187464 894.961
16 931   -0.0429729 0.0207919 866.039
16 932   -0.0394591 0.0211785 935.658
16 933   -0.0412054 0.0222382 888.74
16 934   -0.042358 -0.0187689 894.914
16 935   -0.0427986 -0.020782 871.687
16 936   -0.0400392 -0.0190544 933.902
16 937   -0.0408663 -0.0221003 896.533
16 938   -0.0392662 -0.0210633 939.769
16 939   -0.00542848 0.0205811 913.939
16 940   -0.00413849 0.0223948 840.819
16 941   -0.00742949 0.0220601 924.872
16 942   -0.0061395 0.0238738 854.898
16 947   -0.00498924 -0.0244422 802.43
16 948   -0.00529064 -0.020491 923.741
16 949   -0.00371252 -0.0222158 828.117
16 1013   -0.0510379 0.0324967 670.878
16 1016   -0.0472477 0.029921 683.251
16 1017   -0.0443235 0.0324243 686.208
16 1019   0.000999418 -0.0141503 708.302
16 1039   -0.0461892 -0.0324259 678.789
16 1083   -0.00123858 -0.012997 708.492
16 1087   -0.00211699 -0.0128545 724.151
16 1088   -0.0031742 -0.0132212 800.198
16 1089   -0.00369244 -0.0124392 829.119
16 1097   0.00573237 0.0111368 962.713
16 1098   0.00546834 0.0116964 965.884
16 1099   0.00535006 0.0113371 968.672
16 1100   0.00547847 0.0131636 926.938
16 1101   0.00555685 0.014077 907.117
16 1102   0.00650883 0.014272 909.104
16 1103   0.00698482 0.0136368 927.355
16 1104   0.00615327 0.012731 950.617
16 1105   0.00670764 0.0130092 947.082
16 1106   0.00722282 0.0124035 965.974
16 1107   0.00701936 0.0118838 963.023
16 1108   0.00601694 0.0118014 969.048
16 1109   0.00664045 0.011912 967.541
16 1110   0.00628954 0.0121535 966.677
16 1111   0.00617296 0.0114946 964.076
16 1112   0.00651929 0.0114661 946.953
16 1113   0.00600667 0.0111893 949.91
16 1114   0.00613869 0.0109095 892.659
16 1115   0.0066775 0.0111725 881.019
16 1116   0.00646319 0.0109212 846.953
16 1118   0.00653368 0.0106881 784.036
16 1119   0.0067135 0.0105939 730.566
16 1151   0.00225969 -0.0275983 686.38
16 1152   0.00568157 -0.0308735 672.124
16 1153   -0.00291921 -0.032117 695.73
16 1154   -0.00270422 -0.0288418 703.587
16 1157   0.00386313 -0.0336245 672.295
16 1158   0.000226265 -0.0336245 681.616
16 1170   0.000257343 0.0323027 685.161
16 1194   -0.00725104 -0.0106033 645.552
16 1195   -0.00707831 -0.0105018 611.44
16 1196   -0.00715567 -0.0102764 430.294
16 1197   -0.00741364 -0.0104292 466.757
16 1198   -0.00745738 -0.0101663 129.769
16 1199   -0.00737102 -0.0103076 370.437
16 1200   -0.00728577 -0.0102562 342.312
16 1203   -0.00741475 -0.0100927 86.6321
16 1204   -0.00732951 -0.0101373 199.467
16 1207   0.00426092 -0.0177729 717.514
16 1208   0.00241972 -0.0152908 716.997
16 1209   0.00339673 -0.0133198 712.004
16 1210   0.00464673 -0.0135817 734.393
16 1211   0.00513523 -0.0119176 757.425
16 1212   0.00631762 -0.0119766 788.904
16 1214   0.00642031 -0.0174652 717.511
16 1217   0.00528927 -0.0146276 733.929
16 1218   0.00588046 -0.0159221 726.861
16 1219   0.00696015 -0.0153054 736.667
16 1220   0.00661321 -0.0128396 777.511
16 1221   0.00607336 -0.0138265 750.217
16 1222   0.00666456 -0.0141953 750.138
16 1224   0.0072044 -0.0128691 784.026
16 1225   0.0072044 -0.0135477 766.479
16 1256   0.00116474 0.0132639 786.274
16 1257   0.00234626 0.0165985 811.553
16 1258   0.00219171 0.0139244 827.293
16 1259   0.00302018 0.0154104 838.403
16 1260   0.00406226 0.0149896 870.392
16 1261   0.00285808 0.0132769 857.077
16 1262   0.00374728 0.0138339 885.578
16 1263   0.00403793 0.0129596 905.407
16 1264   0.00347812 0.0123491 887.719
16 1265   0.00281931 0.012456 849.922
16 1282   -0.0399757 0.0110314 895.262
16 1283   -0.0399757 0.00640501 889.386
16 1313   -0.00536021 0.0186781 901.844
16 1314   -0.00678674 0.0173371 892.683
16 1315   -0.00546903 0.0155076 816.832
16 1316   -0.0100301 -0.0209925 915.607
16 1317   -0.0113211 -0.0229775 888.116
16 1318   -0.00929283 -0.0248325 861.775
16 1319   -0.00735641 -0.0218549 932.409
16 1320   -0.00721283 -0.0237098 883.884
16 1322   0.00565354 0.0252042 693.638
16 1323   0.00570127 0.0326338 670.8
16 1324   0.00385481 0.0299365 678.571
16 1344   -0.0505849 -0.0250534 698.977
16 1345   -0.0491197 -0.0299684 678.419
16 1346   -0.0510348 -0.0325425 670.766
16 1360   -0.00113504 0.0177824 797.78
16 1361   0.000444364 0.016479 792.872
16 1362   -0.00338365 0.0159339 784.945
16 1363   -0.00327483 0.0174377 818.783
16 1364   -0.00237782 0.0136399 719.015
16 1365   -0.00213363 0.0150064 750.727
16 1366   0.000490539 0.0140944 770.326
16 1367   -0.000966726 0.0150594 757.996
16 1368   7.59187e-05 0.015354 780.339
16 1369   -0.00146388 0.0132576 713.35
16 1370   -0.000820463 0.0140881 738.547
16 1371   -0.000283749 0.0135117 736.619
16 1374   -0.000597761 0.0127347 705.498
16 1375   -0.00125657 0.0126278 703.433
16 1386   -0.0073374 -0.0111289 824.042
16 1387   -0.0073374 -0.0108123 743.37
16 1397   -0.0114321 0.0211533 897.4
16 1398   -0.00919368 0.0211533 921.245
16 1446   -0.00846254 0.0323066 742.052
16 1447   -0.0136998 0.0323066 785.333
16 1468   -0.0356624 0.0212232 940.787
16 1469   -0.0334185 0.0212232 911.551
52 318   0.00711564 0.000950591 710.884
52 319   -0.00437028 -0.00122534 724.8
52 320   -0.000434648 0.00546705 722.584
52 321   0.00512419 0.0022349 726.962
52 322   0.00147327 0.00436945 728.594
52 323   -0.00242813 0.00426278 722.006
52 324   -0.00240203 -0.00232362 729.097
52 325   -0.000557086 0.00104933 724.427
52 326   0.00320984 0.00107407 724.566
52 327   -0.00613063 -0.00229162 726.219
52 328   -0.000550547 -0.00111206 725.189
52 329   0.00133989 0.00215528 726.502
52 330   -0.00241719 0.00205922 722.127
52 331   -0.00437891 0.000996109 718.451
52 332   0.00317494 -0.00103563 720.516
52 333   0.00698178 -0.00123086 705.759
52 334   0.00131153 -0.00211581 723.209
52 335   0.00130659 -0.00423488 722.668
52 336   0.00495544 -0.00205626 714.72
52 337   -0.00956973 -0.00242813 706.098
52 338   -0.00223897 -0.00438896 733.139
52 339   0.0030732 -0.00511206 722.155
52 340   -0.00608964 0.00208911 711.007
52 341   -0.000392441 -0.00529647 724.286
52 342   0.00502038 0.0042207 746.951
52 343   0.00485864 -0.00401361 718.21
52 344   -0.00787951 -0.00124368 710.324
52 345   -0.0109844 -0.00116661 697.896
52 346   -0.00481888 0.00654358 728.965
52 347   0.0032394 0.00527404 742.473
52 348   -0.00606967 -0.00434474 752.462
52 349   -0.00420258 0.00491734 722.26
52 350   0.00833051 -0.00238568 697.394
52 351   -0.00590237 0.00380678 715.213
52 352   0.00627055 0.00532468 774.398
52 353   -0.00749782 -0.00513359 763.197
52 354   -0.00348066 -0.00543091 746.57
52 355   -0.0082184 0.000360431 703.333
52 356   0.00350317 0.00685536 752.051
52 357   -0.00758812 0.0015861 703.748
52 358   -0.00489618 -0.00537388 770.029
52 359   -0.00731941 0.00454193 715.702
52 360   0.00759278 0.0052606 762.106
52 361   -0.0106215 0.000590137 692.464
52 362   0.0104832 -0.00187112 689.169
52 363   0.00963244 -0.00239347 689.599
52 364   -0.00736648 -0.00663438 821.222
52 365   0.0109597 -0.00100653 688.951
52 366   -0.00322946 -0.0069002 745.701
52 367   -0.00954575 0.000932734 696.039
52 368   -0.0086906 0.00258222 695.881
52 369   0.00582971 0.0067307 825.993
52 370   0.0048433 0.00720804 812.499
52 371   -0.0112816 0.00173218 690.258
52 372   -0.00519478 -0.00672327 809.811
52 373   -0.00848685 0.00418714 698.216
52 374   -0.00817765 -0.00729169 832.371
52 375   -0.00428325 -0.00736486 786.685
52 376   -0.00888494 0.00345207 692.234
52 377   -0.00894789 -0.00706675 767.317
52 378   -0.00962063 0.00210633 692.48
52 379   0.00658188 0.00747177 878.386
52 380   0.00915262 -0.00451926 686.601
52 381   -0.00586952 -0.00721415 854.161
52 382   -0.00660779 -0.00725122 867.95
52 383   0.00503499 0.00814408 860.6
52 384   -0.00447125 -0.00812526 814.397
52 385   0.00450124 0.0086115 830.791
52 386   -0.0102735 0.0025974 688.545
52 387   -0.00795284 -0.0082463 898.563
52 388   0.00993442 -0.00352481 683.402
52 389   -0.00573965 -0.0081103 893.835
52 390   -0.00525291 -0.00837982 885.919
52 391   0.00635723 0.00819169 908.075
52 392   -0.009193 0.00474811 684.464
52 393   0.0112326 -0.00267481 686.314
52 394   -0.00413646 -0.00860079 791.084
52 395   -0.00978383 0.00371453 683.739
52 396   0.00579675 0.00838666 904.574
52 397   0.00968207 -0.00411265 681.522
52 398   -0.0108588 0.00256585 688.578
52 399   -0.00676415 -0.00810167 907.38
52 400   -0.00533475 -0.00898273 907.736
52 401   -0.00625773 -0.00843906 917.585
52 402   -0.00748221 -0.00848179 924.333
52 403   -0.00709555 -0.00841648 925.328
52 404   -0.0102042 0.00351565 683.244
52 405   0.00593641 0.00891438 932.435
52 406   -0.0103468 0.0031891 685.404
52 407   -0.0111677 0.00319897 686.851
52 408   0.0111099 -0.0032524 683.895
52 409   0.0104337 -0.00372265 679.683
52 410   0.00676807 0.00859897 936.972
52 411   0.0101125 -0.00450625 675.682
52 412   0.00576991 0.00922001 940.154
52 413   -0.00970994 0.00447434 679.527
52 414   0.0109569 -0.00354771 681.732
52 415   -0.0108806 0.00339841 684.585
52 416   -0.00990268 0.00417582 679.79
52 417   0.0107281 -0.00369031 679.845
52 418   -0.00748551 -0.00899607 960.191
52 419   0.0103894 -0.0042469 675.412
52 420   0.00663737 0.00896106 960.28
52 421   0.00636619 0.00908149 960.73
52 422   -0.00696508 -0.00889506 959.105
52 423   -0.010935 0.0037196 682.501
52 424   0.00693698 0.00922463 962.727
52 425   -0.0105949 0.00382482 680.164
52 426   -0.0100637 0.00465017 675.286
52 427   0.00609697 0.00956113 968.048
52 428   0.0106297 -0.00441816 672.64
52 429   -0.00718856 -0.00911765 967.948
52 430   -0.0106515 0.00407399 677.596
52 431   -0.0102819 0.00425996 676.401
52 432   0.00687312 0.00944275 907.143
52 433   -0.0111422 0.00389441 682.85
52 434   -0.0105178 0.00421571 675.864
52 435   -0.00677108 -0.00938159 943.825
52 436   0.00643175 0.00935755 968.049
52 437   0.00632902 0.00953155 956.159
52 438   -0.00714463 -0.00937812 935.816
52 439   -0.0103196 0.00448802 674.267
52 440   0.0111837 -0.00385796 680.798
52 441   0.0107892 -0.00427394 673.872
52 442   -0.0105577 0.00453097 672.446
52 443   0.0108433 -0.00407034 676.579
52 444   -0.00697213 -0.00945138 898.462
52 445   0.00663907 0.00945524 928.562
52 446   0.00697584 0.00960115 809.588
52 447   -0.00667825 -0.00953802 877.794
52 448   -0.010681 0.00440543 673.271
52 449   -0.0108976 0.00415362 677.788
52 450   -0.0110482 0.00407926 680.644
52 451   0.00647864 0.00967505 868.316
52 452   0.0111435 -0.00404699 679.428
52 453   0.0109865 -0.00412739 676.919
52 454   0.00662528 0.00960859 847.678
52 455   0.0110844 -0.00412228 678.292
52 456   0.0109108 -0.00437402 672.741
52 457   -0.00697579 -0.00961248 806.036
52 458   -0.0109326 0.00429127 676.227
52 459   -0.0108889 0.00438935 673.751
52 460   0.0068307 0.0096891 745.797
52 461   0.00649815 0.00978153 799.606
52 462   -0.011149 0.00417754 681.872
52 463   -0.0108202 0.00444678 672.461
52 464   0.0067142 0.00968406 771.043
52 465   -0.00678415 -0.00965646 780.17
52 466   -0.00688065 -0.00966114 771.793
52 467   0.0109896 -0.00427609 675.246
52 468   0.011144 -0.00426672 678.679
52 469   -0.0111081 0.00427582 681.103
52 470   -0.0110423 0.00431519 678.405
52 471   0.00685205 0.00977611 575.095
52 472   -0.00675838 -0.00974466 678.191
52 473   0.00661379 0.00979292 709.483
52 474   0.011055 -0.00433066 675.751
52 475   -0.0109746 0.00445099 673.154
52 476   -0.00688634 -0.00974866 667.288
52 477   0.0066832 0.00976191 692.667
52 478   0.0111116 -0.00432641 678.063
52 479   -0.00681818 -0.00978471 544.705
52 480   0.0110517 -0.00440553 674.123
52 481   0.00678715 0.00981328 430.034
52 482   0.0067348 0.00980412 514.329
52 483   -0.0111517 0.00432712 683.53
52 484   -0.0110309 0.00441719 675.552
52 485   -0.00680776 -0.00983779 290.627
52 486   -0.0110549 0.00437947 678.068
52 487   -0.0111462 0.00443899 943.273
52 505   0.00813403 0.00641225 788.718
52 506   0.00898742 0.007392 777.636
52 507   0.00903086 0.00660199 752.775
52 508   0.00728981 0.00742247 872.521
52 509   0.00783814 0.00701233 828.088
52 510   0.00838421 0.00754082 835.232
52 511   0.00755891 0.00800158 898.951
52 512   0.00808552 0.00798645 883.143
52 513   0.00712554 0.00856619 935.688
52 514   0.00739811 0.00835015 916.607
52 515   0.00762324 0.00862618 931.409
52 517   0.00720799 0.00922049 964.861
52 518   0.00726585 0.00892413 960.444
52 519   0.0075139 0.00894865 958.425
52 586   0.00537496 0.00924485 916.824
52 587   0.00481805 0.00907459 884.903
52 602   -0.00642538 0.00656157 750.747
52 603   -0.00722612 0.00567047 735.658
52 636   0.00662789 0.00984508 574.511
52 646   -0.000569934 0.00713902 719.021
52 647   -0.00211565 0.00811143 718.591
52 648   -0.00166273 0.00919475 710.686
52 683   -0.0058088 -0.00948146 953.373
52 684   -0.00572458 -0.0091814 934.656
52 685   -0.00603876 -0.00900511 943.431
52 686   -0.00628289 -0.00880938 940.037
52 687   -0.00659803 -0.00918362 968.378
52 688   -0.00665884 -0.00895057 959.638
52 689   -0.00609256 -0.00942169 965.759
52 690   -0.00635584 -0.00921112 966.132
52 691   -0.00617252 -0.0091738 958.796
52 692   -0.00628279 -0.00968559 940.208
52 693   -0.00620527 -0.00951537 969.439
52 694   -0.00634648 -0.00940265 969.047
52 695   -0.00641754 -0.00965619 904.192
52 696   -0.00655999 -0.00955854 897.787
52 697   -0.00643169 -0.00950462 952.156
52 698   -0.00650993 -0.00973075 818.974
52 699   -0.00658177 -0.00968945 809.693
52 701   -0.00653635 -0.00980942 763.522
52 709   -0.000116985 -0.00693532 719.93
52 710   -0.00254852 -0.00741296 726.249
52 711   -0.0012773 -0.00745538 718.933
52 713   -0.00362702 -0.00882326 712.545
52 714   -0.00297698 -0.0084259 715.046
52 715   -0.00261094 -0.00892703 704.234
52 719   -0.00497643 -0.00914749 897.794
52 720   -0.00455979 -0.00902012 864.486
52 761   0.00679968 0.00985339 241.348
52 787   0.0109223 -0.00446595 671.175
52 788   0.0109978 -0.00444288 671.881
52 839   0.0110867 -0.0044323 674.623
52 841   -0.0111317 0.00437406 684.784
52 842   -0.0111008 0.00438703 681.608
52 855   0.00677426 0.00986518 159.604
52 856   0.00667089 0.00985822 428.818
52 859   0.00671287 0.00988431 180.098
52 860   0.00671997 0.00984112 382.104
52 861   0.00669681 0.00985544 368.284
52 862   0.00673126 0.00987896 156.634
52 863   0.00675372 0.00986387 207.064
52 864   0.00674009 0.00986025 254.457
52 865   0.00673945 0.00988654 91.4417
52 866   0.00675033 0.00987862 110.458
52 867   0.00331992 -0.00665255 724.718
52 868   0.00492575 -0.00717183 730.529
52 869   0.00237052 -0.00848394 720.154
52 870   0.00182876 -0.00741422 720.127
52 871   0.00483248 -0.00812379 731.432
52 872   0.00376841 -0.00867423 738.829
52 877   -0.00437777 0.00772341 729.419
52 878   -0.00331369 0.00827385 731.276
52 959   0.00818723 0.00832197 896.789
52 960   0.00788574 0.00861313 921.252
52 1020   0.000272924 -0.00930556 713.925
52 1021   0.00146288 -0.00916687 710.887
52 1029   -0.00202987 -0.00907252 703.995
52 1032   -0.00112469 -0.00861382 711.41
52 1033   -0.00061259 -0.00930216 713.143
52 1053   0.000655846 0.00773613 716.761
52 1054   0.00230358 0.00764352 722.364
52 1055   -0.000734744 0.00904527 711.909
52 1056   3.81141e-05 0.00855906 714.554
52 1057   0.000562065 0.00913539 714.314
52 1059   -0.000508283 0.00958692 710.479
52 1060   8.66971e-05 0.00965627 718.916
52 1068   0.00760704 -0.00554344 735.239
52 1069   0.00614678 -0.00458562 718.308
52 1070   0.00821342 -0.00450971 708.182
52 1071   0.0075923 -0.00378309 704.391
52 1072   0.00565797 -0.00667383 735.236
52 1073   0.00594796 -0.0056422 728.173
52 1074   0.0067871 -0.00587339 737.207
52 1077   0.00669729 -0.00668225 755.037
52 1078   0.00629692 -0.0071278 761.369
52 1163   0.00380368 0.00880094 721.556
52 1164   0.00227671 0.00905982 702.44
52 1165   0.00281942 0.00853638 714.551
52 1167   0.00966131 0.00605806 738.63
52 1168   0.00879102 0.00485016 732.661
52 1169   0.00970115 0.00410107 712.54
52 1248   -0.00958571 -0.00614201 743.402
52 1250   -0.00894681 -0.00486617 734.157
52 1251   -0.00993016 -0.00403634 712.065
52 1276   0.00111458 0.00935081 709.599
52 1277   0.00169564 0.00920532 704.49
52 1514   -0.00670836 -0.00976757 654.909
52 1515   -0.00664411 -0.00974748 746.837
52 1516   -0.00660638 -0.00979921 715.555
52 1517   -0.00663868 -0.00984071 559.007
52 1518   -0.00668877 -0.00984043 448.226
52 1519   -0.00672072 -0.00981901 468.633
52 1521   -0.0067015 -0.00987595 234.18
52 1522   -0.00673058 -0.00988484 75.7902
52 1526   0.0109745 0.000132458 691.514
52 1529   0.0100883 0.0028348 703.245
52 1530   0.00932992 0.00145711 702.822
52 1549   0.0111437 -0.00437767 680.373
52 1552   0.0111112 -0.00441382 677.839
52 1553   0.0111301 -0.00439528 680.369
52 1554   0.0111199 -0.00443203 678.28
52 1559   0.00678419 0.0098811 67.3848
52 1562   -0.0110641 0.00444346 675.833
52 1580   -0.0111483 0.00438973 688.12
52 1582   0.0067417 0.00989821 34.6853
52 1587   -0.00675971 -0.00991166 2.91108
52 1589   -0.00676633 -0.00990528 3.87615
52 1591   -0.00675083 -0.00988588 53.4883
52 1594   -0.00675984 -0.0098793 62.7028
52 1595   -0.00678244 -0.0098622 124.691
52 1596   -0.00675701 -0.00985238 217.771
52 1612   0.0111481 -0.00440372 683.376
52 1616   0.011132 -0.0044223 682.187
52 1617   0.0111496 -0.00441986 689.146
52 1618   0.0111413 -0.00441253 684.158
52 1619   0.0111489 -0.00443303 707.307
52 1622   0.0111444 -0.00442837 692.146
52 1623   0.0111365 -0.0044319 683.845
52 1624   -0.0111015 0.0044098 681.824
52 1625   -0.0110888 0.0044285 678.659
52 1626   -0.0111392 0.00440519 690.697
52 1627   -0.0111234 0.00441229 687.164
52 1639   0.0067569 0.00988639 61.494
52 1640   0.00676935 0.00990118 7.84462
52 1641   0.00677023 0.00988757 43.5353
52 1642   0.00677519 0.00989553 13.6976
52 1643   0.00675233 0.00989624 24.9978
52 1646   0.00676494 0.00990985 3.61262
52 1647   0.00676297 0.00990403 6.36151
52 1648   0.00675636 0.0099031 9.16604
52 1650   -0.0111043 0.00444034 679.629
52 1653   -0.0111318 0.00443194 691.83
52 1654   -0.0111199 0.00442819 685.494
52 1658   -0.0111475 0.00441302 696.716
52 1661   -0.0111437 0.00442387 733.54
52 1662   -0.011148 0.00443074 840.494
end
