800
52 224   0.00131432 -0.00454843 968.736
52 225   0.00112685 0.00451673 969.027
52 226   -0.00286112 0.00230354 964.867
52 227   -0.00482144 -0.00108604 955.643
52 228   0.00124109 -0.00227446 966.307
52 229   -0.000852204 0.00112516 965.633
52 230   -0.0029312 0.00454003 967.881
52 231   -0.000799615 -0.0011208 965.605
52 232   -0.00479085 0.00123695 958.256
52 233   0.00105611 0.00218159 966.27
52 234   0.00301656 -0.00117064 963.078
52 235   -0.00875361 -0.000466173 915.329
52 236   -0.00055848 -0.00544251 969.531
52 237   0.00288417 0.00103945 962.796
52 238   0.00298575 0.0053609 969.13
52 239   0.00461056 0.00201873 956.979
52 240   0.00637726 0.00488703 947.257
52 241   0.00306007 -0.00554672 968.886
52 242   0.00782996 0.00178273 919.99
52 243   0.00464139 0.00400504 962.086
52 244   -0.00469291 0.00555632 967.61
52 245   0.00472153 -0.00203396 959.932
52 246   0.00615096 0.000909663 944.891
52 247   0.00904789 0.000485694 910.457
52 248   0.00151731 -0.00869267 967.508
52 249   -0.00806008 0.0013301 932.311
52 250   -0.00637966 0.00216355 954.338
52 251   0.00612955 -0.000932931 949.708
52 252   0.00333292 0.00706725 958.972
52 253   -0.00075252 -0.00704732 968.012
52 254   -0.00273287 0.00835633 968.393
52 255   7.15375e-05 -0.00826972 966.148
52 256   0.00510416 -0.00361174 962.828
52 257   -0.00492681 0.00716496 969.526
52 258   0.0045377 -0.00484729 966.536
52 259   -0.00613397 0.00493312 963.779
52 260   0.00853572 -0.0012444 923.028
52 261   -0.00661116 0.00371858 961.009
52 262   0.00326609 -0.00708443 969.621
52 263   -0.0041867 0.00807528 968.575
52 264   0.00729639 -0.00178995 945.607
52 265   0.00277207 -0.00811391 968.704
52 266   -0.00233947 -0.00751647 957.781
52 267   0.00574297 -0.00591568 966.149
52 268   0.00174782 0.00859928 954.989
52 269   0.00268021 0.00817456 942.477
52 270   0.00576292 -0.00705784 968.753
52 271   0.00732884 -0.00332021 958.049
52 272   0.00654463 -0.00404097 961.065
52 273   0.00677571 -0.00537918 961.925
52 274   0.00476368 -0.00752716 969.483
52 275   -0.00796022 0.00403641 964.819
52 276   -0.00228877 -0.00865711 945.526
52 277   -0.00713387 0.00589181 959.25
52 278   0.00823681 -0.00392593 964.733
52 279   0.00395973 -0.00892538 966.283
52 280   0.00762288 -0.00588932 953.449
52 281   0.00488605 -0.00851375 966.512
52 282   -0.00651277 0.00862078 951.876
52 283   -0.00619465 0.00757312 969.1
52 284   0.0036015 0.00912047 902.959
52 285   0.00489965 0.00872164 829.232
52 286   -0.0030158 -0.00917809 926.835
52 287   0.00442002 0.0092124 855.834
52 288   0.00211999 0.00971751 947.917
52 289   -0.00826464 0.00495605 965.321
52 290   0.00843758 -0.00494041 964.749
52 291   0.00786139 -0.00677063 940.132
52 292   -0.00715798 0.00668455 958.299
52 293   -0.00679701 0.00721267 965.268
52 294   -0.00791549 0.00559691 954.054
52 295   -0.00375626 -0.00913051 895.422
52 296   0.00171815 0.0102446 953.597
52 297   0.00341878 0.00981003 916.397
52 298   -0.00232364 -0.0101957 950.42
52 299   0.00822267 -0.00555607 949.851
52 300   0.00286966 0.00998235 941.24
52 301   0.00904448 -0.00546367 943.82
52 302   0.00302324 0.0106956 962.311
52 303   -0.00285586 -0.0098842 937.152
52 304   -0.00842159 0.0060822 933.285
52 305   -0.00735253 0.00773628 962.977
52 306   -0.00786329 0.00695318 940.974
52 307   0.00853715 -0.00686689 908.038
52 308   -0.00783154 0.0075014 946.407
52 309   -0.00338302 -0.0102024 932.255
52 310   0.00870588 -0.0061296 919.987
52 311   0.00468804 0.00982007 828.657
52 312   -0.00888908 0.005883 929.169
52 313   -0.00398168 -0.00972778 881.35
52 314   -0.00828017 0.00681158 921.566
52 315   0.00876096 -0.00764559 890.688
52 316   0.00883785 -0.00728354 872.46
52 317   0.00385047 0.0102396 905.813
52 318   0.00346703 0.0108844 966.114
52 319   -0.00848047 0.0065004 918.054
52 320   -0.00469791 -0.00978683 826.132
52 321   -0.00821753 0.00764885 928.432
52 322   -0.00376839 -0.0100936 904.212
52 323   0.00878185 -0.00655913 902.478
52 324   -0.00830652 0.00796809 932.006
52 325   0.009086 -0.00613054 909.156
52 326   -0.004354 -0.00986533 852.626
52 327   -0.00875383 0.00783098 896.674
52 328   -0.00489234 -0.0101405 794.051
52 329   0.00443542 0.0101198 839.657
52 330   0.00419989 0.0102553 868.463
52 331   0.00374515 0.0106008 939.032
52 332   -0.00890788 0.00665235 893.366
52 333   -0.00404278 -0.0103483 889.973
52 334   -0.00406585 -0.0106255 906.388
52 335   -0.00890365 0.00750906 862.32
52 336   -0.00432491 -0.0102262 852.004
52 337   0.0091671 -0.00720118 784.678
52 338   0.00501268 0.00990773 801.24
52 339   0.00429527 0.010587 860.438
52 340   -0.00472068 -0.0103684 791.744
52 341   0.00398748 0.0107767 936.312
52 342   -0.00449716 -0.0103755 825.942
52 343   -0.00431996 -0.0107039 860.234
52 344   0.00492954 0.010218 785.329
52 345   0.00921155 -0.00696679 794.219
52 346   0.0046537 0.0103521 803.73
52 347   0.00449925 0.0106603 809.723
52 348   0.00398061 0.0109928 963.826
52 349   0.00418819 0.0107473 896.322
52 350   0.00418046 0.0110643 952.707
52 351   0.00462214 0.0105609 788.459
52 352   0.00482318 0.0103626 780.631
52 353   -0.00446914 -0.010576 821.168
52 354   0.00429668 0.0109346 894.877
52 355   0.00933389 -0.00732746 722.807
52 356   -0.00476939 -0.0105571 761.809
52 357   -0.00439828 -0.0108506 842.424
52 358   -0.00428919 -0.0110347 920.55
52 359   0.00476864 0.0106573 734.966
52 360   -0.00438842 -0.0109642 856.875
52 361   0.00486835 0.0105565 743.199
52 362   -0.00485751 -0.010641 714.876
52 363   -0.00461577 -0.0106475 780.014
52 364   0.00939574 -0.00698842 738.158
52 365   0.009434 -0.00718852 702.747
52 366   -0.00462547 -0.0107565 758.072
52 367   -0.0045516 -0.0110089 766.689
52 368   -0.00455716 -0.0108317 772.907
52 369   0.0094514 -0.00708388 708.73
52 370   -0.00479151 -0.0107723 644.115
52 371   -0.00471308 -0.0107974 686.864
52 372   0.00952017 -0.00720622 687.957
52 373   -0.00462035 -0.0108997 714.843
52 374   -0.00482656 -0.0108498 455.38
52 375   -0.00462465 -0.0109633 673.66
52 376   -0.00469955 -0.0108771 620.346
52 377   0.0095346 -0.00706012 701.68
52 378   -0.00474411 -0.0109155 454.862
52 379   -0.00469932 -0.0109902 436.157
52 380   0.00957039 -0.00713636 684.839
52 381   -0.00479269 -0.0109133 331.583
52 382   -0.00473958 -0.010965 323.481
52 383   0.00956742 -0.0070949 692.286
52 384   0.00474312 0.0109895 254.091
52 385   -0.00477849 -0.0109827 79.9604
52 386   -0.00481229 -0.0109552 49.3696
52 387   -0.00480261 -0.0109751 23.8002
52 388   -0.00481715 -0.0109865 3.32845
52 389   -0.00482528 -0.0109845 2.76939
52 390   0.00967105 -0.0071002 934.004
52 488   -0.00805312 0.00837351 959.147
52 489   -0.00748512 0.00828915 968.384
52 490   -0.00724772 0.0088132 943.699
52 515   0.00672214 -0.00752293 967.204
52 516   0.00756109 -0.0072499 951.77
52 517   0.00815996 -0.00770821 932.774
52 518   0.00800962 -0.00819093 955.411
52 519   0.00738981 -0.00835264 968.961
52 520   0.00670121 -0.00814295 969.291
52 521   0.0073646 -0.00889591 943.374
52 524   -0.000773275 0.011411 969.211
52 531   0.000785062 -0.0111153 969.057
52 532   0.00166016 -0.0103104 965.429
52 533   0.00264088 -0.0109109 945.109
52 570   0.00338414 -0.0103679 956.701
52 571   0.00398226 -0.00960324 963.859
52 572   0.00461195 -0.010044 962.797
52 574   0.00370812 -0.0109492 946.383
52 575   0.00431954 -0.0106682 967.115
52 582   0.00276775 0.0110809 967.018
52 583   0.00221233 0.0108947 957.894
52 584   0.00208419 0.0113475 954.985
52 585   0.00169902 0.0114435 935.623
52 609   -0.00460012 0.0102253 964.63
52 612   0.00655384 0.00628238 957.367
52 776   -0.00866282 0.00332315 960.244
52 777   -0.00899419 0.00217187 935.273
52 796   -0.00897907 0.00548091 947.695
52 797   -0.00886073 0.00503925 963.73
52 805   -0.00919539 0.0060778 912.739
52 809   -0.00908072 0.00651958 889.953
52 810   -0.00936941 0.0063583 893.236
52 811   -0.00915396 0.00629214 902.923
52 812   -0.00949343 0.00670255 826.334
52 813   -0.00934937 0.00653387 872.084
52 814   -0.00924299 0.0066376 860.618
52 815   -0.0094584 0.00682222 788.418
52 816   -0.00931569 0.00679035 814.378
52 817   -0.00951455 0.00693702 747.978
52 818   -0.00944781 0.00699914 732.315
52 820   -0.00959429 0.00698423 734.946
52 832   0.00960957 -0.00714053 678.602
52 835   -0.00949625 0.00707565 707.091
52 836   -0.00958555 0.00714901 683.575
52 837   -0.00911393 0.00737811 796.691
52 838   -0.00926551 0.00740902 742.72
52 839   -0.00848671 0.00739253 908.919
52 840   -0.00872552 0.00738984 892.769
52 841   -0.0085176 0.00710348 907.5
52 842   -0.00889457 0.00688952 883.432
52 843   -0.00870459 0.00702947 897.792
52 844   -0.00880821 0.00717212 885.155
52 845   -0.00903347 0.00696286 855.252
52 846   -0.0089629 0.00710147 860.519
52 847   -0.00928053 0.00688483 797.551
52 848   -0.00917389 0.0069382 816.873
52 849   -0.0093565 0.00697883 755.89
52 850   -0.00918551 0.00703654 796.269
52 851   -0.00929677 0.00706123 754.556
52 852   -0.0091374 0.00721729 792.471
52 853   -0.00909691 0.00713253 815.552
52 854   -0.00931794 0.00727388 725.231
52 855   -0.00931932 0.00714264 734.376
52 856   -0.00924857 0.00720271 751.62
52 857   -0.00938618 0.00717606 712.738
52 858   -0.00939121 0.00725157 708.26
52 859   -0.00946539 0.00714447 701.788
52 860   -0.00951967 0.00717243 690.708
52 862   -0.00945625 0.00727328 696.917
52 863   -0.0095055 0.00722572 689.767
52 889   7.13601e-05 -0.0108358 966.905
52 891   -6.4621e-05 -0.0115402 968.5
52 894   -0.00157691 0.00565774 969.47
52 895   -0.00012617 0.00573586 969.488
52 896   -0.00170607 0.00758041 969.066
52 897   -0.000646797 0.00807544 967.789
52 898   0.000880724 0.00825447 963.261
52 899   0.000212924 0.00734253 968.114
52 900   -0.000471964 0.00973764 965.913
52 901   -0.000380072 0.0089174 965.938
52 902   0.000422078 0.00905737 963.165
52 903   0.00107551 0.0101814 956.944
52 904   0.000117289 0.0100597 963.888
52 905   0.000543081 0.00969548 961.504
52 906   0.000371144 0.0105198 962.523
52 907   0.000928291 0.0105714 956.544
52 908   -0.000136404 0.0112714 968.908
52 909   0.000245746 0.010909 963.873
52 910   0.000587965 0.0113388 946.446
52 912   -1.70837e-05 0.0116805 968.861
52 913   0.000428712 0.0117221 942.861
52 956   -0.00245126 0.00957198 965.467
52 957   -0.00235063 0.0112281 945.466
52 958   -0.00135546 0.0109231 967.643
52 959   -0.00118244 0.0100723 966.358
52 960   -0.00383509 0.0103032 963.414
52 961   -0.00311881 0.0100855 961.857
52 962   -0.00284516 0.0108908 943.846
52 964   -0.00335801 0.011202 920.505
52 965   -0.00376489 0.0110151 962.811
52 1009   0.0051306 -0.0101707 959.801
52 1013   0.00557555 -0.00889212 957.096
52 1014   0.00590364 -0.00994713 933.343
52 1015   0.00548273 -0.00965083 948.097
52 1016   0.00622979 -0.00862822 958.543
52 1017   0.00695459 -0.00904775 909.256
52 1018   0.00650838 -0.00898974 931.342
52 1019   0.00653436 -0.00978878 864.024
52 1020   0.00627506 -0.00954993 902.756
52 1022   0.00683162 -0.00960468 797.308
52 1023   0.00701853 -0.00942385 825.63
52 1084   0.000938978 0.0115377 890.414
52 1087   0.00141014 0.0115155 914.879
52 1088   0.00115391 0.0111594 938.796
52 1089   -0.000706336 -0.00920447 961.054
52 1090   -0.0014797 -0.0091227 955.066
52 1091   -0.000402683 -0.0101113 961.914
52 1092   -0.000831577 -0.0104367 957.14
52 1093   -0.000839002 -0.0110029 950.914
52 1094   -0.000546089 -0.0113819 952.852
52 1095   -0.000725749 -0.0117445 904.455
52 1096   -0.00180053 -0.0115647 931.532
52 1097   -0.00182024 -0.0101198 952.081
52 1098   -0.00152879 -0.00979063 953.798
52 1099   -0.00118432 -0.0101978 955.72
52 1100   -0.00169053 -0.0108655 950.341
52 1101   -0.00135115 -0.0105456 952.796
52 1102   -0.00160038 -0.0105084 952.762
52 1103   -0.00118507 -0.0110434 945.353
52 1104   -0.00134447 -0.010825 949.827
52 1105   -0.00153813 -0.0109803 947.444
52 1106   -0.00153421 -0.0114465 926.97
52 1107   -0.0012645 -0.011221 937.699
52 1108   -0.00149295 -0.0111764 941.407
52 1109   -0.00107032 -0.0116393 889.168
52 1110   -0.00121933 -0.0114172 924.378
52 1111   -0.00139221 -0.011565 911.922
52 1113   -0.00113936 -0.0118132 842.712
52 1114   -0.00134703 -0.0117612 882.478
52 1144   -0.00503888 0.00896356 961.94
52 1145   -0.00501763 0.00968013 957.659
52 1146   -0.00648274 0.00963062 845.716
52 1147   -0.00609711 0.0091009 927.791
52 1149   -0.00616807 0.00983145 906.79
52 1150   -0.00576119 0.0100183 939.134
52 1153   0.00487013 0.00792278 868.673
52 1154   0.00459754 0.00712204 949.95
52 1155   0.00555494 0.00671336 969.319
52 1157   0.00561187 0.00772193 928.586
52 1158   0.00604318 0.00730626 967.815
52 1233   -0.0063274 -0.00210346 943.634
52 1234   -0.00788016 -0.00180798 919.921
52 1235   -0.00629725 -0.00372046 946.978
52 1236   -0.00212299 -0.00224339 965.62
52 1237   -0.00355526 -0.00228744 962.678
52 1238   -0.00195508 -0.00429114 968.723
52 1239   -0.00300491 -0.00481738 968.81
52 1240   -0.0039024 -0.00393479 965.135
52 1241   -0.00468726 -0.0043947 963.797
52 1242   -0.0055896 -0.00430608 957.173
52 1243   -0.00463852 -0.00538113 968.059
52 1244   -0.00525654 -0.00558893 966.528
52 1245   -0.00582517 -0.00499608 958.612
52 1246   -0.00688483 -0.00615461 948.82
52 1247   -0.00679624 -0.00534535 942.19
52 1248   -0.00546768 -0.00624567 968.737
52 1249   -0.00612491 -0.00646208 966.734
52 1251   -0.00585086 -0.00759842 953.498
52 1252   -0.00628217 -0.00718275 969.335
52 1330   -0.00862639 -0.00327724 911.484
52 1331   -0.00785694 -0.0049012 923.574
52 1332   -0.00759352 -0.0039663 928.38
52 1341   -0.0050808 -0.00893666 821.531
52 1342   -0.00494716 -0.00943542 821.254
52 1379   0.003811 0.0111203 967.821
52 1380   0.00353975 0.0111879 966.444
52 1445   0.00776895 0.00431511 925.883
52 1446   0.00828192 0.00323248 914.821
52 1476   -0.0023805 -0.0107062 956.828
52 1477   -0.00242353 -0.0114088 963.543
52 1478   -0.00196724 -0.0109874 952.792
52 1479   -0.00206377 -0.0113203 951.9
52 1480   -0.0030177 -0.0112605 969.128
52 1481   -0.00271144 -0.0108024 962.229
52 1482   -0.00265794 -0.011172 967.237
52 1483   -0.00303601 -0.0106841 961.829
52 1484   -0.00332748 -0.0105361 951.74
52 1485   -0.00319018 -0.0110017 969.178
52 1486   -0.00348064 -0.0109565 968.635
52 1487   -0.00388064 -0.0107332 942.719
52 1488   -0.00359119 -0.0106757 954.215
52 1490   -0.00365274 -0.011129 967.284
52 1493   -0.00407131 -0.0110892 965.389
52 1494   -0.00390701 -0.0109798 964.355
52 1532   -0.00310458 -0.00689022 961.968
52 1533   -0.00324793 -0.00577391 969.535
52 1534   -0.00409668 -0.00587774 969.521
52 1535   -0.00371481 -0.00730009 950.843
52 1536   -0.00419186 -0.00668801 964.949
52 1537   -0.0039802 -0.00834123 899.335
52 1538   -0.00468317 -0.00836123 850.813
52 1539   -0.00517076 -0.00748022 926.405
52 1540   -0.00494484 -0.00684813 964.116
52 1594   -0.00958703 0.00703016 716.812
52 1595   -0.00955572 0.00705945 705.902
52 1596   -0.00963297 0.00704602 719.092
52 1611   0.00482706 0.0108273 529.027
52 1612   0.00477163 0.0107628 679.097
52 1613   0.00484125 0.0107743 615.529
52 1614   0.00450456 0.0108275 797.384
52 1615   0.00440907 0.0109414 849.087
52 1616   0.0044694 0.0110271 828.638
52 1617   0.00458031 0.0108743 759.388
52 1618   0.00468503 0.0109689 516.828
52 1619   0.00462401 0.0110039 662.678
52 1620   0.00454602 0.010973 770.548
52 1621   0.0046777 0.0109215 604.135
52 1622   0.0047011 0.0108171 683.431
52 1623   0.00465097 0.0108579 708.208
52 1624   0.00478643 0.0108571 515.747
52 1625   0.0047301 0.0108585 604.266
52 1626   0.00472556 0.0109031 532.346
52 1627   0.00476147 0.010917 406.894
52 1628   0.0048235 0.0109153 244.023
52 1629   0.00479727 0.0108914 410.738
52 1630   0.00477026 0.0109696 194.773
52 1631   0.00477315 0.0109425 296.951
52 1632   0.00480164 0.0109441 177.708
52 1633   0.00480531 0.010963 71.5083
52 1634   0.00478931 0.010978 76.5143
52 1635   0.00479953 0.0109887 16.413
52 1636   0.00481997 0.0109854 4.55183
52 1638   0.00481386 0.0109798 10.1531
52 1639   0.0048182 0.0109676 24.6369
52 1642   0.00944126 -0.00651344 862.422
52 1643   0.0092835 -0.0064366 883.461
52 1644   0.00917792 -0.00658703 871.121
52 1645   0.00905639 -0.00671049 873.217
52 1646   0.00914511 -0.00684154 836.096
52 1647   0.00940136 -0.00664845 832.023
52 1648   0.00927156 -0.00676439 819.816
52 1649   0.00926172 -0.00667176 843.876
52 1650   0.00953683 -0.00677007 791.291
52 1651   0.00944572 -0.00671397 810.879
52 1652   0.00937669 -0.00676818 800.864
52 1653   0.00951146 -0.00683697 768.75
52 1654   0.00944358 -0.00690676 750.998
52 1655   0.00942528 -0.00682718 777.908
52 1656   0.00959861 -0.00692831 739.857
52 1657   0.00954645 -0.0068952 748.96
52 1658   0.00951309 -0.00693789 734.729
52 1659   0.00958669 -0.00696938 724.403
52 1660   0.0095532 -0.00701552 709.977
52 1661   0.00954368 -0.00697606 721.4
52 1662   0.00963317 -0.00701746 714.373
52 1663   0.00960461 -0.00699644 717.022
52 1664   0.00958781 -0.00702124 708.711
52 1665   0.00960268 -0.00707068 696.744
52 1666   0.00962826 -0.0070429 706.735
52 1667   0.00960447 -0.00704161 704.434
52 1668   0.00965532 -0.00707825 704.977
52 1669   0.00963961 -0.00706337 704.143
52 1670   0.00962243 -0.00707876 696.116
52 1671   0.00964931 -0.00709552 704.061
52 1672   0.00962438 -0.00711763 682.193
52 1673   0.00962832 -0.00709667 690.99
52 1702   -0.00958629 0.00708959 697.431
52 1703   -0.0095952 0.00712012 688.374
52 1704   -0.00962682 0.00712919 683.342
52 1705   -0.00963741 0.00711897 687.142
52 1706   -0.00962947 0.0070688 709.878
52 1707   -0.00961409 0.00708307 700.727
52 1708   -0.00963359 0.00710338 695.401
52 1709   -0.00965215 0.00710502 700.643
52 1710   -0.00966648 0.00710203 760.055
52 1713   -0.00965141 0.00707762 716.372
52 1714   -0.00965459 0.00709353 717.408
52 1788   0.00884419 -0.00325696 957.831
52 1789   0.00917555 -0.00210569 929.933
52 1888   0.00965394 -0.00710819 709.673
52 1889   0.00966481 -0.00710624 818.151
52 1890   0.00964643 -0.00711756 681.568
52 1891   0.00963786 -0.00712585 678.301
16 391   -0.0449783 0.00326198 930.729
16 392   -0.0451577 -0.00291975 930.57
16 393   -0.0499783 0.00825839 939.067
16 394   -0.0399783 0.00826176 925.144
16 395   -0.0411403 -0.00644358 928.9
16 396   -0.0434941 -0.0296598 924.057
16 397   0.00205789 -0.0237691 944.111
16 398   -0.0384826 -0.00713431 925.51
16 399   0.0047681 -0.0221885 940.381
16 400   0.00188149 0.0225132 951.811
16 401   0.00451845 0.0225116 928.431
16 402   -0.00144319 -0.0214459 961.725
16 403   0.0033271 -0.0185876 968.874
16 404   0.00534917 -0.0171537 968.997
16 405   0.00634426 0.0190496 949.444
16 406   0.000571389 0.0181089 969.068
16 407   0.00479799 0.0177737 959.668
16 408   0.00216103 0.0194378 965.856
16 409   0.00679017 -0.0223872 930.854
16 410   -0.00656482 -0.0174863 889.32
16 411   -0.00298574 -0.0173296 949.383
16 412   0.00679017 -0.0189004 965.47
16 413   0.00540925 -0.0150423 954.836
16 414   0.00485923 0.0158983 962.531
16 415   0.00142238 0.0161135 969.383
16 416   -0.00314989 -0.015645 963.401
16 417   -0.00582139 -0.0156254 964.204
16 418   0.00687267 0.0141198 953.267
16 419   0.00685025 -0.0141975 929.769
16 420   0.00577817 0.0146886 959.298
16 421   0.00307326 0.0155669 967.828
16 422   0.000897812 0.0150075 969.151
16 423   -0.00448661 -0.0151663 967.07
16 424   -0.00637054 -0.0145643 969.351
16 425   -0.00711398 -0.0140977 967.744
16 426   0.00311027 0.0143203 968.334
16 427   0.00626197 0.0128442 946.453
16 428   -0.00430489 -0.0139623 969.611
16 429   0.00207871 0.013118 968.681
16 430   0.00213393 0.0140456 969.613
16 431   0.00470459 0.0137373 962.751
16 432   0.00382267 0.0137004 966.295
16 433   0.00712309 0.0119499 922.389
16 434   0.00651239 0.0122001 931.568
16 435   0.00712281 0.0106572 893.669
16 436   -0.00489898 -0.0135157 968.763
16 437   -0.00562986 -0.0136586 967.76
16 438   -0.00722202 -0.0122508 940.632
16 439   0.00489965 0.0129643 962.176
16 440   -0.00683601 -0.0129302 956.285
16 441   -0.00677451 -0.0110948 892.798
16 442   0.00536252 0.01264 958.393
16 443   -0.00679496 -0.0117053 919.418
16 444   -0.00623797 -0.0126683 954.214
16 445   0.0067459 0.0111755 894.097
16 446   -0.00577526 -0.01293 962.546
16 447   -0.00474068 -0.0127928 967.346
16 448   -0.00619692 -0.0119711 935.051
16 449   -0.00525954 -0.012522 964.405
16 450   0.00615686 0.0110245 867.191
16 451   -0.0057983 -0.0116929 936.83
16 452   0.00586529 0.0116972 928.605
16 453   -0.00519104 -0.0120586 965.381
16 454   0.00514537 0.0120695 963.882
16 455   0.00588695 0.0112959 908.264
16 456   -0.0062832 -0.0108741 835.365
16 457   -0.00541618 -0.0117977 960.281
16 458   -0.0059276 -0.0110604 885.633
16 459   -0.00574232 -0.0112917 919.283
16 460   0.0054628 0.0116919 954.042
16 461   0.00526541 0.0118147 963.78
16 462   -0.00519948 -0.0114807 968.201
16 463   -0.00481733 -0.0115468 957.783
16 464   0.00556377 0.0111445 918.759
16 465   -0.0054085 -0.01123 948.618
16 466   0.0052905 0.0113923 963.633
16 467   0.00497656 0.0115762 966.442
16 468   0.00477806 0.0115755 953.583
16 469   0.00536981 0.0112461 952.687
16 470   -0.00499184 -0.0114554 959.387
16 471   -0.00524777 -0.0113143 966.503
16 472   0.00509429 0.0113651 966.288
16 473   0.00497774 0.0114262 953.24
16 492   -0.00212439 -0.0147651 966.579
16 493   0.00156597 -0.0180031 969.136
16 494   -0.000494109 -0.0192807 964.249
16 495   -0.00139187 -0.0178016 959.054
16 496   -0.000111519 -0.016666 965.68
16 497   0.00186777 -0.0152642 963.664
16 498   0.00136732 -0.0165971 967.162
16 499   0.00080386 -0.0147303 964.581
16 500   -0.000145475 -0.0153236 965.529
16 501   -0.000964069 -0.0146382 965.726
16 502   -0.000274572 -0.0132677 968.749
16 503   -0.000813894 -0.0137731 966.136
16 504   -0.000434363 -0.012726 966.105
16 506   -0.000763767 -0.0126725 953.624
16 507   -0.00109317 -0.0126191 930.964
16 508   -0.00130309 -0.013178 959.156
16 509   0.000593869 0.0129061 966.879
16 511   0.000923273 0.0128526 950.024
16 512   0.00125268 0.0127992 941.424
16 513   0.00158208 0.0127457 955.886
16 522   -0.0429632 -0.0254773 964.73
16 534   0.00690881 -0.0107355 739.703
16 544   -0.00994967 -0.0304219 969.144
16 545   -0.0072892 -0.033474 954.197
16 546   -0.00859202 -0.0271571 961.558
16 547   -0.00572716 -0.0267317 965.623
16 549   -0.0473151 0.0259433 926.065
16 550   -0.0511398 0.0239922 922.35
16 551   -0.0440426 0.0244678 966.992
16 552   -0.0451468 0.0217759 965.269
16 553   -0.0410145 0.0310475 940.683
16 554   -0.0392025 0.0336825 943.217
16 555   -0.0387366 0.0282591 968.672
16 566   -0.00741644 0.0334568 954.413
16 567   -0.0101992 0.0304703 969.237
16 568   -0.00654798 0.027334 967.285
16 569   -0.00911359 0.0274338 963.425
16 579   -0.0358768 -0.0253785 923.277
16 580   -0.0345384 -0.0210257 847.215
16 581   -0.0328815 -0.023077 912.27
16 588   -0.00175504 0.0184471 946.995
16 589   -0.00292186 0.0164377 932.434
16 590   -0.00517648 0.0157482 895.436
16 591   -0.00637269 0.0174415 843.002
16 592   -0.00363113 -0.0221103 911.931
16 593   -0.00498252 -0.024019 920.026
16 604   -0.0473573 0.0130571 947.702
16 605   -0.0423573 0.0130571 921.124
16 606   -0.0386398 0.0173365 833.04
16 607   -0.0432983 0.0168085 919.703
16 608   -0.0410187 0.0154688 900.596
16 626   -0.00583083 0.0139847 893.869
16 627   -0.00584466 0.0112168 811.295
16 628   -0.00560819 0.0120396 859.326
16 629   -0.00537171 0.0114646 843.126
16 630   -0.00726352 0.0112142 767.677
16 631   -0.00679057 0.0115389 797.17
16 632   -0.00631762 0.0112416 795.161
16 633   -0.00655409 0.0107682 762.57
16 634   -0.00738176 0.0104708 601.932
16 635   -0.00690881 0.0107186 735.97
16 636   -0.00714528 0.0108673 743.033
16 638   -0.00726352 0.0102602 574.096
16 639   -0.00702705 0.0103841 683.533
16 641   -0.0501577 -0.00542323 933.473
16 644   -0.0489866 -0.00938523 939.036
16 645   -0.0513289 -0.0114617 947.609
16 646   -0.0435767 -0.010909 930.489
16 647   -0.046423 -0.0113472 938.893
16 648   -0.0421371 -0.0127164 923.718
16 649   -0.0433694 -0.015193 925.28
16 650   -0.0397007 -0.0118688 918.565
16 651   -0.0387182 -0.0133452 907.944
16 715   -0.00346035 -0.0135907 969.547
16 716   -0.00261657 -0.0139148 968.317
16 717   -0.00206493 -0.0125804 954.771
16 718   -0.00194545 -0.0131927 963.177
16 725   -0.0242257 -0.0325 960.578
16 726   -0.0296828 -0.0245514 940.638
16 727   -0.0263285 -0.0225 946.398
16 728   -0.0314666 -0.0335257 967.778
16 729   -0.0280799 -0.0310257 960.966
16 730   -0.0294661 -0.028077 955.324
16 731   -0.0355566 -0.0278785 959.149
16 732   -0.0323446 -0.0291027 960.363
16 733   -0.033361 -0.0320514 968.709
16 734   0.00252796 0.0125426 969.354
16 737   0.00296716 0.0124713 968.085
16 740   0.00367938 0.0130042 966.234
16 741   0.00335097 0.0126252 966.118
16 742   0.00367785 0.0121193 956.331
16 743   0.00445837 0.0126081 965.26
16 744   0.00412003 0.012685 964.609
16 745   0.00401122 0.0122704 962.544
16 746   0.00450869 0.0122332 967.319
16 747   0.00422575 0.012085 966.037
16 748   0.00473281 0.0120189 968.922
16 749   0.00465435 0.0117635 967.657
16 750   0.00421422 0.0118447 968.349
16 751   0.0044187 0.0117376 965.927
16 872   -0.0370266 -0.0219473 746.968
16 873   -0.0378887 -0.0242488 876.152
16 874   -0.0402556 -0.0240406 896.429
16 875   -0.0411625 0.0249993 950.798
16 876   -0.039227 0.0261919 954.146
16 877   -0.00287616 0.0203385 907.309
16 878   -0.0052392 0.0200223 773.019
16 879   -0.00536994 0.0245225 924.386
16 880   0.00730294 -0.0107418 705.681
16 916   -0.0400734 0.0190143 800.919
16 917   -0.042353 0.0186874 892.429
16 918   -0.0429407 0.0207032 921.072
16 919   -0.0396933 0.0216264 736.633
16 920   -0.0414208 0.0226455 882.609
16 921   0.000788111 -0.0134966 964.786
16 922   0.000258612 -0.0129722 968.656
16 925   0.00132007 -0.0128962 955.248
16 927   0.00184712 -0.0128106 938.087
16 930   0.00237416 -0.0127251 911.301
16 933   0.00264259 -0.0139023 949.269
16 934   0.00396334 -0.0137082 942.061
16 935   0.00422196 -0.0124455 938.598
16 936   -0.00220106 0.0149641 949.99
16 937   -0.000468111 0.0145901 966.527
16 938   -0.000222727 0.0133362 969.33
16 939   -0.000915417 0.0128606 967.776
16 942   -0.00144246 0.0127751 966.834
16 944   -0.00196951 0.0126895 955.941
16 986   0.00655465 -0.0128748 878.939
16 987   0.0072044 -0.0121368 826.171
16 988   0.00621908 -0.0111899 792.801
16 989   0.00681028 -0.0113058 782.545
16 990   0.0050474 -0.01252 898.066
16 991   0.00593418 -0.0125741 874.121
16 992   0.00599274 -0.0117201 827.679
16 994   0.00540155 -0.0115111 833.198
16 995   0.00481036 -0.0118209 869.329
16 999   -0.00431644 -0.0186251 904.77
16 1000   -0.00581536 -0.0187986 823.225
16 1001   -0.00446164 -0.020501 844.185
16 1002   -0.00596056 -0.0206745 686.424
16 1024   -0.0100017 -0.020974 853.657
16 1025   -0.0112866 -0.0229219 917.664
16 1026   -0.00927981 -0.0246571 924.368
16 1027   -0.00735247 -0.0217352 713.225
16 1028   -0.00720493 -0.0234704 855.943
16 1031   -0.00735079 -0.0103172 918.908
16 1032   -0.00705237 -0.0104736 885.312
16 1033   -0.00720158 -0.0108735 902.186
16 1035   0.00740147 -0.0102645 464.321
16 1036   0.0072044 -0.0103677 612.692
16 1067   -0.00501699 0.0119999 884.085
16 1077   -0.0423609 -0.0198178 891.842
16 1078   -0.0420405 -0.0170646 900.218
16 1079   -0.0389625 -0.0205884 634.522
16 1080   -0.040501 -0.0214059 804.018
16 1081   -0.0386075 -0.0180001 813.576
16 1082   -0.0398256 -0.0160644 879.136
16 1131   -0.0510349 0.0324945 685.978
16 1134   -0.0472102 0.0298595 826.179
16 1135   -0.0442801 0.032365 858.473
16 1141   -0.0461668 -0.0323583 798.759
16 1168   -0.00702705 0.0133161 867.689
16 1169   -0.00655409 0.0125155 850.848
16 1170   -0.00702705 0.0121139 823.349
16 1191   -0.0118629 0.0230202 927.502
16 1192   -0.00978201 0.0249838 933.225
16 1193   -0.00707947 0.0216521 698.551
16 1194   -0.00722259 0.0236156 864.553
16 1201   -0.0345933 0.0210291 844.831
16 1202   -0.0330018 0.0230874 910.456
16 1203   -0.0349048 0.025299 923.552
16 1204   -0.037464 0.0226444 781.773
16 1205   -0.0372559 0.0248561 896.272
16 1255   0.00226775 -0.0272472 895.797
16 1256   -0.0028913 -0.0320488 912.208
16 1257   -0.00268691 -0.0285714 942.266
16 1277   0.00387557 -0.0335749 697.015
16 1278   0.000251146 -0.0335749 808.505
16 1297   -0.00069915 0.0335571 844.622
16 1298   -0.00413933 0.0289275 953.216
16 1299   -0.00392213 0.0320139 923.957
16 1300   0.000194165 0.0244442 953.182
16 1301   9.66585e-05 0.0276851 916.47
16 1302   -0.00193785 0.0274846 946.576
16 1303   -0.00184653 0.0229754 961.778
16 1304   -0.00306988 0.0245729 963.304
16 1308   -0.0405423 -0.0309522 945.693
16 1309   -0.0390398 -0.0336507 945.529
16 1310   -0.0373243 -0.0294779 969.429
16 1311   -0.0358218 -0.0321764 968.866
16 1312   -0.00330014 -0.0129935 969.556
16 1313   -0.00257584 -0.0127052 968.352
16 1314   -0.00254223 -0.0122952 967.831
16 1315   -0.00362868 -0.0127275 968.394
16 1316   -0.00293494 -0.0123353 969.556
16 1317   -0.00302794 -0.0121125 968.759
16 1318   -0.00329709 -0.0124795 968.576
16 1319   -0.00372746 -0.0121994 959.571
16 1320   -0.00331881 -0.0121667 966.683
16 1321   -0.00346136 -0.0123465 966.798
16 1324   -0.00369472 -0.0120019 953.261
16 1325   -0.00347511 -0.0120375 963.169
16 1356   -0.0115489 0.0210067 904.528
16 1357   -0.00932496 0.0210067 853.663
16 1362   -0.0505626 -0.0249874 910.731
16 1363   -0.0490973 -0.0299013 776.433
16 1364   -0.0510347 -0.032543 685.352
16 1383   -0.00397759 -0.0122466 961.425
16 1384   -0.00404308 -0.0126418 966.926
16 1385   -0.00440078 -0.0125564 967.341
16 1386   -0.00448275 -0.0121971 967.507
16 1387   -0.0042021 -0.012067 963.16
16 1388   -0.00475416 -0.01197 969.104
16 1389   -0.00466664 -0.0117388 968.889
16 1392   -0.00419687 -0.0118437 963.688
16 1393   -0.00439 -0.0117425 969.193
16 1409   -0.0208976 -0.029724 959.552
16 1410   -0.0220906 -0.024724 953.978
16 1411   -0.0161348 -0.032224 966.169
16 1412   -0.0136239 -0.0291719 964.477
16 1413   -0.014273 -0.0241719 945.719
16 1414   -0.0164122 -0.022224 948.422
16 1415   -0.0195417 -0.022224 952.43
16 1431   -0.0511398 0.0177504 968.955
16 1432   -0.0457983 0.0168085 950.396
16 1433   -0.0485187 0.0154688 959.298
16 1434   -0.0497796 0.0205009 964.08
16 1435   -0.0470592 0.01976 967.379
16 1436   -0.0243244 0.0325 960.985
16 1437   -0.0265198 0.0225 946.222
16 1438   -0.0298328 0.0245582 940.623
16 1439   -0.0315298 0.0335291 968.037
16 1440   -0.0296355 0.0280874 955.594
16 1441   -0.0282017 0.0310291 961.379
16 1442   -0.0348243 0.0322116 968.986
16 1443   -0.0333922 0.027799 954.304
16 1444   -0.0352529 0.0294232 966.528
16 1450   -0.0210802 0.0297567 959.942
16 1451   -0.0223614 0.0247567 954.258
16 1452   -0.0162738 0.0322567 966.427
16 1453   -0.0138853 0.0292702 964.923
16 1454   -0.0148805 0.0242702 949.253
16 1496   -0.019986 0.0222567 952.992
16 1497   -0.0171144 0.0222567 950.606
16 1523   -0.0511075 -0.0172528 968.926
16 1524   -0.0499363 -0.0144619 959.041
16 1525   -0.0473727 -0.0139237 949.051
16 1526   -0.0457587 -0.0159622 946.581
16 1528   0.00568779 -0.0321498 687.603
16 1529   0.00568779 -0.0292995 739.233
16 1541   -0.0482014 -0.0232903 951.878
16 1542   -0.0438922 -0.0209969 942.138
16 1543   -0.0447398 -0.0240217 964.356
16 1544   -0.0487462 -0.0197654 968.687
16 1545   -0.0459611 -0.0190129 960.716
16 1570   0.00567419 0.025086 884.093
16 1571   0.00567844 0.0326573 683.851
16 1572   0.00294397 0.0312144 748.629
16 1573   0.00293972 0.0283285 851.193
16 1695   -0.00464154 0.0137166 913.255
16 1696   -0.00368241 0.0124116 952.104
16 1697   -0.0047736 0.0126341 908.872
16 1698   -0.00406417 0.0123069 947.277
16 1699   -0.00326638 0.0140066 937.693
16 1700   -0.00315536 0.0124971 928.798
16 1701   -0.00275316 0.0130715 944.337
end
