588
16 291   -0.0445907 -0.00282622 857.699
16 292   -0.0449757 0.00375849 856.435
16 293   -0.0499757 0.00838733 833.882
16 294   0.00212158 -0.0234531 696.728
16 295   -0.0244383 0.0323836 781.307
16 296   -0.0395907 -0.00642106 870.429
16 297   -0.00596029 0.0291891 718.757
16 298   -0.0160895 0.0292549 781.741
16 299   -0.0398165 -0.0323596 702.314
16 300   -0.036109 -0.0294169 751.329
16 301   -0.0209008 0.0293239 791.881
16 302   -0.0321938 -0.0320574 759.271
16 303   -0.0479048 -0.0222257 720.289
16 304   -0.0401967 0.0324243 700.187
16 305   -0.0261243 0.0223836 843.975
16 306   -0.0366894 0.0298708 739.661
16 307   -0.0291724 0.0298301 786.927
16 308   -0.0297846 0.0248301 841.525
16 309   0.00344902 0.022266 705.725
16 310   -0.0326236 0.0324465 753.79
16 311   -0.00166514 0.0292393 694.334
16 312   -0.0435398 -0.0297856 692.304
16 313   -0.0144933 0.0242549 821.821
16 314   -0.0182529 0.0219403 829.772
16 315   -0.0219747 0.0243239 820.42
16 316   -0.00026787 0.0238581 710.976
16 317   0.005512 -0.0216036 695.77
16 318   -0.0498192 -0.0181331 755.651
16 319   -0.00250691 0.0130066 703.222
16 320   -0.00581266 -0.0146504 885.408
16 321   -0.00700599 -0.0138716 906.466
16 322   0.00469525 0.012702 876.16
16 323   0.00676034 0.0122775 920.902
16 324   0.00731712 0.0121172 935.012
16 468   0.00631762 -0.0126967 769.935
16 469   0.00690881 -0.0110021 845.895
16 470   0.00572642 -0.0116217 783.234
16 472   -0.00500691 0.0130066 744.105
16 473   -0.0061893 0.0140537 794.968
16 474   -0.00690881 0.0111431 843.357
16 475   -0.00572642 0.0117626 761.153
16 476   -0.00715382 -0.0104074 829.285
16 477   -0.00738461 -0.0103995 754.058
16 479   0.00499499 0.0117528 904.962
16 480   0.00582805 0.0113163 933.601
16 503   -0.0445067 -0.0231778 741.087
16 504   -0.0430719 -0.0258227 721.214
16 512   -0.0473511 0.0260169 695.105
16 513   -0.0511414 0.0240077 698.443
16 514   -0.0440974 0.0245799 724.123
16 515   -0.0451704 0.0218507 751
16 538   -0.0100001 -0.0304844 737.983
16 539   -0.00732658 -0.0334948 708.85
16 540   -0.0086258 -0.0273606 753.785
16 541   -0.00570929 -0.0271338 726.56
16 543   -0.00137243 -0.0208764 734.347
16 544   -0.0365626 0.026094 812.717
16 545   -0.0331089 0.0236697 872.712
16 547   -0.00201311 0.0213027 753.161
16 548   -0.0359278 -0.0254456 835.651
16 549   -0.0345644 -0.0210287 914.235
16 550   -0.0329266 -0.0230861 881.784
16 551   -0.00103803 0.0142798 720.889
16 552   -0.000644958 0.0179877 752.449
16 553   -0.00213677 0.0165892 754.631
16 555   -0.00732691 -0.0102037 531.468
16 560   -0.0114612 0.023472 841.88
16 561   -0.00793987 0.0253464 791.824
16 563   0.00640126 0.0180724 748.303
16 564   0.00420378 0.0190375 731.559
16 565   0.00185504 0.0173146 748.206
16 566   0.00586847 0.0161255 792.376
16 567   0.00480288 0.0154889 800.085
16 568   0.00641043 0.0134053 888.328
16 569   0.00534484 0.0137512 862.724
16 571   0.00696721 0.0141692 869.451
16 572   0.00696721 0.0151517 830.169
16 637   -0.0495907 -0.00567575 845.113
16 640   -0.0483646 -0.0155017 793.446
16 641   -0.0481361 -0.00983933 835.884
16 642   -0.0510454 -0.0115987 814.692
16 643   -0.0453411 -0.012172 842.218
16 644   -0.0455696 -0.0153127 823.878
16 645   -0.0417957 -0.0116032 870.827
16 646   -0.039705 -0.0133626 885.614
16 647   -0.0386596 -0.0173573 918.036
16 648   -0.0408646 -0.0155017 890.165
16 649   -0.0431839 -0.016883 860.854
16 665   -0.0486171 0.014025 802.533
16 666   -0.0511414 0.0177626 753.578
16 667   -0.0470656 0.0198053 754.177
16 668   -0.0497828 0.0205252 726.814
16 669   -0.0423549 0.013197 871.513
16 670   -0.0458034 0.0168956 806.514
16 671   -0.0459963 0.0138779 824.84
16 672   -0.0386414 0.0173476 917.894
16 673   -0.0433034 0.0168956 858.656
16 674   -0.0410206 0.0155338 889.033
16 676   -0.0114316 0.0211573 877.879
16 677   -0.00919343 0.0211573 906.64
16 692   -0.0242949 -0.0325 779.903
16 693   -0.0288447 -0.0295574 789.772
16 694   -0.0297587 -0.0245574 846.293
16 695   -0.0264535 -0.0225 844.623
16 696   -0.0209857 -0.0297448 788.644
16 697   -0.0222303 -0.0247448 817.752
16 698   -0.0136899 -0.0292344 768.586
16 699   -0.0161954 -0.0322448 764.435
16 700   -0.0144089 -0.0242344 825.152
16 702   -0.0166014 -0.0222448 831.339
16 703   -0.0197166 -0.0222448 827.213
16 704   -0.00269801 -0.0170237 774.01
16 705   -0.000879341 -0.018023 737.541
16 706   -0.00235735 -0.0152741 746.038
16 707   -0.00462481 -0.0139394 841.745
16 708   -0.00327216 -0.0142127 761.172
16 709   -0.00497993 -0.0130135 867.122
16 710   -0.00429156 -0.0126181 813.686
16 712   -0.00458063 -0.0119076 848.618
16 722   -0.0399757 0.0110297 878.457
16 723   -0.0399757 0.00640082 869.194
16 851   -0.0370726 -0.0220616 932.013
16 852   -0.0379571 -0.0244212 855.746
16 853   -0.0403778 -0.0244296 804.989
16 856   -0.0372995 0.0223647 925.183
16 857   -0.0409712 0.0246254 783.475
16 858   -0.0385093 0.024789 834.637
16 861   -0.0074423 -0.0101998 372.548
16 862   -0.0074423 -0.0100867 61.5063
16 872   0.00672405 0.0106291 965.188
16 873   0.00729683 0.0111382 967.352
16 874   0.00711395 0.0114417 961.313
16 875   0.00655717 0.011602 945.174
16 876   0.00639073 0.011244 954.152
16 877   0.00738827 0.0105334 819.705
16 878   0.00696164 0.0106233 935.355
16 879   0.0071851 0.0107437 931.352
16 881   0.00700428 0.0103784 855.537
16 884   0.00728361 0.0104101 783.139
16 885   0.00712308 0.0103755 812.061
16 886   0.00713721 0.0102494 752.911
16 888   0.00739534 0.0102922 599.44
16 889   0.00729774 0.0102247 577.733
16 891   0.0074512 0.0100849 54.6436
16 892   0.0073536 0.0101361 323.511
16 895   -0.0423596 -0.0187693 873.942
16 896   -0.0428018 -0.0207824 832.404
16 897   -0.0400404 -0.0190546 921.711
16 898   -0.0408741 -0.0221006 873.5
16 899   -0.0392722 -0.0210635 929.998
16 900   -0.0400852 0.0190512 920.918
16 901   -0.042368 0.0187463 874.065
16 902   -0.0429729 0.0207918 825.581
16 903   -0.0394591 0.0211784 924.766
16 904   -0.0412053 0.0222381 860.229
16 910   -0.00131215 -0.012848 699.153
16 911   -0.00262429 -0.013196 720.82
16 912   -0.00328857 -0.0125273 723.214
16 919   -0.00545719 0.0207466 891.817
16 920   -0.00417408 0.0226211 791.801
16 921   -0.00743277 0.0220945 907.113
16 922   -0.00614967 0.023969 808.54
16 928   -0.0510379 0.0324967 670.405
16 931   -0.0472476 0.029921 680.454
16 932   -0.0443235 0.0324243 682.733
16 933   -0.00493431 -0.0245204 757.791
16 934   -0.00518921 -0.0205859 891.882
16 935   -0.00357964 -0.0223487 773.983
16 961   -0.0461902 -0.032426 676.749
16 1024   0.00229285 -0.0276848 683.107
16 1025   0.00568328 -0.030922 671.436
16 1026   -0.00292036 -0.0321355 691.144
16 1027   -0.00267734 -0.0288983 696.757
16 1030   0.00386655 -0.0336407 671.722
16 1031   0.000233102 -0.0336407 679.593
16 1045   0.00025438 0.0323648 681.763
16 1050   -0.00561319 -0.0125007 899.106
16 1051   -0.00645139 -0.0126479 912.88
16 1052   -0.0069454 -0.0121685 933.529
16 1053   -0.00543144 -0.0114619 905.627
16 1054   -0.00520842 -0.0119568 891.752
16 1055   -0.00663781 -0.011633 945.76
16 1056   -0.00602263 -0.0114198 929.263
16 1057   -0.00719241 -0.0111904 967.61
16 1058   -0.00696163 -0.0107759 953.357
16 1059   -0.00615425 -0.0109728 948.274
16 1060   -0.00653864 -0.0107714 967.111
16 1083   -0.00548866 0.0156251 805.248
16 1084   -0.0040874 0.0171012 796.948
16 1085   -0.00679937 0.0174047 882.827
16 1086   -0.00539811 0.0188808 888.168
16 1105   -0.0505856 -0.0250535 693.503
16 1106   -0.0491205 -0.0299685 676.602
16 1107   -0.0510349 -0.0325425 670.311
16 1125   0.0056465 0.0252884 687.04
16 1126   0.00570263 0.0326412 670.234
16 1127   0.00384913 0.030006 676.206
16 1138   -0.006747 -0.0176907 910.703
16 1139   -0.005241 -0.0188363 901.027
16 1140   -0.00555368 -0.0161005 882.886
16 1141   -0.00404768 -0.0172461 835.417
16 1211   -0.0100954 -0.0209948 897.832
16 1212   -0.0114023 -0.0229844 856.914
16 1213   -0.00930907 -0.0248606 816.196
16 1214   -0.00734868 -0.0218762 914.986
16 1215   -0.00719735 -0.0237524 843.027
16 1216   0.00234536 0.015984 758.223
16 1217   0.00362851 0.0154417 780.78
16 1218   0.00145164 0.0131814 743.147
16 1219   0.000944096 0.0143477 740.121
16 1220   0.00379864 0.0130084 826.811
16 1221   0.00249825 0.0133865 766.909
16 1222   0.00327385 0.0140105 792.121
16 1225   0.00335244 0.0123309 781.77
16 1226   0.00269363 0.0124378 762.112
16 1290   0.004518 -0.0180525 710.363
16 1291   0.006506 -0.016695 718.69
16 1292   0.00532361 -0.0140679 735.452
16 1293   0.000370659 -0.016773 720.489
16 1294   0.002274 -0.0165938 714.603
16 1295   -0.000794677 -0.0153188 719.889
16 1296   -0.000397338 -0.0139094 704.999
16 1297   0.00104281 -0.0138249 705.588
16 1298   0.00361042 -0.0138868 717.491
16 1299   0.00254881 -0.0150551 713.744
16 1301   0.00276323 -0.0125496 705.256
16 1302   0.00144562 -0.0127634 702.836
16 1357   -0.0356623 0.0212232 925.856
16 1358   -0.0334184 0.0212232 900.001
16 1450   -0.00845799 0.0323147 722.254
16 1451   -0.0136977 0.0323147 755.106
52 332   -0.00281677 0.00234128 705.938
52 333   0.00116383 0.00235418 706.864
52 334   -0.00468311 -0.000957996 704.816
52 335   -0.000820514 0.00125063 706.461
52 336   0.00310096 0.00123372 705.581
52 337   -0.000854838 -0.000956088 706.558
52 338   -0.0064693 -0.00220733 704.94
52 339   -0.00477161 0.00124791 703.206
52 340   0.000928764 -0.00418751 707.576
52 341   0.00285351 -0.00508645 708.708
52 342   0.00103974 -0.00201265 706.441
52 343   0.0108138 0.000276718 688.827
52 344   -0.00276259 -0.00207134 707.045
52 345   0.0030112 -0.000926397 704.851
52 346   -0.00288777 0.00441631 707.883
52 347   -0.00981476 -0.00216897 695.812
52 348   0.00477597 -0.0019394 702.474
52 349   -0.00814335 -0.00120754 698.908
52 350   0.00674648 -0.00110928 697.427
52 351   0.00472926 -0.00392459 705.246
52 352   -0.00627124 -0.00433898 714.584
52 353   -0.00460708 -0.00530089 715.441
52 354   -0.00648089 0.00222705 699.159
52 355   -0.00453182 0.00518514 709.791
52 356   0.00636705 -0.004477 702.789
52 357   -0.00476003 0.00681901 718.805
52 358   0.00803181 -0.00223 692.422
52 359   -0.00745156 -0.00549978 728.7
52 360   -0.00880342 -0.00556903 715.435
52 361   0.0103294 -0.00149838 686.303
52 362   -0.00838681 0.000530469 695.084
52 363   -0.00781308 0.0016237 695.136
52 364   -0.00661425 0.00369703 699.807
52 365   -0.00589621 0.00459458 705.734
52 366   0.00769909 -0.00361253 693.431
52 367   -0.0106416 0.00102869 688.098
52 368   0.00930528 -0.0021408 688.254
52 369   0.0111195 -0.00261092 684.904
52 370   -0.00961965 0.00112337 691.013
52 371   -0.00698537 0.00539538 708.447
52 372   -0.00714029 -0.00686871 767.945
52 373   -0.00787363 0.00410615 693.289
52 374   -0.00878983 0.00254696 690.644
52 375   -0.00909473 -0.00692631 733.188
52 376   0.00868226 -0.00419979 686.605
52 377   -0.0112606 0.00205833 686.44
52 378   0.00976873 -0.00332423 684.666
52 379   -0.00585019 -0.00730282 755.839
52 380   -0.00795098 0.00501984 696.473
52 381   -0.00961542 0.00217521 689.25
52 382   -0.00897183 0.00333428 688.219
52 383   -0.0086499 0.00389767 687.997
52 384   -0.00652113 -0.00730414 784.128
52 385   0.00947842 -0.00400069 682.844
52 386   -0.00875819 0.00532291 682.254
52 387   0.0105487 -0.00352989 683.736
52 388   0.0087992 -0.00497102 683.347
52 389   0.00838718 -0.00535922 689.068
52 390   -0.0101968 0.00269298 687.323
52 391   -0.01082 0.00267077 687.209
52 392   -0.00976335 0.00359234 685.249
52 393   -0.0062009 -0.00861134 840.629
52 394   -0.00925906 0.00446705 682.361
52 395   -0.00929001 0.00497861 678.997
52 396   -0.0101627 0.00332279 686.005
52 397   0.00600538 0.00857199 815.393
52 398   -0.0106708 0.00370222 685.61
52 399   0.0099096 -0.00454268 678.605
52 400   0.00948792 -0.00521375 676.284
52 401   0.0108042 -0.00416473 682.613
52 402   -0.00680541 -0.00802963 839.737
52 403   -0.00983062 0.00520618 674.557
52 404   0.00980216 -0.00498451 675.821
52 405   -0.010668 0.00413834 684.267
52 406   -0.00992647 0.00407166 682.849
52 407   -0.00974412 0.00438298 681.027
52 408   -0.00661479 -0.0084028 861.82
52 409   0.0106006 -0.00445616 680.589
52 410   0.00720636 0.00863437 902.511
52 411   0.0103146 -0.00457421 678.408
52 412   -0.0101098 0.00497989 675.742
52 413   -0.00625601 -0.00901032 871.22
52 414   0.00609094 0.00896173 847.402
52 415   -0.010323 0.00423824 682.313
52 416   -0.0100542 0.00466825 678.657
52 417   -0.00689956 -0.00868171 896.569
52 418   -0.0103439 0.00456229 680.262
52 419   0.0101148 -0.00520541 672.963
52 420   -0.00664626 -0.00910042 902.795
52 421   0.00727117 0.00892841 926.981
52 422   0.00644583 0.00904366 887.101
52 423   -0.00692513 -0.00891732 909.103
52 424   -0.0105373 0.00472386 680.279
52 425   0.0104113 -0.00490373 675.924
52 426   0.0108303 -0.00472242 680.986
52 427   0.010319 -0.0050931 673.571
52 428   -0.00758861 -0.00873465 914.129
52 429   -0.0103812 0.0050772 675.172
52 430   -0.0107398 0.00469825 682.798
52 431   -0.00683484 -0.00906957 911.801
52 432   0.00764739 0.00891732 933.031
52 433   -0.00802461 -0.00867912 902.087
52 434   -0.00747793 -0.00909803 957.602
52 435   -0.00768147 -0.00892055 932.427
52 436   -0.0105191 0.00492713 678.329
52 437   0.00745395 0.00898208 942.712
52 438   0.0107351 -0.00488781 679.543
52 439   0.00766679 0.00908192 953.99
52 440   0.0106022 -0.00495107 676.97
52 441   -0.0104749 0.00521744 673.58
52 442   -0.00700592 -0.00924035 934.628
52 443   -0.00783613 -0.00888848 922.897
52 444   0.0104599 -0.00521727 672.158
52 445   -0.00762612 -0.00906988 953.06
52 446   -0.00745343 -0.0092278 968.987
52 447   0.00742421 0.00915427 963.794
52 448   0.0106405 -0.00511027 675.624
52 449   -0.0106448 0.00502012 679.393
52 450   0.00752112 0.00919651 968.098
52 451   -0.0106249 0.00514298 676.999
52 452   0.0108247 -0.00499262 681.226
52 453   0.0105906 -0.00518709 673.141
52 454   0.0107338 -0.00513664 678.608
52 455   0.00750321 0.00929537 948.724
52 456   0.010785 -0.00508224 681.431
52 457   -0.00752421 -0.00928564 956.271
52 458   0.0108198 -0.0051264 685.198
52 459   0.0107507 -0.00519801 678.603
52 460   0.0108094 -0.00520569 943.474
52 461   0.00743339 0.00941737 3.91815
52 500   0.00574909 -0.00708017 735.775
52 501   0.00650772 -0.00586899 715.191
52 502   0.00759919 -0.00585829 717.256
52 520   0.000922041 -0.00808906 708.347
52 521   0.000211373 -0.00926594 706.742
52 725   0.010007 0.00176931 691.926
52 726   0.00851681 0.00391634 704.672
52 727   0.00911749 0.00709475 739.054
52 728   0.0082613 0.0061354 732.558
52 729   0.00919765 0.00601361 712.375
52 730   0.0079878 0.00697278 765.54
52 731   0.00837448 0.00746029 786.132
52 732   0.00744982 0.00837768 888.875
52 733   0.00757548 0.00796641 850.744
52 734   0.00803682 0.00797058 841.163
52 736   0.00812862 0.00832689 873.06
52 739   0.0078627 0.00875764 911.285
52 740   0.00780961 0.0084944 895.525
52 742   -0.0106834 0.00519099 677.473
52 746   -0.0111192 0.000144829 689.998
52 747   -0.0110411 -0.0011961 692.604
52 761   -0.0110145 0.00358138 686.832
52 762   -0.0111296 0.00317975 687.353
52 769   -0.0108601 0.00454603 684.301
52 770   -0.0109227 0.00432756 685.101
52 779   -0.010841 0.0048432 684.019
52 782   -0.0107198 0.00498329 681.807
52 783   -0.0108409 0.00497728 685.061
52 784   -0.0107817 0.00491655 683.206
52 785   -0.0108025 0.00503659 685.105
52 786   -0.0107555 0.00505147 683.254
52 788   -0.0108256 0.00508986 687.657
52 796   -0.00747548 -0.00933977 890.267
52 823   0.00476868 -0.00773415 719.184
52 824   0.00318273 -0.00708748 713.276
52 825   0.00231338 -0.00838472 715.817
52 833   -0.00414453 0.00790565 717.089
52 834   -0.00304465 0.00838052 718.244
52 905   -0.00690613 0.00622027 722.764
52 906   -0.00604519 0.00705334 739.916
52 936   -0.000717594 -0.004786 708.012
52 937   -0.00325488 -0.00483879 709.881
52 938   -0.00251437 -0.00372639 708.359
52 939   -0.000211483 -0.00700252 708.036
52 940   -0.000795729 -0.00589564 708.15
52 941   -0.00210557 -0.0059334 708.282
52 942   -0.0011753 -0.00751562 707.234
52 943   -0.0021298 -0.00696494 707.25
52 944   -0.00216335 -0.00906027 705.546
52 945   -0.00123851 -0.0086575 707.242
52 946   -0.00462992 -0.00804973 712.706
52 947   -0.0030621 -0.00735159 706.567
52 948   -0.00439006 -0.00678214 716.834
52 949   -0.00507202 -0.00718785 726.241
52 950   -0.00303244 -0.00830504 702.784
52 952   -0.00420305 -0.00850464 696.443
52 953   -0.00363355 -0.00869031 698.801
52 968   -0.00152947 0.00553496 708.904
52 969   -0.00200808 0.00762786 711.487
52 971   -0.00116451 0.00878127 707.455
52 994   0.000454008 0.00941332 707.767
52 995   0.00036401 0.00748575 707.83
52 996   -0.000256092 0.00836788 707.238
52 997   0.000887783 0.0040799 707.654
52 998   -0.00043573 0.00518702 708.031
52 999   0.000304131 0.00642546 708.024
52 1000   0.00348889 0.00501966 710.252
52 1001   0.0013318 0.00593972 707.889
52 1002   0.00192348 0.00469697 708.072
52 1003   0.00229947 0.00641068 707.826
52 1004   0.00349495 0.00611416 710.724
52 1005   0.00136973 0.00798345 707.133
52 1006   0.00227752 0.00739413 706.552
52 1007   0.001348 0.00889325 708.6
52 1010   0.00192106 0.00926915 708.779
52 1193   -0.00563539 -0.00801973 765.235
52 1194   -0.00580576 -0.00845395 794.273
52 1195   -0.00512714 -0.00828865 734.322
52 1198   -0.00514127 -0.0086868 741.165
52 1199   -0.00545375 -0.00875894 776.085
52 1201   0.0107039 0.00346929 694.387
52 1204   0.00971535 0.00423916 701.727
52 1205   0.00992534 0.00533186 705.523
52 1305   -0.00785462 -0.00732006 791.666
52 1306   -0.00851521 -0.00789603 809.025
52 1307   -0.00845719 -0.0073084 771.427
52 1308   -0.00775746 -0.0077725 827.816
52 1309   -0.00812984 -0.00801653 841.824
52 1310   -0.00770353 -0.00843916 892.753
52 1311   -0.00798488 -0.00841571 885.379
52 1312   -0.00715573 -0.00807154 858.163
52 1313   -0.00745961 -0.00795602 849.572
52 1314   -0.00755064 -0.0082235 876.469
52 1315   -0.00709236 -0.00855445 895.64
52 1316   -0.0071579 -0.00831745 880.707
52 1317   -0.00733561 -0.00836057 887.317
52 1318   -0.0074257 -0.00870435 911.443
52 1319   -0.00721454 -0.0086492 904.3
52 1320   -0.0073256 -0.00854594 899.964
52 1321   -0.007376 -0.00898682 941.074
52 1322   -0.00725348 -0.00879081 914.196
52 1323   -0.00737579 -0.0088244 921.045
52 1324   -0.00712358 -0.00897027 923.782
52 1325   -0.00722582 -0.00889783 923.039
52 1326   -0.00728155 -0.00900862 939.279
52 1327   -0.00710353 -0.0091881 941.238
52 1328   -0.00713091 -0.00907028 933.739
52 1329   -0.00722772 -0.00909184 944.639
52 1330   -0.00722022 -0.00932661 963.406
52 1331   -0.00717273 -0.00924087 953.1
52 1332   -0.00722797 -0.00917844 953.89
52 1333   -0.00728269 -0.00930608 968.152
52 1334   -0.0073533 -0.00925249 968.035
52 1335   -0.0072836 -0.00923112 963.984
52 1336   -0.00732922 -0.00933694 966.963
52 1337   -0.00737221 -0.00931456 958.542
52 1339   -0.00733683 -0.00937365 958.535
52 1368   -0.00972878 -0.00486102 706.719
52 1369   -0.0102464 -0.00362155 698.755
52 1373   0.00405661 0.00693063 711.649
52 1374   0.00313502 0.00758922 705.782
52 1375   0.00465537 0.00730896 716.45
52 1376   0.00562939 0.0084636 775.571
52 1377   0.00543272 0.00809151 750.399
52 1380   0.00507323 0.00870518 734.158
52 1381   0.00534912 0.00876888 763.504
52 1470   0.00333939 0.00903242 698.068
52 1471   0.00309049 0.00823416 703.146
52 1472   0.00276989 0.00921809 700.65
52 1473   0.002496 0.00885603 703.043
52 1474   0.00366162 0.00828529 701.39
52 1475   0.00363663 0.00872148 698.174
52 1476   0.00448066 0.00792711 709.567
52 1477   0.00412917 0.00811024 703.284
52 1478   0.00483876 0.00845651 713.29
52 1479   0.00491798 0.00814811 719.901
52 1481   0.00405833 0.00880968 694.731
52 1484   0.00424656 0.00850002 697.407
52 1485   0.00451882 0.00862528 692.863
52 1486   -0.0107325 0.00515921 681.788
52 1487   -0.010755 0.00511218 683.892
52 1489   -0.0107501 0.00519498 682.337
52 1490   0.0108018 -0.00516488 688.717
52 1491   0.0107838 -0.0051821 685.771
52 1492   0.0107918 -0.00519754 688.747
52 1493   -0.00744897 -0.00935064 858.808
52 1494   -0.00742194 -0.00934469 893.518
52 1495   -0.00739657 -0.00933805 929.458
52 1496   -0.00738102 -0.00938424 884.179
52 1497   -0.00736934 -0.00936407 930.275
52 1498   -0.0074173 -0.00936758 839.86
52 1499   -0.00740362 -0.00938111 828.724
52 1501   -0.00741044 -0.00939977 756.865
52 1502   0.00729719 0.000364483 697.545
52 1503   0.00829811 0.00275592 700.646
52 1504   0.00879974 0.00137877 695.623
52 1505   0.00477887 0.0018014 704.815
52 1506   0.0064088 0.00115998 701.123
52 1507   0.00718232 0.00232329 702.187
52 1508   0.00447428 0.00442186 711.046
52 1509   0.00486284 0.00294113 706.902
52 1510   0.00624195 0.00298828 706.125
52 1511   0.00546574 0.00491856 715.733
52 1512   0.00624106 0.00401948 710.626
52 1513   0.00740279 0.00558036 726.057
52 1514   0.00740012 0.0045149 712.07
52 1515   0.00576897 0.00592441 726.381
52 1516   0.00654696 0.00609079 737.788
52 1517   0.00538234 0.00690053 731.408
52 1518   0.00572235 0.00746207 750.888
52 1519   0.00628033 0.00729946 770.483
52 1520   0.0067183 0.0069043 763.664
52 1521   0.00722599 0.0077146 821.773
52 1522   0.00730064 0.00723125 785.798
52 1523   0.00632936 0.00827896 826.729
52 1524   0.00641301 0.00782191 801.571
52 1525   0.00677634 0.0079101 827.572
52 1526   0.00695004 0.00854834 890.185
52 1527   0.00657869 0.00845279 861.741
52 1528   0.00680668 0.00828151 862.567
52 1529   0.00659045 0.00893912 892.43
52 1530   0.0066272 0.00869389 882.53
52 1531   0.00681689 0.00874535 895.434
52 1532   0.00683526 0.00920828 916.792
52 1533   0.00672391 0.00904464 904.063
52 1534   0.00683636 0.00893651 905.402
52 1535   0.0070988 0.00904842 929.181
52 1536   0.00695596 0.0091691 924.273
52 1537   0.00693946 0.00903119 914.803
52 1538   0.00717666 0.00931084 958.111
52 1539   0.007072 0.00921963 939.828
52 1540   0.00715861 0.00915303 944.536
52 1541   0.00734945 0.00921634 966.642
52 1542   0.00726816 0.00928867 966.048
52 1543   0.00725837 0.00919981 958.792
52 1544   0.00734025 0.00932471 963.493
52 1545   0.00737823 0.00928569 967.409
52 1546   0.00745156 0.00932841 899.797
52 1547   0.0074186 0.00931654 944.594
52 1549   0.00744283 0.00940691 96.9511
52 1552   0.00744157 0.00938409 716.19
52 1553   0.00745792 0.00936823 792.674
52 1575   0.00736295 0.00937325 916.907
52 1578   0.00741504 0.00938741 682.497
52 1579   0.00739842 0.00935968 881.304
52 1586   -0.0108073 0.00511648 688.368
52 1587   -0.0107837 0.00512392 686.931
52 1588   -0.0108176 0.00515485 695.31
52 1589   -0.0107745 0.00517858 687.856
52 1590   -0.0107856 0.00515456 689.425
52 1591   -0.0108026 0.00517002 696.154
52 1592   -0.0108085 0.00520088 745.263
52 1595   -0.0107997 0.00519213 703.899
52 1596   -0.0107834 0.00519697 690.239
52 1598   -0.00745945 -0.00937614 782.768
52 1604   0.0108133 -0.00517335 693.436
52 1607   0.0108123 -0.00519567 827.995
52 1608   0.0108076 -0.00518773 721.167
52 1609   -0.00744801 -0.00939771 512.641
52 1610   -0.00744581 -0.00938159 758.758
52 1611   -0.0074307 -0.00937898 782.626
52 1612   -0.00742155 -0.00939794 695.158
52 1613   -0.00742813 -0.00939068 729.402
52 1614   -0.00743717 -0.00940004 513.75
52 1615   -0.00743904 -0.00941365 45.7843
52 1617   -0.0074345 -0.00940821 326.785
52 1618   -0.00742645 -0.00940742 487.424
end
