673
52 1   -0.00654348 -0.00208138 788.643
52 2   -0.00454828 -0.000954881 802.818
52 3   -0.000624414 -0.00110635 818.894
52 4   -0.00260102 -0.00219897 827.924
52 5   0.00147391 0.00442821 842.049
52 6   0.00527886 0.00221756 808.484
52 7   0.00332863 0.00107709 812.758
52 8   -0.000549513 0.00111974 815.055
52 9   -0.000411566 0.00546226 811.089
52 10   -0.0043677 0.00123523 786.842
52 11   0.00140064 0.00218794 824.949
52 12   0.00324979 -0.00104884 797.159
52 13   0.0012469 -0.00216409 809.441
52 14   -0.00832878 -0.00100161 738.564
52 15   -0.00234554 0.00221723 801.051
52 16   -0.0064949 -0.00427263 837.616
52 17   -0.0103636 -0.00345462 731.183
52 18   -0.00228086 0.00431948 792.151
52 19   0.00329797 0.00537237 874.926
52 20   0.00517492 0.00427258 852.688
52 21   -0.00812759 -0.00553789 835.218
52 22   0.00846544 0.00510897 802.244
52 23   0.00922631 0.00368296 748.003
52 24   0.00694577 0.00128348 766.052
52 25   -0.00584547 0.00244144 767.084
52 26   0.00484375 -0.00200688 776.635
52 27   -0.0101142 -0.00164923 714.996
52 28   -0.00399307 0.00703995 768.015
52 29   -0.00382851 0.0051697 776.971
52 30   0.00473721 -0.00382242 773.851
52 31   0.00656843 0.00533568 866.965
52 32   -0.00748977 0.00199161 744.4
52 33   0.010793 0.00307398 718.573
52 34   0.00354665 0.00707214 902.929
52 35   -0.00537097 0.00427366 771.181
52 36   -0.00648785 0.00541706 765.145
52 37   -0.00848685 0.000755868 723.901
52 38   0.00843959 0.00202008 744.39
52 39   -0.00956101 -0.0052791 766.278
52 40   0.00655095 -0.00551182 764.377
52 41   0.00631645 -0.00140971 759.115
52 42   0.00705252 -0.000300872 749.364
52 43   -0.00774732 -0.00709855 894.922
52 44   0.00612657 -0.00422441 765.939
52 45   0.0095348 0.000833725 713.084
52 46   0.0107217 0.00121441 702.408
52 47   -0.00841004 0.00310167 751.075
52 48   0.0113928 0.000210503 696.972
52 49   0.00934544 -0.000332051 709.148
52 50   0.00721608 -0.00329726 755.103
52 51   0.00729942 -0.00229809 745.39
52 52   0.00835698 -0.000730047 723.245
52 53   -0.0112249 -0.000545911 701.531
52 54   0.0082743 -0.00356806 761.756
52 55   -0.00981165 0.0011361 702.253
52 56   0.00833361 -0.00178386 724.726
52 57   0.00511775 0.00875261 961.336
52 58   -0.00956557 0.00270504 708.118
52 59   -0.00837672 -0.00791903 903.616
52 60   0.00910141 -0.00217354 712.246
52 61   0.0100801 -0.00102502 697.851
52 62   -0.0109961 0.000289924 698.952
52 63   0.00912545 -0.00295858 731.392
52 64   -0.0099701 0.0019752 696.58
52 65   -0.0105544 0.000790873 697.11
52 66   0.00985942 -0.00181269 697.448
52 67   -0.00350104 -0.00985858 967.724
52 68   0.00443366 0.00917293 965.61
52 69   0.0107567 -0.00103047 691.692
52 70   0.0111806 -0.000770234 692.253
52 71   0.00984131 -0.00309572 702.669
52 72   0.0104281 -0.00217167 687.499
52 73   -0.010078 0.00307478 694.719
52 74   0.010386 -0.00266965 687.338
52 75   -0.0106747 0.00200021 685.875
52 76   0.00466116 0.00977488 953.195
52 77   -0.0116161 0.000604198 695.754
52 78   -0.0109892 0.00133032 689.769
52 79   -0.00580728 -0.0100438 890.143
52 80   0.0116151 -0.00125435 687.409
52 81   0.0109851 -0.00162312 685.095
52 82   -0.0106873 0.00276435 681.939
52 83   -0.0115974 0.00112384 691.182
52 84   0.0108772 -0.00197664 682.587
52 85   -0.00539963 -0.0100694 879.732
52 86   0.0050507 0.00994243 908.344
52 87   -0.0114122 0.00134901 688.447
52 88   -0.0109314 0.00230992 679.951
52 89   -0.0109511 0.00170055 685.954
52 90   0.0108256 -0.002753 679.568
52 91   0.00564682 0.0102861 836.84
52 92   -0.0109425 0.00255111 678.228
52 93   -0.00532568 -0.0103345 816.674
52 94   0.011519 -0.00159972 683.48
52 95   0.0113129 -0.00170825 682.319
52 96   -0.0115136 0.00168828 684.311
52 97   0.00503784 0.0102858 821.895
52 98   0.0111636 -0.00216997 677.747
52 99   0.00529805 0.0104076 793.685
52 100   -0.0112842 0.00184781 682.219
52 101   -0.0045574 -0.0106041 774.39
52 102   -0.00540631 -0.010529 779.6
52 103   0.00525168 0.0106132 730.472
52 104   0.00484354 0.0104143 792.461
52 105   0.0111611 -0.00258204 674.686
52 106   -0.0116859 0.00182344 682.975
52 107   0.0113592 -0.0019945 678.492
52 108   0.0112426 -0.0023402 675.119
52 109   -0.0112677 0.00221004 677.189
52 110   -0.0113441 0.00204758 679.143
52 111   0.0116897 -0.00180839 681.117
52 112   0.0112496 -0.00247388 673.902
52 113   -0.0112814 0.00258605 673.118
52 114   0.0115183 -0.00207789 676.863
52 115   0.0116427 -0.00200031 678.305
52 116   0.00487845 0.010598 718.963
52 117   -0.00472418 -0.0106397 717.58
52 118   -0.0116326 0.00203063 679.685
52 119   -0.0114188 0.00230993 674.572
52 120   -0.0115202 0.00209526 678.093
52 121   0.0114663 -0.00232207 673.168
52 122   0.0115464 -0.00223523 674.323
52 123   0.00497742 0.0106608 645.218
52 124   0.0050772 0.0106836 617.494
52 125   0.0114697 -0.00251031 670.898
52 126   0.0115321 -0.00242576 671.118
52 127   -0.0114278 0.00251148 671.649
52 128   0.0117229 -0.00211157 677.125
52 129   -0.0115319 0.00222611 675.767
52 130   -0.0114591 0.00239186 672.905
52 131   0.0116668 -0.00227274 674.104
52 132   -0.0117148 0.00211604 679.003
52 133   -0.0114654 0.00245858 671.791
52 134   -0.00473874 -0.0107825 563.167
52 135   -0.00488915 -0.0107458 528.492
52 136   -0.0116175 0.00226435 675.399
52 137   0.00494151 0.0107701 456.395
52 138   -0.011688 0.0022189 677.09
52 139   -0.00482745 -0.0108 459.516
52 140   0.00508147 0.0107945 454.397
52 141   0.00500792 0.0108154 360.222
52 142   0.0117189 -0.00222667 675.438
52 143   0.0116902 -0.00234639 673.029
52 144   -0.0117321 0.00226755 677.053
52 145   -0.00485431 -0.0108631 274.449
52 146   0.00499624 0.0108705 164.43
52 147   0.0116659 -0.00238223 671.762
52 148   0.0117402 -0.00236067 673.994
52 149   -0.00493432 -0.0109359 2.64878
52 150   -0.0117477 0.00243603 823.444
52 427   -0.00778378 -0.00858719 925.221
52 455   0.00923091 0.0063209 817.66
52 471   0.00611951 -0.00667765 766.396
52 479   -0.00615977 0.00679848 766.984
52 480   -0.00520745 0.00752534 787.186
52 497   -0.000177008 0.00714164 802.53
52 524   0.000840285 0.0092984 756.305
52 530   -0.000379769 -0.00516055 825.024
52 531   -0.00236195 -0.00397427 846.498
52 532   -0.000406135 -0.00636382 823.941
52 533   -0.00182846 -0.00647229 866.828
52 534   -0.00234287 -0.00839322 900.543
52 535   -0.00177166 -0.00749561 871.785
52 537   -0.00130666 -0.00930018 784.484
52 538   -0.00190417 -0.0092578 842.459
52 692   0.0116765 -0.00245305 669.631
52 693   0.0116444 -0.00241674 670.6
52 694   0.0116141 -0.00244708 670.062
52 695   -0.00411161 -0.010341 918.812
52 696   -0.00410003 -0.00999241 961.331
52 697   -0.00444168 -0.0103738 856.389
52 698   -0.00490932 -0.00490281 872.906
52 699   -0.00281955 -0.00587915 879.835
52 700   -0.00337941 -0.0045844 862.736
52 701   -0.00376889 -0.00635273 895.737
52 702   -0.00493003 -0.00604239 894.96
52 703   -0.00400587 -0.00732396 912.051
52 704   -0.00328534 -0.00832251 922.652
52 705   -0.00373859 -0.00912541 956.172
52 706   -0.00532759 -0.00912206 968.605
52 707   -0.00456118 -0.00892058 962.473
52 708   -0.00501995 -0.00859191 957.188
52 709   -0.00474287 -0.00940881 969.294
52 710   -0.0051461 -0.00980699 933.941
52 711   -0.00511417 -0.00945993 965.689
52 712   -0.00439949 -0.00983003 959.301
52 713   -0.00463905 -0.0096649 963.893
52 714   -0.00490037 -0.00984763 935.689
52 715   -0.00479589 -0.0100278 907.111
52 716   -0.00454037 -0.0100193 928.87
52 717   -0.00457098 -0.0102145 880.943
52 718   -0.00503554 -0.0102977 820.956
52 719   -0.00477394 -0.010275 843.127
52 720   -0.00487907 -0.0101708 865.752
52 721   -0.00485365 -0.0103908 800.716
52 722   -0.00499482 -0.0104201 785.824
52 723   -0.00482326 -0.0105402 754.08
52 724   -0.00489952 -0.0106288 688.675
52 725   -0.00498605 -0.0105905 714.811
52 726   -0.00505096 -0.0105311 750.453
52 727   -0.00517911 -0.0106897 675.913
52 728   -0.00517232 -0.0106032 726.34
52 729   -0.00509227 -0.0107937 452.353
52 730   -0.00503374 -0.0106744 636.465
52 731   -0.00510545 -0.0107016 624.271
52 732   -0.00495286 -0.0107683 468.143
52 733   -0.00501092 -0.0107353 535.545
52 734   -0.0050302 -0.0107978 414.927
52 735   -0.00495139 -0.0108229 340.432
52 736   -0.00499288 -0.0108387 287.099
52 737   -0.00498822 -0.0108796 114.905
52 878   -0.00659135 -0.00720999 911.836
52 879   -0.00568668 -0.00677171 906.563
52 880   -0.00504245 -0.00740591 919.876
52 881   -0.0053739 -0.0080353 940.6
52 882   -0.00605561 -0.00809011 943.169
52 883   -0.00662883 -0.007899 931.265
52 884   -0.00711529 -0.0089398 964.062
52 885   -0.00719186 -0.00845572 942.615
52 886   -0.00617937 -0.00862887 960.554
52 887   -0.00667602 -0.00892184 966.08
52 888   -0.0058053 -0.00910421 968.472
52 889   -0.00601548 -0.00959 951.182
52 890   -0.00645637 -0.0095996 946.132
52 891   -0.00674283 -0.00940677 960.217
52 906   0.00580596 0.00905944 968.652
52 907   0.00551141 0.00964731 947.592
52 908   0.00584732 0.00986914 913.197
52 909   0.00628486 0.00974825 930.236
52 910   0.00663042 0.00951514 951.136
52 949   0.00603553 0.00661527 902.247
52 950   0.0048907 0.00725193 916.769
52 951   0.00528586 0.00801125 939.641
52 952   0.00620983 0.00770045 928.103
52 953   0.00665155 0.00704872 907.683
52 954   0.00667573 0.00809239 938.76
52 955   0.00643997 0.00871002 962.275
52 956   0.00675575 0.00906044 967.928
52 957   0.0072784 0.00898959 964.512
52 958   0.00766239 0.00873056 938.839
52 1029   -0.00285868 0.00780846 758.103
52 1030   -0.000858271 0.00880835 750.64
52 1031   -0.00126785 0.00761632 769.77
52 1032   -0.003023 0.00882887 743.206
52 1033   -0.0018752 0.00917208 753.267
52 1038   0.00154183 -0.00382407 801.767
52 1039   0.000963135 -0.00506191 802.888
52 1040   0.00343818 -0.00452436 781.379
52 1041   0.00225371 -0.00598658 781.266
52 1042   0.00346526 -0.00553784 776.735
52 1043   0.00471252 -0.00648673 774.107
52 1044   0.00456141 -0.00762887 778.879
52 1045   0.00175777 -0.00873148 757.354
52 1046   0.00351134 -0.0081639 750.227
52 1047   0.0024509 -0.0074705 764.263
52 1087   -0.000709156 -0.00934256 755.844
52 1088   -0.000735453 -0.00840256 798.039
52 1089   0.000885115 -0.0088819 745.188
52 1090   0.000261313 -0.00789952 778.216
52 1093   -0.000354727 0.00938317 732.985
52 1094   0.000242779 0.00934079 737.163
52 1150   0.00830291 -0.00440219 777.854
52 1151   0.00766908 -0.0054188 777.536
52 1190   0.00829981 0.00702677 883.523
52 1191   0.00741987 0.00714822 902.543
52 1192   0.00772536 0.00822949 919.892
52 1193   0.00724647 0.00781223 920.077
52 1195   0.00835732 0.00803925 907.723
52 1196   0.00875836 0.00750053 889.751
52 1238   -0.00819954 0.0041866 775.567
52 1239   -0.00756571 0.00520321 776.577
52 1293   0.00321848 0.00934597 953.299
52 1294   0.00376707 0.00933981 962.497
52 1296   0.00363827 0.00998556 969.365
52 1585   -0.00490167 -0.0108721 180.084
52 1586   -0.00492741 -0.0108549 238.543
52 1588   -0.00490519 -0.0109016 60.3737
52 1600   0.0117041 -0.00240747 671.72
52 1601   0.0117004 -0.00243285 670.556
52 1602   0.0117274 -0.00239754 673.115
52 1603   0.0117412 -0.00241287 674.228
52 1609   0.00495641 0.010883 106.694
52 1610   0.00436906 0.00998973 942.435
52 1611   0.00401276 0.0100335 962.377
52 1612   0.00466854 0.0103691 823.801
52 1613   0.00449958 0.0102292 885.097
52 1619   0.00396513 0.0102949 943.903
52 1620   0.00433053 0.010297 892.439
52 1621   0.00417866 0.0104752 879.563
52 1622   0.00415238 0.0103189 917.309
52 1623   0.00438811 0.010597 806.04
52 1624   0.00431783 0.0104897 847.914
52 1625   0.00439578 0.0104168 851.876
52 1626   0.00447893 0.0105705 795.395
52 1627   0.00460345 0.0104885 797.613
52 1628   0.00449975 0.0104685 819.949
52 1629   0.00456595 0.0107076 734.369
52 1630   0.00454251 0.0106229 770.329
52 1631   0.00462805 0.0105773 768.924
52 1632   0.00475396 0.0106466 708.892
52 1633   0.00463729 0.0106993 716.253
52 1634   0.0046657 0.0106247 746.328
52 1635   0.00473457 0.0108001 528.036
52 1636   0.00468729 0.0107315 667.173
52 1637   0.00476383 0.0107111 641.631
52 1638   0.00488315 0.0107873 444.794
52 1639   0.00480359 0.0108056 468.21
52 1640   0.00481865 0.0107539 550.349
52 1641   0.00487021 0.0108844 162.633
52 1642   0.00484745 0.0108431 345.281
52 1643   0.00488875 0.010835 313.539
52 1644   0.00490135 0.0108854 127.755
52 1645   0.00493335 0.010872 168.564
52 1646   0.00491236 0.0108619 220.761
52 1647   0.00491666 0.0109002 62.4762
52 1648   0.00492802 0.0108909 90.6959
52 1649   0.00493866 0.0109327 3.94204
52 1652   0.00492141 0.0109175 14.4975
52 1653   0.00493311 0.0109223 8.02683
52 1654   -0.00496425 -0.0108848 86.7222
52 1655   -0.00494494 -0.0108758 131.516
52 1656   -0.00493187 -0.0109147 12.1982
52 1657   -0.00492772 -0.0108974 62.1748
52 1658   -0.00494374 -0.0109296 3.60664
52 1660   -0.00496354 -0.0109071 25.1209
52 1661   -0.00494839 -0.0109155 10.1433
52 1662   -0.0116892 0.00234807 674.728
52 1663   -0.0117187 0.00231887 676.129
52 1664   -0.0117409 0.00234649 676.604
52 1665   -0.0117256 0.00237271 675.906
52 1666   -0.0116969 0.00237867 674.27
52 1667   -0.0116517 0.00235503 673.714
52 1668   -0.0116122 0.00232939 673.956
52 1669   -0.011567 0.00237308 672.686
52 1670   -0.0116258 0.00239366 672.28
52 1671   -0.0115871 0.00240377 671.94
52 1672   -0.0115806 0.00243965 671.128
52 1673   -0.0115667 0.00247568 670.534
52 1674   -0.0116022 0.00249137 669.925
52 1675   -0.0116343 0.0024219 671.487
52 1676   -0.0116241 0.00246572 670.25
52 1677   -0.011608 0.00244497 670.855
52 1678   -0.0116547 0.00243322 671.21
52 1679   -0.0116762 0.00246091 670.257
52 1680   -0.0116515 0.00245902 670.318
52 1681   -0.0116859 0.0024071 672.919
52 1682   -0.0116727 0.00242645 671.659
52 1683   -0.0116861 0.00244376 671.065
52 1684   -0.0117017 0.00243702 671.891
52 1685   -0.0117216 0.00243895 672.582
52 1686   -0.0117026 0.00241673 673.197
52 1687   -0.0117285 0.00239629 676.16
52 1688   -0.0117287 0.00242545 676.16
52 1689   -0.0117164 0.00241187 674.655
52 1691   0.00496321 0.0109071 27.2043
52 1692   0.00494497 0.0109059 30.6684
52 1693   0.00494531 0.0109201 8.89655
52 1705   0.00255466 0.00776498 896.978
52 1706   0.00286361 0.0087509 921.903
52 1707   0.00218467 0.00920305 884.815
52 1708   0.00127311 0.00775594 845.992
52 1709   0.00128331 0.00876306 819.802
52 1710   0.00188592 0.00922424 847.33
52 1731   0.0117149 -0.00244039 670.541
52 1734   0.0117442 -0.00243229 675.774
52 1735   0.0117323 -0.00243034 672.709
52 1768   -0.0117425 0.00240161 677.98
52 1771   -0.0117481 0.002425 716.347
52 1772   -0.0117404 0.00241816 683.045
16 151   -0.044978 0.00332988 913.229
16 152   -0.0451567 -0.00284905 913.083
16 153   -0.039978 0.00832648 919.279
16 154   -0.0477766 -0.021774 811.611
16 155   -0.0397912 -0.032301 758.039
16 156   -0.0322209 0.0320561 871.982
16 157   -0.0411381 -0.00636096 915.691
16 158   -0.00183957 0.0290447 740.189
16 159   -0.0434939 -0.0296588 726.82
16 160   -0.0497142 -0.0177496 865.16
16 161   -0.0384814 -0.00705758 919.266
16 162   -0.000872179 0.0243931 813.614
16 163   0.0018174 0.0225634 808.775
16 164   -0.00124162 -0.0214742 841.319
16 165   0.00449186 0.0225291 780.859
16 166   -0.000772084 -0.0185717 852.133
16 167   0.00632556 0.0190558 876.276
16 168   0.00471501 0.0177999 899.692
16 169   0.000313078 0.0183083 887.674
16 170   0.000991627 -0.0173184 776.8
16 171   0.00204056 0.0194996 876.622
16 172   -0.00654948 -0.0175081 968.123
16 173   -0.00291647 -0.0174052 912.067
16 174   0.00474229 0.0158996 928.403
16 175   0.00105019 0.016225 897.451
16 176   -0.00311935 -0.015721 918.155
16 177   0.00685499 0.0141025 966.624
16 178   -0.00580077 -0.0156612 965.969
16 179   0.00570783 0.0146633 958.457
16 180   0.00280495 0.015516 915.744
16 181   -0.00445694 -0.0152272 952.528
16 182   -0.00636361 -0.0145757 969.365
16 183   -0.00711231 -0.0140679 960.274
16 184   0.00283888 0.0142291 932.788
16 185   0.006233 0.012827 921.471
16 186   -0.00428903 -0.0140172 958.872
16 187   0.00460307 0.0137048 966.93
16 188   0.00367147 0.0136542 958.134
16 189   0.00650033 0.0121835 848.823
16 190   -0.00489156 -0.0135619 969.179
16 191   -0.00562231 -0.0136864 967.051
16 192   -0.00722055 -0.0121891 847.999
16 193   0.00482319 0.0129488 955.531
16 194   -0.00683286 -0.0128916 910.726
16 195   0.00530596 0.0126318 905.563
16 196   -0.00623023 -0.0126661 897.224
16 197   -0.00679009 -0.0116682 814.102
16 198   -0.00676181 -0.0110726 796.331
16 199   0.00675081 0.0111396 793.954
16 200   -0.00576838 -0.0129532 935.001
16 201   0.00428582 0.0124131 915.453
16 202   -0.00474808 -0.01288 963.582
16 203   -0.00526389 -0.0126015 919.214
16 204   0.006162 0.0110149 793.623
16 205   0.0058496 0.0116864 786.1
16 206   -0.0051615 -0.0121499 852.479
16 207   0.00506379 0.012063 817.038
16 208   -0.00536897 -0.0118393 795.009
16 209   0.00588276 0.0112884 769.195
16 210   -0.00627139 -0.0108759 810.896
16 211   0.00432819 0.0119462 822.97
16 212   0.00543888 0.0116872 761.015
16 213   0.00462338 0.0119132 801.469
16 214   0.00520243 0.0118056 773.567
16 215   -0.00515193 -0.0115156 725.409
16 216   0.00555445 0.0111466 729.407
16 217   0.00527592 0.011392 681.251
16 218   0.00492138 0.0115722 713.959
16 219   -0.00493578 -0.0114938 705.274
16 220   0.00535833 0.0112493 673.239
16 221   0.00472675 0.0115747 725.108
16 222   0.00456741 0.0116582 759.242
16 223   0.00507888 0.011368 628.02
16 224   0.00496078 0.0114299 651.078
16 420   -0.00734614 -0.0105343 705.696
16 421   -0.00703841 -0.0106955 779.576
16 430   0.00568307 -0.0309019 674.157
16 431   0.000520061 -0.0235329 747.322
16 432   0.000608226 -0.0270921 710.37
16 433   0.00399146 -0.0278106 686.967
16 434   0.00580838 -0.0250498 695.311
16 435   0.00654745 -0.0208256 716.727
16 436   0.00485584 -0.0232559 706.51
16 437   0.00295075 -0.0224575 721.582
16 438   0.00258426 -0.0182069 749.486
16 439   0.0033213 -0.0200842 735.857
16 440   0.00522639 -0.0194878 728.071
16 441   0.00382882 -0.016936 738.838
16 442   0.00683947 -0.0163549 743.546
16 443   0.0055184 -0.0178177 735.426
16 444   0.00422843 -0.0154457 734.959
16 445   0.00591801 -0.0149215 746.451
16 446   0.00657854 -0.0134872 766.29
16 447   0.00690881 -0.0110127 843.881
16 448   0.00598735 -0.0123911 770.895
16 449   0.00480497 -0.0123077 737.377
16 450   -0.00574232 0.013971 803.241
16 451   -0.00455994 0.0132579 741.238
16 452   -0.00513523 0.0119054 726.939
16 453   -0.0443146 -0.0225036 863.028
16 454   -0.0429623 -0.0254744 832.995
16 465   -0.00995458 -0.0304311 844.205
16 466   -0.00730905 -0.033477 768.024
16 467   -0.0029074 -0.032111 713.011
16 468   -0.00265678 -0.0286604 737.52
16 469   -0.00856731 -0.0271829 877.27
16 470   -0.00567116 -0.0267782 848.356
16 472   -0.049779 0.0184217 855.445
16 474   -0.0473123 0.0259428 731.831
16 475   -0.0511395 0.0239929 733.532
16 476   -0.0484185 0.0211729 819.433
16 477   -0.0440383 0.0244675 834.609
16 478   -0.0451445 0.0217781 865.823
16 482   -0.0355241 0.030738 852.393
16 483   -0.0410092 0.0310458 748.911
16 484   -0.0391971 0.0336819 754.39
16 485   -0.0359481 0.027948 884.067
16 486   -0.0387243 0.0282557 853.349
16 498   -0.0358765 -0.025378 911.823
16 499   -0.0345381 -0.0210257 955.509
16 500   -0.0328812 -0.023077 926.729
16 508   -0.0139376 0.0320166 873.472
16 511   -0.00504991 0.0303841 779.435
16 512   -0.00740995 0.0334614 785.964
16 513   -0.0101753 0.030478 856.771
16 514   -0.00654369 0.0273538 862.277
16 515   -0.0090869 0.0274476 881.411
16 520   -0.00240218 0.0151452 821.874
16 521   -0.00331788 0.0135296 737.706
16 522   -0.00264318 0.0125937 710.416
16 525   0.00345298 -0.0145832 725.789
16 526   0.00396017 -0.0132727 718.638
16 527   0.00304044 -0.0126207 701.592
16 528   -0.00202733 0.018701 890.599
16 529   -0.00318638 0.0166816 870.149
16 556   -0.0242337 -0.0325 889.902
16 557   -0.0296824 -0.0245513 910.811
16 558   -0.0263274 -0.0225 909.099
16 559   -0.0209022 -0.029727 893.385
16 560   -0.0220869 -0.024727 902.501
16 561   -0.013624 -0.0291811 880.501
16 562   -0.016148 -0.032227 876.778
16 563   -0.0142657 -0.0241811 907.235
16 565   -0.0195382 -0.022227 904.902
16 566   -0.0164104 -0.022227 907.457
16 584   -0.00352814 -0.0221741 898.875
16 585   -0.00490616 -0.0240759 895.011
16 586   -0.00210612 -0.0148326 892.972
16 587   -0.00119506 -0.0129131 780.952
16 588   -0.00344522 -0.0136436 936.988
16 589   -0.00259991 -0.0139652 905.733
16 590   -0.00210255 -0.0131925 879.346
16 591   -0.00255451 -0.0125122 895.81
16 594   -0.0471575 0.0161465 895.917
16 595   -0.0473565 0.0130749 902.909
16 596   -0.0423565 0.0130749 920.5
16 597   -0.0386395 0.0173372 959.522
16 598   -0.043297 0.0168171 916.461
16 599   -0.041018 0.0154759 932.405
16 606   -0.00308059 -0.0126381 923.687
16 607   -0.00347394 -0.0129968 944.964
16 608   -0.00438573 -0.0126646 965.185
16 609   -0.0039628 -0.0127124 966.89
16 610   -0.00389885 -0.0123002 966.709
16 611   -0.00472684 -0.0121088 870.089
16 612   -0.00446688 -0.0123449 939.343
16 613   -0.00417668 -0.0121599 935.234
16 615   -0.00423871 -0.0118773 865.338
16 616   -0.00471382 -0.0116101 763.515
16 617   -0.0045774 -0.0118501 825.173
16 633   -0.00627355 -0.01182 817.296
16 634   -0.00610138 -0.0121154 840.984
16 635   -0.00569611 -0.0118524 804.777
16 636   -0.00599541 -0.0115389 790.606
16 637   -0.00574116 -0.0115751 778.09
16 638   -0.00582657 -0.0109686 781.521
16 639   -0.00598795 -0.0112999 783.286
16 640   -0.00605512 -0.0110811 789.387
16 641   -0.00564941 -0.0113802 757.956
16 642   -0.00570869 -0.0111222 761.891
16 643   -0.00581011 -0.0112527 770.02
16 644   -0.00537888 -0.011314 706.532
16 645   -0.00556084 -0.0111754 740.803
16 646   -0.00553513 -0.011324 740.136
16 648   -0.00545735 -0.0111378 721.117
16 649   -0.00535181 -0.0111931 686.719
16 655   -0.00525862 -0.0113095 670.454
16 656   -0.00520351 -0.0113383 665
16 898   0.00731425 0.0103139 576.348
16 900   0.00694274 0.0105086 773.162
16 901   0.00712849 0.0108445 775.982
16 961   -0.0370263 -0.0219463 953.972
16 962   -0.0378882 -0.0242473 925.958
16 963   -0.0402547 -0.0240373 910.634
16 965   -0.00690881 0.0129751 823.452
16 966   -0.00631762 0.0119522 787.503
16 967   -0.00690881 0.0109761 840.582
16 994   -0.0411541 0.0249976 888.84
16 995   -0.0392128 0.0261884 890.572
16 998   -0.0030329 0.020486 902.544
16 999   -0.00294597 0.0229579 885.846
16 1000   -0.00535845 0.0201377 943.611
16 1001   -0.00540713 0.0245792 896.426
16 1020   -0.0400722 0.0190155 958.577
16 1021   -0.0423512 0.0186899 925.662
16 1022   -0.0429377 0.0207052 907.836
16 1023   -0.039688 0.0216261 942.43
16 1024   -0.0414139 0.0226453 914.384
16 1052   -0.0099999 -0.020977 951.17
16 1053   -0.0112793 -0.0229311 920.964
16 1054   -0.00925038 -0.0246829 910
16 1055   -0.00733131 -0.0217518 941.772
16 1056   -0.00716262 -0.0235035 927.771
16 1061   -0.0501567 -0.00540425 910.155
16 1064   -0.0485426 -0.0149516 895.435
16 1065   -0.0489851 -0.00936233 907.144
16 1066   -0.0513284 -0.011453 901.242
16 1067   -0.0435736 -0.010871 913.766
16 1068   -0.0464205 -0.0113172 907.866
16 1069   -0.045978 -0.0144047 904.768
16 1070   -0.0421346 -0.0126882 918.636
16 1071   -0.0433674 -0.0151766 914.587
16 1072   -0.0396992 -0.011841 924.699
16 1073   -0.0387177 -0.0133325 932.145
16 1074   -0.0423594 -0.019811 920.46
16 1075   -0.042039 -0.0170552 926.261
16 1076   -0.0389619 -0.0205858 924.442
16 1077   -0.0404999 -0.0214014 948.568
16 1078   -0.0386071 -0.0179985 963.498
16 1079   -0.0398248 -0.0160583 943.644
16 1103   -0.0510348 0.0324945 672.361
16 1106   -0.0472076 0.0298583 693.92
16 1107   -0.0442772 0.0323638 699.877
16 1113   -0.0461668 -0.0323578 685.67
16 1116   -0.00422942 -0.0186833 939.151
16 1117   -0.00577612 -0.0188333 958.695
16 1118   -0.00437155 -0.0205497 937.973
16 1119   -0.00591826 -0.0206997 942.887
16 1162   -0.0345927 0.021028 956.069
16 1163   -0.0329893 0.0230841 927.99
16 1164   -0.0348796 0.0252941 914.013
16 1165   -0.0374536 0.0226426 953.399
16 1166   -0.0372383 0.0248526 917.701
16 1182   0.00122147 0.0131582 904.037
16 1183   0.00214485 0.0134294 924.195
16 1186   0.0025704 0.012504 943.985
16 1187   0.00330684 0.0128011 962.079
16 1188   0.00370107 0.012316 965.595
16 1219   0.00386615 -0.033634 674.152
16 1220   0.000232293 -0.033634 688.083
16 1223   0.000203532 0.032122 696.778
16 1285   0.00712232 0.0121762 851.499
16 1286   0.00712232 0.0116442 808.266
16 1311   0.0056663 0.0250931 717.501
16 1313   0.00567908 0.032657 672.509
16 1314   0.00384538 0.029779 686.417
16 1348   -0.0505624 -0.0249867 720.879
16 1350   -0.0490972 -0.0299008 684.534
16 1351   -0.0510348 -0.032543 672.167
16 1375   -0.01179 0.0230249 914.247
16 1376   -0.00974647 0.0249946 906.227
16 1377   -0.0071111 0.0216951 946.173
16 1378   -0.00724673 0.0236648 917.953
16 1386   -0.00332601 -0.0121715 940.4
16 1387   -0.00365542 -0.0121181 963.307
16 1413   -0.0314676 -0.0335257 867.797
16 1414   -0.0294662 -0.028077 898.071
16 1415   -0.0280807 -0.0310257 889.878
16 1416   -0.0355563 -0.027878 889.898
16 1417   -0.036573 -0.0308267 836.98
16 1418   -0.0323448 -0.0291026 890.05
16 1419   -0.0333614 -0.0320513 860.792
16 1471   -0.0146928 0.0220166 909.362
16 1507   0.000801927 -0.0152919 758.617
16 1508   0.00227964 -0.0145865 722.905
16 1509   -0.000544744 -0.0147152 797.253
16 1510   -0.000131045 -0.0135683 737.571
16 1511   0.000937217 -0.0132691 704.115
16 1512   0.00225483 -0.0130552 703.895
16 1513   0.00200123 -0.0137105 710.952
16 1516   0.000861412 -0.0126673 693.977
16 1517   0.00152022 -0.0125604 697.324
16 1518   0.000108694 0.0152566 886.568
16 1519   -0.00112072 0.014906 845.06
16 1520   0.000510609 0.0138548 886.856
16 1521   -0.00165894 0.0130148 738.53
16 1522   -0.000385427 0.013297 825.851
16 1523   -0.00105218 0.0137115 801.871
16 1526   -0.000662782 0.0126538 746.597
16 1527   -0.00132159 0.0125469 725.614
16 1558   -0.0242686 0.0325 890.745
16 1559   -0.0288589 0.0295561 894.613
16 1560   -0.0221388 0.0225 904.894
16 1561   -0.0264268 0.0225 909.264
16 1562   -0.0297897 0.0245561 911.128
16 1563   -0.0185123 0.0245166 902.773
16 1564   -0.0187122 0.0295166 893.074
16 1572   -0.049978 0.00577467 909.977
16 1573   -0.049978 0.0107713 903.886
16 1592   -0.00929318 0.0210083 952.341
16 1593   -0.0114723 0.0210083 928.17
16 1595   -0.00645096 0.0184506 934.548
16 1598   -0.00528447 0.0167795 887.256
16 1599   -0.00633351 0.015328 859.904
end
