986
52 258   -0.00482265 -0.00100902 902.521
52 259   -0.00275763 -0.00227054 910.202
52 260   -0.00460225 0.00125495 907.711
52 261   -0.000676829 -0.00120085 915.624
52 262   0.00132498 -0.00238639 919.95
52 263   0.00329971 -0.00131251 912.204
52 264   -0.000632347 0.00104362 916.46
52 265   0.00321555 0.000890666 908.736
52 266   -0.00249275 0.00223791 917.973
52 267   0.00135551 0.00430586 920.545
52 268   0.00532517 -0.00467404 921.543
52 269   0.0012853 0.00206126 915.106
52 270   0.00518714 -0.00244357 908.082
52 271   -0.000370921 0.0054407 937.912
52 272   -0.00230153 0.00439038 932.309
52 273   0.00489108 0.00199984 900.299
52 274   -0.00621887 0.00244389 902.578
52 275   0.00308144 0.00510556 910.407
52 276   0.00617355 0.00513472 878.185
52 277   0.00653371 0.0011718 891.404
52 278   -0.000376007 0.00732047 956.475
52 279   0.00790718 0.00241335 864.906
52 280   0.00468676 0.00397014 899.535
52 281   -0.00785968 0.00193244 881.979
52 282   -0.00177413 0.00829109 967.266
52 283   0.00666583 -0.00176795 896.069
52 284   0.00701621 -0.000396395 890.997
52 285   0.00802641 -0.00270321 875.839
52 286   -0.00874648 0.00415678 863.643
52 287   -0.00882674 0.00300748 849.081
52 288   0.00837265 -0.000754413 875.08
52 289   -0.00951276 0.00626518 856.567
52 290   -0.00987595 0.00450576 806.325
52 291   0.00911414 -0.000272968 882.551
52 292   0.00881461 -0.00196928 847.863
52 293   -0.00145939 0.00955668 967.186
52 294   -0.0100977 0.00530836 800.9
52 295   -0.00988852 0.0011995 823.018
52 296   0.00232904 -0.00976557 967.747
52 297   0.00969581 -0.00225321 787.058
52 298   -0.00983738 0.00264217 779.245
52 299   0.000857746 -0.0097222 961.523
52 300   -0.0100713 0.00200395 764.6
52 301   0.00152681 -0.0100762 959.21
52 302   0.00204355 -0.0110507 958.544
52 303   0.0100689 -0.00173174 767.305
52 304   0.00150883 -0.0106851 944.991
52 305   -0.00214679 0.0114245 963.041
52 306   0.0106665 -0.00196027 715.054
52 307   0.00190525 -0.0114945 956.498
52 308   -0.0107188 0.00205657 714.727
52 309   0.00112542 -0.0109643 916.36
52 310   -1.95874e-05 -0.0111027 849.783
52 311   0.000725259 -0.0108576 899.75
52 312   -0.00154962 0.0115514 938.988
52 313   -0.00110175 0.0112978 896.407
52 314   0.0109708 -0.00170567 705.142
52 315   0.000548788 -0.0112309 850.537
52 316   0.000294487 -0.0113222 819.676
52 317   0.00116283 -0.0113587 900.071
52 318   -0.00124193 0.011516 905.727
52 319   0.00140793 -0.0115233 925.393
52 320   0.0114603 -0.00271157 690.535
52 321   0.000916076 -0.0115287 858.829
52 322   0.000702196 -0.0115075 823.478
52 323   0.00129235 -0.0117409 919.985
52 324   0.000282808 -0.0116154 765.908
52 325   0.000931645 -0.0117419 853.014
52 326   0.00106281 -0.0117895 887.93
52 327   0.000618554 -0.0116927 777.661
52 328   -0.00021757 0.0115905 771.202
52 329   0.0116646 -0.0023509 676.411
52 330   0.000522803 -0.0117426 733.05
52 331   0.000487673 -0.0119861 3.72368
52 332   0.00047835 -0.0119881 2.93804
52 333   0.0118048 -0.00214211 668.311
52 337   0.00420462 -0.00582353 942.93
52 338   0.00282394 -0.00584548 946.091
52 339   0.00286212 -0.00861788 968.67
52 340   0.00223314 -0.00778607 964.484
52 341   0.00460665 -0.00738536 960.074
52 342   0.00385496 -0.00823911 967.464
52 343   0.00537619 -0.00790076 964.568
52 344   0.00689604 -0.00563987 917.177
52 345   0.00618814 -0.00765251 958.54
52 346   0.00690193 -0.00695702 938.345
52 349   0.00921146 -0.00662255 883.076
52 350   -0.00302192 0.00808021 966.429
52 351   -0.00377798 0.00915881 969.259
52 352   -0.00356035 0.00993495 965.148
52 380   0.00254477 -0.010828 966.381
52 381   0.00281228 -0.0101518 966.635
52 382   0.00305035 -0.0111356 969.284
52 387   0.00309452 0.00664997 911.954
52 390   0.00611217 0.00663276 876.115
52 412   0.000793629 0.00791458 955.211
52 413   0.00201804 0.00751627 930.434
52 414   0.00225525 0.00825335 930.232
52 415   0.00279331 0.0086217 913.508
52 416   0.00247655 0.00926686 922.82
52 456   0.000437324 -0.0117468 707.447
52 457   0.000367988 -0.0117134 731.518
52 459   0.000414342 -0.0118622 556.015
52 494   -0.000543058 0.0119256 450.57
52 499   -0.000770706 0.0114221 846.339
52 500   -0.000704072 0.011788 779.791
52 501   -0.000795026 0.0115792 832.096
52 502   -0.000668991 0.0116361 797.775
52 504   -0.000820725 0.0118338 822.748
52 505   -0.00089233 0.0117178 843.668
52 506   -0.00100819 0.0117789 874.857
52 614   -0.00664052 -0.00154062 891.674
52 615   -0.00906283 -0.00224932 862.893
52 628   -0.0103826 0.000849355 799.018
52 683   -0.00540484 0.00794707 964.86
52 684   -0.00551257 0.0094575 955.97
52 685   -0.00489219 0.00884353 969.195
52 686   -0.00639641 0.00941524 945.132
52 694   0.00424866 -0.00918139 968.311
52 695   0.00345161 -0.0101213 965.107
52 696   0.00404041 -0.00988264 960.448
52 697   0.00355234 -0.0105647 962.692
52 698   0.00341859 -0.0109028 967.717
52 699   0.00373687 -0.0111453 967.956
52 700   0.00403823 -0.0110816 928.542
52 701   -0.00382064 0.0050488 934.892
52 702   -0.00562848 0.00408526 913.852
52 703   -0.00509288 0.00683704 951.51
52 704   -0.00382418 0.00665489 953.168
52 705   -0.00772837 0.0047459 897.934
52 706   -0.0064376 0.00470366 912.359
52 707   -0.00589846 0.00584935 930.98
52 708   -0.00671009 0.00652503 932.927
52 709   -0.0064827 0.00761228 955.586
52 710   -0.00854522 0.00670459 906.177
52 711   -0.00773109 0.00597164 909.369
52 712   -0.00796939 0.00819728 953.069
52 713   -0.00839508 0.00767782 930.844
52 793   -0.00536354 0.0100883 921.332
52 798   0.00511812 -0.010356 902.063
52 817   -0.000921953 -0.00521527 927.714
52 818   0.00103548 -0.00408864 928.908
52 819   0.00176757 -0.00526718 939.977
52 820   0.000487449 -0.00640894 948.069
52 821   -0.00086719 -0.00637868 936.649
52 822   -0.00165375 -0.00743599 936.787
52 824   -0.00237775 -0.00913727 926.887
52 825   -0.00180787 -0.00932181 953.081
52 830   0.00805669 0.00389064 848.295
52 831   0.007446 0.00492131 865.333
52 833   -0.000519367 -0.00980193 941.173
52 834   -0.00012694 -0.0106351 896.688
52 835   0.000363606 -0.0104812 918.849
52 836   0.000257953 -0.00997799 946.272
52 837   -0.000814744 -0.0101505 915.229
52 838   -0.00052797 -0.0104804 903.934
52 866   0.000418639 0.0088508 968.662
52 867   0.00166947 0.00871433 951.753
52 868   0.00105726 0.00891348 965.824
52 869   0.00102545 0.00946637 955.412
52 870   0.00148723 0.00945158 967.844
52 871   0.0020571 0.00926704 943.422
52 872   0.00178807 0.00908286 953.924
52 874   0.00189873 0.00958962 952.979
52 875   0.00161379 0.00968189 966.691
52 1029   -0.000541547 0.0119612 299.179
52 1033   0.000356867 0.0106539 893.262
52 1044   0.0092346 0.000736595 887.339
52 1045   0.00902775 0.00191661 866.505
52 1107   8.36608e-05 0.0111519 843.69
52 1108   5.06227e-05 0.0108225 880.996
52 1109   -0.000215733 0.0114506 798.461
52 1110   -0.000113422 0.0112409 831.859
52 1111   -0.000677799 0.00961642 962.783
52 1112   -0.000166075 0.00932828 967.552
52 1113   -0.000708164 0.010109 947.101
52 1114   -0.000368162 0.0101787 937.353
52 1115   -0.00123723 0.0107029 934.383
52 1116   -0.00108869 0.0110138 910.72
52 1117   -0.000904076 0.0104584 934.804
52 1118   -0.000710136 0.0109293 893.368
52 1119   -0.000688679 0.0106533 914.864
52 1120   -0.000236429 0.0107672 891.047
52 1121   -0.000422949 0.0105676 913.275
52 1122   -0.00031605 0.0109645 873.272
52 1123   -0.000226081 0.0111089 853.34
52 1124   -0.000524027 0.011041 872.945
52 1125   -0.000604957 0.0113076 844.33
52 1126   -0.000355647 0.0111995 844.6
52 1127   -0.000512469 0.0111711 856.715
52 1128   -0.000512919 0.0113814 825.081
52 1129   -0.000348191 0.0114361 804.548
52 1130   -0.000375446 0.011317 827.107
52 1131   -0.000582163 0.011592 791.841
52 1132   -0.000442505 0.0115207 793.354
52 1133   -0.000528822 0.0114802 808.657
52 1134   -0.00052933 0.0116586 769.589
52 1135   -0.000462361 0.0116063 776.524
52 1136   -0.000320114 0.0117543 706.784
52 1137   -0.000330971 0.0116751 748.57
52 1138   -0.000413774 0.0116662 755.852
52 1139   -0.000392094 0.0117846 683.39
52 1140   -0.000436435 0.0117316 729.051
52 1141   -0.000526098 0.0118091 691.217
52 1142   -0.000508833 0.0117442 734.21
52 1143   -0.000476678 0.0118425 613.889
52 1144   -0.000404845 0.0118714 528.759
52 1145   -0.000415071 0.0118307 623.14
52 1146   -0.000509204 0.0119001 486.843
52 1147   -0.000484111 0.0118753 540.926
52 1148   -0.000445797 0.0118902 478.184
52 1149   -0.000485046 0.0119172 394.426
52 1150   -0.000447837 0.0119329 294.555
52 1151   -0.000454841 0.0119127 399.757
52 1152   -0.000468266 0.0119413 254.384
52 1153   -0.000487817 0.0119335 317.751
52 1155   -0.000470091 0.0119575 112.478
52 1156   -0.0104108 0.00386635 764.128
52 1157   -0.0109471 0.00380467 740.03
52 1158   -0.010292 0.00315207 751.21
52 1159   -0.010684 0.00297463 723.211
52 1160   -0.0109582 0.00326199 719.717
52 1161   -0.0112707 0.00279072 697.832
52 1162   -0.0112912 0.00305307 704.472
52 1163   -0.0108739 0.00235826 705.42
52 1164   -0.0108048 0.00266893 711.245
52 1165   -0.0110585 0.00269394 701.987
52 1166   -0.0111003 0.00230123 696.067
52 1167   -0.011155 0.0024653 695.271
52 1168   -0.0113976 0.00231596 684.682
52 1169   -0.0113204 0.00242386 688.874
52 1170   -0.0114585 0.00262768 689.167
52 1171   -0.0115865 0.0025948 685.374
52 1172   -0.0114118 0.00248946 687.048
52 1173   -0.0115082 0.00235458 681.419
52 1174   -0.0115844 0.00246711 681.717
52 1175   -0.011495 0.00244604 683.602
52 1176   -0.0115866 0.00233915 678.646
52 1177   -0.0117049 0.00236222 676.085
52 1178   -0.0116375 0.00241416 679.077
52 1179   -0.0116173 0.00228094 676.55
52 1180   -0.0116908 0.00229348 674.464
52 1181   -0.0117649 0.00222622 670.734
52 1182   -0.0117063 0.00220415 672.295
52 1183   -0.0117185 0.00224639 672.573
52 1184   -0.0117419 0.00217609 670.679
52 1185   -0.0117636 0.00219188 669.972
52 1186   -0.0117458 0.00212559 671.21
52 1187   -0.0117652 0.00211754 670.848
52 1188   -0.0117455 0.00215095 670.669
52 1189   -0.0117722 0.00213402 670.09
52 1190   -0.0117637 0.00214996 669.96
52 1191   0.0116764 -0.00222515 673.279
52 1192   0.0117448 -0.0022187 671.081
52 1193   0.0117415 -0.00217891 670.4
52 1194   0.0112753 -0.00186614 690.508
52 1195   0.00833337 -0.00378161 873.771
52 1196   0.00790382 -0.00490771 896.454
52 1197   0.00905959 -0.005708 865.015
52 1198   0.00933559 -0.00401142 825.375
52 1199   0.0105483 -0.00461528 773.303
52 1200   0.00969903 -0.00496839 813.121
52 1201   0.00998462 -0.00290799 762.909
52 1202   0.00983504 -0.0035259 783.436
52 1203   0.0104696 -0.00373584 751.462
52 1204   0.0104406 -0.00286957 731.012
52 1205   0.0107157 -0.00331093 728.702
52 1206   0.0111445 -0.00284156 701.136
52 1207   0.0111517 -0.00320586 710.591
52 1208   0.0107868 -0.00228885 706.443
52 1209   0.0106493 -0.00259914 714.816
52 1210   0.0109171 -0.0026762 704.586
52 1211   0.0110377 -0.00226873 696.487
52 1212   0.0110715 -0.00246307 696.567
52 1213   0.0115466 -0.00239293 680.414
52 1214   0.0114268 -0.0025208 686.382
52 1215   0.0112654 -0.00243766 689.637
52 1216   0.0114572 -0.00227167 681.118
52 1217   0.0113205 -0.00230237 686.167
52 1218   0.011294 -0.0020625 686.989
52 1219   0.0112267 -0.00217197 689.077
52 1220   0.0114824 -0.00216835 679.604
52 1221   0.0114129 -0.00208959 682.432
52 1223   0.0108191 -0.00131297 727.707
52 1224   0.00999785 -0.000746431 838.6
52 1225   0.0101512 -0.00122175 784.072
52 1233   0.0113946 -0.00178519 688.384
52 1235   0.0114501 -0.00201209 681.953
52 1236   0.0115347 -0.00189176 681.795
52 1237   0.0114505 -0.00190406 683.956
52 1238   0.0115187 -0.00202266 679.491
52 1239   0.0115681 -0.00197098 678.957
52 1240   0.0115425 -0.00213033 677.547
52 1241   0.0115416 -0.00206213 678.152
52 1242   0.0116019 -0.00205003 676.333
52 1243   0.0115932 -0.00214104 675.678
52 1244   0.0116343 -0.00217455 674.148
52 1245   0.0116188 -0.00208955 675.186
52 1246   0.0116654 -0.00214285 673.072
52 1247   0.0116545 -0.00210328 673.806
52 1254   0.0116804 -0.00203181 674.46
52 1257   0.0116357 -0.00202116 675.914
52 1258   0.0116247 -0.00198159 677.182
52 1259   0.0116886 -0.00206149 673.502
52 1260   0.0116759 -0.00208733 673.337
52 1261   0.0117213 -0.00207218 672.355
52 1262   0.011695 -0.00210257 672.464
52 1263   0.0117223 -0.00209348 671.8
52 1264   0.0116941 -0.00213528 672.116
52 1265   0.0117179 -0.0021491 671.175
52 1267   0.011747 -0.00212871 670.325
52 1268   0.0117505 -0.00210579 670.711
52 1269   0.0117689 -0.00216997 669.362
52 1270   0.0117845 -0.00213814 668.908
52 1271   0.0117663 -0.0021441 669.46
52 1295   0.00489163 -0.00906745 967.616
52 1296   0.00526747 -0.00864057 969.501
52 1297   0.0056893 -0.00990939 925.029
52 1298   0.00523425 -0.0098099 941.17
52 1299   0.00584132 -0.00952963 948.015
52 1300   0.00576212 -0.00900325 967.649
52 1301   0.00750853 -0.00892548 967.059
52 1302   0.00670097 -0.00813704 963.421
52 1303   0.00658069 -0.00859546 969.104
52 1304   0.00618666 -0.00890049 968.522
52 1305   0.00709106 -0.00885953 969.154
52 1306   0.00702407 -0.00925287 954.496
52 1307   0.00625217 -0.00975512 923.797
52 1310   0.00640958 -0.00933942 951.994
52 1311   0.00673663 -0.00942774 936.232
52 1334   -0.00682664 0.0091533 961.946
52 1337   -0.0069973 0.00837916 964.246
52 1338   -0.00761314 0.00854432 958.044
52 1361   0.0076998 -0.00713753 930.966
52 1362   0.00842334 -0.00714129 916.779
52 1363   0.00741964 -0.00779118 950.571
52 1364   0.00857681 -0.00775309 930.887
52 1367   0.00793 -0.00805524 950.321
52 1368   0.00786543 -0.00857774 961.54
52 1375   -0.00378744 0.0110455 965.553
52 1379   -0.00245041 0.0110238 965.646
52 1380   -0.00303966 0.0101961 967.192
52 1381   -0.00186161 0.0106217 955.999
52 1382   -0.00220987 0.0100885 964.952
52 1383   -0.00352892 0.0109788 968.132
52 1384   -0.00323755 0.0107047 967.182
52 1385   -0.00299655 0.0109992 968.979
52 1386   -0.00341427 0.0112465 969.339
52 1387   -0.00316159 0.0113002 969.505
52 1394   -0.00413141 0.0102425 951.661
52 1395   -0.00477821 0.0101968 928.687
52 1396   -0.00499279 0.010562 888.052
52 1397   -0.00423547 0.0110719 884.147
52 1398   -0.00397111 0.0108848 944.686
52 1399   -0.00408577 0.0106172 941.705
52 1400   -0.00467146 0.0106831 884.856
52 1401   -0.00441123 0.0106926 906.104
52 1402   -0.00442292 0.0109334 860.34
52 1403   -0.00481062 0.0108463 854.443
52 1406   -0.00468314 0.0109239 844.351
52 1407   -0.00455567 0.0110015 816.448
52 1446   0.00438764 -0.0102359 941.54
52 1447   0.00474687 -0.0103937 912.407
52 1448   0.00403332 -0.0105798 944.947
52 1449   0.00420092 -0.0108542 910.03
52 1452   0.00453122 -0.0109012 847.72
52 1453   0.00472285 -0.0107846 867.415
52 1469   -0.00373661 -0.007176 904.015
52 1470   -0.00269891 -0.00773463 917.075
52 1471   -0.00286472 -0.0085467 912.781
52 1472   -0.00535795 -0.00739928 891.299
52 1473   -0.0044223 -0.00814747 882.984
52 1474   -0.00452228 -0.0074596 894.721
52 1476   -0.00502405 -0.00827419 892.039
52 1477   -0.00549188 -0.00790009 893.285
52 1483   0.00415491 0.00686163 900.436
52 1484   0.00516079 0.00685589 893.187
52 1487   0.00495833 0.00809306 891.361
52 1488   0.00542616 0.00771897 892.706
52 1496   0.000777896 -0.0118885 804.878
52 1497   0.00080246 -0.011808 814.988
52 1498   0.00070325 -0.0117799 779.281
52 1499   0.000637838 -0.0119313 639.432
52 1500   0.000694926 -0.0118816 757.624
52 1501   0.000662445 -0.0118394 747.4
52 1502   0.000556573 -0.0118538 647.898
52 1503   0.000599194 -0.011915 587.638
52 1504   0.00061152 -0.0118633 686.832
52 1505   0.000491667 -0.0119624 120.697
52 1506   0.000520529 -0.0118876 538.729
52 1507   0.000463776 -0.0118919 480.94
52 1508   0.000519692 -0.011958 154.213
52 1509   0.00054691 -0.0119277 431.743
52 1568   -0.00351749 -0.0087682 892.661
52 1569   -0.00408737 -0.00858367 871.37
52 1570   0.00336318 0.00843717 901.66
52 1571   0.00391733 0.00772757 898.809
52 1572   0.00445539 0.00809593 881.895
52 1574   0.0036163 0.0088978 886.552
52 1575   0.00418618 0.00871326 860.86
52 1770   0.000775093 -0.00897116 969.386
52 1771   0.0012869 -0.00818842 966.737
52 1772   0.000597587 -0.00738958 958.575
52 1773   -0.000893677 -0.00785006 953.037
52 1774   0.000168539 -0.00857127 968.195
52 1775   3.02471e-06 -0.00777339 960.239
52 1776   -0.00116693 -0.00883154 963.914
52 1777   -0.000526128 -0.00914624 964.763
52 1891   -0.00764714 -0.00512329 862.77
52 1892   -0.00651141 -0.00316547 887.065
52 1893   -0.00810516 -0.00435029 851.405
52 1894   -0.00799073 -0.00320572 856.658
52 1895   -0.0023119 -0.00517849 915.717
52 1896   -0.00311461 -0.00398692 909.105
52 1897   -0.00377012 -0.00626644 905.123
52 1898   -0.00462748 -0.00557607 898.838
52 1899   -0.00550652 -0.00425567 893.162
52 1900   -0.00459452 -0.00444483 900.217
52 1901   -0.00577832 -0.0050246 888.72
52 1902   -0.00530064 -0.00574922 892.443
52 1903   -0.00674497 -0.00533664 874.035
52 1904   -0.00710295 -0.00600094 851.692
52 1905   -0.00571128 -0.00703107 887.465
52 1906   -0.00558229 -0.00635499 888.295
52 1907   -0.00641795 -0.00629466 865.822
52 1910   -0.00631304 -0.00715779 877.191
52 1911   -0.00678086 -0.00678369 851.43
52 1924   0.000473415 -0.0119493 105.869
52 1925   0.000450851 -0.0119234 322.571
52 1988   -0.00059309 0.0119326 562.193
52 1990   -0.000596111 0.0118613 677.549
52 1991   -0.000666759 0.0118816 747.282
52 2042   0.000280282 0.0102944 919.367
52 2043   5.94222e-05 0.00967676 957.512
52 2044   -0.0001123 0.0100346 941.692
52 2045   0.000773702 0.00975025 933.479
52 2046   0.000527524 0.0101136 925.045
52 2047   0.000376483 0.00975961 949.513
52 2049   0.000844585 0.0101964 908.655
52 2050   0.0010049 0.010012 904.272
52 2241   -0.00816435 0.000801907 880.772
52 2242   -0.00921077 0.000723462 875.807
52 2243   -0.00780349 -0.000361626 887.32
52 2244   -0.00874647 -0.00103008 884.219
52 2245   -0.00937311 -0.000479294 893.824
52 2365   0.0117856 -0.00217297 668.839
52 2368   0.0118008 -0.00215311 667.994
52 2369   0.0117903 -0.00215557 668.438
52 2393   -0.0112987 0.00190502 691.229
52 2394   -0.0113831 0.00218342 684.732
52 2395   -0.0112513 0.00212724 690.061
52 2396   -0.0115263 0.00200606 681.168
52 2397   -0.0115005 0.00210706 680.511
52 2398   -0.0116517 0.00216223 674.33
52 2399   -0.0115903 0.00219192 676.717
52 2400   -0.0116286 0.00201058 677.84
52 2401   -0.0117356 0.00209869 672.265
52 2402   -0.0116759 0.00209534 674.271
52 2403   -0.0116637 0.00205096 675.755
52 2405   -0.010725 0.00124325 744.499
52 2406   -0.0108785 0.00164603 715.246
52 2407   -0.0111805 0.00165596 701.438
52 2417   -0.0114978 0.00190788 684.421
52 2418   -0.0114149 0.00181253 689.391
52 2472   -0.011786 0.00213471 669.701
52 2475   -0.0117934 0.00214481 669.07
52 2476   -0.0118027 0.00214716 668.837
52 2477   -0.000518652 0.0119582 235.866
52 2478   -0.000502277 0.0119458 263.71
52 2479   -0.000510542 0.0119776 44.637
52 2480   -0.000496037 0.0119733 37.2476
52 2481   -0.000481736 0.0119617 95.0804
52 2482   -0.000494372 0.0119579 143.722
52 2483   -0.000485075 0.0119883 4.00309
52 2486   -0.000479952 0.0119748 23.1362
52 2487   -0.000486066 0.0119803 10.5741
52 2497   -0.0117899 0.00215555 668.737
52 2498   -0.0117776 0.00217817 669.269
52 2499   -0.011774 0.00216139 669.365
52 2501   -0.011791 0.0021792 668.779
52 2502   -0.011796 0.00216546 668.369
16 1   -0.0449779 0.00332901 964.178
16 2   -0.0451567 -0.00284997 964.189
16 3   -0.0477766 -0.0217741 909.517
16 4   -0.0411382 -0.00636213 965.599
16 5   0.00212777 -0.0237279 889.077
16 6   -0.0384815 -0.00705897 966.891
16 7   0.00485482 -0.0222702 891.884
16 8   0.00242502 0.0220828 866.517
16 9   -0.00127874 -0.0214077 943.812
16 10   0.00472344 0.0223572 806.887
16 11   -0.00202212 0.0213843 948.384
16 12   0.00645546 0.0191448 821.69
16 13   0.00555121 -0.0178632 954.553
16 14   0.00507861 0.0178722 840.887
16 15   -0.000657467 -0.0188715 951.474
16 16   0.00357817 -0.0191585 941.452
16 17   0.00278019 0.0191362 885.733
16 18   0.00682785 -0.022526 880.071
16 19   -0.00115248 0.018875 949.566
16 20   -0.00244084 -0.0173633 949.146
16 21   0.00682785 -0.0191472 936.296
16 22   0.00506888 0.0161331 825.336
16 23   0.00218639 -0.0180126 955.078
16 24   0.00519972 -0.0161029 968.606
16 25   0.00168684 0.0180244 903.039
16 26   0.000685104 -0.0179574 954.258
16 27   0.00582917 0.0148228 798.172
16 28   0.000220277 0.0179607 926.518
16 29   0.00577236 -0.0148216 962.821
16 30   -0.00196387 -0.0157583 942.817
16 31   0.00688343 0.0142436 804.58
16 32   0.00239056 -0.0161566 967.439
16 33   0.00325857 0.0156295 852.76
16 34   0.00343085 -0.0155421 969.204
16 35   0.00217494 0.0162569 894.337
16 36   0.00438425 0.0137562 760.638
16 37   0.00319051 0.014297 808.002
16 38   -0.000723383 0.0155002 956.186
16 39   0.000256479 -0.0162541 962.44
16 40   9.79497e-05 0.016273 935.056
16 41   0.00126554 -0.0154815 968.478
16 42   -0.000609126 -0.0155633 958.846
16 43   0.00113105 0.0155673 911.459
16 44   0.00425613 0.0127426 721.326
16 45   0.00341924 -0.0143303 960.361
16 46   0.0044841 -0.0138769 944.271
16 47   0.00225741 0.0137438 837.502
16 48   0.00108528 -0.0145154 968.575
16 49   0.00274806 -0.0136951 945.42
16 50   0.00104279 0.0146312 912.454
16 51   -0.000425203 0.014445 958.093
16 52   0.00217694 0.0128648 785.38
16 53   -0.00179759 0.0136504 965.55
16 54   -0.000389884 -0.0145735 964.173
16 55   0.00201261 -0.0136344 938.577
16 56   0.00147617 0.0140177 897.123
16 57   0.00146324 -0.013918 953.415
16 58   0.00263281 0.0124611 723.285
16 59   0.0033412 0.0123461 701.905
16 60   -0.000756151 -0.0139753 961.224
16 61   0.000307868 0.0142817 938.137
16 62   -0.00200194 0.0128883 948.477
16 63   0.000295465 -0.0142983 969.345
16 64   -0.000753077 0.0138376 968.128
16 65   -0.00119622 0.0135813 967.698
16 66   0.00100384 0.0129034 901.404
16 67   0.000949925 0.0134476 910.352
16 68   0.00144962 0.0125945 843.672
16 69   0.000392057 0.0136317 938.936
16 70   -0.000267209 -0.0134886 969.044
16 71   0.00025653 -0.0136732 964.877
16 72   -0.00155806 0.0125008 920.644
16 73   0.00180925 -0.0129842 900.857
16 74   6.09446e-05 0.0133278 957.965
16 75   0.000988366 -0.0134158 924.306
16 76   0.000571471 -0.0133881 935.824
16 77   -0.000351119 0.0133704 968.06
16 78   -0.00102249 0.0129825 946.389
16 79   0.00133632 -0.0128798 869.744
16 80   -0.00117997 0.012664 910.544
16 81   0.0010648 -0.0130277 876.217
16 82   0.00158538 -0.012386 862.07
16 83   0.000482714 -0.0130101 882.502
16 84   -0.000450643 0.013011 965.457
16 85   -0.00067887 0.0128794 940.799
16 86   0.00128053 -0.0125483 838.824
16 87   0.000755553 -0.0128336 838.739
16 88   0.000717247 -0.0125926 791.386
16 89   0.00103009 -0.0124457 802.852
16 90   -0.000939697 0.0124494 857.218
16 91   -0.000606164 0.0125983 877.304
16 92   0.000521494 -0.0125115 763.133
16 93   -0.000709509 0.0124867 841.885
16 94   -0.000420983 0.0125265 861.216
16 95   0.00082753 -0.0124785 780.593
16 347   0.00679599 -0.0142407 944.707
16 348   -0.0443146 -0.0225037 936.026
16 354   -0.0511394 0.0239928 840.573
16 364   -0.00730444 0.033472 888.339
16 365   -0.0100009 0.030416 923.729
16 366   -0.00880802 0.0271356 942.963
16 376   -0.00994732 -0.0304202 927.207
16 377   -0.00728708 -0.0334734 897.062
16 378   -0.0085791 -0.0271519 943.328
16 379   -0.00569445 -0.0267217 932.662
16 383   -0.0410058 0.0310455 869.613
16 384   -0.0391942 0.0336818 873.921
16 385   -0.0387154 0.0282553 927.013
16 392   -0.00408023 0.0220843 967.257
16 393   -0.00558605 0.0239625 965.466
16 398   -0.0035053 -0.0221021 960.52
16 399   -0.00494032 -0.0240066 959.701
16 400   -0.000895555 -0.0126606 957.231
16 410   -0.0473563 0.0130747 956.443
16 411   -0.0432965 0.0168169 966.338
16 436   -0.0242248 0.0325 947.5
16 437   -0.0221087 0.024722 957.378
16 438   -0.0209147 0.029722 950.021
16 439   -0.0161511 0.032222 939.618
16 440   -0.0136757 0.029166 942.263
16 441   -0.0195585 0.022222 959.395
16 446   -0.0501567 -0.0054045 962.241
16 448   -0.0489851 -0.00936265 959.99
16 449   -0.0513284 -0.0114531 954.94
16 450   -0.0435737 -0.0108716 964.922
16 451   -0.0464206 -0.0113176 960.769
16 452   -0.0421347 -0.0126887 967.046
16 453   -0.0433674 -0.0151768 965.923
16 454   -0.0396992 -0.0118418 968.487
16 455   -0.0387177 -0.013333 969.44
16 470   -0.0242272 -0.0325 948.169
16 471   -0.0314671 -0.0335257 935.033
16 472   -0.0280816 -0.0310257 947.676
16 473   -0.0323454 -0.0291026 947.794
16 474   -0.0333615 -0.0320513 930.483
16 479   -0.0050191 0.0138731 921.254
16 480   -0.00447009 0.0133229 919.5
16 483   -0.00250417 0.0125532 952.725
16 492   0.000655083 0.0126303 915.341
16 687   0.00661321 -0.0109901 819.639
16 689   0.0072044 -0.0109431 784.398
16 690   0.00705661 -0.0104951 758.406
16 691   0.0073522 -0.0103402 585.907
16 692   -0.041148 0.0249972 949.754
16 693   -0.039202 0.0261879 950.325
16 714   -0.00463377 0.0127884 894.465
16 715   -0.00712674 0.012337 839.938
16 718   -0.0058441 0.0138207 905.359
16 719   -0.00659062 0.014398 910.88
16 720   -0.00719687 0.0139166 893.707
16 721   -0.00611216 0.0133154 885.24
16 722   -0.00678855 0.0128382 860.858
16 723   -0.00685868 0.0133675 879.316
16 724   -0.00593683 0.0122546 843.388
16 725   -0.00622866 0.0126678 858.729
16 726   -0.0058554 0.0129043 872.71
16 727   -0.00510076 0.0126126 868.6
16 728   -0.00562181 0.0122986 845.529
16 729   -0.00550532 0.0126836 866.214
16 730   -0.00539417 0.0120539 830.959
16 731   -0.0423503 0.0186898 969.061
16 732   -0.0429359 0.0207049 965.613
16 733   -0.00477954 0.0192249 937.018
16 734   -0.00474231 0.0206327 935.103
16 735   -0.00250314 0.0180878 967.771
16 736   -0.00405348 0.0184417 961.672
16 737   -0.00161809 0.0159731 965.588
16 738   -0.00230794 0.0170793 967.729
16 739   -0.00325203 0.016773 968.9
16 740   -0.00218258 0.014393 968.588
16 741   -0.00214805 0.0154041 969.45
16 742   -0.00297632 0.0159294 969.068
16 743   -0.0062875 0.0168761 927.951
16 744   -0.0062875 0.0152094 925.649
16 745   -0.00689375 0.0157783 924.869
16 746   -0.00433032 0.0167092 959.061
16 747   -0.00493657 0.0173694 947.761
16 748   -0.00485624 0.0146472 938.743
16 749   -0.00477187 0.0158877 950.553
16 750   -0.00537812 0.0154063 938.783
16 751   -0.00349055 0.0154415 964.775
16 752   -0.00429218 0.0147938 949.503
16 753   -0.00420781 0.0154634 956.449
16 754   -0.00284597 0.0144521 965.24
16 755   -0.00332566 0.0149753 964.075
16 756   -0.00382417 0.0145683 954.382
16 757   -0.00382754 0.0135739 941.256
16 758   -0.00308353 0.013951 958.303
16 759   -0.00360541 0.0141393 953.032
16 760   -0.00293795 0.0128958 951.943
16 761   -0.00355304 0.0132988 943.303
16 762   -0.00305828 0.0134724 953.39
16 763   -0.00325564 0.0125678 950.454
16 764   -0.00360978 0.0128766 937.98
16 765   -0.00331238 0.0121456 959.671
16 766   -0.0423594 -0.0198111 968.713
16 767   -0.0420391 -0.0170554 969.061
16 768   -0.00949631 0.0246356 966.132
16 770   0.00456454 -0.0130987 907.975
16 771   0.0065568 -0.0116419 826.417
16 772   0.007148 -0.0123831 850.48
16 773   0.00644399 -0.0129454 883.968
16 774   0.00593741 -0.011752 827.854
16 775   0.00540262 -0.01141 805.8
16 776   0.00582459 -0.01253 859.567
16 777   0.0052334 -0.012577 860.983
16 778   0.00445943 -0.0121323 813.083
16 779   0.00502241 -0.0121484 822.576
16 780   0.00507882 -0.0117594 793.858
16 782   0.00436804 -0.0118207 764.069
16 783   0.00466363 -0.0116658 757.518
16 784   -0.0112945 -0.0229202 967.735
16 785   -0.0092673 -0.0246519 965.236
16 792   -0.0348593 0.0252936 965.925
16 801   -0.00386616 -0.0177556 952.599
16 802   -0.00670325 -0.0182911 963.711
16 849   0.002289 -0.0272377 799.638
16 850   -0.00288913 -0.0320471 825.707
16 851   -0.00266473 -0.0285637 877.211
16 853   0.0038764 -0.0335737 683.61
16 854   0.000252793 -0.0335737 725.553
16 877   -0.0505623 -0.0249868 811.83
16 882   -0.0068782 -0.0149512 902.394
16 883   -0.00608145 -0.0164872 933.64
16 884   -0.00483786 -0.0161245 924.14
16 885   -0.00627171 -0.0136191 856.242
16 886   -0.00630231 -0.0118144 786.261
16 887   -0.00689351 -0.0126746 842.498
16 889   -0.00541553 -0.011694 725.554
16 913   -0.020899 -0.0297234 950.756
16 914   -0.0220942 -0.0247234 957.475
16 915   -0.0136226 -0.0291702 943.805
16 916   -0.0161346 -0.0322234 941.64
16 917   -0.0142816 -0.0241702 961.189
16 949   -0.034618 -0.0252531 966.122
16 950   -0.0342978 -0.0277531 952.166
16 952   0.0056882 -0.0292948 698.73
16 953   0.0056882 -0.0321474 678.191
16 954   -0.0399779 0.00585374 965.863
16 957   -0.0499779 0.00577448 962.107
16 958   -0.0499779 0.0107711 957.179
16 968   0.00576798 0.0249794 742.575
16 969   0.00568829 0.032661 674.848
16 973   -0.0314877 0.0335279 934.797
16 974   -0.0281012 0.0310279 947.309
16 983   -0.00679231 0.011745 825.172
16 984   -0.00616229 0.011833 831.803
16 985   -0.00594436 0.0113811 830.549
16 987   -0.00613099 0.0110003 842.328
16 988   -0.00642658 0.0108455 838.465
16 1003   -0.0386394 0.0165039 964.903
16 1034   -0.0435953 0.0122094 965.011
16 1035   -0.0412169 0.00993224 966.415
16 1036   -0.038739 0.0116628 968.61
16 1037   -0.0398784 0.0148053 969.511
16 1038   -0.0422567 0.0146105 967.974
16 1050   -0.000612856 0.0334981 726.973
16 1051   -0.0037728 0.0319701 828.881
16 1052   0.00301057 0.0311592 694.007
16 1053   0.00309026 0.0281554 719.92
16 1054   -0.0390398 -0.0336505 876.836
16 1055   -0.0358219 -0.0321762 916.06
16 1056   -0.036065 -0.0293523 933.155
16 1057   -0.0380754 -0.0281277 933.347
16 1067   -0.0272784 -0.02125 964.188
16 1068   -0.0253857 -0.02375 960.096
16 1069   -0.0304144 -0.026827 957.526
16 1070   -0.028045 -0.0272757 955.726
16 1071   -0.0331205 -0.0241026 968.093
16 1072   -0.0308692 -0.024327 965.045
16 1073   -0.0303925 -0.0222757 967.371
16 1074   -0.0324055 -0.0210257 969.467
16 1075   -0.0337104 -0.0220513 968.448
16 1097   -0.0511394 0.0177511 925.511
16 1098   -0.0457965 0.0168169 954.505
16 1099   -0.0485178 0.0154758 947.706
16 1100   -0.0497788 0.0215425 900.256
16 1101   -0.0497788 0.0194619 916.297
16 1102   -0.0470576 0.0187225 938.51
16 1103   -0.0458234 0.0224829 920.865
16 1104   -0.0444628 0.0210729 948.875
16 1105   -0.0477379 0.021508 911.032
16 1106   -0.0463773 0.020098 934.966
16 1276   -0.0385859 -0.0212136 775.832
16 1277   -0.0393381 -0.019958 835.917
16 1278   -0.040124 -0.0220292 944.763
16 1279   -0.0408762 -0.0207737 954.341
16 1281   -0.00716557 0.011246 802.034
16 1282   -0.00686998 0.0108757 803.247
16 1284   -0.0073522 0.01034 646.459
16 1285   -0.00705661 0.0104949 770.878
16 1290   -0.0370694 0.0218351 862.677
16 1291   -0.0410331 0.0218377 962.943
16 1292   -0.0403529 0.0234407 966.931
16 1293   -0.0384069 0.0246314 967.146
16 1294   -0.0368484 0.0240449 965.864
16 1316   -0.00816818 0.0218318 893.402
16 1317   -0.00818465 0.0235514 968.435
16 1318   -0.00688123 0.0233271 964.021
16 1341   -0.00806269 -0.0218392 907.547
16 1342   -0.00646189 -0.0233558 968.61
16 1343   -0.00790421 -0.0235709 969.018
16 1347   -0.00590468 -0.0194383 932.103
16 1348   -0.00431118 -0.0192655 967.179
16 1349   -0.00430753 -0.020651 968.324
16 1350   -0.00662219 -0.0209314 831.586
16 1351   -0.00582179 -0.0216897 942.184
16 1352   -0.0072044 -0.0107399 870.871
16 1353   -0.00661321 -0.0110496 797.363
16 1358   0.0072044 0.0106818 877.567
16 1359   0.00661321 0.0109916 808.487
16 1414   0.00403323 -0.0128993 909.321
16 1415   0.0041391 -0.0123616 869.111
16 1416   0.00305185 -0.0130965 928.444
16 1417   0.00351135 -0.0129882 925.287
16 1418   0.001886 -0.0124842 887.325
16 1419   0.00205409 -0.0127509 900.447
16 1420   0.00222216 -0.0122864 907.962
16 1421   0.00267466 -0.0127841 920.693
16 1422   0.00241963 -0.0124013 915.308
16 1423   0.00236087 -0.0127049 912.371
16 1424   0.00290414 -0.0121673 931.627
16 1425   0.00281892 -0.0126053 921.808
16 1426   0.00264792 -0.0123559 922.148
16 1427   0.00336246 -0.0126304 921.783
16 1428   0.00310306 -0.0122736 929.379
16 1429   0.00304721 -0.0125598 923.956
16 1430   0.00376002 -0.0122803 905.86
16 1431   0.00333135 -0.0122281 926.787
16 1432   0.00350526 -0.0124602 918.427
16 1434   0.0034727 -0.0120666 931.32
16 1435   0.00369954 -0.0120298 933.815
16 1461   -0.0065534 0.0204176 696.994
16 1462   -0.00590993 0.0211652 864.277
16 1463   -0.0071865 0.0212336 760.395
16 1464   -0.00654302 0.0219813 898.619
16 1480   -0.0374408 -0.0214335 814.313
16 1481   -0.0360193 -0.0205128 881.123
16 1482   -0.0351911 -0.0215385 950.384
16 1545   -0.0510347 0.0337472 671.22
16 1588   -0.0164276 -0.0222234 961.264
16 1589   -0.01955 -0.0222234 959.299
16 1621   -0.0406413 0.0185173 959.962
16 1622   -0.0380697 0.0186686 914.62
16 1623   -0.0392091 0.0176725 951.693
16 1624   -0.0398778 0.0203206 901.025
16 1625   -0.0384457 0.0203091 724.276
16 1628   -0.00908798 0.020972 917.815
16 1646   -0.0386071 -0.0188318 874.672
16 1648   -0.0398248 -0.0168918 962.523
16 1649   -0.0387177 -0.01556 968.177
16 1654   -0.00689375 0.0174906 910.809
16 1655   -0.00657201 0.0197136 768.715
16 1656   -0.00596576 0.0190535 873.944
16 1657   -0.00719687 0.0190535 808.49
16 1658   -0.00659062 0.0183933 881.938
16 1668   0.00719172 0.0123806 816.41
16 1669   0.00657515 0.0129263 794.226
16 1670   0.00660052 0.0116365 799.343
16 1671   0.00509717 0.0123834 735.01
16 1672   0.00597127 0.0125637 771.962
16 1673   0.00599664 0.0118008 767.599
16 1675   0.00541814 0.0114656 737.771
16 1676   0.00482695 0.0117754 717.304
16 1677   -0.0356381 0.0210279 924.908
16 1680   -0.010945 -0.0209734 969.346
16 1681   -0.00907629 -0.0209734 938.403
16 1688   -0.0498297 -0.0286723 716.289
16 1689   -0.0503021 -0.0337715 672.537
16 1692   -0.0517674 -0.032543 674.668
16 1693   -0.0517674 -0.030086 690.959
16 1729   -0.0492249 0.026008 799.788
16 1730   -0.0434816 0.0258118 911.499
16 1731   -0.0459499 0.0245326 899.017
16 1732   -0.0491203 0.0311763 692.33
16 1733   -0.0505855 0.0286708 712.869
16 1734   -0.0461897 0.0324291 708.909
16 1735   -0.0438261 0.0297928 825.189
16 1778   -0.0399383 -0.0296021 904.297
16 1779   -0.0411459 -0.032301 843.778
16 1780   -0.0445698 -0.0336505 729.521
16 1781   -0.0467678 -0.032422 703.626
16 1782   -0.0462954 -0.0297798 749.783
16 1783   -0.0440625 -0.0255028 909.688
16 1784   -0.0439901 -0.0283377 867.422
16 1785   -0.0417897 -0.0282809 901.212
16 1786   -0.040593 -0.0232947 968.103
16 1787   -0.0422002 -0.0247034 940.087
16 1788   -0.041524 -0.0261888 928.163
16 1789   -0.038573 -0.026088 955.105
16 1790   -0.0396633 -0.0240898 967.411
16 1791   -0.0401703 -0.0254702 952.784
16 1792   -0.0362533 -0.0247502 968.74
16 1793   -0.0376899 -0.0253354 965.976
16 1794   -0.0384421 -0.0240799 968.079
16 1795   -0.0362365 -0.0230869 959.84
16 1796   -0.0374196 -0.0229819 942.017
16 1806   -0.00445268 -0.0147313 896.424
16 1807   -0.00262234 -0.0126533 860.655
16 1808   -0.0031138 -0.0132669 870.977
16 1811   -0.00342751 -0.0121367 732.926
16 1812   -0.00293652 -0.0122164 781.052
16 1861   -0.0511071 -0.0172511 928.279
16 1862   -0.0483213 -0.0182481 934.153
16 1863   -0.0499355 -0.0144533 947.11
16 1864   -0.047371 -0.0139065 955.24
16 1865   -0.0457568 -0.0159487 956.828
16 1866   -0.0053775 -0.0135653 826.764
16 1867   -0.00480207 -0.0139585 856.197
16 1868   -0.00396164 -0.0132869 818.978
16 1869   -0.00511228 -0.0121538 728.607
16 1870   -0.00510486 -0.0128054 765.414
16 1871   -0.00396096 -0.0122469 717.004
16 1872   -0.00424913 -0.0127437 753.672
16 1875   -0.00468419 -0.0117763 700.599
16 1876   -0.00438859 -0.0119312 695.504
16 1934   -0.000342484 -0.0131291 967.902
16 1935   -0.000611099 -0.0128597 967.836
16 1936   0.000256163 -0.0129223 886.281
16 1937   -0.000104261 -0.012749 921.187
16 1938   -4.48554e-05 -0.0129844 947.557
16 1939   0.000112799 -0.0126655 826.28
16 1940   0.000386642 -0.0125947 784.769
16 1941   0.000279854 -0.0127346 828.968
16 1942   0.000151342 -0.0125367 779.117
16 1943   0.000287833 -0.0125146 766.202
16 1948   -0.000447777 -0.0125803 969.398
16 1949   -0.000238568 -0.0126142 955.629
16 1966   -0.00344829 -0.014636 905.046
16 1967   -0.00255975 -0.0148787 924.304
16 1968   -0.00294982 -0.0138433 899.217
16 1969   -0.0012912 -0.0139772 947.755
16 1970   -0.00222549 -0.0138563 915.544
16 1971   -0.00189708 -0.0143157 932.064
16 1972   -0.00119928 -0.0129571 944.323
16 1973   -0.00186462 -0.0135181 921.605
16 1974   -0.0013746 -0.0135176 941.992
16 1975   -0.00217275 -0.0127262 894.231
16 1976   -0.00185906 -0.013123 915.019
16 1977   -0.00151954 -0.0127922 924.927
16 1979   -0.00203732 -0.0123623 889.392
16 1980   -0.00162912 -0.0124286 912.193
16 2081   -0.00683048 0.0276752 927.218
16 2082   -0.00557188 0.0256985 943.885
16 2083   -0.00449173 0.0294537 883.42
16 2084   -0.000105126 0.027991 805.112
16 2085   -0.00375079 0.0264756 912.958
16 2086   -0.00271546 0.0284784 869.447
16 2087   -0.001234 0.0232887 915.231
16 2088   0.000747031 0.0237896 880.774
16 2089   -0.00213097 0.0257377 903.674
16 2090   -0.000149939 0.0262386 859.439
16 2096   0.000187899 0.0130022 956.894
16 2097   0.000327541 0.0125651 942.56
16 2098   0.000409048 0.0127885 939.315
16 2099   -0.00023066 0.012852 965.391
16 2100   -4.1813e-06 0.0128857 967.64
16 2101   -0.000128951 0.0125773 932.413
16 2102   -0.000273706 0.0126486 928.829
16 2103   0.000204524 0.0126442 956.291
16 2104   9.39497e-05 0.0127511 965.581
16 2105   1.22267e-05 0.0126461 969.03
16 2108   0.000163771 0.0125326 956.4
16 2109   8.18312e-05 0.0125459 964.162
16 2177   -0.00421147 0.0125907 904.586
16 2178   -0.00384359 0.0126089 928.265
16 2179   -0.00365296 0.0122735 943.652
16 2180   -0.0038029 0.012066 943.036
16 2181   -0.00420961 0.0118758 800.264
16 2182   -0.00407538 0.0121341 877.495
16 2183   -0.00429331 0.0123235 880.705
16 2184   -0.00446152 0.0119309 804.293
16 2185   -0.00453166 0.0121976 847.077
16 2186   -0.0049168 0.0122891 846.893
16 2187   -0.00509372 0.0121154 830.112
16 2188   -0.00462631 0.0117864 785.019
16 2189   -0.00491705 0.0116694 791.067
16 2190   -0.00487336 0.0118794 805.844
16 2193   -0.00474389 0.0115376 767.246
16 2194   -0.0045961 0.0116151 760.26
16 2203   -0.0334997 0.0321328 929.454
16 2204   -0.0360933 0.0322867 914.162
16 2205   -0.0365128 0.0294965 929.529
16 2206   -0.0325271 0.0291887 946.819
16 2207   -0.0346343 0.0278705 950.649
16 2223   -0.0152176 0.0252769 957.937
16 2224   -0.01553 0.021111 963.605
16 2225   -0.0173204 0.023333 959.47
16 2226   -0.0110678 0.0238879 967.104
16 2227   -0.0131591 0.0240269 963.46
16 2228   -0.0136953 0.022083 965.968
16 2229   -0.0118721 0.020972 969.323
16 2230   -0.010676 0.021944 969.063
16 2287   -0.0273098 0.02125 964.119
16 2288   -0.0253934 0.02375 959.964
16 2289   -0.0304897 0.0268338 957.325
16 2290   -0.0280758 0.0272779 955.477
16 2291   -0.0332184 0.0241117 968.076
16 2292   -0.0304585 0.0222779 967.301
16 2293   -0.0309561 0.0243338 964.966
16 2294   -0.032472 0.0210279 969.479
16 2295   -0.0337762 0.0220559 968.675
16 2301   -0.00553979 0.0113101 826.592
16 2303   -0.00534346 0.0116355 814.633
16 2304   -0.00508669 0.011487 796.806
end
