1194
16 253   -0.0449783 0.00326169 958.557
16 254   -0.0451577 -0.00292005 958.489
16 255   -0.0411403 -0.00644395 956.613
16 256   -0.0384826 -0.00713469 953.81
16 257   0.00421828 -0.0180852 967.079
16 258   0.00572419 0.0146177 918.396
16 259   -0.00686448 -0.0147279 953.256
16 260   0.00687414 0.0141229 907.701
16 261   -0.00461362 -0.0154005 967.612
16 262   -0.00598408 -0.0137737 934.762
16 263   -0.0058214 -0.0128983 909.954
16 264   -0.00468594 -0.0142346 958.778
16 265   0.00633551 0.0128279 889.401
16 266   0.00461284 0.0136144 922.744
16 267   -0.00398647 -0.0136545 962.394
16 268   0.000106542 -0.0131329 957.18
16 269   0.00673259 0.012174 873.189
16 270   0.00543929 0.0126085 884.183
16 271   0.00486656 0.0129001 907.65
16 272   -0.00414585 -0.0129077 955.566
16 273   -0.00468264 -0.0126124 923.977
16 274   -0.00237553 -0.0127529 967.293
16 275   0.00727121 0.0119938 885.335
16 276   -0.00508713 -0.0115728 805.418
16 277   -0.00367677 -0.0125526 967.671
16 278   0.00437475 0.0124897 914.039
16 279   0.00277567 0.0124438 968.981
16 280   0.00396853 0.0124933 940.967
16 281   -0.00254518 -0.0122416 956.761
16 282   -0.003746 -0.0121636 968.339
16 283   0.00284144 0.0121274 961.537
16 284   -0.0039131 -0.0120268 963.655
16 285   -0.00406967 -0.0119749 932.876
16 286   -0.00336113 -0.0120643 932.306
16 287   -0.00353853 -0.0120355 946.963
16 291   0.00606476 -0.0165532 969.286
16 292   0.00540994 -0.0150718 961.221
16 293   0.00684518 -0.014126 935.647
16 296   -0.0511398 0.0239922 904.495
16 302   -0.0085377 -0.0271835 968.751
16 304   -0.0387366 0.0282591 966.029
16 310   -0.00655699 0.0273395 967.221
16 311   -0.00911933 0.0274368 968.788
16 312   -0.00413134 0.013848 930.422
16 313   -0.00296633 0.0138801 951.192
16 314   -0.00209383 0.0140143 958.475
16 317   -0.0328797 -0.023077 941.859
16 318   -0.00290249 0.0166212 945.734
16 325   -0.00487256 -0.0240769 952.505
16 348   -0.0432983 0.0168085 949.203
16 363   0.00643856 0.0109334 791.305
16 368   -0.00603251 -0.0116075 822.492
16 369   -0.00670179 -0.0123169 891.771
16 370   -0.00649608 -0.011056 795.701
16 376   -0.0501577 -0.00542331 960.831
16 378   -0.0489866 -0.00938533 963.855
16 379   -0.0513289 -0.0114617 967.442
16 380   -0.0435766 -0.0109092 957.541
16 381   -0.0464229 -0.0113474 963.263
16 382   -0.0421371 -0.0127166 952.192
16 383   -0.0433694 -0.0151931 953.338
16 384   -0.0397007 -0.011869 947.647
16 385   -0.0387182 -0.0133453 938.908
16 387   -0.0296791 -0.0245514 961.592
16 388   -0.0263207 -0.0225 964.51
16 389   -0.0314664 -0.0335257 968.426
16 390   -0.0280772 -0.0310257 969.577
16 391   -0.0294625 -0.028077 968.687
16 392   -0.0323429 -0.0291027 969.351
16 393   -0.0333603 -0.0320514 967.132
16 417   -0.00417906 -0.018721 944.231
16 418   -0.00431639 -0.0205519 902.028
16 419   -0.0118677 0.0230204 952.37
16 420   -0.00978609 0.0249854 955.475
16 421   -0.0220738 -0.0247272 968.061
16 422   -0.0141956 -0.0241814 964.006
16 423   -0.0163233 -0.0222272 965.244
16 424   -0.0194992 -0.0222272 967.207
16 526   0.00679057 -0.010839 829.58
16 527   -0.0411625 0.0249993 966.691
16 528   -0.039227 0.0261919 966.977
16 531   -0.042353 0.0186873 929.067
16 532   -0.0429407 0.0207032 945.754
16 534   -0.00470207 0.0131325 913.318
16 535   -0.00404209 0.0128532 932.823
16 536   -0.00248424 0.0127926 962.99
16 537   -0.00289734 0.0131919 956.446
16 538   -0.00278272 0.0122816 968.759
16 539   -0.00340238 0.0128804 954.561
16 541   0.00726352 -0.0108248 787.113
16 542   0.00410113 -0.0144525 956.142
16 545   0.00188516 -0.0179659 969.073
16 546   0.000219645 -0.0165763 969.371
16 547   0.00160415 -0.0164888 969.329
16 548   -0.000213495 -0.0150525 968.506
16 549   0.00047905 -0.0142236 964.092
16 550   0.00297473 -0.0146398 961.762
16 551   0.00146409 -0.0145725 962.821
16 552   0.00215605 -0.015314 966.875
16 553   0.00269196 -0.0139539 955.901
16 554   0.00187357 -0.0138429 954.393
16 555   0.00461777 -0.0135431 935.798
16 556   0.00402699 -0.0131555 935.644
16 557   0.00299138 -0.0135089 951.312
16 558   0.00346379 -0.0132492 947.261
16 559   0.00230388 -0.0123701 951.921
16 560   0.00265269 -0.0131979 950.63
16 561   0.00279369 -0.0126871 953.684
16 562   0.00176744 -0.0133722 947.003
16 563   0.00224714 -0.0131723 948.238
16 564   0.00199353 -0.0127255 941.504
16 565   0.00103188 -0.0128816 914.724
16 566   0.00143604 -0.013121 937.601
16 567   0.00159162 -0.0127298 930.311
16 569   0.00134741 -0.0124644 908.917
16 570   0.00102751 -0.0125163 882.351
16 571   -0.00152619 0.0134052 961.122
16 574   -0.00209067 0.0126233 962.339
16 575   -0.00179856 0.0129021 958.481
16 577   -0.00144765 0.0124964 948.777
16 578   -0.0423608 -0.0198178 924.065
16 579   -0.0420405 -0.0170646 932.118
16 580   -0.0112103 -0.0229314 946.47
16 581   -0.00922105 -0.0246835 949.184
16 583   -0.0330019 0.0230874 941.186
16 584   -0.0349049 0.025299 949.498
16 595   0.00257509 0.0187828 950.404
16 596   0.00148278 0.0176623 962.871
16 597   0.000191323 0.0175465 968.696
16 598   -0.000201869 0.0163044 969.521
16 599   -0.00138428 0.0146085 964.723
16 600   -0.0014834 0.0156047 964.582
16 601   0.00046186 0.0145049 969.495
16 602   -0.000278949 0.0143377 969.269
16 603   0.00289386 0.0157156 955.178
16 604   0.00178286 0.0165327 962.751
16 605   0.00105803 0.0150609 968.006
16 606   0.000863828 0.0159478 967.965
16 607   0.00290073 0.0148057 956.763
16 608   0.00198393 0.014736 964.637
16 609   0.00201387 0.0140517 965.986
16 610   0.00244614 0.012885 968.993
16 611   0.000885923 0.0138289 969.122
16 612   0.00151202 0.0137006 968.227
16 613   0.00154872 0.0125719 969.417
16 614   0.0018913 0.0129925 969.251
16 615   -0.000398477 0.0136062 968.6
16 616   -0.000936165 0.0132678 963.146
16 617   0.000484092 0.013499 969.523
16 618   -5.94981e-05 0.0134435 969.481
16 619   0.000610139 0.0131014 969.152
16 620   0.000925085 0.0127989 968.981
16 621   0.000708457 0.0125107 968.35
16 633   -0.000934254 -0.0127189 969.568
16 636   -0.00146776 -0.013116 969.198
16 637   -0.0018695 -0.0126803 968.508
16 638   -0.0064127 -0.023403 899.748
16 639   -0.00786219 -0.0236053 911.809
16 640   -0.00548751 -0.021088 820.333
16 641   -0.00618628 -0.0220384 817.998
16 647   -0.0115545 0.0210068 933.104
16 654   0.00386669 -0.0336347 692.107
16 702   -0.0265202 0.0225 964.416
16 703   -0.029833 0.0245582 961.511
16 705   -0.0334706 -0.0210257 914.335
16 717   -0.0399783 0.00576316 956.161
16 724   -0.0346156 -0.0252535 949.533
16 725   -0.0342954 -0.0277535 968.361
16 729   -0.0315298 0.0335291 968.306
16 730   -0.0296357 0.0280874 968.764
16 731   -0.0282019 0.0310291 969.602
16 738   -0.0499783 0.00575843 961.091
16 743   -0.0223624 0.0247568 968.136
16 744   -0.0148854 0.0242704 965.778
16 773   -0.0386398 0.0165032 895.817
16 799   -0.0435964 0.0121861 957.378
16 800   -0.0412175 0.00988886 954.783
16 801   -0.0387392 0.0116307 946.469
16 802   -0.0398789 0.0147989 930.813
16 803   -0.0422579 0.0145978 947.086
16 807   -0.0199886 0.0222568 967.376
16 808   -0.0171201 0.0222568 966.219
16 933   -0.040877 -0.0207785 863.313
16 934   -0.00817039 0.0238174 916.36
16 936   -0.00726352 0.0107489 781.353
16 937   -0.00714528 0.0103942 753.208
16 938   0.00714528 -0.0104195 754.545
16 956   0.00727121 0.0112655 883.371
16 957   0.00699366 0.0108987 866.835
16 958   -0.00432746 0.0124955 914.372
16 959   -0.0059629 0.011222 852.528
16 960   -0.00714528 0.0118525 835.709
16 961   -0.00643585 0.0109742 855.513
16 962   -0.00690881 0.0111431 825.019
16 963   -0.0058151 0.0117161 844.314
16 964   -0.00538649 0.0117324 836.077
16 965   -0.00486181 0.011799 816.528
16 966   -0.00716536 -0.0109704 873.982
16 968   0.000477041 -0.0127886 919.417
16 969   0.000685528 -0.0127548 894.104
16 974   0.00369233 -0.0122058 952.157
16 975   0.00339291 -0.0126508 950.05
16 976   0.00306151 -0.0123996 959.145
16 978   -0.00699804 -0.010528 858.544
16 979   -0.00567463 0.0218724 821.574
16 1005   -0.000600255 -0.0127731 969.492
16 1006   -0.000377589 -0.0128092 967.814
16 1008   -0.00702364 -0.0172535 957.66
16 1009   -0.00528151 -0.0180248 941.78
16 1010   -0.00543539 -0.016368 969.011
16 1011   -0.00638812 -0.0161562 968.658
16 1012   -0.0071053 -0.019012 812.639
16 1013   -0.00662894 -0.0181671 911.569
16 1014   -0.00583953 -0.0187266 889.298
16 1043   -0.0108461 -0.0209772 920.526
16 1045   -0.00836052 -0.0223418 860.202
16 1046   -0.00872105 -0.0204886 803.751
16 1047   -0.00935516 -0.0214657 873.481
16 1056   -0.0351899 -0.0215385 868.591
16 1128   -0.0406433 0.0185159 880.306
16 1129   -0.0392097 0.0176714 864.687
16 1130   -0.00399747 0.0123559 935.581
16 1131   -0.00316133 0.0123367 968.037
16 1132   -0.00336788 0.0125363 962.031
16 1133   -0.00336779 0.0120701 969.566
16 1134   -0.00367761 0.0123695 958.694
16 1135   -0.00360873 0.0121475 967.28
16 1137   -0.00371195 0.0120142 968.52
16 1138   -0.00384962 0.0119919 965.528
16 1166   -0.0358214 -0.0321764 960.954
16 1167   -0.0380749 -0.0281287 968.028
16 1168   -0.0360639 -0.0293529 967.77
16 1172   -0.0335378 0.0210291 913.051
16 1177   -0.0492275 0.026008 884.414
16 1178   -0.00267013 0.0182517 945.49
16 1179   -0.00238597 0.0209137 956.61
16 1180   -0.000618074 0.0199074 968.747
16 1181   -0.00085785 0.0184773 968.554
16 1182   -0.000701502 0.0335583 805.996
16 1183   -0.004148 0.0289328 936.337
16 1184   -0.00392661 0.0320164 907.195
16 1185   8.54747e-05 0.0276913 900.259
16 1186   -0.00194876 0.0274911 928.493
16 1187   -0.0511398 0.0177504 964.635
16 1188   -0.0457983 0.0168085 967.213
16 1189   -0.04983 -0.0286728 775.15
16 1190   -0.0503022 -0.0337715 675.97
16 1192   -0.0517674 -0.032543 678.946
16 1193   -0.0517674 -0.030086 708.463
16 1200   0.00616925 0.0112796 788.587
16 1201   0.00618573 0.0116811 824.684
16 1202   0.00555001 0.0112268 749.698
16 1203   0.00537183 0.0120257 843.786
16 1204   0.00541179 0.0115043 777.979
16 1205   0.00572119 0.0117523 807.887
16 1206   0.00508653 0.0116173 800.539
16 1207   0.00503833 0.011938 847.874
16 1208   0.00449972 0.0121703 900.344
16 1209   0.00474527 0.0120342 879.145
16 1210   0.00410283 0.0120126 912.5
16 1211   0.00433998 0.011881 894.328
16 1212   0.00429884 0.0120576 905.074
16 1214   0.00409105 0.0118637 899.263
16 1215   0.0041969 0.0118082 896.746
16 1218   0.00568335 -0.0322695 683.463
16 1219   0.00568335 -0.0295389 716.8
16 1225   -0.00472913 -0.0117604 872.354
16 1227   -0.00453575 -0.0120392 907.47
16 1228   -0.00422477 -0.0118936 915.521
16 1234   -0.0511075 -0.0172528 966.367
16 1235   -0.0499363 -0.0144619 969.484
16 1236   -0.0473727 -0.0139238 967.548
16 1237   -0.0457587 -0.0159622 966.091
16 1262   -0.0438921 -0.020997 963.81
16 1263   -0.0459611 -0.0190129 969.325
16 1386   -0.0399386 -0.029603 948.717
16 1387   -0.0417901 -0.0282822 944.904
16 1388   -0.0415245 -0.0261909 966.607
16 1389   -0.0385725 -0.0260895 963.92
16 1390   -0.0401706 -0.0254726 964.665
16 1391   -0.0362517 -0.0247511 932.933
16 1392   -0.037689 -0.025337 944.674
16 1393   -0.0384416 -0.0240822 902.527
16 1406   -0.0335355 0.0321349 966.682
16 1407   -0.0361131 0.0322883 959.17
16 1408   -0.0365418 0.0294999 966.562
16 1409   -0.0325809 0.0291932 969.387
16 1410   -0.0346811 0.0278757 968.739
16 1418   0.00367497 0.0120333 968.149
16 1419   0.00396495 0.0119883 932.243
16 1420   0.00384489 0.0121374 952.355
16 1499   -0.00612585 0.0334582 924.596
16 1500   -0.00871151 0.0334582 949.112
16 1503   0.00546728 -0.013246 913.311
16 1504   0.00638588 -0.0132096 903.551
16 1505   0.0070407 -0.0123546 861.869
16 1615   -0.0417147 0.0219435 923.733
16 1616   -0.0410408 0.0235477 936.852
16 1617   -0.0396932 0.0233363 888.063
16 1618   -0.0404103 0.0199221 835.002
16 1619   -0.0398403 0.0221304 824.889
16 1620   -0.040894 0.0213338 875.216
16 1621   -0.0387866 0.021217 665.492
16 1622   -0.0389766 0.019911 709.525
16 1638   -0.0059017 -0.0203298 781.02
16 1639   -0.00591469 -0.0195882 821.834
16 1640   -0.0067041 -0.0196626 731.442
16 1644   0.00738176 -0.0104124 669.89
16 1649   0.00744088 -0.0101478 279.445
16 1650   0.00732264 -0.0102097 491.573
16 1654   -0.00777173 -0.0209266 701.482
16 1655   -0.00695635 -0.0217015 773.596
16 1656   -0.0076811 -0.0218026 801.276
16 1657   -0.00664579 -0.0208422 677.485
16 1658   -0.00705348 -0.0204547 511.509
16 1659   -0.00517957 0.0114241 818.71
16 1660   -0.00494309 0.011548 798.591
16 1664   -0.00738176 0.0103744 652.976
16 1669   -0.00744088 0.0101351 274.591
16 1670   -0.00732264 0.0101971 487.211
16 1671   0.00531942 -0.0114986 818.483
16 1672   0.00547861 -0.0126169 880.091
16 1673   0.00567413 -0.0113127 844.244
16 1674   0.00638356 -0.0114083 840.334
16 1675   0.00639721 -0.0121132 853.667
16 1676   0.00500566 -0.0123974 867.207
16 1677   0.00479417 -0.0116625 786.285
16 1678   0.00509659 -0.0118601 821.345
16 1679   0.00424688 -0.0127396 919.887
16 1680   0.00456022 -0.0125382 891.728
16 1681   0.00398309 -0.0123882 918.262
16 1682   0.00455769 -0.0117864 788.533
16 1685   0.00441467 -0.0121248 843.646
16 1686   0.00416454 -0.0120111 836.793
16 1687   -0.0387633 -0.0216766 754.691
16 1688   -0.0384085 -0.020755 557.111
16 1689   -0.037263 -0.0209736 648.204
16 1690   -0.00697667 0.018893 771.946
16 1691   -0.00643114 0.0200685 642.824
16 1692   -0.00116712 0.0125419 937.792
16 1694   -0.000927998 0.0128102 951.576
16 1695   -0.000659034 0.0126225 934.737
16 1702   0.00736122 0.0103288 922.564
16 1703   0.00708367 0.0104743 883.181
16 1705   -0.00733268 -0.0104852 904.062
16 1706   -0.00733268 -0.0102202 928.916
16 1719   -0.00968386 0.0215102 887.126
16 1720   -0.00838138 0.0223558 854.793
16 1747   -0.00667128 0.0216107 754.915
16 1748   -0.00686008 0.0207651 547.968
16 1749   -0.00757353 0.0217719 787.476
16 1750   -0.00776233 0.0209262 674.437
16 1754   -0.0404347 -0.0163465 915.925
16 1755   -0.0393272 -0.0150131 926.792
16 1756   -0.0381091 -0.0161155 901.815
16 1757   -0.0380537 -0.0185834 790.326
16 1758   -0.0386628 -0.0171989 869.707
16 1759   -0.0397703 -0.017699 875.459
16 1760   -0.0398923 -0.0193777 818.38
16 1761   -0.0387849 -0.0197109 700.654
16 1806   -0.0517675 0.0337472 671.887
16 1812   -0.000179824 0.0125856 967.388
16 1813   -0.000199238 0.0130531 969.125
16 1814   -0.000385697 0.0125521 946.411
16 1815   -0.000436537 0.0127734 960.327
16 1816   0.000236038 0.0129645 969.077
16 1817   -2.9749e-05 0.0129717 969.638
16 1818   -6.11751e-05 0.0127254 969.021
16 1819   0.000456534 0.0126145 967.286
16 1820   0.000299061 0.0127657 967.817
16 1821   0.000110163 0.0126707 964.838
16 1824   0.000181042 0.0125335 958.733
16 1825   0.000354228 0.0125054 965.607
16 1826   -0.037482 0.0213222 685.178
16 1827   -0.0360467 0.0205146 795.582
16 1828   -0.035251 0.0215437 865.315
16 1849   -0.00414015 0.012177 915.041
16 1850   -0.00399235 0.0120461 926.913
16 1851   -0.00450339 0.0116742 786.522
16 1852   -0.00465858 0.0118013 811.38
16 1853   -0.00690881 0.0140598 887.171
16 1856   -0.00684969 0.0124241 853.953
16 1857   -0.00661321 0.0133813 880.204
16 1858   -0.0072044 0.0130715 867.193
16 1859   -0.00639151 0.0124558 859.269
16 1860   -0.00606636 0.0122095 855.372
16 1861   -0.00615504 0.0129964 876.684
16 1862   -0.00541605 0.0129669 888.114
16 1863   -0.0058151 0.0125495 867.217
16 1864   -0.00584466 0.0129507 879.526
16 1865   -0.00534215 0.0121723 853.3
16 1866   -0.00525347 0.0126354 880.495
16 1867   -0.00551951 0.012496 868.391
16 1868   -0.00513154 0.0121785 855.341
16 1869   -0.00497635 0.0120514 845.949
16 1870   -0.00502808 0.012441 875.322
16 1871   -0.00468075 0.0124147 886.369
16 1872   -0.00488397 0.0124123 877.465
16 1873   -0.00486181 0.0122156 862.567
16 1874   -0.00463272 0.0120232 844.321
16 1875   -0.0047214 0.012185 863.298
16 1876   -0.00459577 0.0122508 877.567
16 1877   -0.00434636 0.0121211 879.516
16 1878   -0.00453111 0.0120243 848.539
16 1879   -0.00448307 0.0121536 872.191
16 1880   -0.00440178 0.0118317 815.972
16 1881   -0.00433343 0.0120237 863.001
16 1882   -0.00445536 0.0119598 840.925
16 1885   -0.00408587 0.011893 854.052
16 1886   -0.00422073 0.0119265 847.686
16 1887   -0.00426507 0.0117991 810.079
16 1951   -0.0407162 -0.0219813 873.578
16 1952   -0.0395325 -0.0220853 813.676
16 1953   -0.0411853 -0.0232466 931.499
16 1954   -0.0394098 -0.0234027 884.191
16 1955   -0.0402552 -0.0240406 932.625
16 1976   -0.0381376 0.0253366 946.5
16 1977   -0.0387255 0.0239326 900.048
16 1978   -0.0365822 0.0247504 931.932
16 1979   -0.0363924 0.0230533 876.236
16 1980   -0.0375679 0.0228319 831.423
16 2027   -0.0365521 -0.0205128 755.063
16 2028   -0.0354853 -0.0205128 833.886
16 2040   -0.00555803 0.0229111 887.458
16 2041   -0.00679482 0.0241916 925.879
16 2042   -0.00584818 0.0252623 964.591
16 2053   -0.0364316 -0.0236056 894.493
16 2054   -0.0360387 -0.0225695 862.667
16 2055   -0.0376153 -0.0235015 870.903
16 2056   -0.037045 -0.0220046 791.689
16 2057   -0.0378142 -0.0224133 800.789
16 2073   -0.00245405 0.0223702 964.761
16 2074   -0.00139254 0.0237022 961.853
16 2075   -0.00259021 0.0252833 961.183
16 2076   -0.00412503 0.0234159 949.828
16 2077   -0.00408064 0.0246478 968.267
16 2162   -0.00859428 -0.0334772 950.536
16 2163   -0.00600968 -0.0334772 927.057
16 2194   0.00388606 0.0136958 943.868
16 2195   0.00338906 0.0141563 952.927
16 2196   0.00278096 0.013416 964.351
16 2197   0.00272796 0.0138747 962.079
16 2198   0.00375286 0.0127375 952.014
16 2199   0.00370266 0.0132014 949.813
16 2200   0.00325865 0.0132032 960.633
16 2201   0.00345678 0.0126242 963.795
16 2202   0.0030557 0.0126131 968.845
16 2203   0.00320387 0.0128414 965.138
16 2204   0.00339815 0.012402 968.114
16 2205   0.00321908 0.0123899 969.429
16 2206   0.00323271 0.0120845 959.981
16 2207   0.00313693 0.0121885 966.249
16 2208   0.00356587 0.0121158 969.235
16 2209   0.00346149 0.0122418 969.194
16 2210   0.0033782 0.0121257 967.762
16 2212   0.00343351 0.0120076 961.048
16 2213   0.00353165 0.0119917 967.091
16 2224   0.00481757 0.0115532 808.328
16 2225   0.00447481 0.0117328 870.768
16 2226   0.00467922 0.0117734 855.761
16 2275   -0.0497796 0.0215412 942.998
16 2276   -0.0497796 0.0194606 959.287
16 2277   -0.0470592 0.0187197 968.803
16 2278   -0.0444667 0.0210705 968.418
16 2279   -0.0477393 0.0215057 955.659
16 2280   -0.0463791 0.0200949 968.216
16 2405   -0.0380699 0.0190849 761.291
16 2406   -0.0380699 0.0182516 815.394
16 2444   -0.0405672 0.02973 941.022
16 2445   -0.0433856 0.0284772 921.733
16 2446   -0.0455215 0.0298271 866.961
16 2447   -0.0500788 0.0324621 685.745
16 2448   -0.0486137 0.0337149 688.601
16 2449   -0.048899 0.0286391 799.472
16 2450   -0.0508113 0.0299566 715.711
16 2451   -0.0445037 0.0323974 827.823
16 2452   -0.0464161 0.0337149 726.881
16 2471   0.00566967 0.0262604 812.632
16 2475   0.00417018 0.0247029 887.244
16 2476   0.00132274 0.0252331 911.372
16 2477   0.000486169 0.0234518 941.909
16 2478   0.00269082 0.0208619 936.886
16 2479   0.00119256 0.0211135 952.18
16 2480   0.00483187 0.0214988 913.443
16 2481   0.00600051 0.0229015 896.335
16 2488   0.00565351 -0.0204081 948.321
16 2561   -0.00364575 0.0194646 912.294
16 2562   -0.00474572 0.0211448 848.867
16 2563   -0.00360136 0.0206965 911.773
16 2564   -0.00531344 0.0201866 798.353
16 2565   -0.0048123 0.019297 858.574
16 2568   -0.00952725 0.0205034 857.437
16 2569   -0.00841357 0.0205034 766.831
16 2576   -0.0495939 -0.0261235 878.105
16 2577   -0.0515313 -0.0238512 904.948
16 2578   -0.0472327 -0.0244264 928.518
16 2579   -0.0477775 -0.0209015 957.95
16 2580   -0.0501388 -0.0201416 953.268
16 2588   -0.0378492 0.0336825 942.23
16 2590   -0.041909 0.0336825 891.961
16 2591   -0.0401085 0.032365 922.344
16 2633   -0.0439777 -0.0232514 967.967
16 2634   -0.0448254 -0.0262762 933.833
16 2635   -0.0455019 -0.0247922 944.258
16 2636   -0.0425392 -0.023965 967.2
16 2637   -0.042963 -0.0254773 963.32
16 2678   -0.0481688 -0.0324826 704.415
16 2679   -0.0476966 -0.029841 787.639
16 2680   -0.045971 -0.0337111 741.949
16 2681   -0.043902 -0.0323619 854.297
16 2682   -0.0453915 -0.0283994 898.268
16 2683   -0.0437947 -0.0296918 902.178
16 2688   -0.0376851 -0.0336508 944.1
16 2691   -0.0397912 -0.0323015 926.924
16 2692   -0.04175 -0.0336508 894.982
16 2700   -0.00446778 -0.0320331 916.565
16 2701   0.000482984 -0.0321907 794.207
16 2702   -0.00133367 -0.0335559 842.306
16 2703   -0.00407166 -0.0268579 958.993
16 2704   -0.00565319 -0.0287852 953.447
16 2717   -0.0150233 0.0336284 968.239
16 2718   -0.0175256 0.0308852 969.645
16 2719   -0.015138 0.0278988 969.477
16 2720   -0.0114536 0.0291002 968.503
16 2721   -0.0112555 0.0320866 963.527
16 2734   0.00399873 -0.0278138 815.23
16 2735   0.0039689 -0.0228474 925.313
16 2736   0.00581539 -0.025049 879.573
16 2737   0.000615025 -0.0291003 875.691
16 2738   -0.000937547 -0.0270154 924.414
16 2749   -0.00308893 -0.0180382 965.052
16 2750   -0.00077333 -0.0172285 969.336
16 2751   -0.00137477 -0.0184453 968.867
16 2752   -0.0036603 -0.0158468 969.596
16 2753   -0.00307891 -0.0169021 968.976
16 2754   -0.00185138 -0.0165926 969.246
16 2755   -0.00156039 -0.013936 969.307
16 2756   -0.00112396 -0.0147095 969.065
16 2757   -0.00176887 -0.0155974 969.432
16 2758   -0.00216404 -0.0143264 969.623
16 2759   -0.00231903 -0.0151806 969.627
16 2760   -0.00298293 -0.0151205 969.555
16 2761   -0.00334589 -0.0139007 968.523
16 2762   -0.00305079 -0.0144295 969.303
16 2763   -0.0026051 -0.014103 969.649
16 2764   -0.00266813 -0.0131362 969.365
16 2765   -0.00310462 -0.013488 969.376
16 2766   -0.00269578 -0.0136602 969.66
16 2767   -0.00337371 -0.0127063 969.493
16 2768   -0.00318379 -0.0130582 969.557
16 2769   -0.00297014 -0.0128697 969.314
16 2770   -0.0032583 -0.0122131 952.292
16 2771   -0.00325964 -0.0124792 967.623
16 2772   -0.00306049 -0.0125564 966.916
16 2773   -0.00309617 -0.0121958 946.69
16 2774   -0.00286556 -0.0122557 952.509
16 2775   -0.00299068 -0.0123676 959.63
16 2777   -0.00303656 -0.0120733 930.595
16 2778   -0.00290553 -0.0120946 937.803
16 2818   -0.0460964 0.0121861 963.565
16 2819   -0.0487175 0.00988728 964.213
16 2820   -0.0512392 0.0116292 967.687
16 2821   -0.0472579 0.0145978 968.073
16 2822   -0.0498789 0.0147989 969.557
16 2837   -0.0259048 0.0325 969.599
16 2840   -0.0204402 0.0322568 969.638
16 2841   -0.0226611 0.0297568 969.385
16 2842   -0.000161695 -0.0242683 948.529
16 2843   0.00136105 -0.0227863 947.38
16 2844   -0.0026617 -0.0231336 965.674
16 2845   -0.00271366 -0.0214351 958.025
16 2846   -0.000862159 -0.0200113 969.24
16 2847   0.000712542 -0.0202278 966.836
16 2859   -0.0428103 0.0251084 966.45
16 2860   -0.0441705 0.0265191 938.453
16 2861   -0.046635 0.0252379 924.458
16 2862   -0.0445947 0.0231218 966.306
16 2863   -0.046507 0.0231866 951.498
16 2881   -0.0258074 -0.0325 969.572
16 2884   -0.0224696 -0.0297272 969.327
16 2885   -0.0203017 -0.0322272 969.614
16 2891   -0.0148062 -0.027795 969.393
16 2892   -0.014939 -0.0336136 968.506
16 2893   -0.0173405 -0.0308407 969.648
16 2894   -0.0110873 -0.0320907 964.025
16 2895   -0.0111376 -0.029045 968.566
16 2901   -0.00447249 0.016609 915.291
16 2902   -0.00697667 0.016393 881.344
16 2903   -0.00638548 0.0150361 897.339
16 2904   -0.00492796 0.0149661 917.043
16 2905   -0.00540668 0.0180719 865.543
16 2906   -0.00645334 0.0177859 847.389
16 2907   0.00476762 0.0338288 680.852
16 2908   0.00658921 0.0314863 682.94
16 2909   0.00203087 0.032387 727.272
16 2910   0.00202213 0.0295036 798.044
16 2911   0.00475888 0.0286028 746.909
16 2951   0.00633136 0.0198833 917.42
16 2954   0.00669239 0.0173914 923.901
16 2955   0.00390854 0.0183574 939.328
16 2956   0.00552375 0.018821 925.864
16 2957   0.00554245 0.0160528 927.999
16 2958   0.00392723 0.0164198 943.293
52 139   -0.00262531 0.0022643 957.023
52 140   0.00117608 -0.00224629 959.177
52 141   -0.000712064 0.00112314 957.879
52 142   -0.00244026 0.00451379 963.31
52 143   -0.000775486 -0.00114302 957.652
52 144   0.00297919 -0.00107092 953.593
52 145   0.00117732 0.00229337 958.72
52 146   0.00291701 0.00120257 952.644
52 147   0.0047321 -0.00195105 948.36
52 148   0.00457955 0.00233911 943.987
52 149   0.0061413 0.00128688 929.519
52 150   -0.00395451 0.00559679 963.948
52 151   -0.000808103 -0.00538344 967.336
52 152   0.00462752 0.00437477 949.257
52 153   0.00623168 -0.00072979 935.074
52 154   -0.0056139 0.00505139 954.708
52 155   0.00433453 -0.00487705 959.953
52 156   0.00091501 0.0090601 959.915
52 157   0.00508711 -0.00357957 951.756
52 158   -0.00104178 -0.00693138 969.548
52 159   -0.000386172 -0.00807025 967.279
52 160   -0.00659357 0.00624145 952.122
52 161   0.00657445 -0.00397421 943.879
52 162   0.00673297 -0.00520479 944.878
52 163   -0.00135116 -0.00899074 953.493
52 164   -0.00149107 -0.00989706 943.901
52 165   -0.0076834 0.00592198 930.794
52 166   0.00868087 -0.00424743 930.819
52 167   -0.00814834 0.00508704 921.5
52 168   0.00759082 -0.00549904 931.403
52 169   -0.00854136 0.00701241 914.915
52 170   -0.00831526 0.00639766 914.957
52 171   0.00859148 -0.00717261 916.876
52 172   0.00944402 -0.00422964 915.708
52 173   0.00829079 -0.00500638 917.485
52 174   0.002422 0.010116 911.612
52 175   -0.0022964 -0.0101575 914.797
52 176   -0.00887537 0.0052828 902.64
52 177   -0.00277267 -0.00978202 895.47
52 178   0.00857313 -0.00772689 932.757
52 179   -0.00930827 0.006891 875.229
52 180   -0.00950349 0.00431233 915.032
52 181   0.00922197 -0.0068777 884.302
52 182   0.00367469 0.00999658 844.012
52 183   0.00867038 -0.00593133 903.073
52 184   -0.00890081 0.0059281 895.452
52 185   0.0087781 -0.00537134 903.175
52 186   0.0033512 0.0102296 851.804
52 187   -0.00929553 0.00509098 890.146
52 188   -0.00952328 0.00477645 894.971
52 189   0.00927347 -0.0064808 862.849
52 190   0.00947693 -0.00486101 890.069
52 191   0.00292608 0.0102586 879.899
52 192   -0.00934121 0.00604343 852.412
52 193   -0.00317164 -0.0101214 864.793
52 194   0.00905496 -0.00612161 884.262
52 195   -0.00355984 -0.0100859 844.596
52 196   -0.00952257 0.00639159 819.309
52 197   -0.00244096 -0.0106645 908.459
52 198   -0.00207955 -0.0112368 950.876
52 199   -0.00932305 0.00386572 939.822
52 200   0.0092011 -0.00524377 888.776
52 201   -0.00311153 -0.0105762 852.487
52 202   0.00980411 -0.00501559 851.816
52 203   -0.00230771 -0.0109863 926.401
52 204   -0.00995648 0.00503728 846.102
52 205   -0.00285712 -0.0107438 872.249
52 206   0.00944664 -0.00554353 849.319
52 207   0.00940822 -0.00586138 841.586
52 208   -0.00961448 0.0054648 832.61
52 209   0.00346123 0.0106443 824.503
52 210   -0.00340293 -0.0107804 814.017
52 211   -0.00963472 0.00577194 802.881
52 212   0.00967636 -0.00637112 788.876
52 213   -0.00992707 0.00536025 796.414
52 214   0.00973607 -0.00541511 808.972
52 215   0.00966565 -0.0060287 782.586
52 216   -0.00288133 -0.0110583 869.147
52 217   -0.00262549 -0.0111754 909.181
52 218   0.010021 -0.00500247 833.366
52 219   0.00993678 -0.00556761 755.54
52 220   -0.0101238 0.00554661 742.997
52 221   -0.00990395 0.00587396 737.769
52 222   -0.00265286 -0.0113945 927.536
52 223   -0.00307501 -0.0112037 836.93
52 224   0.00363305 0.0107867 799.681
52 225   -0.00246209 -0.0115111 952.328
52 226   0.00988658 -0.00644485 752.171
52 227   -0.0100102 0.0060612 714.108
52 228   0.009873 -0.00594647 737.545
52 229   -0.00220656 -0.0115424 960.966
52 230   -0.00287819 -0.011472 914.275
52 231   0.010129 -0.00547535 743.553
52 232   0.00996206 -0.00577692 729.252
52 233   0.00295147 0.0113467 881.547
52 234   0.0100479 -0.00608615 708.409
52 235   -0.0100804 0.00575318 718.074
52 236   0.0100508 -0.00624211 713.572
52 237   0.0101451 -0.00530973 772.065
52 238   -0.00304451 -0.0113983 856.451
52 239   -0.0102869 0.00555448 730.468
52 240   0.0101723 -0.00599308 694.842
52 241   0.0101361 -0.00583441 702.374
52 242   0.0102655 -0.00559266 715.584
52 243   0.0102713 -0.00570291 702.345
52 244   0.0102272 -0.00578828 697.19
52 245   0.00298767 0.0114956 906.415
52 246   0.0102754 -0.00602531 685.086
52 247   0.00309291 0.0114826 872.497
52 248   0.0103153 -0.00593593 681.475
52 249   -0.0103492 0.00570883 704.778
52 250   0.0103033 -0.00585757 686.285
52 251   0.00344436 0.0114914 3.52266
52 252   0.00345064 0.0114907 2.78609
52 319   0.000415083 0.0102402 959.046
52 320   -6.28829e-05 -0.0103721 960.468
52 321   -0.000978464 -0.0103223 955.423
52 322   4.48394e-05 -0.0109627 960.702
52 327   -0.0038476 0.00713095 968.784
52 328   -0.00505378 0.00779414 969.298
52 329   -0.00486695 0.00857268 968.119
52 330   -0.00408657 0.00882613 967.294
52 331   -0.00417439 0.00950219 958.899
52 332   0.000978513 0.00407048 963.205
52 333   -0.000725832 0.00514975 966.614
52 334   0.000297648 0.00801265 968.261
52 335   -0.000599751 0.00632301 969.014
52 336   0.000675259 0.00652625 969.418
52 337   -0.00123516 0.0072833 969.623
52 338   -0.000719558 0.00833551 968.617
52 339   -0.00258698 0.00764568 969.629
52 340   -0.00301277 0.00856232 969.032
52 341   -0.00225356 0.00908274 968.247
52 342   -0.00131216 0.0092183 967.54
52 343   -0.00269394 0.00983523 967.001
52 344   -0.00274367 0.0111648 969.306
52 345   -0.00385075 0.00992161 957.739
52 346   -0.00323119 0.0100601 965.775
52 347   -0.00406526 0.0103547 948.061
52 365   0.00130839 -0.0114712 949.702
52 371   -0.00611305 -0.00265976 929.792
52 372   -0.00820302 -0.00427405 902.417
52 373   -0.00493735 -0.00750663 967.465
52 374   -0.00518838 -0.00804372 968.688
52 403   -0.00338188 -0.0110246 792.816
52 404   -0.00323077 -0.0111606 800.366
52 405   -0.00329699 -0.0112949 765.196
52 407   -0.00142101 0.0100432 965.477
52 408   -0.00211918 0.0102696 966.698
52 409   -0.00218466 0.010943 967.148
52 410   -0.00100389 0.0104259 962.699
52 411   -0.000377764 0.0104582 961.698
52 412   -0.000242532 0.0109863 959.855
52 430   0.0103704 -0.00595121 675.934
52 440   -0.00313777 -0.01148 844.302
52 443   -0.0032713 -0.0113886 757.616
52 444   -0.00325336 -0.0114925 773.354
52 445   -0.00319997 -0.0114458 802.227
52 446   -0.00320256 -0.0114987 812.763
52 447   -0.00335874 -0.0114082 646.217
52 448   -0.00330978 -0.0114118 718.843
52 449   -0.003284 -0.011476 732.236
52 450   -0.00329448 -0.0114493 720.588
52 451   -0.00332331 -0.0114978 619.005
52 452   -0.0033561 -0.0114442 591.911
52 453   -0.00332638 -0.0114593 650.908
52 454   -0.00334121 -0.0114829 569.918
52 455   -0.00337575 -0.0114551 504.941
52 456   -0.0033661 -0.0114805 471.765
52 457   -0.00340003 -0.0114527 416.693
52 463   -0.010201 0.00605942 692.451
52 470   -0.00986073 0.00638357 750.544
52 471   -0.00998398 0.00623108 721.719
52 516   -0.0104603 0.00587363 759.62
52 519   -0.0104522 0.00586211 694.215
52 520   -0.0104437 0.00587508 681.188
52 523   -0.0064377 0.00717841 961.282
52 524   -0.005843 0.00772169 968.347
52 525   -0.00636782 0.00841557 969.399
52 533   -1.85999e-05 -0.0117237 965.907
52 585   -0.0081173 0.00753375 938.906
52 586   -0.00730207 0.00761866 957.322
52 588   -0.00844255 0.00795881 942.398
52 648   0.00790509 0.00414715 905.53
52 656   -0.00371694 -0.0104204 821.88
52 657   -0.00362013 -0.01066 809.205
52 699   0.002138 0.00849064 952.276
52 700   0.00259298 0.00928911 918.986
52 763   -0.00377384 -0.00819186 942.216
52 764   -0.00470672 -0.00822446 964.194
52 765   -0.00423521 -0.00827384 938.425
52 767   -0.00483223 -0.00849301 956.642
52 768   -0.00459286 -0.00867302 909.21
52 805   -0.00338556 -0.0114908 327.451
52 825   0.0103919 -0.0059046 675.582
52 827   0.0103627 -0.00572345 696.952
52 830   0.0103493 -0.00582456 686.097
52 831   0.0104085 -0.00578875 689.247
52 832   0.0103645 -0.00577579 691.097
52 833   0.0104041 -0.00582432 684.696
52 834   0.0103885 -0.00586894 679.18
52 835   0.010377 -0.00584367 682.696
52 836   0.0104209 -0.00584019 682.814
52 837   0.0104104 -0.00585898 679.71
52 840   -0.0102018 0.00585302 698.022
52 841   -0.0102161 0.00597204 691.17
52 842   -0.010317 0.00598455 680.934
52 843   -0.0103351 0.00577156 696.971
52 844   -0.0102799 0.00583004 693.022
52 845   -0.0103971 0.00581022 691.553
52 846   -0.0103832 0.00590768 677.534
52 847   -0.010327 0.00590849 682.634
52 848   -0.0103946 0.00589353 677.754
52 849   -0.0104037 0.00586081 683.466
52 854   0.0104157 -0.00591527 672.642
52 926   0.0104407 -0.00584295 683.548
52 928   -0.0034 -0.011483 276.23
52 929   -0.00340483 -0.0114703 313.647
52 930   -0.00341925 -0.0114927 52.9137
52 931   -0.00342768 -0.0114856 47.9629
52 932   -0.00342047 -0.0114744 184.325
52 939   0.00143921 -0.00392826 962.79
52 940   0.000616483 -0.00500929 966.336
52 941   0.00308357 -0.00497938 963.76
52 942   0.00283512 -0.00603797 967.253
52 943   0.00168656 -0.00608285 968.188
52 944   0.000654441 -0.00806 968.848
52 945   0.00158634 -0.00706506 969.517
52 946   0.000521831 -0.00995429 962.878
52 947   0.00176668 -0.00889882 968.44
52 948   0.000786776 -0.00898794 966.974
52 949   0.00178978 -0.00960284 966.915
52 950   0.00121369 -0.0101275 964.083
52 951   0.00323679 -0.00982438 964.706
52 952   0.00243696 -0.00989919 966.978
52 953   0.00364991 -0.0102591 960.776
52 954   0.00377382 -0.0110584 968.394
52 955   0.00410187 -0.0109867 941.593
52 980   0.0035986 -0.0091131 966.599
52 981   0.00356508 -0.0070915 968.944
52 982   0.00277567 -0.00848389 969.152
52 983   0.00272766 -0.00757807 969.611
52 984   0.00437226 -0.00905203 963.516
52 985   0.00489599 -0.00855484 968.184
52 986   0.00462091 -0.00970368 946.676
52 987   0.00439108 -0.010622 914.39
52 988   0.00426037 -0.0101994 943.164
52 990   0.00519208 -0.0104448 879.389
52 991   0.004811 -0.0106799 862.688
52 993   -0.00175812 -0.0112208 958.858
52 994   -0.00143588 -0.0115816 968.738
52 995   -0.00132911 -0.0108885 957.46
52 996   -0.00050112 -0.0110871 965.039
52 997   -0.000959486 -0.0110627 964.686
52 998   -0.00105425 -0.0114359 968.6
52 999   -0.000244774 -0.0115997 968.285
52 1000   -0.000447258 -0.0113824 967.602
52 1001   -0.000744504 -0.0115384 969.312
52 1003   -0.000417088 -0.011771 969.634
52 1004   -0.000666952 -0.0117403 969.624
52 1015   -0.00508176 0.0104226 885.994
52 1017   0.00511592 -0.00587976 961.256
52 1018   0.00602702 -0.00581286 955.157
52 1019   0.00510416 -0.00765421 968.938
52 1020   0.00459492 -0.00703562 967.796
52 1021   0.00625038 -0.00813151 969.161
52 1022   0.00622344 -0.00668668 959.408
52 1023   0.00582158 -0.00737217 966.656
52 1024   0.00809403 -0.00685592 927.039
52 1025   0.00763655 -0.00610733 932.201
52 1026   0.0082288 -0.00617466 915.459
52 1027   0.00684186 -0.00687545 954.451
52 1028   0.00766464 -0.00701081 941.503
52 1029   0.00733891 -0.00656637 942.986
52 1030   0.00671464 -0.00783962 966.051
52 1031   0.00690426 -0.00726904 957.985
52 1032   0.00743092 -0.00737073 951.886
52 1033   0.00706506 -0.00811549 966.155
52 1034   0.00741754 -0.00776713 958.167
52 1035   0.00771683 -0.00799365 957.502
52 1036   0.00814125 -0.00799664 951.061
52 1038   0.00827664 -0.00831307 956.721
52 1039   0.0080511 -0.00859157 963.95
52 1048   0.000496612 -0.0112111 954.586
52 1049   0.000917796 -0.0113806 944.39
52 1050   0.000480554 -0.0117855 903.032
52 1051   0.00027807 -0.0115682 949.549
52 1053   0.000933536 -0.0117291 922.385
52 1054   0.000714836 -0.0117769 894.604
52 1057   -0.000523308 0.0111752 954.801
52 1058   -0.000852514 0.0110565 955.665
52 1059   -0.00119786 0.0108353 960.475
52 1060   -0.00157641 0.0114925 956.148
52 1061   -0.00168046 0.0111259 962.339
52 1063   -0.000719771 0.0117524 903.912
52 1064   -0.000924733 0.0114368 942.519
52 1065   -0.00116603 0.0115821 941.531
52 1101   -0.00534074 0.00906757 959.45
52 1102   -0.00529071 0.0100091 913.996
52 1103   -0.00493668 0.00954444 947.104
52 1104   -0.00584947 0.0100058 899.341
52 1107   -0.00685906 0.00833081 968.824
52 1108   -0.00719861 0.00807717 964.537
52 1109   -0.00709817 0.00884039 968.295
52 1110   -0.00750402 0.00891846 968.129
52 1111   -0.00802414 0.00826964 957.646
52 1112   -0.00759543 0.00830309 963.119
52 1113   -0.00766174 0.00863479 964.221
52 1115   -0.00818677 0.00848217 960.571
52 1116   -0.00799414 0.00872051 965.44
52 1117   0.00546611 -0.00896467 961.061
52 1118   0.00519827 -0.00955562 941.628
52 1119   0.0054482 -0.00999174 909.288
52 1120   0.00589463 -0.00996797 899.378
52 1123   -0.0059582 -0.00433991 933.609
52 1124   -0.00750834 -0.00479105 913.639
52 1125   -0.00676007 -0.004813 922.538
52 1126   -0.00745525 -0.00603416 914.09
52 1127   -0.0077758 -0.00552813 913.753
52 1196   -0.00352366 -0.011091 765.606
52 1239   -0.00383429 -0.0098075 840.768
52 1267   0.0058803 0.00493776 936.119
52 1268   0.00706144 0.00460071 917.975
52 1270   0.00730629 0.00597071 914.147
52 1271   0.00762683 0.00546468 914.008
52 1273   -0.00544743 -0.00708313 957.186
52 1274   -0.00549845 -0.00623904 949.213
52 1275   -0.00684174 -0.00622514 916.748
52 1276   -0.00641402 -0.00574107 929.128
52 1278   -0.00617722 -0.00726021 942.035
52 1279   -0.00665596 -0.00690019 919.291
52 1312   0.00336263 0.00501154 961.424
52 1313   0.00195677 0.0047041 964.154
52 1314   0.00152743 0.00598662 968.63
52 1315   0.00249727 0.00736393 967.722
52 1316   0.00224835 0.00644318 969.232
52 1317   0.00327243 0.00611317 966.92
52 1318   0.00324111 0.00733867 968.292
52 1319   0.00380159 0.00672917 968.386
52 1396   0.00585512 0.00597026 941.046
52 1397   0.00671572 0.00613923 919.105
52 1398   0.00620016 0.00723775 941.543
52 1399   0.0066789 0.00687773 918.638
52 1411   -0.00814275 -0.000844466 909.297
52 1412   -0.00715261 -0.00203976 917.399
52 1413   -0.00806658 -0.00319194 902.091
52 1433   0.00373748 0.00778642 962.525
52 1434   0.00330851 0.00876252 910.25
52 1435   0.00415262 0.00851042 886.945
52 1436   0.00368903 0.00823092 938.516
52 1437   0.00406852 0.00888088 827.624
52 1438   0.00359632 0.00912036 868.822
52 1439   0.00370835 0.00955653 852.62
52 1441   0.00412067 0.00946526 827.064
52 1442   0.00424043 0.00916884 807.814
52 1523   -0.00492585 0.000398442 943.892
52 1524   -0.00428058 0.00164334 950.356
52 1525   -0.00662729 0.0013137 936.456
52 1526   -0.00596493 0.00383783 948.215
52 1527   -0.00651466 0.00242655 942.01
52 1528   -0.00544939 0.00269064 947.859
52 1529   -0.00782862 0.00445532 932.735
52 1530   -0.00714375 0.00317933 941.759
52 1531   -0.00691666 0.00396816 942.986
52 1532   -0.00822363 0.00327072 947.015
52 1533   -0.00860296 0.00388993 942.646
52 1556   0.0104246 -0.00587134 677.593
52 1557   0.0104432 -0.00589141 673.195
52 1558   0.0104265 -0.00589197 673.954
52 1559   0.0104415 -0.00585667 681.675
52 1560   0.0104357 -0.00586626 678.981
52 1561   0.0104472 -0.0058751 678.568
52 1570   -0.00336537 -0.0112594 748.568
52 1571   -0.00344093 -0.0111915 753.361
52 1572   -0.00349831 -0.0112581 705.912
52 1573   -0.00339306 -0.0113834 631.339
52 1574   -0.00339848 -0.0113266 698.652
52 1575   -0.00344702 -0.0113255 663.347
52 1576   -0.00342478 -0.0113942 557.404
52 1577   -0.0034738 -0.0113933 492.476
52 1578   -0.00345889 -0.0113707 576.589
52 1579   -0.00341723 -0.0114399 413.849
52 1580   -0.00342732 -0.011417 484.122
52 1581   -0.00345207 -0.0114166 437.353
52 1582   -0.00343345 -0.0114454 335.829
52 1583   -0.00345869 -0.0114452 263.018
52 1584   -0.00345099 -0.0114338 359.394
52 1585   -0.00342919 -0.011468 184.709
52 1586   -0.0034346 -0.0114567 260.635
52 1587   -0.00344746 -0.0114568 206.595
52 1588   -0.00343761 -0.0114709 115.622
52 1589   -0.00345107 -0.0114712 68.3928
52 1590   -0.00344686 -0.0114653 125.706
52 1591   -0.00343716 -0.011485 25.6762
52 1592   -0.00344527 -0.0114769 51.42
52 1593   -0.00343836 -0.0114767 75.0109
52 1594   -0.00344402 -0.011494 3.96969
52 1595   -0.00344621 -0.0114827 16.2715
52 1596   -0.0034429 -0.0114881 8.82247
52 1601   0.0104521 -0.00586066 683.126
52 1604   0.0104547 -0.00586997 684.368
52 1605   0.0104612 -0.00587409 694.743
52 1707   -0.00470761 0.0108793 840.84
52 1708   -0.00438264 0.0105065 924.496
52 1709   -0.00472147 0.0105291 892.799
52 1710   -0.00408423 0.0109568 949.602
52 1711   -0.00444276 0.0109269 872.604
52 1712   -0.0042948 0.0107864 917.018
52 1713   -0.00432674 0.0110766 882.394
52 1714   -0.00413763 0.0111179 951.873
52 1775   -0.000520857 0.0116838 918.856
52 1776   -0.000396612 0.0114868 947.283
52 1778   -0.000425074 0.011881 871.31
52 1779   -0.000298083 0.0118653 926.973
52 1787   0.00626382 -0.00870248 967.63
52 1788   0.00594235 -0.0089443 960.519
52 1789   0.00611796 -0.00968266 916.467
52 1790   0.00615373 -0.00934369 940.789
52 1792   0.00652873 -0.00972444 899.255
52 1793   0.00633819 -0.00984196 897.111
52 1829   -0.00622217 0.00885609 965.086
52 1830   -0.00588262 0.00910972 955.871
52 1831   -0.00603582 0.00943094 937.962
52 1832   -0.00603883 0.00973564 915.925
52 1834   -0.00649793 0.00973679 901.776
52 1835   -0.00630706 0.00985461 899.215
52 1909   -0.00694045 0.00912406 956.293
52 1910   -0.00655569 0.00905499 958.568
52 1911   -0.00658131 0.00952104 920.19
52 1912   -0.00638742 0.00933416 940.803
52 1915   -0.00686913 0.00949666 912.65
52 1916   -0.00706 0.00937885 929.052
52 1917   0.00453734 0.00699691 967.137
52 1918   0.00434877 0.00759379 969.254
52 1919   0.00524788 0.00677665 957.959
52 1920   0.00562973 0.00730564 956.586
52 1921   0.00534191 0.00793014 967.237
52 1922   0.00445827 0.0084141 925.978
52 1923   0.00460597 0.00794197 967.602
52 1924   0.00493702 0.00805409 969.37
52 1926   0.004909 0.00843622 963.544
52 1927   0.00466963 0.00861622 927.639
52 1995   -0.00325659 0.0105346 967.56
52 1996   -0.00317429 0.010898 969.443
52 1997   -0.00371433 0.0106057 962.252
52 1998   -0.00389512 0.0109981 965.894
52 1999   -0.00374716 0.0108577 966.024
52 2000   -0.0035169 0.0110807 969.338
52 2002   -0.00375941 0.0112005 968.87
52 2003   -0.0035703 0.0112418 967.761
52 2032   0.00663594 -0.00898097 961.56
52 2033   0.00662698 -0.0094945 919.453
52 2034   0.00647222 -0.00927305 943.152
52 2036   0.00688 -0.009486 910.777
52 2037   0.00707054 -0.00936848 928.295
52 2063   0.00716346 -0.00856835 969.13
52 2064   0.00698423 -0.00891371 966.707
52 2065   0.0071688 -0.00913854 959.148
52 2066   0.0075519 -0.00839567 965.012
52 2067   0.00775077 -0.00867716 964.158
52 2069   0.00764216 -0.00901592 967.533
52 2070   0.00745162 -0.00913344 967.317
52 2097   0.00148218 0.0114668 967.603
52 2098   0.00104419 0.0106197 957.446
52 2099   0.00180379 0.011123 956.643
52 2100   0.00204818 0.0104849 929.518
52 2101   0.00162527 0.0106071 947.76
52 2102   0.00217809 0.011117 943.214
52 2103   0.00231233 0.0107616 921.05
52 2104   0.0024845 0.0113831 944.043
52 2105   0.00273297 0.0111989 903.948
52 2106   0.00282082 0.0106521 880.104
52 2107   0.00269513 0.0109574 894.037
52 2108   0.0025809 0.0107861 901.003
52 2109   0.00318888 0.01075 841.271
52 2110   0.00289651 0.0109179 870.924
52 2111   0.0029736 0.0107288 865.313
52 2112   0.00302787 0.0109707 852.265
52 2113   0.00325744 0.0110297 812.831
52 2114   0.00318603 0.0109062 832.335
52 2115   0.00302571 0.0112053 850.962
52 2116   0.00304431 0.0110797 847.367
52 2117   0.00315425 0.0111086 825.719
52 2118   0.00324112 0.0112803 788.158
52 2119   0.00310851 0.011266 829.843
52 2120   0.0031628 0.0112022 817.472
52 2121   0.00315118 0.0114262 830.792
52 2122   0.003148 0.0113442 820.72
52 2123   0.00322564 0.011344 789.405
52 2124   0.00322644 0.0114954 802.815
52 2125   0.00320214 0.0114492 807.202
52 2126   0.00324946 0.0113989 773.961
52 2127   0.00333729 0.011426 659.649
52 2128   0.00328101 0.0114219 749.222
52 2129   0.00326649 0.0114682 762.577
52 2131   0.00330117 0.0114885 716.21
52 2132   0.00338312 0.011487 351.991
52 2133   0.0033453 0.0114695 582.88
52 2149   -0.00893579 -0.00258331 898.691
52 2150   -0.00917766 -0.00140997 901.228
52 2227   -0.00431648 -0.000789271 945.864
52 2228   -0.00501534 -0.0020509 941.158
52 2229   -0.00240199 -0.00181202 955.306
52 2230   -0.00196985 -0.0043741 963.319
52 2231   -0.0024349 -0.00298699 957.485
52 2232   -0.00376681 -0.00316032 952.116
52 2233   -0.00289452 -0.00492558 962.933
52 2234   -0.003709 -0.00416928 955.845
52 2235   -0.00480269 -0.00474002 949.126
52 2236   -0.00468899 -0.00571108 956.099
52 2237   -0.00309639 -0.00587593 966.7
52 2238   -0.00379717 -0.00609069 965.531
52 2239   -0.00364393 -0.007498 966.774
52 2240   -0.00409655 -0.00704216 969.092
52 2241   -0.00217909 -0.00710031 969.095
52 2242   -0.00281323 -0.00658938 969.425
52 2243   -0.0030614 -0.00725999 968.448
52 2244   -0.00198897 -0.00849633 952.553
52 2245   -0.00216129 -0.00774477 965.067
52 2246   -0.00269321 -0.00779707 961.703
52 2247   -0.00272291 -0.00926145 910.866
52 2248   -0.00237269 -0.00875676 938.744
52 2249   -0.0026691 -0.0083405 946.343
52 2250   -0.00306128 -0.00901457 905.16
52 2251   -0.00335737 -0.00845853 924.094
52 2252   -0.00297703 -0.00853603 931.25
52 2253   -0.00370273 -0.00941888 854.568
52 2254   -0.00336768 -0.00911103 885.529
52 2255   -0.00351556 -0.00876312 895.788
52 2256   -0.00378483 -0.00887666 868.39
52 2257   -0.00392971 -0.00922326 841.691
52 2258   -0.00432013 -0.00878468 812.954
52 2259   -0.004088 -0.00865406 871.596
52 2262   -0.00427942 -0.00907195 800.503
52 2263   -0.00419216 -0.00928792 818.717
52 2313   0.00909997 0.00082439 897.527
52 2314   0.00834657 0.00305445 899.264
52 2315   0.00781189 0.0018928 910.432
52 2340   0.0091266 -0.00035382 904.262
52 2341   0.00848061 -0.00112372 921.948
52 2342   0.0073772 -0.00148045 930.98
52 2343   0.00906856 -0.00231848 940.283
52 2344   0.00837408 -0.00333116 944.734
52 2345   0.00736497 -0.00309635 938.955
52 2595   -0.00897872 0.00250821 945.801
52 2598   -0.00874731 0.00034433 910.278
52 2599   -0.00801147 0.00130396 929.704
52 2605   0.00336918 0.0110503 793.186
52 2606   0.00356381 0.0110792 765.331
52 2607   0.00350814 0.0109747 786.778
52 2608   0.0033202 0.0112539 769.33
52 2609   0.00337291 0.0111492 778.521
52 2610   0.00347678 0.0111604 758.607
52 2611   0.00338735 0.0112889 734.799
52 2612   0.00349831 0.0112953 677.315
52 2613   0.00346789 0.0112365 734.613
52 2614   0.00337406 0.0114033 624.72
52 2615   0.00338826 0.0113474 695.312
52 2616   0.00344728 0.0113482 639.033
52 2617   0.00341284 0.0114175 502.21
52 2618   0.00346079 0.0114185 392.76
52 2619   0.00344225 0.011391 545.421
52 2620   0.00344795 0.0114639 96.1543
52 2621   0.00342215 0.0114447 378.837
52 2622   0.0034406 0.0114453 298.452
52 2623   0.00342514 0.0114833 65.5305
52 2624   0.00341393 0.0114712 251.852
52 2625   0.00343879 0.0114801 21.7891
52 2626   0.00344411 0.0114734 38.7885
52 2643   0.000589484 0.0116647 969.538
52 2644   0.000694144 0.0110195 964.46
52 2645   0.000953621 0.0113506 968.085
52 2646   7.32778e-05 0.0111837 962.834
52 2647   0.000327261 0.0111523 965.188
52 2648   0.000332754 0.0115148 968.487
52 2649   1.39023e-05 0.0114635 962.751
52 2650   0.000143641 0.011629 967.323
52 2651   -0.000175211 0.0115777 955.032
52 2652   -0.000172465 0.0117589 952.195
52 2654   8.28917e-05 0.0118181 968.504
52 2655   -4.40997e-05 0.0118339 964.428
52 2801   0.00217106 -0.0113588 966.841
52 2802   0.00228614 -0.0104071 966.846
52 2803   0.00160857 -0.0111299 960.632
52 2804   0.00155282 -0.0105909 963.475
52 2805   0.00247517 -0.0111047 968.737
52 2806   0.00264599 -0.010692 968.237
52 2807   0.00320994 -0.0106188 967.697
52 2808   0.00336716 -0.0109597 969.381
52 2810   0.00310447 -0.0112427 968.988
52 2811   0.00277642 -0.0113144 969.615
end
