713
16 1   -0.0477788 -0.0217785 713.232
16 2   -0.0398003 -0.0323018 696.656
16 3   0.00462536 -0.0233764 689.17
16 4   -0.0411399 -0.00644995 837.907
16 5   -0.0435004 -0.0296603 688.569
16 6   0.00262858 -0.0200976 703.865
16 7   -0.0497153 -0.0177533 740.27
16 8   -0.0384823 -0.00714221 849.089
16 473   -0.0443199 -0.0225103 733.165
16 474   -0.0429715 -0.0254781 712.433
16 476   -0.00661321 0.0108813 863.309
16 488   -0.010001 -0.0303973 721.968
16 489   -0.00735287 -0.0334658 702.349
16 490   -0.00835164 -0.0270389 732.777
16 491   -0.00493093 -0.0264588 711.907
16 495   -0.0473151 0.0259432 691.038
16 496   -0.0511398 0.0239922 693.701
16 497   -0.0440426 0.0244677 712.195
16 498   -0.0451468 0.0217756 730.845
16 509   -0.0073803 0.0334764 702.431
16 510   -0.0101427 0.0304291 722.467
16 511   -0.00294652 0.0306348 690.029
16 512   -0.00297501 0.0269815 699.097
16 513   -0.00621191 0.0264728 722.227
16 514   -0.00894578 0.0270788 736.744
16 515   -0.0410148 0.0310475 694.173
16 516   -0.0392028 0.0336825 696.574
16 517   -0.0387367 0.0282591 719.066
16 520   0.00570586 0.0257249 680.536
16 523   0.000226478 0.0242374 696.083
16 524   0.00389057 0.0240306 687.669
16 525   0.00384826 0.0198916 702.289
16 526   0.00568471 0.0217254 693.519
16 527   -0.00149936 0.0222537 714.115
16 528   -0.00123229 0.0184836 726.986
16 529   0.000328279 0.0202131 710.8
16 532   -0.0008698 -0.0197613 718.911
16 552   0.00474533 0.0177262 710.773
16 554   0.00658178 0.0172604 715.509
16 685   0.00450484 -0.017114 713.635
16 687   0.00650161 -0.0149651 742.392
16 688   0.00650161 -0.0169753 717.515
16 700   -0.00661321 -0.0108813 863.594
16 701   0.0072044 -0.0110019 897.351
16 702   0.00661321 -0.0110293 867.9
16 703   0.0072044 0.0110255 896.329
16 704   0.00661321 0.0110451 866.552
16 709   0.0072044 0.0105902 915.299
16 710   0.0072044 0.0103 940.625
16 712   -0.0402707 -0.0240415 785.229
16 714   -0.00400134 -0.0235488 734.336
16 715   -0.00291472 -0.0213772 739.977
16 716   -0.0072044 0.0107799 904.53
16 719   -0.00705661 0.0104406 911.482
16 720   -0.0073522 0.0102858 946.867
16 721   -0.0411625 0.0249993 737.453
16 722   -0.0392271 0.0261919 742.192
16 731   -0.0472104 0.0298595 678.613
16 732   -0.0442804 0.032365 680.391
16 740   -0.0461686 -0.0323585 675.361
16 754   0.00280175 -0.0271795 681.261
16 755   -0.00216953 -0.0284266 691.806
16 756   -0.0029421 -0.0320751 688.112
16 758   0.00385279 -0.0336093 671.433
16 759   0.000205584 -0.0336093 678.344
16 765   0.000252458 0.0321584 679.161
16 767   -0.0473572 0.0130559 790.828
16 768   -0.0432983 0.0168079 823.99
16 772   -0.0485441 -0.014963 771.437
16 773   -0.0489863 -0.00938709 803.971
16 774   -0.0513288 -0.0114624 788.437
16 775   -0.0435763 -0.0109126 828.502
16 776   -0.0464228 -0.0113498 805.336
16 777   -0.0459805 -0.0144256 793.308
16 778   -0.042137 -0.0127192 842.721
16 779   -0.04337 -0.0151946 826.863
16 780   -0.0397005 -0.0118735 859.768
16 781   -0.0387182 -0.0133483 872.754
16 782   -0.0423641 -0.0198188 827.535
16 783   -0.0420412 -0.0170656 853.958
16 803   -0.0505635 -0.0249875 689.775
16 804   -0.00552717 0.0236698 761.032
16 805   -0.00401612 0.0221948 756.451
16 810   -0.0116666 -0.0228973 814.005
16 811   -0.00902804 -0.0245389 785.527
16 815   -0.0349049 0.025299 812.289
16 829   -0.0243308 0.0325 754.266
16 830   -0.022347 0.0247264 785.642
16 831   -0.0210721 0.0297264 760.885
16 832   -0.0148409 0.0241791 787.905
16 833   -0.0162647 0.0322264 742.202
16 834   -0.0138425 0.0291791 745.093
16 836   -0.0171037 0.0222264 793.906
16 837   -0.0199725 0.0222264 792.556
16 860   -0.0118233 0.0229291 812.735
16 861   -0.00962797 0.0245788 788.107
16 865   -0.00358377 0.0186788 775.72
16 883   -0.011483 -0.0209658 847.66
16 887   -0.0115385 0.0209764 846.689
16 900   -0.00313442 -0.0130573 705.241
16 901   -0.00674919 -0.017235 872.584
16 902   -0.00390558 -0.0167496 766.987
16 963   -0.00430462 -0.0136033 733.949
16 964   -0.00473619 -0.0152187 769.581
16 965   -0.00607819 -0.015174 812.855
16 966   -0.006829 -0.014189 823.447
16 983   -0.0243324 -0.0325 754.235
16 984   -0.0315109 -0.0335258 734.03
16 985   -0.0281829 -0.0310258 754.193
16 986   -0.0365963 -0.0308276 715.759
16 987   -0.0324068 -0.0291033 753.545
16 988   -0.0334015 -0.0320516 729.16
16 1191   -0.0072044 -0.0107799 904.639
16 1198   0.00705661 -0.0105147 911.131
16 1212   0.0073522 -0.0102186 960.224
16 1213   0.0073522 -0.010501 933.46
16 1216   -0.0385979 -0.0212162 933.681
16 1217   -0.0393428 -0.0199614 929.857
16 1218   -0.040139 -0.0220341 864.827
16 1219   -0.0408839 -0.0207792 867.47
16 1232   -0.00638638 -0.0213165 896.016
16 1233   -0.00597138 -0.022958 796.647
16 1234   -0.00757737 -0.0233681 815.704
16 1235   -0.0400734 0.0190142 907.087
16 1236   -0.042353 0.0186871 841.607
16 1237   -0.0429407 0.020703 791.326
16 1300   -0.00684756 0.0214982 902.217
16 1301   -0.00824552 0.023451 819.143
16 1302   -0.00687859 0.023148 814.766
16 1320   -0.0370842 0.0218368 924.741
16 1321   -0.0393135 0.0208187 922.269
16 1322   -0.0384316 0.0246346 803.876
16 1323   -0.0368762 0.0240484 854.094
16 1324   -0.0410409 0.0218377 839.5
16 1325   -0.040367 0.0234419 801.881
16 1346   -0.00609204 0.0207607 905.69
16 1347   -0.00594792 0.0195887 905.749
16 1348   -0.00461201 0.0209354 806.178
16 1349   -0.0044679 0.0197634 817.004
16 1359   -0.0366392 -0.0224606 900.035
16 1360   -0.0374549 -0.0214348 940.257
16 1361   -0.035221 -0.0215387 903.754
16 1362   -0.0360366 -0.0205129 933.245
16 1363   0.00591042 -0.0137051 763.361
16 1364   0.00472804 -0.0131953 753.825
16 1365   0.00631762 -0.0117489 828.05
16 1366   0.00690881 -0.0125685 812.404
16 1369   0.00483964 -0.0119586 779.436
16 1370   0.00543083 -0.0116488 799.309
16 1371   -0.051035 0.0312418 671.758
16 1372   -0.051035 0.0337473 668.678
16 1375   0.000119462 0.0167119 716.718
16 1376   0.0025771 0.016276 714.922
16 1377   0.00309671 0.0126592 716.768
16 1378   0.00303384 0.0149498 719.614
16 1379   0.00451221 0.0144505 733.335
16 1380   0.00589192 0.0153109 734.06
16 1381   0.00681015 0.0145716 751.912
16 1382   0.00715507 0.01265 813.457
16 1383   0.00646522 0.0133066 779.672
16 1384   0.00656388 0.0117989 833.919
16 1385   0.00570156 0.0129099 776.426
16 1386   0.00580022 0.0119826 802.202
16 1387   0.00466678 0.0133145 748.619
16 1388   0.00417425 0.0126969 748.703
16 1391   0.00525836 0.0115385 796.55
16 1392   0.00466717 0.0118483 778.789
16 1393   -0.00501552 -0.0126829 750.024
16 1394   -0.00627771 -0.0115175 824.935
16 1395   -0.0068689 -0.0120411 848.937
16 1396   -0.0061979 -0.0133134 802.516
16 1397   -0.0068689 -0.0128744 831.177
16 1400   -0.00479973 -0.0118752 738.264
16 1401   -0.00539092 -0.0115655 766.478
16 1415   -0.0386077 -0.0188336 931.232
16 1418   -0.0398259 -0.0168983 892.584
16 1419   -0.0387182 -0.0155647 889.735
16 1420   0.00258586 -0.0154743 717.06
16 1421   0.00255744 -0.0128458 712.576
16 1422   0.00340025 -0.0138206 724.951
16 1423   -0.00248377 -0.016507 733.687
16 1424   -0.000822542 -0.0170688 721.557
16 1425   -0.0011519 -0.0129191 697.107
16 1426   -0.00197848 -0.0150631 716.857
16 1427   -0.00230991 -0.0137972 707.974
16 1428   -0.000449136 -0.0136223 702.131
16 1429   -0.000776522 -0.0147813 709.641
16 1430   0.00112821 -0.0152026 712.098
16 1431   0.000219804 -0.0156951 713.184
16 1432   0.00153034 -0.0133928 710.617
16 1433   0.000915489 -0.014096 709.156
16 1434   0.00033447 -0.0134295 704.098
16 1437   0.000619913 -0.0127798 704.19
16 1438   0.00127872 -0.0126729 709.487
16 1439   0.000827066 0.0138011 708.039
16 1440   0.00227439 0.0132711 714.531
16 1441   0.00194736 0.0142811 714.341
16 1444   0.0014835 0.0127377 710.224
16 1445   0.000824695 0.0128446 705.552
16 1458   -0.00307316 0.0128237 701.971
16 1459   -0.00164083 0.0155502 719.547
16 1460   -0.00175555 0.0130375 699.606
16 1461   -0.000764964 0.0140475 705.921
16 1462   -0.00421272 0.0132529 726.664
16 1463   -0.00496957 0.0125077 746.766
16 1464   -0.00615196 0.0127215 803.891
16 1465   -0.0062624 0.0114591 824.347
16 1466   -0.00685359 0.0119827 849.11
16 1469   -0.00478442 0.0118168 737.618
16 1470   -0.00537561 0.011507 765.433
16 1476   -0.00579089 -0.0202907 898.616
16 1477   -0.00428927 -0.0197606 803.192
16 1478   -0.00599839 -0.0186366 888.414
16 1479   -0.00449677 -0.0181065 807.939
16 1480   -0.0073522 -0.0102858 948.789
16 1481   -0.00705661 -0.0104407 911.4
16 1500   0.0056764 -0.0322187 669.844
16 1501   0.0056764 -0.0294373 672.787
16 1507   -0.048366 -0.03113 673.616
16 1508   -0.049831 -0.028673 677.603
16 1509   -0.0503025 -0.0337715 668.772
16 1512   -0.0517675 -0.032543 669.76
16 1513   -0.0517675 -0.030086 673.578
16 1526   -0.00668793 0.018668 904.648
16 1540   -0.0346708 -0.0252542 813.641
16 1541   -0.0343525 -0.0277542 760.098
16 1542   -0.0368507 -0.0280043 737.266
16 1543   -0.0383473 -0.0254003 779.73
16 1544   -0.0366648 -0.0241244 848.893
16 1551   -0.0356488 0.0210291 916.336
16 1566   0.0047733 0.0337133 670.221
16 1567   0.00479696 0.0282983 675.584
16 1568   0.00297916 0.0308717 674.536
16 1571   0.0065911 0.0324266 668.906
16 1572   0.0065911 0.0298532 671.381
16 1573   -0.0499783 0.0107574 795.185
16 1774   -0.0386398 0.0181698 916.798
16 1775   -0.0386398 0.0165031 897.097
16 1789   -0.0435964 0.0121846 828.478
16 1790   -0.0412174 0.00988611 842.926
16 1791   -0.0387391 0.0116287 863.284
16 1792   -0.0422579 0.014597 846.986
16 1793   -0.0398789 0.0147985 876.866
16 1794   -0.00896266 0.0204882 908.019
16 1795   -0.00966164 0.0214646 878.479
16 1796   -0.00786501 0.021313 920.54
16 1797   -0.00856399 0.0222894 874.275
16 1813   -0.0274466 -0.02125 824.531
16 1814   -0.025593 -0.02375 798.706
16 1815   -0.0281697 -0.0272758 777.99
16 1816   -0.0305029 -0.0268275 782.936
16 1817   -0.0331818 -0.0241033 839.034
16 1818   -0.03048 -0.0222758 843.016
16 1819   -0.0309597 -0.0243275 819.632
16 1820   -0.0324623 -0.0210258 876.069
16 1821   -0.0337576 -0.0220516 882.422
16 1830   -0.0315307 0.0335291 733.918
16 1831   -0.0282025 0.0310291 754.197
16 1832   -0.0348248 0.0322116 720.205
16 1833   -0.0333926 0.027799 764.885
16 1834   -0.0352533 0.0294232 733.507
16 1896   -0.00958329 -0.0214487 879.637
16 1897   -0.00893561 -0.0204829 908.389
16 1898   -0.00831621 -0.0222094 880.574
16 1899   -0.00766853 -0.0212436 923.856
16 1949   -0.0274462 0.02125 824.342
16 1950   -0.0255925 0.02375 798.65
16 1951   -0.0281893 0.0272791 778.095
16 1952   -0.0305627 0.0268374 782.82
16 1953   -0.0332617 0.0241165 839.198
16 1954   -0.0310195 0.0243374 819.744
16 1955   -0.0304998 0.0222791 842.881
16 1956   -0.0324822 0.0210291 875.89
16 1957   -0.0337976 0.0220583 882.129
16 1986   -0.00395613 0.017327 777.013
16 1987   -0.00336494 0.0159701 744.227
16 1988   -0.00694617 0.0160781 849.39
16 1989   -0.00624454 0.0147337 811.284
16 1990   -0.0061341 0.0172461 855.705
16 1991   -0.00502643 0.0169024 808.688
16 1992   -0.00484128 0.0145448 763.029
16 1993   -0.00443524 0.0155455 765.611
16 1994   -0.00679837 0.0132389 825.896
16 1995   -0.00679837 0.0140722 822.729
16 2005   -0.0210223 -0.0297158 760.841
16 2006   -0.0146843 -0.0241473 788.395
16 2007   -0.0170484 -0.0222158 793.995
16 2008   -0.0199203 -0.0222158 792.564
16 2009   -0.0222962 -0.0247158 785.636
16 2010   -0.0162213 -0.0322158 742.128
16 2011   -0.0136951 -0.0291473 744.821
16 2045   -0.0426576 -0.00292473 831.991
16 2046   -0.0424783 0.0057574 833.928
16 2047   -0.04 0.0025 838.845
16 2048   -0.05 0.0025 820.058
16 2049   -0.0474783 0.0057574 817.177
16 2050   -0.0476576 -0.00542473 817.273
16 2051   -0.05 -0.0025 820.08
16 2149   -0.0511398 0.0177504 734.437
16 2150   -0.0457983 0.0168079 777.005
16 2151   -0.0485187 0.0154683 767.246
16 2152   -0.0497796 0.0205008 714.465
16 2153   -0.0470591 0.0197598 734.271
52 259   0.00271902 -0.00109041 696.15
52 260   0.0027169 0.00108521 696.151
52 261   0.00287591 -0.00517654 700.172
52 262   0.00286377 0.00515754 700.147
52 263   -0.00765622 0.000949111 690.989
52 264   -0.00765594 -0.000949111 690.989
52 265   0.00498675 -0.00196091 693.921
52 266   0.0049839 0.00195321 693.921
52 267   0.00646487 -0.000871496 691.403
52 268   0.00646413 0.000866995 691.403
52 269   0.00799742 0.00177007 689.136
52 270   0.00798958 -0.00177359 689.154
52 271   -0.00909624 -0.00198128 689.207
52 272   -0.00909658 0.00198131 689.211
52 273   0.00796712 -0.00342057 689.643
52 274   0.00797038 0.00340694 689.632
52 275   0.00538004 -0.0035159 694.219
52 276   -0.0104195 -0.00169424 687.768
52 277   -0.0104196 0.00169426 687.788
52 278   0.00536609 0.00349153 694.227
52 279   0.00467378 -0.00470901 696.924
52 280   0.00465151 0.00467379 696.922
52 281   -0.0110829 -0.000662064 685.805
52 282   -0.0110829 0.000662071 685.805
52 283   0.0068357 -0.00407347 691.711
52 284   0.00681929 0.0040422 691.722
52 285   0.00905834 0.0040952 688.351
52 286   -0.00889113 -0.00351471 689.809
52 287   -0.00889182 0.00351476 689.807
52 288   -0.00799084 -0.00418179 691.063
52 289   -0.00799283 0.00418187 691.058
52 290   0.010091 -0.0037765 685.607
52 291   0.00898892 -0.00409703 688.464
52 292   0.010165 0.00378518 685.381
52 293   -0.00988451 -0.00428151 688.809
52 294   -0.00988492 0.00428154 688.799
52 295   0.00687966 -0.0052803 691.696
52 296   0.00562309 0.00557752 696.003
52 297   -0.0109983 -0.00301838 687.156
52 298   -0.0109984 0.00301839 687.176
52 299   0.00680516 0.00516423 691.973
52 300   0.010439 -0.00479492 686.945
52 301   -0.0106684 -0.00407222 685.745
52 302   -0.0106685 0.00407223 685.726
52 303   0.00743803 0.0057983 689.746
52 304   0.00755691 -0.00590984 689.309
52 305   0.00906891 0.00511132 689.443
52 306   0.00697585 0.00666162 688.465
52 307   0.00900025 -0.0051131 689.484
52 308   -0.00969964 -0.00516269 691.038
52 309   -0.00970027 0.00516273 691.026
52 310   -0.00827445 -0.0051191 690.85
52 311   -0.00827722 0.00511922 690.843
52 312   -0.00793459 -0.00576088 690.258
52 313   -0.0079409 0.00576103 690.253
52 314   0.00813493 0.00589109 689.023
52 315   0.00737438 -0.00676266 686.508
52 316   0.00866373 0.00563788 689.897
52 317   0.00866848 -0.00565089 689.903
52 318   0.00820298 -0.00591725 689.045
52 319   0.0097721 -0.00538694 690.134
52 320   0.00693797 -0.00707762 685.161
52 321   0.00984532 0.00539566 690.154
52 322   -0.0079173 -0.0071752 684.355
52 323   0.0103492 0.00508308 688.371
52 324   -0.00898987 -0.0053332 691.288
52 325   -0.00899156 0.0053333 691.28
52 326   -0.00794219 0.00717526 684.395
52 327   -0.0100597 -0.00571811 693.221
52 328   -0.01006 0.00571813 693.207
52 329   0.0106794 0.00448872 685.12
52 330   -0.00847423 -0.00617524 690.326
52 331   -0.00848011 0.00617539 690.335
52 332   0.00986621 -0.00598978 692.931
52 333   0.00987402 0.00598978 692.908
52 334   0.00785384 -0.00718504 683.865
52 335   -0.00839262 -0.00698229 686.883
52 336   -0.00840084 0.00698241 686.905
52 337   -0.00897531 -0.00591339 692.033
52 338   -0.00897758 0.00591351 692.028
52 339   -0.00855755 -0.0065959 689.753
52 340   -0.00856366 0.00659607 689.772
52 341   0.00812921 0.00696941 685.223
52 342   0.00828783 0.00655194 687.581
52 343   0.00951698 -0.00621555 693.349
52 344   0.00952476 0.00621537 693.338
52 345   0.00819471 -0.00698445 685.232
52 346   0.00909088 0.00614781 691.143
52 347   0.00836132 -0.00656948 687.662
52 348   0.00909109 -0.0061505 691.174
52 349   -0.00966543 -0.00613754 695.283
52 350   -0.00966591 0.00613758 695.268
52 351   -0.00929078 -0.00616231 693.86
52 352   -0.00929219 0.0061624 693.852
52 353   0.00870545 0.00668558 688.864
52 354   0.0089797 0.00653466 691.103
52 355   0.00898921 -0.00653766 691.185
52 356   0.00872494 -0.00669029 688.968
52 357   -0.00975183 -0.00651597 698.655
52 358   -0.00975203 0.00651599 698.637
52 359   -0.0087371 -0.00724279 687.256
52 360   -0.00899092 -0.00668298 693.207
52 361   -0.00899348 0.00668315 693.216
52 362   -0.00874192 0.00724301 687.274
52 363   0.0095721 0.00656503 695.749
52 364   0.00957225 -0.00656524 695.787
52 365   0.00843548 0.00722083 684.224
52 366   0.00844663 -0.00722288 684.246
52 367   -0.00922307 -0.00651124 694.981
52 368   -0.00922453 0.00651135 694.976
52 369   0.00871518 0.00702636 687.357
52 370   -0.00948524 -0.00668941 698.853
52 371   -0.00948578 0.00668947 698.837
52 372   0.00925929 0.00672048 694.204
52 373   0.00926094 -0.006721 694.258
52 374   0.00872782 -0.00702872 687.455
52 375   0.00928211 0.0069425 696.135
52 376   0.00928395 -0.00694297 696.211
52 377   -0.00945116 -0.006915 701.647
52 378   -0.00945158 0.00691514 701.632
52 379   0.00889237 0.00716399 688.107
52 380   0.00889531 -0.0071646 688.162
52 381   -0.00906277 -0.00692713 694.436
52 382   -0.00906473 0.00692736 694.449
52 383   -0.00897388 -0.00710054 692.496
52 384   -0.008976 0.00710088 692.514
52 385   0.00972771 0.00668802 698.041
52 386   0.00972783 -0.00668805 698.088
52 387   0.00846805 0.0074233 682.556
52 388   0.00846918 -0.00742347 682.552
52 389   -0.00876786 -0.0074357 685.154
52 390   -0.00877172 0.00743585 685.153
52 391   0.00906655 -0.00715498 691.858
52 392   0.00906415 0.00715398 691.78
52 393   0.00960837 0.00690283 700.306
52 394   0.00960848 -0.00690286 700.399
52 395   0.00918403 0.00708745 695.389
52 396   0.00918635 -0.00708845 695.485
52 397   -0.00954228 -0.00705815 706.507
52 398   -0.00954236 0.00705825 706.484
52 399   -0.00926083 -0.00698098 699.126
52 400   -0.00926158 0.00698123 699.12
52 401   0.00947558 0.00700187 700.759
52 402   0.00947592 -0.00700203 700.831
52 403   0.00869632 0.0074233 682.984
52 404   0.00869746 -0.00742347 683.003
52 405   0.00884095 0.00735845 685.056
52 406   0.00884239 -0.00735876 685.077
52 407   -0.00912724 -0.0072113 696.713
52 408   -0.00912815 0.00721186 696.714
52 409   -0.00899935 -0.0074357 688.551
52 410   -0.00899951 0.00743585 688.534
52 411   -0.00926153 0.00713703 701.461
52 412   -0.00926104 -0.00713653 701.462
52 413   0.00947692 0.0071589 705.177
52 414   0.00947715 -0.00715903 705.203
52 415   0.00896902 0.00743515 685.356
52 416   0.00896932 -0.00743529 685.369
52 417   -0.00915435 0.00732071 697.951
52 418   -0.00915422 -0.00731955 697.999
52 419   -0.00911251 -0.00740171 694.165
52 420   -0.0091119 0.00740257 694.036
52 421   0.00929849 -0.00721254 701.144
52 422   0.00929716 0.00721129 700.999
52 423   0.00911315 -0.00731417 692.289
52 424   0.00911173 0.00731291 692.209
52 425   0.00939659 0.00722337 706.079
52 426   -0.00934429 0.00720118 707.005
52 427   -0.00934409 -0.00720058 707
52 428   0.00939732 -0.00722406 706.147
52 429   0.00906884 -0.00740033 688.797
52 430   0.00906802 0.00739962 688.756
52 431   -0.00943513 0.00718848 710.114
52 432   -0.009435 -0.00718818 710.135
52 433   0.00921825 -0.00735235 698.562
52 434   0.00921455 0.00734824 698.152
52 435   0.0092838 -0.00731725 703.992
52 436   0.0092801 0.00731314 703.441
52 437   -0.00945022 -0.00728861 719.628
52 438   -0.00945023 0.00728888 719.592
52 439   0.00914489 0.00746447 690.159
52 440   0.00914541 -0.00746504 690.203
52 441   -0.00921452 -0.00746601 700.24
52 442   -0.00927242 0.00734233 708.706
52 443   0.00942024 0.00732078 715.004
52 444   -0.0092726 -0.00734057 708.657
52 445   0.00942075 -0.00732134 715.142
52 446   -0.00932898 0.00729763 712.024
52 447   -0.0092092 0.00746672 699.359
52 448   -0.00932867 -0.00729637 711.911
52 449   0.00922473 0.00743495 698.18
52 450   0.00935693 0.00736588 717.283
52 451   0.00922783 -0.0074385 698.62
52 452   0.00936003 -0.00736944 718.737
52 453   -0.00938859 -0.00733989 724.816
52 454   -0.00938879 0.00734092 724.983
52 455   -0.00929834 0.00740939 718.875
52 456   0.00927984 0.00747048 705.81
52 457   -0.00929689 -0.00740464 717.616
52 458   0.00928243 -0.00747347 706.407
52 459   -0.00927757 0.00745191 714.514
52 460   -0.00928053 -0.00744792 715.264
52 461   0.00937188 -0.00742676 740.428
52 462   0.00936453 -0.00749808 936.2
52 463   0.00936132 -0.00750385 788.398
52 500   -0.00178755 0.00602166 702.102
52 501   -0.00324107 0.00640226 703.084
52 661   -0.00931134 0.00748519 729.68
52 662   -0.00931598 -0.00748191 733.023
52 743   0.00233231 -0.00665747 703.537
52 744   0.00244006 -0.00891428 706.267
52 745   0.0023218 0.00664133 703.501
52 746   0.00243957 0.00891355 706.283
52 747   -0.0017854 -0.00602395 702.097
52 748   -0.00323778 -0.00640343 703.079
52 760   0.00623499 0.00676472 696.182
52 761   0.0055151 0.00631468 698.415
52 763   0.00599786 0.00742949 705.338
52 764   0.00548472 0.00773852 712.174
52 770   0.00548924 -0.00774548 712.235
52 813   0.00777354 0.00717189 683.916
52 814   0.0072547 0.00717189 682.66
52 917   0.0107558 -0.00289258 685.391
52 918   0.0105808 -0.000663526 684.675
52 919   0.00967617 -0.00156613 686.715
52 925   0.0107643 0.00289254 685.383
52 926   0.00968474 0.00156569 686.705
52 927   0.0105808 0.000663124 684.674
52 1021   -0.00123205 0.00446249 699.911
52 1022   0.00142766 0.00411821 699.368
52 1023   0.00119504 0.00209635 697.7
52 1024   -0.00077546 0.00172533 697.769
52 1025   -0.00215388 0.00315591 698.124
52 1026   -0.00613171 0.00166424 693.154
52 1027   -0.00432421 0.00143012 695.339
52 1028   -0.00387381 0.00286041 696.57
52 1029   -0.00700703 0.00383812 692.345
52 1030   -0.00624046 0.00285396 693.307
52 1031   -0.00512217 0.00333512 695.247
52 1032   -0.00638461 0.0044538 693.485
52 1033   -0.00539285 0.00418478 695.375
52 1034   -0.00500288 0.00497856 697.053
52 1035   -0.00434948 0.00581593 700.42
52 1036   -0.00468521 0.00670464 703.196
52 1037   -0.00476174 0.00753019 709.15
52 1038   -0.00542155 0.00778253 711.667
52 1039   -0.00586098 0.00699804 699.898
52 1040   -0.00573907 0.00741803 705.468
52 1042   -0.00603391 0.00767629 708.894
52 1043   -0.00629048 0.00752178 703.891
52 1070   -0.00939713 0.0074185 753.797
52 1071   -0.00938009 0.00739042 737.546
52 1072   -0.0093462 0.00741419 740.675
52 1073   -0.0093735 0.00744246 772.17
52 1074   -0.00935299 0.00744209 760.656
52 1075   -0.00933271 0.00747788 757.587
52 1076   -0.00934507 0.00746326 772.4
52 1077   -0.00937993 -0.00738909 737.096
52 1078   -0.0093973 -0.00741766 753.265
52 1079   -0.00934431 -0.00740963 737.453
52 1080   -0.0093505 -0.00743651 754.062
52 1081   -0.00937286 -0.00743989 768.889
52 1082   -0.00934327 -0.00745731 764.778
52 1083   -0.0093338 -0.00747371 759.04
52 1084   -0.00934204 -0.0074918 777.906
52 1095   0.00936661 0.00749434 952.818
52 1096   0.0093622 0.00750227 853.737
52 1100   0.00931973 -0.0074602 728.634
52 1101   0.00933726 -0.00748673 748.604
52 1102   0.00935444 -0.00748407 868.407
52 1103   0.00936326 -0.00747133 798.692
52 1104   0.00934252 -0.00744745 748.07
52 1111   -0.0093382 0.00749269 768.071
52 1128   0.00936867 0.00745932 774.326
52 1129   0.00931915 0.00745132 726.446
52 1130   0.00935373 0.00741736 729.693
52 1131   0.00938266 0.00743414 748.918
52 1132   0.00936426 0.00746725 789.873
52 1133   0.00935765 0.00747603 841.804
52 1134   0.00933927 0.00748085 752.04
52 1136   -0.00937776 -0.00746101 795.291
52 1138   -0.00937151 -0.00748304 858.966
52 1139   -0.00936791 -0.00746768 809.439
52 1140   -0.00935578 -0.00746736 794.975
52 1141   -0.00935071 -0.00748778 814.153
52 1142   -0.00935497 -0.00747974 819.224
52 1143   -0.00936332 -0.0074869 870.305
52 1144   -0.00936673 -0.00749896 941.41
52 1145   -0.00936232 -0.00749494 897.05
52 1146   -0.00935578 -0.00749598 847.99
52 1238   -0.00109548 -0.00912957 706.18
52 1241   -0.00263489 -0.00781735 706.377
52 1242   -0.00261013 -0.00918803 706.627
52 1243   -0.00193784 -0.00864053 705.516
52 1244   -0.00421037 -0.00797182 713.322
52 1245   -0.00325329 -0.00872262 712.721
52 1246   -0.00336108 -0.00800709 709.504
52 1248   -0.003846 -0.00884187 727.914
52 1249   -0.00435914 -0.00853284 721.646
52 1250   -0.00109596 0.00912883 706.197
52 1253   -0.00263774 0.0078159 706.394
52 1254   -0.00193857 0.00863943 705.534
52 1255   -0.00261038 0.00918767 706.65
52 1256   -0.00421354 0.0079713 713.388
52 1257   -0.00336449 0.0080062 709.535
52 1258   -0.00325459 0.00872208 712.767
52 1260   -0.0043602 0.00853267 721.695
52 1261   -0.00384706 0.00884169 727.979
52 1264   0.00303204 0.00837727 710.325
52 1265   0.00333843 0.00730918 706.27
52 1266   0.00471822 0.00777342 711.895
52 1267   0.00451147 0.00701435 705.287
52 1269   0.00430846 0.00846198 721.032
52 1270   0.00379532 0.008771 726.663
52 1271   0.00334821 -0.00732422 706.321
52 1272   0.00303277 -0.00837837 710.309
52 1273   0.00452528 -0.00703562 705.365
52 1274   0.00472299 -0.00778075 711.975
52 1276   0.00379556 -0.00877137 726.635
52 1277   0.0043087 -0.00846234 721.01
52 1280   0.000921401 -0.00716412 703.999
52 1281   -0.00025711 -0.00716412 704.038
52 1282   -0.000423184 -0.00847442 706.658
52 1283   0.000419181 -0.00880199 707.5
52 1284   0.00109147 -0.0080392 705.216
52 1285   0.00159769 -0.00869435 705.101
52 1288   0.00122003 -0.00940332 704.575
52 1289   0.000630772 -0.00951096 710.193
52 1290   -0.000424159 0.00847295 706.67
52 1291   0.000919451 0.00716118 704.006
52 1292   -0.00025906 0.00716118 704.046
52 1293   0.00041845 0.00880089 707.515
52 1294   0.00159696 0.00869325 705.116
52 1295   0.00109026 0.00803736 705.226
52 1298   0.000630529 0.00951059 710.216
52 1299   0.00121978 0.00940295 704.593
52 1583   0.00611477 -0.00555184 694.093
52 1584   0.00524997 -0.00626457 699.528
52 1585   0.00536455 -0.00553812 696.927
52 1586   0.00649573 -0.0067574 693.102
52 1587   0.00580279 -0.00638045 697.33
52 1588   0.00619759 -0.00617612 694.31
52 1589   0.00582467 -0.00732743 704.823
52 1590   0.00627864 -0.00707076 697.762
52 1591   0.00592321 -0.0068527 699.028
52 1593   0.00630838 -0.00746823 703.203
52 1594   0.00605181 -0.00762274 709.167
52 1635   -0.0012299 -0.00446508 699.909
52 1636   0.00119765 -0.00210157 697.699
52 1637   0.00143124 -0.00412431 699.369
52 1638   -0.00215236 -0.00315738 698.124
52 1639   -0.000774628 -0.0017273 697.768
52 1640   -0.00340945 -3.53637e-07 696.004
52 1641   -0.00158064 -6.38061e-07 697.161
52 1642   -0.00613109 -0.00166431 693.154
52 1643   -0.00387243 -0.0028609 696.57
52 1644   -0.00432352 -0.00143054 695.339
52 1645   -0.0070049 -0.0038381 692.349
52 1646   -0.00512065 -0.00333531 695.248
52 1647   -0.00623935 -0.00285404 693.308
52 1648   -0.00539065 -0.00418493 695.377
52 1649   -0.00638174 -0.00445381 693.49
52 1650   -0.00434511 -0.00581656 700.425
52 1651   -0.0049996 -0.00497886 697.062
52 1652   -0.00465431 -0.00753004 709.305
52 1653   -0.00457621 -0.00670469 703.481
52 1654   -0.00535629 -0.00653666 699.963
52 1655   -0.00531622 -0.00778204 711.94
52 1656   -0.00569096 -0.00720751 703.242
52 1657   -0.00621941 -0.007389 701.569
52 1732   -0.00638073 -0.00516373 693.622
52 1733   -0.00568354 -0.00611781 696.908
52 1734   -0.00555794 -0.00544814 696.313
52 1735   -0.00733838 -0.00584134 690.466
52 1736   -0.00632135 -0.00610102 693.824
52 1737   -0.0066913 -0.00556578 692.668
52 1738   -0.00667123 -0.0064348 691.402
52 1739   -0.00745971 -0.00690864 685.698
52 1740   -0.00725551 -0.00637552 689.028
52 1741   -0.00655032 -0.00710121 691.21
52 1742   -0.00669899 -0.00683465 689.877
52 1743   -0.00708817 -0.00710016 684.759
52 1746   -0.00681411 -0.00736672 680.829
52 1747   -0.00706488 -0.00736672 681.801
52 1835   -0.0063855 0.00516375 693.61
52 1836   -0.00556292 0.00544793 696.305
52 1837   -0.00585778 0.00645318 697.233
52 1838   -0.00540277 0.00620214 698.601
52 1839   -0.00734618 0.00584148 690.446
52 1840   -0.00633003 0.0061011 693.775
52 1841   -0.0066976 0.00556588 692.645
52 1842   -0.00749183 0.00690872 685.685
52 1843   -0.00727221 0.00637563 688.981
52 1844   -0.00668778 0.0064349 691.266
52 1845   -0.00712153 0.00710019 684.708
52 1846   -0.00671812 0.00683471 689.648
52 1847   -0.00649823 0.00731125 694.07
52 1848   -0.00636357 0.00704577 694.362
52 1850   -0.00709697 0.00736673 681.918
52 1851   -0.00682822 0.00736673 681.083
52 2178   -0.00937831 0.0074632 799.152
52 2181   -0.00937106 0.00748369 860.354
52 2182   -0.00935551 0.00747054 798.968
52 2183   -0.00936823 0.00747011 814.807
52 2184   -0.00936223 0.00748767 870.268
52 2185   -0.00934827 0.00748893 804.397
52 2186   -0.00935322 0.0074814 816.561
52 2200   -0.00935348 0.00749624 831.904
52 2202   -0.00936108 0.0074952 889.515
52 2203   -0.0093662 0.00749896 937.622
end
