973
16 1   -0.0449779 0.00332872 969.543
16 2   -0.0451567 -0.00285028 969.54
16 3   -0.0477766 -0.0217741 932.977
16 4   -0.0411382 -0.00636251 969.263
16 5   0.00234778 -0.0239951 909.206
16 6   -0.0434939 -0.0296588 882.353
16 7   0.0056986 -0.0221392 913.121
16 8   -0.0384815 -0.00705937 968.738
16 9   -0.000982314 -0.0215195 961.638
16 10   -0.00123928 0.021339 960.751
16 11   -0.00026367 -0.0188036 966.126
16 12   -0.000626248 0.0187851 963.637
16 13   0.00684805 0.0219864 858.634
16 14   0.00366504 0.0189629 908.586
16 15   0.00561581 0.0177632 896.075
16 16   0.00228336 0.0178513 926.768
16 17   0.000738236 0.0178204 951.41
16 18   0.00684805 0.0187494 891.112
16 19   0.00253211 0.0159853 924.997
16 20   0.000301378 0.0159879 962.02
16 21   0.00137673 0.0152017 949.566
16 22   -0.0006579 0.0152977 969.107
16 23   -0.000576162 0.0140863 969.396
16 24   0.00431936 0.0129723 793.663
16 25   0.00134201 0.0141416 955.526
16 26   6.947e-05 0.0136246 968.584
16 27   0.00069675 0.0136904 966.274
16 28   0.00403759 0.0122963 739.361
16 29   -0.00134908 -0.013508 968.466
16 30   -4.29084e-05 0.0129353 968.046
16 31   0.00165207 0.01295 965.977
16 32   0.00355966 0.0122152 767.441
16 33   0.0031724 0.0122781 846.289
16 34   0.000930117 0.0130842 968.704
16 35   -0.00130615 -0.0129496 954.916
16 36   0.0018123 0.0125574 967.487
16 37   -0.000336222 0.0127079 968.921
16 38   0.00127567 0.0129201 969.1
16 39   -0.00111345 -0.0126615 927.637
16 40   0.00203666 0.0123997 964.612
16 41   -0.00164432 -0.0128373 957.252
16 42   -0.000896063 -0.0125801 941.902
16 43   0.00100211 0.0124766 949.17
16 44   0.00125079 0.0125576 951.005
16 45   0.00140675 0.012393 901.894
16 46   0.00159187 0.012363 927.18
16 47   -0.0012717 -0.0124104 857.275
16 344   0.00679474 -0.0143688 932.219
16 345   0.00408777 -0.0143211 945.09
16 347   -0.00688256 0.0146302 885.253
16 351   -0.00621912 0.0134764 868.339
16 352   -0.00514478 0.0135647 894.688
16 353   -0.00370552 0.0144135 932.337
16 354   -0.00457333 0.014581 918.988
16 355   -0.00353542 0.0133834 924.658
16 356   -0.0443147 -0.0225038 956.682
16 357   -0.0429624 -0.0254745 947.053
16 370   -0.00730874 0.0334721 915.551
16 371   -0.00995752 0.0304163 950.637
16 372   -0.00568405 0.0266882 957.029
16 373   -0.00857555 0.0271364 963.121
16 375   -0.0511394 0.0239928 883.11
16 376   -0.0451432 0.0217779 958.625
16 386   -0.0099451 -0.0304342 952.544
16 387   -0.00730011 -0.0334781 920.303
16 388   -0.00854146 -0.0271932 963.3
16 389   -0.00561687 -0.0267989 956.507
16 390   -0.0410062 0.0310456 902.574
16 391   -0.0391946 0.0336818 905.895
16 392   -0.0387157 0.0282553 953.808
16 393   -0.0328819 -0.023077 963.982
16 409   0.00113078 -0.013626 942.933
16 430   -0.00335633 -0.0221774 968.061
16 431   -0.00483936 -0.0241018 967.949
16 434   -0.00348372 0.0220653 961.934
16 435   -0.00492175 0.0239641 964.978
16 445   -0.0473563 0.0130746 968.667
16 446   -0.0423563 0.0130746 967.63
16 447   -0.0432966 0.0168169 967.362
16 448   -0.0410178 0.0154758 960.79
16 467   -0.0501567 -0.00540458 969.67
16 470   -0.0489851 -0.00936275 969.551
16 471   -0.0513284 -0.0114531 968.426
16 472   -0.0435737 -0.0108718 969.393
16 473   -0.0464206 -0.0113177 969.599
16 474   -0.0421347 -0.0126888 968.409
16 475   -0.0433674 -0.0151769 968.839
16 476   -0.0396992 -0.011842 966.901
16 477   -0.0387177 -0.0133331 962.543
16 478   -0.00688751 -0.0148797 921.408
16 479   -0.00637777 -0.013693 893.031
16 480   -0.0053583 -0.013523 881.57
16 481   -0.00449281 -0.0122143 752.253
16 482   -0.00559374 -0.0119895 754.717
16 483   -0.00516546 -0.0126397 801.03
16 484   -0.00531522 -0.0113576 707.811
16 485   -0.00492109 -0.0115641 703.503
16 486   -0.00452696 -0.0117706 702.592
16 488   -0.0242338 0.0325 965.618
16 489   -0.0263524 0.0225 969.538
16 490   -0.0297498 0.0245559 969.392
16 491   -0.0220908 0.0247221 968.821
16 492   -0.0209042 0.0297221 966.548
16 493   -0.0142705 0.0241663 969.393
16 494   -0.0161489 0.0322221 961.413
16 495   -0.0136277 0.0291663 962.44
16 496   -0.0164139 0.0222221 969.539
16 497   -0.0195426 0.0222221 969.235
16 502   -0.0242345 -0.0325 965.861
16 503   -0.0296839 -0.0245513 969.387
16 504   -0.0263302 -0.0225 969.547
16 505   -0.031468 -0.0335257 958.669
16 506   -0.028082 -0.0310257 965.623
16 507   -0.0294677 -0.028077 967.939
16 508   -0.0323455 -0.0291027 965.644
16 509   -0.0333618 -0.0320513 955.551
16 609   0.00569088 0.0131069 802.554
16 655   -0.0402549 -0.0240374 958.419
16 680   -0.00699026 -0.0127398 871.806
16 681   -0.00639907 -0.0119196 806.204
16 683   -0.0411482 0.0249972 967.345
16 684   -0.0392023 0.0261879 967.366
16 685   -0.0423504 0.0186898 958.836
16 686   -0.042936 0.0207049 965.622
16 688   0.00608739 -0.0132287 883.565
16 689   0.0050855 -0.0132747 903.436
16 690   0.00449639 -0.0135923 922.374
16 691   0.00396223 -0.0131247 914.532
16 692   0.00499334 -0.0188951 957.914
16 693   0.00679474 -0.0174508 966.979
16 694   0.00608948 -0.0157836 965.972
16 695   0.00467896 -0.0155311 964.832
16 696   0.00146046 -0.0182436 965.547
16 697   0.00338738 -0.0184637 963.196
16 698   0.00377826 -0.0167669 969.271
16 699   0.00124051 -0.0167567 969.258
16 700   0.00246217 -0.0163369 969.442
16 701   0.0013701 -0.014194 955.463
16 702   0.00214093 -0.0153421 967.103
16 703   0.00317124 -0.0144572 950.852
16 704   0.00254049 -0.0148808 961.506
16 705   0.00211796 -0.0143781 953.599
16 706   0.00242978 -0.0134449 916.423
16 707   0.00301701 -0.0139209 936.142
16 708   0.00248041 -0.0139882 940.178
16 709   0.00347969 -0.0131712 914.066
16 710   0.00315436 -0.0134899 920.99
16 711   0.00277839 -0.0132653 908.178
16 712   0.00327803 -0.0128568 903.405
16 713   0.00284503 -0.0129172 891.347
16 714   0.00373111 -0.0121703 953.63
16 715   0.00314301 -0.0121943 912.86
16 716   0.00341538 -0.0124258 920.185
16 717   -0.0423594 -0.0198112 954.877
16 718   -0.0420391 -0.0170555 960.383
16 721   -0.0072044 -0.0107198 870.243
16 722   -0.00661321 -0.0110296 792.737
16 723   -0.0112838 0.0229163 966.083
16 724   -0.00925899 0.0246364 966.573
16 725   -0.0112771 -0.0229342 966.812
16 726   -0.00922625 -0.0246932 967.571
16 727   -0.00688256 0.0180639 847.633
16 728   -0.00626512 0.0162282 898.464
16 729   -0.00503023 0.0160908 917.279
16 730   -0.0329699 0.0230838 964.202
16 731   -0.0348597 0.0252936 966.898
16 732   -0.00666505 -0.0182647 947.545
16 733   -0.00605255 -0.0164495 956.459
16 734   -0.00482756 -0.0161242 953.64
16 738   -0.00483931 0.0128441 889.708
16 739   -0.00385672 0.0129022 921.579
16 740   -0.0043388 0.0127584 910.92
16 741   -0.00457853 0.011971 871.048
16 742   -0.00436049 0.0123243 909.057
16 744   -0.0044373 0.0117515 859.58
16 771   0.000345552 -0.0159004 969.635
16 772   0.000702237 -0.0146889 966.603
16 773   0.00105053 -0.0153342 968.714
16 774   -0.000984429 -0.0138237 969.023
16 775   -0.000698294 -0.0145632 969.603
16 776   -5.95713e-05 -0.0144544 968.382
16 777   -0.000554408 -0.0135589 966.543
16 778   -0.000137005 -0.0138708 966.099
16 779   0.000179566 -0.0135989 960.699
16 780   0.00059139 -0.0134758 949.984
16 781   0.000891362 -0.0127682 900.343
16 782   0.000689521 -0.013095 933.076
16 784   0.000393185 -0.0125832 912.048
16 785   0.000722589 -0.0125297 887.33
16 810   -0.0510348 0.0324945 679.685
16 817   -0.0461668 -0.0323578 735.911
16 826   -0.00716828 0.0122947 804.825
16 827   -0.00650485 0.0127072 836.082
16 828   -0.0069318 0.0116354 775.092
16 829   -0.00522722 0.0123649 857.725
16 830   -0.00581841 0.0123162 832.746
16 831   -0.00494475 0.0119259 844.944
16 832   -0.00515823 0.0115205 805.666
16 833   -0.00652947 0.0116014 778.178
16 834   -0.00607951 0.0118696 801.11
16 835   -0.0057018 0.011513 788.499
16 836   -0.00591528 0.0111076 756.728
16 837   -0.00667233 0.0108252 738.634
16 838   -0.00650647 0.0111894 756.037
16 839   -0.00626999 0.0110523 748.318
16 841   -0.00631762 0.01075 719.373
16 842   -0.00655409 0.0106261 732.483
16 843   0.00714633 -0.0121592 802.648
16 844   0.00643898 -0.0125387 836.895
16 845   0.00596394 -0.0113016 763.169
16 846   0.00690985 -0.0115446 769.503
16 847   0.0064369 -0.0113 758.901
16 849   0.00643585 -0.0108037 719.927
16 850   0.00667233 -0.0106798 728.907
16 866   -0.00131718 0.0136682 963.039
16 867   -0.00297159 0.0132637 926.406
16 868   -0.00286215 0.0127795 912.77
16 871   -0.000684741 0.0126513 964.508
16 872   -0.00117279 0.0129453 954.82
16 874   -0.00153361 0.0126243 923.751
16 877   -0.00189423 0.0127254 911.827
16 878   -0.00202996 0.0123302 861.844
16 879   -0.0022571 0.0179828 966.966
16 880   -0.00422929 0.017146 931.679
16 881   -0.00154152 0.0158882 969.007
16 882   -0.00213023 0.0169414 967.107
16 883   -0.00311797 0.016617 954.757
16 884   -0.00292935 0.0157859 955.424
16 885   -0.00317285 0.0150028 946.915
16 886   -0.00215714 0.0153345 963.697
16 887   -0.00187538 0.0140191 958.038
16 888   -0.00266157 0.0144667 950.52
16 889   -0.00213973 0.0146362 960.098
16 890   -0.0021903 0.0137332 948.213
16 891   -0.0026844 0.0135566 936.366
16 892   -0.0025764 0.0139588 945.601
16 893   -0.00208302 0.0130409 929.091
16 894   -0.00241489 0.013285 932.844
16 895   -0.00218171 0.0133768 939.95
16 896   -0.00255262 0.0128039 909.771
16 897   -0.00223986 0.0128817 916.883
16 898   -0.00239255 0.0130165 922.394
16 899   -0.00228074 0.0124491 871.742
16 900   -0.00230185 0.012685 900.134
16 901   -0.00249802 0.0126532 898.488
16 903   -0.00271068 0.0122197 853.007
16 904   -0.00242818 0.0122656 840.117
16 905   -0.00256912 0.0124023 870.964
16 906   0.000353885 0.0127867 964.726
16 907   0.000699631 0.0128698 969.318
16 908   0.000796509 0.0126247 969.028
16 910   0.000575563 0.0125213 969.157
16 911   0.000325962 0.0125618 959.2
16 936   0.00233396 -0.0275271 832.012
16 937   0.00568479 -0.0309653 691.001
16 938   -0.00289856 -0.0321332 869.952
16 939   -0.00261896 -0.028695 904.774
16 941   0.00386957 -0.0336551 687.659
16 942   0.000239148 -0.0336551 752.623
16 953   0.00511351 0.011508 713.047
16 954   0.00452232 0.0118178 703.751
16 998   -0.00266446 0.0284976 898.865
16 999   -0.00290717 0.0320016 856.644
16 1001   0.000233777 0.0335295 738.635
16 1002   0.00386689 0.0335295 684.959
16 1135   -0.0370696 0.0218351 812.435
16 1136   -0.0410332 0.0218377 923.861
16 1137   -0.0403531 0.0234407 948.647
16 1138   -0.0384072 0.0246314 954.654
16 1139   -0.0368487 0.0240449 937.951
16 1144   -0.0385859 -0.0212136 698.749
16 1145   -0.0393381 -0.0199581 775.058
16 1146   -0.040124 -0.0220293 888.459
16 1147   -0.0408762 -0.0207738 907.38
16 1159   0.00726352 -0.0111086 737.628
16 1160   0.00702705 -0.0107402 722.397
16 1161   -0.00805902 0.0218321 836.021
16 1162   -0.00789517 0.0235522 943.798
16 1163   -0.00644942 0.0233282 931.274
16 1164   -0.00438219 0.0205977 906.434
16 1165   -0.00617144 0.0193373 793.678
16 1166   -0.00376861 0.0190692 934.736
16 1167   -0.00475305 0.0185567 900.162
16 1168   -0.00590215 0.0216365 828.604
16 1169   -0.00670695 0.0208885 673.284
16 1170   -0.00804427 -0.0218576 850.105
16 1171   -0.00639509 -0.0234194 946.799
16 1172   -0.00785739 -0.0236166 950.646
16 1173   -0.00583527 -0.0194401 881.382
16 1174   -0.00416537 -0.0192747 964.924
16 1175   -0.00417573 -0.0206892 954.279
16 1176   -0.00657679 -0.0209532 743.512
16 1177   -0.0057522 -0.0217341 880.021
16 1178   0.00714528 -0.010432 706.765
16 1179   0.00738176 -0.0103081 574.902
16 1180   -0.00726352 0.0111681 745.196
16 1182   -0.00690881 0.0107013 732.684
16 1183   -0.00714528 0.0108385 726.315
16 1184   -0.00738176 0.0104535 634.251
16 1185   -0.00726352 0.0102544 628.758
16 1186   -0.00702705 0.0103783 738.904
16 1199   0.0060003 0.0115822 765.553
16 1200   0.00659149 0.0123501 810.846
16 1202   0.00661321 0.0110035 799.625
16 1203   0.0072044 0.0106937 867.647
16 1236   0.00481685 -0.0126658 883.46
16 1237   0.00428478 -0.0126984 903.783
16 1238   0.00410429 -0.0122872 907.772
16 1239   0.00513627 -0.0114891 792.142
16 1240   0.00572851 -0.0116757 791.729
16 1241   0.00573059 -0.0121759 824.882
16 1242   0.00497761 -0.0123276 858.249
16 1243   0.00524312 -0.0121862 838.485
16 1244   0.00500456 -0.0118099 818.227
16 1246   0.00427957 -0.0119402 861.845
16 1247   0.00462081 -0.0120132 848.817
16 1248   0.0046488 -0.0117457 824.271
16 1269   -0.00304132 0.0124313 913.243
16 1270   -0.0028951 0.0121898 888.128
16 1302   -0.0334718 -0.0210257 946.625
16 1304   -0.0366125 -0.0224592 882.231
16 1305   -0.0374407 -0.0214335 751.37
16 1306   -0.0351909 -0.0215385 908.491
16 1307   -0.0360192 -0.0205128 831.441
16 1424   -0.0036657 0.012519 935.883
16 1425   -0.00340883 0.012063 964.019
16 1426   -0.00337064 0.0123344 942.689
16 1429   -0.00359324 0.0120331 969.165
16 1456   -0.0041244 0.012271 931.34
16 1457   -0.00391167 0.0123219 945.162
16 1458   -0.00388402 0.0119777 968.149
16 1459   -0.00380103 0.0121074 965.619
16 1460   -0.00426569 0.0119148 894.697
16 1461   -0.00404109 0.0120022 941.806
16 1462   -0.00417083 0.012081 925.345
16 1465   -0.00407683 0.011867 915.389
16 1466   -0.00419507 0.011805 881.906
16 1474   -0.000404573 -0.0131812 963.861
16 1475   1.00397e-05 -0.0132756 960.622
16 1476   0.000189309 -0.0127773 946.817
16 1477   0.000316872 -0.0130506 947.582
16 1478   -0.000182791 -0.012731 968.697
16 1479   -0.000469841 -0.0129099 964.898
16 1480   -0.000678725 -0.0127022 962.541
16 1482   -0.000515704 -0.0125032 969.042
16 1483   -0.000267646 -0.0125435 967.189
16 1486   -0.0505624 -0.0249868 862.075
16 1487   -0.0490972 -0.0299008 726.221
16 1488   -0.0510348 -0.032543 679.185
16 1517   -0.0386394 0.0165039 936.237
16 1520   -0.0406413 0.0185173 922.18
16 1521   -0.0392091 0.0176725 910.221
16 1522   -0.0380697 0.0186686 868.336
16 1523   -0.0398779 0.0203206 839.018
16 1524   -0.0384457 0.0203091 658.459
16 1525   0.00581745 0.0161871 889.534
16 1526   0.00704969 0.0149585 870.71
16 1527   0.00614907 0.0140987 849.398
16 1528   0.0034993 0.0155963 907.806
16 1529   0.00508264 0.0148219 874.831
16 1530   0.00475102 0.0158326 893.538
16 1531   0.00392655 0.013631 870.126
16 1532   0.00423163 0.0144888 884.34
16 1533   0.00343023 0.0146824 904.741
16 1534   0.00329039 0.0135516 897.707
16 1535   0.00295989 0.0140976 911.046
16 1536   0.00211702 0.0132923 945.028
16 1537   0.00219286 0.013835 936.785
16 1538   0.00298414 0.0125702 892.72
16 1539   0.00301702 0.013104 901.545
16 1540   0.00261068 0.0131072 919.65
16 1541   0.00267964 0.0124575 909.801
16 1542   0.00226875 0.0124928 947.236
16 1543   0.00247143 0.0127215 928.814
16 1545   0.00258082 0.012212 912.566
16 1546   0.00237311 0.0122457 935.713
16 1570   0.000463636 0.0232952 921.139
16 1571   0.000597844 0.026803 871.636
16 1572   0.00398824 0.027366 761.873
16 1573   0.00515285 0.0238048 841.358
16 1574   0.00320209 0.0217675 900.918
16 1629   -0.0356382 0.0210279 876.249
16 1630   -0.0335275 0.0210279 947.685
16 1633   -0.049225 0.026008 853.987
16 1634   -0.0491204 0.0299236 726.108
16 1635   -0.0434817 0.0258118 938.018
16 1636   -0.04595 0.0245326 923.607
16 1637   -0.04619 0.0324291 734.765
16 1638   -0.0438264 0.0297928 874.627
16 1645   -0.00454029 -0.0148576 931.096
16 1646   -0.00474581 -0.0139112 904.789
16 1647   -0.00403841 -0.0134214 905.145
16 1648   -0.00397826 -0.0126078 862.069
16 1649   -0.00348297 -0.0123213 887.411
16 1650   -0.00309782 -0.0125869 925.121
16 1651   -0.00299227 -0.0130102 938.661
16 1652   -0.00201482 -0.0178844 968.464
16 1653   -0.00354769 -0.0184048 969.547
16 1654   -0.00399261 -0.0171433 966.569
16 1655   -0.00303116 -0.0164863 964.763
16 1656   -0.00188833 -0.0167593 967.811
16 1657   -0.00121288 -0.0152275 968.929
16 1658   -0.000836693 -0.0159739 969.096
16 1659   -0.00354447 -0.0150091 949.419
16 1660   -0.0028703 -0.0156188 961.854
16 1661   -0.00210366 -0.0151454 965.785
16 1662   -0.00368661 -0.0137264 922.727
16 1663   -0.00318853 -0.01339 935.053
16 1664   -0.00339819 -0.0143677 943.119
16 1665   -0.00228575 -0.0144858 963.791
16 1666   -0.00290611 -0.0143178 953.509
16 1667   -0.00289411 -0.0137449 950.189
16 1668   -0.00248506 -0.0137029 960.642
16 1669   -0.00178171 -0.0137188 969.078
16 1670   -0.00211374 -0.0140391 965.799
16 1671   -0.00189555 -0.0130425 969.266
16 1672   -0.00231604 -0.0133995 964.486
16 1673   -0.00199001 -0.0133656 968.752
16 1674   -0.00212073 -0.0128722 969.29
16 1675   -0.00237521 -0.013069 964.599
16 1676   -0.002591 -0.0128744 958.069
16 1677   -0.0021419 -0.012422 966.628
16 1678   -0.00206681 -0.0126023 967.812
16 1679   -0.00197817 -0.012263 933.604
16 1691   -0.0209014 -0.0297281 966.786
16 1692   -0.022088 -0.0247281 968.906
16 1693   -0.0161444 -0.0322281 962.241
16 1694   -0.0136167 -0.0291842 963.142
16 1695   -0.0142639 -0.0241842 969.43
16 1696   -0.0179783 -0.0222281 969.382
16 1707   -0.0386071 -0.0188318 824.002
16 1709   -0.0398249 -0.0168918 931.291
16 1710   -0.0387177 -0.01556 947.234
16 1715   0.00568344 0.029118 702.366
16 1716   0.00568344 0.032059 679.543
16 1725   -0.031489 0.0335279 958.451
16 1726   -0.0281028 0.0310279 965.473
16 1727   -0.0295326 0.0280838 967.889
16 1728   -0.0347972 0.0322098 948.824
16 1729   -0.0333383 0.0277936 967.929
16 1730   -0.0352167 0.0294196 959.337
16 1770   -0.0405424 -0.0309516 908.867
16 1771   -0.0390401 -0.0336505 907.507
16 1772   -0.0358221 -0.0321762 943.843
16 1773   -0.0499779 0.00577442 969.669
16 1774   -0.0499779 0.0107711 968.992
16 1797   -0.0109324 0.0209721 951.995
16 1798   -0.00907143 0.0209721 878.106
16 1801   -0.00906969 -0.0209781 887.103
16 1802   -0.0109336 -0.0209781 954.492
16 1858   -0.0511394 0.0177511 951.062
16 1859   -0.0457966 0.0168169 968.374
16 1860   -0.0485178 0.0154758 965.633
16 1861   -0.0497788 0.0205022 933.01
16 1862   -0.0470576 0.0197627 955.031
16 1876   -0.0511071 -0.0172511 953.337
16 1877   -0.0483213 -0.0182481 957.301
16 1878   -0.0499355 -0.0144533 965.366
16 1879   -0.047371 -0.0139066 968.545
16 1880   -0.0457568 -0.0159488 968.982
16 1902   -0.00276048 -0.0122551 944.483
16 1903   -0.00232191 -0.0123088 968.778
16 1904   -0.00255408 -0.0124742 959.925
16 1934   -0.0399779 0.0107974 967.849
16 1935   -0.0399779 0.00585334 969.201
16 1958   0.00158095 -0.0133069 918.472
16 1959   0.00207506 -0.0132267 904.453
16 1960   0.00156874 -0.0125113 848.378
16 1961   0.00124341 -0.0128299 891.813
16 1962   0.00222551 -0.0122718 804.781
16 1963   0.00198253 -0.0125771 845.972
16 1964   0.0021513 -0.0128155 872.124
16 1965   0.00243925 -0.0124057 830.158
16 1966   0.00270201 -0.0127004 874.091
16 1967   0.00244332 -0.0126709 861.947
16 1968   0.00280481 -0.0125021 867.218
16 1969   0.00292048 -0.0123147 869.264
16 1970   0.00262643 -0.0123267 832.68
16 1973   0.00282445 -0.012126 840.4
16 1974   0.00265975 -0.0121527 809.394
16 2007   -0.00166822 -0.0125982 932.667
16 2008   -0.00186554 -0.0125334 949.242
16 2009   -0.0017226 -0.0123045 860.324
16 2010   -0.00185544 -0.012367 919.459
16 2011   -0.00140843 -0.0124466 864.858
16 2012   -0.00160517 -0.0123819 860.908
16 2013   -0.00154069 -0.0125091 897.523
16 2015   -0.00151522 -0.0123125 815.661
16 2016   -0.0014306 -0.0123262 814.523
16 2057   -0.0346178 -0.0252532 967.073
16 2058   -0.0342977 -0.0277532 967.546
16 2059   -0.0383195 -0.0253979 965.06
16 2060   -0.0366293 -0.0241225 943.823
16 2061   -0.0360651 -0.0293524 957.618
16 2062   -0.0380754 -0.0281278 958.067
52 201   0.00100155 -0.00463354 956.119
52 202   -0.00294904 -0.00224921 935.17
52 203   0.00307026 0.000836702 934.069
52 204   0.00107899 -0.00233121 945.85
52 205   0.00308115 -0.001338 937.9
52 206   0.00111767 0.0020432 942.91
52 207   0.00486672 0.00178041 920.766
52 208   -0.000895241 -0.00546293 957.538
52 209   -0.00287364 -0.00423065 940.286
52 210   0.00494297 -0.00451177 944.029
52 211   -0.00627505 0.00445132 931.293
52 212   0.00473125 0.00386949 921.392
52 213   0.00480101 -0.00240594 932.495
52 214   0.00647288 0.000839597 911.491
52 215   0.00916144 0.00017706 902.855
52 216   0.00804451 0.00161655 894.09
52 217   -0.00117599 -0.00709198 966.47
52 218   -0.00431777 -0.00513853 928.51
52 219   0.0017585 -0.0087263 968.639
52 220   0.00657023 -0.00494328 930.431
52 221   -0.00770277 0.00517331 915.362
52 222   -0.00823746 -0.00152846 893.839
52 223   0.00630557 -0.00178979 918.761
52 224   0.0068148 -0.00060351 913.711
52 225   -0.00895705 -0.000695918 898.543
52 226   -0.000437575 -0.00822104 968.628
52 227   0.000512294 -0.00879693 966.252
52 228   0.00840614 -0.0010244 913.446
52 229   -0.00388699 -0.00655491 939.625
52 230   -0.00272361 -0.00727608 960.227
52 231   0.0075402 -0.00375294 910.944
52 232   0.00861103 -0.00213312 911.693
52 233   0.00741751 -0.00270528 912.218
52 234   -0.00924901 0.00284349 897.565
52 235   0.00862479 -0.00541788 898.339
52 236   -0.00945707 0.00637078 887.852
52 237   -0.00877709 0.00441883 891.673
52 238   0.00932501 -0.00266977 897.617
52 239   -0.00129141 -0.00910268 949.063
52 240   0.000444183 -0.0108029 960.577
52 241   0.000171191 -0.00998422 952.506
52 242   -0.0020937 -0.00917406 918.916
52 243   0.00848616 -0.00398468 897.808
52 244   -0.0091039 0.00371861 881.441
52 245   -0.0096762 0.00550786 856.593
52 246   0.00885765 -0.00461083 887.475
52 247   -0.00107981 -0.00989879 919.038
52 248   -0.000567076 -0.0102044 927.702
52 249   -0.00944505 0.00488222 859.029
52 250   0.00907745 -0.00347368 884.319
52 251   -0.00165602 -0.010332 871.604
52 252   0.00995527 -0.00265725 868.79
52 253   0.010158 -0.00534389 809.095
52 254   -9.94622e-05 -0.0112591 957.906
52 255   0.0103744 -0.00269005 827.581
52 256   0.00953876 -0.0043739 844.252
52 257   0.000389048 0.010994 933.822
52 258   -0.000597143 -0.0108597 913.831
52 259   -0.00168967 -0.0108726 827.821
52 260   0.00958565 -0.00379341 844.574
52 261   -0.00984877 0.00391659 817.401
52 262   -0.00990474 0.00442733 806.124
52 263   0.0101979 -0.00489012 779.671
52 264   0.00995357 -0.00454214 795.418
52 265   0.000303993 0.011453 957.278
52 266   -0.0013495 -0.0111258 816.205
52 267   -0.000939211 -0.0111304 869.765
52 268   -4.5641e-05 0.0116143 968.18
52 269   -0.0104435 0.00340622 764.584
52 270   -0.0102575 0.00372533 766.982
52 271   -0.000184524 -0.0116751 968.006
52 272   0.00997178 -0.00364559 801.798
52 273   -0.010311 0.00450007 753.946
52 274   -0.0104674 0.00481228 750.1
52 275   0.0106864 -0.00473744 726.436
52 276   0.0103157 -0.00422413 744.429
52 277   0.0100938 -0.00331333 804.033
52 278   0.0106675 -0.00437787 712.197
52 279   0.010287 -0.00390807 750.036
52 280   0.000669039 0.0117014 920.956
52 281   0.0104404 -0.00342441 753.741
52 282   -0.0108549 0.00348049 720.682
52 283   -0.0105696 0.00395699 720.379
52 284   -0.0105672 0.004221 719.213
52 285   -0.000582846 -0.0116313 933.624
52 286   0.0106599 -0.00334138 738.952
52 287   0.0105437 -0.00374507 724.383
52 288   -0.000839853 -0.011486 864.976
52 289   0.000914851 0.0115911 842.651
52 290   0.0108899 -0.00423326 695.652
52 291   0.010777 -0.0038286 703.064
52 292   -0.00146477 -0.0114402 760.141
52 293   -0.0108263 0.00387595 701.56
52 294   -0.0109256 0.00371856 701.976
52 295   0.0108812 -0.00400481 693.928
52 296   -0.010804 0.00427065 701.545
52 297   -0.00102808 -0.0116269 804.433
52 298   -0.0108823 0.00441397 700.699
52 299   -0.000669828 -0.0118148 929.594
52 300   0.00108087 0.0117276 767.39
52 301   -0.00130701 -0.0115695 736.706
52 302   0.0110727 -0.00429664 687.869
52 303   -0.0109571 0.00413109 690.569
52 304   -0.00118534 -0.0116319 748.833
52 305   -0.010977 0.0040004 689.805
52 306   -0.011065 0.00432153 689.001
52 307   0.00122565 0.0116131 746.525
52 308   -0.00096825 -0.0117823 806.069
52 309   0.0110606 -0.00397573 683.572
52 310   -0.011091 0.00417423 683.498
52 311   -0.0012232 -0.0117924 602.465
52 312   0.00110039 0.0118519 722.588
52 313   0.00131136 0.0116915 652.087
52 314   -0.000867008 -0.0118249 853.942
52 315   0.0111527 -0.00405343 677.861
52 316   0.011156 -0.00414588 679.44
52 317   -0.00154798 -0.0115983 671.252
52 318   -0.00162889 -0.0114688 733.395
52 319   -0.0111081 0.0039598 682.748
52 320   -0.00115903 -0.0118565 627.634
52 321   -0.0111921 0.00410926 676.826
52 322   -0.00139456 -0.0116728 628.979
52 323   -0.00106134 -0.0118514 751.69
52 324   -0.0013099 -0.01182 417.955
52 325   -0.00147142 -0.011673 598.551
52 326   0.00121756 0.0118386 556.377
52 327   0.00128376 0.0117928 524.517
52 328   -0.00135959 -0.0117628 496.618
52 329   -0.0112059 0.00404248 675.278
52 330   0.011228 -0.0040071 673.599
52 331   -0.0111784 0.00400356 677.502
52 332   -0.00140652 -0.0118109 316.844
52 333   0.00133648 0.0118298 365.2
52 334   0.00124479 0.0118917 405.665
52 335   -0.00132837 -0.0118883 170.391
52 336   0.00132735 0.0118787 216.038
52 337   0.0112714 -0.00402719 671.01
52 338   0.00130185 0.0118947 234.237
52 339   0.0113244 -0.00396241 689.731
52 340   -0.00140288 -0.0119153 2.7654
52 425   0.00244653 -0.00985267 962.775
52 426   0.000986701 -0.0111866 963.327
52 510   -0.00146038 0.0102853 957.582
52 511   -0.000765087 0.0105156 959.499
52 512   -0.00101546 0.0114665 965.266
52 513   -0.000569487 0.0112606 967.968
52 514   -0.00152528 0.0112282 946.816
52 515   -0.0017746 0.0107921 949.019
52 516   -0.00181241 0.0115393 916.543
52 521   -0.0103383 0.00297577 815.291
52 522   -0.0100216 0.00246895 880.179
52 541   -0.0110992 0.0037343 693.766
52 552   0.00142313 0.00372273 946.451
52 553   0.00324026 0.00460531 938.217
52 554   -0.00103344 0.00489553 957.628
52 555   0.000478925 0.00437932 952.754
52 556   0.00109748 0.00554762 957.629
52 557   -0.00101234 0.00601174 963.529
52 558   0.000182564 0.00611591 963.209
52 559   0.000190598 0.00710842 967.995
52 560   -0.000224249 0.00901521 964.737
52 561   0.000443906 0.00893715 961.296
52 562   -0.000339778 0.0100727 955.636
52 563   0.000177892 0.0103711 941.771
52 564   0.00117139 0.00986245 917.272
52 565   0.000514388 0.00996229 936.476
52 566   0.000664872 0.00958582 943.013
52 567   0.000859442 0.0102693 912.271
52 568   0.00118236 0.0102085 900.238
52 569   0.00169006 0.0106369 849.554
52 570   0.00138296 0.0104668 876.427
52 571   0.00147599 0.0109294 833.378
52 572   0.0017158 0.010868 828.281
52 573   0.00149667 0.0111131 810.646
52 574   0.00076468 0.0108739 899.537
52 575   0.000898577 0.0105581 898.525
52 576   0.00124171 0.0108596 857.241
52 577   0.00117442 0.0106282 878.165
52 578   0.000939219 0.0113653 853.658
52 579   0.000892839 0.0111171 875.218
52 580   0.00109403 0.0110327 855.783
52 581   0.00122683 0.011466 784.086
52 582   0.00110641 0.0113547 823.35
52 583   0.00117441 0.011207 830.266
52 584   0.00134276 0.0112176 809.413
52 585   0.00133861 0.0114214 775.986
52 586   0.00138655 0.0113207 789.367
52 587   0.00159142 0.0114571 743.785
52 588   0.00155607 0.0113524 770.654
52 589   0.00154427 0.0116131 660.309
52 590   0.00143408 0.011503 742.33
52 591   0.00151736 0.0115069 731.295
52 592   0.00139179 0.0116519 654.837
52 593   0.00143554 0.0115812 705.698
52 594   0.00148642 0.0116371 648.198
52 595   0.00142247 0.0117058 566.13
52 596   0.00148594 0.0117408 483.317
52 597   0.00147545 0.0116889 579.078
52 598   0.00144226 0.011811 308.051
52 599   0.00141395 0.0117541 484.92
52 600   0.00145197 0.0117612 452.565
52 601   0.0013714 0.011819 345.94
52 602   0.00139058 0.0117907 412.749
52 603   0.00141366 0.0118217 294.528
52 604   0.00138286 0.0118505 221.623
52 605   0.0014061 0.0118496 180.309
52 610   -0.000174452 0.00100229 943.476
52 611   -0.000224014 -0.00119742 943.383
52 612   -0.0015624 -0.00116092 941.082
52 613   -0.0031044 0.00162599 939.313
52 614   -0.00186676 0.000491236 940.71
52 615   -0.00115892 0.00158634 943.994
52 616   -0.00198086 0.00432208 954.406
52 617   -0.00303471 0.00273179 943.801
52 618   -0.00175843 0.0027104 946.789
52 619   -0.00478256 0.00490357 948.508
52 620   -0.0036071 0.00382211 947.133
52 621   -0.00290717 0.00486484 955.53
52 622   -0.00351713 0.00728837 967.798
52 623   -0.00470125 0.00596032 957.593
52 624   -0.003464 0.00593229 961.083
52 625   -0.0043373 0.00771975 968.783
52 626   -0.00517145 0.00691306 963.504
52 627   -0.0046174 0.00860804 968.474
52 628   -0.00594082 0.00742426 965.839
52 629   -0.00560229 0.00829855 968.335
52 630   -0.00664085 0.00894963 920.399
52 631   -0.00600084 0.00882954 952.876
52 632   -0.00641531 0.00978168 792.806
52 633   -0.00666616 0.00955844 816.532
52 634   0.00391639 -0.00568535 958.313
52 635   0.00237495 -0.00580696 961.796
52 636   0.00246278 -0.00769478 969.101
52 637   0.00534238 -0.00759184 968.193
52 638   0.00443137 -0.0070715 966.174
52 639   0.003689 -0.00789415 969.257
52 640   0.00504134 -0.00829373 969.142
52 641   0.00415868 -0.00853524 969.259
52 642   0.00541135 -0.00890835 957.227
52 643   0.00621222 -0.00752444 965.891
52 644   0.00686899 -0.00630963 942.307
52 645   0.00783795 -0.00623564 921.337
52 646   0.00731675 -0.00830603 968.496
52 647   0.00667392 -0.0081724 968.844
52 648   0.00637755 -0.0087106 954.343
52 649   0.00597065 -0.00899823 938.218
52 650   0.00676911 -0.00906798 904.446
52 651   0.00657682 -0.00939705 850.669
52 652   0.00609977 -0.00939412 890.29
52 653   0.0064735 -0.00987944 766.044
52 654   0.00672478 -0.00965569 791.409
52 750   -0.00413064 0.0107049 969.209
52 751   -0.00425445 0.00937636 965.525
52 752   -0.00263765 0.00779987 969.223
52 753   -0.0016371 0.00701724 967.707
52 754   -0.000819182 0.00852872 968.831
52 755   -0.000743446 0.00752977 969.183
52 756   -0.00246581 0.00873251 969.177
52 757   -0.00171902 0.00976306 962.927
52 758   -0.001541 0.00894882 968.127
52 759   -0.00349842 0.00954021 966.863
52 760   -0.00286935 0.00927315 967.722
52 761   -0.00238342 0.00977819 963.681
52 762   -0.00328252 0.00997521 964.794
52 763   -0.00274246 0.0101153 960.846
52 764   -0.00355 0.0109025 966.892
52 765   -0.00365118 0.0104737 967.18
52 766   -0.00271608 0.010562 952.395
52 767   -0.00315496 0.0108507 951.972
52 769   -0.0028579 0.0114009 855.058
52 770   -0.00316851 0.0112733 929.92
52 786   0.00160556 -0.010945 943.13
52 787   0.00209217 -0.0105003 951.767
52 788   0.00310174 -0.0109439 945.363
52 789   0.00254718 -0.011294 869.937
52 790   0.00265823 -0.0108686 934.467
52 791   0.00314632 -0.0113053 923.715
52 795   -0.0024833 0.0108276 938.466
52 796   -0.00215949 0.0108726 937.702
52 797   -0.00261157 0.011244 879.732
52 798   -0.00214785 0.0111835 915.192
52 799   -0.00205008 0.0114141 899.312
52 800   -0.00240078 0.0113817 863.59
52 802   -0.00220862 0.0116173 852.065
52 803   -0.00239741 0.0116074 809.196
52 819   0.00351311 -0.0109649 965.946
52 821   0.00615651 0.00506859 908.476
52 822   0.00742166 0.00486999 887.951
52 851   -0.00147595 -0.0117433 479.996
52 852   -0.00144602 -0.0117912 359.236
52 864   -0.00234666 -0.00980319 867.668
52 865   -0.00212058 -0.010165 863.869
52 950   0.0020206 0.0104859 850.046
52 951   0.00170252 0.00996981 891.196
52 952   0.00212377 0.0097292 882.125
52 969   0.00337937 -0.00988057 965.31
52 970   0.00393174 -0.00933449 966.953
52 971   0.00413563 -0.0107094 969.148
52 972   0.00362416 -0.0105396 966.568
52 973   0.00443043 -0.00953975 963.797
52 974   0.00502739 -0.00935512 952.88
52 975   0.004901 -0.0104255 962.812
52 976   0.00438953 -0.0102556 966.734
52 977   0.00534049 -0.00976603 931.836
52 978   0.005255 -0.0101205 940.144
52 979   0.00607935 -0.00994185 830.907
52 980   0.00585358 -0.00971516 886.009
52 982   0.00562362 -0.0103187 917.039
52 983   0.00593488 -0.010191 860.199
52 984   -0.0045686 0.00982812 962.018
52 985   -0.00485657 0.0106002 966.858
52 986   -0.00433653 0.0104267 968.309
52 987   -0.00555084 0.0094421 930.233
52 988   -0.00512791 0.0102371 951.83
52 989   -0.00504936 0.00976621 949.605
52 991   -0.00554323 0.0102601 925.743
52 992   -0.00613458 0.0099571 832.578
52 993   -0.00578469 0.00984924 891.068
52 1045   0.00141369 0.0118726 71.7463
52 1053   -0.0101918 0.00554648 819.014
52 1054   -0.0103928 0.00518386 779.997
52 1064   -0.0107513 0.00476779 723.53
52 1065   -0.0108525 0.00458526 708.338
52 1113   0.0109872 -0.00352735 705.251
52 1114   0.0108588 -0.00351621 711.479
52 1115   0.0108726 -0.00368276 702.431
52 1116   0.0111237 -0.00372076 690.181
52 1117   0.0110221 -0.00365533 697.064
52 1118   0.0109799 -0.00373247 695.15
52 1119   0.0110825 -0.00387916 684.562
52 1120   0.0111213 -0.00378926 686.681
52 1121   0.0110418 -0.00380654 689.26
52 1122   0.0112311 -0.0038603 679.49
52 1123   0.0111709 -0.00383622 682.621
52 1124   0.0111531 -0.00388755 680.909
52 1125   0.0112335 -0.00390257 677.027
52 1126   0.0112178 -0.0039544 675.21
52 1127   0.0111953 -0.00392118 677.595
52 1129   0.0112694 -0.00392017 675.073
52 1130   0.0112626 -0.00394633 673.669
52 1131   0.0112825 -0.00398855 670.583
52 1132   0.0113038 -0.00395533 672.176
52 1133   0.0112839 -0.0039604 672.116
52 1140   -0.00708628 0.00889806 930.164
52 1262   0.00275725 -0.011465 817.316
52 1263   0.00291288 -0.0114011 868.69
52 1308   0.00788943 -0.00814909 960.046
52 1310   0.00880631 -0.00737401 905.578
52 1311   0.00807527 -0.00736033 933.672
52 1317   -0.00263838 -0.008806 959.711
52 1318   -0.00293658 -0.00814704 965.548
52 1319   -0.00383656 -0.00832386 951.14
52 1321   -0.00380536 -0.00884711 956.202
52 1322   -0.00327137 -0.00911852 968.779
52 1325   0.00620647 0.00660448 910.071
52 1337   0.00192832 -0.0115356 902.952
52 1338   0.00230387 -0.0115163 844.65
52 1391   -0.00749915 0.00644891 932.19
52 1392   -0.00675949 0.00729487 959.322
52 1393   -0.0085532 0.00677359 909.441
52 1394   -0.00846599 0.00767027 924.152
52 1395   -0.00788891 0.00786815 951.32
52 1396   -0.00723645 0.00781743 962.814
52 1397   -0.00726177 0.00842623 967.97
52 1398   -0.00766336 0.00870019 966.795
52 1400   -0.00816507 0.00825372 955.417
52 1401   -0.00791422 0.00847696 966.731
52 1441   -0.00568367 -0.00458722 912.473
52 1442   -0.00649355 -0.00344853 906.786
52 1443   -0.00634146 -0.00529393 906.462
52 1444   -0.00758864 -0.00580141 888.775
52 1445   -0.00741914 -0.00503515 887.398
52 1446   -0.0061739 -0.00596824 908.514
52 1447   -0.00684803 -0.00615214 903.742
52 1450   -0.00632747 -0.00719928 909.797
52 1451   -0.00673101 -0.00675661 907.908
52 1489   0.00741961 -0.00887911 951.212
52 1490   0.00716834 -0.00910286 898.397
52 1600   -0.00887561 -0.00274901 882.94
52 1602   -0.00812841 -0.00441885 883.446
52 1603   -0.00786062 -0.00353894 894.678
52 1606   0.00200604 0.00598891 956.22
52 1607   0.00320462 0.0057032 943.477
52 1608   0.00196725 0.00903673 934.239
52 1609   0.00198291 0.00708121 964.246
52 1610   0.00108238 0.00763243 969.095
52 1611   0.00107735 0.00850124 966.168
52 1612   0.00379507 0.00856538 954.522
52 1613   0.00271038 0.00741386 962.125
52 1614   0.00410003 0.0079506 941.785
52 1615   0.0053069 0.00683949 916.1
52 1616   0.00576496 0.00752624 905.337
52 1617   0.00357667 0.0071353 947.904
52 1618   0.00404778 0.00651693 936.801
52 1621   0.0047622 0.00815469 922.05
52 1622   0.00529619 0.00788328 907.484
52 1640   0.00848812 0.00275704 885.945
52 1641   0.00804618 0.00387056 889.462
52 1699   -0.00463395 -0.00715446 926.793
52 1700   -0.00437055 -0.00805245 934.054
52 1701   -0.0057408 -0.00736255 904.63
52 1702   -0.00547021 -0.00673598 913.316
52 1705   -0.00487334 -0.00830429 917.412
52 1706   -0.00540733 -0.00803288 903.231
52 1735   0.00339458 0.00876894 965.848
52 1736   0.00269444 0.00904393 953.876
52 1737   0.00283325 0.00843272 968.489
52 1869   -0.00139408 -0.0118569 160.673
52 1870   -0.00136561 -0.0118771 108.763
52 1916   -0.00140027 -0.0118904 18.3887
52 1917   -0.0014125 -0.0118709 75.0177
52 1928   0.00920312 -0.00688712 895.29
52 1929   0.00925892 -0.00605566 887.457
52 1930   0.00986669 -0.00587063 857.978
52 1938   0.00185638 0.0110211 806.475
52 1940   0.00168433 0.0111352 797.227
52 1941   0.00169995 0.0112714 777.506
52 1985   -0.0043305 -0.0011328 926.371
52 1986   -0.0041815 0.00109024 932.508
52 1987   -0.00592625 -0.00200661 913.141
52 1988   -0.00665517 -0.000876464 911.198
52 1989   -0.0061767 0.00283411 923.599
52 1990   -0.00606683 0.000567391 918.552
52 1991   -0.00518891 0.00166029 927.999
52 1992   -0.00850471 0.00230983 912.66
52 1993   -0.00692231 0.0011602 915.161
52 1994   -0.00718693 0.00232222 914.43
52 1995   -0.00823024 0.000548885 911.135
52 1996   -0.00910907 0.00108294 918.018
52 2128   0.0112991 -0.00399265 669.417
52 2131   0.0113184 -0.00397324 673.912
52 2132   0.0113071 -0.00397504 670.58
52 2133   0.00136804 0.011909 19.7623
52 2134   0.0013578 0.011891 92.4066
52 2135   0.00137839 0.0118737 112.113
52 2136   0.00138816 0.0119009 14.2701
52 2137   0.0014016 0.0118824 51.6693
52 2138   0.00138954 0.0118825 62.5123
52 2139   0.0014011 0.0119013 8.70228
52 2140   0.00139416 0.0119104 5.22337
52 2141   -0.00139208 -0.0119147 3.66796
52 2144   -0.00136976 -0.011902 28.3326
52 2145   -0.001386 -0.0119013 11.891
52 2146   -0.0112611 0.00398418 673.289
52 2147   -0.0112938 0.00400524 670.202
52 2148   -0.0112613 0.00402215 672.065
52 2149   -0.0112809 0.00402856 670.775
52 2150   -0.0113079 0.00398169 670.943
52 2151   -0.0112916 0.00399015 671.081
52 2152   -0.0112785 0.0039755 672.886
52 2153   -0.0112068 0.00381446 685.938
52 2154   -0.0111331 0.00388713 684.291
52 2155   -0.0111291 0.00381505 688.291
52 2156   -0.0111988 0.00390023 680.778
52 2157   -0.0112228 0.00387286 681.814
52 2158   -0.011271 0.00390068 679.151
52 2159   -0.0112482 0.00389703 679.685
52 2160   -0.0112463 0.00396837 674.934
52 2161   -0.011219 0.00396741 676.334
52 2162   -0.0112145 0.00393675 678.113
52 2163   -0.0112427 0.00391871 678.263
52 2164   -0.011233 0.00393106 677.729
52 2165   -0.0112484 0.00394571 676.235
52 2166   -0.0112724 0.0039226 677.486
52 2167   -0.0112601 0.00393978 676.309
52 2168   -0.0112561 0.00392695 677.364
52 2169   -0.0112949 0.003934 676.657
52 2170   -0.0112801 0.00392992 676.882
52 2171   -0.0112726 0.00394093 675.99
52 2172   -0.0112839 0.003959 674.218
52 2173   -0.011281 0.00394617 675.459
52 2174   -0.0112939 0.00394383 675.75
52 2175   -0.0113045 0.00396954 673.029
52 2176   -0.0112936 0.00396149 673.895
52 2177   -0.0112999 0.00395182 675.101
52 2178   -0.0113221 0.00396804 677.833
52 2179   -0.0113135 0.0039642 675.155
52 2180   -0.011309 0.00395499 675.283
end
