859
16 1   -0.0449779 0.00332874 969.677
16 2   -0.0451567 -0.00285026 969.677
16 3   -0.0477766 -0.0217741 929.696
16 4   -0.0411382 -0.00636248 969.586
16 5   -0.043494 -0.0296588 877.351
16 6   -0.0384815 -0.00705935 969.294
16 7   -0.00103623 -0.0215035 960.014
16 8   -0.00123828 0.0213708 958.09
16 9   -0.000341753 -0.0188199 964.971
16 10   -0.000629043 0.018843 961.532
16 11   0.00685147 0.0220073 849.091
16 12   -0.00229867 -0.0173017 966.179
16 13   0.00563634 0.0178729 891.306
16 14   0.00368825 0.01906 904.866
16 15   -0.00245429 0.0175022 966.36
16 16   0.00231074 0.0179578 921.176
16 17   0.000744682 0.0178883 947.357
16 18   0.00666081 0.0149888 863.084
16 19   0.00544569 0.0162201 885.855
16 20   -0.00197499 -0.0155758 964.613
16 21   0.00685147 0.0187956 885.384
16 22   -0.00206765 0.0159385 967.086
16 23   -0.00066125 0.0142502 969.356
16 24   -0.00155857 0.0138969 963.656
16 25   -0.00159495 0.0130344 947.522
16 26   -9.97427e-06 0.0136859 968.322
16 27   0.000681811 0.0137382 964.546
16 28   -0.00198612 -0.0136199 965.148
16 29   -0.000943443 0.0126496 957.122
16 30   -0.000116194 0.0129705 968.841
16 31   0.00169447 0.0130424 956.856
16 32   0.000917771 0.0130858 968.141
16 33   -0.00210545 -0.0130682 965.761
16 34   0.000354251 0.012674 964.879
16 35   -0.00132771 -0.0129664 960.947
16 36   0.00128687 0.0129238 968.177
16 37   -0.000393919 0.0127387 969.11
16 38   0.00069643 0.0127371 969.31
16 39   -0.00192718 -0.0123577 963.463
16 40   -0.00167797 -0.0128444 966.617
16 41   -0.00166145 -0.0125201 943.416
16 42   0.00126802 0.0125422 957.133
16 43   0.000906045 0.0124715 946.751
16 44   -0.00147117 -0.0123806 873.418
16 45   0.00142513 0.0123981 941.28
16 46   0.00110853 0.0124386 920.065
16 322   0.00676101 -0.0108426 718.773
16 324   0.00705661 -0.0106878 703.442
16 325   0.0073522 -0.0105329 650.402
16 326   0.00396785 -0.0142941 946.208
16 327   0.00275784 -0.0142803 949.551
16 328   -0.00688667 0.0146723 889.857
16 329   -0.00449889 0.0149299 926.935
16 330   -0.00312536 0.0150002 950.619
16 331   -0.00264313 0.0141682 950.735
16 342   -0.0443147 -0.0225038 954.537
16 343   -0.0429624 -0.0254745 943.969
16 360   -0.00730937 0.0334722 912.147
16 361   -0.00995935 0.0304166 947.549
16 362   -0.00568524 0.0266924 954.2
16 363   -0.0085779 0.0271382 961.159
16 365   -0.0511394 0.0239928 878.564
16 366   -0.0451432 0.0217779 956.184
16 376   -0.00995195 -0.0304335 949.701
16 377   -0.0073078 -0.0334779 917.134
16 378   -0.00855215 -0.02719 961.416
16 379   -0.00563402 -0.0267915 953.938
16 380   -0.0410063 0.0310456 898.682
16 381   -0.0391947 0.0336819 902.338
16 382   -0.0387161 0.0282554 950.833
16 384   -0.0328821 -0.023077 966.01
16 390   0.0010471 -0.0136856 948.205
16 395   -0.0033858 -0.0221797 968.244
16 396   -0.00485814 -0.0240923 968.145
16 397   -0.00348539 0.0220851 964.344
16 398   -0.00492236 0.0239695 966.453
16 409   -0.0473563 0.0130746 967.882
16 410   -0.0423563 0.0130746 968.537
16 411   -0.0432966 0.0168169 968.395
16 412   -0.0410178 0.0154758 963.496
16 413   0.00370585 0.0126315 777.022
16 414   0.0040061 0.0160093 898.326
16 415   0.0023703 0.0157537 921.732
16 416   0.00281924 0.0165601 915.324
16 417   0.0042134 0.0143914 872.205
16 418   0.00396959 0.0152517 893.777
16 419   0.00314472 0.0151542 906.56
16 420   0.00362266 0.0140653 884.167
16 421   0.00315439 0.0145225 903.364
16 422   0.000105295 0.0164464 960.483
16 423   -0.0004944 0.015082 968.15
16 424   -0.000881799 0.0158375 968.818
16 425   0.00159998 0.0156653 938.664
16 426   0.000676562 0.0160244 954.502
16 427   0.000308826 0.0153575 961.506
16 428   0.00101475 0.0142538 956.954
16 429   0.0015971 0.0150078 940.512
16 430   0.000867385 0.0149891 955.303
16 431   0.00182394 0.0135193 944.278
16 432   0.00194371 0.0144828 934.127
16 433   0.00154523 0.0140623 947.711
16 434   0.00229641 0.0135492 923.753
16 435   0.00329816 0.0131889 873.827
16 436   0.00328422 0.0136261 888.406
16 437   0.00238256 0.0141016 920.075
16 438   0.00281594 0.0140832 908.101
16 439   0.00286474 0.0125532 884.472
16 440   0.00257661 0.0131504 910.734
16 441   0.00291085 0.013037 894.389
16 442   0.00228884 0.0122803 922.742
16 443   0.00258753 0.0125056 903.168
16 444   0.00247349 0.0128275 913.332
16 445   0.00208203 0.0124544 944.165
16 446   0.00191403 0.0127627 952.778
16 447   0.0022136 0.0127364 931.372
16 448   0.00156925 0.0124394 967.558
16 449   0.00183795 0.012407 964.548
16 450   0.00172697 0.0125544 966.616
16 452   0.00173969 0.0122824 969.444
16 453   0.00162077 0.0123017 964.589
16 476   -0.0501567 -0.00540458 969.564
16 479   -0.0489851 -0.00936275 969.155
16 480   -0.0513284 -0.0114531 967.477
16 481   -0.0435737 -0.0108718 969.633
16 482   -0.0464206 -0.0113177 969.295
16 483   -0.0421347 -0.0126888 969.133
16 484   -0.0433675 -0.0151769 969.375
16 485   -0.0396992 -0.011842 968.24
16 486   -0.0387177 -0.0133331 964.901
16 602   -0.0242354 0.0325 964.004
16 603   -0.0263561 0.0225 969.306
16 604   -0.0297517 0.0245559 969.346
16 605   -0.0220954 0.0247222 968.065
16 606   -0.0209068 0.0297222 965.148
16 607   -0.0142778 0.0241666 969.136
16 608   -0.0161504 0.0322222 959.23
16 609   -0.0136301 0.0291666 960.473
16 610   -0.0164236 0.0222222 969.237
16 611   -0.0195496 0.0222222 968.682
16 626   -0.00661321 0.0109873 746.404
16 645   -0.040255 -0.0240374 961.319
16 647   -0.00326621 0.0135853 931.922
16 648   -0.00220296 0.0128783 922.775
16 649   -0.00278966 0.0131581 929.11
16 650   -0.00215341 0.0123958 886.5
16 653   -0.0411485 0.0249972 966.124
16 654   -0.0392028 0.0261879 966.148
16 655   -0.00613661 0.0135822 877.462
16 656   -0.00497549 0.0139029 906.697
16 657   -0.00527196 0.0117749 826.42
16 658   -0.00615875 0.0118329 802.377
16 659   -0.00674994 0.0125685 828.416
16 660   -0.00453191 0.0133787 907.871
16 661   -0.0039182 0.0134021 921.083
16 662   -0.00398762 0.0124534 931.341
16 663   -0.00380623 0.0128578 922.007
16 665   -0.00367013 0.0120919 964.663
16 666   0.00361983 -0.0124728 940.07
16 667   -0.0423504 0.0186898 962.059
16 668   -0.042936 0.020705 967.3
16 671   0.0026809 -0.0134525 920.903
16 672   0.00304518 -0.0122859 878.941
16 673   0.00320627 -0.01282 900.035
16 674   0.00158449 -0.0133375 924.101
16 675   0.00217478 -0.0132482 910.147
16 676   0.00220604 -0.0126958 867.552
16 677   0.00163139 -0.0125089 858.715
16 678   0.00128635 -0.0128386 897.018
16 679   0.00238637 -0.0123928 834.586
16 680   0.00271578 -0.0123394 834.321
16 682   -0.0072044 -0.0107201 871.417
16 683   -0.00661321 -0.0110299 793.284
16 684   -0.0423594 -0.0198112 958.685
16 685   -0.0420391 -0.0170555 963.165
16 686   -0.0112905 0.0229166 967.608
16 687   -0.00926136 0.0246382 967.836
16 688   -0.0112817 -0.0229335 968.152
16 689   -0.00923534 -0.02469 968.516
16 690   0.00621073 -0.0130047 872.079
16 691   0.00687318 -0.0121676 809.984
16 692   0.0043401 -0.0126277 892.606
16 693   0.00486003 -0.0133008 908.003
16 694   0.00642978 -0.011489 775.244
16 695   0.00583859 -0.0113433 776.493
16 696   0.00470547 -0.011937 845.009
16 698   0.0050996 -0.0117305 817.308
16 699   0.00549373 -0.011524 795.329
16 702   -0.00405977 0.0178784 938.346
16 703   -0.00688667 0.0181044 850.11
16 704   -0.00627334 0.0163075 902.557
16 705   -0.00504667 0.0162444 921.441
16 706   -0.0329708 0.0230838 966.175
16 707   -0.0348606 0.0252936 967.985
16 708   -0.00380669 -0.0177993 967.649
16 709   -0.00667318 -0.0182698 950.97
16 728   -0.0510348 0.0324945 679.243
16 735   -0.0461668 -0.0323578 731.645
16 775   0.000472445 -0.0134987 953.851
16 776   0.000800062 -0.0127807 908.331
16 777   0.000209777 -0.01287 944.028
16 778   0.000523549 -0.0130928 939.566
16 780   0.000321588 -0.0125846 914.165
16 781   0.000650992 -0.0125312 893.033
16 787   -0.00132765 -0.0124039 852.124
16 789   -0.00108768 -0.0127962 943.422
16 790   -0.0011995 -0.0125425 896.831
16 791   -0.00108255 -0.0124421 866.566
16 792   -0.00290612 -0.0321152 865.264
16 793   -0.00263213 -0.0286724 901.443
16 794   0.000630313 -0.0235756 927.937
16 795   0.000643744 -0.0271104 880.361
16 796   0.00400338 -0.0278278 776.983
16 797   0.00582018 -0.0250661 849.602
16 798   0.00658488 -0.0208411 927.53
16 799   0.00490506 -0.0232805 901.65
16 800   0.00307483 -0.0225074 919.856
16 801   0.00383952 -0.0203809 942.226
16 802   0.00566976 -0.019755 944.979
16 803   0.00132998 -0.0182579 964.518
16 804   0.00308002 -0.0191737 956.767
16 805   0.00339125 -0.0175324 966.457
16 806   0.00106814 -0.0168228 968.755
16 807   0.00221429 -0.0164103 969.427
16 808   0.00114124 -0.0146302 964.525
16 809   0.00201646 -0.015074 965.712
16 810   -0.000717525 -0.015437 969.063
16 811   0.000213072 -0.0159864 969.466
16 812   0.000484012 -0.0151302 969.255
16 813   -0.000760815 -0.0146311 969.52
16 814   -0.000132354 -0.0145304 969.185
16 815   -0.00129473 -0.0139211 969.458
16 816   -0.0010638 -0.0134914 968.63
16 817   -0.000577978 -0.013669 967.697
16 818   8.08951e-05 -0.0136891 963.33
16 819   -0.000180444 -0.0139981 967.814
16 820   -6.65388e-05 -0.0129821 959.952
16 821   -0.00048896 -0.0133248 964.079
16 822   -0.000144317 -0.0133953 962.641
16 823   -0.000301789 -0.0128153 965.263
16 824   -0.000797689 -0.0128453 952.094
16 825   -0.000593541 -0.0130035 960.966
16 826   -0.000305004 -0.0125719 967.288
16 829   -0.000719762 -0.0126831 949.112
16 830   -0.000581758 -0.0124663 960.5
16 831   -0.000518828 -0.0125979 963.281
16 832   -0.000963418 -0.0125203 906.251
16 833   -0.000743547 -0.0124989 940.64
16 834   -0.000821836 -0.012604 936.51
16 836   -0.000940187 -0.0124063 887.449
16 837   -0.00083007 -0.0124242 919.745
16 879   0.00683755 -0.0140639 922.605
16 881   0.00531854 -0.0149475 958.183
16 882   0.00506587 -0.0167777 968.298
16 883   0.00658488 -0.017793 964.055
16 912   0.00386638 -0.0336373 687.127
16 913   0.000232766 -0.0336373 748.651
16 919   -0.00266504 0.0285007 894.141
16 920   -0.00290772 0.0320021 849.866
16 922   0.000233822 0.0335299 734.415
16 923   0.00386691 0.0335299 684.253
16 931   0.00349235 0.0121776 749.827
16 932   0.00303856 0.0122512 830.015
16 933   0.00606292 0.0139338 837.06
16 934   0.00486713 0.0139016 829.222
16 935   0.00631426 0.0115991 784.135
16 936   0.00630756 0.0129869 811.138
16 937   0.00690546 0.0124318 824.019
16 938   0.00542748 0.0114925 728.105
16 1074   -0.0370699 0.0218352 818.857
16 1075   -0.0410333 0.0218378 930.747
16 1076   -0.0403533 0.0234407 953.244
16 1077   -0.0384077 0.0246314 958.182
16 1078   -0.0368492 0.0240449 943.273
16 1079   -0.038586 -0.0212136 708.309
16 1080   -0.0393381 -0.0199581 782.989
16 1081   -0.040124 -0.0220293 896.652
16 1082   -0.0408762 -0.0207738 914.762
16 1098   -0.00805991 0.021833 842.668
16 1099   -0.00789666 0.0235545 948.928
16 1100   -0.00645032 0.0233316 937.735
16 1121   -0.00804823 -0.0218561 857.42
16 1122   -0.00640786 -0.0234133 951.729
16 1123   -0.00786693 -0.0236125 955.181
16 1124   -0.00457737 0.0192324 906.402
16 1125   -0.00438591 0.0206346 913.854
16 1126   -0.0061776 0.0193953 794.364
16 1127   -0.00590452 0.0216583 838.262
16 1128   -0.00670931 0.020909 682.828
16 1129   -0.00584967 -0.0194461 888.146
16 1130   -0.00419603 -0.01929 966.803
16 1131   -0.00420267 -0.0206974 957.941
16 1132   -0.00658585 -0.0209531 754.174
16 1133   -0.00576566 -0.0217317 888.647
16 1152   0.00661321 0.0110359 802.966
16 1153   0.0072044 0.0107261 875.095
16 1196   -0.00422611 0.0121738 914.172
16 1199   -0.00465844 0.0125548 893.491
16 1200   -0.00482857 0.0120072 860.074
16 1225   -0.00340778 0.0127258 922.291
16 1226   -0.00304319 0.0128427 918.094
16 1227   -0.00310379 0.0122127 903.822
16 1228   -0.00339714 0.0123526 932.295
16 1229   -0.00250183 0.0124619 885.78
16 1230   -0.00287615 0.0123723 888.817
16 1231   -0.00280492 0.0126291 905.633
16 1232   -0.00247706 0.0122207 854.027
16 1233   -0.00266908 0.0121895 850.602
16 1256   -0.0072044 0.0109389 727.772
16 1260   -0.0073522 0.0103388 644.649
16 1261   -0.00705661 0.0104936 713.136
16 1304   -0.0334719 -0.0210257 950.841
16 1306   -0.0366126 -0.0224592 889.443
16 1307   -0.0374408 -0.0214335 759.269
16 1308   -0.035191 -0.0215385 915.043
16 1309   -0.0360193 -0.0205128 837.506
16 1323   -0.0242352 -0.0325 964.299
16 1324   -0.0296844 -0.0245513 969.361
16 1325   -0.0263312 -0.0225 969.332
16 1326   -0.0314681 -0.0335257 956.16
16 1327   -0.0280824 -0.0310257 964.01
16 1328   -0.0294682 -0.028077 966.868
16 1329   -0.0323458 -0.0291027 964.059
16 1330   -0.033362 -0.0320513 952.794
16 1446   -0.00699673 -0.012459 858.04
16 1447   -0.00640554 -0.0116382 791.357
16 1449   -0.00551875 -0.0115376 724.385
16 1450   -0.00510341 -0.0121889 748.853
16 1451   -0.00442429 -0.0120452 723.139
16 1458   -0.0505624 -0.0249868 855.981
16 1459   -0.0490972 -0.0299008 722.868
16 1460   -0.0510348 -0.032543 678.766
16 1479   -0.0386394 0.0165039 941.285
16 1482   -0.0406413 0.0185173 928.387
16 1483   -0.0392091 0.0176725 916.65
16 1484   -0.0380697 0.0186686 874.201
16 1485   -0.039878 0.0203206 846.578
16 1486   -0.0384458 0.0203092 666.297
16 1489   0.00568319 -0.0322746 680.191
16 1490   0.00568319 -0.0295492 704.302
16 1501   0.000466288 0.0233129 917.049
16 1502   0.000597837 0.0268077 865.428
16 1503   0.00398825 0.0273688 754.935
16 1504   0.00515626 0.0238234 832.02
16 1505   0.00320817 0.0217987 897.056
16 1536   -0.0356385 0.0210279 882.92
16 1537   -0.0335281 0.0210279 951.806
16 1545   -0.0386071 -0.0188318 830.101
16 1547   -0.0398249 -0.0168918 936.721
16 1548   -0.0387177 -0.01556 951.446
16 1551   -0.0405424 -0.0309516 904.885
16 1552   -0.0390402 -0.0336505 903.894
16 1553   -0.0358222 -0.0321762 940.389
16 1559   -0.0209033 -0.0297279 965.452
16 1560   -0.0220903 -0.0247279 968.143
16 1561   -0.0136222 -0.0291835 961.284
16 1562   -0.0161478 -0.0322279 960.218
16 1563   -0.0142687 -0.0241835 969.136
16 1564   -0.049225 0.026008 847.427
16 1565   -0.0491204 0.0299236 722.706
16 1566   -0.0434819 0.0258119 934.782
16 1567   -0.04595 0.0245326 920.462
16 1568   -0.04619 0.0324291 730.551
16 1569   -0.0438265 0.0297928 869.177
16 1574   0.00568346 0.0291195 700.573
16 1575   0.00568346 0.0320597 679.021
16 1582   -0.0314896 0.0335279 955.914
16 1583   -0.0281046 0.0310279 963.835
16 1584   -0.0295346 0.0280838 966.8
16 1585   -0.0347976 0.0322098 945.635
16 1586   -0.0333393 0.0277936 966.852
16 1587   -0.0352173 0.0294196 956.936
16 1595   -0.00689358 -0.0148865 918.556
16 1596   -0.00639031 -0.0134178 878.083
16 1597   -0.00538377 -0.0132483 851.27
16 1598   -0.00485391 -0.0161462 950.272
16 1599   -0.00606675 -0.0164605 953.909
16 1600   -0.00477735 -0.0139245 900.177
16 1601   -0.00457104 -0.0148809 926.069
16 1602   -0.00281282 -0.0139904 948.251
16 1603   -0.00320014 -0.0148082 948.186
16 1604   -0.00408042 -0.0134308 898.185
16 1605   -0.00348679 -0.0135696 918.806
16 1606   -0.00400773 -0.012611 840.637
16 1607   -0.00355062 -0.0123151 862.346
16 1608   -0.0032011 -0.0125781 908.554
16 1609   -0.00306458 -0.0130127 925.1
16 1610   -0.00234819 -0.0124956 960.176
16 1611   -0.00250995 -0.0128818 952.923
16 1612   -0.00289168 -0.012237 917.87
16 1613   -0.0025934 -0.0122854 943.483
16 1625   -0.0499779 0.00577443 969.546
16 1626   -0.0499779 0.0107711 968.285
16 1630   -0.0109404 0.0209722 955.756
16 1631   -0.00907448 0.0209722 884.337
16 1633   -0.00907141 -0.0209779 894.404
16 1634   -0.0109365 -0.0209779 958.1
16 1710   -0.0511394 0.0177511 948.047
16 1711   -0.0457966 0.0168169 967.418
16 1712   -0.0485178 0.0154758 964.017
16 1713   -0.0497788 0.0205022 929.364
16 1714   -0.0470576 0.0197627 952.305
16 1737   -0.0399779 0.0107974 968.765
16 1738   -0.0399779 0.00585338 969.557
16 1741   -0.0511071 -0.0172511 950.474
16 1742   -0.0483213 -0.0182481 954.824
16 1743   -0.0499355 -0.0144533 963.697
16 1744   -0.047371 -0.0139066 967.632
16 1745   -0.0457568 -0.0159488 968.273
16 1765   0.0054124 0.0127586 772.296
16 1766   0.00481115 0.0131508 786.974
16 1767   0.00422666 0.0126439 748.681
16 1768   0.00512769 0.0118721 725.506
16 1769   0.00511932 0.0123216 742.652
16 1770   0.00453147 0.0122231 719.528
16 1773   0.00468765 0.0116961 706.215
16 1774   0.00439205 0.011851 700.24
16 1809   -0.034618 -0.0252532 968.112
16 1810   -0.0342979 -0.0277532 966.366
16 1811   -0.0383196 -0.0253979 966.173
16 1812   -0.0366294 -0.0241225 948.73
16 1813   -0.0360652 -0.0293524 955.031
16 1814   -0.0380755 -0.0281278 955.451
16 1869   -0.0195439 -0.0222279 968.699
16 1870   -0.0164187 -0.0222279 969.223
52 207   -0.000821343 -0.00125258 939.273
52 208   -0.000788905 0.00100981 939.833
52 209   0.00118541 -0.00464277 953.756
52 210   0.00308093 0.000856423 930.5
52 211   0.00114182 -0.00238626 943.106
52 212   0.00310848 -0.00131678 934.514
52 213   -0.00265173 0.0021772 939.65
52 214   0.00114671 0.00204933 939.606
52 215   -0.000622389 -0.00577155 957.714
52 216   -0.00430251 0.0053974 952.38
52 217   -0.00250002 0.00433493 950.79
52 218   0.00485169 0.00183648 917.723
52 219   0.00469117 0.00393329 918.291
52 220   0.00479807 -0.00236033 929.131
52 221   -0.00602888 0.00439137 931.05
52 222   -0.00057346 -0.00761646 968.351
52 223   0.00645754 0.000921076 909.329
52 224   -0.00819362 0.00625699 910.833
52 225   0.00915579 0.000327048 900.199
52 226   0.0080174 0.00173977 891.294
52 227   -0.00754208 0.00494493 914.553
52 228   0.00196324 -0.00861543 969.224
52 229   0.00628712 -0.00173121 915.813
52 230   0.000605046 -0.00862452 968.228
52 231   -0.0086123 0.000586552 909.728
52 232   -0.00885263 -0.000706913 898.515
52 233   0.00681061 -0.000528121 911.264
52 234   0.000551771 0.00843557 967.631
52 235   0.00841108 -0.000906747 910.548
52 236   0.00861147 -0.00204234 907.835
52 237   0.00746989 -0.0037363 909.369
52 238   0.00739191 -0.00265322 909.766
52 239   -0.00872422 0.00391229 890.163
52 240   0.00840351 -0.00555461 902.581
52 241   0.0091889 -0.00599832 887.021
52 242   0.00933291 -0.00260115 891.466
52 243   0.000118269 -0.00981916 954.433
52 244   -0.000724474 0.0102543 959.078
52 245   0.000422459 0.00968984 946.683
52 246   0.00924439 -0.00672056 889.728
52 247   0.0084172 -0.00400918 896.51
52 248   0.0100901 -0.00539443 821.317
52 249   2.60791e-06 0.0102071 945.101
52 250   0.00872778 -0.00469831 889.994
52 251   -0.00959123 0.00095997 924.126
52 252   -0.00959214 0.00419903 837.739
52 253   -0.000661943 -0.0100251 929.851
52 254   -0.00992873 0.00479202 811.222
52 255   0.0100493 -0.00473729 793.865
52 256   0.00906066 -0.0034849 878.854
52 257   0.00947242 -0.00448488 848.044
52 258   0.00959365 -0.00384764 835.28
52 259   -0.000639261 -0.0107704 905.743
52 260   0.000449507 0.0109182 918.347
52 261   -0.0101155 0.00376348 777.964
52 262   0.0104964 -0.00436809 735.775
52 263   0.0100085 -0.00368147 788.191
52 264   0.000899056 0.0109969 868.746
52 265   -0.00132594 -0.0109522 838.173
52 266   -0.000961091 -0.0109973 865.428
52 267   0.0101299 -0.00329991 786.633
52 268   0.0108818 -0.00437562 707.624
52 269   0.0103343 -0.00394952 742.914
52 270   -0.0104792 0.00403865 731.244
52 271   0.0107397 -0.00330805 720.59
52 272   0.0104843 -0.00341297 737.975
52 273   0.00159822 0.0110893 810.586
52 274   0.000678396 0.0116431 873.921
52 275   -0.000594052 -0.0116335 897.505
52 276   0.0105876 -0.00375173 716.95
52 277   0.00103156 0.0113516 818.221
52 278   -0.00135268 -0.01129 792.92
52 279   -0.00089714 -0.011333 843.637
52 280   0.0109394 -0.00404509 695.111
52 281   0.0109837 -0.00352144 697.102
52 282   0.0108074 -0.00383977 700.604
52 283   0.000909927 0.0115337 809.251
52 284   0.00126688 0.011438 772.065
52 285   -0.00143223 -0.0114448 758.888
52 286   0.0014259 0.0113546 778.975
52 287   -0.000789002 -0.0115039 844.008
52 288   0.000733791 0.0118448 839.777
52 289   -0.000664303 -0.0118358 877.564
52 290   -0.00111223 -0.0113981 798.437
52 291   0.0109481 -0.0037144 693.427
52 292   0.0111086 -0.0039942 685.679
52 293   -0.00109113 -0.0115689 764.424
52 294   0.00128438 0.0116313 695.642
52 295   0.0010458 0.011696 724.794
52 296   -0.000946546 -0.0116389 780.727
52 297   0.00118493 0.0117072 637.188
52 298   -0.00117455 -0.0116443 708.491
52 299   -0.00127519 -0.0116283 693.521
52 300   0.0112059 -0.00403255 682.345
52 301   0.011227 -0.00369564 679.63
52 302   0.000934868 0.0118362 720.79
52 303   -0.00114756 -0.0117651 565.756
52 304   0.00101535 0.0117967 654.149
52 305   0.00121786 0.011818 387.552
52 306   -0.00128145 -0.011739 553.022
52 307   0.0112625 -0.00392598 676.744
52 308   -0.00121136 -0.0118059 426.283
52 309   0.000993589 0.0119054 562.145
52 310   -0.00121256 -0.0118624 238.731
52 311   0.0113918 -0.00376417 685.03
52 312   -0.00119472 -0.011938 2.60196
52 313   -0.00804295 0.00733868 929.685
52 320   0.00870693 -0.0074162 911.813
52 347   -0.000465016 0.0115231 968.994
52 348   -0.00083839 0.0111239 964.738
52 350   -0.00133565 0.0113921 962.042
52 351   -0.00175196 0.0113629 943.31
52 383   0.00257136 -0.00975486 965.023
52 487   -0.00642365 -0.00499818 900.481
52 489   -0.011342 0.00374989 674.778
52 490   -0.000927503 -0.0117472 760.549
52 491   -0.00084021 -0.0118143 789.927
52 492   -0.000909925 -0.0118863 724.257
52 493   -0.00108862 -0.0117979 568.048
52 494   -0.000988554 -0.0118551 642.833
52 495   -0.00100588 -0.0117831 691.717
52 496   -0.00106789 -0.0119124 352.564
52 497   -0.00104401 -0.0118742 504.832
52 498   -0.0010919 -0.011853 445.541
52 499   -0.00110811 -0.011903 271.056
52 500   -0.00112345 -0.0118796 314.644
52 522   -0.00951626 0.00618609 884.541
52 523   -0.00990845 0.00544857 841.03
52 527   -0.0109632 0.00431213 701.688
52 528   -0.0106135 0.0043514 726.065
52 529   -0.0105864 0.00466921 743.204
52 577   0.00460231 -0.00900653 967.483
52 578   0.00368106 -0.00971596 966.662
52 579   0.00538027 -0.00910694 958.321
52 580   0.00254305 -0.00568408 959.303
52 581   0.00265741 -0.00754519 968.255
52 582   0.00418678 -0.00797518 969.081
52 583   0.00479335 -0.00708898 965.189
52 584   0.00448464 -0.00389199 939.482
52 585   0.0034947 -0.00501327 952.649
52 586   0.00421563 -0.00598818 957.543
52 587   0.00657908 -0.00431861 922.301
52 588   0.00537251 -0.00435209 936.644
52 589   0.00503863 -0.0053817 948.259
52 590   0.0075971 -0.00575496 918.604
52 591   0.00680713 -0.0051406 925.757
52 592   0.00596102 -0.00566153 943.359
52 593   0.0078702 -0.00745838 941.839
52 594   0.00733808 -0.00663235 937.277
52 595   0.00767756 -0.00828138 965.973
52 596   0.00638117 -0.00653279 950.389
52 597   0.00603649 -0.00735376 964.053
52 598   0.00611156 -0.00875186 956.058
52 599   0.00652726 -0.00812171 968.997
52 600   0.00707428 -0.00843091 964.708
52 601   0.00708658 -0.00914909 886.281
52 627   -0.00347971 0.00778614 968.71
52 628   -0.00440505 0.00688294 963.589
52 629   -0.00565912 0.00756928 966.787
52 630   -0.00691911 0.00771899 962.569
52 631   -0.0073872 0.00862372 966.417
52 634   -0.00534305 0.00846568 968.334
52 635   -0.004415 0.0086907 969.024
52 636   -0.00439986 0.0097133 965.917
52 637   -0.00515573 0.0101513 956.903
52 638   -0.00571712 0.00906636 951.12
52 639   -0.00554493 0.00972938 933.126
52 640   -0.00666067 0.0089656 930.971
52 641   -0.00610397 0.00911314 931.094
52 642   -0.00624013 0.00964315 859.11
52 643   -0.00663221 0.00964732 802.377
52 644   -0.00696144 0.00934389 852.335
52 716   0.00156081 0.00823961 968.089
52 717   0.00238878 0.00770854 963.593
52 718   0.00208626 0.00920593 925.73
52 720   0.00286323 0.00915521 966.424
52 721   0.00381587 0.00862763 945.897
52 722   0.00318356 0.00854384 962.231
52 749   0.00475067 -0.0102415 964.491
52 750   0.00511671 -0.0104783 961.758
52 751   0.00510552 -0.00973504 953.396
52 752   0.00544863 -0.0101585 941.747
52 753   0.00549449 -0.00978524 936.602
52 755   0.00578614 -0.0102103 920.013
52 756   0.00607996 0.0051642 906.691
52 757   0.00733902 0.00499172 885.398
52 758   -0.00184566 -0.00805139 967.727
52 759   -0.00222501 -0.00240007 936.477
52 760   -0.00206965 -0.00466252 944.917
52 761   -0.00421752 -0.00400797 923.38
52 762   -0.00506928 -0.00476209 915.211
52 763   -0.0032412 -0.00506355 937.041
52 764   -0.00463415 -0.00565496 920.801
52 765   -0.00355176 -0.00598037 937.055
52 766   -0.00484247 -0.00647845 918.442
52 767   -0.00422029 -0.00709659 929.218
52 768   -0.00286984 -0.0076027 957.78
52 769   -0.00335545 -0.00697557 945.293
52 771   -0.00290131 -0.00903663 968.578
52 772   -0.00325035 -0.00840051 959.204
52 773   -0.00384458 -0.00860288 944.485
52 871   -0.00167865 -0.0106863 849.872
52 957   0.00116778 0.0118556 314.654
52 958   0.0011044 0.0118455 465.342
52 959   0.00108346 0.0118891 390.769
52 960   0.00112071 0.0119145 189.369
52 961   0.00118187 0.0118904 134.197
52 962   0.00115574 0.0119056 117.251
52 964   0.0011976 0.0119057 54.7049
52 965   -8.90438e-05 0.0113979 965.554
52 966   0.00043734 0.0115399 930.993
52 967   0.000263619 0.0112248 936.224
52 968   0.000212017 0.0117219 967.894
52 969   -4.26643e-05 0.0117041 968.2
52 970   -0.00543009 -0.00173504 914.593
52 971   -0.00330589 -0.00184455 929.506
52 972   -0.00412685 -0.00305143 923.408
52 973   -0.00404382 0.0011405 930.172
52 974   -0.00529839 -0.000461418 917.846
52 975   -0.00391987 -0.000594895 926.376
52 976   -0.0058857 0.00285819 923.115
52 977   -0.00584439 0.00077474 917.542
52 978   -0.00500031 0.00177322 926.339
52 979   -0.00775175 0.00132091 909.98
52 980   -0.00663172 0.00135059 914.283
52 981   -0.00682785 0.00236882 914.186
52 982   -0.00850216 0.00310414 897.628
52 983   -0.00819881 0.0020648 908.003
52 984   -0.00769696 0.00261347 908.608
52 985   -0.00890138 0.00229036 902.874
52 986   -0.00910666 0.00282058 890.669
52 987   -0.00943324 0.00191988 913.879
52 988   -0.0098801 0.00207924 900.896
52 989   -0.0104444 0.00268384 813.912
52 990   -0.00992523 0.00252016 871.305
52 991   -0.00968365 0.00289104 864.22
52 992   -0.0104078 0.00302034 782.477
52 993   -0.0101597 0.00342392 782.777
52 994   -0.00999129 0.00312178 820.273
52 995   -0.0106399 0.00321341 743.284
52 996   -0.0105126 0.00343155 740.363
52 998   -0.010907 0.00323184 721.139
52 999   -0.0111269 0.00352466 694.124
52 1033   -0.0112452 0.0036262 684.826
52 1034   -0.0111595 0.00365543 686.832
52 1035   -0.0107311 0.00393577 707.432
52 1036   -0.0109524 0.00408499 695.742
52 1037   -0.0112065 0.00399782 681.2
52 1038   -0.0110698 0.00400736 688.281
52 1039   -0.0112102 0.00389915 678.855
52 1040   -0.0106831 0.00358899 716.199
52 1041   -0.0107429 0.00378367 707.334
52 1042   -0.0109748 0.00357817 698.834
52 1043   -0.0108659 0.00345635 709.31
52 1044   -0.0109965 0.00390731 690.889
52 1045   -0.0109399 0.00375998 695.149
52 1046   -0.0108909 0.00383284 697.298
52 1047   -0.0111322 0.00386987 683.12
52 1048   -0.0110552 0.0038685 687.55
52 1049   -0.0110358 0.0038004 689.096
52 1050   -0.0111391 0.00381149 683.006
52 1051   -0.0110866 0.00377369 686.582
52 1052   -0.0111199 0.00372502 685.937
52 1053   -0.0111675 0.00373662 683.119
52 1054   -0.0111771 0.00378904 681.225
52 1055   -0.0112436 0.00368253 681.897
52 1056   -0.0112483 0.00374549 678.646
52 1057   -0.0112055 0.00372336 681.639
52 1058   -0.0113378 0.00372496 676.657
52 1059   -0.0112963 0.00371999 677.999
52 1060   -0.0112965 0.00368324 680.209
52 1068   -0.0113662 0.00375036 674.621
52 1101   0.0067077 -0.00925715 870.327
52 1102   0.00627969 -0.00916913 916.584
52 1103   0.00593738 -0.00957441 904.31
52 1104   0.00633206 -0.00993455 829.066
52 1105   0.00604601 -0.00988108 879.5
52 1107   0.00656899 -0.00979193 777.279
52 1108   0.00673388 -0.00963986 792.039
52 1157   -0.0058457 0.0101077 910.42
52 1158   -0.00615403 0.00997466 860.068
52 1161   -0.00370602 0.0101386 966.428
52 1162   -0.00384522 0.0108426 968.512
52 1163   0.00144136 0.0037364 943.205
52 1164   0.00321507 0.00464031 934.457
52 1165   0.00226959 0.00647593 954.091
52 1166   0.00343567 0.00621951 939.261
52 1167   -0.000958937 0.00488657 955.224
52 1168   0.00051239 0.00438048 949.812
52 1169   0.00112001 0.00554081 954.527
52 1170   -4.53938e-05 0.00749653 968.309
52 1171   -0.000930692 0.00599388 961.697
52 1172   0.000228054 0.00609992 960.923
52 1173   -0.00240028 0.00778761 968.852
52 1174   -0.00149488 0.00692926 966.496
52 1175   -0.000913395 0.00785173 969.164
52 1176   -0.00135343 0.00966188 964.706
52 1177   -0.00227254 0.00870453 969.437
52 1178   -0.00136503 0.00871564 969.162
52 1179   -0.00298933 0.00977965 965.665
52 1180   -0.00262014 0.00936669 967.948
52 1181   -0.00199177 0.0098628 963.968
52 1182   -0.00263286 0.010237 959.374
52 1183   -0.00208906 0.0103146 959.003
52 1184   -0.00198093 0.0109541 943.34
52 1185   -0.00233608 0.0113023 905.596
52 1186   -0.00327083 0.0108994 952.358
52 1187   -0.00277517 0.0106527 949.441
52 1188   -0.00258652 0.0110785 916.183
52 1189   -0.00277385 0.0114582 830.448
52 1191   -0.00334043 0.0112514 939.098
52 1192   -0.00303209 0.0113844 862.47
52 1215   0.00222835 -0.0104233 955.475
52 1216   0.00282586 -0.0108025 942.646
52 1217   0.00334006 -0.011244 938.447
52 1218   0.00303108 -0.0113772 861.827
52 1244   0.0038439 -0.0102377 965.566
52 1245   0.00436444 -0.0104079 967.86
52 1246   0.00333171 -0.0106557 958.045
52 1247   0.00354327 -0.0109591 960.505
52 1249   0.00426701 -0.0108445 969.593
52 1250   0.00395803 -0.0109777 969.432
52 1264   0.00208912 -0.0114981 915.592
52 1267   0.00180201 0.00970269 900.132
52 1268   0.00114725 0.00999064 914.621
52 1269   0.00117695 0.0105867 879.074
52 1270   0.00158355 0.0106809 853.24
52 1271   0.00193742 0.0103562 864.43
52 1272   0.00218559 0.00997406 869.882
52 1341   -0.0053265 -0.00790708 900.559
52 1342   -0.00459824 -0.00779506 918.919
52 1343   -0.00438323 -0.00834083 924.842
52 1400   -0.00758279 -0.00430439 889.712
52 1402   -0.00710579 -0.00237484 902.423
52 1403   -0.00860167 -0.00185839 881.747
52 1436   0.00450751 0.00692453 923.648
52 1437   0.00590673 0.00749267 904.996
52 1438   0.00631794 0.00705711 907.319
52 1439   0.00567569 0.00657624 910.728
52 1440   0.00424535 0.00819092 929.981
52 1441   0.00456567 0.00757954 921.467
52 1442   0.00532264 0.00766682 903.711
52 1444   0.004733 0.00840922 914.115
52 1445   0.00527165 0.00814717 899.767
52 1461   0.00265436 -0.0111367 913.091
52 1462   0.00280251 -0.0113414 865.579
52 1463   0.00240878 -0.0113685 892.229
52 1465   0.00265536 -0.0115665 816.247
52 1466   0.0024585 -0.01158 856.728
52 1492   0.0084422 0.0028977 882.585
52 1493   0.00798089 0.00400334 886.968
52 1506   -0.0011333 -0.011923 98.6557
52 1577   -0.00704701 -0.00602293 896.506
52 1580   -0.00590095 -0.00661033 908.26
52 1581   -0.00600703 -0.00734049 905.764
52 1639   -0.00115494 -0.0118893 193.898
52 1640   -0.00118352 -0.0118865 143.197
52 1641   -0.00119961 -0.0119028 56.2284
52 1642   -0.00115285 -0.0119136 83.647
52 1643   0.000613478 -0.0104117 956.025
52 1644   0.000978543 -0.0114719 967.3
52 1645   0.00146279 -0.0105883 956.689
52 1646   0.00161786 -0.0112129 949.612
52 1647   -0.000202717 -0.0109984 937.204
52 1648   0.000479811 -0.0112813 967.637
52 1649   0.00026981 -0.0108456 955.112
52 1651   0.000219155 -0.0116169 968.375
52 1653   -0.000311681 -0.0116811 958.533
52 1654   -0.000134038 -0.0114438 958.35
52 1687   -0.00119238 -0.0119139 20.8942
52 1688   -0.00118756 -0.0119213 11.4398
52 1820   -0.00161927 -0.00888652 960.597
52 1821   -0.00229442 -0.00907394 933.381
52 1822   -0.00218352 -0.00979473 876.292
52 1823   -0.00167405 -0.0100799 888.597
52 1824   -0.00116539 -0.0096361 931.744
52 1961   0.0107143 -0.00300815 745.668
52 1963   0.0104491 -0.00259971 807.591
52 1966   0.00996122 -0.00226199 878.037
52 1967   0.0101199 -0.00278655 825.442
52 1975   0.0111989 -0.00359205 685.112
52 1976   0.0111269 -0.0034812 692.719
52 1989   0.0113085 -0.00370323 676.159
52 1991   0.0113188 -0.00374933 673.641
52 2015   0.00115798 0.0119283 37.6738
52 2019   0.00118344 0.0119162 32.5277
52 2020   0.00117464 0.0119351 8.13791
52 2021   0.00116994 0.0119235 28.715
52 2022   0.00118862 0.0119384 3.85943
52 2024   0.00119174 0.0119241 10.5323
52 2025   0.0011854 0.011932 6.67296
52 2028   -0.00118537 -0.0119373 3.52801
52 2030   -0.00117842 -0.0119261 10.4039
52 2031   -0.00116506 -0.0119267 22.2453
52 2042   -0.011323 0.00385667 672.355
52 2043   -0.0112699 0.0038648 675.377
52 2044   -0.0112299 0.00381307 677.814
52 2045   -0.0112631 0.00378278 676.571
52 2046   -0.0113248 0.00381573 672.126
52 2047   -0.0113049 0.00379357 673.927
52 2048   -0.0113258 0.00377086 673.773
52 2049   -0.0113724 0.00379506 669.881
52 2050   -0.0113429 0.00378369 672.227
52 2051   -0.0113485 0.00380234 671.009
52 2052   -0.0113672 0.00376201 673.485
52 2053   -0.01136 0.00377438 672.159
52 2054   -0.0113734 0.00377846 671.306
52 2056   -0.0113903 0.00377084 675.965
52 2059   -0.0113827 0.00376937 673.587
52 2060   -0.0113793 0.00376224 674.006
52 2070   0.0113482 -0.0037342 673.39
52 2074   0.0113716 -0.00375518 671.869
52 2075   0.0113533 -0.00375725 671.922
52 2076   0.0110745 -0.00378126 685.618
52 2077   0.0111029 -0.00385573 683.747
52 2078   0.0111741 -0.00374731 680.619
52 2079   0.0112494 -0.00387405 676.095
52 2080   0.011218 -0.00380141 677.437
52 2081   0.0111871 -0.00384215 679.106
52 2082   0.0113333 -0.00384384 671.503
52 2083   0.0112716 -0.00381561 674.496
52 2084   0.0112888 -0.00385101 673.827
52 2085   0.0113101 -0.0037833 672.743
52 2086   0.0113004 -0.00380306 672.98
52 2087   0.0113294 -0.00381626 671.293
52 2088   0.0113476 -0.00377795 670.928
52 2089   0.0113445 -0.00380413 670.485
52 2090   0.0113337 -0.00378887 671.319
52 2091   0.0113644 -0.00380121 669.341
52 2092   0.0113726 -0.00377122 670.861
52 2093   0.0113658 -0.0037889 669.434
52 2094   0.0113598 -0.00378092 670.179
52 2105   0.0113778 -0.00378407 668.862
52 2108   0.0113883 -0.00377074 674.984
52 2109   0.0113809 -0.00377505 670.53
end
