553
16 289   -0.0449783 0.00325642 831.641
16 290   -0.0451575 -0.00292575 831.268
16 291   -0.0399783 0.00825645 850.262
16 292   -0.0477788 -0.0217785 715.09
16 293   -0.0398003 -0.0323018 697.491
16 294   -0.036099 -0.0293534 733.774
16 295   -0.0322075 -0.0320516 740.6
16 296   -0.0322315 0.0320581 740.339
16 297   -0.0411399 -0.00645116 842.039
16 298   0.00309831 0.0212674 698.313
16 299   -0.00185027 0.0289231 690.19
16 300   -0.0435004 -0.0296603 689.327
16 301   -0.0497153 -0.0177534 743.352
16 302   -0.00070708 0.0235364 702.596
16 303   -0.0384823 -0.00714335 852.986
16 304   0.00385952 0.0174009 711.158
16 305   -0.00211706 -0.0138017 707.298
16 306   0.00267871 0.0130833 712.383
16 307   0.00517871 0.0131697 751.185
16 308   -0.00582439 0.0146721 818.61
16 309   -0.00696148 0.0139099 857.601
16 310   -0.0066662 0.0125148 866.549
16 311   -0.00600462 0.0118646 843.258
16 312   -0.00621488 0.0110199 873.315
16 495   -0.00461706 -0.014635 754.175
16 496   0.0043467 -0.0133136 765.198
16 497   0.00690881 -0.0133787 812.876
16 512   -0.00631762 -0.0131195 792.544
16 513   -0.00572642 -0.0117626 771.056
16 514   0.00690881 0.0107696 876.534
16 515   0.00572642 0.011849 786.191
16 516   0.00690881 0.0116894 830.23
16 517   -0.00720473 0.0119965 891.928
16 518   -0.00687647 0.0109225 911.071
16 519   -0.00720473 0.0112489 909.96
16 520   -0.00733587 0.0103352 965.405
16 521   -0.00700762 0.0105072 934.784
16 524   -0.0443199 -0.0225104 736.841
16 525   -0.0429715 -0.0254782 714.821
16 528   0.00705661 -0.0105555 937.701
16 545   -0.0497794 0.0184201 736.364
16 546   -0.0473135 0.0259431 691.825
16 547   -0.0511397 0.0239921 694.355
16 548   -0.048419 0.0211705 717.287
16 549   -0.0440401 0.0244675 714.563
16 550   -0.0451456 0.0217755 733.336
16 559   -0.0139099 -0.0319548 738.207
16 562   -0.0100884 -0.0304322 725.452
16 563   -0.00736392 -0.0334774 703.815
16 564   -0.00871784 -0.0270926 739.283
16 565   -0.00571145 -0.0265036 721.094
16 566   -0.0355303 0.0307406 727.483
16 567   -0.0410118 0.0310474 695.112
16 568   -0.0392003 0.0336825 697.427
16 569   -0.0359548 0.0279521 748.532
16 570   -0.0387287 0.0282589 721.867
16 571   -0.00255775 0.0211794 735.904
16 575   -0.0359199 -0.0253792 807.613
16 576   -0.0345733 -0.0210258 903.545
16 577   -0.032942 -0.0230775 859.795
16 588   -0.00496742 0.0301392 699.385
16 589   -0.00739119 0.0333797 703.319
16 590   -0.0101046 0.0303671 724.42
16 591   -0.00640441 0.0270126 720.452
16 592   -0.00895716 0.0272405 737.483
16 593   -0.00295376 -0.0321102 689.024
16 594   -0.00267185 -0.0284761 694.918
16 595   0.000649644 -0.0268144 688.139
16 596   0.00400435 -0.027714 678.406
16 597   0.00424559 -0.0210621 700.054
16 598   0.00582265 -0.0239655 686.988
16 599   2.06518e-06 -0.0235456 701.1
16 600   0.00177971 -0.021542 702.552
16 601   -0.00164765 -0.0219206 720.049
16 602   -0.00159239 -0.0195702 732.016
16 636   -0.0242953 0.0325 757.718
16 637   -0.0288816 0.0295581 765.172
16 638   -0.0264517 0.0225 815.556
16 639   -0.0297959 0.0245581 817.423
16 640   -0.0222535 0.0247437 789.311
16 641   -0.0210113 0.0297437 764.527
16 642   -0.0144795 0.0242311 793.603
16 643   -0.016228 0.0322437 744.874
16 644   -0.0137726 0.0292311 747.479
16 646   -0.0197369 0.0222437 796.964
16 647   -0.0166172 0.0222437 799.659
16 669   -0.0471582 0.0161379 774.955
16 670   -0.0473571 0.0130556 795.338
16 671   -0.0423571 0.0130556 848.413
16 672   -0.0386397 0.0173364 906.665
16 673   -0.0432978 0.0168077 832.229
16 674   -0.0410185 0.0154682 871.606
16 679   -0.0147539 -0.0219548 807.464
16 695   -0.0505635 -0.0249876 690.425
16 703   0.00483964 -0.0121207 804.312
16 715   0.00135873 0.016467 713.056
16 716   0.00136031 0.0143538 709.466
16 717   -0.00125316 0.0179766 728.137
16 718   -0.00261449 0.0167889 744.027
16 719   -0.000682245 0.0140195 703.975
16 720   -0.00204516 0.0149451 719.9
16 721   -0.00134026 0.0128559 696.59
16 723   -0.00537791 0.0118464 796.337
16 724   -0.00485711 0.0121193 763.083
16 754   -0.000639021 -0.0151853 715.223
16 755   0.00220364 -0.0163563 720.596
16 756   -0.000604902 -0.0180494 723.76
16 757   0.00111748 -0.0183961 715.808
16 758   0.0030967 -0.0130035 728.108
16 759   0.000819227 -0.0135629 711.73
16 760   0.0019395 -0.0143871 721.15
16 839   0.0063611 0.0163261 719.362
16 840   0.0063611 0.014422 743.172
16 871   -0.00690881 -0.0115598 841.699
16 881   -0.0072044 -0.0105715 900.879
16 882   -0.00661321 -0.0108813 841.845
16 884   0.0073522 -0.0105623 956.932
16 885   0.0073522 -0.010239 961.213
16 892   -0.0370471 -0.0219477 924.956
16 893   -0.0379139 -0.0242494 835.278
16 894   -0.0402707 -0.0240415 790.637
16 897   -0.0411571 0.024999 742.321
16 898   -0.0392174 0.0261916 746.629
16 937   -0.0400728 0.0190141 910.176
16 938   -0.0423522 0.018687 850.03
16 939   -0.0429391 0.0207028 794.214
16 940   -0.0396898 0.0216262 893.806
16 941   -0.0414164 0.0226451 803.54
16 982   -0.0472088 0.0298594 678.974
16 983   -0.0442787 0.0323649 680.836
16 991   -0.00565348 0.0206864 883.242
16 992   -0.00445887 0.0224458 770.462
16 993   -0.00578984 0.0245126 749.984
16 999   -0.0461686 -0.0323585 675.615
16 1038   0.000226789 -0.0336328 678.766
16 1039   0.00386339 -0.0336328 671.575
16 1045   0.000132729 0.0321636 679.541
16 1071   -0.051035 0.0312418 671.859
16 1072   -0.051035 0.0337472 668.691
16 1073   -0.0501575 -0.00542498 818.796
16 1076   -0.0485441 -0.0149631 775.422
16 1077   -0.0489863 -0.00938741 808.373
16 1078   -0.0513288 -0.0114625 792.24
16 1079   -0.0435763 -0.0109132 833.013
16 1080   -0.0464228 -0.0113502 810.05
16 1081   -0.0459805 -0.0144259 797.889
16 1082   -0.042137 -0.0127196 847.392
16 1083   -0.04337 -0.0151949 832.171
16 1084   -0.0397005 -0.011874 863.141
16 1085   -0.0387182 -0.0133485 875.254
16 1086   -0.0423641 -0.0198189 832.207
16 1087   -0.0420412 -0.0170657 858.462
16 1088   -0.0389704 -0.0205889 932.61
16 1089   -0.0405115 -0.0214067 877.108
16 1090   -0.0386077 -0.0180003 916.231
16 1091   -0.0398259 -0.0160651 888.549
16 1100   -0.00488995 -0.0237092 751.337
16 1101   -0.00335912 -0.0222395 744.465
16 1157   -0.0345835 0.0210291 901.868
16 1158   -0.0329833 0.0230872 860.423
16 1159   -0.0348867 0.0252987 816.002
16 1160   -0.0374567 0.0226443 902.884
16 1161   -0.0372435 0.0248558 817.315
16 1177   -0.00573831 0.0161736 835.5
16 1178   -0.0044891 0.0174172 806.154
16 1179   -0.00687539 0.017748 892.522
16 1180   -0.00562618 0.0189915 888.043
16 1185   -0.0104106 -0.0209774 873.124
16 1186   -0.0117717 -0.0229322 819.12
16 1187   -0.00939954 -0.0245926 789.395
16 1188   -0.0073579 -0.0216603 901.391
16 1189   -0.0072158 -0.0233207 823.243
16 1219   0.0056817 -0.0295311 672.924
16 1220   0.0056817 -0.0322655 669.915
16 1237   -0.00494916 -0.0168566 802.479
16 1238   -0.00664972 -0.0178411 880.157
16 1239   -0.00327623 -0.0187139 768.774
16 1240   -0.00582707 -0.0201907 900.174
16 1241   -0.00415414 -0.0203814 804.972
16 1248   0.00559988 0.0238994 686.11
16 1250   0.0037775 0.0294089 675.401
16 1251   0.00567762 0.0322453 670.061
16 1258   -0.0243311 -0.0325 757.924
16 1259   -0.0288795 -0.0295516 765.854
16 1260   -0.0222938 -0.0225 799.601
16 1261   -0.0297931 -0.0245516 817.609
16 1262   -0.02652 -0.0225 815.945
16 1263   -0.0185594 -0.0244548 788.577
16 1264   -0.0187169 -0.0294548 761.759
16 1284   -0.0114732 0.0229811 821.768
16 1285   -0.0101151 0.0209937 878.57
16 1286   -0.00961896 0.0248545 784.382
16 1287   -0.00758176 0.0218734 897.612
16 1288   -0.00766352 0.0237468 811.374
16 1323   0.00661321 -0.0125241 845.129
16 1324   0.00631762 -0.0110637 889.471
16 1325   0.00690881 -0.0110772 908.247
16 1326   0.00572642 -0.0121003 834.364
16 1327   0.00572642 -0.0113735 855.976
16 1329   0.0072044 -0.0115281 899.389
16 1330   0.0072044 -0.0120934 878.043
16 1377   -0.00466466 0.0139649 765.884
16 1378   -0.00461936 0.0128254 751.215
16 1379   -0.00338463 0.0142444 728.993
16 1380   -0.0023398 0.0129804 702.427
16 1381   -0.00302126 0.0134433 712.678
16 1382   -0.00365742 0.0127666 711.511
16 1385   -0.00264656 0.0123572 698.34
16 1386   -0.00330536 0.0122503 697.947
16 1419   -0.0503025 -0.0337715 668.802
16 1420   -0.049831 -0.028673 677.887
16 1421   -0.048366 -0.03113 673.8
16 1424   -0.0517675 -0.032543 669.799
16 1425   -0.0517675 -0.030086 673.729
16 1484   0.00523308 -0.0183506 712.834
16 1485   0.00385336 -0.0167906 723.145
16 1486   0.00483922 -0.0151317 745.006
16 1487   0.00621895 -0.0149278 762.759
16 1489   0.00681014 -0.0162268 739
16 1490   0.00681014 -0.0179907 716.757
16 1496   -0.0499783 0.00575719 818.107
16 1497   -0.0499783 0.0107572 798.985
52 313   -0.0028727 0.00220624 698.229
52 314   -0.00102625 0.00544336 701.846
52 315   0.00106093 0.00438735 700.984
52 316   0.0013913 -0.00222911 698.697
52 317   0.00134186 -0.0044092 700.426
52 318   -0.00263051 -0.002254 698.505
52 319   0.00328356 -0.0010675 696.89
52 320   -0.000769365 0.00107958 698.634
52 321   -0.000678401 -0.00111911 698.677
52 322   -0.00468304 0.00105151 696.24
52 323   0.00113889 0.00213956 698.886
52 324   -0.00305162 0.00432223 699.587
52 325   -0.00453181 -0.00121004 696.153
52 326   -0.00256039 -0.00437594 700.878
52 327   -0.00664469 0.00196291 694.561
52 328   0.00312212 0.00110248 697.038
52 329   -0.01045 0.00303014 690.354
52 330   -0.000657717 -0.00542113 702.359
52 331   0.0030883 -0.00549326 700.478
52 332   0.00693224 -0.000491204 691.776
52 333   -0.00994537 0.00102733 688.364
52 334   0.00516224 -0.00187996 695.168
52 335   -0.00807522 0.000550004 691.527
52 336   0.00678119 0.00134142 691.436
52 337   0.00484975 0.00212264 695.219
52 338   0.0100596 -0.00101824 686.175
52 339   -0.00485765 0.00535275 698.906
52 340   -0.0061846 -0.00216556 693.737
52 341   0.00485235 0.00394089 697.193
52 342   0.00838331 -0.00141772 690.04
52 343   -0.00409212 -0.00531063 702.261
52 344   -0.00776636 -0.00131691 691.068
52 345   0.00548936 -0.00350454 696.066
52 346   -0.00699918 0.00362542 695.791
52 347   0.00472735 -0.00487418 698.116
52 348   0.00644993 0.00460536 693.76
52 349   0.00947291 -0.00419317 690.829
52 350   -0.00641671 -0.00375121 693.597
52 351   0.00816048 -0.00329694 692.45
52 352   0.00795704 0.00243227 688.85
52 353   -0.0056074 -0.00482276 697.723
52 354   -0.00510884 0.006948 698.32
52 355   -0.00624628 0.00485086 697.908
52 356   -0.0102414 -0.00235249 686.094
52 357   0.010203 0.00235391 684.265
52 358   -0.0088969 -0.00239647 688.668
52 359   0.00703653 -0.003995 695.097
52 360   -0.00946857 0.00436901 692.397
52 361   0.00675319 0.00584618 696.247
52 362   0.00917293 0.00257826 686.509
52 363   -0.00831561 0.00426089 695.438
52 364   0.00762318 0.00387797 689.006
52 365   0.00581395 -0.00581444 697.964
52 366   0.00931178 -0.00539474 694.078
52 367   -0.00778716 -0.00413441 689.318
52 368   0.00699612 -0.00523846 697.214
52 369   -0.0107748 -0.00356804 685.77
52 370   -0.0086856 -0.00362832 688.132
52 371   0.00861972 0.00447765 685.769
52 372   -0.00723272 0.00580585 699.775
52 373   0.00591181 -0.00667856 697.749
52 374   0.00937544 0.00392502 685.51
52 375   -0.00996158 0.00555952 693.755
52 376   -0.00812571 0.0054368 698.887
52 377   -0.00804534 -0.00508744 686.737
52 378   0.0055818 -0.00733427 695.719
52 379   0.0100918 0.00443789 685.273
52 380   0.00763618 -0.00578976 698.802
52 381   0.0109619 0.00345236 683.467
52 382   -0.00943002 -0.00428472 686.682
52 383   -0.0101747 -0.00426842 687.151
52 384   0.00835034 -0.00579835 699.203
52 385   0.00686021 -0.00692008 699.926
52 386   -0.00934687 0.00599289 699.55
52 387   0.00876409 0.00521893 683.589
52 388   0.00740241 -0.00660726 701.491
52 389   -0.00866396 0.00597829 701.188
52 390   0.0106482 0.00418958 685.273
52 391   0.00691132 -0.00761585 700.782
52 392   -0.00881404 -0.00527659 684.09
52 393   0.00883201 -0.0069412 710.285
52 394   -0.00930028 -0.00497996 685.503
52 395   -0.0104413 -0.00496411 688.421
52 396   -0.00809537 0.00688735 707.987
52 397   0.0100853 0.00513563 685.44
52 398   0.00841703 -0.00656598 704.424
52 399   -0.00852455 0.00659745 706.413
52 400   0.00792966 -0.00692509 705.614
52 401   0.00739206 -0.00786428 706.145
52 402   -0.00759077 0.00787608 709.857
52 403   -0.00879502 -0.00616654 678.757
52 404   -0.00898407 -0.00579366 681.299
52 405   0.0090606 0.00614049 677.982
52 406   -0.00971992 -0.00534532 685.646
52 407   -0.00821381 0.0073906 716.161
52 408   -0.0101163 -0.00534577 687.852
52 409   0.00870183 -0.00745331 723.093
52 410   0.00934534 0.00538573 682.619
52 411   0.00796817 -0.00736006 709.744
52 412   0.0096997 0.00535391 683.87
52 413   -0.00800606 0.007693 717.334
52 414   0.00777087 -0.00765987 709.731
52 415   0.00923457 0.00642948 675.617
52 416   -0.00912778 -0.00643109 676.422
52 417   -0.00766796 0.00823356 711.74
52 418   0.00933966 0.00581335 680.446
52 419   -0.00939941 -0.00587126 681.746
52 420   0.00832535 -0.00751306 718.832
52 421   0.00885375 -0.00774842 740.476
52 422   -0.00964902 -0.00571955 684.25
52 423   -0.0102568 -0.0057282 689.668
52 424   0.0104307 0.00538312 686.952
52 425   0.0074345 -0.00821527 707.887
52 426   0.00983362 0.00573514 683.503
52 427   0.00961507 0.00591871 681.044
52 428   0.00802763 -0.00790411 717.072
52 429   0.00828166 -0.00780718 726.081
52 430   0.0102923 0.00570836 687.094
52 431   -0.00820773 0.00796065 729.546
52 432   -0.00987214 -0.00591335 685.745
52 433   -0.0100836 -0.00592155 688.914
52 434   -0.00940349 -0.00632034 677.794
52 435   0.00958225 0.00632234 677.197
52 436   -0.00948607 -0.0061334 680.177
52 437   0.00778216 -0.00825181 710.47
52 438   0.00968368 0.00613873 680.004
52 439   -0.00816826 0.00818323 728.946
52 440   0.0100094 0.00585648 684.912
52 441   0.00862651 -0.00795984 757.336
52 442   0.0084309 -0.00795885 742.893
52 443   -0.00804378 0.00827306 718.851
52 444   0.00804924 -0.00809605 718.761
52 445   0.0101676 0.00584793 686.655
52 446   -0.00959148 -0.00645143 677.122
52 447   0.00796444 -0.00821642 714.184
52 448   0.00988767 0.0061803 682.78
52 449   -0.00983061 -0.00611137 684.655
52 450   -0.00969414 -0.0061797 681.729
52 451   -0.0101607 -0.00612406 692.049
52 452   0.00972897 0.00644817 676.473
52 453   0.00999484 0.00608162 685.044
52 454   -0.0097304 -0.00635415 680.103
52 455   0.00866427 -0.00813391 785.947
52 456   0.00815052 -0.00834341 718.886
52 457   0.00837474 -0.00813139 749.85
52 458   -0.0083378 0.00826904 753.031
52 459   0.00824712 -0.00817165 731.869
52 460   0.0102102 0.0060625 688.433
52 461   0.0101164 0.006159 688.126
52 462   0.00827958 -0.00830434 733.712
52 463   -0.00984962 -0.006389 682.254
52 464   -0.0100633 -0.00621141 691.47
52 465   -0.00994471 -0.00620693 687.104
52 466   0.00847037 -0.0082341 783.966
52 467   0.00992537 0.00631502 683.052
52 468   0.0098681 0.00639927 679.807
52 469   0.00856429 -0.00823564 809.347
52 470   -0.00837683 0.00837604 761.492
52 471   -0.00992747 -0.0063101 686.496
52 472   -0.00989267 -0.00646716 681.974
52 473   -0.0100857 -0.00630673 695.018
52 474   0.0100185 0.00635052 687.691
52 475   0.0101176 0.00630978 691.789
52 476   -0.0100042 -0.00634664 691.08
52 477   0.0100785 0.00634942 692.587
52 478   0.0101415 0.00625354 690.391
52 479   -0.0101291 -0.00634659 699.844
52 480   0.010015 0.00642912 688.309
52 481   0.00858282 -0.00832168 849.744
52 482   -0.0099762 -0.006441 688.169
52 483   -0.0100098 -0.00639938 692.552
52 484   0.0100603 0.00645863 697.483
52 485   -0.0100923 -0.0063999 704.577
52 486   -0.0100546 -0.00641279 699.851
52 487   -0.0101055 -0.00643555 721.151
52 488   0.0101051 0.00641079 700.25
52 489   0.00852567 -0.00844127 343.828
52 523   0.00611826 0.00674934 710.454
52 526   -0.0033087 0.0082998 708.917
52 527   -0.00439397 0.00779242 702.11
52 616   0.00458864 -0.00800131 703.546
52 617   0.00513127 -0.00774762 698.404
52 728   0.00616395 -0.00788383 689.752
52 729   0.00654507 -0.00792389 697.093
52 766   -0.00958501 0.00649095 703.072
52 767   -0.00891824 0.00680284 709.332
52 768   -0.0094151 0.00695594 710.392
52 769   -0.00929579 0.00668174 706.59
52 770   -0.00910246 0.00741572 725.258
52 771   -0.00916893 0.00709846 714.744
52 772   -0.00890616 0.00705562 714.129
52 773   -0.00856784 0.00744356 724.087
52 774   -0.008908 0.00748437 728.708
52 775   -0.00877136 0.00726138 719.49
52 776   -0.00880887 0.00767625 739.121
52 777   -0.00860009 0.00765686 734.482
52 778   -0.0087948 0.00790541 759.025
52 779   -0.0086614 0.00799531 768.946
52 780   -0.00838102 0.0079165 740.992
52 781   -0.00857269 0.0079129 753.61
52 782   -0.00849731 0.00780361 740.348
52 783   -0.00840901 0.00816238 764.337
52 784   -0.00850004 0.00801914 760.917
52 785   -0.00841276 0.00803243 752.177
52 786   -0.00851701 0.00811143 776.056
52 787   -0.00847556 0.00818674 783.297
52 789   -0.00851493 0.00824055 806.778
52 790   -0.00852101 0.00828218 823.604
52 791   -0.00846024 0.00836253 817.541
52 792   -0.00849385 0.00832152 831.768
52 794   -0.00846978 0.00840925 827.006
52 795   -0.00853365 0.00834919 866.442
52 827   -0.00999962 -0.00647293 689.315
52 830   -0.0100487 -0.00644282 700.839
52 831   -0.0100418 -0.00647719 697.579
52 832   -0.0100273 -0.00646134 694.717
52 833   -0.0100843 -0.00645595 729.017
52 834   -0.0100612 -0.00646701 706.317
52 835   -0.0100651 -0.00645033 707.176
52 836   -0.0100965 -0.00647908 846.567
52 837   -0.0100745 -0.0064743 717.624
52 838   -0.0100864 -0.006472 760.188
52 902   0.00371828 0.00498553 701.368
52 903   0.00237523 0.0053515 702.544
52 904   0.00449068 0.00765426 721.607
52 905   0.00468092 0.00655316 709.03
52 906   0.00161517 0.00816794 707.196
52 907   0.00228344 0.00691254 705.523
52 908   0.00343625 0.00764766 708.752
52 910   0.00334276 0.00873442 708.551
52 911   0.00219321 0.00907172 709.048
52 928   -0.000438442 -0.00706811 704.441
52 930   -0.001259 -0.00921165 709.303
52 931   -0.00173534 -0.00802931 706.601
52 956   -0.00372452 -0.00672587 706.959
52 957   -0.00358256 -0.00867946 709.984
52 958   -0.00290935 -0.00783442 707.574
52 959   -0.00422805 -0.00811907 718.583
52 960   -0.00528308 -0.00724071 717.6
52 961   -0.00446844 -0.00717916 711.88
52 963   -0.00480367 -0.00836111 740.633
52 964   -0.00528169 -0.00800014 733.933
52 985   -8.69447e-05 -0.00933483 705.684
52 988   0.000444745 0.00882734 706.268
52 989   -0.00216879 0.00859896 706.34
52 990   -0.000977494 0.00761745 704.143
52 1183   -0.011024 -0.000125381 687.352
52 1184   -0.0109381 -0.00146584 686.846
52 1200   0.0105471 -0.00364788 689.18
52 1201   0.0109109 -0.00235217 686.534
52 1296   -0.00627174 0.00728725 695.769
52 1297   -0.007178 0.00764198 704.385
52 1298   -0.00700699 0.00664699 700.901
52 1299   -0.00747486 0.00695564 704.07
52 1301   -0.00631869 0.00790102 691.938
52 1302   -0.00675708 0.00794709 700.648
52 1365   0.007827 0.00593011 684.13
52 1366   0.00868099 0.00605878 679.165
52 1367   0.0083788 0.00556484 682.956
52 1370   0.00789964 0.00644818 679.303
52 1371   0.00835873 0.00639992 678.148
52 1395   0.00938438 -0.00666556 704.789
52 1396   0.00993083 -0.00588673 694.772
52 1401   0.00380979 -0.00773554 704.276
52 1402   0.00279473 -0.0069503 703.019
52 1403   0.00166002 -0.0094175 705.906
52 1404   0.000826524 -0.00894349 704.427
52 1405   0.00181996 -0.00768679 705.007
52 1406   0.000951368 -0.0078591 704.618
52 1407   0.00313367 -0.0084493 708.427
52 1408   0.00227485 -0.00904888 710.167
52 1409   0.00230995 -0.00840257 707.421
52 1412   0.00336989 -0.00896877 711.697
52 1413   0.00282726 -0.00922246 719.164
52 1434   -0.00617463 -0.00582959 699.932
52 1435   -0.00581059 -0.00680153 710.983
52 1436   -0.00652625 -0.00701951 713.609
52 1437   -0.00754296 -0.00551456 688.265
52 1438   -0.00694729 -0.00635305 699.453
52 1439   -0.0068333 -0.00574207 694.941
52 1442   -0.00841243 -0.00635761 678.448
52 1443   -0.00753795 -0.00643756 685.692
52 1444   -0.00788977 -0.00610106 683.31
52 1538   0.0108577 0.000103251 685.154
52 1539   0.0107712 0.0014463 684.827
52 1577   -0.00849459 0.00840019 871.134
52 1578   -0.00852485 0.00838116 884.793
52 1579   -0.00854775 0.0083942 899.352
52 1582   -0.00852664 0.00843645 956.846
52 1583   -0.0085023 0.00842328 886.675
52 1584   -0.00851876 0.00842396 917.248
52 1585   0.00843327 -0.00831212 785.429
52 1586   0.00839854 -0.00839772 758.51
52 1587   0.0083701 -0.00834209 752.431
52 1588   0.00848838 -0.00841517 853.775
52 1589   0.00847317 -0.00835064 818.258
52 1590   0.00845025 -0.00838485 800.719
52 1591   0.00854633 -0.00835331 869.142
52 1592   0.00855845 -0.00837681 885.223
52 1593   0.00851637 -0.008356 859.497
52 1594   0.00851164 -0.00840127 893.657
52 1595   0.00854028 -0.0083827 889.374
52 1596   0.0085167 -0.0083763 875.373
52 1599   0.00853218 -0.008432 826.083
52 1600   0.0085414 -0.00840149 904.576
52 1601   0.00853028 -0.00841471 931.038
52 1636   0.00997631 0.00645849 682.982
52 1637   0.00992255 0.00646414 679.872
52 1653   0.0100965 0.00643101 704.637
52 1657   0.0100866 0.00645041 749.203
52 1658   0.0100927 0.00644001 707.553
52 1659   0.0100991 0.00647323 907.384
52 1660   0.0100953 0.00648223 965.34
52 1663   -0.00867978 0.00817818 802.001
52 1664   -0.00864818 0.00812266 789.296
52 1665   -0.00857644 0.00813254 787.69
52 1666   -0.00863452 0.00819452 806.571
52 1667   -0.00856213 0.00820935 806.018
52 1668   -0.0085822 0.00817665 798.625
52 1671   -0.0086406 0.00823615 818.914
52 1672   -0.0085664 0.00827874 834.197
52 1673   -0.00861936 0.00829165 840.783
52 1674   -0.00861295 0.00825249 825.349
52 1675   -0.00858679 0.00824356 820.592
52 1676   -0.00856386 0.00833067 862.371
52 1677   -0.00859624 0.00830353 847.487
52 1678   -0.00856944 0.00829955 844.674
52 1680   -0.00859756 0.00832479 858.074
52 1681   -0.00858376 0.00834451 869.487
52 1691   -0.00853739 0.00840899 909.104
52 1692   -0.00853049 0.00841885 920.798
end
