943
52 206   -0.00467684 -0.00117303 870.095
52 207   0.00286874 0.00132139 882.545
52 208   -0.000884509 -0.000964705 884.687
52 209   0.00103237 0.00240454 888.748
52 210   0.000807174 -0.00426656 885.537
52 211   -0.000873509 0.00122887 882.447
52 212   0.00258265 -0.00519372 863.04
52 213   -0.00268324 -0.00216242 888.217
52 214   0.000962755 -0.00201195 881.935
52 215   0.00281013 -0.000901528 873.128
52 216   -0.00585331 -0.00483624 899.313
52 217   -0.00626911 -0.00249556 862.879
52 218   0.00460415 -0.00188056 848.892
52 219   0.00453226 -0.00391814 839.365
52 220   0.00465947 0.0022895 879.696
52 221   0.00642048 0.00109509 836.507
52 222   -0.00418662 -0.00560219 913.452
52 223   0.00642377 -0.000852048 821.887
52 224   -0.000965664 -0.00530778 900.99
52 225   -0.00260882 -0.00425089 900.764
52 226   0.000965293 0.00438846 896.501
52 227   0.00805979 0.00198579 796.884
52 228   0.00478954 0.0042081 897.316
52 229   -0.00076169 0.00536999 886.91
52 230   0.00812123 -0.00163328 797.918
52 231   0.00633707 0.00497224 896.331
52 232   -0.00783172 -0.00194688 809.85
52 233   0.00224948 0.00540766 907.289
52 234   -0.00386778 -0.00726769 939.551
52 235   0.00366338 0.00533907 910.177
52 236   -0.001259 -0.00696584 913.209
52 237   -0.000545182 0.00695039 891.263
52 238   0.0093847 0.0010517 739.041
52 239   0.00626044 0.0066182 922.005
52 240   -0.00781684 0.00111747 798.29
52 241   -0.00878088 -0.00308611 793.746
52 242   -0.00456956 -0.00840786 961.277
52 243   -0.00841688 -0.000706699 775.679
52 244   0.00303166 0.00768797 942.427
52 245   -0.00258332 -0.00757445 937.155
52 246   -0.00833475 0.000240101 778.052
52 247   0.0109195 0.00275001 717.571
52 248   0.00305669 0.00874075 960.985
52 249   -0.0105908 -0.00303323 728.04
52 250   -0.00978126 -0.00247702 746.93
52 251   0.00931541 -0.000999735 759.73
52 252   0.00951683 -0.000181196 730.952
52 253   0.0103167 0.00142638 716.367
52 254   0.0107539 0.00199434 716.285
52 255   -0.00253995 -0.00871729 958.104
52 256   -0.0053124 -0.00870526 966.807
52 257   -0.0112582 -0.00240565 716.312
52 258   -0.00387319 -0.00927932 968.418
52 259   0.00166889 0.00936476 964.713
52 260   -0.00952414 -0.000957446 737.478
52 261   -0.00993936 -0.00158853 731.69
52 262   -0.00312804 -0.00928199 967.906
52 263   0.00442471 0.00912413 968.285
52 264   0.0023832 0.00925605 965.367
52 265   0.00374459 0.00917161 967.811
52 266   -0.0111245 -0.00155502 710.692
52 267   -0.00527539 -0.00979453 965.94
52 268   -0.00250008 -0.0103017 953.994
52 269   -0.0106151 -0.00129411 713.234
52 270   0.0109363 0.000542323 698.186
52 271   0.00491222 0.0101516 967.162
52 272   0.0101214 -0.00153159 726.08
52 273   0.0103953 -0.000454236 702.638
52 274   -0.00299061 -0.00999418 966.169
52 275   0.00450977 0.00983454 969.193
52 276   0.00256997 0.00997246 967.153
52 277   0.00457705 0.0106991 968.38
52 278   -0.011544 -0.00110989 703.35
52 279   0.00359453 0.0098675 968.876
52 280   -0.00505537 -0.0102669 966.069
52 281   0.0104818 -0.0010636 703.376
52 282   0.0108252 -0.000289797 692.645
52 283   -0.0106282 0.000411278 698.934
52 284   0.0114236 0.000698185 695.46
52 285   0.00210542 0.0102626 960.927
52 286   0.0110262 3.00814e-05 691.278
52 287   -0.0114432 -0.000557448 695.584
52 288   0.00401263 0.0101156 967.737
52 289   0.00292472 0.010198 958.788
52 290   0.00328298 0.0101414 962.956
52 291   0.00218947 0.0106511 933.966
52 292   0.00391556 0.0105288 962.113
52 293   0.0108845 -0.0011563 693.206
52 294   0.0112109 -0.00068181 683.091
52 295   0.00407752 0.0107953 965.267
52 296   0.0117245 0.000343356 688.37
52 297   0.002892 0.0106471 920.3
52 298   -0.0117109 -0.000317955 690.153
52 299   0.00272955 0.0108887 877.685
52 300   0.0114709 -0.000165807 681.893
52 301   0.00337836 0.0105452 943.153
52 302   0.00359284 0.0106845 943.316
52 303   0.0111837 -0.000938953 684.579
52 304   0.00250588 0.010881 889.585
52 305   0.0038524 0.0111179 960.104
52 306   0.00316266 0.0107607 908.894
52 307   0.0114867 -0.000616401 677.436
52 308   -0.0116765 -2.58723e-05 684.826
52 309   0.0116933 -0.000103026 680.497
52 310   0.00353569 0.0109651 917.431
52 311   0.011762 3.52034e-05 682.809
52 312   0.00284279 0.0111811 804.412
52 313   0.0115458 -0.000420277 677.486
52 314   0.00363328 0.011132 922.319
52 315   0.00319956 0.0109835 869.198
52 316   -0.00332634 -0.0113067 794.049
52 317   -0.0118569 7.03886e-05 682.063
52 318   0.0029971 0.0112172 785.752
52 319   0.00335811 0.0110485 874.85
52 320   0.00311034 0.0111358 818.992
52 321   0.0118663 -0.000290633 676.02
52 322   0.0116472 -0.00073719 674.121
52 323   0.0117428 -0.000462457 673.736
52 324   0.00332953 0.0112145 825.248
52 325   -0.0118315 0.00025589 678.07
52 326   0.0118408 -0.000395594 673.909
52 327   0.00320987 0.0112565 785.076
52 328   0.003019 0.0113879 684.114
52 329   -0.0119117 0.000336463 676.086
52 330   0.00319149 0.0113625 717.045
52 331   -0.00334161 -0.0114186 742.863
52 332   0.00311387 0.0114126 612.567
52 333   0.0119335 -0.000453671 672.292
52 334   -0.00322522 -0.0114495 560.197
52 335   -0.00338651 -0.0114552 740.9
52 336   0.00312887 0.0114866 400.541
52 337   -0.00323006 -0.0115048 363.416
52 338   -0.00328181 -0.011504 443.485
52 339   0.00311008 0.0115173 270.943
52 340   0.00316281 0.0115732 2.64625
52 341   0.0119841 -0.000568298 690.394
52 346   0.00721276 0.00704209 922.257
52 347   0.00709499 0.00781571 948.119
52 348   0.00779651 0.00796497 941.522
52 349   0.00767227 0.00862415 966.515
52 371   -0.00577009 -0.00999217 949.694
52 401   0.00548056 0.0101052 957.69
52 421   0.00284878 -0.00677875 845.076
52 422   0.00259222 -0.00852035 809.214
52 423   0.00189629 -0.00750178 856.393
52 440   0.0105621 0.00383807 737.767
52 442   0.00661998 0.00840026 966.697
52 443   0.00725615 0.00882188 964.704
52 444   0.00690539 0.00874725 967.98
52 445   0.00724581 0.00924909 900.181
52 458   -0.00419503 -0.00992861 969.034
52 459   -0.0046857 -0.0102251 968.23
52 460   -0.00340973 -0.0102821 958.302
52 461   -0.00386899 -0.0102192 966.253
52 462   -0.00406227 -0.0106544 965.244
52 463   -0.00348312 -0.0112224 871.637
52 464   -0.00382368 -0.0109111 955.839
52 465   -0.0038622 -0.011183 962.653
52 466   -0.00367278 -0.0112713 931.588
52 561   -0.0069463 -0.00607555 907.105
52 562   -0.00831292 -0.00601961 875.295
52 563   -0.00854452 -0.00755074 904.598
52 564   -0.00597149 -0.00825071 962.812
52 565   -0.00664048 -0.00752712 942.621
52 566   -0.00634883 -0.00885899 968.112
52 567   -0.00715769 -0.00924302 906.646
52 568   0.0117683 -0.000561573 672.095
52 569   0.0118025 -0.00065992 670.957
52 570   0.0117318 -0.000640182 672.364
52 571   0.011836 -0.0005575 670.876
52 572   0.0118421 -0.000605121 670.285
52 573   0.0119204 -0.000502911 671.099
52 574   0.0118857 -0.000530009 670.577
52 575   0.0119599 -0.000512846 671.007
52 655   0.0115259 0.00109077 700.446
52 656   0.0114757 0.00150287 705.217
52 695   -0.00624715 0.00504701 808.802
52 696   0.00348017 -0.00877037 811.074
52 741   0.00526254 0.00700554 936.169
52 742   0.00421301 0.00649055 925.171
52 743   0.00388883 0.00726476 939.302
52 744   0.00477763 0.00861944 965.215
52 745   0.00459264 0.00781748 952.289
52 746   0.00528409 0.00774202 952.92
52 747   0.00569561 0.00822738 962.925
52 748   0.00615137 0.00849933 967.764
52 749   0.00535123 0.00871769 967.794
52 750   0.00565957 0.00964567 959.099
52 751   0.00557978 0.00907995 969.41
52 752   0.00603419 0.00889933 969.015
52 753   0.00605539 0.00966504 938.677
52 754   0.00620348 0.0092353 955.795
52 755   0.00698095 0.00937054 870.127
52 756   0.00651658 0.00934106 923.686
52 757   0.00675055 0.00917838 932.881
52 758   0.00697578 0.00958414 803.591
52 759   0.00685541 0.00970166 780.935
52 760   -0.00601719 -0.00969207 941.017
52 761   -0.0062101 -0.00931434 952.737
52 762   -0.00690324 -0.00934046 885.869
52 763   -0.0066159 -0.0096387 860.212
52 764   -0.00658738 -0.00936424 917.719
52 765   -0.00699181 -0.00955625 812.777
52 766   -0.00687171 -0.00967359 786.529
52 771   0.00352596 0.0112743 878.426
52 772   0.00351724 0.0113661 857.253
52 773   0.00339979 0.0112733 826.576
52 774   0.00336826 0.0114495 734.871
52 775   0.00336592 0.011347 789.057
52 776   0.00341622 0.0113833 799.332
52 777   0.00325548 0.0114043 690.367
52 778   0.0033146 0.0113849 748.921
52 779   0.0033213 0.0114415 697.45
52 780   0.00325701 0.0115121 377.849
52 781   0.00324185 0.0114514 576.827
52 782   0.00328251 0.0114704 579.551
52 783   0.00317843 0.0114903 380.074
52 784   0.00321044 0.0114769 457.767
52 785   0.00322225 0.0115093 337.69
52 786   0.0031785 0.011518 246.532
52 787   0.00320199 0.0115275 202.499
52 788   0.00314454 0.0115359 116.527
52 789   0.00316339 0.0115329 127.272
52 791   0.00314346 0.0115479 58.4359
52 807   -0.00696566 0.00606442 801.299
52 814   0.00886949 0.00733445 883.713
52 815   0.00838801 0.00780455 916.834
52 818   0.00067694 0.00717269 907.749
52 819   0.00213926 0.00735322 928.43
52 820   0.00174462 0.0066115 914.317
52 821   0.00128196 0.00885289 945.102
52 822   0.000706246 0.00788173 911.992
52 823   0.00143691 0.00794709 927.885
52 824   -0.00022162 0.00900339 886.807
52 825   0.000740493 0.00908768 933.371
52 826   0.000362097 0.00848738 909.854
52 827   0.000455166 0.0096295 911.215
52 828   -0.000141613 0.00957789 877.243
52 863   0.00169127 0.0101719 966.322
52 864   0.0014415 0.00999044 969.076
52 865   -0.0106003 -0.00410221 745.912
52 866   -0.00929415 -0.00538973 828.569
52 867   -0.00929248 -0.00424422 798.835
52 873   0.00139479 -0.00921393 804.356
52 874   0.00199157 -0.00916231 783.408
52 931   -0.00464157 -0.010674 968.588
52 932   -0.00434419 -0.0108127 968.892
52 1001   -0.00199497 -0.0102365 962.019
52 1004   0.00840584 -0.00292593 811.385
52 1049   0.0075096 0.00445817 868.543
52 1050   0.00818304 0.00343051 818.587
52 1051   0.00958772 0.00415245 780.628
52 1052   0.00943988 0.00511227 812.436
52 1053   0.0084271 0.0053373 860.587
52 1054   0.00820688 0.00627525 889.424
52 1055   0.00892135 0.00665341 862.509
52 1057   0.00996679 0.00570266 810.315
52 1058   0.00966848 0.00630584 827.337
52 1088   0.00626355 0.00994444 910.149
52 1099   0.00319894 0.0115479 73.5403
52 1132   -0.00319206 -0.0115291 183.637
52 1133   -0.00339421 -0.0106011 940.3
52 1134   -0.00346375 -0.0110179 897.721
52 1135   -0.00361489 -0.0107949 938.934
52 1136   -0.00296497 -0.0107917 897.144
52 1137   -0.00320382 -0.0107283 917.122
52 1138   -0.00328232 -0.0109198 889.912
52 1139   -0.00296182 -0.0109591 863.397
52 1140   -0.00312511 -0.0110072 856.763
52 1141   -0.00300288 -0.0112192 787.194
52 1142   -0.00318327 -0.0112449 786.987
52 1143   -0.00311623 -0.0111342 820.014
52 1144   -0.00302107 -0.0114149 643.624
52 1145   -0.00303129 -0.0113213 746.753
52 1146   -0.00313004 -0.011323 742.272
52 1147   -0.00309708 -0.011431 585.381
52 1148   -0.00317261 -0.0114386 560.758
52 1149   -0.00314082 -0.0113927 669.551
52 1150   -0.00311042 -0.0114773 446.744
52 1151   -0.00314732 -0.0114764 435.097
52 1152   -0.00317051 -0.0115175 256.671
52 1153   -0.00315335 -0.0115057 322.762
52 1156   -0.003102 -0.0115104 331.996
52 1162   -0.00313533 -0.0115204 245.912
52 1163   -0.00312088 -0.0115241 239.467
52 1166   -0.00315971 -0.0115303 157.704
52 1167   -0.00314298 -0.0115327 150.709
52 1168   -0.00314112 -0.0115456 76.534
52 1169   -0.00315263 -0.0115467 63.5683
52 1170   -0.00316307 -0.0115397 97.6365
52 1171   -0.00316844 -0.0115712 4.00393
52 1174   -0.00315597 -0.0115562 23.2691
52 1175   -0.00316512 -0.0115616 9.93083
52 1193   0.0118942 -0.00060285 669.275
52 1194   0.0119097 -0.0005781 669.254
52 1195   0.0119073 -0.00055288 669.814
52 1196   0.0119348 -0.000545473 669.795
52 1197   0.0119526 -0.000532537 670.395
52 1198   0.011983 -0.000558981 677.661
52 1200   0.0119725 -0.000552227 671.046
52 1201   0.0119724 -0.000538821 670.702
52 1204   -0.0105612 0.00112072 704.263
52 1205   -0.0109416 0.00116207 693.885
52 1206   -0.010704 0.000753647 697.212
52 1207   -0.0112793 0.000545908 683.043
52 1208   -0.011029 0.000703622 688.642
52 1209   -0.0111399 0.000886367 686.505
52 1210   -0.0114236 0.000638576 679.589
52 1211   -0.0115411 0.000819555 677.271
52 1212   -0.0113635 0.000816964 681.078
52 1213   -0.0115702 0.000596364 676.48
52 1214   -0.0116323 0.00068597 674.871
52 1215   -0.0117399 0.000592931 672.892
52 1216   -0.0117274 0.000655821 672.903
52 1217   -0.0118474 0.000549581 671.288
52 1218   -0.0117993 0.000590236 671.671
52 1219   -0.0118841 0.000560367 670.461
52 1220   -0.011874 0.000600361 670.013
52 1254   -0.0117805 0.000684571 671.769
52 1255   -0.0118468 0.000636411 670.38
52 1256   -0.0118088 0.000637073 671.19
52 1266   -0.0119036 0.000605739 669.327
52 1268   -0.0119424 0.000585698 668.832
52 1269   -0.0119199 0.000585727 669.253
52 1270   -0.0119194 0.000565738 669.72
52 1271   -0.0119132 0.000545756 670.359
52 1272   -0.0119478 0.00056919 669.239
52 1273   -0.0119335 0.000559214 669.742
52 1274   -0.0119393 0.000546195 670.216
52 1275   -0.0119564 0.000562674 669.502
52 1276   -0.0119509 0.00054967 670.116
52 1278   -0.00845386 0.00196127 799.803
52 1279   -0.00853328 0.00288382 813.511
52 1280   -0.00919512 0.00278222 834.661
52 1281   -0.00895923 0.00167421 791.152
52 1282   -0.00927216 0.00204513 830.161
52 1283   -0.00989138 0.00178487 783.94
52 1284   -0.00922701 0.00063007 751.594
52 1285   -0.00921449 0.00122038 766.555
52 1286   -0.0101338 0.00113216 720.918
52 1287   -0.00981571 0.00138184 750.024
52 1288   -0.0102059 0.000382361 710.119
52 1289   -0.00954877 0.000395538 735.253
52 1290   -0.0098543 0.000736166 726.719
52 1291   -0.00982094 -0.000406026 723.872
52 1292   -0.00969044 3.22675e-05 727.22
52 1293   -0.0101103 5.11997e-05 712.929
52 1294   -0.0105515 -0.00078755 708.732
52 1295   -0.0101725 -0.000530549 714.029
52 1296   -0.0103091 -0.000243638 708.755
52 1297   -0.0111129 -0.00048579 697.464
52 1298   -0.0107726 -0.000633872 703.865
52 1299   -0.0106036 -0.000367405 703.824
52 1300   -0.0108785 9.18953e-05 694.664
52 1301   -0.0110799 -0.00021701 694.343
52 1302   -0.0108079 -0.000221636 698.91
52 1303   -0.0112822 0.0003667 684.19
52 1304   -0.011209 8.68538e-06 689.642
52 1305   -0.0110921 0.000184357 689.73
52 1306   -0.0115368 9.09271e-05 683.741
52 1307   -0.0113699 9.61987e-05 685.945
52 1308   -0.0114241 0.000276228 682.487
52 1309   -0.0117324 0.000290926 677.951
52 1310   -0.011618 0.000222224 680.536
52 1311   -0.0115638 0.000319689 679.644
52 1312   -0.0117207 0.000375328 676.404
52 1313   -0.0116355 0.000401455 677.222
52 1314   -0.0116395 0.00049499 675.887
52 1315   -0.0117141 0.000521707 674.141
52 1316   -0.0118368 0.000507767 672.257
52 1317   -0.0117735 0.000424355 674.797
52 1318   -0.0117629 0.000477198 673.925
52 1319   -0.0118863 0.000415921 674.129
52 1320   -0.0118317 0.000433108 673.972
52 1321   -0.011863 0.00047674 672.643
52 1325   -0.0119556 0.000444551 673.556
52 1326   -0.0119198 0.000440008 673.506
52 1327   -0.0119018 0.000474406 672.522
52 1328   -0.0119676 0.000489708 672.51
52 1329   -0.0119275 0.000487586 672.163
52 1330   -0.0119476 0.000470312 672.804
52 1331   -0.0119585 0.000506145 671.893
52 1332   -0.0119363 0.000506294 671.629
52 1333   -0.0119413 0.000531886 670.771
52 1334   -0.0119293 0.000524922 670.979
52 1335   -0.0119776 0.000525915 671.806
52 1336   -0.0119553 0.000525302 671.201
52 1337   -0.0119655 0.000518189 671.673
52 1338   -0.0119811 0.000546761 671.713
52 1339   -0.0119743 0.000536241 671.427
52 1340   -0.0119632 0.000536316 670.985
52 1341   -0.0119607 0.000546374 670.474
52 1342   -0.0119666 0.000562897 669.646
52 1343   -0.0119681 0.000553107 670.403
52 1344   -0.0119774 0.000553568 671.251
52 1494   -0.00725801 -0.00790072 948.98
52 1495   -0.00779543 -0.0079803 941.784
52 1496   -0.00695203 -0.00853698 968.127
52 1497   -0.00724926 -0.00885122 965.143
52 1498   -0.00763807 -0.00877368 968.798
52 1499   -0.00787826 -0.008539 961.158
52 1543   -0.00651944 -0.00982756 874.154
52 1544   -0.00629801 -0.00993083 908.391
52 1624   0.0065423 0.0095959 879.936
52 1625   0.00671091 0.00970559 821.99
52 1626   0.00643736 0.00976954 884.723
52 1629   0.00654145 0.00990924 872.493
52 1630   0.00667051 0.00984921 831.968
52 1681   -0.0051868 0.000556505 849.173
52 1682   -0.00684632 0.00135153 817.613
52 1683   -0.00621529 0.0026638 823.974
52 1684   -0.00250549 0.00181048 873.927
52 1685   -0.00491697 0.00247512 843.094
52 1686   -0.00419457 0.00126243 858.919
52 1687   -0.00200101 0.00451999 873.369
52 1688   -0.00391467 0.00307722 854.123
52 1689   -0.00254111 0.00296913 870.899
52 1690   -0.00484806 0.00479873 831.722
52 1691   -0.00400875 0.00401925 848.197
52 1692   -0.00310745 0.00496377 856.53
52 1693   -0.00447368 0.0056337 830.619
52 1694   -0.00341985 0.00585278 844.062
52 1695   -0.00470615 0.00644092 820.284
52 1696   -0.00579904 0.00662336 814.274
52 1697   -0.00595158 0.00734879 816.826
52 1698   -0.00163318 0.00761139 861.503
52 1699   -0.00311472 0.00887408 807.465
52 1700   -0.00197795 0.00918496 782.758
52 1701   -0.00116279 0.00868788 847.809
52 1702   -0.00345325 0.00820462 811.5
52 1703   -0.00411723 0.00701542 819.488
52 1704   -0.00325059 0.00681702 835.28
52 1705   -0.00278687 0.00743901 833.759
52 1708   -0.00526814 0.00791186 785.126
52 1709   -0.00452669 0.00776094 802.014
52 1710   -0.00432642 0.00832815 798.095
52 1722   0.00741177 -0.00568532 785.15
52 1723   0.00586967 -0.00449627 817.809
52 1724   0.00740552 -0.00379153 805.179
52 1725   0.00805871 -0.00470026 786.16
52 1726   0.00626029 -0.00708313 823.844
52 1727   0.00655387 -0.0059786 808.514
52 1728   0.00566496 -0.00569827 814.948
52 1729   0.00544249 -0.00718096 804.177
52 1730   0.00422032 -0.00694318 819.356
52 1731   0.00496703 -0.00646719 816.284
52 1734   0.0052035 -0.0078842 787.679
52 1735   0.00429015 -0.00838146 798.783
52 1736   0.00442578 -0.00778658 803.882
52 1767   -0.00255619 -0.0110309 859.392
52 1770   -0.0024594 -0.0107556 914.307
52 1771   -0.00269556 -0.0108304 894.48
52 1942   0.0006879 -0.00761258 886.959
52 1943   -0.000428435 -0.00762046 908.095
52 1944   0.000389035 -0.00925657 869.708
52 1945   0.000787047 -0.00868277 866.722
52 1946   -0.000782354 -0.00843797 920.72
52 1947   -0.000649848 -0.00963827 931.759
52 1948   -0.000351458 -0.00961247 908.501
52 1949   -5.30682e-05 -0.00958666 893.028
52 1950   -6.403e-05 -0.0090039 899.444
52 1951   -0.00184864 -0.00892815 955.634
52 1952   -0.00120515 -0.00874422 938.247
52 1953   -0.000934412 -0.00934886 949.066
52 1954   -0.00123789 -0.00956888 966.202
52 1955   -0.00178643 -0.00988463 969.29
52 1956   -0.00173766 -0.00944852 965.742
52 1959   -0.00119459 -0.0099381 967.546
52 1960   -0.00137874 -0.0100719 966.66
52 1979   -0.00851395 0.00366045 811.882
52 1982   -0.00714849 0.0036281 811.984
52 1983   -0.00734333 0.00462974 796.573
52 2123   0.0031525 0.0115545 21.1959
52 2219   -0.00269924 -0.0111349 825.892
52 2221   -0.0028854 -0.0112349 786.798
52 2222   -0.00283546 -0.0111018 827.353
52 2384   -0.00319661 -0.0115504 67.0682
52 2385   -0.00317842 -0.0115482 64.5899
52 2386   -0.00317713 -0.0115605 13.1417
52 2396   0.0119378 -0.0005837 668.662
52 2399   0.0119455 -0.000564622 669.079
52 2400   0.0119634 -0.000565091 668.96
52 2401   0.00318396 0.0115493 49.6502
52 2402   0.00317189 0.0115439 69.2227
52 2403   0.00316455 0.0115616 7.91934
52 2404   0.00316208 0.0115534 24.1332
52 2432   -0.0119729 0.0005668 669.501
52 2435   -0.0119847 0.000561834 672.943
52 2436   -0.0119794 0.00056076 671.152
52 2451   0.00318227 0.0115603 12.3755
52 2454   0.00317268 0.0115631 6.86902
52 2455   0.00316976 0.01157 3.38129
16 172   -0.0449783 0.00325829 938.969
16 173   -0.0451577 -0.00292359 938.859
16 174   -0.0477775 -0.0217781 865.023
16 175   -0.0411403 -0.00644805 942.265
16 176   -0.0384826 -0.00713845 945.803
16 177   0.00186689 0.0224499 874.875
16 178   -0.00121581 -0.0215524 893.586
16 179   0.00451189 0.0224838 847.628
16 180   -0.000778221 -0.0187209 901.207
16 181   -0.0029581 -0.0175529 948.318
16 182   0.00137864 0.0157015 937.816
16 183   -0.00323296 -0.0158254 958.356
16 184   -0.00594118 -0.0158124 963.892
16 185   -0.00242725 -0.0146955 950.307
16 186   -0.00466542 -0.0152173 968.474
16 187   -0.00137784 -0.0144931 917.868
16 188   0.000768052 0.0145891 938.465
16 189   -0.00316037 -0.0136083 968.862
16 190   0.00177299 0.0136794 964.619
16 191   0.00249908 0.0135637 968.526
16 192   0.00155438 0.0129472 967.49
16 193   0.00277658 0.0128866 941.917
16 194   -0.00517312 -0.0114088 787.186
16 195   -0.00367785 -0.0124514 906.81
16 196   0.00256995 0.0125036 909.913
16 197   -0.00328674 -0.0125297 926.977
16 198   -0.00374225 -0.0121027 890.657
16 199   -0.00313989 -0.0122153 876.824
16 200   0.00283023 0.0121763 825.353
16 201   -0.00294133 -0.0121622 877.258
16 202   -0.00391924 -0.0119886 898.071
16 203   -0.00352582 -0.0120132 877.898
16 204   -0.00337361 -0.0120379 846.772
16 205   -0.00325038 -0.0120579 835.837
16 350   -0.00687155 -0.0148063 942.934
16 372   -0.0443159 -0.0225097 898.556
16 381   -0.00994037 -0.0304351 892.28
16 382   -0.00730409 -0.0334784 823.604
16 383   -0.00854562 -0.0271968 907.066
16 385   -0.0511397 0.0239922 773.325
16 386   -0.045146 0.0217757 901.892
16 402   -0.0410123 0.0310476 803.488
16 403   -0.0392004 0.0336825 805.87
16 404   -0.0387311 0.0282593 896.582
16 407   -0.0328791 -0.023077 952.337
16 417   -0.00741524 0.0334543 846.467
16 418   -0.0101966 0.0304694 897.707
16 419   -0.00655014 0.0273247 900.168
16 420   -0.00911237 0.0274313 908.301
16 430   0.00499289 0.0115886 783.666
16 433   -0.0035144 -0.0222277 929.493
16 434   -0.00488845 -0.0241117 923.211
16 435   -0.0473572 0.0130561 925.165
16 436   -0.0432981 0.0168081 942.504
16 446   0.00189002 0.0124784 965.191
16 447   0.00225768 0.0124187 935.528
16 448   -0.0242292 -0.0325 913.217
16 449   -0.0296779 -0.0245514 936.654
16 450   -0.0263185 -0.0225 935.008
16 451   -0.0208922 -0.0297284 915.644
16 452   -0.0220723 -0.0247284 925.89
16 453   -0.0136083 -0.0291851 908.486
16 454   -0.0161406 -0.0322284 906.738
16 455   -0.0195025 -0.0222284 929.589
16 483   0.00433777 0.0125009 858.106
16 485   0.0046098 0.0117893 786.552
16 508   -0.0501577 -0.00542428 934.613
16 511   -0.0489866 -0.00938648 930.361
16 512   -0.0513289 -0.0114622 922.555
16 513   -0.0435766 -0.0109111 940.182
16 514   -0.0464229 -0.0113488 931.56
16 515   -0.042137 -0.012718 945.525
16 516   -0.0433694 -0.0151939 941.391
16 517   -0.0397007 -0.0118703 950.581
16 518   -0.0387182 -0.0133459 955.926
16 519   -0.0243047 0.0325 913.97
16 520   -0.0264784 0.0225 935.178
16 521   -0.0298078 0.0245584 936.927
16 522   -0.0210572 0.0297576 916.559
16 523   -0.0223189 0.0247576 925.982
16 524   -0.0162625 0.0322576 908.742
16 525   -0.013875 0.0292727 910.15
16 526   -0.0148851 0.0242727 929.879
16 528   -0.0199522 0.0222576 929.026
16 529   -0.0171162 0.0222576 931.151
16 698   -0.0411588 0.0249995 913.013
16 699   -0.0392205 0.0261921 914.109
16 703   -0.0423525 0.0186872 951.231
16 704   -0.0429396 0.0207031 937.012
16 705   0.00558408 0.0117854 793.09
16 706   0.00561641 0.0125203 846.711
16 707   0.00607642 0.0112524 758.767
16 710   0.00674802 0.0113043 742.797
16 713   -0.00734159 -0.0104248 473.239
16 716   -0.00726239 -0.0102384 362.212
16 717   -0.0074208 -0.0101554 129.037
16 718   -0.00560653 -0.0133597 906.387
16 719   -0.00647979 -0.0136613 906.357
16 720   -0.00562424 -0.0115367 787.104
16 721   -0.00534855 -0.0121892 830.127
16 722   -0.00574031 -0.0125227 846.53
16 723   -0.00610897 -0.0113209 767.045
16 724   -0.00720121 -0.011068 699.934
16 725   -0.00622565 -0.0108956 735.879
16 728   0.00733925 0.0103871 443.136
16 730   0.00725887 0.0102273 350.719
16 731   0.00741962 0.0101431 111.015
16 733   -0.00710824 -0.0130624 861.378
16 767   -0.0423608 -0.0198182 949.577
16 768   -0.0420405 -0.0170651 952.51
16 769   -0.00593643 0.0248247 920.655
16 770   -0.00922867 -0.0246968 938.45
16 799   -0.0042437 -0.0187566 965.914
16 800   -0.00436241 -0.0205999 964.305
16 829   -0.0329871 0.0230876 952.5
16 830   -0.0348929 0.0252993 941.586
16 839   -0.00300559 0.0161502 898.194
16 840   -0.00229639 0.0147559 877.631
16 841   -0.00334442 0.0134666 768.054
16 842   -0.000611579 0.0143292 906.65
16 843   -0.000341992 0.0132537 908.722
16 844   -0.00265203 0.0125728 733.09
16 845   -0.00133441 0.0127866 808.58
16 860   0.00386612 -0.0336565 676.122
16 870   -0.011874 0.0230227 942.48
16 871   -0.00977977 0.0249845 932.45
16 877   -0.00293574 -0.0127183 962.42
16 878   -0.00272575 -0.013047 968.443
16 879   -0.000562619 -0.0131231 876.478
16 880   -0.00132654 -0.0134332 919.157
16 881   -0.00214225 -0.013031 958.843
16 882   -0.00174041 -0.0131173 940.674
16 883   -0.00211126 -0.0122659 967.472
16 884   -0.00207352 -0.0127166 961.082
16 885   -0.00188464 -0.0125303 956.25
16 886   -0.00256601 -0.0125486 967.316
16 887   -0.00228729 -0.0125629 968.517
16 888   -0.002313 -0.0123417 969.121
16 889   -0.00281059 -0.0122531 921.008
16 890   -0.002671 -0.0123843 955.91
16 891   -0.00251243 -0.0122705 960.047
16 893   -0.00258865 -0.0121497 938.494
16 894   -0.00271539 -0.0121291 910.338
16 917   0.000268012 -0.0133714 793.073
16 918   -0.000171078 -0.0146065 868.019
16 919   0.00088944 -0.0150056 818.096
16 920   0.00143106 -0.0127631 704.606
16 921   0.000772247 -0.01287 713.406
16 928   -0.0505626 -0.0249874 750.584
16 969   0.00567184 0.0250748 751.419
16 970   0.00567848 0.0326561 674.237
16 988   -0.031466 -0.0335257 902.888
16 989   -0.0280762 -0.0310257 912.877
16 990   -0.0294613 -0.028077 919.463
16 991   -0.0323423 -0.0291027 912.994
16 992   -0.0333599 -0.0320514 899.08
16 995   -0.005236 0.0167414 908.28
16 996   -0.0063512 0.015787 894.743
16 1009   -0.00464969 0.0190708 943.773
16 1010   -0.0069424 0.0188105 963.671
16 1011   -0.00582719 0.0180983 942.402
16 1040   0.00375831 0.0122825 850.319
16 1041   0.00363693 0.0119818 851.659
16 1042   0.00379608 0.011956 880.516
16 1081   -0.0334702 -0.0210257 964.039
16 1083   -0.034615 -0.0252535 941.304
16 1084   -0.0342948 -0.0277535 917.047
16 1085   0.00679536 0.010773 673.392
16 1086   0.00721153 0.0107568 621.554
16 1087   0.00705078 0.0104373 540.461
16 1095   -0.0499783 0.00575759 934.579
16 1096   -0.0499783 0.0107576 926.282
16 1345   -0.0063512 0.0141203 847.833
16 1346   -0.00572642 0.0117626 747.712
16 1347   -0.00516882 0.0130731 767.131
16 1348   -0.0385858 -0.0212159 876.916
16 1349   -0.0393385 -0.0199611 906.429
16 1350   -0.0401242 -0.0220335 966.136
16 1351   -0.0408769 -0.0207787 965.046
16 1374   -0.0080468 -0.0218592 936.485
16 1375   -0.00642348 -0.0234259 954.297
16 1376   -0.00787022 -0.0236209 955.337
16 1377   -0.0370803 0.0218369 926.207
16 1378   -0.041039 0.0218378 959.21
16 1379   -0.0403634 0.0234421 946.9
16 1380   -0.0384251 0.0246348 945.693
16 1381   -0.0368689 0.0240486 959.412
16 1389   -0.00690881 0.0115598 825.833
16 1393   -0.00661321 0.0108813 807.731
16 1394   -0.0072044 0.0105715 880.086
16 1406   0.00480309 -0.0188907 766.493
16 1407   0.00427137 -0.0155707 754.365
16 1408   0.00502725 -0.0118411 736.265
16 1410   0.00669284 -0.0176595 759.099
16 1413   0.00709642 -0.0154195 768.088
16 1414   0.00628926 -0.0164487 762.643
16 1415   0.00548211 -0.0157524 759.49
16 1416   0.00559009 -0.0138563 753.634
16 1417   0.00588569 -0.0148065 759.762
16 1418   0.00669284 -0.01464 768.506
16 1419   0.00715041 -0.0131507 787.701
16 1420   0.00674683 -0.0139077 772.752
16 1421   0.00604766 -0.0134721 762.719
16 1422   0.00586005 -0.0120143 763.531
16 1423   0.00680083 -0.0125961 790.697
16 1424   0.00610165 -0.0128342 767.116
16 1425   0.0072044 -0.0111654 850.134
16 1426   0.00685482 -0.0119582 805.694
16 1427   0.00626362 -0.0115942 783.602
16 1429   0.00631762 -0.0109564 791.855
16 1430   0.00690881 -0.0106466 848.835
16 1469   -0.00516481 0.021163 959.645
16 1470   -0.00634231 0.0210239 921.58
16 1471   -0.00517615 0.0198526 960.937
16 1472   -0.00635365 0.0197134 941.01
16 1473   -0.0082838 0.0219885 956.052
16 1474   -0.00700268 0.0219352 942.319
16 1475   -0.00842704 0.0239503 945.75
16 1476   -0.00714592 0.0238971 943.626
16 1510   0.00106174 0.0127421 962.315
16 1511   0.000576319 0.0128208 948.971
16 1517   -0.00655502 -0.010723 695.082
16 1518   -0.00707339 -0.0104514 555.267
16 1519   -0.00693301 -0.0107528 657.009
16 1520   -0.00631886 -0.0203305 842.363
16 1521   -0.0055072 -0.0211139 962.751
16 1522   -0.00700588 -0.0212725 864.053
16 1523   -0.00619422 -0.0220558 967.753
16 1535   -0.0374402 -0.0214345 891.891
16 1536   -0.0360186 -0.0205128 942.049
16 1537   -0.0351896 -0.0215385 969.249
16 1540   -0.00672469 -0.0193115 879.144
16 1541   -0.00656963 -0.017058 960.876
16 1542   -0.00579432 -0.0182515 961.066
16 1582   -0.0510349 0.0337472 670.137
16 1588   -0.0386074 -0.0188335 939.668
16 1590   -0.0398256 -0.016898 965.888
16 1591   -0.0387182 -0.0155645 963.941
16 1609   -0.0115684 0.0210076 954.351
16 1610   -0.00933093 0.0210076 966.754
16 1631   0.00434609 0.012212 826.487
16 1632   0.00443677 0.0119748 796.794
16 1633   0.00395802 0.0119948 820.651
16 1634   0.00399504 0.012165 837.688
16 1637   0.00422675 0.0118099 769.916
16 1638   0.00409905 0.0118768 771.946
16 1645   -0.0335256 0.0210292 963.843
16 1646   -0.0356428 0.0210292 963.602
16 1651   -0.0386397 0.0165032 966.936
16 1654   -0.0406429 0.0185158 966.597
16 1655   -0.0392096 0.0176714 969.288
16 1656   -0.0380699 0.0186682 960.924
16 1657   -0.039882 0.0203203 960.127
16 1658   -0.0384487 0.0203093 834.544
16 1665   -0.00904374 -0.0209784 960.928
16 1666   -0.00068816 -0.0126265 882.569
16 1667   -0.00127687 -0.0127585 917.941
16 1668   -0.00148982 -0.0124858 932.81
16 1779   -0.04983 -0.0286729 696.979
16 1780   -0.0503022 -0.0337715 670.879
16 1783   -0.0517674 -0.032543 672.598
16 1784   -0.0517674 -0.030086 683.528
16 1803   0.00568306 -0.032313 672.742
16 1804   0.00568306 -0.029626 680.571
16 1805   -0.0399783 0.00575861 943.168
16 1822   0.000545226 -0.0236145 806.714
16 1823   0.00399472 -0.0279094 694.062
16 1824   0.00392191 -0.0217873 751.868
16 1825   0.00581166 -0.0239923 714.239
16 1869   -0.0315199 0.0335292 903.25
16 1870   -0.0281798 0.0310292 913.311
16 1871   -0.0296119 0.0280876 919.858
16 1872   -0.0348174 0.0322117 891.407
16 1873   -0.0333783 0.0277993 918.813
16 1874   -0.0352437 0.0294234 903.85
16 1902   -0.03904 -0.0336508 809.491
16 1903   -0.0358212 -0.0321764 884.117
16 1904   -0.0380747 -0.0281287 901.466
16 1905   -0.0360636 -0.0293529 901.493
16 1906   -0.0411462 -0.0323015 771.899
16 1907   -0.0399385 -0.029603 857.5
16 1908   -0.0445702 -0.0336508 702.137
16 1909   -0.046768 -0.0324223 688.988
16 1910   -0.0462958 -0.0297806 709.884
16 1911   -0.0440633 -0.0255059 862.977
16 1912   -0.0439906 -0.0283391 782.322
16 1913   -0.04179 -0.0282822 848.235
16 1914   -0.0405933 -0.0232988 945.64
16 1915   -0.0422008 -0.0247071 905.056
16 1916   -0.0415244 -0.026191 896.121
16 1917   -0.0385722 -0.0260895 918.473
16 1918   -0.0396632 -0.0240928 943.806
16 1919   -0.0401704 -0.0254727 914.983
16 1920   -0.0362513 -0.0247512 948.61
16 1921   -0.0376886 -0.0253371 936.972
16 1922   -0.0384414 -0.0240823 954.435
16 1923   -0.0362348 -0.0230876 965.849
16 1924   -0.0374186 -0.0229835 968.37
16 2031   0.00634005 0.0198599 899.553
16 2034   0.0067221 0.0173634 939
16 2035   0.00400634 0.0182653 921.933
16 2036   0.00556215 0.0187754 914.596
16 2037   0.00617492 0.0162791 957.045
16 2038   0.00423016 0.0168859 943.226
16 2039   0.00492233 0.0152275 967.147
16 2040   0.00523879 0.0163116 955.065
16 2041   0.00282314 0.0156841 953.743
16 2042   0.00414442 0.0153872 963.922
16 2043   0.00368298 0.0162163 951.467
16 2044   0.00281856 0.0140464 968.719
16 2045   0.00363539 0.0148501 967.065
16 2046   0.00293378 0.0148599 963.485
16 2047   0.00369314 0.0142361 969.527
16 2048   0.0033472 0.013837 967.877
16 2051   0.00695282 0.0152178 968.675
16 2052   0.00718036 0.013806 940.673
16 2053   0.00663318 0.0145247 967.308
16 2054   0.00684456 0.0129887 877.439
16 2055   0.00620529 0.0130625 889.341
16 2056   0.00526523 0.0146178 969.414
16 2057   0.00594787 0.0137893 946.678
16 2058   0.00603996 0.0144342 966.682
16 2059   0.00540069 0.0137779 949.857
16 2060   0.0049456 0.014168 966.136
16 2061   0.0050784 0.0128613 882.574
16 2062   0.00460933 0.0127345 876.838
16 2063   0.0051201 0.0133921 928.779
16 2064   0.00453026 0.0131044 913.949
16 2065   0.00477179 0.0134262 935.395
16 2066   0.00415072 0.0138752 963.305
16 2067   0.00455124 0.0138797 960.268
16 2068   0.00360452 0.013474 956.033
16 2069   0.00421623 0.0131997 927.32
16 2070   0.00405725 0.013517 950.937
16 2071   0.00394151 0.0130324 917.688
16 2072   0.00360956 0.0131502 935.519
16 2073   0.00398399 0.0127035 884.492
16 2074   0.00375558 0.0125321 869.801
16 2075   0.00351056 0.0126239 881.089
16 2076   0.00315083 0.0127692 908.808
16 2077   0.00340701 0.0129132 918.347
16 2078   0.00334524 0.0124694 861.637
16 2079   0.00316352 0.0124904 868.376
16 2080   0.00301116 0.0122169 820.028
16 2081   0.00308791 0.0123442 844.898
16 2082   0.00341717 0.0120175 810.407
16 2083   0.00354433 0.0122129 837.758
16 2084   0.00353954 0.0120697 831.904
16 2085   0.00319372 0.0122624 827.268
16 2086   0.00332296 0.0123156 838.389
16 2087   0.00339122 0.0122367 829.615
16 2088   0.00334604 0.0121 808.559
16 2089   0.00328305 0.0120382 791.481
16 2091   0.00306627 0.0120723 785.184
16 2092   0.00315798 0.0121284 799.133
16 2093   0.00320163 0.0120514 785.55
16 2138   0.000919128 -0.0180707 858.221
16 2139   0.00119456 -0.0163096 830.624
16 2140   0.00305106 -0.0183788 787.547
16 2141   0.0033265 -0.0166177 772.852
16 2146   -0.0492268 0.026008 740.001
16 2147   -0.0434882 0.0258139 868.993
16 2148   -0.0459537 0.0245325 843.406
16 2149   -0.049122 0.031177 683.493
16 2150   -0.0505871 0.0286715 695.883
16 2151   -0.0461917 0.0324298 692.853
16 2152   -0.0438311 0.0297948 756.718
16 2169   0.00368018 -0.0143441 735.834
16 2170   0.00243018 -0.0140871 729.436
16 2171   0.0022033 -0.0131332 709.038
16 2172   0.00422009 -0.0126812 716.449
16 2173   0.00459532 -0.0135756 733.755
16 2176   0.00274867 -0.0125493 699.296
16 2177   0.00340748 -0.0124424 697.895
16 2198   0.0071642 0.0124038 822.132
16 2199   0.0071642 0.0117946 774.975
16 2203   0.000467314 0.016975 921.23
16 2204   -0.00186168 0.0172901 911.588
16 2205   0.000987751 0.0197703 908.03
16 2206   0.00207695 0.0184646 916.386
16 2207   -0.00291459 0.0188538 922.235
16 2208   -0.0016748 0.0198443 916.087
16 2214   -0.0511397 0.0177504 895.343
16 2215   -0.0457981 0.0168081 920.943
16 2216   -0.0485186 0.0154684 914.252
16 2217   -0.0497795 0.0205008 868.944
16 2218   -0.0470589 0.0197599 899.245
16 2255   -0.00488397 -0.0122341 841.369
16 2256   -0.00481144 -0.011764 806.437
16 2257   -0.00449453 -0.0117404 801.606
16 2258   -0.00492378 -0.0136507 940.804
16 2259   -0.00452128 -0.0141686 963.731
16 2260   -0.00382194 -0.0136896 965.885
16 2261   -0.0039367 -0.0126913 918.402
16 2262   -0.00445171 -0.0131638 930.829
16 2263   -0.00399718 -0.0131794 947.609
16 2264   -0.0042346 -0.0125308 892.589
16 2265   -0.00449633 -0.01276 900.851
16 2266   -0.0046376 -0.0124549 868.521
16 2267   -0.00439319 -0.0119473 817.717
16 2268   -0.00446373 -0.0121916 847.815
16 2269   -0.004288 -0.0122597 865.102
16 2270   -0.00423769 -0.0119399 817.548
16 2271   -0.00406787 -0.0120169 842.706
16 2272   -0.00420313 -0.0120998 849.017
16 2275   -0.00414341 -0.0118356 795.262
16 2276   -0.00406145 -0.0118785 802.775
16 2277   -0.0151088 -0.0252992 926.036
16 2278   -0.0172386 -0.0233425 929.458
16 2279   -0.0154359 -0.0211142 937.664
16 2280   -0.010949 -0.0239134 943.932
16 2281   -0.0135797 -0.0220925 942.894
16 2282   -0.0130325 -0.0240492 936.061
16 2283   -0.0117697 -0.0209784 955.765
16 2284   -0.0105875 -0.0219567 960.201
16 2290   -0.00655715 -0.0116308 774.557
16 2291   -0.00705182 -0.0114631 753.404
16 2292   -0.00695885 -0.0124181 818.364
16 2293   -0.00646418 -0.01218 809.355
16 2295   -0.00735061 -0.012143 794.77
16 2296   -0.00735061 -0.0117373 768.548
16 2299   -0.000700154 0.0335532 713.642
16 2300   -0.0041425 0.0289161 844.822
16 2301   -0.00392341 0.0320075 785.367
16 2302   0.00294288 0.0312093 690.949
16 2303   0.00293624 0.0283158 712.386
16 2304   0.000181695 0.0243923 859.09
16 2305   9.10985e-05 0.0276673 772.977
16 2306   -0.00194287 0.0274693 830.284
16 2307   -0.00222107 0.0215109 914.928
16 2308   -0.00124371 0.0233793 895.683
16 2309   -0.00246083 0.0250095 891.514
16 2310   -0.00400713 0.0221869 932.788
16 2311   -0.00404675 0.0239563 914.894
16 2342   -0.0511074 -0.0172529 898.034
16 2343   -0.0483223 -0.0182532 902.072
16 2344   -0.0499363 -0.0144624 913.375
16 2345   -0.0473726 -0.0139247 922.311
16 2346   -0.0457587 -0.0159629 924.135
16 2352   -0.00447039 -0.0320458 773.207
16 2353   0.000481632 -0.0322239 696.244
16 2354   -0.00133531 -0.0335674 709.344
16 2355   -0.00408459 -0.0268958 866.615
16 2356   -0.00565993 -0.0288075 857.109
16 2357   0.000610233 -0.0291638 708.61
16 2358   -0.000949507 -0.0270739 770.431
16 2363   -0.0435964 0.0121849 940.62
16 2364   -0.0412175 0.00988667 944.501
16 2365   -0.0387392 0.0116291 951.79
16 2366   -0.0422578 0.0145972 948.342
16 2367   -0.0398789 0.0147986 958.546
end
