976
16 125   -0.0449783 0.00325648 938.766
16 126   -0.0451578 -0.0029255 938.766
16 127   -0.0477787 -0.0217784 865.185
16 128   -0.0411405 -0.00645044 942.25
16 129   -0.000229507 0.023968 825.647
16 130   -0.0384827 -0.00714106 945.828
16 131   -0.00194147 0.0215533 905.824
16 132   0.0030251 -0.0193643 909.576
16 133   0.00673781 -0.0226286 822.194
16 134   -0.00595232 0.0159789 965.127
16 135   -0.00132884 0.0131373 920.014
16 136   -0.000604223 0.0128706 877.257
16 137   0.00179619 -0.0136799 964.608
16 138   0.00251661 -0.0135633 968.556
16 139   0.00156244 -0.0129474 967.474
16 140   -0.00526281 0.0114963 792.098
16 141   0.00484938 -0.0116084 782.977
16 142   0.00277866 -0.0128858 942.37
16 143   0.00257109 -0.0125036 910.663
16 144   -0.00313283 0.0122145 878.839
16 145   0.00282993 -0.0121763 826.11
16 146   -0.00293518 0.0121579 878.58
16 147   -0.0033727 0.0120413 849.544
16 148   -0.00324947 0.0120613 837.859
16 352   0.0068284 -0.0107557 674.026
16 353   -0.0443193 -0.0225103 898.632
16 355   -0.0511395 0.023992 772.603
16 356   -0.0451431 0.0217753 901.558
16 365   -0.00732252 0.0334784 823.87
16 366   -0.00999567 0.0304351 892.363
16 367   -0.00877725 0.0271965 907.661
16 373   -0.0410052 0.0310472 802.66
16 374   -0.0391943 0.0336824 804.986
16 375   -0.0387118 0.0282586 896.27
16 398   -0.00462264 -0.0304396 830.592
16 399   -0.0101128 -0.0305261 897.136
16 400   -0.00737994 -0.0335087 845.039
16 401   -0.00880842 -0.0275002 906.984
16 402   -0.00590262 -0.0274137 895.401
16 405   -0.0329271 -0.0230776 952.543
16 414   -0.00408067 0.0222291 940.209
16 415   -0.00553851 0.0241102 930.969
16 417   -0.0473568 0.0130556 924.811
16 418   -0.043297 0.0168076 942.131
16 419   -0.0242292 0.0325 913.126
16 420   -0.0220907 0.0247284 925.738
16 421   -0.0209106 0.0297284 915.526
16 422   -0.016159 0.0322284 906.663
16 423   -0.0136636 0.0291851 908.448
16 425   -0.0195209 0.0222284 929.376
16 445   0.00189146 -0.0124783 965.282
16 446   0.00225911 -0.0124187 935.953
16 473   0.00673781 -0.0198824 899.036
16 475   0.00677265 -0.0173657 939.013
16 476   0.00601046 -0.0188001 913.925
16 477   0.00455577 -0.0182945 921.534
16 478   0.00623038 -0.0162808 956.916
16 479   0.00487471 -0.0152278 966.923
16 480   0.0052319 -0.0163152 954.71
16 481   0.00431948 -0.0168945 943.079
16 482   0.00365717 -0.0160852 952.868
16 483   0.00402733 -0.0152506 964.717
16 484   0.00286531 -0.0139798 968.975
16 485   0.00291501 -0.0146566 965.369
16 486   0.0036113 -0.0146453 968.233
16 487   0.00338419 -0.0137692 967.192
16 488   0.00373901 -0.0141679 969.45
16 491   0.00695773 -0.0152173 968.626
16 492   0.00717871 -0.0138028 941.481
16 493   0.00663644 -0.014521 967.431
16 494   0.00528077 -0.0146128 969.429
16 495   0.00594371 -0.0137763 946.863
16 496   0.00604402 -0.014427 966.79
16 497   0.00495948 -0.0141598 966.204
16 498   0.00540144 -0.0137644 949.938
16 499   0.00457504 -0.0126806 873.084
16 500   0.00504444 -0.0128074 879.149
16 501   0.00511658 -0.0133756 928.699
16 502   0.00452297 -0.0130866 913.626
16 503   0.00477139 -0.0134111 935.303
16 504   0.00416574 -0.0138682 963.322
16 505   0.00456413 -0.0138699 960.289
16 506   0.00361173 -0.0134687 956.138
16 507   0.00421329 -0.0131846 927.064
16 508   0.00406332 -0.0135074 950.96
16 509   0.00359801 -0.0132076 941.197
16 510   0.00392539 -0.0130841 923.786
16 511   0.00315238 -0.0128194 916.358
16 512   0.00339549 -0.0130252 931.007
16 513   0.00349522 -0.0127364 896.114
16 514   0.00316254 -0.0125413 877.105
16 515   0.00334169 -0.0125199 869.562
16 516   0.00301007 -0.0122167 820.666
16 517   0.00308524 -0.0123439 845.576
16 518   0.00333999 -0.0120296 798.923
16 519   0.00322989 -0.0121172 801.932
16 520   0.0033502 -0.0123106 839.248
16 521   0.00322303 -0.0122577 827.913
16 523   0.00306548 -0.0120722 785.922
16 524   0.00314751 -0.0120589 784.129
16 556   -0.0501578 -0.00542481 934.544
16 558   -0.0489868 -0.00938716 930.35
16 559   -0.0513289 -0.0114624 922.571
16 560   -0.0435771 -0.0109124 940.217
16 561   -0.0464234 -0.0113498 931.585
16 562   -0.0421376 -0.012719 945.589
16 563   -0.0433703 -0.0151946 941.463
16 564   -0.039701 -0.0118717 950.663
16 565   -0.0387183 -0.0133467 956.022
16 678   0.00727613 -0.010723 613.226
16 693   -0.0411457 0.0249987 912.766
16 694   -0.0391972 0.0261913 913.846
16 695   -0.00516916 -0.0249669 913.789
16 697   0.0071642 -0.0103778 503.773
16 698   0.00738807 -0.0102605 355.132
16 699   -0.0423505 0.0186869 950.897
16 700   -0.0429357 0.0207026 936.62
16 726   -0.0423636 -0.0198187 949.628
16 727   -0.0420414 -0.0170655 952.587
16 728   -0.00946031 0.0246965 938.543
16 729   -0.00439306 0.0187827 967.173
16 730   -0.00465913 0.0206034 967.121
16 768   -0.0348493 0.0252983 940.907
16 785   -0.0118014 -0.0230261 942.384
16 786   -0.0094869 -0.0250002 931.868
16 790   -0.00335805 -0.0137194 782.906
16 791   -0.00226101 -0.0150109 885.959
16 792   -0.00265657 -0.012657 737.086
16 802   -0.00143468 -0.0305453 754.144
16 804   0.00385696 -0.0336144 679.012
16 805   0.000213926 -0.0336144 703.507
16 834   0.00430513 -0.0124501 854.614
16 835   0.00373753 -0.0125902 877.077
16 836   0.00396517 -0.0127556 891.088
16 837   0.00446194 -0.0119213 794.384
16 838   0.00411139 -0.0120708 811.554
16 839   0.00435807 -0.0121612 821.098
16 841   0.00414572 -0.0118673 772.892
16 842   0.0042848 -0.0117944 775.324
16 867   -0.00218605 0.0123374 968.067
16 868   -0.00195206 0.0127597 954.076
16 869   -0.00182819 0.0123955 954.167
16 870   -0.00121696 0.0149303 911.965
16 871   -0.00146966 0.0139623 921.692
16 872   -0.00229607 0.013993 952.501
16 873   -0.00279319 0.0144107 960.007
16 874   -0.00243999 0.0130501 966.264
16 875   -0.00264319 0.0134585 965.773
16 876   -0.00308472 0.0133573 969.137
16 877   -0.00317443 0.0124523 923.918
16 878   -0.0031785 0.0129531 963.712
16 879   -0.00267194 0.01288 969.539
16 880   -0.00299128 0.0126452 956.221
16 881   -0.00296892 0.0128842 966.626
16 882   -0.00245418 0.0124571 968.708
16 883   -0.00279319 0.0125961 962.967
16 884   -0.00259542 0.0126861 969.369
16 885   -0.00280137 0.0122467 922.502
16 886   -0.00257574 0.0123123 958.993
16 887   -0.00272817 0.0124218 955.329
16 889   -0.00258558 0.0121475 940.734
16 890   -0.00271231 0.012127 912.674
16 912   0.000282809 0.0133682 790.943
16 913   0.000816776 0.0150048 820.912
16 914   -0.000189121 0.0146029 867.511
16 915   0.00141778 0.012763 704.627
16 916   0.000758972 0.0128699 713.722
16 921   -0.0505633 -0.0249875 750.742
16 976   -0.0243047 -0.0325 913.806
16 977   -0.0297678 -0.0245518 936.885
16 978   -0.0264784 -0.0225 935.159
16 979   -0.0314999 -0.0335259 903.053
16 980   -0.0281598 -0.0310259 913.117
16 981   -0.0295519 -0.0280776 919.664
16 982   -0.0323924 -0.0291035 913.072
16 983   -0.0333918 -0.0320518 899.182
16 992   0.00567848 -0.0294577 687.381
16 993   0.00567848 -0.0322288 674.745
16 1007   -0.0335056 -0.0210259 964.187
16 1011   -0.0346587 -0.0252544 941.442
16 1012   -0.0343399 -0.0277544 917.098
16 1020   0.00568306 0.0323697 673.098
16 1021   0.0038531 0.0296647 686.414
16 1024   0.00375219 -0.0122788 851.348
16 1025   0.00390943 -0.01211 846.101
16 1026   0.00351839 -0.0122156 837.3
16 1027   0.00350133 -0.0120751 827.242
16 1028   0.00361278 -0.0119854 847.815
16 1029   0.00378708 -0.0119571 880.387
16 1037   -0.0499783 0.0107572 925.958
16 1038   -0.0499783 0.00575718 934.337
16 1049   -0.0399783 0.00575616 942.91
16 1068   -0.031486 0.033529 902.872
16 1069   -0.0280962 0.031029 912.864
16 1070   -0.0347942 0.0322114 890.965
16 1071   -0.0352108 0.0294228 903.582
16 1072   -0.0333278 0.0277983 918.491
16 1202   -0.0074004 0.0102801 402.89
16 1203   -0.00720121 0.0103844 526.474
16 1204   -0.00572642 -0.0117626 748.003
16 1205   -0.0051779 -0.0132417 776.086
16 1206   -0.00636029 -0.0142888 854.653
16 1210   -0.0385954 -0.0212163 877.342
16 1211   -0.039342 -0.0199614 906.534
16 1212   -0.0401359 -0.0220341 966.112
16 1213   -0.0408826 -0.0207792 965.04
16 1223   0.00254801 0.0234193 752.508
16 1224   0.00475506 0.025682 704.93
16 1225   0.00658502 0.0231265 719.133
16 1226   0.0054815 0.02068 745.452
16 1227   0.00327445 0.0210476 772.139
16 1228   0.00557604 0.0187059 758.279
16 1229   0.00421827 0.0155702 754.197
16 1230   0.00502061 0.011841 736.879
16 1233   0.00667957 0.0176594 759.872
16 1234   0.00708978 0.0154194 768.617
16 1235   0.00544892 0.0157521 759.398
16 1236   0.00626935 0.0164485 762.985
16 1237   0.00556354 0.013856 753.706
16 1238   0.00667957 0.0146399 768.842
16 1239   0.00585914 0.0148062 759.84
16 1240   0.00714709 0.0131507 788.379
16 1241   0.00603107 0.0134719 763.125
16 1242   0.00673688 0.0139076 773.144
16 1243   0.00585009 0.0120142 764.661
16 1244   0.00679419 0.012596 790.936
16 1245   0.00608838 0.012834 767.806
16 1246   0.00626031 0.0115942 785.773
16 1247   0.0068515 0.0119582 806.694
16 1250   0.0072044 0.0115023 838.343
16 1255   -0.0370663 0.0218365 926.97
16 1256   -0.041032 0.0218373 959.011
16 1257   -0.0403504 0.0234414 946.652
16 1258   -0.038402 0.024634 945.375
16 1259   -0.0368425 0.0240479 959.027
16 1277   -0.00690881 -0.0115598 825.976
16 1281   -0.0072044 -0.0105715 882.097
16 1282   -0.00661321 -0.0108813 808.488
16 1292   -0.0081534 0.021859 939.464
16 1293   -0.00815316 0.0236204 955.322
16 1294   -0.0068459 0.023425 956.645
16 1296   0.00631762 0.0109564 795.671
16 1299   0.00690881 0.0109835 846.043
16 1300   0.0072044 0.0104917 887.686
16 1324   -0.0055723 0.0137891 931.111
16 1325   -0.00685008 0.0129121 856.298
16 1326   -0.00728336 0.0122859 807.44
16 1327   -0.00580149 0.0115417 786.462
16 1328   -0.00687625 0.0117656 779.621
16 1329   -0.00730081 0.0110159 693.926
16 1330   -0.0068937 0.011329 749.182
16 1331   -0.00710162 0.0106645 629.668
16 1332   -0.0061013 0.0108967 746.61
16 1333   -0.00609257 0.0112289 765.79
16 1334   -0.00649096 0.0112481 755.053
16 1335   -0.00680283 0.0107071 674.13
16 1336   -0.00640009 0.0108541 727.552
16 1337   -0.00659928 0.0109776 729.161
16 1339   -0.00650404 0.0106358 694.542
16 1340   -0.00670324 0.0105314 658.745
16 1344   -0.00579043 -0.0160166 896.589
16 1360   -0.00816994 -0.022044 958.848
16 1361   -0.00668102 -0.0240714 937.49
16 1362   -0.00809297 -0.0240182 944.343
16 1363   -0.00579033 0.0211146 953.2
16 1364   -0.00644409 0.0203316 821.767
16 1365   -0.00651926 0.0220551 966.09
16 1366   -0.00717301 0.0212721 860.147
16 1375   -0.00471952 -0.0212867 951.241
16 1376   -0.00624465 -0.0193027 957.906
16 1377   -0.00487365 -0.0194525 950.509
16 1378   -0.0060725 -0.0221722 965.229
16 1379   -0.00679649 -0.0211103 910.19
16 1409   -0.0374517 -0.0214348 891.273
16 1410   -0.0360321 -0.0205129 941.444
16 1411   -0.0352136 -0.0215388 969.275
16 1418   -0.00677096 0.0193128 876.51
16 1421   -0.00658018 0.0170803 961.131
16 1422   -0.00585114 0.0182751 960.004
16 1447   -0.0510348 0.0337472 670.124
16 1450   -0.0386077 -0.0188336 939.464
16 1452   -0.039826 -0.0168983 965.931
16 1453   -0.0387183 -0.0155647 964.01
16 1459   -0.00107068 -0.0144745 898.029
16 1460   -0.00150891 -0.0132899 839.21
16 1461   -0.000828766 -0.0128122 857.6
16 1462   -0.0015618 -0.0198132 914.732
16 1463   -0.00225566 -0.0163968 903.307
16 1464   -0.00373394 -0.0187413 927.565
16 1465   -0.00396522 -0.017047 908.573
16 1466   -0.000247541 -0.0188338 912.748
16 1467   0.00147256 -0.0184472 916.664
16 1468   -0.000710111 -0.0171118 914.044
16 1469   0.000416894 -0.0164101 922.414
16 1470   0.00168278 -0.0168096 931.767
16 1471   0.00228173 -0.0152364 953.895
16 1472   0.00260787 -0.0160598 946.801
16 1473   -0.000330712 -0.0147158 912.5
16 1474   0.000291461 -0.0154587 923.576
16 1475   0.00111922 -0.0142332 947.2
16 1476   0.00123121 -0.0150349 941.989
16 1477   -8.48236e-05 -0.0133089 918.272
16 1478   0.000485187 -0.0139692 933.365
16 1479   -2.49989e-05 -0.0140279 917.19
16 1480   0.00106835 -0.0127423 962.371
16 1482   0.000668071 -0.0132108 946.587
16 1483   0.000327843 -0.0128504 940.864
16 1499   -0.00906217 0.0209784 961.294
16 1507   -0.00930671 -0.0210087 967.057
16 1508   -0.0115442 -0.0210087 954.059
16 1517   -0.0356241 0.021029 963.881
16 1522   -0.0386395 0.0165031 966.786
16 1525   -0.0406413 0.0185156 966.464
16 1526   -0.0392092 0.0176713 969.259
16 1527   -0.0380697 0.0186682 961.418
16 1528   -0.0398771 0.02032 960.314
16 1529   -0.038445 0.0203091 835.122
16 1659   -0.0498308 -0.028673 697.025
16 1660   -0.0503023 -0.0337715 670.884
16 1663   -0.0517674 -0.032543 672.608
16 1664   -0.0517674 -0.030086 683.556
16 1762   -0.0390461 -0.0336509 809.723
16 1763   -0.035839 -0.0321768 884.241
16 1764   -0.0380941 -0.0281295 901.478
16 1765   -0.036091 -0.0293536 901.519
16 1766   -0.0411515 -0.0323018 772.052
16 1767   -0.0399475 -0.0296037 857.621
16 1768   -0.0445724 -0.0336509 702.18
16 1769   -0.0467701 -0.0324224 689.01
16 1770   -0.0462985 -0.0297809 709.945
16 1771   -0.0440684 -0.0255065 863.079
16 1772   -0.0439956 -0.0283396 782.469
16 1773   -0.041798 -0.0282829 848.328
16 1774   -0.0406047 -0.0232996 945.579
16 1775   -0.0422083 -0.0247079 905.067
16 1776   -0.0415334 -0.0261918 896.136
16 1777   -0.0385935 -0.0260905 918.451
16 1778   -0.0396775 -0.0240936 943.765
16 1779   -0.0401823 -0.0254735 914.974
16 1780   -0.0362835 -0.024752 948.696
16 1781   -0.0377154 -0.025338 936.954
16 1782   -0.0384621 -0.0240831 954.399
16 1783   -0.0362599 -0.0230881 965.921
16 1784   -0.0374394 -0.0229841 968.376
16 1799   -0.021033 -0.0297587 916.398
16 1800   -0.0148124 -0.0242761 929.709
16 1801   -0.017092 -0.0222587 930.932
16 1802   -0.019928 -0.0222587 928.849
16 1803   -0.0222946 -0.0247587 925.82
16 1804   -0.0162383 -0.0322587 908.649
16 1805   -0.0138024 -0.0292761 909.978
16 1808   -0.00693014 -0.0167277 916.264
16 1809   -0.00693014 -0.0183944 959.153
16 1821   0.000963252 0.0163084 841.24
16 1822   0.00226547 0.0192573 809.081
16 1823   0.00311475 0.0166167 776.572
16 1824   0.00365209 0.0181933 777.869
16 1825   -0.000838457 0.0194083 901.653
16 1826   1.46266e-05 0.0173826 887.851
16 1827   0.000779509 0.0187549 865.025
16 1828   -0.00337903 0.01815 954.966
16 1829   -0.00131834 0.0174632 912.707
16 1830   -0.00188834 0.0186087 921.339
16 1831   -0.00225491 0.0168908 934.961
16 1832   -0.00336316 0.0171183 956.78
16 1833   -0.00209626 0.015834 934.789
16 1834   -0.00284606 0.0152836 955.323
16 1835   -0.00485327 0.0158069 969.216
16 1836   -0.00364874 0.0156062 965.512
16 1837   -0.00400719 0.0163841 966.473
16 1838   -0.00505251 0.0142683 956.814
16 1839   -0.00416963 0.0149855 969.539
16 1840   -0.00482003 0.0150725 968.17
16 1841   -0.00419626 0.014389 968.838
16 1842   -0.00460796 0.0139738 958.789
16 1843   -0.0036225 0.0141367 969.315
16 1844   -0.00356692 0.0136179 968.296
16 1845   -0.00399354 0.0133598 955.943
16 1846   -0.00446082 0.0134634 946.958
16 1847   -0.00383457 0.0129313 941.023
16 1848   -0.00403948 0.0126967 916.057
16 1849   -0.00350172 0.0127853 943.785
16 1850   -0.00347528 0.0125234 920.132
16 1851   -0.00366372 0.0123693 899.835
16 1852   -0.00389508 0.0123966 898.476
16 1853   -0.00639484 0.012579 839.917
16 1854   -0.00594382 0.0119569 806.435
16 1855   -0.00642102 0.0120381 803.552
16 1856   -0.0056366 0.0130692 890.378
16 1857   -0.00578737 0.0123007 831.541
16 1858   -0.00604793 0.012695 854.329
16 1859   -0.00528968 0.0128824 885.818
16 1860   -0.00546241 0.0124676 850.167
16 1861   -0.00475304 0.0130483 914.728
16 1862   -0.00511459 0.0123087 844.917
16 1863   -0.004949 0.0119092 817.027
16 1864   -0.00435949 0.012541 888.757
16 1865   -0.00470822 0.0126718 887.203
16 1866   -0.00445378 0.0121416 845.458
16 1867   -0.00444788 0.0117234 801.055
16 1868   -0.00463693 0.0118728 816.01
16 1869   -0.00410251 0.0118665 802.576
16 1870   -0.00425048 0.012086 845.473
16 1871   -0.00427898 0.0118983 813.164
16 1872   -0.00394682 0.0122256 886.044
16 1873   -0.00407675 0.0121453 869.961
16 1874   -0.00402329 0.0120005 854.008
16 1875   -0.00347646 0.0120688 870.367
16 1876   -0.00357336 0.0119645 889.783
16 1877   -0.00358327 0.0121726 884.508
16 1878   -0.00382175 0.0121529 891.705
16 1879   -0.00367078 0.0120092 899.199
16 1880   -0.00368956 0.0121272 890.291
16 1881   -0.00384817 0.0120578 895.374
16 1882   -0.00391978 0.0119857 892.417
16 1883   -0.00376442 0.0119799 910.963
16 1886   -0.00379553 0.0119143 931.068
16 1887   -0.00387654 0.0119012 940.069
16 1902   -0.00687214 0.0152533 952.599
16 1904   -0.00643886 0.0142566 934.32
16 1905   -0.00706672 0.0137133 903.187
16 1914   -0.0492247 0.0260077 739.451
16 1915   -0.0434805 0.0258132 868.41
16 1916   -0.0459494 0.0245321 842.606
16 1917   -0.0491201 0.0311769 683.415
16 1918   -0.0505852 0.0286713 695.738
16 1919   -0.0461897 0.0324296 692.725
16 1920   -0.0438254 0.0297944 756.098
16 1944   0.00558592 -0.0124728 844.392
16 1945   0.00555689 -0.0117442 792.197
16 1946   0.00684291 -0.0129855 878.947
16 1947   0.00620033 -0.013053 890.2
16 1948   0.00604486 -0.0112689 762.734
16 1949   0.00671646 -0.0113208 748.97
16 1951   0.0071642 -0.0117946 776.924
16 1952   0.0071642 -0.0124038 824.099
16 1973   0.00362708 0.0143435 736.091
16 1974   0.00217675 0.0131329 709.142
16 1975   0.00237708 0.0140865 730.03
16 1976   0.00420018 0.012681 716.431
16 1977   0.00456213 0.0135752 733.627
16 1980   0.0033942 0.0124423 697.899
16 1981   0.0027354 0.0125492 699.333
16 1998   -0.0511395 0.0177503 894.963
16 1999   -0.045797 0.0168076 920.568
16 2000   -0.0485181 0.0154681 913.958
16 2001   -0.0497789 0.0205006 868.226
16 2002   -0.0470579 0.0197596 898.892
16 2022   0.000168595 -0.0275023 777.369
16 2023   0.00363872 -0.0278003 713.603
16 2024   0.00469804 -0.0242734 785.233
16 2025   0.00244003 -0.0223442 873.697
16 2026   -0.00125108 -0.0215647 907.795
16 2027   0.000338164 -0.0233719 878.255
16 2028   -0.000873952 -0.0250031 868.595
16 2029   -0.0031102 -0.0241081 906.195
16 2030   -0.00326908 -0.022327 921.212
16 2036   -0.0151733 0.0252993 925.805
16 2037   -0.0154451 0.0211142 937.462
16 2038   -0.0172662 0.0233426 929.246
16 2039   -0.0110227 0.0239135 943.6
16 2040   -0.0130971 0.0240493 935.716
16 2041   -0.0136073 0.0220926 942.609
16 2042   -0.0117881 0.0209784 955.519
16 2043   -0.0106243 0.0219568 959.798
16 2067   -0.00450455 0.0313651 782.472
16 2068   -0.00142267 0.0267476 794.622
16 2069   -0.00135104 0.0328867 712.176
16 2070   0.000452888 0.0301817 705.585
16 2071   -0.00459247 0.0262139 888.989
16 2072   -0.00587043 0.0281264 874.962
16 2073   -0.0511077 -0.017253 898.098
16 2074   -0.0483231 -0.0182535 902.138
16 2075   -0.0499366 -0.0144627 913.415
16 2076   -0.0473732 -0.0139253 922.359
16 2077   -0.0457597 -0.0159635 924.203
16 2097   -0.043596 0.0121842 940.281
16 2098   -0.0387391 0.0116283 951.465
16 2099   -0.0412174 0.00988548 944.186
16 2100   -0.0422572 0.0145967 948.007
16 2101   -0.0398786 0.0147984 958.272
16 2158   -0.0272666 0.02125 938.937
16 2159   -0.0253703 0.02375 930.389
16 2160   -0.0304694 0.026837 925.07
16 2161   -0.0280572 0.027279 922.599
16 2162   -0.0331971 0.024116 947.908
16 2163   -0.0304081 0.022279 946.447
16 2164   -0.030924 0.024337 939.697
16 2165   -0.0324232 0.021029 958.191
16 2166   -0.0337481 0.022058 961.838
52 1   -0.00467782 0.00115287 869.507
52 2   -0.000873526 0.00095244 884.421
52 3   0.000812514 0.00425779 885.229
52 4   -0.000856565 -0.00124063 882.157
52 5   0.00258763 0.00518946 862.592
52 6   0.00285352 0.000885981 872.525
52 7   0.000976557 0.00200094 881.632
52 8   0.00527917 -0.00450226 897.887
52 9   -0.00268076 0.00213647 887.813
52 10   0.00464482 0.00187047 847.838
52 11   -0.00627164 0.00246575 861.9
52 12   0.00454298 0.0039171 838.858
52 13   -0.00584911 0.0047012 897.343
52 14   0.00103978 -0.00443306 896.772
52 15   -0.000962872 0.00528073 900.663
52 16   -0.00260606 0.00420791 900.247
52 17   -0.0041806 0.00545976 911.429
52 18   -0.00703145 -0.00390313 806.063
52 19   -0.000741535 -0.00538274 886.872
52 20   0.00403483 -0.00561001 913.003
52 21   -0.00784872 0.00195799 808.649
52 22   0.00236965 -0.00548816 908.076
52 23   -0.00385484 0.00712075 936.262
52 24   -0.00125532 0.0069367 912.729
52 25   -0.000530295 -0.00696021 891.27
52 26   0.00439508 -0.00716026 938.055
52 27   -0.0084551 0.000748742 774.061
52 28   -0.00781976 -0.0011064 797.734
52 29   -0.00879261 0.00311199 792.923
52 30   0.00312054 -0.0077795 944.407
52 31   0.00534221 -0.00779658 952.986
52 32   -0.00257276 0.00752487 935.928
52 33   -0.00835933 -0.000211635 776.431
52 34   0.00309813 -0.00879799 961.943
52 35   -0.00878526 -0.0019005 806.769
52 36   0.011032 -0.00260684 715.367
52 37   -0.00977407 0.00260719 748.568
52 38   -0.0105696 0.00314094 728.96
52 39   -0.00252127 0.00867562 957.054
52 40   -0.00968257 0.00105792 733.006
52 41   -0.0112398 0.0024975 716.456
52 42   0.00510203 -0.00878237 967.655
52 43   -0.00959747 -0.00132316 764.909
52 44   0.0108856 -0.00182302 712.698
52 45   -0.0100576 0.00176238 730.33
52 46   -0.00381518 0.00921692 967.983
52 47   -0.00947528 -0.00052891 739.861
52 48   0.00239631 -0.00926348 965.523
52 49   0.003798 -0.00926107 968.412
52 50   -0.0109231 0.00172684 714.24
52 51   0.00447279 -0.00920265 968.722
52 52   -0.00307724 0.00920497 967.19
52 53   -0.0102303 0.000488616 712.763
52 54   -0.0101188 -0.00013784 712.492
52 55   -0.0110383 0.000696747 701.393
52 56   -0.011356 0.00123052 705.823
52 57   0.0101274 0.00153663 737.049
52 58   -0.00290859 0.00991054 967.69
52 59   0.00412872 -0.0103706 966.843
52 60   0.00363475 -0.00994818 968.432
52 61   0.00256917 -0.00993365 968.07
52 62   -0.00333437 0.0102604 958.59
52 63   -0.0113478 0.000321606 693.027
52 64   0.0104899 0.00107167 704.304
52 65   -0.0106816 -0.000348285 697.675
52 66   0.00209938 -0.010218 962.975
52 67   0.0114458 -0.000665132 694.97
52 68   0.00292321 -0.010162 960.949
52 69   0.00218329 -0.0106119 938.001
52 70   0.00330292 -0.0101802 961.835
52 71   0.00401703 -0.010779 963.879
52 72   -0.00323799 0.0106996 922.225
52 73   -0.0111026 -9.69707e-05 690.403
52 74   0.00260004 -0.0107566 907.27
52 75   0.0108866 0.00115933 694.114
52 76   0.00287016 -0.0105911 927.625
52 77   -0.0117294 0.000334539 690.163
52 78   0.0117275 -0.000338448 688.434
52 79   -0.0113445 -0.000626854 681.474
52 80   -0.00364243 0.0110376 929.058
52 81   -0.00341612 0.010954 897.27
52 82   0.0033955 -0.0105839 941.207
52 83   -0.0113739 -0.000292511 683.269
52 84   0.00361563 -0.0107602 940.471
52 85   0.00409756 -0.0110406 968.36
52 86   0.00314945 -0.0107495 910.291
52 87   0.00319283 -0.0109833 868.949
52 88   -0.011704 5.58842e-07 684.053
52 89   -0.0115937 -0.000207914 681.044
52 90   0.00355426 -0.0109941 918.721
52 91   -0.0115423 -0.000706614 676.937
52 92   -0.00324253 0.0111981 812.037
52 93   0.00364941 -0.0111554 926.446
52 94   0.00297817 -0.011203 789.959
52 95   0.00309786 -0.0111305 820.127
52 96   0.00379132 -0.0111831 955.762
52 97   -0.0118609 -7.1629e-05 681.964
52 98   0.00337751 -0.0110516 877.872
52 99   -0.00358899 0.0113036 898.343
52 100   -0.0117092 -0.000336331 677.31
52 101   0.0035203 -0.0112694 875.931
52 102   0.0117395 0.000462713 673.871
52 103   -0.0116042 -0.000799376 675.775
52 104   -0.00343233 0.0113766 807.599
52 105   0.00338443 -0.0112084 842.929
52 106   -0.0118353 -0.000255718 678.04
52 107   -0.0116721 -0.000549651 674.691
52 108   0.00301515 -0.011388 685.521
52 109   -0.0117207 -0.00045398 675.043
52 110   -0.0032899 0.0113298 770.869
52 111   0.00350053 -0.0113722 846.908
52 112   0.00319905 -0.0112705 777.446
52 113   0.00330093 -0.0112801 794.511
52 114   0.0118005 0.000571147 671.414
52 115   -0.0119114 -0.00033505 676.093
52 116   0.0117669 0.000650237 671.709
52 117   -0.0033454 0.0113819 755.89
52 118   0.00310912 -0.0114165 603.176
52 119   0.00317333 -0.0113715 700.42
52 120   0.0118876 0.000562873 669.965
52 121   0.01192 0.000593921 668.878
52 122   0.0119534 0.000569641 668.716
52 123   0.00316281 -0.0115732 2.73585
52 124   0.0119841 0.000568298 687.683
52 345   0.00837647 -0.0036117 815.539
52 346   0.00701767 -0.00498091 887.441
52 347   0.00747856 -0.00616233 900.106
52 348   0.00789845 -0.00764404 926.699
52 349   0.00633454 -0.0075568 946.303
52 350   0.00709265 -0.00699416 920.554
52 351   0.00765085 -0.0084296 961.416
52 386   0.00285025 0.00677596 844.609
52 387   0.00189732 0.0074979 855.911
52 388   0.00259279 0.008519 808.715
52 471   0.0106746 -0.00369489 731.154
52 472   0.00961028 -0.00427034 782.905
52 540   0.0031139 -0.0114931 392.818
52 582   0.011846 2.80634e-05 681.482
52 583   0.0116841 -8.86528e-05 684.294
52 584   0.000763083 -0.00185679 886.192
52 585   0.00144502 -0.00303568 891.569
52 586   0.00262308 -0.000778679 880.071
52 587   0.00463847 -0.00298361 885.179
52 588   0.00358329 -0.00136871 879.202
52 589   0.00302676 -0.00254643 889.396
52 590   0.0048379 -0.00129317 868.191
52 591   0.00555211 -0.00231863 870.437
52 592   0.00814312 -0.00243675 799.921
52 593   0.00677899 -0.00221119 843.505
52 594   0.00834283 -0.000948232 774.66
52 595   0.00888104 -0.00174913 762.465
52 596   0.0089285 -0.000438165 750.988
52 598   0.00896903 0.00282902 820.717
52 599   0.00960093 0.00157761 781.152
52 600   0.008964 0.0021092 814.753
52 601   0.0059034 0.00082539 833.127
52 602   0.00570768 -0.000673005 848.317
52 603   0.00748222 -0.000579088 801.528
52 604   0.00665629 -0.00115443 831.691
52 605   0.00727238 0.00214183 806.132
52 606   0.00675407 0.00128507 813.621
52 607   0.00738427 0.00036202 800.379
52 608   0.00878203 0.000242111 757.745
52 609   0.00809841 0.000673152 781.835
52 610   0.00802521 0.0014986 791.232
52 611   0.00860283 0.00166118 785.399
52 612   0.00912521 0.000528953 748.926
52 613   0.00901921 0.00112257 764.508
52 614   0.00946031 0.0011366 751.7
52 615   0.00981941 2.42911e-05 718.809
52 616   0.00967254 0.000706895 729.518
52 617   0.00946007 0.00037907 733.895
52 618   0.0103513 0.000665951 704.725
52 619   0.00996248 0.000533013 715.769
52 620   0.0101013 0.000171219 710.342
52 621   0.0109553 0.000506754 689.332
52 622   0.0105989 0.000492288 697.623
52 623   0.0104551 0.000161468 701.513
52 624   0.0103563 -0.00154444 716.543
52 625   0.00970845 -0.00158518 732.75
52 626   0.00995492 -0.000485735 716.371
52 627   0.00952151 -0.000818248 731.54
52 628   0.011083 -0.000632405 697.563
52 629   0.0104134 -0.000665593 707.259
52 630   0.0106278 -0.000957371 706.713
52 631   0.0106974 -1.30181e-05 697.277
52 632   0.0106957 -0.000347037 699.948
52 633   0.0110415 -0.000334216 694.409
52 634   0.0111642 -8.744e-05 689.891
52 635   0.0109273 8.78689e-05 692.14
52 636   0.0110415 0.000276822 688.457
52 637   0.0115044 -1.94661e-05 684.497
52 638   0.011249 0.000192784 685.277
52 639   0.0113077 1.02417e-05 686.586
52 640   0.0111026 0.000668663 685.867
52 641   0.0110735 0.000922761 687.386
52 642   0.0112981 0.000961201 682.684
52 643   0.0113768 0.000818044 680.076
52 644   0.0112954 0.000644148 681.535
52 645   0.0115663 0.000781112 676.029
52 646   0.0116152 0.000674421 674.722
52 647   0.0116124 0.000457662 676.084
52 648   0.0115217 0.00059028 676.842
52 649   0.0113915 0.000523074 679.845
52 650   0.0115305 0.000106602 682.264
52 651   0.0115669 0.000333982 678.375
52 652   0.0114267 0.00035566 680.465
52 653   0.0113909 0.000230786 682.478
52 654   0.0117769 0.000115591 679.966
52 655   0.0116411 0.000124942 680.745
52 656   0.0116417 0.000227449 678.964
52 657   0.0119064 0.00026911 676.499
52 658   0.0117374 0.000240172 677.791
52 659   0.0118177 0.000196023 678.217
52 660   0.0117957 0.000392959 674.323
52 661   0.0117838 0.000310554 676.069
52 662   0.0118721 0.000332387 675.164
52 663   0.0119488 0.000433941 672.902
52 664   0.0118659 0.000434042 672.947
52 665   0.0119022 0.000395544 673.736
52 666   0.0119002 0.000515285 670.799
52 667   0.0118934 0.000475759 671.816
52 668   0.011934 0.000472953 671.877
52 669   0.0119538 0.000547327 669.832
52 670   0.011933 0.00052402 670.478
52 671   0.0119487 0.000500937 671.248
52 672   -0.00694036 0.0059069 903.787
52 673   -0.00854236 0.00749867 901.207
52 674   -0.00648598 0.00742639 940.358
52 676   -0.00624659 -0.00504747 808.59
52 677   0.00348051 0.00877028 810.509
52 679   0.00664436 -0.00833028 965.161
52 680   0.00715486 -0.00855319 966.374
52 684   0.00532317 -0.0101732 961.74
52 687   0.00461603 -0.0104431 968.215
52 688   0.00479684 -0.00996218 968.244
52 689   0.00575702 -0.00909624 968.515
52 690   0.00630702 -0.00888392 967.816
52 691   0.0060323 -0.0099484 933.513
52 692   0.00565412 -0.00972754 958.163
52 701   -0.00517582 0.0102056 964.014
52 704   -0.00427806 0.00876986 965.048
52 705   -0.00460066 0.00787464 952.513
52 706   -0.00553728 0.0078887 955.479
52 707   -0.00531846 0.00962789 966.407
52 708   -0.00495085 0.00898481 968.564
52 709   -0.00547853 0.00858303 967.113
52 710   -0.00581676 0.00957327 956.269
52 711   -0.00591746 0.00893723 969.102
52 712   -0.00703379 0.00793187 951.958
52 713   -0.00771925 0.00795597 942.149
52 714   -0.00768414 0.00868408 966.906
52 715   -0.00715536 0.00883959 966.478
52 716   -0.00633798 0.00891594 966.685
52 717   -0.00671009 0.00858082 968.885
52 718   -0.00654306 0.00940938 911.246
52 719   -0.0071378 0.00920365 919.502
52 720   -0.00689761 0.00943832 855.21
52 755   0.000700132 -0.007189 907.941
52 756   0.00181876 -0.00666663 915.365
52 757   0.00220939 -0.00740772 929.899
52 758   0.00145909 -0.00796566 928.581
52 759   0.000722436 -0.0078945 912.218
52 760   0.00166841 -0.00880292 950.256
52 761   0.00130842 -0.00933082 958.372
52 762   -0.000219016 -0.00900527 886.606
52 763   0.000369429 -0.00849341 909.759
52 764   0.000746089 -0.00909246 933.57
52 765   0.000456034 -0.00963013 911.278
52 766   -0.000140745 -0.00957852 876.985
52 767   -0.00696548 -0.00606458 800.973
52 788   -0.00643857 0.00979452 891.03
52 789   -0.00613279 0.00993712 925.864
52 798   0.0016914 -0.0101665 966.508
52 799   0.00144164 -0.00998502 969.114
52 813   -0.00471584 0.0102035 968.192
52 814   -0.00464985 0.0106676 968.6
52 815   -0.00437638 0.00996177 968.959
52 816   -0.00400586 0.00976793 969.495
52 817   -0.00369371 0.0101058 966.609
52 818   -0.00435607 0.0105758 968.078
52 819   -0.00420381 0.0102468 967.79
52 820   -0.00392465 0.0103526 964.888
52 821   -0.00385282 0.0108945 957.029
52 822   -0.00419999 0.0107447 967.254
52 823   -0.00395383 0.0106185 962.254
52 825   -0.00420277 0.0109723 969.05
52 826   -0.00399518 0.0110691 967.896
52 852   -0.00042496 0.00760713 907.757
52 853   0.000689669 0.00760477 886.672
52 854   0.000788358 0.00867748 866.164
52 855   -0.000500112 0.00962336 919.01
52 856   -0.000778795 0.00842515 920.183
52 857   9.66677e-05 0.00957175 882.133
52 858   8.67883e-05 0.00898496 892.337
52 859   -0.00187497 0.00899249 957.344
52 860   -0.00124036 0.00881846 941.109
52 861   -0.000971552 0.00942988 953.53
52 862   -0.00129996 0.00986997 968.377
52 865   0.00139502 0.00921266 803.66
52 866   0.0019918 0.00916105 782.932
52 920   -0.0105975 0.00411807 746.439
52 950   -0.00839728 -0.00393517 810.074
52 951   -0.00886428 -0.00283193 823.055
52 955   0.00899285 -0.00720807 871.477
52 956   0.00851137 -0.00767817 910.106
52 1044   0.00281581 -0.0111582 811.735
52 1045   0.002622 -0.0110174 859.02
52 1052   -0.00251314 0.0100603 965.161
52 1053   -0.00192453 0.0104245 955.438
52 1054   -0.00172928 0.00993763 968.765
52 1055   -0.00203549 0.00967157 969.021
52 1056   -0.00237044 0.0108411 902.572
52 1057   -0.00253229 0.010411 947.812
52 1058   -0.00224988 0.0105092 944.488
52 1059   -0.00292215 0.0107665 902.235
52 1060   -0.00270325 0.0106278 924.845
52 1061   -0.00260243 0.0108579 890.988
52 1062   -0.00291058 0.0109753 858.208
52 1063   -0.00273207 0.0110178 852.358
52 1065   -0.00273392 0.0111708 814.111
52 1159   0.0115451 -0.00106262 700.119
52 1160   0.0114949 -0.00147473 705.053
52 1350   0.00656953 -0.00916863 946.101
52 1351   0.00693246 -0.00958325 810.704
52 1352   0.0071732 -0.0093482 876.075
52 1353   0.00703831 -0.00911922 936.537
52 1354   0.00629094 -0.00968224 913.421
52 1355   0.00647002 -0.00942231 918.373
52 1356   0.00669806 -0.00960796 846.79
52 1358   0.00642582 -0.00991122 889.853
52 1359   0.00661215 -0.00982455 849.071
52 1564   -0.00518923 -0.000557815 848.664
52 1565   -0.00621603 -0.00266263 823.756
52 1566   -0.00684985 -0.00134895 817.142
52 1567   -0.00249677 -0.00181902 873.647
52 1568   -0.00419388 -0.00126639 858.496
52 1569   -0.00491693 -0.0024766 842.648
52 1570   -0.0019889 -0.00452731 873.242
52 1571   -0.00252972 -0.00297712 870.709
52 1572   -0.00390992 -0.00308133 853.67
52 1573   -0.0031004 -0.0049681 856.206
52 1574   -0.00484557 -0.0048004 831.463
52 1575   -0.00400275 -0.00402302 847.75
52 1576   -0.00341569 -0.00585538 843.677
52 1577   -0.00447076 -0.00563557 830.29
52 1578   -0.00470476 -0.00644185 819.922
52 1579   -0.00595117 -0.00734905 816.682
52 1580   -0.00579846 -0.00662377 814.025
52 1581   -0.00162931 -0.00761396 861.123
52 1582   -0.00311401 -0.00887452 807.085
52 1583   -0.00116034 -0.00868958 847.373
52 1584   -0.00197724 -0.0091854 782.362
52 1585   -0.00345198 -0.00820541 811.099
52 1586   -0.00411547 -0.00701655 819.061
52 1587   -0.00324781 -0.00681877 834.85
52 1588   -0.00278418 -0.00744068 833.305
52 1590   -0.00526773 -0.00791212 784.308
52 1591   -0.00452573 -0.00776155 801.667
52 1592   -0.00432587 -0.0083285 797.777
52 1612   0.00587964 0.00449712 817.682
52 1613   0.00741486 0.00568567 785.123
52 1614   0.00806181 0.00470061 786.741
52 1615   0.00797181 0.00369497 803.758
52 1616   0.00709132 0.00333855 807.625
52 1617   0.00626063 0.00708303 824.003
52 1618   0.00655731 0.00597885 808.452
52 1619   0.00566908 0.00569834 814.869
52 1620   0.00422168 0.00694281 818.952
52 1621   0.00496839 0.00646682 816.048
52 1622   0.00544317 0.00718077 804.052
52 1625   0.00520384 0.00788411 787.379
52 1626   0.00429049 0.00838137 798.216
52 1627   0.00442646 0.0077864 803.426
52 1726   0.00853196 -0.00602665 873.887
52 1727   0.00899971 -0.00665756 856.928
52 1728   0.00930488 -0.00550388 828.486
52 1730   0.00992179 -0.0058332 813.631
52 1731   0.00962348 -0.00643638 825.917
52 1742   -0.00329458 0.0114811 571.337
52 2087   -0.00811752 0.00564209 879.108
52 2088   -0.00981236 0.00613852 821.476
52 2089   -0.00882898 0.00671633 866.829
52 2090   -0.00980786 0.00500888 797.416
52 2091   -0.00879848 0.00453654 825.981
52 2133   0.0031505 -0.0115396 76.1206
52 2134   0.00315116 -0.0115003 342.797
52 2135   0.00313665 -0.0115295 155.676
52 2136   0.00333295 -0.0113666 767.868
52 2137   0.00339667 -0.0113978 783.943
52 2138   0.00336543 -0.0114579 724.593
52 2139   0.0032339 -0.0114155 657.051
52 2140   0.00331176 -0.0114524 667.94
52 2141   0.00329164 -0.011401 723.475
52 2142   0.00325789 -0.0115154 355.238
52 2143   0.00327668 -0.0114763 551.123
52 2144   0.00323457 -0.0114608 536.34
52 2145   0.00322463 -0.0115127 314.119
52 2146   0.00318376 -0.0114907 382.131
52 2147   0.00321137 -0.0114838 430.655
52 2148   0.00318792 -0.0115133 267.183
52 2149   0.00320613 -0.011526 201.453
52 2150   0.00316883 -0.0115526 19.4357
52 2151   0.00316917 -0.011533 129.635
52 2153   0.00320158 -0.0115463 81.0205
52 2156   0.00318304 -0.0115532 23.5186
52 2157   0.00317424 -0.0115679 4.31623
52 2179   0.0119694 0.000510839 671.262
52 2182   0.0119822 0.00055237 675.492
52 2183   0.0119711 0.000537467 670.989
52 2214   -0.00315309 0.0115159 257.469
52 2215   -0.00314334 0.0115387 116.1
52 2216   -0.00310454 0.0111942 797.752
52 2217   -0.00300113 0.0111109 823.245
52 2218   -0.00289014 0.0112884 770.763
52 2219   -0.00287488 0.0111912 800.187
52 2220   -0.00300503 0.0114149 646.257
52 2221   -0.00298647 0.0113194 750.176
52 2222   -0.00307462 0.0113057 751.533
52 2223   -0.00310518 0.0113754 695.85
52 2224   -0.00307203 0.0114292 597.807
52 2225   -0.00313046 0.0114807 416.379
52 2226   -0.00309554 0.0114852 422.661
52 2227   -0.0032045 0.0113922 684.742
52 2228   -0.00315014 0.0113931 670.725
52 2229   -0.00315191 0.0114424 550.47
52 2230   -0.00325657 0.0114672 547.807
52 2231   -0.00322199 0.0114304 619.79
52 2232   -0.00319055 0.0114525 533.797
52 2233   -0.00320613 0.0114824 437.869
52 2234   -0.00323982 0.0114945 434.997
52 2235   -0.00323777 0.0115271 280.073
52 2236   -0.00321127 0.0115246 248.257
52 2237   -0.00318262 0.0115119 282.993
52 2238   -0.00319761 0.0115031 341.451
52 2240   -0.00318915 0.0115367 125.937
52 2241   -0.00320311 0.0115442 101.015
52 2242   -0.00316523 0.0115462 66.3428
52 2243   -0.00318122 0.0115623 11.4583
52 2244   -0.00318151 0.0115482 63.7414
52 2245   -0.00316844 0.0115712 3.96077
52 2248   -0.0031692 0.0115633 8.51438
52 2249   -0.00316005 0.011558 17.5729
52 2255   -0.0117433 -0.000615623 672.675
52 2256   -0.0117357 -0.000683804 672.652
52 2257   -0.0118056 -0.000673172 671.204
52 2258   -0.0118394 -0.00054088 671.572
52 2259   -0.0118315 -0.000623028 670.728
52 2260   -0.0117949 -0.000586953 671.791
52 2261   -0.0118712 -0.000597333 670.095
52 2262   -0.0118808 -0.000556576 670.584
52 2265   -0.010181 -0.00150607 731.066
52 2267   -0.0105875 -0.00121073 704.245
52 2268   -0.0111486 -0.000906846 686.551
52 2269   -0.0107571 -0.000823817 696.099
52 2308   -0.0119033 -0.000605357 669.327
52 2311   -0.0119195 -0.000585155 669.287
52 2312   -0.0119422 -0.000585507 668.892
52 2313   -0.0119323 -0.000541377 670.37
52 2314   -0.0119152 -0.00055441 670.091
52 2315   -0.0119532 -0.000568801 669.254
52 2316   -0.0119474 -0.000555415 669.827
52 2320   -0.0118518 -0.000496019 672.323
52 2321   -0.0118208 -0.000451737 673.644
52 2322   -0.0118856 -0.00041342 674.163
52 2326   -0.0119005 -0.000472011 672.567
52 2327   -0.0119553 -0.000444007 673.542
52 2328   -0.0119191 -0.000438376 673.522
52 2329   -0.0119673 -0.000489326 672.481
52 2330   -0.0119471 -0.000469386 672.796
52 2331   -0.0119264 -0.000485896 672.18
52 2332   -0.011937 -0.000520367 671.123
52 2333   -0.0119351 -0.000504767 671.637
52 2334   -0.0119579 -0.000505381 671.863
52 2335   -0.0119774 -0.000525724 671.744
52 2336   -0.0119545 -0.000524347 671.17
52 2337   -0.0119651 -0.000517616 671.628
52 2338   -0.011981 -0.000546665 671.414
52 2339   -0.011974 -0.000535955 671.328
52 2340   -0.0119626 -0.000535647 670.912
52 2341   -0.0119602 -0.000545706 670.396
52 2342   -0.0119664 -0.000562611 669.579
52 2343   -0.0119772 -0.000553377 670.674
52 2344   -0.0119678 -0.000552725 670.226
52 2345   -0.0119764 -0.000564106 669.689
52 2346   -0.011983 -0.000558066 672.339
end
