1252
16 131   -0.0449782 0.00325278 936.463
16 132   -0.0451576 -0.0029295 936.495
16 133   -0.04114 -0.00645553 934.726
16 134   -0.0384824 -0.00714742 931.311
16 135   0.00394371 0.0183728 968.862
16 136   0.00545108 -0.0177032 953.438
16 137   0.00351272 -0.0192608 956.858
16 138   0.00681616 -0.0225329 911.586
16 139   0.00681616 -0.0190136 943.611
16 140   0.00506555 -0.0158337 958.122
16 141   -0.00234217 -0.0152309 949.215
16 142   0.00178766 -0.0159423 968.943
16 143   -0.00681132 0.0147084 968.782
16 144   0.00687335 -0.0141124 946.18
16 145   0.00580398 -0.0146636 954.018
16 146   0.00331302 -0.0154569 965.633
16 147   -0.0044473 0.0152331 968.181
16 148   -0.00116885 -0.0144352 964.637
16 149   0.00316785 -0.014226 966.926
16 150   -0.00432542 0.0140097 969.42
16 151   -0.00616163 0.0136785 963.502
16 152   -0.00163598 -0.0131694 964.803
16 153   0.00625868 -0.0128372 936.377
16 154   0.00473146 -0.0137081 958.486
16 155   0.00384785 -0.0136473 964.091
16 156   -0.00505604 0.0135604 966.969
16 157   -0.00660291 0.0124239 935.415
16 158   -0.00629852 0.012927 952.198
16 159   0.00534316 -0.0126371 950.369
16 160   0.00488531 -0.0129568 957.352
16 161   -0.00486435 0.0128108 964.439
16 162   0.00678969 -0.0111475 888.09
16 163   -0.00541815 0.012538 956.499
16 164   -0.00597063 0.0117713 917.03
16 165   0.00587337 -0.0116853 911.485
16 166   -0.00527792 0.0120674 955.554
16 167   -0.00596224 0.0113143 891.354
16 168   0.00509076 -0.0120625 957.093
16 169   0.00591121 -0.0112802 888.197
16 170   -0.00552601 0.0118039 939.263
16 171   0.00546054 -0.0116829 933.083
16 172   0.00522462 -0.0118015 953.558
16 173   -0.0052691 0.0114771 948.086
16 174   0.00558271 -0.0111332 890.524
16 175   0.00529684 -0.0113834 937.283
16 176   0.00494175 -0.0115644 968.264
16 177   -0.0053245 0.0112975 932.804
16 178   0.00538117 -0.0112388 916.873
16 179   0.00459837 -0.0116439 963.872
16 180   0.00475123 -0.0115638 963.346
16 181   -0.0050324 0.0114434 966.924
16 182   0.00510175 -0.0113571 959.395
16 183   0.00498258 -0.0114195 967.855
16 292   -0.00661321 -0.0110474 783.148
16 301   -0.0511395 0.023992 919.338
16 309   -0.0087548 0.0271802 963.46
16 310   -0.0329241 -0.0230772 917.647
16 313   -0.00398095 0.0221536 907.254
16 314   -0.00549206 0.0240676 917.614
16 319   -0.00179881 0.0147042 967.457
16 344   -0.0501576 -0.00542601 939.554
16 346   -0.0489864 -0.00938863 944.915
16 347   -0.0513288 -0.011463 952.979
16 348   -0.0435764 -0.0109152 936.306
16 349   -0.0464228 -0.0113518 944.623
16 350   -0.042137 -0.0127211 929.59
16 351   -0.0433698 -0.0151957 931.213
16 352   -0.0397006 -0.0118754 924.006
16 353   -0.0387182 -0.0133492 913.443
16 354   0.00270254 -0.0124866 969.089
16 357   -0.0242868 -0.0325 963.963
16 358   -0.0297574 -0.0245515 945.091
16 359   -0.0264552 -0.0225 950.248
16 360   -0.0314954 -0.0335257 968.939
16 361   -0.0281465 -0.0310257 964.253
16 362   -0.029538 -0.0280772 959.249
16 363   -0.0323859 -0.029103 963.449
16 364   -0.0333879 -0.0320515 969.227
16 365   -0.00340334 0.013613 969.566
16 366   -0.00245491 0.0139051 968.627
16 369   -0.00347497 0.0129768 969.102
16 370   -0.00306877 0.0126265 969.439
16 371   -0.00437006 0.0125972 966.079
16 372   -0.00394174 0.0126929 966.912
16 373   -0.00414225 0.0121269 962.266
16 374   -0.00444426 0.0122599 965.63
16 375   -0.00420305 0.0118731 963.902
16 390   -0.00422882 0.0186667 911.012
16 391   -0.00454783 0.020526 850.85
16 392   -0.0071547 0.0122441 929.769
16 397   -0.0242278 0.0325 963.612
16 398   -0.0263155 0.0225 950.297
16 399   -0.0297163 0.024558 944.975
16 405   -0.00489752 0.0119509 965.97
16 406   -0.00465606 0.0120725 967.046
16 407   -0.00468325 0.0116943 968.834
16 408   -0.00494052 0.0115644 968.782
16 409   -0.00487732 0.0117431 968.213
16 411   -0.00480395 0.0114854 963.908
16 412   -0.00468895 0.0115457 960.344
16 605   -0.0411455 0.0249986 954.016
16 606   -0.0391968 0.0261912 954.966
16 648   -0.00441968 -0.0206326 837.309
16 649   0.00690881 0.0105739 714.98
16 650   -0.0072044 -0.011029 752.475
16 651   -0.00705661 -0.0105237 687.313
16 652   -0.0429357 0.0207024 920.378
16 672   -0.00695493 -0.0149863 882.592
16 673   -0.00531972 -0.0162036 890.729
16 674   -0.00640986 -0.016476 871.104
16 675   -0.00371467 -0.0147081 930.128
16 676   -0.00494676 -0.0140495 910.204
16 677   -0.00483202 -0.0150335 910.472
16 678   -0.00417291 -0.0135977 925.408
16 679   -0.0034859 -0.0138505 936.945
16 680   -0.00238079 -0.0129364 954.576
16 681   -0.00300002 -0.0133137 945.862
16 684   -0.00266832 -0.0123412 942.517
16 685   -0.00229281 -0.0124022 953.567
16 693   0.00174692 -0.0138967 969.593
16 694   0.00240028 -0.0138332 969.283
16 695   0.00235546 -0.0129469 969.583
16 696   0.00145793 -0.013252 968.583
16 697   0.00182421 -0.0128099 967.766
16 698   0.00163943 -0.0124359 959.574
16 705   0.00290122 0.0133268 943.666
16 706   0.00323595 0.0129621 934.783
16 707   0.00591709 0.0113638 818.389
16 708   0.00670535 0.0114792 800.279
16 709   0.00550377 0.0123913 878.339
16 710   0.00551656 0.011844 851.638
16 711   0.00491258 0.0124369 895.928
16 712   0.0039091 0.0152778 961.904
16 713   0.00317165 0.0139888 951.227
16 714   0.00484762 0.0137756 935.711
16 715   0.00385535 0.0140413 947.84
16 716   0.00430262 0.0144412 951.398
16 717   0.00467615 0.0127842 914.287
16 718   0.00417032 0.0134494 936.105
16 719   0.00463038 0.013302 927.823
16 720   0.00413681 0.0122495 922.856
16 721   0.00428811 0.012664 921.108
16 722   0.00715852 -0.0108631 896.405
16 723   0.00698778 -0.0104964 881.62
16 726   -0.00107932 -0.0127113 969.409
16 729   -0.0112553 0.0229306 923.324
16 730   -0.00943851 0.0246802 926.328
16 731   -0.00681448 0.023397 862.943
16 732   -0.00812997 0.0236012 881.605
16 733   -0.00574048 0.0210768 767.112
16 734   -0.00649603 0.0220338 777.394
16 736   -0.00642111 -0.0116805 820.786
16 737   -0.00646723 -0.0135248 878.378
16 738   -0.00549182 -0.0133524 894.813
16 739   -0.00553432 -0.0115623 846.09
16 773   -0.042363 -0.0198191 895.899
16 774   -0.042041 -0.0170662 905.205
16 775   0.00525516 0.0155697 962.8
16 776   0.00606901 0.0168717 969.199
16 777   0.00547818 0.0137347 929.047
16 778   0.00627923 0.0146923 948.343
16 779   0.00669255 0.0130372 888.41
16 780   0.0058915 0.0129715 896.699
16 782   0.00709308 0.0137647 917.252
16 783   0.00709308 0.0146566 944.452
16 793   -0.00333244 0.0121674 967.398
16 799   0.00363603 -0.012973 964.999
16 800   0.00321869 -0.0126155 966.638
16 802   0.00339282 -0.012162 963.672
16 803   -0.0329384 0.023087 917.558
16 804   -0.0348485 0.0252983 926.863
16 816   -0.000529533 0.0192494 965.5
16 817   0.00151449 0.0182248 969.548
16 818   0.00155771 0.0168302 968.493
16 819   0.000255553 0.0165904 967.336
16 820   0.00264088 0.0157946 966.298
16 821   0.00235069 0.0149054 962.075
16 822   0.00146958 0.0148592 963.929
16 823   0.000457611 0.0155085 966.279
16 824   0.00144106 0.0138791 960.497
16 825   0.00205175 0.0132633 950.377
16 826   0.00193173 0.0127347 942.223
16 828   0.00137762 0.0125505 949.745
16 849   -0.0358372 -0.0321766 967.83
16 861   0.0053747 0.0204191 956.54
16 867   -0.0220848 0.0247269 957.434
16 868   -0.0209062 0.0297269 962.703
16 869   -0.0142397 0.0241806 949.464
16 870   -0.0195079 0.0222269 955.768
16 871   -0.01633 0.0222269 951.788
16 883   -0.00566019 0.0111216 884.272
16 884   -0.00548585 0.011213 908.523
16 912   -0.0209795 -0.0297246 963.124
16 913   -0.0222327 -0.0247246 957.626
16 914   -0.0197219 -0.0222246 956.125
16 916   -0.0511395 0.0177503 968.852
16 1056   -0.0408817 -0.0207794 833.006
16 1057   0.00709947 0.0120499 826.813
16 1058   0.00709947 0.0125475 857.723
16 1063   0.00730294 0.0104995 610.613
16 1064   0.0072044 0.010287 502.083
16 1065   0.00740147 0.0101837 258.685
16 1075   -0.00700815 0.0172369 919.848
16 1076   -0.00526195 0.0179707 905.412
16 1077   -0.00631947 0.0160399 960.046
16 1078   -0.00533576 0.0162217 958.329
16 1079   -0.00711875 0.0190075 768.816
16 1080   -0.00586441 0.0186991 844.58
16 1081   -0.0066269 0.0181471 863.724
16 1082   0.000773574 -0.0151982 969.428
16 1083   0.00120469 -0.0143517 969.562
16 1084   -0.000210441 -0.014774 968.338
16 1085   -6.57903e-05 -0.0139375 969.239
16 1086   0.000507135 -0.0139175 969.241
16 1087   0.000538223 -0.0133146 969.108
16 1088   0.000532782 -0.0125866 955.118
16 1089   0.000278871 -0.0126278 968.366
16 1093   0.00493177 0.0116159 853.493
16 1095   0.00472831 0.0119928 878.042
16 1103   0.000798662 0.0138305 964.382
16 1104   0.000913519 0.0127629 961.744
16 1105   0.000720532 0.0131895 965.001
16 1107   0.000359407 0.0125787 968.658
16 1108   0.000688811 0.0125253 964.26
16 1110   -0.000635739 -0.0129765 969.541
16 1111   -0.000304889 -0.0133601 969.629
16 1112   3.3646e-05 -0.0128225 968.195
16 1113   8.35681e-05 -0.0131605 969.614
16 1115   -0.000539662 -0.0126056 968.196
16 1116   -0.000258734 -0.0126512 962.493
16 1117   -0.00735995 0.0103587 923.299
16 1118   -0.00707986 0.0105055 886.355
16 1128   -0.00519441 -0.0119814 875.259
16 1129   -0.0051058 -0.0125099 893.606
16 1131   -0.00464753 -0.0117356 886.4
16 1160   -0.0108552 0.0209769 891.821
16 1178   -0.0335058 -0.0210257 886.084
16 1179   -0.0352121 -0.0215386 840.628
16 1180   -0.00846926 0.0223401 831.053
16 1181   -0.00937767 0.0214653 845.188
16 1195   -0.0334897 0.021029 886.31
16 1199   -0.0386395 0.016503 866.147
16 1201   -0.0392092 0.0176712 836.004
16 1204   -0.00695493 -0.017696 830.81
16 1207   -0.0039281 0.0121748 959.71
16 1208   -0.00380179 0.0124034 965.38
16 1209   -0.00359869 0.0122282 965.211
16 1211   -0.00380735 0.0119862 952.485
16 1212   -0.00364264 0.0120129 961.799
16 1227   -0.0438946 -0.0209984 949.179
16 1237   0.00404794 -0.0126848 962.805
16 1238   0.0044136 -0.0126077 962.443
16 1239   0.00441175 -0.0122607 964.709
16 1240   0.00449618 -0.0118145 969.374
16 1241   0.00463105 -0.0120352 967.029
16 1242   0.00425884 -0.0118153 969.219
16 1243   0.00412685 -0.0118844 965.962
16 1258   -0.0314856 0.033529 968.874
16 1259   -0.0280948 0.031029 963.973
16 1260   -0.0295197 0.028087 959.005
16 1295   -0.0511076 -0.0172531 969.183
16 1296   -0.0499364 -0.0144632 962.899
16 1297   -0.045962 -0.0190142 963.915
16 1298   -0.0473728 -0.0139265 954.083
16 1299   -0.0457592 -0.0159644 951.544
16 1301   0.00568723 -0.0293369 727.161
16 1325   0.00713117 -0.0116822 909.851
16 1326   0.00688533 -0.0123921 924.061
16 1327   0.0065165 -0.0119334 913.621
16 1335   -0.00455024 0.0116911 967.792
16 1336   -0.00450285 0.0118616 969.231
16 1337   -0.00435185 0.0117951 969.23
16 1392   -0.0492247 0.0260077 900.447
16 1402   -0.0070123 -0.0122449 832.261
16 1403   -0.0070123 -0.0128277 855.018
16 1404   -0.0499782 0.00575628 939.706
16 1425   -0.034653 -0.0252538 927.216
16 1426   -0.0343342 -0.0277538 958.477
16 1433   -0.0152749 -0.0252861 956.754
16 1434   -0.017468 -0.0233369 955.838
16 1435   -0.0157537 -0.0211123 949.768
16 1436   -0.0120487 -0.0209746 919.456
16 1437   -0.0138794 -0.0220869 942.324
16 1438   -0.0132417 -0.0240361 946.624
16 1488   -0.0174044 -0.0308369 966.18
16 1489   -0.0149582 -0.0336123 969.167
16 1490   -0.014909 -0.0277861 963.37
16 1491   -0.0124505 -0.0291049 967.633
16 1492   -0.0123563 -0.0321557 969.499
16 1493   -0.0106506 -0.0282045 967.182
16 1494   -0.0093087 -0.0297299 969.182
16 1495   -0.00857286 -0.0263046 955.854
16 1496   -0.010029 -0.0265084 957.641
16 1497   -0.0115423 -0.0243347 940.591
16 1498   -0.0104954 -0.0252074 943.912
16 1499   -0.0111225 -0.0218982 906.48
16 1500   -0.0100388 -0.0232073 903.15
16 1501   -0.0112537 -0.0233092 925.657
16 1502   -0.00962754 -0.0222327 869.167
16 1503   -0.0101877 -0.02136 874.976
16 1504   -0.00395504 -0.0129821 932.258
16 1505   -0.00341179 -0.0129373 940.989
16 1506   -0.0399466 -0.0296034 959.669
16 1507   -0.0445721 -0.0336508 824.475
16 1508   -0.043995 -0.0283394 930.007
16 1509   -0.041797 -0.0282826 956.757
16 1515   -0.00860945 0.0334769 961.29
16 1543   -0.00601333 -0.0334746 938.674
16 1546   -0.00859064 -0.032018 962.86
16 1547   -0.00983835 -0.0335434 965.126
16 1551   -0.0399782 0.0057512 933.76
16 1598   0.00381167 -0.0276481 838.427
16 1599   0.00300223 -0.0221608 940.793
16 1600   0.0049406 -0.0241225 902.274
16 1624   -0.0378392 0.0336824 955.81
16 1726   -0.0417067 0.0219428 893.279
16 1727   -0.041025 0.023547 907.791
16 1728   -0.0396755 0.0233357 854.817
16 1729   -0.0404054 0.0199216 805.523
16 1730   -0.0398287 0.0221299 792.95
16 1731   -0.0408856 0.0213333 842.253
16 1732   -0.0387788 0.0212167 626.477
16 1733   -0.0389734 0.0199107 676.411
16 1734   -0.00639304 -0.0204804 577.68
16 1735   -0.00559155 -0.0212511 767.056
16 1736   -0.00607076 -0.0220266 784.086
16 1737   -0.00599946 0.0195736 782.76
16 1738   -0.00604837 0.0203182 720.256
16 1739   -0.00676196 0.0196558 661.702
16 1740   -0.00681086 0.0204004 479.452
16 1744   -0.0073522 -0.0105145 607.832
16 1749   -0.0072783 -0.0102619 448.03
16 1750   -0.0074261 -0.0101844 240.928
16 1751   -0.0387741 -0.0216772 722.146
16 1752   -0.038414 -0.0207554 514.767
16 1753   -0.0376303 -0.0218956 745.751
16 1754   -0.0372701 -0.0209738 609.786
16 1766   0.00732926 -0.0104315 918.479
16 1768   -0.00782193 0.0209258 666.947
16 1769   -0.00716419 0.0208237 521.879
16 1770   -0.00781499 0.0218006 779.401
16 1771   -0.00715724 0.0216985 741.107
16 1774   0.00724389 -0.0102482 921.892
16 1775   0.00741463 -0.0101588 960.122
16 1796   -0.000765703 0.0146675 966.404
16 1797   -4.6889e-05 0.0149318 966.069
16 1798   0.000322679 0.0142339 965.694
16 1799   -0.000687333 0.014024 966.433
16 1800   -0.000104936 0.0139151 966.521
16 1801   -0.00199945 0.0133545 967.351
16 1802   -0.00176224 0.0124222 953.713
16 1803   -0.00231125 0.0123331 966.863
16 1804   -0.00254168 0.0127121 968.938
16 1805   -0.000988452 0.0136241 965.966
16 1806   -0.0014979 0.0132968 964.716
16 1807   -0.00149112 0.0127434 956.477
16 1808   -0.0011563 0.0125896 941.376
16 1809   -0.000729665 0.013338 965.757
16 1810   -0.000736198 0.0126069 948.083
16 1811   -0.000904287 0.0128569 957.994
16 1812   0.000198462 0.0127562 969.361
16 1813   0.000334879 0.0131294 968.191
16 1814   -1.46072e-05 0.0134516 967.713
16 1815   -0.000338216 0.0132744 967.916
16 1816   -0.00050039 0.0127584 967.114
16 1817   -8.98393e-05 0.0127487 968.713
16 1818   -0.000277031 0.0129447 969.272
16 1819   -0.000423 0.0125445 967.454
16 1820   -0.000203397 0.0125802 964.601
16 1834   0.00424205 0.0119773 895.895
16 1835   0.00443911 0.0118741 875.446
16 1855   -0.0404349 -0.0163478 887.635
16 1856   -0.0393273 -0.0150141 899.292
16 1857   -0.0381091 -0.0161158 873.098
16 1858   -0.0380538 -0.0185835 769.177
16 1859   -0.0397705 -0.0176997 847.324
16 1860   -0.0386629 -0.0171993 841.9
16 1861   -0.0398953 -0.0193784 793.028
16 1862   -0.0387877 -0.0197113 668.874
16 1926   -0.04912 0.0311768 729.893
16 1927   -0.0505852 0.0286713 787.675
16 1943   -0.0517674 0.0337472 672.459
16 1944   -0.0503022 0.0337472 677.458
16 1995   -0.00418308 -0.0126618 930.435
16 1996   -0.00450263 -0.0125212 919.291
16 1997   -0.0044153 -0.0121987 921.151
16 1998   -0.00447159 -0.0119416 906.334
16 2000   -0.0042942 -0.0117935 903.288
16 2001   -0.0041464 -0.0118709 926.575
16 2007   -0.0374706 0.021322 653.583
16 2008   -0.0352192 0.0215435 840.396
16 2022   0.0036509 -0.0122265 961.121
16 2023   0.00388867 -0.0123917 962.16
16 2024   0.00401145 -0.0120334 959.377
16 2025   0.00409548 -0.0122235 962.649
16 2027   0.00382657 -0.0119853 948.185
16 2028   0.00367284 -0.0120103 957.222
16 2043   0.00296808 -0.0328763 710.206
16 2044   0.00659362 -0.0328763 675.114
16 2045   0.00478085 -0.0314605 698.766
16 2048   0.00568723 -0.0342921 674.847
16 2049   0.00387446 -0.0342921 690.078
16 2050   -0.00792595 -0.0221308 802.61
16 2051   -0.00881345 -0.0217454 821.023
16 2052   -0.00707892 -0.0216921 730.64
16 2053   -0.007273 -0.0208704 558.592
16 2065   -0.0498306 -0.028673 800.316
16 2066   -0.0503023 -0.0337715 677.443
16 2067   -0.0467698 -0.0324224 759.805
16 2068   -0.0462981 -0.0297808 860.207
16 2071   -0.0517674 -0.030086 716.744
16 2072   -0.0517674 -0.032543 680.47
16 2094   -0.0415323 -0.0261916 968.256
16 2095   -0.0395442 -0.0220862 784.708
16 2096   -0.0407243 -0.0219822 842.203
16 2097   -0.0411932 -0.0232476 903.374
16 2098   -0.00594501 -0.0191204 784.091
16 2099   -0.00661829 -0.0185321 794.887
16 2100   -0.00649008 -0.0197985 652.777
16 2101   -0.00716336 -0.0192102 714.402
16 2133   -0.0360917 0.0322881 967.26
16 2134   -0.0334959 0.0321347 969.262
16 2135   -0.0365082 0.0294994 968.783
16 2136   -0.0346248 0.027875 959.618
16 2137   -0.032518 0.0291926 963.705
16 2152   -0.038102 0.0253359 921.333
16 2153   -0.0387012 0.023932 868.388
16 2154   -0.0365425 0.0247498 904.312
16 2155   -0.0363619 0.0230529 847.12
16 2156   -0.0375462 0.0228315 803.367
16 2162   -0.0355029 -0.0205129 809.672
16 2163   -0.036561 -0.0205129 731.876
16 2167   -0.0385908 -0.02609 948.71
16 2168   -0.0401808 -0.0254732 949.449
16 2169   -0.0394231 -0.0234035 852.927
16 2170   -0.0402657 -0.0240414 904.669
16 2171   -0.0362793 -0.0247515 906.049
16 2172   -0.0384593 -0.0240828 873.502
16 2173   -0.0377119 -0.0253376 920.078
16 2174   -0.0362566 -0.0230878 849.414
16 2175   -0.0374367 -0.0229839 816.038
16 2176   0.00477558 0.0336191 685.018
16 2177   0.00477815 0.0280909 804.712
16 2180   0.00659186 0.0322382 680.034
16 2181   0.00659186 0.0294763 717.989
16 2228   0.000793502 -0.0131145 967.602
16 2229   0.00110007 -0.0130937 966.429
16 2230   0.000711028 -0.0127452 959.12
16 2231   0.00129297 -0.0125931 953.136
16 2232   0.00091531 -0.01264 949.483
16 2233   0.00111989 -0.0128087 960.532
16 2236   0.000976206 -0.0124426 925.643
16 2237   0.00120058 -0.0124062 935.237
16 2248   -0.0365619 0.0205145 738.219
16 2249   -0.0354948 0.0205145 808.916
16 2265   -0.00394196 -0.0124132 942.995
16 2266   -0.00412988 -0.0122143 940.67
16 2267   -0.00403837 -0.0120347 951.745
16 2269   -0.00362996 -0.0120304 962.848
16 2270   -0.00382246 -0.0119992 967.825
16 2274   -0.0380697 0.0182515 792.874
16 2275   -0.0380697 0.0190848 738.499
16 2305   -0.005345 0.0255973 960.708
16 2306   -0.00374928 0.026703 966.571
16 2307   -0.00664145 0.0275288 968.284
16 2308   -0.00504573 0.0286346 961.904
16 2366   0.00710587 0.0108669 742.155
16 2367   0.00710587 0.0111311 767.186
16 2412   -0.0497789 0.0215408 956.045
16 2413   -0.0497789 0.0194603 966.827
16 2414   -0.0470578 0.0187191 967.241
16 2415   -0.0439811 -0.0232524 966.034
16 2416   -0.0448292 -0.0262768 947.493
16 2417   -0.0455041 -0.024793 955.973
16 2418   -0.0425447 -0.0239659 957.125
16 2419   -0.0429687 -0.0254781 968.147
16 2461   -0.0444628 0.0210697 958.524
16 2462   -0.0477381 0.0215051 964.938
16 2463   -0.0463776 0.0200942 968.14
16 2506   -0.0091776 0.0204884 813.154
16 2507   -0.00827613 0.0204884 729.27
16 2512   -0.00965369 -0.0204363 839.404
16 2513   -0.00888685 -0.0208727 798.659
16 2514   -0.00819343 -0.0204363 728.906
16 2515   0.00446785 0.0224882 937.41
16 2516   0.00477944 0.0260173 884.6
16 2517   0.00659315 0.0246408 896.018
16 2518   0.00249835 0.0227906 947.627
16 2519   0.00280993 0.0249387 918.883
16 2520   -6.98113e-05 0.0210807 967.657
16 2521   -0.00161514 0.0225405 965.455
16 2535   -0.0515316 -0.0238513 918.718
16 2536   -0.0495948 -0.0261238 895.014
16 2537   -0.047234 -0.0244271 942.728
16 2538   -0.0477784 -0.0209023 965.356
16 2539   -0.0501392 -0.020142 962.935
16 2544   -0.037692 -0.0336508 956.731
16 2547   -0.0397973 -0.0323017 942.116
16 2548   -0.0417532 -0.0336508 908.186
16 2549   -0.0428001 0.0251077 968.688
16 2550   -0.0441606 0.0265186 952.092
16 2551   -0.0466296 0.0252374 939.439
16 2552   -0.0445888 0.0231211 968.546
16 2553   -0.0465036 0.023186 962.27
16 2554   -0.00704726 0.0108407 889.969
16 2555   -0.00732735 0.0112647 908.854
16 2556   -0.00698205 0.0115112 907.519
16 2557   -0.00628182 0.0111647 867.127
16 2558   -0.00673456 0.0108947 867.947
16 2559   -0.00666935 0.0112798 893.024
16 2561   -0.00620698 0.0108529 806.338
16 2562   -0.00648708 0.0107062 803.58
16 2602   0.00633053 -0.0109319 831.359
16 2603   0.00609518 -0.0110552 844.851
16 2659   -9.9368e-05 -0.0194629 967.311
16 2660   0.00127364 -0.0171107 969.209
16 2661   0.00193001 -0.0186428 966.713
16 2662   -0.00199918 -0.0165634 949.491
16 2663   -0.0011556 -0.0185012 958.519
16 2664   -0.000355868 -0.0173603 966.587
16 2665   -0.00451695 -0.0171952 891.28
16 2666   -0.00254121 -0.0182901 932.002
16 2667   -0.00305661 -0.0171184 928.65
16 2668   -0.00387334 -0.0190914 878.612
16 2669   -0.00493381 -0.0185978 845.829
16 2702   -0.000500512 -0.0208963 967.529
16 2703   -0.000440274 -0.0243112 958.497
16 2704   0.00101838 -0.0229763 954.143
16 2705   -0.00276322 -0.0231865 953.927
16 2706   -0.00276066 -0.0214604 930.083
16 2762   -0.0433757 0.0284768 935.952
16 2763   -0.0419042 0.0336824 906.357
16 2764   -0.0400996 0.0323648 938.153
16 2765   -0.0447244 0.0336824 818.822
16 2766   -0.04574 0.031112 842.134
16 2768   0.00236583 0.0123901 921.963
16 2771   0.00293293 0.0126729 929.301
16 2772   0.00264289 0.0124822 922.326
16 2773   0.00274759 0.0121912 905.381
16 2774   0.00297496 0.0122731 912.834
16 2775   0.00310029 0.0124905 924.01
16 2776   0.00386045 0.0122028 941.988
16 2777   0.00370244 0.0120089 960.234
16 2778   0.00405473 0.012848 928.097
16 2779   0.0039827 0.0131156 932.395
16 2780   0.00362733 0.012972 933.33
16 2781   0.00375506 0.0124485 932.519
16 2782   0.00360068 0.0127295 930.55
16 2783   0.00379805 0.0126793 930.015
16 2784   0.00352623 0.0121518 936.678
16 2785   0.00358554 0.0123708 931.567
16 2786   0.00330583 0.0124344 925.784
16 2787   0.00346718 0.012518 929.075
16 2789   0.00310965 0.0121142 905.867
16 2792   0.00326284 0.0122037 919.638
16 2793   0.00336487 0.0120683 924.959
16 2794   -0.0382588 0.0289173 968.636
16 2795   -0.0391642 0.0275997 968.439
16 2796   -0.0401028 0.0303883 952.802
16 2797   -0.0410082 0.0290707 956.314
16 2830   -0.00448309 -0.032004 926.797
16 2831   0.000484356 -0.0321136 811.473
16 2832   -0.00132841 -0.0335294 857.243
16 2833   0.000421558 -0.0290091 891.142
16 2834   -0.00116269 -0.0269664 937.501
16 2860   -0.0049792 -0.0296414 952.051
16 2861   -0.00340877 -0.0277084 955.909
16 2862   -0.00711323 -0.0270947 966.921
16 2863   -0.00722749 -0.0288239 968.265
16 2864   -0.00422063 -0.0239558 935.964
16 2865   -0.00559993 -0.0260263 963.586
16 2866   -0.00414376 -0.0258224 968.663
16 2867   -0.00562954 -0.023236 865.279
16 2868   -0.00628422 -0.0242106 902.622
16 2869   -0.0148631 0.027794 963.073
16 2870   -0.0173637 0.0308403 965.755
16 2871   -0.0149459 0.0336134 969.057
16 2872   -0.0111108 0.0320903 968.909
16 2873   -0.011195 0.029044 968.056
16 2892   -0.0363382 -0.0300903 969.359
16 2893   -0.0358372 -0.0286161 966.507
16 2894   -0.0383423 -0.0288663 969.25
16 2895   -0.0378413 -0.027392 964.451
16 2899   -0.00729238 -0.0238762 881.182
16 2900   -0.00785254 -0.0230035 846.625
16 2901   -0.00806772 -0.0249017 925.815
16 2902   -0.00931927 -0.0245673 924.853
16 2903   -0.00915134 -0.0235927 895.134
16 2938   -0.0435959 0.0121829 935.811
16 2939   -0.0412174 0.00988311 932.204
16 2940   -0.0387391 0.0116265 921.854
16 2941   -0.0422572 0.014596 922.365
16 2942   -0.0398786 0.014798 902.984
16 2949   -0.0433468 0.0160364 927.438
16 2950   -0.0457471 0.0175778 955.761
16 2951   -0.0458468 0.0160364 952.192
16 2952   -0.0429202 0.0190215 912.855
16 2953   -0.0438169 0.0179127 931.94
16 2954   -0.0426774 0.017243 913.43
16 2955   -0.040495 0.0180115 856.207
16 2956   -0.0407876 0.0190194 845.937
16 2957   -0.0416344 0.0178479 888.468
16 2958   -0.041927 0.0188557 885.963
16 2978   -0.00297194 -0.0124291 941.411
16 2979   -0.00328393 -0.0126174 943.252
16 2980   -0.00346183 -0.0121948 949.618
16 2981   -0.00358607 -0.0124136 946.398
16 2983   -0.00320958 -0.0121163 934.447
16 2984   -0.00302183 -0.0121467 931.747
16 3023   -0.00309539 0.0179522 947.556
16 3024   -0.000766456 0.0171027 965.558
16 3025   -0.00150832 0.0183672 959.399
16 3026   -0.00195692 0.0159254 965.562
16 3027   -0.00324006 0.0162677 962.868
16 3028   -0.000552185 0.0339276 832.548
16 3029   0.00217224 0.0325467 741.15
16 3030   0.00217481 0.0297804 826.565
16 3031   -0.000307442 0.0290166 905.892
16 3032   -0.00436896 0.0302598 942.095
16 3033   -0.00200521 0.0307105 909.121
16 3034   -0.00224738 0.0328553 896.915
16 3035   -0.00456902 0.0339276 921.343
16 3036   -0.00590354 0.0324045 943.976
16 3042   -0.0460959 0.0121829 944.828
16 3043   -0.0512391 0.0116282 953.302
16 3044   -0.0487174 0.0098848 945.2
16 3045   -0.0472572 0.014596 955.525
16 3046   -0.0498786 0.014798 963.866
16 3103   -0.00230319 0.0262902 960.442
16 3104   -0.000446272 0.0269785 931.556
16 3105   -0.000882298 0.0245945 962.061
16 3106   0.000974621 0.0252828 935.728
52 184   -0.000735059 -0.00119648 964.608
52 185   -0.00480695 0.00108448 953.716
52 186   0.00335883 0.00126061 960.868
52 187   0.00325685 -0.000988246 960.176
52 188   -0.00074752 0.00108283 964.439
52 189   0.00124524 -0.00224602 965.194
52 190   0.00509867 -0.00194044 951.367
52 191   -0.000766178 0.00533023 969.365
52 192   -0.00885678 -0.00261964 945.64
52 193   -0.00100325 0.00692582 968.584
52 194   0.00462371 0.00501224 965.667
52 195   -0.000223225 0.00815068 966.445
52 196   -0.00307336 -0.00894294 967.538
52 197   -0.00245426 0.00747481 959.558
52 198   -0.00397441 -0.00833131 968.668
52 199   -0.00126575 0.0091158 957.69
52 200   -0.00237612 0.00863422 945.329
52 201   -0.00139192 0.0100342 955.54
52 202   -0.00496167 -0.00982885 959.389
52 203   -0.00832005 -0.00492425 960.709
52 204   0.0077559 0.0060616 945.665
52 205   -0.00495183 -0.0089952 964.028
52 206   -0.00791335 -0.00567271 947.111
52 207   0.00875207 0.00497819 957.539
52 208   0.00855792 0.00565599 933.576
52 209   -0.00300279 0.00917059 925.903
52 210   0.00793661 0.00680643 935.523
52 211   0.00233466 -0.0100362 947.992
52 212   -0.00235407 0.0102804 950.926
52 213   -0.0076555 -0.00730347 949.72
52 214   0.00262715 -0.0112204 967.219
52 215   -0.0026603 0.0109061 964.209
52 216   -0.00228351 0.0113181 963.042
52 217   -0.00285457 0.00989832 934.581
52 218   -0.00901077 -0.00513004 951.184
52 219   -0.00844719 -0.00619309 923.167
52 220   0.00296491 -0.010145 939.882
52 221   0.00310571 -0.0108029 962.905
52 222   0.0090168 0.006089 905.804
52 223   -0.00377193 0.00989666 890.042
52 224   -0.00337146 0.0101738 923.353
52 225   0.00449202 -0.00987836 837.444
52 226   0.00879418 0.00760258 896.17
52 227   0.00859068 0.00685498 905.447
52 228   -0.00822345 -0.00694724 923.274
52 229   -0.00845027 -0.00663013 914.53
52 230   -0.00859914 -0.00758549 908.772
52 231   -0.00323696 0.0109244 965.782
52 232   -0.00409642 0.0101844 866.598
52 233   0.00886722 0.00722928 878.227
52 234   0.00350431 -0.0109029 961.712
52 235   0.00886886 0.00654316 894.777
52 236   -0.00344762 0.0105742 941.308
52 237   -0.00906143 -0.00570412 923.377
52 238   -0.00897193 -0.00758636 871.516
52 239   -0.00890455 -0.00601872 912.955
52 240   0.00416831 -0.0101661 858.146
52 241   0.00939863 0.00606571 892.463
52 242   -0.00858948 -0.00720344 904.938
52 243   0.00921233 0.00708133 796.667
52 244   -0.00889348 -0.0067501 888.218
52 245   -0.00379476 0.010705 927.089
52 246   -0.00404309 0.0105923 878.593
52 247   -0.00937591 -0.00588544 908.526
52 248   0.00919052 0.00673894 831.39
52 249   -0.0088952 -0.00704089 880.851
52 250   -0.0091499 -0.00665439 855.095
52 251   0.00433449 -0.010462 831.864
52 252   -0.00383578 0.0109968 957.759
52 253   -0.00915016 -0.0062661 893.368
52 254   0.00457365 -0.0104691 794.663
52 255   -0.00424766 0.010786 841.807
52 256   -0.00922265 -0.00647325 866.556
52 257   0.00944351 0.00643535 836.753
52 258   -0.00912493 -0.00711047 823.119
52 259   0.00943049 0.00716289 725.201
52 260   -0.00405632 0.0110888 945.469
52 261   -0.00919198 -0.0072739 798.388
52 262   0.00938335 0.00665443 794.686
52 263   -0.00937069 -0.00617347 890.878
52 264   -0.00953047 -0.00633327 864.401
52 265   -0.00421987 0.0109906 862.713
52 266   0.00961341 0.00652938 797.863
52 267   -0.00947549 -0.00649328 830.358
52 268   0.00465492 -0.0106521 758.756
52 269   -0.0094201 -0.00721721 726.421
52 270   0.00953064 0.00680073 731.63
52 271   -0.00959461 -0.00660247 793.727
52 272   0.00963359 0.00673088 737.648
52 273   -0.00445957 0.0110286 670.34
52 274   -0.00452404 0.0110739 407.909
52 275   -0.00463284 0.011067 2.69181
52 311   -0.000399588 -0.0104479 966.851
52 315   -0.00035174 -0.0111582 969.046
52 316   -0.000828442 -0.0114578 969.254
52 320   0.00678083 0.00757296 966.691
52 321   0.00760526 0.00728778 950.637
52 322   0.00676073 0.00816112 969.39
52 325   0.000629063 0.00224235 965.684
52 326   0.00204046 0.00232194 964.823
52 327   0.000504218 0.0044455 968.458
52 328   0.00336198 0.00505089 967.535
52 329   0.00148791 0.00504471 968.737
52 330   0.00234333 0.00400548 966.877
52 331   0.00192237 0.00610692 969.479
52 332   0.00309075 0.00607331 969.129
52 333   0.000959177 0.00809813 968.491
52 334   0.00188402 0.00705076 969.628
52 335   0.00117821 0.00903764 967.443
52 336   0.00229758 0.00885552 967.958
52 337   0.00241727 0.00971635 965.792
52 396   0.00480691 -0.00997959 810.865
52 441   0.00458709 -0.0109812 455.37
52 443   0.00462323 -0.0110081 267.496
52 451   0.00971233 0.00679235 719.223
52 453   -0.00929868 -0.00681206 795.519
52 454   -0.00927199 -0.00697735 781.359
52 455   -0.00953388 -0.00669653 768.524
52 456   -0.00946502 -0.00686499 737.83
52 457   -0.00941189 -0.00677158 770.284
52 458   -0.00971038 -0.00678442 735.529
52 459   -0.00956096 -0.00682903 727.008
52 460   -0.00961307 -0.00675086 746.018
52 461   -0.0096229 -0.00686916 710.579
52 462   -0.00969365 -0.00685601 711.227
52 463   -0.0094529 -0.00709595 717.031
52 464   -0.00937185 -0.00701952 743.449
52 465   -0.00945167 -0.00694764 727.753
52 466   -0.00963151 -0.00705601 688.039
52 467   -0.00953832 -0.00706073 701.738
52 468   -0.00952714 -0.00698741 707.227
52 469   -0.00964082 -0.00699773 689.36
52 470   -0.00961733 -0.00692329 701.452
52 471   -0.00958754 -0.00696652 699.956
52 472   -0.00972368 -0.00697826 680.517
52 473   -0.00967956 -0.00697339 686.712
52 474   -0.00966166 -0.0069356 694.624
52 475   -0.00972514 -0.00689468 703.356
52 476   -0.00969872 -0.00692015 695.038
52 477   -0.00972793 -0.00694663 687.063
52 479   -0.00976359 -0.00689883 708.51
52 483   -0.0045388 0.0105858 788.83
52 484   -0.00439922 0.0107447 795.639
52 485   -0.00448039 0.010954 697.32
52 486   -0.00446448 0.010858 757.655
52 487   -0.00463214 0.0109608 424.708
52 488   -0.00458888 0.0109224 590.047
52 489   -0.0045475 0.0109531 594.753
52 490   -0.00457312 0.0109963 443.231
52 491   -0.00460842 0.0109868 376.584
52 492   -0.00456717 0.0110536 273.334
52 493   -0.00457379 0.0110314 328.119
52 494   -0.00458747 0.0110688 88.5425
52 599   0.0097929 0.00693094 920.485
52 601   0.00978785 0.006936 821.806
52 623   0.00160322 -0.00399645 967.567
52 624   0.00344656 -0.00481586 967.654
52 625   0.000684131 -0.00471697 968.921
52 626   0.00143986 -0.00593792 969.58
52 627   -0.000679574 -0.0047855 968.788
52 628   -0.00275086 -0.00605295 969.225
52 629   -0.00387152 -0.0069658 969.507
52 630   -0.00489507 -0.00667664 968.781
52 631   -0.00496752 -0.00562518 966.572
52 632   -0.00463189 -0.00467833 965.161
52 633   -0.0072253 -0.00568563 955.924
52 634   -0.00589527 -0.00569467 964.29
52 635   -0.00639161 -0.00517595 961.659
52 636   -0.00718509 -0.00700282 958.747
52 637   -0.00639602 -0.00618622 963.268
52 638   -0.0070619 -0.00622248 956.9
52 639   -0.00576033 -0.00726597 968.796
52 640   -0.00670489 -0.00722705 965.549
52 641   -0.00633353 -0.00670607 965.318
52 642   -0.00559407 -0.00850805 966.312
52 643   -0.00582588 -0.00781547 969.571
52 644   -0.0064375 -0.00775842 969.263
52 645   -0.00641443 -0.00823495 968.911
52 646   -0.00599694 -0.00866703 962.255
52 647   -0.00676116 -0.00847085 966.118
52 654   0.00159668 -0.0114915 943.583
52 655   0.00202026 -0.0110799 958.122
52 656   0.00186858 -0.0105536 955.506
52 657   0.00045402 -0.00661693 969.351
52 658   -0.000639074 -0.00601996 969.612
52 659   -0.00169167 -0.00665745 969.642
52 660   0.000499459 -0.00764801 967.608
52 661   7.5022e-05 -0.0101718 964.328
52 662   0.000216647 -0.00937747 964.174
52 663   0.00132793 -0.0105027 956.011
52 664   0.00102877 -0.010154 958.366
52 665   0.000556256 -0.0104067 961.11
52 666   0.000635402 -0.0107376 959.394
52 667   0.00107541 -0.0107731 955.358
52 668   7.74107e-05 -0.0113821 966.279
52 669   0.000440367 -0.0110632 959.642
52 670   0.000101335 -0.0117373 967.969
52 671   0.000435086 -0.0117743 929.537
52 686   -0.00325972 -0.0100272 963.193
52 687   -0.00445292 -0.0101727 962.821
52 688   -0.00449652 -0.0106931 964.811
52 689   -0.00384614 -0.0101344 962.319
52 690   -0.0040418 -0.0107467 962.158
52 691   -0.00373769 -0.010563 959.765
52 692   -0.00391227 -0.0110797 959.949
52 724   0.000683638 0.00998101 966.308
52 725   0.000731296 0.0114572 969.284
52 742   -0.00078902 0.0104737 958.565
52 743   2.49773e-05 0.0104461 964.808
52 744   -0.00166366 0.0113143 948.249
52 745   -0.00117728 0.0110301 951.409
52 746   -0.00147675 0.0116528 930.469
52 749   0.00471775 0.0075397 969.593
52 750   0.00363658 0.00700033 969.603
52 751   0.00285757 0.00745817 969.582
52 752   0.00305209 0.00832342 968.857
52 753   0.00388477 0.00858471 968.219
52 754   0.00477141 0.00825882 968.742
52 755   0.00394268 0.00930015 965.501
52 756   0.0047529 0.0104441 962.04
52 757   0.00349598 0.0100141 962.471
52 758   0.00297357 0.0101763 961.915
52 759   0.00184047 0.0101942 965.994
52 760   0.00122621 0.0102768 967.332
52 761   0.00159579 0.0113542 968.904
52 762   0.0011374 0.0110419 969.076
52 763   0.00227087 0.0114611 961.969
52 764   0.00205254 0.0107372 964.769
52 765   0.00189667 0.0111321 966.452
52 766   0.00245385 0.0108519 959.926
52 767   0.00279808 0.0107689 956.016
52 768   0.00252092 0.0112221 955.713
52 769   0.00279095 0.0112754 944.931
52 770   0.00299017 0.0110196 946.787
52 772   0.00287531 0.0114773 936.609
52 794   -0.00340875 0.0112093 968.253
52 795   -0.00366044 0.0111509 968.589
52 835   -0.00355955 0.00226664 961.096
52 836   -0.00213874 0.00220032 964.383
52 837   -0.00203256 0.00424457 968.004
52 838   -0.00388141 0.00388179 963.569
52 839   -0.00302531 0.00474 967.958
52 840   -0.00318725 0.00687175 964.075
52 841   -0.00409567 0.00583536 969.372
52 842   -0.00328496 0.00569937 969.498
52 843   -0.00423814 0.0067041 967.657
52 844   -0.00375778 0.00731138 953.248
52 845   -0.00557348 0.00703886 969.082
52 846   -0.00472727 0.00709826 961.694
52 848   -0.00596026 0.00748714 967.474
52 851   0.0035783 -0.0111929 968.01
52 852   0.00383803 -0.011133 968.22
52 857   -0.00467578 0.0106382 758.516
52 858   -0.00463897 0.0108424 664.073
52 859   -0.00458167 0.0107771 738.407
52 888   -0.00550972 -0.0101069 952.702
52 891   -0.00591328 -0.00991298 939.347
52 910   0.00841268 -0.00331524 910.154
52 917   -0.00474645 0.00968256 825.228
52 918   -0.00448941 0.0100488 830.475
52 919   -0.00468971 0.0103246 796.123
52 923   0.00460591 -0.0110274 220.479
52 925   0.00462448 -0.0110411 72.1471
52 926   0.00971192 0.0068565 703.79
52 933   0.00975088 0.00686124 704.924
52 935   -0.00975956 -0.00691607 702.608
52 936   -0.00975033 -0.0069384 689.914
52 937   -0.00976303 -0.00695306 684.015
52 939   -0.00978964 -0.00693467 762.512
52 940   -0.00977739 -0.00691943 710.562
52 941   -0.00977946 -0.00693045 712.959
52 942   0.00458982 -0.0110691 98.4432
52 950   0.00344915 -0.00594608 969.593
52 951   0.00236153 -0.00634762 969.009
52 952   0.00248872 -0.00721213 963.717
52 953   0.00202744 -0.0094861 948.713
52 954   0.0012622 -0.00965477 957.173
52 955   0.000931309 -0.00911309 960.782
52 956   0.00199472 -0.00798974 958.499
52 957   0.0012645 -0.00821134 962.49
52 958   0.00315543 -0.00827696 932.752
52 959   0.0024439 -0.00898986 941.896
52 960   0.00240965 -0.00845579 947.637
52 961   0.00337145 -0.0086435 917.535
52 962   0.00300791 -0.00897856 926.346
52 963   0.00322743 -0.00981096 921.679
52 964   0.00358754 -0.00942525 900.078
52 965   0.00321254 -0.00930548 917.033
52 966   0.00391258 -0.0101231 882.822
52 967   0.00369161 -0.00982164 894.839
52 968   0.00351327 -0.0100398 910.534
52 969   0.00366608 -0.0105946 930.947
52 970   0.00384014 -0.0103529 897.541
52 971   0.00362833 -0.0103296 916.242
52 972   0.00392033 -0.0105517 896.316
52 973   0.00383544 -0.0106843 919.066
52 974   0.00423133 -0.0106233 844.646
52 975   0.00405617 -0.0106353 880.521
52 976   0.00432762 -0.0107225 819.78
52 977   0.00425478 -0.0108119 838.673
52 978   0.00433187 -0.0108872 809.376
52 979   0.00396334 -0.0110046 946.672
52 980   0.00392884 -0.0108342 923.625
52 981   0.00414598 -0.0108511 876.255
52 982   0.00404366 -0.0107735 894.126
52 983   0.00413183 -0.0109606 894.067
52 984   0.00412059 -0.0111398 944.245
52 985   0.00406401 -0.0110534 936.118
52 986   0.00426083 -0.0111186 871.593
52 987   0.00419631 -0.0110066 878.379
52 988   0.00418051 -0.0110874 906.146
52 989   0.00439736 -0.0110942 763.304
52 990   0.00431832 -0.0110739 821.528
52 991   0.00433714 -0.010968 803.082
52 992   0.00428209 -0.0110051 835.53
52 993   0.00442913 -0.0110467 727.884
52 994   0.00440514 -0.0109893 761.384
52 995   0.00445776 -0.0109598 724.64
52 996   0.00447528 -0.0110475 636.386
52 997   0.00454017 -0.0109994 532.288
52 998   0.00449845 -0.0109933 643.745
52 999   0.00449669 -0.0110827 527.231
52 1034   0.00454362 -0.0110374 430.823
52 1035   0.00452331 -0.0110665 446.022
52 1036   0.00457117 -0.0110633 230.468
52 1037   0.00457322 -0.0110384 316.627
52 1039   0.00453401 -0.0110841 366.016
52 1040   0.00455228 -0.0110799 279.861
52 1070   4.37207e-05 0.0109887 966.199
52 1071   0.00027916 0.0113257 969.215
52 1072   1.29758e-05 0.0117182 969.237
52 1073   0.00426267 0.0104819 962.914
52 1074   0.00375381 0.0104841 959.412
52 1096   -0.000747182 0.0112265 948.568
52 1097   -0.000340184 0.0112127 959.501
52 1098   -0.0011845 0.0116468 918.511
52 1099   -0.00094131 0.0115047 931.225
52 1100   -0.00109105 0.011816 893.982
52 1132   -0.00221001 -0.00863894 968.397
52 1133   -0.00161254 -0.00772493 969.248
52 1134   -0.000464127 -0.00894623 966.663
52 1135   -0.000514507 -0.00811852 968.156
52 1136   -0.000914313 -0.0101173 967.187
52 1137   -0.00112048 -0.00940998 967.198
52 1138   -0.00176833 -0.00949629 967.121
52 1139   -0.00130971 -0.0103288 967.443
52 1140   -0.00181462 -0.0100785 966.305
52 1141   -0.00127169 -0.010959 968.856
52 1142   -0.002681 -0.0104551 961.509
52 1143   -0.00212444 -0.0103966 964.942
52 1144   -0.00198674 -0.0114084 966.507
52 1145   -0.00176249 -0.0109836 967.376
52 1146   -0.00282673 -0.0108491 955.514
52 1147   -0.00249442 -0.0112153 956.671
52 1148   -0.0034561 -0.0108041 953.589
52 1149   -0.00314566 -0.0109224 948.54
52 1150   -0.00353285 -0.0110146 946.464
52 1151   -0.0036849 -0.0111065 947.613
52 1152   -0.00338223 -0.0112519 909.597
52 1153   -0.00360996 -0.0113074 926.455
52 1154   -0.00345862 -0.0113801 874.969
52 1176   -0.0026472 -0.0114718 950.507
52 1216   0.00570227 0.0100126 945.937
52 1217   0.00529355 0.00877613 964.562
52 1218   0.00496439 0.00997154 958.416
52 1219   0.00465965 0.00937643 962.757
52 1220   0.00632818 0.00855861 963.464
52 1221   0.00582086 0.00886311 958.681
52 1222   0.00593484 0.00970023 937.012
52 1223   0.00591485 0.00930876 944.029
52 1224   0.00632978 0.00988113 918.551
52 1269   0.00412015 -0.00660981 968.19
52 1270   0.00368211 -0.00780915 936.961
52 1271   0.00343033 -0.00721036 959.596
52 1276   0.00455922 -0.0107473 755.415
52 1277   0.00444114 -0.0107529 786.333
52 1278   0.00447334 -0.010897 741.33
52 1279   0.00441545 -0.0108457 780.62
52 1280   0.00460177 -0.0109319 557.209
52 1281   0.00461078 -0.010815 711.728
52 1282   0.00455059 -0.0108719 701.62
52 1284   0.00465209 -0.0109094 546.157
52 1285   0.00467183 -0.0108405 655.061
52 1344   -0.00432246 0.0110803 822.131
52 1345   -0.00439468 0.0110635 766.425
52 1374   0.00526383 -0.00348653 953.196
52 1375   0.00459699 -0.00454872 962.815
52 1376   0.00699168 -0.00632889 942.546
52 1377   0.0056254 -0.00541127 960.345
52 1378   0.00486963 -0.00670972 968.612
52 1379   0.00549765 -0.00624304 967.21
52 1380   0.0060576 -0.00730859 969.356
52 1381   0.00612826 -0.00664035 965.134
52 1382   0.00439498 -0.00781118 919.766
52 1383   0.00489268 -0.0073123 954.737
52 1384   0.00524233 -0.0080192 870.459
52 1385   0.00525589 -0.00751449 946.287
52 1386   0.0056442 -0.00751325 962.426
52 1388   0.00552101 -0.00811999 890.113
52 1389   0.00574026 -0.00791594 943.535
52 1409   0.00683788 -0.00120055 934.162
52 1410   0.00932244 -0.00097913 905.837
52 1411   0.0082705 -0.00219343 909.932
52 1455   -0.00462702 0.0110166 190.832
52 1484   -0.00632232 0.00214895 941.083
52 1485   -0.00858127 0.00341471 909.112
52 1486   -0.00735628 0.00141971 928.13
52 1487   -0.0083502 0.00239187 909.496
52 1568   0.00680736 0.00143291 945.545
52 1569   0.00717835 8.20396e-05 933.899
52 1570   0.00872887 0.000281353 911.674
52 1571   0.00909923 0.00146695 917.696
52 1572   0.00897318 0.00321662 957.865
52 1573   0.00857294 0.00212803 938.793
52 1574   0.00783159 0.00229331 945.832
52 1575   0.00793896 0.00317532 955.735
52 1576   0.0085247 0.00358848 963.561
52 1667   0.00461532 -0.0110506 59.2737
52 1668   0.00460344 -0.0110598 70.7982
52 1669   0.00461115 -0.0110702 13.539
52 1670   0.00462681 -0.0110703 3.73482
52 1673   0.00462511 -0.0110575 13.5282
52 1674   0.00462196 -0.0110648 8.06522
52 1675   0.00962741 0.00703224 689.05
52 1676   0.00952622 0.00700032 706.266
52 1677   0.00954612 0.00691 710.079
52 1678   0.00964355 0.00696461 690.081
52 1679   0.00967465 0.00689346 696.875
52 1680   0.0096227 0.00691512 698.794
52 1681   0.0097359 0.00697206 676.947
52 1682   0.00969617 0.00692414 689.797
52 1683   0.00969482 0.00696176 683.739
52 1684   0.00973096 0.00692261 688.376
52 1685   0.00977399 0.00693175 713.981
52 1686   0.00976941 0.00693848 684.682
52 1687   0.00974839 0.00689668 696.913
52 1688   0.00974606 0.00694374 682.035
52 1689   0.00976437 0.00694354 681.637
52 1696   -0.00977717 -0.00693893 696.989
52 1697   -0.00977152 -0.00694458 689.753
52 1707   0.00976787 0.00689905 699.739
52 1708   0.00977331 0.00691805 698.352
52 1711   -0.00459709 0.0110351 208.031
52 1712   -0.00461502 0.0110298 147.886
52 1713   -0.00459824 0.0110609 69.3736
52 1714   -0.00460125 0.0110493 107.687
52 1715   -0.00462555 0.0110687 3.38043
52 1717   -0.00460884 0.0110687 15.615
52 1718   -0.00461777 0.0110651 8.15741
52 1863   -0.00614971 -0.00907067 945.385
52 1864   -0.00668219 -0.00967067 876.962
52 1865   -0.00648041 -0.00976763 907.123
52 1866   -0.00616024 -0.00955141 928.295
52 1867   -0.00660813 -0.00890302 944.654
52 1868   -0.00681389 -0.00913123 913.254
52 1869   -0.00711401 -0.00915537 893.27
52 1870   -0.00677654 -0.00946661 861.037
52 1872   -0.00714841 -0.00941901 825.565
52 1873   -0.00700489 -0.00956251 797.042
52 1888   -0.000429788 0.011858 919.314
52 1889   -0.000213092 0.0116525 962.507
52 1890   -0.000330812 0.011484 956.993
52 1891   -0.000726264 0.0116029 923.414
52 1892   -0.000522764 0.011596 938.817
52 1893   -0.000572252 0.011783 899.035
52 1894   -0.000944923 0.011813 883.359
52 1895   -0.000823327 0.011742 895.812
52 1896   -0.000728176 0.0118378 862.478
52 1899   -0.000898197 0.0118976 858.353
52 1900   -0.000801346 0.0119201 816.618
52 1955   0.00109873 -0.0110826 950.613
52 1956   0.00128623 -0.0113886 939.737
52 1957   0.000754121 -0.011234 950.124
52 1958   0.000724915 -0.0115899 922.695
52 1961   0.000928666 -0.0117517 885.852
52 1962   0.00114537 -0.0117017 915.706
52 1963   0.00363084 0.010818 954.512
52 1964   0.00389713 0.0109324 958.415
52 1965   0.00378093 0.0111863 950.306
52 1966   0.0033991 0.0109958 945.157
52 1967   0.00319176 0.0110749 938.861
52 1968   0.00354411 0.0111686 936.095
52 1969   0.00343469 0.0113425 889.955
52 1970   0.0030493 0.0114053 918.402
52 1971   0.00326444 0.0113534 891.933
52 1972   0.00316652 0.0112586 920.603
52 1975   0.00309148 0.0115062 907.493
52 1976   0.00320295 0.0114939 863.118
52 1977   -0.00306719 -0.0111921 934.25
52 1978   -0.00322702 -0.0113111 904.59
52 1979   -0.00290103 -0.0113752 935.894
52 1981   -0.00297742 -0.0115034 926.511
52 1982   -0.0031443 -0.0114849 888.315
52 1985   -0.00829989 -0.00786932 934.155
52 1986   -0.00772228 -0.00784349 956.687
52 1987   -0.00749139 -0.00820556 967.559
52 1988   -0.00717102 -0.00841468 968.91
52 1989   -0.00728274 -0.00899976 926.591
52 1990   -0.00758644 -0.0087517 965.237
52 1991   -0.00733677 -0.00870331 963.25
52 1993   -0.00760417 -0.00897639 945.911
52 1994   -0.00746065 -0.00911989 909.758
52 2073   -0.00400672 0.00800918 915.544
52 2074   -0.00378965 0.00943031 887.565
52 2075   -0.0035374 0.00897974 905.051
52 2076   -0.00389266 0.00853811 897.551
52 2077   -0.00453316 0.00936311 843.395
52 2078   -0.00410906 0.00920271 870.548
52 2079   -0.00418076 0.00877466 874.163
52 2080   -0.00474891 0.00905333 833.02
52 2081   -0.00452264 0.00869016 852.467
52 2083   -0.00505988 0.00903214 812.786
52 2084   -0.00515755 0.0086915 793.667
52 2086   -0.008302 -0.00824083 948.663
52 2087   -0.00792549 -0.00837488 964.797
52 2088   -0.00785479 -0.00863239 969.167
52 2194   -0.00462812 0.0110409 51.7367
52 2197   -0.00461766 0.0110493 49.1783
52 2198   -0.00462359 0.0110572 10.7697
52 2211   0.007646 -0.00386022 923.735
52 2212   0.00664443 -0.00387666 938.935
52 2213   0.00719528 -0.00539227 929.214
52 2214   0.0064596 -0.00487196 945.649
52 2217   0.0081812 -0.00464325 918.86
52 2218   0.00791531 -0.00518001 918.109
52 2250   0.00839743 0.00774909 925.959
52 2251   0.00797517 0.00767016 945.216
52 2252   0.00735665 0.00818501 968.364
52 2253   0.00774666 0.00797923 959.997
52 2254   0.0073466 0.00847909 969.118
52 2255   0.00768426 0.00857676 969.38
52 2257   0.00751708 0.00899525 935.531
52 2258   0.00768146 0.00883056 962.316
52 2282   -0.00208475 -0.00239744 964.954
52 2283   -0.00173877 -0.00418101 967.603
52 2284   -0.00378275 -0.00419893 965.613
52 2285   -0.00275746 -0.00481096 967.784
52 2286   -0.00439668 -0.000687332 956.87
52 2287   -0.00378706 -0.00299516 963.268
52 2288   -0.00310775 -0.00182362 962.67
52 2289   -0.00664057 -0.00159382 948.712
52 2290   -0.00477219 -0.00243 959.496
52 2291   -0.00537979 -0.00128774 953.841
52 2292   -0.00557241 -0.00287593 958.372
52 2293   -0.00649353 -0.00259624 954.534
52 2294   -0.00626838 -0.00434861 960.796
52 2295   -0.00543642 -0.00392048 961.677
52 2296   -0.00792474 -0.00432391 964.164
52 2297   -0.0080139 -0.00361609 962.837
52 2298   -0.00697711 -0.00394941 959.04
52 2299   -0.00706627 -0.00324159 956.509
52 2300   0.00838005 0.00809762 940.792
52 2303   0.00803718 0.00819015 957.945
52 2304   0.00798483 0.0084936 966.913
52 2317   -0.00445076 0.00787988 908.815
52 2318   -0.00469094 0.00757624 935.743
52 2319   -0.00500253 0.00834684 808.569
52 2320   -0.00467858 0.00832432 854.431
52 2321   -0.00547989 0.00773214 943.31
52 2322   -0.00505678 0.00776184 916.677
52 2323   -0.00514055 0.00808801 841.713
52 2326   -0.00567328 0.00795628 931.248
52 2327   -0.00545403 0.00816033 861.67
52 2428   -0.00628489 0.00377945 944.34
52 2429   -0.00504598 0.00532433 964.135
52 2430   -0.00509138 0.00433013 958.5
52 2431   -0.00754991 0.00407305 926.6
52 2432   -0.00778358 0.00502498 922.088
52 2466   -0.00917461 0.00167419 905.647
52 2675   0.00472252 0.00234549 959.063
52 2676   0.00598875 0.00218739 954.091
52 2677   0.00494387 0.00392758 962.468
52 2678   0.00599399 0.00408902 960.369
52 2679   0.0064262 0.00344996 957.53
52 2680   0.00536403 0.00605069 966.605
52 2681   0.00533995 0.00713152 969.186
52 2682   0.00619468 0.00719721 967.74
52 2683   0.00709894 0.00590486 956.947
52 2684   0.0063856 0.00641155 963.64
52 2685   0.00605193 0.00582122 963.726
52 2686   0.00650471 0.00467443 960.054
52 2687   0.00645544 0.00528912 960.857
52 2688   0.00707509 0.00533992 958.069
52 2689   0.00732612 0.00491039 957.763
52 2690   0.00692259 0.00454006 958.958
52 2691   0.00755395 0.00376266 958.507
52 2692   0.00704497 0.0038756 958.022
52 2693   0.00828874 0.00460262 964.312
52 2694   0.00839417 0.00411934 967.252
52 2695   0.00768866 0.00469415 958.552
52 2696   0.0077941 0.00421087 960.864
52 2711   0.00449831 -0.00947571 844.86
52 2712   0.00491742 -0.00842111 818.643
52 2713   0.00443329 -0.00841528 870.89
52 2714   0.00393644 -0.00877978 888.91
52 2715   0.0039479 -0.00923461 881
52 2717   0.00502873 -0.00882531 813.345
52 2718   0.00491323 -0.00922811 823.453
52 2739   0.00470122 -0.0103482 793.338
52 2740   0.0047435 -0.0102007 802.342
52 2887   -0.00750028 -0.00113271 939.054
52 2888   -0.0086121 -0.00135274 923.755
52 2889   -0.00768372 0.000215947 928.018
52 2890   -0.00935145 -0.000114106 906.709
52 2891   -0.00873659 0.000592011 913.327
52 2927   -0.00704866 0.0055582 932.18
52 2928   -0.00606521 0.0065453 964.485
52 2929   -0.00600414 0.00572204 958.021
52 2931   -0.00689049 0.0065855 950.765
52 2932   -0.00732898 0.00617742 928.242
52 2970   0.00658456 0.00890476 944.253
52 2971   0.00634089 0.00925275 926.621
52 2972   0.00710259 0.00935959 844.866
52 2973   0.00693821 0.00952428 816.936
52 2974   0.00700705 0.00880135 949.303
52 2975   0.00718033 0.00906371 912.622
52 2976   0.00673473 0.00966496 871.123
52 2977   0.00648217 0.00958589 901.069
52 3094   0.00415156 0.0109313 964.327
52 3095   0.00439413 0.0108146 965.125
end
