607
16 235   -0.0449779 0.00318531 917.417
16 236   -0.045157 -0.00300393 917.426
16 237   -0.0499779 0.00824195 910.791
16 238   -0.0399779 0.0081887 924.475
16 239   -0.0477803 -0.0217979 822.83
16 240   -0.0398074 -0.0323581 766.649
16 241   -0.032198 0.0320579 880.544
16 242   -0.0411387 -0.00655359 920.825
16 243   -0.036185 -0.0298095 870.244
16 244   -0.0322715 -0.0324514 878.596
16 245   -0.0435112 -0.0297251 732.655
16 246   -0.0160705 -0.0220175 911.635
16 247   -0.0497157 -0.0177642 874.503
16 248   -0.000201752 0.0238333 772.79
16 249   -0.0384817 -0.00727839 925.085
16 250   0.00451428 -0.022663 788.484
16 251   -0.00191078 0.0214545 876.705
16 252   0.00111671 -0.0181019 896.627
16 253   0.00314001 -0.0194089 883.824
16 254   -0.00113971 0.0185482 877.413
16 255   0.00675892 -0.0226539 775.828
16 256   0.00174689 -0.0157718 911.682
16 257   0.000621156 -0.0142973 901.616
16 258   -0.00302805 0.0174276 920.989
16 259   0.00534285 -0.0157297 942.79
16 260   0.00372838 -0.0150076 944.158
16 261   -0.00316477 0.015751 927.768
16 262   -0.00590102 0.0158504 968.39
16 263   -0.00683169 0.0147221 966.498
16 264   -0.00457534 0.0152919 960.355
16 265   -0.00441435 0.0140526 965.943
16 266   -0.00618947 0.0136933 953.973
16 267   -0.0050978 0.0135823 966.26
16 268   -0.00660864 0.0124225 863.828
16 269   -0.00630851 0.0129312 909.475
16 270   -0.00488933 0.0128239 937.473
16 271   -0.00543174 0.012544 883.189
16 272   -0.00597873 0.0117685 815.339
16 273   -0.00528403 0.01207 820.291
16 274   -0.00597838 0.0113057 804.278
16 275   -0.00553089 0.0118033 799.979
16 276   -0.00558479 0.0111611 789.896
16 277   -0.00527116 0.0114764 762.997
16 278   -0.00485008 0.0115395 704.754
16 279   -0.00532541 0.011297 765.632
16 280   -0.00502561 0.0114475 723.793
16 467   -0.00513011 -0.0128388 748.809
16 468   -0.0063125 -0.013886 821.045
16 469   -0.00572642 -0.0117626 749.877
16 470   -0.00690881 -0.0111431 833.673
16 477   0.00239994 0.023438 724.07
16 478   0.00458093 0.0256227 697.004
16 479   0.00313803 0.0209773 738.67
16 480   0.00677516 0.0164106 746.28
16 481   0.00568467 0.0182412 736.967
16 482   0.00414309 0.0139905 726.628
16 483   0.00605032 0.0151414 749.138
16 484   0.00460064 0.0156911 739.316
16 485   0.00500158 0.0124774 740.167
16 486   0.00690881 0.0109464 839.994
16 487   0.00677516 0.013458 770.462
16 488   0.00618397 0.0124945 775.165
16 493   -0.0071579 0.0122426 848.878
16 495   -0.00633349 0.0109621 813.95
16 496   -0.0443267 -0.0225632 870.639
16 497   -0.042988 -0.0255765 842.421
16 498   0.00154434 -0.0128943 923.263
16 500   -0.0497787 0.0184182 865.625
16 501   -0.0473097 0.0259417 738.483
16 502   -0.0511393 0.023991 739.832
16 503   -0.048418 0.0211676 830.935
16 504   -0.0440342 0.024465 845.144
16 505   -0.0451425 0.0217715 875.775
16 514   -0.00732029 0.0334769 778.012
16 515   -0.00999191 0.0304307 856.879
16 516   -0.00293105 0.0307081 724.263
16 517   -0.0029899 0.027253 774.73
16 518   -0.00615989 0.0267711 870.336
16 519   -0.00877265 0.02718 886.485
16 537   0.00264592 -0.013038 953.206
16 538   0.00370423 -0.0136767 964.338
16 539   0.00427436 -0.0132359 968.001
16 540   0.0027486 -0.0123764 962.372
16 546   0.0032427 -0.0122962 969.369
16 564   -0.0355062 0.0307402 863.239
16 565   -0.0410049 0.0310468 757.672
16 566   -0.0391942 0.0336823 763.145
16 567   -0.0359226 0.0279515 890.56
16 568   -0.0387113 0.028258 864.867
16 578   -0.0138873 -0.0320175 882.336
16 581   -0.0046033 -0.0304438 781.087
16 582   -0.0100803 -0.0305262 867.042
16 583   -0.00736382 -0.0335087 796.521
16 584   -0.00876692 -0.0275025 886.847
16 585   -0.00587258 -0.0274201 862.847
16 620   -0.0360479 -0.0260352 910.738
16 621   -0.0326877 -0.0236772 925.534
16 622   -0.00213541 0.0148303 903.481
16 623   -0.00119877 0.012909 810.244
16 624   -0.00349922 0.0136576 950.723
16 625   -0.00211534 0.0131934 897.361
16 626   -0.00263086 0.0139761 916.875
16 633   0.000582565 0.0179692 809.111
16 634   0.00241319 0.0191011 760.336
16 635   0.00351014 0.0167497 745.067
16 636   0.00386933 0.0180307 745.244
16 637   0.00204959 0.0163271 752.359
16 638   0.000578151 0.0164761 797.432
16 639   -0.000646478 0.0152186 839.074
16 640   0.00289309 0.0137705 715.044
16 641   0.00189008 0.0150485 735.399
16 642   -1.48033e-05 0.0135106 744.574
16 643   0.000299797 0.0145748 767.816
16 644   0.00118397 0.0128879 699.144
16 645   0.00250158 0.0126741 699.698
16 649   -0.0242279 0.0325 895.782
16 650   -0.0288072 0.0295579 899.2
16 651   -0.0263154 0.0225 913.109
16 652   -0.0297162 0.0245579 915.07
16 653   -0.0220865 0.0247269 906.467
16 654   -0.020908 0.0297269 898.69
16 655   -0.0142458 0.0241807 911.493
16 656   -0.016157 0.0322269 885.258
16 657   -0.0136596 0.0291807 887.984
16 659   -0.0195101 0.0222269 908.818
16 660   -0.0163332 0.0222269 911.563
16 663   -0.00407589 0.0221697 914.713
16 664   -0.00553685 0.0240667 908.08
16 682   0.00671711 -0.0149529 961.846
16 683   0.00632567 -0.0140815 969.439
16 684   0.00710856 -0.0137218 964.142
16 685   0.00719276 -0.012361 865.85
16 686   0.00680131 -0.0130436 930.384
16 687   0.00683232 -0.0118903 829.019
16 688   0.00621783 -0.0120877 837.371
16 689   0.00610545 -0.0110766 805.655
16 690   0.0059076 -0.0117475 805.884
16 691   0.00590162 -0.0113725 795.688
16 693   0.00553819 -0.011217 777.612
16 694   0.00533137 -0.0113253 755.149
16 702   0.0049741 -0.0132915 958.841
16 703   0.00562698 -0.0135831 965.351
16 704   0.00587959 -0.0125856 884.174
16 705   0.00610263 -0.0130708 934.914
16 706   0.00492758 -0.0127232 908.45
16 707   0.00535743 -0.0125297 872.575
16 708   0.00522777 -0.0121122 810.609
16 709   0.0054397 -0.0118279 788.503
16 710   0.0052269 -0.0115612 750.247
16 711   0.00492703 -0.0115293 690.037
16 712   0.00474692 -0.0116236 687.687
16 716   0.0041784 -0.0120868 803.532
16 717   0.00453138 -0.0122642 832.542
16 718   0.00456937 -0.0117167 713.297
16 719   0.00474736 -0.0119857 777.542
16 837   0.00729318 -0.0103597 625.43
16 838   0.00713956 -0.0112889 791.528
16 839   0.00672591 -0.0110029 794.143
16 840   0.00687954 -0.0105765 775.816
16 883   -0.0068831 0.0109595 788.091
16 884   -0.0071579 0.0113864 797.474
16 886   -0.0073626 0.0103574 577.092
16 887   -0.00708779 0.0105014 742.8
16 888   -0.0403084 -0.024248 911.33
16 889   -0.0379856 -0.0246224 924.49
16 890   -0.0371086 -0.0222643 954.103
16 910   -0.0399747 0.0226323 940.956
16 911   -0.0411451 0.0249968 895.639
16 912   -0.0391966 0.0261903 896.316
16 937   -0.00328892 -0.0127319 711.652
16 938   -0.00223569 -0.0142418 793.936
16 939   -0.000923189 -0.0136892 810.692
16 947   -0.00183006 -0.022432 883.497
16 948   -0.00113135 -0.0192931 894.183
16 949   -0.00449568 -0.024077 898.899
16 950   -0.00603259 -0.0221419 940.262
16 951   -0.0026992 -0.0170144 881.068
16 952   -0.00612232 -0.018499 930.975
16 953   -0.00493482 -0.0165516 877.014
16 962   -0.050157 -0.00544898 913.954
16 965   -0.0485442 -0.0149834 900.122
16 966   -0.0489855 -0.00941755 910.851
16 967   -0.0513285 -0.0114736 905.312
16 968   -0.0435751 -0.0109746 918.414
16 969   -0.0464218 -0.0113935 911.577
16 970   -0.0459806 -0.014461 908.472
16 971   -0.0421363 -0.0127695 924.278
16 972   -0.0433703 -0.0152279 919.395
16 973   -0.0396999 -0.0119606 930.904
16 974   -0.0387182 -0.0134075 937.951
16 975   -0.04237 -0.0198685 925.613
16 976   -0.0420418 -0.0170893 932.042
16 977   -0.0389929 -0.0207109 922.502
16 978   -0.0405393 -0.0215623 951.498
16 979   -0.0386079 -0.0180057 965.105
16 980   -0.039826 -0.0160779 948.677
16 981   -0.0471569 0.0161292 900.249
16 982   -0.0473562 0.0130368 906.318
16 983   -0.0423562 0.0130368 925.347
16 984   -0.0386393 0.0173355 961.689
16 985   -0.0432963 0.016798 919.945
16 986   -0.0410176 0.0154603 937.7
16 987   -0.0426425 0.019691 921.363
16 988   -0.0403638 0.0200199 950.845
16 989   0.00640951 0.0242544 700.052
16 991   0.00640951 0.0201174 725.031
16 992   0.00531902 0.021783 716.743
16 1005   -0.00437574 0.0187152 949.443
16 1006   -0.0061149 0.0206986 926.674
16 1007   -0.00465251 0.020551 952.106
16 1008   -0.00583813 0.0175971 968.2
16 1009   -0.00676881 0.0186605 952.545
16 1027   -0.0112614 0.0229307 926.937
16 1028   -0.00995644 0.0209769 955.857
16 1029   -0.00945598 0.02468 914.726
16 1030   -0.00749713 0.0234987 936.152
16 1031   -0.00749857 0.0217493 940.179
16 1047   -0.0510348 0.0324944 672.62
16 1050   -0.0472051 0.029859 696.188
16 1051   -0.0442747 0.0323645 702.78
16 1057   -0.0461689 -0.032367 686.992
16 1131   -0.0345566 0.021029 958.825
16 1132   -0.0329382 0.0230869 932.88
16 1133   -0.0348484 0.0252982 918.202
16 1134   -0.037441 0.0226435 954.417
16 1135   -0.037217 0.0248547 923.088
16 1176   -0.00142458 -0.0305494 725.297
16 1177   -2.82328e-05 -0.0258807 775.051
16 1178   0.00343486 -0.0261742 724.138
16 1181   0.00385901 -0.0336143 676.638
16 1182   0.000218022 -0.0336143 695.07
16 1200   0.000221424 0.0322312 691.609
16 1203   0.00568333 0.0322419 672.209
16 1204   0.00385475 0.0294732 682.82
16 1222   -0.0117154 -0.0230262 919.241
16 1223   -0.00808899 -0.022985 945.459
16 1224   -0.00944643 -0.0250025 911.002
16 1264   -0.00926835 -0.0210087 955.391
16 1265   -0.0114476 -0.0210087 933.168
16 1278   -0.0505646 -0.0249962 725.843
16 1279   -0.0490994 -0.0299101 685.665
16 1280   -0.0510348 -0.0325431 672.447
16 1308   -0.0329989 -0.0212257 944.96
16 1309   -0.035482 -0.0212257 964.793
16 1322   -0.00335964 0.0130304 952.373
16 1323   -0.00317587 0.0122012 950.855
16 1324   -0.00268176 0.0122814 918.862
16 1325   -0.00261012 0.0127262 915.207
16 1326   -0.00375115 0.0121042 965.028
16 1327   -0.00372369 0.012751 967.038
16 1328   -0.00346828 0.0123667 964.244
16 1329   -0.00414087 0.0126654 964.213
16 1330   -0.00448347 0.0125814 931.385
16 1331   -0.00405016 0.0122543 927.899
16 1332   -0.00425324 0.012072 843.428
16 1333   -0.00455885 0.0122069 855.368
16 1334   -0.00470925 0.0117369 750.201
16 1335   -0.00481699 0.0119755 800.639
16 1337   -0.00441574 0.0117396 751.508
16 1338   -0.00421787 0.0118433 785.925
16 1348   0.00567951 -0.0322286 673.252
16 1349   0.00567951 -0.0294572 682.753
16 1369   0.00675892 -0.0199481 864.521
16 1370   0.00612574 -0.0172206 915.239
16 1371   0.00538466 -0.0186004 894.667
16 1405   0.00400855 -0.0121461 863.943
16 1406   0.00379251 -0.0125036 948.9
16 1407   0.00348975 -0.0122561 963.24
16 1504   -0.0242685 -0.0325 896.636
16 1505   -0.0289095 -0.0299514 898.425
16 1506   -0.0186624 -0.0295175 898.291
16 1507   -0.0198899 -0.0245175 906.683
16 1508   -0.0294628 -0.0249514 912.573
16 1509   -0.0260493 -0.0225 912.533
52 281   0.00556738 -0.00214756 815.569
52 282   0.00147703 -0.00454068 861.521
52 283   0.00342623 -0.000979411 826.429
52 284   -0.00461997 0.001127 817.939
52 285   0.00137979 -0.00217413 841.876
52 286   0.00327693 0.0012554 810.345
52 287   -0.000648327 -0.00107273 831.643
52 288   -0.00658659 0.00210623 799.141
52 289   -0.00265524 -0.00217541 813.809
52 290   -0.00261932 0.00229794 845.252
52 291   -0.000652704 0.00115582 836.114
52 292   -0.00275525 -0.0043363 802.471
52 293   -0.00466027 -0.0011178 797.431
52 294   0.00122612 0.00228924 826.128
52 295   0.00545351 -0.00428311 861.088
52 296   0.0034096 -0.00548151 887.767
52 297   0.0073277 -0.00111171 765.182
52 298   0.00493479 0.00242472 786.849
52 299   -0.00247993 0.0043343 868.015
52 300   -0.0086222 0.00484869 800.068
52 301   -0.000642326 0.00552329 852.366
52 302   -0.00664398 0.00407558 839.639
52 303   0.00455307 0.00447042 785.14
52 304   0.00609622 0.00548263 771.666
52 305   0.00860124 -0.00526283 808.979
52 306   -0.00629283 -0.0021194 773.038
52 307   -0.00819319 0.00105668 748.497
52 308   0.00682021 -0.00537129 871.464
52 309   0.00980682 -0.00438889 753.338
52 310   0.00656342 0.00185333 766.397
52 311   -0.00528992 0.00521263 885.956
52 312   0.00968907 -0.0030471 736.858
52 313   0.0036827 -0.00714056 910.749
52 314   -0.00375256 0.005339 888.104
52 315   0.00887712 -0.00179701 736.941
52 316   -0.007797 -0.00155354 747.82
52 317   -0.000890602 0.00714158 863.545
52 318   0.00736808 0.000604577 751.232
52 319   -0.0100657 0.00423278 750.798
52 320   -0.0101062 0.00283699 729.654
52 321   0.00787249 0.00288313 761.206
52 322   -0.00841173 -0.000445467 732.822
52 323   -0.0056088 0.00676601 910.814
52 324   0.00631579 -0.00694855 911.148
52 325   -0.00951196 0.00164937 726.473
52 326   -0.00661429 0.00720583 915.677
52 327   0.00522219 -0.00751941 929.454
52 328   -0.0044546 0.00760833 927.746
52 329   0.00300469 -0.00810317 923.483
52 330   0.0110447 -0.00257475 708.547
52 331   -0.00871723 -0.00262194 752.411
52 332   0.00229937 -0.0086083 921.63
52 333   0.00869226 0.00104037 723.211
52 334   0.00892376 0.00221344 733.735
52 335   -0.00444995 0.00863603 955.815
52 336   0.00975154 -0.00073377 711.593
52 337   -0.0112036 0.0025168 708.84
52 338   0.00527701 -0.00861022 959.494
52 339   -0.0102849 0.00066946 708.247
52 340   -0.00588018 0.0091931 967.514
52 341   -0.00964603 -0.00235657 713.092
52 342   -0.00961122 -0.000646356 708.588
52 343   -0.0114257 0.00139716 702.374
52 344   -0.0111012 0.000737428 703.322
52 345   0.00940665 0.000708053 709.222
52 346   0.0110211 -0.00159379 701.911
52 347   0.00971309 0.000103515 707.521
52 348   0.00457331 -0.00906889 966.06
52 349   -0.00378004 0.00918668 962.792
52 350   -0.00513143 0.00909485 967.615
52 351   0.00971237 0.00237424 709.078
52 352   0.00384048 -0.00894069 958.257
52 353   -0.0101656 -0.00012412 704.783
52 354   0.0105398 -0.0010029 704.989
52 355   -0.0103025 -0.00263946 694.605
52 356   -0.0115051 -8.52047e-06 698.646
52 357   0.0102308 0.00267251 695.911
52 358   -0.010013 -0.00126931 700.288
52 359   0.0104903 0.000446203 697.339
52 360   0.0115836 -0.00121367 699.371
52 361   -0.0100343 -0.00174529 698.285
52 362   0.0108998 0.00017602 696.351
52 363   -0.00490428 0.00984518 950.154
52 364   0.0099863 0.00126774 699.042
52 365   -0.0107476 -0.000560615 696.512
52 366   -0.0112707 -0.000512983 694.467
52 367   0.0105169 0.00103136 693.012
52 368   0.0109108 -0.000435794 700.155
52 369   -0.00405779 0.00986092 963.954
52 370   0.0116382 -4.99101e-05 696.143
52 371   0.0113811 0.000454689 692.312
52 372   0.0100605 0.00176086 696.723
52 373   0.0113921 -0.000572238 699.053
52 374   -0.0106571 -0.00107642 692.801
52 375   -0.00528155 0.0101751 909.302
52 376   -0.00450055 0.0100606 929.463
52 377   0.0115726 0.000899333 687.548
52 378   -0.0106861 -0.00188781 686.141
52 379   0.0108706 0.0013323 686.592
52 380   -0.00382142 0.0102587 939.532
52 381   -0.0115942 -0.000939222 689.386
52 382   -0.00347441 0.0102647 959.704
52 383   -0.0110102 -0.00133789 686.664
52 384   -0.0108786 -0.00217713 681.717
52 385   -0.0114242 -0.00124833 685.365
52 386   0.0105121 0.00189809 688.173
52 387   0.0114567 0.00119885 683.979
52 388   0.0106975 0.00221574 684.357
52 389   -0.0110179 -0.0016733 682.835
52 390   0.0112094 0.00132533 683.435
52 391   -0.00516945 0.010545 849.455
52 392   0.0107916 0.00170592 684.539
52 393   -0.00449707 0.0104758 842.854
52 394   0.0110223 0.00215751 678.885
52 395   -0.00404335 0.0105572 865.177
52 396   0.0110444 0.00187637 679.739
52 397   -0.0112719 -0.0021841 675.193
52 398   0.0117138 0.00145374 680.276
52 399   -0.011329 -0.00176832 678.243
52 400   0.0112213 0.00224529 675.65
52 401   -0.00491424 0.0107042 804.268
52 402   -0.011597 -0.00145682 682.036
52 403   -0.00427625 0.0105746 828.193
52 404   -0.00464265 0.0106545 789.627
52 405   0.0113247 0.00163433 678.881
52 406   0.0112387 0.00181176 677.7
52 407   -0.0047682 0.0107284 772.7
52 408   -0.0114057 -0.00192529 675.312
52 409   -0.0114001 -0.00205699 673.909
52 410   0.0113978 0.00208829 673.375
52 411   -0.0114941 -0.0016414 679.104
52 412   0.0116514 0.00163189 677.502
52 413   -0.00431433 0.010794 758.726
52 414   0.0113931 0.0019359 674.6
52 415   0.0115096 0.001686 676.883
52 416   -0.0040081 0.010736 823.836
52 417   -0.0117667 -0.00145951 682.378
52 418   0.0115326 0.00185363 674.23
52 419   0.00439554 -0.010949 596.145
52 420   -0.00419615 0.0108403 762.198
52 421   0.011535 0.00212203 671.252
52 422   -0.00441901 0.0108662 692.453
52 423   0.0116456 0.00189992 672.845
52 424   -0.0045265 0.0108255 709.676
52 425   0.0117674 0.00173938 676.059
52 426   -0.00470742 0.010938 623.819
52 427   -0.0115901 -0.00190371 674.008
52 428   -0.0116249 -0.00170948 677.703
52 429   -0.0117277 -0.00162239 679.58
52 430   -0.0115783 -0.00210118 670.997
52 431   -0.0116443 -0.00181481 675.717
52 432   -0.0117885 -0.00169352 678.803
52 433   0.0117385 0.00183979 674.167
52 434   -0.0117469 -0.00181296 676.33
52 435   -0.00456238 0.0109265 575.447
52 436   -0.00441859 0.0109777 529.031
52 437   -0.00461775 0.0109652 495.017
52 438   -0.0116506 -0.00197258 672.311
52 439   0.00450527 -0.0109924 423.326
52 440   -0.0116444 -0.00203836 670.962
52 441   -0.0117858 -0.00186741 675.804
52 442   -0.00449932 0.0109918 428.119
52 443   -0.0117691 -0.00192733 674.366
52 444   -0.011727 -0.00196345 672.612
52 445   0.0118009 0.00188299 673.94
52 446   -0.011721 -0.00205191 669.973
52 447   -0.00459451 0.0110465 156.79
52 448   -0.0117521 -0.00201185 671.285
52 449   -0.0118106 -0.00195129 675.115
52 450   -0.0117927 -0.00201553 672.05
52 451   -0.00455779 0.0110964 3.60421
52 452   -0.00454966 0.0111015 2.74157
52 460   -0.00670368 0.00819499 943.788
52 461   -0.00644229 0.00888111 965.378
52 462   -0.00752183 0.00846527 938.429
52 463   -0.00704991 0.00928267 964.679
52 464   -0.00747097 0.00902012 959.563
52 489   -0.00823279 0.00802051 914.946
52 490   -0.00885389 0.00632386 836.175
52 491   -0.00785303 0.00695083 895.672
52 492   0.00909261 -0.00658233 838.278
52 520   -0.00430112 -0.00538269 784.805
52 521   -0.0043566 -0.00721943 775.141
52 522   -0.00583367 -0.00422341 777.909
52 523   -0.00638262 -0.00684459 775.799
52 524   -0.00545624 -0.00760423 798.679
52 527   0.00268753 -0.00964063 960.534
52 528   0.0035744 -0.00946783 966.605
52 529   0.00312677 -0.00966264 966
52 530   0.00323451 -0.0101466 968.66
52 531   0.00387386 -0.00982927 967.901
52 532   0.00364166 -0.0101435 961.19
52 534   0.00376202 -0.0104317 925.791
52 561   0.00718561 -0.00748459 916.635
52 562   0.0081814 -0.00722683 896.924
52 563   0.00853522 -0.00777319 905.252
52 606   0.00607122 0.00682488 777.337
52 607   0.00514484 0.00758453 792.111
52 611   0.000110487 -0.00569606 842.08
52 612   -0.00141269 -0.00550428 810.885
52 613   0.000356958 -0.00740969 838.713
52 614   -0.000667552 -0.00836561 775.922
52 615   -0.000331854 -0.00939592 744.659
52 647   0.00808599 0.00394767 777.781
52 648   0.00748802 0.00498578 776.148
52 746   0.00449327 -0.0110483 254.831
52 754   0.0116517 0.00198173 671.36
52 755   0.0116159 0.00204762 670.697
52 756   0.0116889 0.0020663 669.6
52 757   0.0117292 0.00202093 670.012
52 758   0.0117202 0.0019799 671.03
52 762   0.0117621 0.00195369 671.971
52 763   0.0118153 0.00193722 673.365
52 764   0.0117864 0.00192625 672.987
52 765   0.0117788 0.00196943 671.841
52 766   0.0118031 0.00195988 672.727
52 767   0.0117772 0.00199233 671.132
52 768   0.0117696 0.00201762 670.102
52 769   -0.00450368 0.011041 252.229
52 779   -0.0118105 -0.0019796 675.074
52 781   -0.011809 -0.00200058 677.723
52 782   -0.0118105 -0.00198908 675.198
52 783   -0.0118255 -0.00201306 699.628
52 784   -0.0118255 -0.00202254 741.394
52 801   0.00452355 -0.0110651 108.197
52 834   0.0117843 0.0020325 669.635
52 841   0.00571733 -0.00997288 933.437
52 844   0.00598111 -0.00949468 964.621
52 845   0.00595267 -0.00888575 966.174
52 847   0.00673739 -0.00942589 961.778
52 848   0.00645938 -0.00959963 953.519
52 857   0.00704154 -0.00815983 939.555
52 858   0.00655158 -0.00860195 958.861
52 859   0.00685804 -0.00903714 967.812
52 861   0.00755487 -0.00891502 951.907
52 862   0.00728514 -0.00908359 966.599
52 998   -0.00364408 -0.0081731 758.26
52 1003   -0.00224603 -0.00750435 779.241
52 1004   -0.00174737 -0.00865204 768.554
52 1022   -0.0084939 -0.00374583 782.565
52 1025   -0.00711451 -0.00478145 776.567
52 1026   -0.00714479 -0.00594571 766.692
52 1040   -0.00100251 0.00928314 814.769
52 1041   -0.00160113 0.00926164 878.326
52 1064   0.000566077 -0.00936366 774.326
52 1065   0.00167695 -0.0088642 881.975
52 1066   0.000991967 -0.00842925 850.55
52 1067   -5.06068e-05 0.00791114 818.724
52 1068   -0.000485668 0.00883297 804.317
52 1069   0.000756152 0.00522614 824.014
52 1070   0.00143806 0.00401455 818.992
52 1071   0.00310715 0.00502642 794.444
52 1072   0.00185913 0.00634879 796.767
52 1073   0.00299137 0.00612722 787.992
52 1074   0.00354798 0.00826667 757.534
52 1075   0.00394909 0.00729329 772.523
52 1076   0.00110008 0.00790219 783.314
52 1077   0.00188373 0.00733049 784.151
52 1078   0.00261485 0.00808229 768.194
52 1079   0.00126364 0.00884553 758.803
52 1080   0.00221229 0.00913642 763.695
52 1082   0.000163711 0.0093807 745.437
52 1083   0.000762332 0.00940221 738.693
52 1166   0.00807962 -0.00809544 920.182
52 1167   0.00758172 -0.00822432 933.328
52 1168   0.00765373 -0.0086286 941.07
52 1170   0.00825653 -0.00836862 927.908
52 1171   0.00804673 -0.00863081 940.2
52 1238   -0.00609154 0.00984175 945.533
52 1239   -0.00572006 0.0100734 926.984
52 1456   -0.00354722 0.00729329 913.213
52 1457   -0.00316406 0.00657733 900.907
52 1458   -0.00213971 0.00719091 895.578
52 1459   -0.00197966 0.00874664 908.288
52 1460   -0.00285064 0.0079181 914.355
52 1461   -0.00219509 0.00789564 902.247
52 1462   -0.00321239 0.00904154 951.936
52 1463   -0.00283872 0.00852259 926.977
52 1464   -0.00243172 0.00901561 933.822
52 1465   -0.00316607 0.00997563 969.37
52 1466   -0.00303184 0.00954191 962.549
52 1467   -0.00257894 0.00952721 957.185
52 1469   -0.00293833 0.0100857 969.36
52 1472   -0.00271317 0.00996092 967.709
52 1473   -0.00248802 0.00983612 964.61
52 1528   0.0118176 0.0019743 673.063
52 1529   0.0117936 0.00199596 671.498
52 1530   0.0118096 0.00198749 672.586
52 1531   0.0118217 0.0020006 673.608
52 1532   0.0117961 0.00201562 670.736
52 1535   0.0118257 0.00201889 676.711
52 1536   0.0118172 0.00201327 673.16
52 1537   0.0118075 0.00201981 671.038
52 1538   0.0047989 -0.00962083 966.023
52 1539   0.00525304 -0.00994483 936.175
52 1540   0.00450837 -0.01014 920.408
52 1541   0.00436553 -0.00985407 958.827
52 1542   0.00523703 -0.0105178 854.202
52 1543   0.00516435 -0.010245 893.896
52 1544   0.00485305 -0.0102069 896.367
52 1545   0.00494731 -0.0107416 794.367
52 1546   0.00482688 -0.0104252 850.372
52 1547   0.00502457 -0.0105342 837.589
52 1548   0.00407972 -0.0107185 814.16
52 1549   0.00401392 -0.0104532 890.074
52 1550   0.0042602 -0.0103536 886.608
52 1551   0.00466016 -0.0105364 819.282
52 1552   0.00443817 -0.0105317 827.132
52 1553   0.00432065 -0.0107027 786.949
52 1554   0.00443308 -0.0108205 726.188
52 1555   0.00478898 -0.0107645 765.191
52 1556   0.00469953 -0.0106683 785.071
52 1557   0.00458997 -0.0107814 738.194
52 1558   0.00469996 -0.0109745 526.074
52 1559   0.00471965 -0.0108861 683.728
52 1560   0.00462485 -0.0108737 662.107
52 1561   0.00462673 -0.0109897 442.769
52 1562   0.00455902 -0.0109752 454.908
52 1563   0.00459634 -0.010937 548.382
52 1565   0.00460315 -0.0110309 273.063
52 1566   0.00457567 -0.0110249 285.954
52 1567   0.00460112 -0.0110627 111.369
52 1568   0.00454135 -0.0110656 88.0333
52 1569   0.0045599 -0.0110537 140.372
52 1570   0.00455457 -0.0110986 3.99631
52 1572   0.00454159 -0.0110832 22.0519
52 1573   0.00455219 -0.0110879 10.0149
52 1585   -0.00452857 0.0110548 135.588
52 1588   -0.00454869 0.0110905 7.03043
52 1589   -0.0045518 0.0110616 95.4141
52 1591   0.00456316 -0.0110864 11.5498
52 1592   0.00457111 -0.0110699 62.6711
52 1593   0.00458485 -0.0110729 52.8947
end
