1182
16 186   -0.0445907 -0.00282239 963.547
16 187   -0.0449757 0.00376199 963.789
16 188   -0.0395907 -0.00641488 960.918
16 189   -0.0209032 0.0293267 969.626
16 190   -0.0479037 -0.0222254 942.377
16 191   -0.0261237 0.0223839 967.504
16 192   -0.0297848 0.0248304 966.23
16 193   -0.0145026 0.0242715 968.09
16 194   -0.0219755 0.0243267 969.22
16 195   0.00213639 0.0193997 944.984
16 196   -0.000175127 -0.0188301 968.939
16 197   -0.00176207 -0.0174792 969.511
16 198   -0.00337374 -0.0174932 969.003
16 199   -0.00689649 -0.0147123 939.115
16 200   0.00302586 0.015455 943.991
16 201   -0.00140051 -0.0159917 969.604
16 202   -0.0025793 -0.0152341 969.171
16 203   0.00319671 0.0141887 943.268
16 204   -0.00250039 -0.0142035 969.305
16 205   -0.00308935 -0.013539 967.686
16 206   -0.0016395 -0.0138134 969.082
16 207   0.00252436 0.013574 961.191
16 208   0.001749 0.0136717 966.734
16 209   0.00272617 0.0128953 966.537
16 210   -0.00272238 -0.0128534 966.628
16 211   -0.00226383 -0.0126645 941.3
16 212   0.00343715 0.0126958 939.627
16 213   0.00306828 0.0126807 962.145
16 214   0.00349609 0.0122613 934.392
16 215   0.00289541 0.0122839 963.517
16 216   -0.00227138 -0.0122614 876.624
16 217   0.00323355 0.0120968 962.733
16 218   -0.00251062 -0.0122226 846.158
16 219   0.00268704 0.0121962 907.921
16 220   0.00300174 0.0121344 959.227
16 347   -0.0445037 -0.0231774 960.503
16 349   -0.0511414 0.0240078 899.24
16 357   -0.00993902 -0.03043 962.794
16 358   -0.00853394 -0.0271806 968.37
16 359   -0.00561347 -0.0267752 965.446
16 362   -0.033109 0.0236698 952.869
16 363   -0.0114757 0.0234931 959.346
16 364   -0.0328841 -0.0230858 949.171
16 365   -0.00536627 0.0155714 904.053
16 366   0.000557997 0.0186993 963.412
16 367   -0.00373915 0.0161267 932.025
16 368   -0.00143919 0.0168087 966.692
16 369   -0.00252394 0.0175496 952.557
16 370   -0.00209414 0.0156554 958.351
16 371   -0.00321466 0.0151162 940.762
16 372   -0.00297163 0.0188038 940.268
16 373   -0.00169751 0.0198302 965.333
16 374   -0.00392711 -0.0163212 969.162
16 375   -0.00349422 -0.0155496 967.887
16 376   -0.00496238 -0.0157658 964.103
16 377   -0.00510074 -0.014131 934.449
16 378   -0.0048736 -0.0150297 956.166
16 379   -0.0041854 -0.0149587 961.464
16 380   -0.00373712 -0.0136868 958.064
16 381   -0.00463433 -0.0138035 934.999
16 382   -0.00419074 -0.0143164 954.803
16 383   -0.00445725 -0.0132145 923.277
16 384   -0.00390415 -0.0131333 946.176
16 385   -0.00373808 -0.0126799 948.65
16 386   -0.00348849 -0.0125033 962.212
16 387   -0.00292918 -0.0125496 960.211
16 388   -0.00270986 -0.0123219 899.79
16 389   -0.00321359 -0.0125052 969.18
16 391   -0.00334866 -0.0120882 969.282
16 392   -0.00318507 -0.0122465 965.799
16 393   -0.00304712 -0.0121372 931.48
16 403   -0.00483814 -0.0240725 959.279
16 409   -0.0495907 -0.00567458 965.458
16 411   -0.0481361 -0.00983787 967.188
16 412   -0.0510454 -0.0115981 969.152
16 413   -0.0453409 -0.01217 965.992
16 414   -0.0417955 -0.0115992 959.38
16 415   -0.0397048 -0.0133595 949.831
16 416   -0.0408642 -0.0155011 940.75
16 417   -0.043183 -0.0168822 954.92
16 419   -0.0511414 0.0177626 961.718
16 420   -0.042355 0.0131979 956.968
16 421   -0.0458035 0.0168961 968.989
16 422   -0.0433035 0.0168961 955.486
16 423   -0.0410207 0.0155342 941.981
16 427   -0.0114303 0.0211644 939.527
16 443   0.0072044 0.0121119 866.502
16 444   0.00631762 0.0111088 777.168
16 445   0.00690881 0.0112883 845.415
16 446   0.0059233 0.0116457 772.861
16 447   0.00533211 0.0114662 731.357
16 564   -0.00726352 0.0107489 785.747
16 565   -0.00714528 0.0103942 774.089
16 586   0.00554573 -0.0155616 964.077
16 587   0.00726352 -0.0111805 797.481
16 588   0.00690881 -0.010706 813.783
16 589   0.00714528 -0.0108462 793.968
16 590   0.00702705 -0.0103799 794.545
16 592   -0.0423579 -0.0187689 937.755
16 593   -0.0427985 -0.020782 948.481
16 594   -0.042368 0.0187465 937.938
16 595   -0.0429729 0.0207919 954.633
16 604   -0.0112514 -0.02293 953.765
16 605   -0.00921884 -0.0246806 956.176
16 606   -0.00419821 -0.0185561 958.321
16 607   -0.00423262 -0.0203793 921.54
16 634   -0.0033967 0.0139136 936.699
16 636   -0.00270193 0.0124188 955.963
16 642   0.00148207 0.0131353 969.224
16 643   0.00123313 0.0124983 969.358
16 644   0.00190036 0.0123319 948.683
16 645   0.00177836 0.0128307 969.571
16 646   0.00159286 0.0125802 968.415
16 647   0.00238419 0.0126621 968.257
16 648   0.00210999 0.0127147 968.215
16 649   0.00213022 0.0124309 950.459
16 650   0.00256262 0.0122845 928.05
16 651   0.00247324 0.0124352 956.671
16 652   0.00231201 0.0123292 932.591
16 654   0.00234465 0.0121876 888.281
16 655   0.00245815 0.0121692 875.905
16 675   -0.00246387 0.0128593 939.025
16 676   -0.00269582 0.0137148 944.431
16 677   -0.00200363 0.0127777 922.152
16 678   0.00193628 0.0159415 957.698
16 679   0.00100135 0.0171787 963.155
16 680   -0.000264095 0.0166851 969.347
16 681   -2.832e-05 0.0154639 969.368
16 682   0.0010295 0.0141885 967.556
16 683   0.0010013 0.0151104 966.501
16 684   0.000330362 0.0138642 969.372
16 685   -0.0016092 0.014963 962.12
16 686   -0.000718481 0.0148951 968.662
16 687   -0.00230898 0.0140902 949.224
16 688   -0.00150139 0.014132 959.235
16 689   -0.00194677 0.0145063 956.338
16 690   -0.00194259 0.0132118 938.494
16 691   -0.00201598 0.0136688 947.277
16 692   -0.00171121 0.013763 952.457
16 693   -0.00150827 0.0134498 949.39
16 694   -0.00165757 0.01318 939.087
16 695   -0.0012612 0.0130545 939.256
16 696   -0.00152339 0.0129896 930.225
16 697   -0.00177042 0.0125141 883.354
16 698   -0.0015752 0.0127579 909.13
16 699   -0.00172476 0.0123206 850.325
16 700   -0.00150515 0.0123562 825.021
16 701   -0.00707593 -0.0123352 882.655
16 702   -0.00678034 -0.0114413 838.781
16 703   -0.00618914 -0.0112266 761.208
16 704   -0.00562429 -0.013345 903.391
16 705   -0.00647242 -0.0133943 905.318
16 708   0.00403959 -0.0148371 956.781
16 709   -0.00289621 -0.0321327 889.066
16 710   -0.00261717 -0.0286806 920.394
16 711   0.000658161 -0.0271339 900.039
16 712   0.00400932 -0.027898 804.16
16 715   0.00582442 -0.0252691 868.808
16 716   0.00661286 -0.0213612 931.79
16 717   0.00493728 -0.0235489 908.798
16 718   0.00316301 -0.0226782 930.351
16 719   0.00395146 -0.0206976 949.4
16 720   0.00572573 -0.0202834 948.351
16 721   0.00661286 -0.0184244 964.035
16 722   0.00531002 -0.0173269 968.565
16 723   0.00165767 -0.0184938 968.009
16 724   0.00330003 -0.0195064 961.502
16 725   0.00377146 -0.0179948 967.56
16 726   0.00151577 -0.0171281 969.602
16 727   0.00274242 -0.0168362 969.538
16 728   0.00256982 -0.0158351 967.817
16 729   0.00297985 -0.0150525 961.351
16 730   0.00237836 -0.0137547 938.95
16 731   0.00240675 -0.0144428 953.693
16 732   0.00166711 -0.0144964 957.032
16 733   0.00182828 -0.0134926 927.121
16 734   0.00132205 -0.0138431 944.049
16 735   0.00219477 -0.012646 903.381
16 736   0.00184799 -0.0130204 901.947
16 737   0.00119272 -0.0127837 859.768
16 738   0.00165621 -0.0125577 842.247
16 739   0.00157295 -0.0128894 880.732
16 740   0.00140775 -0.0124306 799.131
16 741   0.00114422 -0.0124734 806.797
16 753   -0.0399757 0.0110316 956.667
16 754   -0.0399757 0.0064055 961.527
16 761   -0.0334184 0.0212233 926.139
16 764   -0.00098759 -0.0126851 969.446
16 767   -0.0015565 -0.0129946 966.779
16 768   -0.00184932 -0.0126017 954.419
16 771   -0.00280216 -0.0121769 858.131
16 772   -0.00291049 -0.0121594 888.611
16 774   -0.00641525 0.0167591 880.258
16 824   0.000239602 -0.033656 772.158
16 825   0.0038698 -0.033656 690.833
16 917   0.00442553 -0.0139274 938.247
16 965   -0.0386414 0.0165143 906.706
16 967   -0.0406559 0.0185584 889.036
16 968   -0.0392121 0.0176881 876.229
16 969   -0.0402364 0.0195626 847.001
16 970   -0.00639267 -0.0233999 911.264
16 971   -0.00785291 -0.0236026 922.472
16 972   -0.0413627 -0.0215991 905.697
16 978   -0.00469344 0.0190314 873.277
16 979   -0.00587288 0.0180553 856.197
16 980   -0.00695763 0.0187962 781.691
16 981   0.0072044 0.0108888 875.001
16 984   -0.00592653 0.0140518 889.478
16 985   -0.00647679 0.0125665 837.379
16 986   -0.00675192 0.0120321 816.273
16 987   -0.00654121 0.0109102 834.498
16 988   -0.00701416 0.0110791 807.248
16 989   -0.00626608 0.0116529 805.725
16 990   -0.00629185 0.0112404 807.956
16 992   -0.00571354 0.0111355 768.55
16 993   -0.00595002 0.0110116 801.604
16 995   -0.0072044 -0.0109415 871.332
16 997   -0.00507309 0.0132313 891.092
16 998   -0.00562335 0.0125793 850.349
16 999   -0.00497834 0.0119197 811.382
16 1000   -0.00542553 0.0120845 822.082
16 1001   -0.00558242 0.0114037 770.66
16 1002   -0.00579313 0.0116923 796.568
16 1004   -0.00500411 0.0115072 763.938
16 1005   -0.00524059 0.0113833 743.807
16 1008   0.0056673 -0.0112244 761.262
16 1009   0.00576323 -0.0119815 810.03
16 1010   0.00491995 -0.012513 864.303
16 1011   0.0053784 -0.012507 852.807
16 1012   0.00553791 -0.0114317 763.118
16 1013   0.0055156 -0.0117225 786.924
16 1015   0.00500584 -0.0114464 743.42
16 1016   0.00524232 -0.0113225 724.597
16 1017   -0.0369417 0.0229764 869.764
16 1018   -0.0353045 0.0218349 884.103
16 1020   0.00209313 -0.0123277 889.332
16 1021   0.0018296 -0.0123705 842.567
16 1023   -0.00544905 -0.0210294 841.548
16 1024   -0.00616907 -0.0220362 838.352
16 1029   -0.000426937 -0.0156855 969.191
16 1030   0.00066669 -0.0162268 969.189
16 1031   0.00115543 -0.0149607 964.2
16 1032   0.00148503 -0.0156896 967.746
16 1033   -0.000984975 -0.0141942 968.755
16 1034   -0.000525227 -0.0149045 968.703
16 1035   0.000238799 -0.0147169 966.139
16 1036   -0.000539068 -0.0137725 967.548
16 1037   6.25421e-05 -0.0140454 963.99
16 1038   0.000887952 -0.013595 942.25
16 1039   0.000380275 -0.0136767 957.1
16 1040   0.00089725 -0.0129904 898.755
16 1041   0.00054844 -0.0128877 911.316
16 1042   0.000221022 -0.0132583 954.364
16 1043   0.000490257 -0.0125794 875.905
16 1044   0.000226734 -0.0126221 923.579
16 1047   -0.033472 -0.0210286 924.047
16 1049   -0.0366452 -0.0225757 855.395
16 1050   -0.0351921 -0.0215429 880.957
16 1098   -0.00385667 0.0132645 932.743
16 1099   -0.00444832 0.0130913 912.651
16 1100   -0.00431492 0.0123985 911.695
16 1101   -0.0032126 0.0124952 963.189
16 1102   -0.00357513 0.012755 949.965
16 1103   -0.00383783 0.0123552 956.155
16 1105   -0.0033106 0.0121221 969.332
16 1106   -0.00364 0.0120686 967.729
16 1110   -0.00948785 0.0217465 896.205
16 1111   -0.024233 -0.0325 969.566
16 1112   -0.0296843 -0.0245572 965.36
16 1113   -0.0263272 -0.0225 967.327
16 1114   -0.0314684 -0.0335286 966.834
16 1115   -0.0280816 -0.0310286 969.53
16 1116   -0.0294694 -0.0280858 969.504
16 1117   -0.032349 -0.0291144 969.389
16 1118   -0.0333633 -0.0320572 965.003
16 1128   -0.0392975 0.0337121 919.697
16 1129   -0.041096 0.0311364 916.125
16 1147   -0.0386594 -0.0165239 906.234
16 1150   -0.0406188 -0.0185663 886.609
16 1151   -0.0380797 -0.0186786 794.38
16 1152   -0.0392391 -0.0177026 874.578
16 1176   -0.00463651 0.0118993 823.525
16 1177   -0.00440003 0.0120232 864.823
16 1183   -0.0208978 -0.0297267 969.636
16 1184   -0.0220832 -0.0247267 969.249
16 1185   -0.0136103 -0.02918 968.396
16 1186   -0.0161414 -0.0322267 968.348
16 1187   -0.0142378 -0.02418 967.061
16 1188   -0.0163822 -0.0222267 967.902
16 1189   -0.0195264 -0.0222267 968.902
16 1240   -0.0505849 -0.0250534 883.581
16 1323   -0.00218052 0.0215511 965.094
16 1332   -0.0390495 -0.0336797 923.449
16 1333   -0.0358324 -0.0322083 956.943
16 1338   -0.0492463 0.0260532 875.643
16 1339   -0.0462187 0.0324605 752.543
16 1340   -0.0438904 0.0298848 891.716
16 1357   -0.0195856 0.0219428 968.861
16 1358   -0.0169109 0.0219428 968.123
16 1365   0.00496325 0.0119196 759.086
16 1367   0.00461857 0.0117698 742.106
16 1368   -0.0499757 0.0059098 965.771
16 1376   0.00569949 0.0326665 679.513
16 1382   0.0056849 -0.032312 682.349
16 1383   0.0056849 -0.029624 711.96
16 1388   -0.0174416 0.0306071 969.273
16 1389   -0.0147682 0.0279358 969.55
16 1390   -0.0150518 0.0336644 966.54
16 1403   -0.0416696 0.021686 922.787
16 1404   -0.0407411 0.0227905 912.588
16 1405   -0.0406453 0.0206448 859.105
16 1419   -0.029885 0.0285537 969.601
16 1420   -0.0284603 0.0311072 969.426
16 1421   -0.0319113 0.0337233 965.912
16 1422   -0.0350778 0.0324354 958.722
16 1423   -0.0342353 0.0298819 967.006
16 1424   -0.035242 0.0261052 962.723
16 1425   -0.0362682 0.0285941 967.065
16 1426   -0.0389093 0.0285718 960.797
16 1455   -0.0511594 -0.0174423 963.09
16 1456   -0.0484782 -0.0188235 963.982
16 1457   -0.0497048 -0.0148105 969.379
16 1458   -0.0469096 -0.0146209 969.038
16 1459   -0.045683 -0.0168822 968.8
16 1465   -0.0109018 -0.0209767 931.449
16 1541   -0.00653681 0.0197711 661.955
16 1542   -0.0056005 0.0209379 791.114
16 1543   -0.00535738 0.0199139 811.301
16 1544   0.00738176 -0.0105903 760.262
16 1548   -0.0384796 0.0205892 596.965
16 1549   -0.0373998 0.0211824 677.797
16 1550   -0.0379151 0.0223239 809.927
16 1551   -0.0392525 0.0223015 829.062
16 1552   -0.0394591 0.0211785 776.014
16 1553   -0.00738176 0.0103744 692.877
16 1559   -0.0388111 -0.0195338 744.672
16 1560   -0.0404941 -0.0205839 848.826
16 1561   -0.0401908 -0.0195642 843.021
16 1562   0.0072044 -0.010353 739.575
16 1563   0.00732264 -0.0104231 731.73
16 1564   0.00744088 -0.0102291 495.692
16 1566   0.00738176 -0.010128 421.135
16 1567   0.00726352 -0.0101899 630.531
16 1570   -0.00744088 0.0101351 307.532
16 1571   -0.00732264 0.0101971 544.005
16 1583   0.00705661 0.0104769 878.265
16 1587   -0.00705661 -0.0104945 867.401
16 1596   -0.0389625 -0.0220808 804.054
16 1597   -0.0376658 -0.0220635 794.036
16 1598   -0.0372795 -0.0210307 674.025
16 1599   -0.0393075 -0.0210698 759.255
16 1600   -0.0384245 -0.0205382 579.577
16 1602   0.0073522 0.0104444 908.662
16 1603   0.0073522 0.0101998 931.646
16 1606   -0.000937942 0.0126827 920.749
16 1607   -0.00118192 0.0128552 926.51
16 1608   -0.00134199 0.0124943 857.517
16 1609   -0.00136637 0.0127025 900.472
16 1610   -0.00115446 0.0124243 846.039
16 1611   -0.000934855 0.0124599 882.899
16 1617   -0.00707058 -0.0172821 965.628
16 1618   -0.00539743 -0.0179813 956.553
16 1619   -0.00646707 -0.0161589 965.296
16 1620   -0.00560824 -0.016363 967.301
16 1621   -0.00709284 -0.0189942 841.491
16 1622   -0.0058491 -0.0186514 922.761
16 1623   -0.00666342 -0.0181563 931.043
16 1624   -0.00586631 -0.0198763 818.035
16 1625   -0.00668063 -0.0200079 670.328
16 1668   -0.0073522 -0.0104707 903.972
16 1669   -0.0073522 -0.0102085 922.263
16 1675   -0.00835942 -0.0223403 876.25
16 1676   -0.00873989 -0.0204883 817.893
16 1677   -0.0093757 -0.021465 887.444
16 1678   -0.0073114 -0.0217506 790.392
16 1679   -0.0074057 -0.0208753 647.277
16 1735   -0.0491428 0.0312089 712.981
16 1736   -0.0506049 0.0287056 754.843
16 1744   -0.051769 0.0337484 671.641
16 1745   -0.0503069 0.0337484 675.421
16 1763   0.00366681 -0.0134013 935.832
16 1764   0.00284417 -0.0133775 935.165
16 1765   0.00264088 -0.012741 930.788
16 1766   0.00400218 -0.0129463 927.367
16 1767   0.00448092 -0.0127371 904.231
16 1768   0.0033778 -0.0121192 967.919
16 1769   0.00355694 -0.0126939 941.653
16 1770   0.00301828 -0.0125123 950.411
16 1771   0.00298252 -0.0121834 963.718
16 1772   0.00372462 -0.0124665 943.941
16 1773   0.00358125 -0.0122207 961.516
16 1774   0.00431089 -0.0124416 898.318
16 1775   0.00399983 -0.0124233 926.939
16 1776   0.0048982 -0.0120833 822.198
16 1777   0.00455129 -0.011692 782.275
16 1778   0.00510902 -0.0118184 791.144
16 1779   0.00489485 -0.0116515 772.955
16 1780   0.00417793 -0.0118423 817.774
16 1781   0.00442166 -0.0118616 809.324
16 1782   0.00440612 -0.0122202 869.182
16 1783   0.0045544 -0.0120861 837.987
16 1784   0.00403595 -0.0122329 918.755
16 1785   0.00420287 -0.0121343 882.307
16 1786   0.00410742 -0.0119809 863.128
16 1787   0.00373097 -0.0120963 961.649
16 1788   0.00391046 -0.0121516 936.596
16 1789   0.00397053 -0.0120074 916.583
16 1792   0.00385693 -0.0119414 962.642
16 1793   0.00372517 -0.0119627 968.461
16 1854   -0.0010273 0.0140888 964.511
16 1855   -0.00058196 0.0143952 968.672
16 1856   -0.000194039 0.0140393 969.511
16 1857   -0.000902596 0.0137364 963.834
16 1858   -0.000457236 0.0137024 968.511
16 1859   -0.00106086 0.0132614 953.297
16 1860   -0.00117374 0.0134664 955.749
16 1861   -0.000429511 0.013439 968.372
16 1862   -0.000761983 0.013268 961.508
16 1863   0.000994568 0.0131322 968.489
16 1864   0.000562358 0.0133443 968.581
16 1865   0.000931126 0.0127457 968.248
16 1866   0.000632426 0.0125958 964.579
16 1867   0.000432191 0.0126283 959.967
16 1868   -0.000166285 0.0132653 969.548
16 1869   0.000231926 0.0131713 968.57
16 1870   0.000298691 0.0128201 963.771
16 1871   6.67351e-05 0.0126593 951.522
16 1872   -0.000109816 0.0127374 967.773
16 1873   -0.000276072 0.0129923 969.374
16 1874   -0.000608553 0.0129914 962.327
16 1875   -0.0006619 0.012701 948.615
16 1878   -0.00043921 0.0125138 957.728
16 1879   -0.000219608 0.0125494 968.829
16 1882   -0.00834869 0.0205822 771.288
16 1883   -0.00946514 0.0205822 863.88
16 1884   -0.000699435 -0.012901 969.438
16 1885   -0.000549928 -0.0132635 968.388
16 1886   -4.36757e-05 -0.0127901 965.087
16 1887   -0.00010757 -0.0131179 964.682
16 1889   -0.00045875 -0.0125947 967.758
16 1890   -0.000245349 -0.0126293 965.667
16 1899   -0.00536659 -0.0113877 722.682
16 1900   -0.00582931 -0.011685 769.727
16 1901   -0.00557237 -0.0123748 842.212
16 1902   -0.00512898 -0.0123449 840.959
16 1903   -0.00509032 -0.01181 762.183
16 1904   -0.00402989 -0.0121895 909.29
16 1905   -0.00408759 -0.0125289 918.266
16 1906   -0.00473268 -0.012499 882.467
16 1907   -0.00447545 -0.0127258 906.74
16 1910   -0.0042313 -0.0119289 829.662
16 1911   -0.00471116 -0.0117388 754.928
16 1912   -0.00454622 -0.0120415 824.316
16 1918   -0.048387 -0.0311972 723.427
16 1919   -0.0498523 -0.0287397 763.847
16 1920   -0.0503021 -0.0337713 675.305
16 1923   -0.0517674 -0.030085 705.497
16 1924   -0.0517674 -0.0325425 678.119
16 1937   -0.00922199 0.0256373 964.968
16 1938   -0.00615716 0.0277685 960.778
16 1939   -0.00852251 0.0281373 965.636
16 1958   -0.00376397 0.0243893 968.915
16 1959   -0.00552434 0.0254108 968.645
16 1960   -0.00526995 0.0221031 872.444
16 1961   -0.00378802 0.0225722 947.424
16 1973   -0.00378997 -0.0121466 933.044
16 1974   -0.00348678 -0.012153 964.169
16 1975   -0.00359809 -0.0123094 955.946
16 1977   -0.0035962 -0.0120036 955.686
16 1978   -0.00376112 -0.0119769 934.407
16 2011   -0.0354592 0.0206116 847.858
16 2012   -0.0365812 0.0206116 766.65
16 2027   0.00710569 0.0146834 899.05
16 2029   0.00634258 0.0199912 908.733
16 2030   0.00556005 0.018942 914.264
16 2031   0.00399499 0.018398 927.038
16 2032   0.00651727 0.0158099 907.555
16 2033   0.00691158 0.0171061 910.946
16 2034   0.00612905 0.0176113 913.363
16 2035   0.00375001 0.0161821 932.246
16 2036   0.00407567 0.0171874 928.663
16 2037   0.00505231 0.0169473 917.996
16 2038   0.00566896 0.0155564 909.206
16 2039   0.00446676 0.0156954 920.431
16 2040   0.00498653 0.0161886 916.656
16 2041   0.00556581 0.0142692 898.134
16 2042   0.00479225 0.0150727 912.926
16 2043   0.00550613 0.0150538 907.05
16 2044   0.00404919 0.0140335 918.719
16 2045   0.00501172 0.0140191 900.547
16 2046   0.00469215 0.0145571 910.46
16 2047   0.00467366 0.0135054 897.518
16 2048   0.00378627 0.0130018 918.708
16 2049   0.00406807 0.0135103 913.973
16 2050   0.00681009 0.0126489 864.115
16 2051   0.00671138 0.0135977 884.652
16 2052   0.00592275 0.013693 883.678
16 2053   0.00597239 0.012195 810.537
16 2054   0.00626798 0.0125294 841.533
16 2055   0.00577495 0.0129591 854.977
16 2056   0.00511077 0.0123378 802.18
16 2057   0.00552872 0.0124337 812.292
16 2058   0.00543 0.0128158 844.289
16 2059   0.00474773 0.013081 882.627
16 2060   0.00509777 0.0128752 854.205
16 2061   0.00492633 0.0125645 829.549
16 2062   0.0041558 0.0128489 899.882
16 2063   0.00464092 0.0126075 853.23
16 2064   0.00451167 0.012933 885.755
16 2065   0.00414997 0.012559 889.637
16 2066   0.00442012 0.0124877 858.348
16 2067   0.00441022 0.0121039 794.925
16 2068   0.0041879 0.0119603 777.454
16 2069   0.00372822 0.0122057 908.582
16 2070   0.00396836 0.0123601 894.161
16 2071   0.00401618 0.0121452 867.335
16 2074   0.0036996 0.0120032 904.692
16 2075   0.00385249 0.0119784 874.264
16 2076   -0.00764084 0.020909 642.578
16 2077   -0.00734159 0.0215625 769.953
16 2078   -0.00692956 0.0204683 471.256
16 2079   -0.00663031 0.0211219 699.083
16 2089   -0.0346311 -0.0252942 956.448
16 2090   -0.0343108 -0.0277942 969.356
16 2091   -0.0383807 -0.0256006 957.806
16 2092   -0.0366721 -0.0242697 923.229
16 2093   -0.036086 -0.0294167 965.824
16 2094   -0.0381148 -0.0282475 965.946
16 2199   -0.0442401 0.0266449 930.569
16 2200   -0.0466718 0.0253166 917.996
16 2201   -0.0412395 0.0239432 957.297
16 2202   -0.0426133 0.0259264 959.591
16 2203   -0.0431498 0.0245619 965.649
16 2204   -0.0394614 0.0266426 968.892
16 2205   -0.0410502 0.0259492 968.326
16 2206   -0.0403558 0.0246664 957.877
16 2207   -0.0375018 0.0241532 917.592
16 2208   -0.0368757 0.0254471 954.513
16 2209   -0.03908 0.0247128 944.471
16 2210   -0.0384539 0.0260067 966.033
16 2217   -0.000606921 0.0335599 790.582
16 2218   -0.00368785 0.0322243 897.258
16 2219   -0.00388335 0.0291841 925.417
16 2220   0.0029941 0.0312264 718.085
16 2221   0.00298488 0.0283462 792.637
16 2257   -0.035486 -0.0205143 845.64
16 2258   -0.0365529 -0.0205143 766.096
16 2261   -0.000208343 -0.0207455 966.69
16 2262   0.00148743 -0.0229386 941.635
16 2263   -8.94546e-05 -0.0243301 943.178
16 2264   -0.00258945 -0.023174 967.02
16 2265   -0.00260965 -0.021363 964.155
16 2287   -0.0380707 0.0182571 827.488
16 2290   -0.039078 0.0192792 789.659
16 2291   -0.0385073 0.0197721 696.81
16 2292   -0.0383561 0.018844 793.421
16 2293   -0.0377854 0.0193369 728.936
16 2295   -0.00697551 0.0131562 852.825
16 2296   -0.00697551 0.0139895 872.763
16 2349   -0.0411652 -0.0323594 904.405
16 2350   -0.039977 -0.0297189 942.25
16 2351   -0.0445796 -0.0336797 788.261
16 2352   -0.045595 -0.0311056 812.7
16 2353   -0.044168 -0.0258555 942.96
16 2354   -0.0440433 -0.0284983 909.92
16 2355   -0.0418396 -0.0284318 937.199
16 2356   -0.0400081 -0.0250904 958.824
16 2357   -0.0423237 -0.0251278 966.301
16 2358   -0.0416049 -0.0264503 962.364
16 2359   -0.0412236 -0.0232668 940.425
16 2360   -0.0400099 -0.0232626 902.817
16 2387   -0.00859073 -0.0334767 946.042
16 2388   -0.00600445 -0.0334767 922.017
16 2420   -0.0470656 0.0187646 967.565
16 2421   -0.0497828 0.0194844 955.267
16 2422   -0.0497828 0.0215661 937.319
16 2423   -0.0444912 0.0211505 969.258
16 2424   -0.0463863 0.0201459 966.498
16 2425   -0.0477449 0.0215467 950.825
16 2426   -0.0446339 0.0232154 963.229
16 2427   -0.0465291 0.0232517 945.683
16 2461   0.00569026 0.0262861 796.025
16 2465   0.00221787 0.021499 930.106
16 2466   0.00420668 0.0247306 876.142
16 2467   0.000156468 0.0225194 949.67
16 2468   0.004859 0.0215465 906.487
16 2469   0.00601642 0.0229438 886.468
16 2544   -0.00231847 0.0251224 955.928
16 2545   0.000181748 0.0277195 893.13
16 2546   -0.00180503 0.0275596 919.998
16 2547   -5.53171e-06 0.0242736 933.963
16 2548   0.00140355 0.0252707 905.378
16 2562   -0.00636417 0.0231958 889.366
16 2563   -0.00797491 0.0245442 948.293
16 2564   -0.00664261 0.0246865 952.547
16 2565   -0.007406 0.0224713 842.583
16 2566   -0.00828618 0.0229821 894.622
16 2567   -0.00725064 0.0119968 813.04
16 2568   -0.00725064 0.0115802 803.69
16 2633   -0.0123504 0.0296574 967.412
16 2634   -0.0097333 0.0296574 962.618
16 2635   -0.0124066 0.0323287 963.121
16 2642   -0.00589204 0.0336644 915.624
16 2645   -0.00981766 0.0336644 950.79
16 2646   -0.008481 0.0323287 945.307
16 2694   -0.0260936 0.0323839 969.502
16 2695   -0.0227849 0.0323839 969.545
16 2699   -0.0498793 0.0148533 969.299
16 2700   -0.0512379 0.011694 969.235
16 2701   -0.0487136 0.0100387 967.735
16 2702   -0.0472585 0.0147065 969.353
16 2703   -0.0460928 0.0123702 967.313
16 2766   0.00684858 -0.0151448 955.717
16 2770   0.00652286 -0.0143657 936.419
16 2771   0.00717429 -0.013905 914.38
16 2772   0.00560596 -0.0138728 925.156
16 2773   0.00578443 -0.0131316 887.525
16 2774   0.00726352 -0.0125013 841.739
16 2775   0.00646486 -0.0129795 871.228
16 2776   0.00693781 -0.01326 883.76
16 2777   0.00655409 -0.0123447 835.678
16 2778   0.00702705 -0.0115686 808.228
16 2779   0.00702705 -0.0120969 824.52
16 2780   0.0062585 -0.0119713 815.889
16 2781   0.00664277 -0.0115058 808.354
16 2782   0.00634718 -0.0116606 805.786
16 2783   0.00599246 -0.0113182 789.942
16 2784   0.00605158 -0.0110231 807.139
16 2785   0.00667233 -0.0108299 827.017
16 2786   0.00652453 -0.0111715 810.712
16 2787   0.00628806 -0.0110312 816.99
16 2789   0.00631762 -0.0107516 847.962
16 2790   0.00655409 -0.0106277 859.218
52 221   -0.00470565 0.00132116 943.115
52 222   -0.00254097 0.00236908 954.595
52 223   -0.00468066 -0.000953942 938.751
52 224   -0.000579061 0.00112157 954.825
52 225   -0.000706714 -0.00103008 954.25
52 226   -0.00264363 -0.00205768 950.618
52 227   0.00325739 0.000912532 946.729
52 228   -3.41524e-05 0.00542282 966.361
52 229   0.00517249 0.00173302 932.942
52 230   -0.00639779 0.00240487 936.318
52 231   -0.000872651 -0.00512841 964.922
52 232   0.00656679 0.000331299 923.327
52 233   -0.002615 -0.00398657 955.727
52 234   0.00825966 0.000757402 904.72
52 235   0.000703477 -0.00845973 966.316
52 236   0.00651118 -0.00506956 942.464
52 237   -0.00570249 0.00531875 952.953
52 238   0.00912763 -0.00093157 918.327
52 239   -0.0041406 -0.004815 948.924
52 240   0.000340616 0.0070229 969.546
52 241   -0.00120933 -0.00666152 969.2
52 242   -0.000577834 -0.00790138 966.621
52 243   -0.00391029 -0.00627568 959.208
52 244   -0.00643733 0.00403694 939.748
52 245   -0.00272137 -0.00698036 968.84
52 246   0.00759839 -0.00397474 924.89
52 247   0.000515036 -0.00985892 956.5
52 248   0.000560156 0.00912162 954.153
52 249   -0.00778527 0.00442057 922.421
52 250   -0.00891226 0.00333234 927.34
52 251   -0.00794427 0.00540055 918.321
52 252   0.000643272 0.0100024 944.392
52 253   0.00861657 -0.0044339 906.535
52 254   -0.00857818 0.00406051 912.4
52 255   0.00852608 -0.00583444 906.344
52 256   -0.00878235 0.00558579 899.198
52 257   0.00885042 -0.00518774 896.168
52 258   -0.0026872 -0.0101405 847.47
52 259   0.00916512 -0.00632638 890.81
52 260   0.00145207 0.0102479 914.497
52 261   0.00200182 0.00990517 894.399
52 262   -0.00974515 0.00349534 907.646
52 263   0.0032682 0.00975074 835.073
52 264   0.00917763 -0.00685648 901.801
52 265   -0.00926385 0.00455795 887.717
52 266   -0.00990024 0.00600698 806.381
52 267   -0.00930902 0.00510325 873.98
52 268   -0.0031515 -0.00988616 839.45
52 269   0.00142175 0.01126 930.758
52 270   0.00163396 0.0108289 898.846
52 271   0.00993053 -0.00449857 820.93
52 272   0.00979351 -0.00608985 827.852
52 273   -0.00179467 -0.0109656 878.716
52 274   -0.00130455 -0.0115078 953.808
52 275   0.0095086 -0.00525314 847.505
52 276   -0.0027659 -0.0107402 804.228
52 277   0.00981265 -0.00566332 801.062
52 278   0.00242865 0.010234 858.388
52 279   0.00287774 0.0101731 839.924
52 280   -0.00988881 0.00407618 872.047
52 281   -0.00164331 -0.0113549 903.79
52 282   -0.00974159 0.00441063 856.5
52 283   0.0021317 0.0109231 842.467
52 284   0.00980418 -0.00495772 804.235
52 285   -0.00252996 -0.011009 788.209
52 286   0.0103549 -0.00448758 766.398
52 287   0.00237666 0.010671 836.15
52 288   -0.00222115 -0.0110896 815.78
52 289   -0.00979598 0.00525897 802.735
52 290   -0.0100111 0.00555168 764.181
52 291   0.00175117 0.0115902 908.583
52 292   0.0101675 -0.00553598 738.25
52 293   -0.0102827 0.00426016 817.434
52 294   -0.0100621 0.00468357 787.967
52 295   0.0101332 -0.00516355 738.854
52 296   -0.00195939 -0.0116081 858.016
52 297   -0.01032 0.00457611 767.964
52 298   0.0103559 -0.00507287 710.92
52 299   0.00206737 0.011518 830.685
52 300   -0.010324 0.00544163 714.039
52 301   0.00226806 0.0112121 804.717
52 302   -0.0100446 0.00507397 760.92
52 303   0.0104512 -0.00485605 714.879
52 304   -0.010123 0.0049036 757.987
52 305   0.0103798 -0.00563193 716.114
52 306   0.0105373 -0.00523504 691.903
52 307   -0.0105179 0.00546082 697.386
52 308   -0.0022738 -0.0114113 775.725
52 309   0.00220167 0.0113873 799.358
52 310   0.0105271 -0.00542167 695.987
52 311   -0.00274198 -0.0112719 719.081
52 312   -0.0021634 -0.0115405 796.238
52 313   -0.0102668 0.00521776 719.555
52 314   -0.0103719 0.00496886 717.399
52 315   0.00249013 0.0112398 765.727
52 316   -0.0104095 0.00513117 705.646
52 317   0.00220411 0.0116728 794.646
52 318   0.0106446 -0.00488691 700.494
52 319   -0.0024325 -0.0115026 699.217
52 320   0.0106688 -0.00515991 682.493
52 321   -0.0105423 0.00517417 693.139
52 322   -0.0105936 0.00527996 687.876
52 323   -0.00229181 -0.011669 751.976
52 324   0.0106807 -0.00502861 688.411
52 325   -0.0023978 -0.0116278 661.047
52 326   -0.0106267 0.0051014 689.435
52 327   -0.0107047 0.00525967 679.076
52 328   0.0107717 -0.00504419 683.584
52 329   0.0107508 -0.0052147 675.089
52 330   -0.010707 0.00513176 682.05
52 331   -0.0107338 0.00518424 677.321
52 332   -0.00244947 -0.011682 546.618
52 333   -0.0107872 0.00518042 673.03
52 334   -0.0108482 0.00512443 832.358
52 335   0.00264069 0.0117034 2.6731
52 340   0.00193018 -0.00754539 969.436
52 341   0.00292578 -0.00805364 969.24
52 407   -0.00670713 -0.00624764 916.813
52 452   0.00304883 0.0104795 816.501
52 454   0.00266154 0.0107576 809.765
52 455   0.00288462 0.0106271 810.941
52 456   0.00299063 0.010788 792.409
52 457   0.00285435 0.0110931 758.951
52 458   0.0026838 0.0109267 790.552
52 459   0.00285128 0.0109102 783.976
52 460   0.00258533 0.0111815 764.384
52 461   0.00263048 0.0110708 777.277
52 462   0.00270287 0.0112674 730.963
52 463   0.00274803 0.0111567 754.435
52 464   0.00274239 0.0113407 694.402
52 465   0.00270866 0.0114099 650.697
52 479   0.00264754 0.0116488 145.115
52 482   -0.00265024 -0.0116127 311.868
52 508   0.0107775 -0.00514861 674.472
52 509   0.0107865 -0.0051094 677.448
52 513   -0.0105101 0.00467952 737.741
52 514   -0.0106518 0.00482617 711.128
52 515   -0.010482 0.00490876 712.028
52 516   -0.0105202 0.00479573 721.288
52 517   -0.0106519 0.00491383 702.566
52 518   -0.0106232 0.00502944 694.299
52 519   -0.0105846 0.00496716 701.006
52 520   -0.0107355 0.00494585 697.739
52 521   -0.0106926 0.00494526 698.566
52 522   -0.010683 0.00500436 693.464
52 523   -0.0107729 0.00501849 690.438
52 524   -0.010714 0.00502022 691.005
52 525   -0.0107376 0.00498966 693.467
52 526   -0.0107415 0.00508993 683.495
52 527   -0.0107681 0.00504804 687.379
52 528   -0.0107306 0.00505006 687.73
52 529   -0.0107864 0.0050746 684.585
52 530   -0.0107716 0.00510122 681.414
52 531   -0.0107958 0.00515001 674.581
52 532   -0.0107882 0.00512429 678.237
52 542   -0.0026217 -0.0116389 246.768
52 543   -0.00264136 -0.0116609 98.5196
52 544   0.00671841 -0.00648439 951.012
52 545   0.00774088 -0.00645695 930.869
52 546   0.0044888 -0.00393044 952.794
52 547   0.00526143 -0.00505255 954.344
52 548   0.00362465 -0.00714615 969.126
52 549   0.00454851 -0.00617028 964.413
52 550   0.00377992 -0.00613913 965.915
52 551   0.00449899 -0.00811614 968.828
52 552   0.00412244 -0.00740027 969.338
52 553   0.00466403 -0.00695431 967.727
52 554   0.00585109 -0.00737857 966.994
52 555   0.00503669 -0.00802033 969.186
52 556   0.00504445 -0.00732003 968.615
52 557   0.00611514 -0.00786948 968.91
52 558   0.00557154 -0.00828826 968.04
52 560   0.00528954 0.00358868 932.324
52 561   0.00543727 0.00794228 946.778
52 563   0.00493458 0.00826802 962.046
52 566   -0.00270327 0.00408044 959.669
52 567   -0.00172967 0.00511583 964.987
52 568   -0.00441585 0.00538034 960.797
52 569   -0.00273156 0.0077039 969.486
52 570   -0.00408315 0.00648396 966.905
52 571   -0.00280135 0.00634749 967.791
52 572   -0.00444576 0.00748924 969.309
52 573   -0.00358097 0.00819149 969.067
52 574   -0.00380112 0.00907907 964.437
52 575   -0.00454325 0.00905078 957.384
52 576   -0.00582456 0.00784547 969.316
52 577   -0.00490268 0.00856841 965.134
52 578   -0.00502534 0.00789446 969.529
52 579   -0.00545716 0.00870534 960.564
52 580   -0.00594664 0.00833351 968.731
52 581   -0.00703313 0.00866408 968.257
52 582   -0.00642156 0.00854786 966.722
52 583   -0.00699003 0.00926061 910.51
52 584   -0.00726331 0.00906434 952.107
52 597   0.000132936 0.0104283 955.109
52 598   -0.000665557 0.0104087 955.019
52 599   0.00131447 -0.0102837 955.564
52 600   0.00101297 -0.0109008 945.578
52 601   0.0015531 -0.0111332 922.956
52 602   0.00199992 -0.0116225 877.707
52 608   -0.00487122 0.00963317 928.67
52 610   -0.00565215 0.0102316 812.182
52 611   0.00325267 -0.0090281 966.209
52 612   0.00432809 -0.00883647 962.884
52 613   0.00472999 -0.00947 942.159
52 614   0.00216649 -0.0101603 959.957
52 615   0.00292065 -0.00979564 963.945
52 616   0.00339611 -0.0102308 965.626
52 617   0.00434599 -0.00996168 942.819
52 618   0.00387797 -0.0102093 962.362
52 619   0.00397786 -0.0107066 968.857
52 620   0.00437992 -0.0106486 954.429
52 621   0.00458203 -0.0102875 926.421
52 623   0.00459099 -0.0108501 946.536
52 624   0.00491323 -0.0107556 856.039
52 625   0.000970258 0.0112723 961.31
52 626   0.000477166 0.0109444 960.555
52 628   0.000890611 0.0116244 969.48
52 629   -0.00343511 0.00977012 963.491
52 630   -0.00457895 0.0100127 929.819
52 631   -0.00388497 0.0101213 960.412
52 633   -0.00444736 0.0107877 958.214
52 640   0.000559262 -0.0111163 951.766
52 706   0.000125141 -0.0116698 968.693
52 707   0.000390093 -0.0116837 966.787
52 777   -0.00567307 0.00911078 939.004
52 778   -0.00620932 0.00898815 943.974
52 779   -0.0065476 0.00930063 907.467
52 780   -0.00575629 0.00987907 856.871
52 781   -0.00544656 0.00955624 908.291
52 783   -0.00618445 0.00984423 844.01
52 784   -0.00645773 0.00964796 860.668
52 791   -0.00188706 0.00812696 969.079
52 792   -0.000257289 0.00870749 964.501
52 793   -0.000664499 0.00772489 969.173
52 794   -0.00118117 0.00998804 958.294
52 795   -0.00189196 0.00903762 966.437
52 796   -0.00106774 0.0091815 964.022
52 797   -0.001785 0.0102437 957.216
52 798   -0.00264692 0.0111668 961.06
52 799   -0.00290345 0.0107324 967.529
52 800   -0.00277068 0.0100525 964.364
52 801   -0.00229218 0.00978456 963.288
52 802   -0.00184845 0.0107885 947.556
52 803   -0.00216549 0.0111037 940.487
52 805   -0.0020343 0.0115258 898.304
52 806   0.00354444 -0.0110969 966.698
52 807   0.00386669 -0.0110025 967.084
52 818   -0.00338488 0.0107955 969.37
52 819   -0.00409126 0.0107123 968.104
52 820   -0.00370196 0.0104669 967.233
52 821   -0.00361272 0.0110882 966.049
52 822   -0.00393562 0.0109936 967.299
52 839   0.0108044 -0.00516618 671.46
52 854   -0.0108165 0.00515411 672.565
52 858   -0.00249709 -0.0116617 463.43
52 859   -0.00253633 -0.0116268 446.277
52 860   -0.00259111 -0.0116437 290.912
52 861   -0.00256614 -0.0116437 353.213
52 862   -0.00259405 -0.0116682 183.589
52 863   -0.00258642 -0.0116851 129.042
52 864   -0.00262779 -0.0116728 72.1169
52 865   -0.00261107 -0.0116754 99.374
52 866   -0.00263809 -0.0116841 19.7604
52 868   -0.00259846 -0.0117016 43.9749
52 872   0.00236152 0.0114859 746.425
52 873   0.00234882 0.01161 725.841
52 874   0.00240976 0.0116621 652.611
52 875   0.00250988 0.0116845 396.611
52 876   0.00246335 0.0116319 575.784
52 877   0.00248795 0.0115759 610.798
52 878   0.00248268 0.0113782 737.696
52 879   0.00247366 0.0115149 670.221
52 880   0.00242047 0.011449 731.005
52 881   0.00263685 0.0114263 657.041
52 882   0.00252615 0.0114785 665.783
52 883   0.00254559 0.0114097 704.854
52 884   0.00258275 0.0115008 608.426
52 885   0.00268801 0.0115321 494.715
52 886   0.00264742 0.0114846 591.879
52 887   0.00263759 0.0116207 301.106
52 888   0.00260002 0.0115477 527.304
52 889   0.00266394 0.0115984 353.774
52 890   0.00265033 0.0115609 456.943
52 891   0.00253806 0.0115942 511.729
52 892   0.00257735 0.0115786 491.385
52 893   0.0026013 0.0116141 371.753
52 894   0.00257987 0.011639 336.943
52 895   0.00254361 0.0116315 434.178
52 896   0.00254002 0.0116658 354.073
52 897   0.00257612 0.0116998 110.901
52 898   0.00256396 0.0116834 227.243
52 899   0.00258416 0.0116644 231.045
52 900   0.00259944 0.0116716 141.912
52 901   0.0025932 0.0116899 88.9559
52 902   0.00263098 0.0117039 3.61036
52 903   0.00262014 0.0116955 12.09
52 904   0.00260627 0.0116978 30.8707
52 907   0.0108116 -0.00514195 672.681
52 908   0.0108271 -0.0051087 677.472
52 909   0.0108126 -0.00511408 676.361
52 910   0.0108456 -0.00513036 680.89
52 911   0.0108359 -0.00512925 675.868
52 912   0.010833 -0.00512076 676.516
52 913   -0.0108104 0.00508437 684.091
52 918   0.00921438 -0.00327255 927.088
52 919   0.00968148 -0.00411867 878.904
52 920   0.00912072 -0.00396164 903.712
52 922   0.0098789 -0.0036423 897.264
52 923   0.00967139 -0.00321685 922.016
52 973   0.00665049 -0.00814421 969.046
52 974   0.00703915 -0.00918314 921.056
52 975   0.00731196 -0.00898735 959.069
52 1022   0.00175823 -0.0116933 837.315
52 1025   -0.00179212 0.0115967 861.884
52 1051   -0.00137443 -0.00882985 947.766
52 1052   -0.0020514 -0.00879584 934.494
52 1053   -0.00217976 -0.0097428 890.379
52 1054   -0.00126624 -0.00963369 930.127
52 1055   -0.00160879 -0.0105735 899.464
52 1056   -0.00176378 -0.010031 900.409
52 1057   -0.00110691 -0.0105301 930.816
52 1058   -0.000923411 -0.0100047 935.952
52 1059   -0.00039275 -0.0102041 950.102
52 1060   -0.000312158 -0.0107877 958.547
52 1061   -0.000765324 -0.0108594 952.29
52 1062   2.92366e-05 -0.011074 964.203
52 1063   -8.35883e-05 -0.0114333 969.212
52 1064   -0.000783421 -0.0111968 962.724
52 1065   -0.00097212 -0.0114124 964.46
52 1066   -0.00044308 -0.0114843 969.141
52 1068   -0.000499303 -0.0117069 966.549
52 1069   -0.000764255 -0.0116931 968.895
52 1088   0.00590292 -0.0100057 830.114
52 1089   0.00524896 -0.00948468 920.383
52 1090   0.00626668 -0.00974467 853.011
52 1091   0.0056527 -0.0088961 950.433
52 1092   0.00619192 -0.00882067 953.757
52 1093   0.00645395 -0.00928439 909.224
52 1094   0.00557004 -0.0100682 838.03
52 1095   0.00526804 -0.00993197 880.543
52 1097   0.00556414 -0.0103911 788.915
52 1195   -0.00610072 -0.00689295 918.073
52 1196   -0.00509386 -0.00784633 953.851
52 1197   -0.00509105 -0.00697236 946.533
52 1283   0.000840129 0.00216021 955.935
52 1284   0.00216796 0.00210625 952.489
52 1285   0.00106054 0.00423241 961.608
52 1286   0.00386979 0.00433704 948.81
52 1287   0.00211342 0.0046818 960.704
52 1288   0.00266331 0.0036751 954.355
52 1289   0.00277368 0.00550263 961.898
52 1290   0.00386613 0.00518485 952.567
52 1291   0.0029231 0.00628747 965.489
52 1292   0.00443788 0.00820533 968.257
52 1293   0.003315 0.00780244 968.248
52 1294   0.00398126 0.00762707 968.036
52 1295   0.00170059 0.00717315 969.354
52 1296   0.00283062 0.00752918 969.023
52 1297   0.00252812 0.0068073 968.935
52 1298   0.00131133 0.00861294 954.372
52 1299   0.00165025 0.00785776 966.411
52 1300   0.00235592 0.0079323 964.006
52 1301   0.0020842 0.00940139 909.536
52 1302   0.00180418 0.0089006 938.594
52 1303   0.00229435 0.00850636 946.32
52 1304   0.00307792 0.00932653 857.933
52 1305   0.00253796 0.00923891 898.761
52 1306   0.00261078 0.00877539 926.122
52 1307   0.00335671 0.0083932 950.899
52 1308   0.0033143 0.00901339 856.238
52 1309   0.00298717 0.00871264 920.953
52 1310   0.00410175 0.00848723 967.592
52 1311   0.00368684 0.00849973 948.958
52 1312   0.00368084 0.00888816 876.254
52 1314   0.00397008 0.0089571 916.631
52 1315   0.00422142 0.00879423 963.257
52 1350   0.00813012 0.00477836 894.634
52 1351   0.00658204 0.00391388 916.242
52 1352   0.00732625 0.00515755 909.462
52 1353   0.00642862 0.00495106 919.028
52 1354   0.00729641 0.00596898 913.209
52 1362   0.00882218 0.0019953 897.346
52 1363   0.0079963 0.00306113 902.693
52 1364   0.00864675 0.00371912 886.436
52 1374   -0.00257837 -0.00848252 942.089
52 1375   -0.00295533 -0.00788989 966.753
52 1474   0.00768122 -0.00742327 946.489
52 1475   0.0081299 -0.00839318 940.99
52 1476   0.00719022 -0.00807558 965.414
52 1477   0.00745326 -0.0085529 967.931
52 1478   0.00785709 -0.00858897 961.58
52 1479   0.00826327 -0.00803794 934.042
52 1480   0.00821404 -0.00744745 932.697
52 1481   0.00874382 -0.00721428 916.681
52 1483   0.00892398 -0.00761781 920.836
52 1484   0.00866213 -0.00799173 929.981
52 1501   0.0108251 -0.00515074 670.824
52 1502   0.010833 -0.0051394 672.127
52 1508   -0.0108299 0.00511003 683.099
52 1509   -0.0108046 0.0051151 679.701
52 1510   -0.010812 0.00510179 682.211
52 1511   -0.0108206 0.0051379 675.607
52 1512   -0.0108162 0.00512461 678.802
52 1513   -0.0108288 0.00512207 683.679
52 1514   -0.0108437 0.00513082 721.863
52 1517   -0.0108316 0.00514039 675.169
52 1518   -0.0108361 0.00513121 687.825
52 1528   -0.00260814 -0.0116965 35.0258
52 1529   -0.00261312 -0.0116872 53.2944
52 1530   -0.00261871 -0.0117042 8.61793
52 1531   -0.00262311 -0.0116903 23.564
52 1532   -0.00263136 -0.0116897 14.6853
52 1533   -0.00262532 -0.0116992 8.43028
52 1534   -0.00263378 -0.0117064 3.32763
52 1535   -0.00263581 -0.0116964 6.96259
52 1536   -0.00263227 -0.0117013 5.09383
52 1654   -0.00500916 0.0107266 825.27
52 1655   -0.00468043 0.010587 913.293
52 1656   -0.00482366 0.0102802 899.391
52 1657   -0.00519401 0.0105772 789.798
52 1658   -0.00517579 0.0103177 842.751
52 1659   -0.00540227 0.0103257 811.674
52 1661   -0.00548882 0.0105362 766.79
52 1662   -0.00535217 0.0106343 731.748
52 1686   0.00499675 -0.0105705 836.261
52 1687   0.00487662 -0.0103038 889.761
52 1688   0.00509359 -0.0101823 869.214
52 1689   0.00518951 -0.0105461 797.498
52 1690   0.00522038 -0.0103475 830.89
52 1691   0.00538893 -0.0104201 797.396
52 1694   0.00540353 -0.0105861 759.129
52 1695   0.00531259 -0.0106513 716.644
52 1708   -0.000850119 0.0109219 948.578
52 1709   -0.000870295 0.0116872 911.138
52 1710   -0.00112939 0.011701 844.132
52 1711   -0.00142919 0.0110461 933.363
52 1712   -0.00150405 0.0114322 883.204
52 1713   -0.00133966 0.0116843 813.471
52 1714   -0.000507367 0.0111365 954.839
52 1715   -0.000662954 0.011499 946.72
52 1716   0.000180686 0.0111325 966.96
52 1717   -0.000137834 0.0111464 964.924
52 1718   0.000569633 0.0115545 969.192
52 1719   0.00021558 0.0115718 968.714
52 1720   0.0003528 0.0113906 969.54
52 1722   0.000335016 0.011741 964.851
52 1723   0.00052981 0.0117306 966.229
52 1819   0.00140235 -0.0114417 885.561
52 1820   0.00155904 -0.011633 836.968
52 1821   0.00143599 -0.0117877 774.845
52 1822   0.0008058 -0.011389 936.976
52 1823   0.00061698 -0.0115901 948.11
52 1824   0.00082552 -0.0117836 909.054
52 1825   0.00110875 -0.011482 899.475
52 1826   0.00105241 -0.01169 871.574
52 1828   0.00128919 -0.0118079 774.728
52 1829   0.00115671 -0.0118009 821.94
52 1835   -0.00735145 0.00603786 935.666
52 1836   -0.00645761 0.00633969 953.441
52 1837   -0.0063328 0.00735757 964.659
52 1838   -0.00758675 0.00688216 940.237
52 1839   -0.00705973 0.00748612 958.782
52 1840   -0.00798657 0.00834716 948.483
52 1841   -0.00734646 0.00824129 965.108
52 1842   -0.00941949 0.00625912 877.343
52 1843   -0.00889747 0.0061345 898.695
52 1844   -0.00930118 0.00690503 899.998
52 1845   -0.00819245 0.00693985 925.376
52 1846   -0.00862037 0.0065718 910.228
52 1847   -0.00893793 0.00698902 909.196
52 1848   -0.00822208 0.00786487 933.689
52 1849   -0.00875224 0.0073505 918.118
52 1850   -0.00826777 0.00736365 929.715
52 1852   -0.00880879 0.00770542 923.978
52 1853   -0.00860432 0.00799802 930.582
52 2081   -0.000400929 0.0116901 966.59
52 2084   -0.000163875 0.0115019 969.057
52 2085   1.74233e-05 0.0116694 968.065
52 2086   -0.00644216 -0.00169401 921.697
52 2087   -0.00825478 -0.000956796 904.753
52 2088   -0.00593073 -0.00362618 925.497
52 2154   0.00262972 0.0116881 13.9544
52 2157   0.00262208 0.0116721 85.2422
52 2158   0.00263819 0.011668 60.3851
52 2196   -0.00912053 -0.00189552 896.43
52 2197   -0.00879741 -0.00304914 897.196
52 2213   -0.0088772 3.57252e-05 907.852
52 2214   -0.00905434 0.00229509 940.635
52 2215   -0.00813262 0.00146366 926.323
52 2222   -0.00459116 -0.00817207 966.197
52 2223   -0.00389999 -0.00879412 932.464
52 2224   -0.00389571 -0.00822206 967.446
52 2302   0.000599232 -0.00489289 964.822
52 2303   0.00185844 -0.00606127 967.763
52 2304   0.00300528 -0.00447155 960.608
52 2305   0.00300931 -0.00556251 964.922
52 2306   0.000548495 -0.00215484 956.83
52 2307   0.000736202 -0.00379436 961.163
52 2308   0.00199138 -0.00387179 960.375
52 2309   0.00277209 -0.000707782 949.83
52 2310   0.00151868 -0.00167745 955.015
52 2311   0.00208866 -0.00278707 956.76
52 2312   0.00441541 -0.0028652 948.755
52 2313   0.00365499 -0.00131321 947.638
52 2314   0.00302916 -0.00232159 952.907
52 2315   0.00608521 -0.00108902 933.202
52 2316   0.00480352 -0.00135822 942.056
52 2317   0.00527894 -0.00235541 942.316
52 2318   0.00731025 -0.00300438 929.932
52 2319   0.00680732 -0.0017051 930.672
52 2320   0.00631396 -0.0024673 935.958
52 2321   0.00853616 -0.001993 933.881
52 2322   0.00880138 -0.00279369 937.756
52 2323   0.007671 -0.00184184 926.69
52 2324   0.00793622 -0.00264253 927.625
52 2343   -0.00317317 -0.00946118 850.743
52 2344   -0.00307678 -0.00898783 888.131
52 2345   -0.00345802 -0.00896727 851.955
52 2347   -0.00350622 -0.00953942 822.511
52 2348   -0.00360259 -0.00934183 807.528
52 2402   -0.00262949 -0.0113951 683.336
52 2403   -0.00262745 -0.011552 476.151
52 2404   -0.0025255 -0.0114723 660.861
52 2405   -0.00255662 -0.0115612 537.269
52 2407   -0.00271249 -0.0114399 618.233
52 2408   -0.00267932 -0.0115079 530.758
52 2449   -0.00845831 -0.00386716 879.511
52 2450   -0.00723972 -0.005524 912.398
52 2451   -0.00724269 -0.0042838 909.436
52 2530   0.0023197 -0.0106899 956.738
52 2531   0.00290785 -0.010709 966.482
52 2532   0.00311741 -0.0110306 969.162
52 2533   0.00200783 -0.0110456 937.93
52 2534   0.00221739 -0.0113672 926.309
52 2535   0.0025777 -0.0113803 953.583
52 2536   0.00289995 -0.0112858 967.907
52 2720   -0.00251257 -0.0116965 366.208
52 2721   -0.00256342 -0.0116945 181.587
52 2722   -0.00254609 -0.0116776 311.481
52 2793   0.00554301 0.00735351 938.216
52 2794   0.00608359 0.00725958 919.219
52 2795   0.00482925 0.00579632 944.85
52 2796   0.00582429 0.00574068 929.187
52 2797   0.0045837 0.007101 957.298
52 2798   0.00416116 0.00639559 957.184
52 2799   0.00633494 0.00709671 910.114
52 2800   0.00654439 0.00618838 918.552
52 2801   0.00663815 0.00677406 912.717
end
