906
52 193   -0.00487809 0.00118527 897.234
52 194   -0.0028315 0.00236376 905.483
52 195   -0.00475967 -0.00107742 902.683
52 196   0.00316465 0.00135695 908.891
52 197   -0.000758621 -0.00103515 911.826
52 198   -0.000785992 0.00124329 910.895
52 199   0.00313506 -0.000909402 904.883
52 200   -0.00265191 -0.00446078 927.876
52 201   0.00116319 0.00243187 915.053
52 202   -0.00072135 -0.00561204 934.907
52 203   -0.00284179 0.00456815 905.949
52 204   0.00116445 -0.0044064 915.548
52 205   -0.00268571 -0.00217736 912.923
52 206   0.00116098 -0.00211292 910.759
52 207   0.00482477 -0.00208222 895.562
52 208   0.00484275 0.00478337 923.238
52 209   0.00489643 0.00252191 906.666
52 210   -0.00643762 -0.00217442 895.514
52 211   0.00657931 -0.00119704 884.137
52 212   0.00288574 -0.00525567 905.996
52 213   -0.0063546 -0.00422178 906.938
52 214   0.00457197 -0.00413502 894.471
52 215   0.00647125 0.00545674 917.529
52 216   -0.00074298 -0.00743741 954.802
52 217   -0.00809512 -0.00158148 863.398
52 218   0.00643206 0.00187648 893.413
52 219   0.00705052 0.000492278 882.742
52 220   -0.00792109 -0.00476606 891.556
52 221   0.00923673 0.00481974 835.874
52 222   0.00779618 0.00424097 888.18
52 223   0.00770331 0.00292217 877.979
52 224   0.00174585 0.00885943 968.535
52 225   -0.00906427 -0.00266163 822.353
52 226   0.00842159 0.00091654 853.108
52 227   -0.00897327 -0.00379886 841.187
52 228   0.00867197 0.00222891 837.614
52 229   -0.00984128 -0.00576895 825.153
52 230   0.0100729 0.00407164 776.86
52 231   -0.0100613 -0.00415309 787.263
52 232   -0.00138876 -0.00969763 960.456
52 233   0.00914429 0.000536887 832.585
52 234   -0.0101399 -0.000508223 793.952
52 235   0.0108737 0.00397017 751.552
52 236   0.00948341 0.00250164 789.007
52 237   0.00193848 0.0100353 955.835
52 238   -0.0103513 -0.0048613 775.898
52 239   0.00937044 -0.000134659 871.287
52 240   -0.0100119 -0.00237435 759.435
52 241   -0.00166992 -0.0104832 928.353
52 242   0.00987289 0.00311714 772.931
52 243   -0.0104192 -0.00115896 736.881
52 244   -0.0106004 -0.00357654 754.576
52 245   -0.0103366 -0.00178734 733.969
52 246   0.010266 0.000215321 798.98
52 247   0.00123174 0.0103171 928.172
52 248   -0.01046 -0.00293503 743.625
52 249   0.0105242 0.00281735 732.675
52 250   -0.0110298 -0.00272817 716.666
52 251   0.0109533 0.00301978 723.166
52 252   -0.011037 -0.000994044 705.947
52 253   0.00125756 0.0108467 880.331
52 254   0.00197694 0.0112386 908.393
52 255   -0.0111527 -0.00233994 704.323
52 256   -0.0110996 -0.00360032 741.989
52 257   -0.0109075 -0.00195979 705.246
52 258   -0.00196905 -0.0115007 893.553
52 259   -0.00121504 -0.0109228 866.868
52 260   0.0113302 0.00270978 707.529
52 261   0.00157209 0.0111193 867.076
52 262   -0.0112673 -0.00305186 720.997
52 263   0.0113111 0.00234172 699.001
52 264   -0.0111918 -0.00135896 694.227
52 265   -0.0115112 -0.00226828 695.184
52 266   -0.0111449 -0.00169632 695.056
52 267   -0.00131581 -0.0112834 820.782
52 268   -0.00162633 -0.0115133 827.674
52 269   0.0010168 0.011446 768.883
52 270   0.00206677 0.0115743 907.102
52 271   0.0115665 0.0021926 691.166
52 272   -0.000854175 -0.0113476 786.894
52 273   0.00146727 0.0114039 818.163
52 274   -0.00144815 -0.0114229 809.256
52 275   0.00179787 0.0116461 854.016
52 276   -0.0115031 -0.00200252 688.803
52 277   0.00160323 0.011595 815.142
52 278   -0.0113819 -0.00181071 688.232
52 279   0.0115187 0.00138037 681.211
52 280   -0.011434 -0.0013188 686.174
52 281   0.00125755 0.0114619 779.441
52 282   -0.000789749 -0.0115156 750.286
52 283   0.0115796 0.00197734 685.497
52 284   -0.0015535 -0.0117516 786.895
52 285   0.000913087 0.0116244 699.091
52 286   -0.00109278 -0.0113982 781.866
52 287   -0.0116875 -0.0019408 683.566
52 288   0.00145648 0.0117061 764.988
52 289   -0.0115056 -0.00152691 681.939
52 290   0.0116374 0.00131704 678.435
52 291   -0.0115004 -0.00168146 682.876
52 292   -0.00110129 -0.0115667 735.391
52 293   -0.0116536 -0.00176856 679.882
52 294   0.00127766 0.0116387 732.251
52 295   -0.00132823 -0.0116206 750.07
52 296   -0.000977277 -0.0116347 688.696
52 297   -0.00120439 -0.0116496 703.985
52 298   0.00143377 0.0118153 732.918
52 299   -0.00138397 -0.0117439 722.347
52 300   -0.011619 -0.00130574 680.56
52 301   0.00118013 0.0117223 634.045
52 302   0.0010563 0.0117239 594.571
52 303   -0.0115023 -0.00118498 686.424
52 304   -0.0117297 -0.00169416 676.396
52 305   0.011726 0.00192803 681.87
52 306   -0.0116195 -0.0015048 677.997
52 307   -0.0116645 -0.00141745 677.243
52 308   -0.00117737 -0.0117685 566.197
52 309   0.0117246 0.00154657 673.634
52 310   -0.00132301 -0.0118394 617.014
52 311   -0.0116905 -0.00158495 675.691
52 312   -0.0118132 -0.00170438 674.724
52 313   0.0117492 0.00147021 673.028
52 314   -0.00124025 -0.011835 503.333
52 315   0.00103261 0.0118171 425.806
52 316   -0.0117441 -0.00146147 674.165
52 317   -0.0117507 -0.00154562 673.428
52 318   -0.0117957 -0.0014503 672.736
52 319   -0.00121235 -0.0118957 324.459
52 320   -0.0118221 -0.00161916 672.229
52 321   -0.0117989 -0.0015696 671.943
52 322   -0.0118344 -0.00150449 670.621
52 323   -0.011831 -0.00153965 670.562
52 324   0.0119007 0.00152136 667.983
52 325   0.0011051 0.0119466 2.65207
52 432   -0.00199862 -0.00797016 965.111
52 433   -0.00192276 -0.00900246 969.371
52 434   -0.00286581 -0.00921175 969.29
52 435   -0.00365614 -0.00890852 969.465
52 436   -0.00305328 -0.00995343 966.327
52 437   -0.00239139 -0.0105297 951.243
52 438   -0.00241157 -0.0110961 945.54
52 440   -0.00334441 -0.0110649 968.526
52 441   -0.0029138 -0.0111803 968.977
52 442   -0.00423737 0.00566783 895.059
52 473   0.000816704 0.00416444 922.866
52 474   -0.00114278 0.00518025 917.922
52 475   -0.00114823 0.00631816 923.56
52 476   0.000165068 0.00648322 940.433
52 479   0.00940993 0.00601256 860.501
52 480   0.00861289 0.007097 911.914
52 484   -0.00664599 0.00181837 884.209
52 485   -0.00810196 0.00321782 845.602
52 486   -0.00668253 0.00306926 878.447
52 487   -0.00814319 0.00437905 832.957
52 494   -0.000977928 -0.0117342 590.864
52 568   -0.00176494 0.00727522 921.073
52 569   0.000686392 0.00858125 967.194
52 570   2.29211e-05 0.00767748 953.269
52 571   -0.000919385 0.00802431 944.469
52 572   -0.00196154 0.00915242 916.7
52 573   -0.00111138 -0.0117853 502.484
52 574   -0.00103209 -0.0118279 398.399
52 575   -0.0010446 -0.0117657 538.94
52 576   -0.00108058 -0.0118533 321.366
52 577   -0.00111715 -0.0118416 377.25
52 579   -0.00108397 -0.0118944 139.821
52 658   0.00766457 0.00737958 931.584
52 659   0.00656496 0.00686032 939.044
52 660   0.0075082 0.00856212 960.256
52 661   0.00341317 0.00537077 936.682
52 662   0.00114481 0.00597531 940.856
52 663   0.00179099 0.00479444 930.36
52 664   0.00238732 0.00802124 965.43
52 665   0.0021187 0.00656859 950.354
52 666   0.00341528 0.00653469 951.159
52 667   0.00333147 0.00843541 968.227
52 668   0.00403634 0.00753929 962.218
52 669   0.00478032 0.00819568 967.745
52 670   0.00568256 0.00800726 965.463
52 671   0.0069554 0.00862198 968.467
52 672   0.00622937 0.00858638 968.849
52 673   0.00708836 0.00916613 954.519
52 674   0.00681046 0.0093558 924.007
52 679   -0.00424507 -0.00951975 963.229
52 680   -0.00373578 -0.0106512 966.93
52 681   -0.00368014 -0.0100485 963.668
52 682   -0.00416506 -0.0108221 960.058
52 684   -0.00397008 -0.00551148 937.146
52 685   -0.00531563 -0.0053049 926.594
52 686   -0.00329516 -0.00719549 958.415
52 687   -0.00400962 -0.00792455 965.555
52 688   -0.00507755 -0.00766965 962.426
52 689   -0.00570865 -0.00673401 945.26
52 690   -0.00665458 -0.00704225 941.798
52 691   -0.00782805 -0.00615743 908.714
52 692   -0.00877228 -0.00643947 896.315
52 693   -0.00663131 -0.00778239 956.838
52 694   -0.00749317 -0.00813763 948.793
52 695   -0.00748904 -0.00873856 963.457
52 696   -0.00603848 -0.00843961 968.231
52 697   -0.00543065 -0.00863511 968.573
52 698   -0.00692696 -0.00888649 968.367
52 699   -0.00633826 -0.00894279 964.541
52 700   -0.00635325 -0.0094045 931.118
52 701   -0.00708059 -0.00925351 947.781
52 702   -0.0068033 -0.00944291 918.745
52 703   0.00447573 0.00898041 968.384
52 704   0.00367517 0.00920319 968.968
52 705   0.00366676 0.00984054 964.755
52 706   0.00404458 0.0108778 965.038
52 710   0.00244626 0.0103803 955.428
52 711   0.00229204 0.0109882 943.242
52 712   0.00347714 0.0107459 968.63
52 713   0.00318937 0.0102559 965.303
52 714   0.00319989 0.0111056 968.749
52 715   0.0027579 0.0112236 966.371
52 721   0.00487002 0.009508 950.906
52 722   0.00547181 0.0103214 832.607
52 735   -0.00865963 -0.00740901 915.373
52 736   -0.00826171 -0.00795004 931.102
52 760   0.000480578 -0.00796 950.847
52 761   0.00280225 -0.00682944 906.982
52 762   0.00165913 -0.00765674 924.029
52 820   0.000354216 0.0108236 871.294
52 823   -0.00049478 0.00974979 933.192
52 824   0.00016125 0.00964038 957.922
52 825   0.000106078 0.0105667 897.535
52 826   0.000513971 0.0102003 928.591
52 866   0.00644745 0.009338 934.789
52 867   0.00599932 0.00911272 958.927
52 868   0.00549437 0.00950925 936.591
52 869   0.0056646 0.00992421 884.323
52 871   0.00630551 0.00975233 887.126
52 872   0.00602761 0.00994201 869.833
52 945   -0.000672803 0.00940939 967.832
52 946   -0.000965899 0.00882557 955.406
52 947   -0.00143674 0.00909495 941.421
52 949   -0.000998958 0.00971739 967.369
52 950   -0.00128833 0.00964016 952.916
52 1013   0.00927926 -0.00105514 879.97
52 1014   0.00804237 -0.00202811 869.649
52 1015   0.0083504 -0.00317629 840.138
52 1021   0.00122498 0.0118028 544.808
52 1022   0.00126355 0.0118833 439.906
52 1023   0.0012998 0.0118284 594.785
52 1024   0.00117562 0.0118384 431.6
52 1025   0.00120184 0.011877 353.564
52 1026   0.00108699 0.011849 336.631
52 1027   0.00107303 0.0118834 193.338
52 1028   0.00112428 0.0118445 371.607
52 1029   0.00116218 0.011898 200.791
52 1030   0.00112897 0.0118766 255.916
52 1031   0.0011019 0.0118917 156.436
52 1040   -0.0118619 -0.00150081 669.781
52 1061   0.0118131 0.00147363 671.095
52 1062   0.0118333 0.00151329 670.092
52 1064   -0.00117134 -0.0118934 253.465
52 1065   -0.00116697 -0.0119211 111.853
52 1066   -0.00114527 -0.0118748 288.296
52 1067   -0.00110313 -0.011901 113.385
52 1068   -0.00112786 -0.0118932 183.222
52 1070   -0.00109931 -0.0119219 29.9429
52 1107   0.0011605 0.0119212 91.1101
52 1111   -0.0118762 -0.00151556 669.036
52 1264   -0.0047142 -0.00963385 950.198
52 1265   -0.00518908 -0.00936864 952.758
52 1266   -0.00553461 -0.00982425 902.411
52 1267   -0.0052943 -0.0101465 871.345
52 1268   -0.00478531 -0.0100892 917.885
52 1269   -0.00447232 -0.0106453 913.443
52 1270   -0.00467907 -0.010401 896.567
52 1271   -0.00491077 -0.0106477 817.372
52 1273   -0.00480596 -0.0108647 802.502
52 1274   -0.00460208 -0.0109193 885.241
52 1279   0.00421214 0.00997496 952.998
52 1280   0.00461484 0.0098652 938.09
52 1281   0.00465106 0.0107148 870.063
52 1282   0.00430219 0.0105223 938.036
52 1283   0.00522083 0.0103599 840.524
52 1284   0.00488054 0.0105096 846.157
52 1285   0.00493437 0.0102073 889.2
52 1288   0.00523648 0.0106148 788.119
52 1289   0.00509753 0.0107096 757.051
52 1327   -0.00542721 -0.0104311 817.312
52 1328   -0.00514992 -0.0106205 788.693
52 1371   0.00289596 -0.00888815 889.696
52 1378   0.00380873 -0.00723198 894.139
52 1379   0.00346372 -0.00836678 884.512
52 1380   0.00397246 -0.0087515 844.496
52 1382   0.00450521 -0.00849972 881.006
52 1383   0.00499198 -0.00815062 885.118
52 1384   -0.00377276 0.00711849 895.76
52 1385   -0.00373674 0.00872501 854.933
52 1386   -0.0026683 0.00758609 906.935
52 1387   -0.00315799 0.00887947 879.586
52 1388   -0.00258296 0.00852734 903.913
52 1389   -0.00511967 0.00757834 882.653
52 1390   -0.0043862 0.00753404 886.959
52 1391   -0.00414614 0.00827654 874.997
52 1393   -0.00512299 0.00814628 885.251
52 1394   -0.00463623 0.00849538 885.052
52 1528   0.000202595 -0.0101174 922.255
52 1529   -0.000686913 -0.0096468 959.2
52 1530   0.000187637 -0.00872862 965.575
52 1531   -0.000258213 -0.00918749 969.179
52 1532   0.00027157 -0.00957787 954.77
52 1533   0.00235221 -0.00877301 907.776
52 1534   0.00184348 -0.00838829 923.616
52 1535   0.00199282 -0.00938942 915.643
52 1536   0.000715638 -0.00946469 966.813
52 1537   0.00148231 -0.00935039 941.676
52 1538   0.00126295 -0.00888844 946.767
52 1539   0.000785654 -0.00892551 961.393
52 1542   0.00130261 -0.0096586 952.787
52 1543   0.00101323 -0.00973582 967.775
52 1557   0.00581836 -0.00479936 880.514
52 1558   0.00740005 -0.00416143 850.766
52 1559   0.00803671 -0.00485468 838.891
52 1560   0.00658207 -0.00617095 850.995
52 1561   0.00566417 -0.00581158 878.344
52 1562   0.00526317 -0.00744729 880.811
52 1563   0.00483204 -0.00673882 886.265
52 1565   0.00753887 -0.00560266 854.363
52 1566   0.00720697 -0.00610131 852.152
52 1630   -0.00600217 0.0041712 881.641
52 1631   -0.00531462 0.00519849 885.819
52 1632   -0.0070897 0.00481841 862.804
52 1633   -0.00713561 0.00588999 855.023
52 1634   -0.00560643 0.00722924 875.32
52 1635   -0.00570351 0.0063222 875.51
52 1636   -0.00643697 0.00636649 849.133
52 1638   -0.00658328 0.00709898 833.715
52 1639   -0.00609652 0.00744808 862.642
52 1644   -0.0062221 -0.00973006 893.281
52 1645   -0.00594481 -0.00991946 876.407
52 1696   -0.000558876 -0.0102268 926.446
52 1697   -0.000199152 -0.0103071 917.928
52 1698   -0.000805837 -0.0107173 881.916
52 1699   -0.000667997 -0.0110273 838.717
52 1700   -0.000156145 -0.010732 882.518
52 1701   -0.00037803 -0.0109618 854.65
52 1755   0.00111026 0.0119248 16.3774
52 1756   0.00110003 0.0119142 48.6335
52 1767   0.00649107 -0.00694145 838.057
52 1768   0.0060043 -0.00729055 865.695
52 1819   -0.00894583 0.00270831 850.909
52 2011   0.000540319 0.0110163 844.255
52 2013   0.000849963 0.0110511 837.263
52 2014   0.000812051 0.0113517 788.042
52 2038   -0.00933381 -0.000277575 856.734
52 2039   -0.00831923 -0.000435165 862.967
52 2040   -0.00782645 0.000720558 877.306
52 2041   -0.00934833 0.000956944 885.668
52 2042   -0.00870687 0.00146194 874.898
52 2159   0.00111513 0.0119439 3.64215
52 2162   0.00113833 0.0119271 36.3922
52 2163   0.00112316 0.0119296 13.4862
52 2165   0.0118551 0.00149836 669.503
52 2173   0.0097257 0.00122773 781.694
52 2174   0.00981445 0.00188012 765.347
52 2175   0.0105019 0.00236052 724.713
52 2176   0.0101816 0.00203878 739.498
52 2177   0.0103721 0.00172105 726.749
52 2178   0.0110692 0.00219152 701.315
52 2179   0.0107545 0.00219828 711.057
52 2180   0.0106654 0.00187643 711.164
52 2181   0.0103627 0.000719339 753.708
52 2182   0.0103277 0.00139486 732.782
52 2183   0.0100485 0.0010602 762.645
52 2184   0.0110802 0.000890502 703.797
52 2185   0.0106004 0.00122438 717.947
52 2186   0.0106834 0.000883614 722.076
52 2187   0.0108834 0.00131329 703.437
52 2188   0.0113443 0.00133677 687.155
52 2189   0.0111405 0.00115285 696.233
52 2190   0.0108634 0.0017561 703.037
52 2191   0.0109447 0.0015222 699.832
52 2192   0.0111899 0.00153574 691.189
52 2193   0.0112076 0.00170948 691.069
52 2194   0.0110245 0.00185142 698.158
52 2195   0.0111412 0.00196499 695.881
52 2196   0.0114675 0.00188744 685.804
52 2197   0.0113115 0.00189233 690.017
52 2198   0.0113372 0.00175377 687.422
52 2199   0.0115292 0.00178733 682.459
52 2200   0.0114573 0.00171044 683.309
52 2201   0.0116369 0.00160582 676.889
52 2202   0.0115427 0.0015928 679.625
52 2203   0.0116251 0.001763 679.592
52 2204   0.0116474 0.00169914 677.78
52 2205   0.0117097 0.00181381 679.048
52 2206   0.0117674 0.00179655 677.717
52 2207   0.01182 0.00171015 674.531
52 2208   0.0117588 0.00174362 676.395
52 2209   0.0117233 0.00169702 675.923
52 2210   0.0117713 0.00160718 672.916
52 2211   0.0118096 0.00166277 673.333
52 2212   0.0117595 0.00166431 674.381
52 2213   0.0118626 0.00161099 671.083
52 2214   0.0118322 0.00162946 672.069
52 2215   0.0118115 0.00159717 671.709
52 2216   0.011855 0.00158918 670.546
52 2217   0.0118335 0.0015479 670.202
52 2218   0.011829 0.00157459 670.787
52 2219   0.0118813 0.00156709 669.482
52 2220   0.0118653 0.00157292 669.91
52 2221   0.0118546 0.00155546 669.718
52 2222   0.0118774 0.00155339 669.125
52 2223   0.0118637 0.00154587 669.282
52 2224   0.0118646 0.00153129 669.045
52 2225   0.0118642 0.00151547 669.046
52 2226   0.0118795 0.0015126 668.551
52 2227   0.0118828 0.0015434 668.738
52 2228   0.0118842 0.00152511 668.299
52 2229   0.0118757 0.00153173 668.685
52 2230   0.0118943 0.00152684 668.036
52 2231   0.0118927 0.00153722 668.369
52 2232   -0.00113526 -0.0119104 101.802
52 2233   -0.00114829 -0.0119197 82.1247
52 2234   -0.00114003 -0.0119352 23.8552
52 2235   -0.00112095 -0.0119214 47.3375
52 2236   -0.00110974 -0.0119251 23.2914
52 2237   -0.00112226 -0.0119403 7.47256
52 2238   -0.0011279 -0.0119324 19.2109
52 2239   -0.00111224 -0.0119469 3.36498
52 2241   -0.00111302 -0.0119401 5.73283
52 2242   -0.00110745 -0.0119359 8.11431
52 2253   -0.0118588 -0.00161663 671.366
52 2257   -0.0118548 -0.00155931 669.962
52 2258   -0.0118778 -0.00158275 669.981
52 2259   -0.0118594 -0.00158674 670.481
52 2260   -0.0118779 -0.00156106 669.328
52 2261   -0.0118684 -0.00154958 669.343
52 2262   -0.0118789 -0.00152582 668.788
52 2263   -0.0118748 -0.0015365 668.94
52 2264   -0.0119009 -0.00152854 667.876
52 2266   -0.0118901 -0.00152333 668.403
52 2267   -0.0118941 -0.00152897 668.161
52 2279   -0.0118887 -0.00155368 668.865
52 2280   -0.0118941 -0.00153755 668.268
52 2281   -0.011886 -0.00154259 668.634
16 326   -0.0449779 0.00318569 961.41
16 327   -0.045157 -0.00300351 961.34
16 328   -0.0477798 -0.0217978 904
16 329   -0.0411386 -0.00655308 963.135
16 330   -0.043509 -0.0297249 823.268
16 331   0.0021603 0.0234585 888.666
16 332   -0.0384817 -0.0072779 964.868
16 333   -0.000997388 -0.0214476 923.713
16 334   0.00489967 0.0218966 894.291
16 335   -0.00123691 0.0213163 938.616
16 336   -0.000193853 -0.0188521 926.056
16 337   -0.000621491 0.0188054 946.869
16 338   0.00684883 0.021803 890.093
16 339   0.00562926 0.0176295 955.681
16 340   0.00368011 0.0189099 941.192
16 341   -0.00243528 0.0175085 944.067
16 342   0.00230486 0.0178563 953.632
16 343   0.000749302 0.0178378 951.102
16 344   0.00543609 0.0159588 968.87
16 345   0.00684883 0.018552 943.04
16 346   -0.00173918 -0.0175381 958.11
16 347   -0.00330342 -0.0175441 969.063
16 348   -0.00684427 -0.014635 908.542
16 349   -0.00203066 0.0159595 935.314
16 350   -0.00595484 -0.0159256 936.265
16 351   0.000313752 0.0160474 960.063
16 352   0.00142101 0.0152864 968.399
16 353   -0.00136351 -0.0161239 957.852
16 354   -0.000652418 0.015466 952.401
16 355   -0.00250327 0.0148664 915.228
16 356   -0.00243763 -0.0154 969.114
16 357   -0.000596923 0.0142671 955.098
16 358   0.00138611 0.0142339 965.078
16 359   -0.00145995 0.0139295 927.598
16 360   -0.00228977 -0.0145324 969.179
16 361   -0.00136923 0.0130811 918.029
16 362   0.00107952 -0.0136314 884.696
16 363   4.76598e-05 0.0136921 968.511
16 364   -0.0026993 -0.0138835 961.377
16 365   0.00201267 0.0136955 935.02
16 366   0.000705973 0.0137341 959.612
16 367   -0.00214052 -0.013372 955.064
16 368   -6.76345e-05 0.0129785 960.773
16 369   -0.00074995 0.0126841 943.027
16 370   0.00219334 0.0124397 872.216
16 371   0.00168422 0.0130591 874.659
16 372   0.000940383 0.0130848 889.239
16 373   -0.00209653 -0.0129452 933.843
16 374   0.00183323 0.0126516 839.738
16 375   -0.000348076 0.0127493 965.432
16 376   0.00129207 0.0129482 849.12
16 377   -0.00108278 -0.012768 912.32
16 378   0.00127844 0.0125671 778.214
16 379   -0.000193035 -0.0126916 968.029
16 380   -0.00109634 -0.0125263 837.637
16 381   -0.000905456 -0.0124468 828.901
16 382   -0.00126586 -0.012405 791.545
16 399   -0.0443251 -0.022563 930.111
16 400   -0.0429848 -0.0255762 914.046
16 408   -0.00993537 -0.0304296 918.151
16 409   -0.00729521 -0.0334765 880.733
16 410   -0.00852927 -0.0271808 935.857
16 412   -0.0511394 0.023991 830.066
16 413   -0.0451427 0.0217715 929.768
16 423   -0.00731029 0.0334711 891.818
16 424   -0.00996033 0.0304133 921.789
16 425   -0.00568591 0.0266623 927.428
16 426   -0.00857877 0.0271245 938.035
16 427   -0.00536468 -0.013517 897.567
16 428   -0.00635108 -0.0135575 880.884
16 429   -0.0410055 0.0310468 861.729
16 430   -0.0391945 0.0336823 865.676
16 431   -0.038713 0.0282581 921.643
16 443   -0.0220805 -0.0247265 953.388
16 444   -0.0136066 -0.0291796 936.59
16 445   -0.0161391 -0.0322265 933.978
16 446   -0.0142272 -0.0241796 958.392
16 447   -0.0163694 -0.0222265 958.534
16 448   -0.0195203 -0.0222265 955.899
16 468   -0.0294021 -0.0249512 958.447
16 469   -0.0259533 -0.0225 958.558
16 470   -0.0326481 -0.0236768 965.931
16 482   -0.00338746 -0.02207 959.133
16 483   -0.00483461 -0.0240751 955.121
16 499   0.00501924 -0.0190758 827.225
16 500   0.0068041 -0.0177305 807.399
16 501   0.00158048 -0.0184607 897.512
16 502   0.00343091 -0.0186672 857.175
16 503   0.00382396 -0.0170722 840.064
16 504   0.00139627 -0.017064 901.263
16 505   0.00255079 -0.0166674 872.833
16 506   0.00135173 -0.0146879 888.038
16 507   0.00232196 -0.0151156 853.378
16 508   -0.000487513 -0.0158274 942.091
16 509   0.000530416 -0.0162509 915.382
16 510   0.00071471 -0.0154266 911.212
16 511   -0.0006157 -0.0151043 949.415
16 512   9.26087e-06 -0.0149018 932.157
16 513   -0.00014164 -0.0143838 940.319
16 514   -0.000679879 -0.0137533 963.869
16 515   -0.00085658 -0.0129255 956.824
16 516   -0.000808653 -0.0131882 968.947
16 517   -0.000560916 -0.0132118 968.152
16 518   -0.000382925 -0.0128192 969.155
16 519   -0.000524144 -0.0130275 969.212
16 520   -0.00069354 -0.0128708 962.52
16 522   -0.000715067 -0.0124777 886.121
16 523   -0.000640586 -0.0126482 942.859
16 524   -0.00045384 -0.0125847 959.304
16 544   -0.00348303 0.0220524 956.365
16 545   -0.00492279 0.0239313 955.867
16 546   -0.0473562 0.0130369 952.582
16 547   -0.0432964 0.0167981 964.106
16 551   0.00143511 0.0124206 764.475
16 552   0.00159775 0.0123942 787.696
16 582   -0.00482035 -0.0157941 951.347
16 583   -0.00331614 -0.0156629 968.121
16 584   -0.00380626 -0.0163928 966.254
16 585   -0.00484024 -0.0141027 928.09
16 586   -0.00469215 -0.015069 947.365
16 587   -0.00396832 -0.0150595 958.493
16 588   -0.00333401 -0.0138422 952.915
16 589   -0.004313 -0.0137926 932.897
16 590   -0.00391984 -0.0143939 951.397
16 591   -0.00403571 -0.0132137 928.392
16 592   -0.00341863 -0.0132681 943.328
16 593   -0.00403629 -0.0125706 916.216
16 594   -0.00276096 -0.0122162 954.744
16 595   -0.00307429 -0.0128452 945.775
16 596   -0.00218326 -0.0124487 915.87
16 597   -0.00251762 -0.0124115 938.231
16 598   -0.00234037 -0.0127517 930.251
16 599   -0.00267473 -0.0127145 941.844
16 601   -0.00183261 -0.0123499 866.909
16 602   -0.00202231 -0.0123191 897.039
16 609   -0.00158688 -0.0144274 968.533
16 610   -0.00107908 -0.0146875 962.012
16 611   -0.000870782 -0.0140663 963.846
16 612   -0.000697167 -0.0143792 957.263
16 613   -0.00175921 -0.0136332 966.343
16 614   -0.00161511 -0.0140396 969.502
16 615   -0.00128092 -0.0139868 968.983
16 616   -0.00153179 -0.0134808 965.711
16 617   -0.00131826 -0.0136801 969.533
16 618   -0.00102969 -0.0135478 969.428
16 619   -0.00103449 -0.0133123 968.591
16 620   -0.00126549 -0.0129192 929.23
16 621   -0.00147387 -0.013237 956.875
16 622   -0.00126513 -0.0132008 960.46
16 623   -0.00170846 -0.0128897 921.04
16 624   -0.00152743 -0.0130464 939.854
16 625   -0.00142102 -0.0128645 916.142
16 626   -0.00173484 -0.0124946 867.191
16 627   -0.00169359 -0.0127113 895.618
16 628   -0.00151052 -0.0127042 884.608
16 629   -0.00159196 -0.0124349 840.526
16 630   -0.00139481 -0.0124485 817.325
16 631   -0.0014975 -0.0125607 853.435
16 633   -0.00143647 -0.0123313 793.408
16 634   -0.00154207 -0.0123142 810.185
16 676   -0.0403022 -0.0242477 960.857
16 677   -0.0411463 0.0249969 944.528
16 678   -0.0391988 0.0261903 945.251
16 707   -0.0423501 0.0186832 968.125
16 708   -0.0429354 0.0206988 963.154
16 723   -0.050157 -0.00544887 958.906
16 725   -0.0489854 -0.0094174 956.188
16 726   -0.0513285 -0.0114736 950.454
16 727   -0.0435749 -0.0109743 962.188
16 728   -0.0464217 -0.0113933 957.067
16 729   -0.042136 -0.0127693 964.972
16 730   -0.0433699 -0.0152277 963.347
16 731   -0.0396998 -0.0119604 967.07
16 732   -0.0387181 -0.0134074 968.758
16 733   -0.0423686 -0.0198683 967.657
16 734   -0.0420414 -0.0170891 968.136
16 737   -0.0112411 -0.0229296 966.907
16 738   -0.00921446 -0.0246808 963.488
16 740   -0.00415457 -0.018579 963.013
16 741   -0.00421893 -0.0203938 962.054
16 742   -0.0112929 0.0229133 965.89
16 743   -0.00926209 0.0246245 962.572
16 744   -0.0072534 -0.0122455 821.993
16 745   -0.00676021 -0.0127265 842.204
16 746   -0.00695781 -0.0113979 806.712
16 747   -0.00621801 -0.01237 827.791
16 748   -0.00607102 -0.0111106 820.633
16 749   -0.00641561 -0.0115426 812.54
16 750   -0.00525612 -0.0127482 863.16
16 751   -0.00570032 -0.0124322 832.849
16 752   -0.00565212 -0.0115111 781.342
16 753   -0.00547902 -0.0120053 804.009
16 754   -0.00545533 -0.0112523 757.073
16 757   -0.0348526 0.0252982 963.62
16 758   -0.00404163 0.0178929 949.351
16 759   -0.00688147 0.0181661 963.112
16 775   -0.0461687 -0.032367 705.799
16 782   -0.0329587 -0.0212256 969.358
16 789   -0.00370592 -0.01225 956.356
16 790   -0.00320477 -0.0121442 965.025
16 791   -0.00336099 -0.0124702 951.252
16 800   -0.00292509 0.0125228 783.884
16 801   -0.00200935 0.0126714 874.321
16 829   0.00229277 0.0269418 800.038
16 830   -0.00266562 0.0284384 872.639
16 831   -0.00290844 0.0319584 817.56
16 833   0.00386663 0.0334872 683.028
16 834   0.000233263 0.0334872 722.081
16 838   0.00387039 -0.0336572 679.298
16 839   0.00127096 -0.0129485 830.836
16 840   0.00167105 -0.0126425 757.612
16 849   0.000354762 0.0127919 897.066
16 850   0.000704466 0.0128562 863.484
16 851   0.000806015 0.0126068 798.852
16 853   0.000329539 0.012563 855.939
16 854   0.000583082 0.0125219 807.523
16 855   -0.00905311 -0.0209765 926.807
16 856   -0.0108896 -0.0209765 969.288
16 901   -0.0505643 -0.0249961 800.178
16 907   -0.0242358 0.0325 943.24
16 908   -0.022094 0.0247211 953.558
16 909   -0.0209069 0.0297211 946.06
16 910   -0.0142801 0.0241633 957.808
16 911   -0.0161511 0.0322211 936.322
16 912   -0.0136308 0.0291633 938.615
16 914   -0.019549 0.0222211 955.662
16 915   -0.016426 0.0222211 957.923
16 927   0.0068041 -0.0148615 798.94
16 928   0.00471639 -0.0159214 805.168
16 929   0.00610819 -0.0161711 803.377
16 930   0.00303449 -0.0143635 787.814
16 931   0.00415576 -0.0147645 783.346
16 932   0.00234187 -0.0127405 727.763
16 933   0.00292653 -0.0133509 740.799
16 934   0.00356131 -0.0128341 712.113
16 936   0.00330605 -0.0121704 693.783
16 937   0.00264725 -0.0122773 703.36
16 951   -0.0405621 -0.0310369 867.854
16 952   -0.0390466 -0.033679 866.542
16 978   -0.0314883 0.033529 929.478
16 979   -0.0281028 0.031029 942.724
16 991   -0.0399779 0.0056609 963.536
16 1003   -0.0499779 0.0107437 953.342
16 1004   -0.0499779 0.00574033 958.923
16 1089   0.00107543 0.0124466 738.862
16 1090   0.00115835 0.0124331 730.369
16 1179   -0.0386265 -0.0213939 816.161
16 1180   -0.0393525 -0.0200277 849.137
16 1181   -0.0401718 -0.0222452 959.657
16 1182   -0.0408978 -0.020879 961.713
16 1186   -0.00803979 -0.0218521 898.549
16 1187   -0.00638966 -0.0234014 968.048
16 1188   -0.00784961 -0.0236033 968.786
16 1191   -0.0370673 0.0218362 873.038
16 1192   -0.0410322 0.021835 966.091
16 1193   -0.0403511 0.0234396 966.591
16 1194   -0.0384035 0.024633 966.108
16 1195   -0.0368444 0.0240475 967.504
16 1201   -0.0072044 -0.0109068 790.372
16 1205   -0.00705661 -0.0104829 790.841
16 1206   -0.0073522 -0.0103281 702.457
16 1211   -0.00661321 0.0110011 798.489
16 1215   -0.0072044 0.0104231 883.874
16 1216   -0.0072044 0.0109596 865.697
16 1217   -0.00806019 0.0218267 917.417
16 1218   -0.00789717 0.0235378 968.652
16 1219   -0.00645074 0.0233068 968.372
16 1225   0.00661321 -0.0110566 809.107
16 1227   0.0072044 -0.0104509 894.921
16 1228   0.0072044 -0.0110428 863.793
16 1231   -0.00456706 0.0192326 966.025
16 1232   -0.00438086 0.0206191 967.481
16 1233   -0.00616985 0.0194003 933.441
16 1234   -0.00590213 0.0216424 948.632
16 1235   -0.00670686 0.0209024 836.54
16 1275   -0.0062688 -0.0202604 766.394
16 1276   -0.00544373 -0.021035 912.869
16 1277   -0.00699237 -0.0212629 782.071
16 1278   -0.00616731 -0.0220375 926.815
16 1299   0.00719991 0.0121649 822.82
16 1300   0.00659972 0.0126958 852.033
16 1301   0.00594491 0.0124348 833.472
16 1302   0.00531741 0.0125697 844.326
16 1303   0.00512788 0.0134619 911.734
16 1304   0.00452769 0.0135179 925.531
16 1305   0.00498085 0.0122494 815.586
16 1306   0.00510808 0.0119663 785.948
16 1307   0.00481698 0.0117732 758.725
16 1309   0.00492606 0.0115214 715.4
16 1331   -0.00477598 -0.0124777 856.844
16 1332   -0.00435788 -0.0122932 860.19
16 1333   -0.00504788 -0.012071 807.395
16 1334   -0.00492538 -0.0117317 770.117
16 1336   -0.00430969 -0.0118733 804.502
16 1337   -0.00460529 -0.0117185 767.552
16 1349   0.00431672 0.0118625 773.286
16 1350   0.0045532 0.0117386 751.463
16 1374   -0.0374908 -0.0216513 844.949
16 1375   -0.0367089 -0.0228769 956.431
16 1376   -0.0358559 -0.0206128 903.692
16 1377   -0.035074 -0.0218384 962.935
16 1420   -0.0510348 0.0337472 671.029
16 1453   0.00399237 0.0158332 968.866
16 1454   0.00236199 0.0156707 968.605
16 1455   0.00281029 0.0164503 965.445
16 1456   0.00419918 0.0142038 953.564
16 1457   0.00395584 0.0150733 968.48
16 1458   0.00313231 0.0150339 968.894
16 1459   0.00263986 0.0138517 944.575
16 1460   0.00360939 0.0139246 947.73
16 1461   0.0031419 0.0144043 961.541
16 1462   0.00338624 0.0133986 931.709
16 1463   0.00282847 0.0133454 924.451
16 1464   0.00262638 0.0127369 905.703
16 1465   0.00351552 0.012956 920.793
16 1466   0.00314965 0.0122086 938.26
16 1467   0.00307969 0.0125874 921.712
16 1468   0.00425581 0.0128042 893.883
16 1469   0.00387857 0.012788 910.729
16 1470   0.00426465 0.0121721 829.842
16 1471   0.00451944 0.0124278 847.765
16 1472   0.00354225 0.0122547 929.898
16 1473   0.00383534 0.0124655 906.046
16 1474   0.00395779 0.012226 886.141
16 1477   0.00377816 0.0119967 936.312
16 1478   0.00355125 0.0120335 945.111
16 1497   -0.0356252 0.021029 933.892
16 1502   -0.0386394 0.0165022 967.316
16 1505   -0.0406411 0.0185133 963.941
16 1506   -0.039209 0.0176699 957.395
16 1507   -0.0380697 0.0186678 923.5
16 1508   -0.0398772 0.0203183 912.741
16 1509   -0.0384451 0.0203084 739.186
16 1522   -0.0386078 -0.018839 886.753
16 1524   -0.0398259 -0.0169111 965.862
16 1525   -0.0387181 -0.0155721 969.222
16 1545   -0.00508583 -0.0114459 727.023
16 1546   -0.00523363 -0.0113684 725.149
16 1581   -0.0109434 0.0209711 969.302
16 1582   -0.00907561 0.0209711 946.226
16 1587   -0.00688147 0.0147756 894.809
16 1588   -0.00626295 0.0163895 926.575
16 1589   -0.0050259 0.016284 921.574
16 1590   -0.00389215 0.0148065 896.924
16 1591   -0.00627661 0.0135629 848.141
16 1592   -0.00396049 0.0127622 758.803
16 1593   -0.00452434 0.0136993 830.813
16 1594   -0.00630395 0.0117795 786.304
16 1595   -0.00689514 0.0125427 838.339
16 1597   -0.00482597 0.0120174 710.26
16 1598   -0.00541716 0.0117076 725.696
16 1599   0.00616055 -0.0136447 782.635
16 1600   0.00490401 -0.0137975 759.632
16 1601   0.00441753 -0.0128798 725.811
16 1602   0.00685645 -0.0126994 800.151
16 1603   0.00626526 -0.0118252 782.952
16 1604   0.00537847 -0.0116979 740.585
16 1605   0.00478728 -0.0120076 720.61
16 1608   -0.00661057 -0.0170493 926.462
16 1611   -0.0057919 -0.018196 921.656
16 1612   -0.00668133 -0.0192362 828.683
16 1613   -0.0483665 -0.0311385 694.814
16 1614   -0.0498317 -0.0286816 711.97
16 1615   -0.0503022 -0.0337715 672.121
16 1618   -0.0517674 -0.0325431 674.148
16 1619   -0.0517674 -0.0300861 689.421
16 1620   0.000690345 -0.0236333 874.363
16 1621   0.00401026 -0.0279035 707.822
16 1622   0.00404021 -0.0218473 814.67
16 1623   0.00582507 -0.0240096 748.033
16 1648   0.0056852 -0.0323144 674.812
16 1649   0.0056852 -0.0296288 686.38
16 1666   0.000752826 -0.0126189 864.113
16 1681   -0.0492247 0.0260067 789.386
16 1682   -0.0434807 0.0258118 906.435
16 1683   -0.0459494 0.02453 893.067
16 1684   -0.0491201 0.0311767 690.556
16 1685   -0.0505853 0.0286711 709.37
16 1686   -0.0461898 0.0324295 705.539
16 1687   -0.0438256 0.029794 814.496
16 1688   0.00568332 0.0319745 678.532
16 1689   0.00568332 0.028949 700.865
16 1729   0.000901085 0.0124749 761.792
16 1730   0.000989677 0.0124605 749.879
16 1769   0.00655409 0.010733 829.879
16 1770   0.00696343 0.0115765 804.228
16 1771   0.00634493 0.0111342 809.985
16 1772   0.00609945 0.0119541 806.859
16 1773   0.00651779 0.0116267 805.639
16 1774   0.00536271 0.0118111 777.086
16 1775   0.00571743 0.011744 786.943
16 1776   0.00528078 0.0113356 724.457
16 1777   0.00518985 0.011556 741.566
16 1778   0.00600387 0.0112212 798.43
16 1779   0.0057947 0.0115036 781.806
16 1780   0.00553091 0.0113503 760.894
16 1782   0.00562184 0.0111298 774.271
16 1783   0.00585832 0.0110059 805.956
16 1824   -0.0315131 -0.0337256 928.037
16 1825   -0.029605 -0.0286768 946.875
16 1826   -0.0281257 -0.0312256 941.732
16 1827   -0.0346736 -0.0324046 916.295
16 1828   -0.0337502 -0.0298558 932.691
16 1833   -0.0511394 0.0177494 920.264
16 1834   -0.0457964 0.0167981 950.255
16 1835   -0.0485177 0.0154604 943.009
16 1836   -0.0497787 0.0204988 904.227
16 1837   -0.0470574 0.0197559 925.429
16 1864   -0.0511078 -0.0172585 922.532
16 1865   -0.0483233 -0.0182698 928.473
16 1866   -0.0499362 -0.0144776 941.801
16 1867   -0.0473725 -0.0139552 950.659
16 1868   -0.0457595 -0.0159946 952.361
16 1869   0.000109696 -0.0140144 932.115
16 1870   0.0004735 -0.0136899 913.118
16 1871   -0.000254929 -0.0136968 951.428
16 1872   -0.000255037 -0.0133791 956.061
16 1873   -2.84286e-05 -0.0129083 951.474
16 1874   0.000412302 -0.0132628 913.811
16 1875   4.83891e-05 -0.0132697 940.041
16 1876   0.000197497 -0.0127903 928.143
16 1877   0.000544155 -0.0127602 897.105
16 1878   0.000456217 -0.0129894 908.847
16 1880   0.000367786 -0.0125478 899.68
16 1881   0.000203084 -0.0125745 912.15
16 1917   -0.0348101 -0.0260814 959.011
16 1918   -0.0357094 -0.0285348 934.857
16 1919   -0.0381483 -0.0284415 922.624
16 1920   -0.0384126 -0.0258009 954.47
16 1921   -0.0367556 -0.0246686 967.574
16 1933   0.00738176 0.0102994 598.029
16 1935   0.00726352 0.0110736 786.882
16 1938   0.00714528 0.0104233 756.109
16 1939   0.00702705 0.0107227 788.983
16 2031   -0.00446154 -0.0320434 836.086
16 2032   0.000488145 -0.0322241 711.201
16 2033   -0.00132666 -0.0335669 736.427
16 2034   -0.00404193 -0.0268673 906.879
16 2035   -0.00564175 -0.0287946 900.883
16 2036   0.000628017 -0.0291559 740.416
16 2037   -0.000907044 -0.027048 840.899
16 2047   -0.0435951 0.0121596 962.496
16 2048   -0.0387389 0.0115945 967.329
16 2049   -0.0412168 0.00983993 964.27
16 2050   -0.0422566 0.0145831 966.364
16 2051   -0.0398783 0.0147915 969.258
16 2091   0.00665566 0.0151411 966.854
16 2094   0.00689981 0.0134588 900.472
16 2095   0.00605547 0.0140899 939.917
16 2101   -0.0334984 0.0321346 924.039
16 2102   -0.0360929 0.0322879 910.079
16 2103   -0.0365103 0.0294992 924.09
16 2104   -0.0325223 0.0291926 942.003
16 2105   -0.0346288 0.0278749 945.973
16 2139   -0.0272782 0.02125 961.393
16 2140   -0.0253857 0.02375 956.547
16 2141   -0.0304749 0.0268369 953.561
16 2142   -0.0280656 0.027279 951.57
16 2143   -0.0332007 0.0241159 966.51
16 2144   -0.0309294 0.0243369 962.437
16 2145   -0.0304126 0.022279 965.407
16 2146   -0.0324254 0.021029 969.177
16 2147   -0.0337505 0.022058 969.278
16 2154   -0.0258087 -0.0325 942.165
16 2157   -0.0224727 -0.0297265 946.081
16 2158   -0.0203028 -0.0322265 941.646
end
