613
52 235   0.00556727 -0.00214731 815.458
52 236   0.00147692 -0.00454071 861.433
52 237   0.00342616 -0.000979358 826.35
52 238   -0.00461999 0.00112714 818.032
52 239   0.00137972 -0.00217412 841.821
52 240   0.0032769 0.00125545 810.288
52 241   -0.00064836 -0.00107271 831.644
52 242   -0.00658658 0.00210668 799.255
52 243   -0.00265526 -0.00217538 813.847
52 244   -0.00261936 0.002298 845.33
52 245   -0.000652729 0.00115585 836.141
52 246   -0.00275528 -0.00433629 802.507
52 247   -0.00466027 -0.00111768 797.507
52 248   0.00122609 0.00228925 826.122
52 249   0.00545322 -0.00428303 860.972
52 250   0.00340931 -0.00548167 887.681
52 251   0.00732765 -0.00111127 765.089
52 252   0.00493477 0.00242477 786.77
52 253   -0.00247998 0.00433434 868.108
52 254   -0.00862229 0.00484898 800.199
52 255   -0.000642356 0.00552329 852.453
52 256   -0.00664409 0.00407591 839.774
52 257   0.00455306 0.00447043 785.056
52 258   0.00609621 0.00548264 771.551
52 259   0.00860067 -0.00526306 808.881
52 260   -0.00629283 -0.00211929 773.121
52 261   -0.00819314 0.00105735 748.582
52 262   0.00681944 -0.00537165 871.385
52 263   0.00980699 -0.00438737 753.237
52 264   0.00656341 0.00185343 766.315
52 265   -0.00529013 0.0052126 886.043
52 266   0.00968937 -0.00304473 736.765
52 267   0.00368231 -0.00714082 910.658
52 268   -0.00375267 0.00533901 888.19
52 269   0.0088772 -0.00179577 736.856
52 270   -0.00779698 -0.0015534 747.887
52 271   -0.000890633 0.00714157 863.671
52 272   0.00736809 0.000604851 751.157
52 273   -0.0100655 0.00423443 750.893
52 274   -0.0101058 0.00283949 729.738
52 275   0.00787249 0.00288318 761.125
52 276   -0.00841169 -0.000445085 732.879
52 277   -0.00560919 0.00676583 910.891
52 278   0.00631463 -0.0069495 911.109
52 279   -0.00951182 0.00165082 726.55
52 280   -0.00661516 0.00720524 915.726
52 281   0.00522141 -0.00752004 929.338
52 282   -0.00445491 0.00760817 927.89
52 283   0.00300445 -0.00810332 923.339
52 284   0.0110455 -0.00256996 708.484
52 285   -0.00871721 -0.00262187 752.472
52 286   0.00229927 -0.00860835 921.48
52 287   0.00869227 0.00104069 723.167
52 288   0.00892376 0.00221357 733.685
52 289   -0.00445026 0.00863592 955.968
52 290   0.0097517 -0.000732379 711.545
52 291   -0.0112028 0.0025216 708.901
52 292   0.00527629 -0.00861073 959.371
52 293   -0.0102849 0.000670895 708.29
52 294   -0.00588105 0.0091928 967.494
52 295   -0.0096458 -0.00235658 713.123
52 296   -0.00961122 -0.000645939 708.61
52 297   -0.0114252 0.00140113 702.457
52 298   -0.0111012 0.000739095 703.37
52 299   0.00940668 0.000708484 709.197
52 300   0.0110218 -0.00158949 701.84
52 301   0.00971314 0.000104209 707.494
52 302   0.00457294 -0.00906903 965.974
52 303   -0.00378016 0.00918668 962.902
52 304   -0.00513188 0.00909482 967.67
52 305   0.00971231 0.00237449 709.059
52 306   0.0038402 -0.00894084 958.112
52 307   -0.0101657 -0.000123428 704.804
52 308   0.0105401 -0.00100087 704.941
52 309   -0.0103022 -0.00263957 694.624
52 310   -0.0115056 -7.46515e-06 698.664
52 311   0.0102303 0.00267291 695.91
52 312   -0.0100129 -0.00126919 700.3
52 313   0.0104903 0.000446959 697.326
52 314   0.0115841 -0.00120995 699.296
52 315   -0.010034 -0.00174534 698.303
52 316   0.0108997 0.00017692 696.337
52 317   -0.00490461 0.00984552 949.352
52 318   0.00998635 0.00126821 699.029
52 319   -0.0107479 -0.000560084 696.517
52 320   -0.0112714 -0.000512321 694.467
52 321   0.0105169 0.00103199 693.005
52 322   0.0109109 -0.000434322 700.121
52 323   -0.00405786 0.00986097 963.694
52 324   0.0116377 -4.93114e-05 696.128
52 325   0.0113805 0.000455271 692.314
52 326   0.0100605 0.00176134 696.711
52 327   -0.0106572 -0.00107624 692.801
52 328   0.0113922 -0.000570847 699.011
52 329   -0.005282 0.0101758 907.471
52 330   -0.00450069 0.0100609 928.362
52 331   0.0115715 0.000899663 687.565
52 332   -0.0106843 -0.00188835 686.175
52 333   0.0108708 0.00133345 686.583
52 334   -0.00382143 0.0102588 938.89
52 335   -0.0115955 -0.000938774 689.37
52 336   -0.00347442 0.0102647 959.408
52 337   -0.0110102 -0.00133815 686.653
52 338   -0.0114249 -0.00124845 685.339
52 339   -0.0108769 -0.00217769 681.756
52 340   0.0105121 0.00189893 688.163
52 341   0.0114566 0.00120025 683.983
52 342   -0.0110162 -0.00167411 682.847
52 343   0.010697 0.00221659 684.354
52 344   0.0112102 0.00132736 683.418
52 345   -0.00517001 0.0105464 846.714
52 346   0.0107918 0.00170726 684.523
52 347   -0.00449707 0.0104762 841.117
52 348   0.0110215 0.00215947 678.882
52 349   -0.00404332 0.0105573 864.072
52 350   0.0110442 0.00187877 679.72
52 351   -0.0112703 -0.00218459 675.231
52 352   -0.011326 -0.00177214 678.209
52 353   0.011713 0.00145502 680.287
52 354   -0.00491488 0.0107058 801.297
52 355   0.0112179 0.00224824 675.684
52 356   -0.0115982 -0.00145829 681.982
52 357   -0.00427613 0.0105747 826.97
52 358   -0.0046425 0.0106554 787.719
52 359   0.0113264 0.00163816 678.831
52 360   0.0112394 0.00181576 677.653
52 361   -0.00476838 0.0107299 769.474
52 362   -0.0114933 -0.00164602 679.004
52 363   0.0116584 0.00164051 677.402
52 364   0.0115182 0.00169655 676.704
52 365   0.0113934 0.00209508 673.386
52 366   -0.0113912 -0.00193113 675.409
52 367   -0.00431417 0.0107941 757.87
52 368   0.0113921 0.00194329 674.531
52 369   -0.011387 -0.00205977 674.08
52 370   -0.00400806 0.010736 822.924
52 371   0.0115392 0.00186713 674.003
52 372   -0.0117688 -0.00146051 682.333
52 373   -0.0116297 -0.0017235 677.41
52 374   0.00439519 -0.0109515 593.974
52 375   -0.00419605 0.0108402 761.507
52 376   0.0115318 0.00212708 671.252
52 377   -0.00441868 0.0108665 691.198
52 378   0.0116513 0.00192615 672.352
52 379   -0.0117346 -0.00163322 679.388
52 380   -0.0047071 0.0109406 609.736
52 381   -0.00452608 0.0108263 706.706
52 382   -0.0115629 -0.00210559 671.202
52 383   0.0117729 0.00174709 676.001
52 384   -0.0117955 -0.00170298 678.654
52 385   -0.0117491 -0.00187322 675.067
52 386   0.0116702 0.00201906 670.512
52 387   0.0117447 0.00189283 673.272
52 388   -0.00456177 0.0109282 568.948
52 389   -0.00441806 0.0109777 532.656
52 390   -0.00461692 0.010968 476.41
52 391   0.0117728 0.00184047 674.492
52 392   0.0116353 0.00206973 670.176
52 393   -0.00449858 0.0109929 433.881
52 394   -0.0117955 -0.00182295 676.675
52 395   -0.0117668 -0.00194359 673.794
52 396   0.0117991 0.00195405 672.834
52 397   0.0117478 0.00203193 669.658
52 398   0.00454966 -0.0111015 2.78723
52 455   -0.00670495 0.00819411 943.829
52 456   -0.0064435 0.00888042 965.427
52 457   -0.00752489 0.00846273 938.21
52 458   -0.00705216 0.00928107 964.636
52 459   -0.00747472 0.009017 959.385
52 484   -0.00823633 0.00801742 914.745
52 485   -0.00885501 0.00632293 836.229
52 486   -0.0078547 0.00694947 895.643
52 487   0.00909109 -0.00658364 838.283
52 515   -0.00430114 -0.00538268 784.893
52 516   -0.00435661 -0.00721943 775.266
52 517   -0.00583368 -0.00422338 778.004
52 518   -0.00638263 -0.00684459 775.935
52 519   -0.00545625 -0.00760424 798.853
52 524   0.00718339 -0.00748651 916.674
52 525   0.00817862 -0.00722924 897.011
52 526   0.00853147 -0.0077765 905.399
52 569   0.00607122 0.00682488 777.197
52 570   0.00514484 0.00758453 791.94
52 587   0.000110395 -0.00569611 841.994
52 588   -0.00141274 -0.00550431 810.875
52 589   0.000356858 -0.00740976 838.578
52 590   -0.000667606 -0.00836564 775.906
52 591   -0.00033188 -0.00939593 744.653
52 624   0.00808599 0.00394768 777.675
52 625   0.00748802 0.00498579 776.022
52 733   -0.00450445 0.0110425 269.614
52 753   0.00450477 -0.0109823 456.305
52 754   0.00479853 -0.00962096 966.257
52 755   0.00525247 -0.00994448 937.318
52 756   0.00523596 -0.0105166 856.734
52 757   0.0051636 -0.0102444 895.861
52 758   0.00485242 -0.010207 898.016
52 759   0.00494585 -0.0107405 796.964
52 760   0.00482607 -0.010425 852.405
52 761   0.00502347 -0.0105334 840.029
52 762   0.00268747 -0.00964065 960.41
52 765   0.00357422 -0.0094679 966.523
52 766   0.00312667 -0.00966267 965.914
52 767   0.00323444 -0.0101466 968.717
52 768   0.00387362 -0.00982939 968.01
52 769   0.00364148 -0.0101436 961.486
52 770   0.00450794 -0.0101403 921.549
52 771   0.00436518 -0.00985425 959.267
52 773   0.00376184 -0.0104317 926.582
52 774   0.00407944 -0.0107185 815.211
52 775   0.00401364 -0.0104533 891.164
52 776   0.00425981 -0.0103539 887.872
52 777   0.00465961 -0.0105378 820.721
52 778   0.00443783 -0.0105333 828.184
52 779   0.00443296 -0.0108245 724.91
52 780   0.00432037 -0.0107041 787.626
52 781   0.0045896 -0.0107859 737.7
52 782   0.00469879 -0.01067 786.314
52 783   0.00478763 -0.0107643 767.454
52 784   0.0047179 -0.0108861 686.216
52 785   0.00462381 -0.0108769 663.343
52 787   0.0047299 -0.0109535 629.748
52 790   0.00465994 -0.0110158 391.897
52 791   0.00467015 -0.010972 529.799
52 792   0.00457165 -0.0109681 478.439
52 793   0.00460849 -0.0109425 551.266
52 794   0.0046142 -0.0110269 305.807
52 795   0.00458757 -0.0110086 366.879
52 797   0.00459749 -0.011056 133.545
52 803   0.00449111 -0.0110346 315.976
52 809   0.011799 0.00198336 672.465
52 810   0.0117832 0.00200416 671.18
52 812   0.0118097 0.00202467 674.029
52 813   0.0118113 0.00201569 672.682
52 814   0.0118255 0.00201558 700.638
52 815   0.0118255 0.00202338 725.217
52 822   0.00571689 -0.00997224 934.606
52 825   0.00598073 -0.00949457 964.859
52 826   0.00595186 -0.00888626 966.11
52 828   0.00673752 -0.00942587 961.965
52 829   0.00645925 -0.00959939 953.925
52 840   0.00703862 -0.00816242 939.634
52 841   0.00654969 -0.00860352 958.832
52 842   0.00685683 -0.00903832 967.805
52 843   0.00807524 -0.0080993 920.465
52 844   0.00757762 -0.00822794 933.578
52 845   0.0076489 -0.00863289 941.447
52 847   0.00755079 -0.00891876 952.151
52 848   0.00728329 -0.00908556 966.629
52 975   -0.00364409 -0.0081731 758.373
52 980   -0.00224607 -0.00750437 779.293
52 981   -0.0017474 -0.00865206 768.621
52 994   -0.0084939 -0.00374581 782.662
52 997   -0.00711452 -0.00478143 776.678
52 998   -0.0071448 -0.00594571 766.819
52 1021   -0.00100252 0.00928313 815.013
52 1022   -0.00160114 0.00926163 878.572
52 1045   0.000566051 -0.00936368 774.175
52 1046   0.0016769 -0.00886423 881.759
52 1047   0.000991894 -0.00842929 850.335
52 1048   -5.06222e-05 0.00791114 818.839
52 1049   -0.00048568 0.00883297 804.469
52 1050   0.000756137 0.00522615 824.05
52 1051   0.00143804 0.00401457 818.993
52 1052   0.00310714 0.00502643 794.389
52 1053   0.00185912 0.00634879 796.748
52 1054   0.00299136 0.00612722 787.93
52 1055   0.00354797 0.00826667 757.422
52 1056   0.00394909 0.00729329 772.408
52 1057   0.00110007 0.00790219 783.313
52 1058   0.00188372 0.00733049 784.114
52 1059   0.00261485 0.00808229 768.109
52 1060   0.00126364 0.00884553 758.745
52 1061   0.00221229 0.00913642 763.588
52 1063   0.000163707 0.00938071 745.461
52 1064   0.000762328 0.00940221 738.645
52 1148   0.00825166 -0.00837293 928.306
52 1149   0.00804137 -0.00863557 940.69
52 1214   -0.00609254 0.00984166 944.822
52 1215   -0.00572077 0.010074 925.609
52 1422   -0.00354736 0.00729322 913.313
52 1423   -0.00316418 0.00657728 900.983
52 1424   -0.00213976 0.00719089 895.666
52 1425   -0.0019797 0.00874662 908.413
52 1426   -0.00285074 0.00791805 914.465
52 1427   -0.00219515 0.00789561 902.336
52 1428   -0.00321247 0.00904151 952.091
52 1429   -0.00283881 0.00852254 927.14
52 1430   -0.00243177 0.00901558 933.989
52 1431   -0.00316609 0.00997563 969.382
52 1432   -0.00303188 0.0095419 962.66
52 1433   -0.00257897 0.00952719 957.323
52 1435   -0.00293833 0.0100857 969.377
52 1438   -0.00271318 0.00996092 967.769
52 1439   -0.00248803 0.00983612 964.703
52 1532   -0.0118132 -0.00194667 674.999
52 1536   -0.011805 -0.00197815 674.267
52 1537   -0.0118215 -0.00198978 675.538
52 1538   -0.0116149 -0.00182091 675.572
52 1539   -0.0116734 -0.00186616 674.643
52 1540   -0.0115438 -0.00190241 674.291
52 1541   -0.0115961 -0.00203282 671.572
52 1542   -0.0115727 -0.00195828 673.074
52 1543   -0.0116317 -0.00193704 673.078
52 1544   -0.0117061 -0.00206203 669.904
52 1545   -0.0116522 -0.00203754 670.912
52 1546   -0.011658 -0.00198562 671.917
52 1547   -0.0117255 -0.00202814 670.554
52 1548   -0.0117339 -0.00197717 672.217
52 1549   -0.011701 -0.00199303 671.592
52 1550   -0.0117752 -0.00203648 670.383
52 1551   -0.011753 -0.00202563 670.679
52 1552   -0.0117584 -0.00200062 671.758
52 1553   -0.0117821 -0.00202106 671.312
52 1554   -0.0117899 -0.00199474 672.947
52 1555   -0.0117763 -0.00200228 672.062
52 1556   -0.011812 -0.00200909 674.056
52 1557   -0.0117945 -0.00202 671.882
52 1558   -0.0117969 -0.00200704 672.808
52 1559   -0.0118208 -0.00201582 677.945
52 1560   -0.01181 -0.00202296 672.857
52 1570   -0.0046059 0.0110423 240.842
52 1572   -0.00457504 0.0110471 181.991
52 1573   -0.00453204 0.011072 76.6005
52 1574   -0.00454105 0.0110475 195.992
52 1579   -0.00458327 0.0110709 69.7334
52 1582   -0.00455059 0.011074 53.723
52 1583   -0.00456813 0.0110876 10.9909
52 1584   -0.00456784 0.0110733 54.5732
52 1585   -0.00455507 0.0110989 4.165
52 1588   -0.00455543 0.0110908 8.03041
52 1589   -0.00454583 0.0110867 14.5148
52 1590   0.00455715 -0.011028 279.821
52 1591   0.00453018 -0.0110713 50.3369
52 1592   0.00452757 -0.0110399 253.502
52 1593   0.00457902 -0.0110584 110.06
52 1594   0.00456531 -0.0110486 148.397
52 1595   0.00455461 -0.0110709 40.3429
52 1596   0.00455777 -0.0110964 3.50549
52 1599   0.00456252 -0.0110843 11.6376
52 1600   0.00457493 -0.0110783 30.6751
16 399   -0.0449779 0.00318531 917.417
16 400   -0.0176974 -0.0270175 902.043
16 401   -0.0233036 -0.03 899.851
16 402   -0.045157 -0.00300393 917.425
16 403   -0.0499779 0.00824195 910.791
16 404   -0.0399779 0.0081887 924.476
16 405   -0.0279446 -0.0274514 903.72
16 406   -0.0477803 -0.0217979 822.881
16 407   -0.0398074 -0.0323581 766.889
16 408   -0.032198 0.0320579 880.55
16 409   -0.0411387 -0.00655359 920.821
16 410   -0.036185 -0.0298095 870.907
16 411   -0.0322715 -0.0324514 878.394
16 412   -0.0435112 -0.0297251 732.759
16 413   -0.0160705 -0.0220175 911.824
16 414   -0.0497157 -0.0177642 874.519
16 415   -0.000201753 0.0238333 772.783
16 416   -0.0384817 -0.00727839 925.079
16 417   0.00451428 -0.022663 788.406
16 418   -0.00191078 0.0214545 876.718
16 419   0.0011167 -0.018102 896.582
16 420   0.00314001 -0.019409 883.751
16 421   -0.00113971 0.0185482 877.437
16 422   0.00675892 -0.0226539 775.747
16 423   0.00174687 -0.0157718 911.62
16 424   0.000621141 -0.0142973 901.547
16 425   -0.00302805 0.0174276 921.037
16 426   0.00534282 -0.0157297 942.687
16 427   0.00372834 -0.0150076 944.056
16 428   -0.00316477 0.015751 927.843
16 429   -0.00590102 0.0158504 968.411
16 430   -0.00683169 0.0147221 966.435
16 431   -0.00457534 0.0152919 960.419
16 432   -0.00441435 0.0140526 965.997
16 433   -0.00618947 0.0136933 953.737
16 434   -0.00509779 0.0135823 966.163
16 435   -0.00660865 0.0124224 863.304
16 436   -0.00630851 0.0129312 908.941
16 437   -0.00488931 0.0128239 936.945
16 438   -0.00543172 0.012544 882.382
16 439   -0.00597872 0.0117684 814.767
16 440   -0.00528397 0.0120701 819.319
16 441   -0.00597845 0.0113057 803.968
16 442   -0.00553084 0.0118033 799.113
16 443   -0.00558482 0.011161 789.424
16 444   -0.00527104 0.0114765 761.829
16 445   -0.00484993 0.0115396 702.2
16 446   -0.0053253 0.011297 764.694
16 447   -0.00502541 0.0114476 721.559
16 462   -0.00513011 -0.0128388 749.017
16 463   -0.0063125 -0.013886 821.301
16 464   -0.00572642 -0.0117626 750.139
16 465   -0.00690881 -0.0111431 834.043
16 472   0.00239994 0.023438 724.049
16 473   0.00458093 0.0256227 696.997
16 474   0.00313803 0.0209773 738.625
16 475   0.00677516 0.0164106 746.126
16 476   0.00568467 0.0182412 736.87
16 477   0.00414309 0.0139905 726.462
16 478   0.00605032 0.0151414 748.946
16 479   0.00460064 0.0156911 739.167
16 480   0.00500158 0.0124774 739.922
16 481   0.00690881 0.0109464 839.617
16 482   0.00677516 0.013458 770.186
16 483   0.00618397 0.0124945 774.859
16 488   -0.00715792 0.0122425 848.529
16 490   -0.0063336 0.010962 814.196
16 491   -0.0443267 -0.0225632 870.668
16 492   -0.042988 -0.0255765 842.523
16 493   0.00154433 -0.0128943 923.158
16 495   -0.0497787 0.0184182 865.628
16 496   -0.0473097 0.0259417 738.486
16 497   -0.0511393 0.023991 739.834
16 498   -0.048418 0.0211676 830.939
16 499   -0.0440342 0.024465 845.15
16 500   -0.0451425 0.0217715 875.778
16 509   -0.00732029 0.0334769 778.015
16 510   -0.00999191 0.0304307 856.89
16 511   -0.00293105 0.0307081 724.26
16 512   -0.00298991 0.027253 774.734
16 513   -0.00615989 0.0267711 870.35
16 514   -0.00877265 0.02718 886.496
16 527   -0.0355062 0.0307402 863.245
16 528   -0.0410049 0.0310468 757.677
16 529   -0.0391942 0.0336823 763.151
16 530   -0.0359226 0.0279515 890.563
16 531   -0.0387113 0.028258 864.873
16 541   -0.0138873 -0.0320175 882.093
16 544   -0.0046033 -0.0304438 781.082
16 545   -0.0100803 -0.0305262 867.13
16 546   -0.00736382 -0.0335087 796.431
16 547   -0.00876693 -0.0275025 886.969
16 548   -0.00587258 -0.0274201 862.901
16 571   0.0026459 -0.013038 953.106
16 572   0.00370418 -0.0136768 964.271
16 573   0.00427427 -0.0132359 968.063
16 574   0.00274859 -0.0123764 962.292
16 578   0.0032427 -0.0122962 969.377
16 596   -0.0284978 -0.0224514 917.079
16 597   -0.0360479 -0.0260352 910.63
16 598   -0.0326877 -0.0236772 924.971
16 599   -0.00213541 0.0148303 903.546
16 600   -0.00119877 0.012909 810.446
16 601   -0.00349922 0.0136576 950.839
16 602   -0.00211534 0.0131934 897.459
16 603   -0.00263086 0.0139761 916.973
16 610   0.000582565 0.0179692 809.095
16 611   0.00241319 0.0191011 760.271
16 612   0.00351014 0.0167497 744.953
16 613   0.00386933 0.0180307 745.15
16 614   0.00204959 0.0163271 752.267
16 615   0.00057815 0.0164761 797.414
16 616   -0.000646479 0.0152186 839.153
16 617   0.00289309 0.0137705 714.937
16 618   0.00189008 0.0150485 735.301
16 619   -1.48033e-05 0.0135106 744.604
16 620   0.000299797 0.0145747 767.813
16 621   0.00118397 0.0128879 699.087
16 622   0.00250158 0.0126741 699.62
16 626   -0.0242279 0.0325 895.787
16 627   -0.0288072 0.0295579 899.204
16 628   -0.0263154 0.0225 913.112
16 629   -0.0297162 0.0245579 915.073
16 630   -0.0220865 0.0247269 906.471
16 631   -0.020908 0.0297269 898.695
16 632   -0.0142458 0.0241807 911.5
16 633   -0.016157 0.0322269 885.265
16 634   -0.0136596 0.0291807 887.992
16 636   -0.0195101 0.0222269 908.823
16 637   -0.0163333 0.0222269 911.569
16 640   -0.00407589 0.0221697 914.734
16 641   -0.00553685 0.0240667 908.093
16 662   0.00671709 -0.0149529 961.77
16 663   0.00632564 -0.0140816 969.433
16 664   0.00710855 -0.0137218 964.271
16 665   0.00719272 -0.012361 866.268
16 666   0.00680127 -0.0130436 930.817
16 667   0.00683222 -0.0118903 829.317
16 668   0.00621766 -0.0120878 837.948
16 669   0.00610517 -0.0110767 805.627
16 670   0.00590737 -0.0117476 806.474
16 671   0.00590133 -0.0113726 796.061
16 673   0.0055378 -0.0112172 778.089
16 674   0.00533094 -0.0113256 756.075
16 681   0.00497397 -0.0132916 959.085
16 682   0.0056269 -0.0135832 965.481
16 683   0.00587943 -0.0125857 884.869
16 684   0.00610253 -0.0130708 935.366
16 685   0.00492741 -0.0127233 909.169
16 686   0.00535724 -0.0125298 873.388
16 687   0.00522751 -0.0121123 811.526
16 688   0.0054394 -0.0118281 789.351
16 689   0.0052265 -0.0115615 751.516
16 690   0.00492655 -0.0115295 692.576
16 691   0.00474642 -0.0116239 690.023
16 696   0.00417824 -0.0120869 804.099
16 697   0.00453116 -0.0122643 833.343
16 698   0.00456896 -0.0117169 714.952
16 699   0.00474708 -0.0119859 778.411
16 700   0.00400849 -0.0121461 865.113
16 702   0.00379245 -0.0125036 949.233
16 703   0.00348975 -0.0122561 963.407
16 818   0.00729314 -0.0103598 623.17
16 819   0.0071395 -0.0112889 791.421
16 820   0.00672577 -0.0110029 793.871
16 821   0.00687941 -0.0105765 775.13
16 869   -0.00688314 0.0109595 788.402
16 870   -0.00715792 0.0113863 797.51
16 872   -0.00736261 0.0103574 579.265
16 873   -0.00708784 0.0105014 743.835
16 874   -0.0403084 -0.024248 911.342
16 875   -0.0379856 -0.0246224 924.421
16 876   -0.0371086 -0.0222643 954.134
16 907   -0.0399747 0.0226323 940.958
16 908   -0.0411451 0.0249968 895.641
16 909   -0.0391966 0.0261903 896.319
16 923   -0.00328892 -0.0127319 711.709
16 924   -0.00223569 -0.0142418 793.937
16 925   -0.000923191 -0.0136892 810.592
16 933   -0.00183006 -0.022432 883.473
16 934   -0.00113135 -0.0192931 894.157
16 935   -0.00449568 -0.024077 898.893
16 936   -0.00603259 -0.0221419 940.258
16 937   -0.0026992 -0.0170144 881.066
16 938   -0.00612232 -0.018499 930.997
16 939   -0.00493482 -0.0165516 877.087
16 948   -0.050157 -0.00544898 913.954
16 951   -0.0485442 -0.0149834 900.125
16 952   -0.0489855 -0.00941755 910.851
16 953   -0.0513285 -0.0114736 905.314
16 954   -0.0435751 -0.0109746 918.41
16 955   -0.0464218 -0.0113935 911.576
16 956   -0.0459806 -0.014461 908.472
16 957   -0.0421363 -0.0127695 924.269
16 958   -0.0433703 -0.0152279 919.388
16 959   -0.0396999 -0.0119606 930.893
16 960   -0.0387182 -0.0134075 937.938
16 961   -0.04237 -0.0198685 925.596
16 962   -0.0420418 -0.0170893 932.027
16 963   -0.0389929 -0.0207109 922.573
16 964   -0.0405393 -0.0215623 951.462
16 965   -0.0386079 -0.0180057 965.101
16 966   -0.039826 -0.0160779 948.66
16 967   -0.0471569 0.0161292 900.251
16 968   -0.0473562 0.0130368 906.319
16 969   -0.0423562 0.0130368 925.349
16 970   -0.0386393 0.0173355 961.69
16 971   -0.0432963 0.016798 919.947
16 972   -0.0410176 0.0154603 937.702
16 973   -0.0426425 0.019691 921.366
16 974   -0.0403638 0.0200199 950.846
16 982   -0.00437574 0.0187152 949.485
16 983   -0.0061149 0.0206986 926.631
16 984   -0.00465251 0.020551 952.135
16 985   -0.00583813 0.0175971 968.215
16 986   -0.00676881 0.0186605 952.499
16 999   0.00640951 0.0242544 700.041
16 1001   0.00640951 0.0201174 724.973
16 1002   0.00531902 0.021783 716.71
16 1008   -0.0112614 0.0229307 926.95
16 1009   -0.00995645 0.0209769 955.868
16 1010   -0.00945599 0.02468 914.737
16 1011   -0.00749713 0.0234987 936.171
16 1012   -0.00749857 0.0217493 940.163
16 1028   -0.0510348 0.0324944 672.62
16 1031   -0.0472051 0.029859 696.189
16 1032   -0.0442747 0.0323645 702.782
16 1038   -0.0461689 -0.032367 687.024
16 1104   -0.0345566 0.021029 958.827
16 1105   -0.0329382 0.0230869 932.882
16 1106   -0.0348484 0.0252982 918.205
16 1107   -0.037441 0.0226435 954.417
16 1108   -0.037217 0.0248547 923.091
16 1154   -0.00142458 -0.0305494 725.286
16 1155   -2.82338e-05 -0.0258807 775.016
16 1156   0.00343486 -0.0261742 724.112
16 1159   0.00385901 -0.0336143 676.637
16 1160   0.000218022 -0.0336143 695.067
16 1178   0.000221424 0.0322312 691.606
16 1181   0.00568333 0.0322419 672.208
16 1182   0.00385475 0.0294732 682.817
16 1198   -0.0117154 -0.0230262 919.13
16 1199   -0.00808899 -0.022985 945.435
16 1200   -0.00944643 -0.0250025 910.952
16 1243   -0.00926835 -0.0210087 955.368
16 1244   -0.0114476 -0.0210087 933.166
16 1258   -0.0505646 -0.0249962 725.899
16 1259   -0.0490994 -0.0299101 685.66
16 1260   -0.0510348 -0.0325431 672.418
16 1300   -0.0329989 -0.0212257 944.746
16 1301   -0.035482 -0.0212257 964.716
16 1314   -0.00335963 0.0130304 952.501
16 1315   -0.00317587 0.0122012 951.021
16 1316   -0.00268176 0.0122814 919.019
16 1317   -0.00261012 0.0127262 915.337
16 1318   -0.00375115 0.0121042 964.833
16 1319   -0.00372369 0.012751 967.101
16 1320   -0.00346827 0.0123667 964.34
16 1321   -0.00414086 0.0126654 964.03
16 1322   -0.00448346 0.0125814 930.77
16 1323   -0.00405015 0.0122543 927.232
16 1324   -0.00425322 0.0120721 842.442
16 1325   -0.00455882 0.0122069 854.361
16 1326   -0.00470917 0.011737 748.809
16 1327   -0.00481693 0.0119755 799.621
16 1329   -0.00441568 0.0117397 750.396
16 1330   -0.00421784 0.0118433 785.116
16 1340   0.00567951 -0.0322286 673.251
16 1341   0.00567951 -0.0294572 682.748
16 1361   0.00675892 -0.0199481 864.404
16 1362   0.00612573 -0.0172206 915.163
16 1363   0.00538465 -0.0186004 894.598
end
