746
16 1   -0.0449782 0.00325282 943.333
16 2   -0.0451576 -0.00292947 943.367
16 3   -0.0499782 0.00825639 950.631
16 4   -0.0399782 0.00825303 937.675
16 5   -0.0477784 -0.0217787 959.767
16 6   -0.04114 -0.00645548 941.645
16 7   -0.000178058 0.0238628 958.115
16 8   -0.0384824 -0.00714738 938.463
16 9   0.00487653 -0.0224331 918.264
16 10   0.00382306 0.0182412 968.512
16 11   -0.00123521 -0.0215628 966.854
16 12   -0.00186276 0.0214712 962.984
16 13   -0.000440992 -0.0186889 966.765
16 14   0.00159251 -0.0178673 967.168
16 15   0.00545129 -0.0177031 949.149
16 16   0.00531523 0.0162474 967.968
16 17   -0.00243284 -0.0171342 944.762
16 18   0.00351176 -0.0192585 954.149
16 19   0.00681606 -0.0225333 907.236
16 20   0.00681606 -0.0190154 938.333
16 21   0.00682445 0.0155804 961.598
16 22   0.00507201 -0.0158326 953.668
16 23   -0.00243678 -0.0152311 951.337
16 24   -0.00554518 -0.0142071 904.048
16 25   0.00178685 -0.0159226 968.175
16 26   0.00390583 0.0145029 956.49
16 27   -0.0058759 0.0158114 967.789
16 28   0.00687719 -0.0141257 937.903
16 29   -0.00394739 -0.0142888 932.217
16 30   -0.00683282 0.0146994 967.353
16 31   0.00100407 -0.0147042 969.58
16 32   0.00581396 -0.0146729 947.75
16 33   -0.0012685 -0.0144152 965.263
16 34   0.00332682 -0.0154433 963.278
16 35   -1.38386e-05 -0.0142783 969.198
16 36   -0.00106412 0.0143567 967.467
16 37   -0.00484023 -0.0119878 892.202
16 38   0.00213042 -0.0137886 969.096
16 39   0.00321474 -0.0142014 964.978
16 40   -0.00182411 -0.0131407 964.382
16 41   -0.00620983 0.0136789 958.399
16 42   0.00226232 -0.0128835 969.482
16 43   0.00627692 -0.0128929 925.508
16 44   -0.00276793 0.0136253 969.485
16 45   0.00474861 -0.0137172 952.999
16 46   0.00389458 -0.013635 961.139
16 47   -0.00661427 0.0124383 924.92
16 48   8.9353e-05 -0.0131107 969.636
16 49   -0.00517003 0.0135763 963.499
16 50   -0.00633567 0.0129437 943.371
16 51   0.0064887 -0.0122442 910.454
16 52   0.00158751 -0.012575 966.153
16 53   -0.00237827 0.0128607 968.964
16 54   0.004902 -0.0129741 950.245
16 55   0.00536708 -0.012697 938.924
16 56   -0.00499718 0.0128713 959.055
16 57   -0.00549564 0.0125966 946.487
16 58   -0.00277704 0.0123551 969.576
16 59   -0.00597962 0.0117971 906.154
16 60   -0.000330211 0.0128335 966.712
16 61   -0.00327714 0.0124198 968.896
16 62   -0.00455924 0.0125622 962.596
16 63   0.00578943 -0.011795 904.666
16 64   0.00512877 -0.0121041 942.465
16 65   0.000537877 -0.0127454 965.165
16 66   -0.00595227 0.0113325 871.177
16 67   -0.00532106 0.0121539 942.505
16 68   0.00360169 0.0123532 949.181
16 69   0.00088621 -0.0126888 957.812
16 70   -0.00552645 0.0118597 922.721
16 71   0.00567668 -0.0114175 890.065
16 72   0.00533934 -0.0118508 925.829
16 73   -0.00464141 0.012141 962.791
16 74   -0.00520548 0.011549 931.451
16 75   -0.00490478 0.0120073 957.724
16 76   -0.00343943 0.0120876 967.693
16 77   -0.00530157 0.0113179 909.942
16 78   -0.00559519 0.011164 865.127
16 79   0.00510613 -0.0115365 935.142
16 80   -0.0043934 0.0119184 967.311
16 81   -0.00480074 0.0117093 964.504
16 82   0.00525424 -0.0113354 909.896
16 83   -0.00416864 0.011922 962.259
16 84   -0.00489606 0.0115451 960.751
16 85   0.00462443 -0.0116301 968.819
16 86   -0.00444384 0.0117155 969.352
16 87   0.00477351 -0.011552 966.766
16 88   0.00490704 -0.011482 956.248
16 89   -0.00458782 0.01164 969.028
16 486   -0.0066138 -0.0128046 868.59
16 487   -0.00602261 -0.0119503 852.504
16 488   -0.00661321 -0.0110466 800.31
16 494   -0.0443186 -0.0225105 960.719
16 504   -0.00999205 -0.0304238 968.375
16 505   -0.00730817 -0.0334746 946.932
16 506   -0.00863031 -0.0271691 966.468
16 507   -0.00571831 -0.0267614 968.161
16 509   -0.0473099 0.0259428 919.635
16 510   -0.0511395 0.023992 915.873
16 511   -0.0440346 0.0244671 966.268
16 512   -0.0451431 0.0217751 967.34
16 525   -0.00732023 0.0334768 948.802
16 526   -0.00999057 0.0304304 968.558
16 527   -0.00876721 0.0271799 966.022
16 530   -0.0410051 0.0310472 935.092
16 531   -0.0391942 0.0336824 937.362
16 532   -0.0387115 0.0282585 968.831
16 533   -0.0359056 -0.0253789 935.272
16 534   -0.0345639 -0.0210257 859.109
16 535   -0.0329241 -0.0230772 924.6
16 543   -0.00403766 0.0221643 912.443
16 544   -0.00552242 0.0240678 923.329
16 546   -0.00349439 -0.0221276 922.883
16 547   -0.00494953 -0.0240576 928.64
16 563   -0.0473568 0.0130546 957.246
16 564   -0.0423568 0.0130546 933.695
16 565   -0.0386395 0.0173364 845.307
16 566   -0.043297 0.0168071 932.041
16 567   -0.041018 0.0154677 914.148
16 568   0.00601944 -0.0110792 827.981
16 583   -0.00630257 0.0109829 815.904
16 590   -0.0501576 -0.005426 946.19
16 593   -0.0489864 -0.00938862 950.989
16 594   -0.0513288 -0.0114629 958.036
16 595   -0.0435764 -0.0109151 943.013
16 596   -0.0464228 -0.0113517 950.543
16 597   -0.042137 -0.0127211 936.777
16 598   -0.0433698 -0.0151957 938.368
16 599   -0.0397006 -0.0118754 931.972
16 600   -0.0387182 -0.0133492 922.128
16 609   -0.0242869 -0.0325 966.721
16 610   -0.0297574 -0.0245515 950.446
16 611   -0.0264552 -0.0225 955.127
16 612   -0.0314954 -0.0335257 969.405
16 613   -0.0281465 -0.0310257 966.891
16 614   -0.029538 -0.0280772 962.867
16 615   -0.0355867 -0.0278789 965.179
16 616   -0.0323859 -0.029103 966.145
16 617   -0.0333879 -0.0320515 969.282
16 621   0.00118416 0.0128199 957.06
16 657   -0.00643138 -0.0153973 893.125
16 658   -0.00429534 -0.0177923 895.836
16 659   -0.00589707 -0.0168922 878.145
16 660   -0.00696569 -0.018241 810.13
16 688   0.00308026 -0.0126272 967.228
16 689   0.00362819 -0.0129659 963.529
16 691   0.00315928 -0.0121963 966.971
16 702   -0.00430779 0.0186875 917.602
16 703   -0.00460733 0.0205418 855.755
16 711   -0.0242279 0.0325 966.491
16 712   -0.0263155 0.0225 955.102
16 713   -0.0297163 0.024558 950.438
16 714   -0.00267093 -0.0129046 954.703
16 715   -0.00362593 -0.0132367 939.639
16 716   -0.00404133 -0.0126106 935.388
16 718   -0.00341574 -0.0122251 954.054
16 719   -0.00275693 -0.012332 953.236
16 756   -0.0114113 -0.0229238 932.578
16 757   -0.00931754 -0.0246691 932.455
16 770   -0.022086 0.0247268 961.349
16 771   -0.0209074 0.0297268 965.637
16 772   -0.0142434 0.0241804 954.057
16 773   -0.0161566 0.0322268 968.922
16 774   -0.0136582 0.0291804 967.929
16 776   -0.0163315 0.0222268 956.325
16 777   -0.0195092 0.0222268 959.88
16 870   -0.0370403 -0.0219476 759.581
16 871   -0.0379056 -0.0242493 890.869
16 872   -0.0402657 -0.0240414 912.825
16 873   -0.0411455 0.0249986 957.932
16 874   -0.0391968 0.0261912 960.611
16 875   -0.00912831 -0.0209746 824.972
16 876   -0.0110755 -0.0209746 906.347
16 899   0.00627543 0.0118787 847.643
16 900   0.00509305 0.0117937 864.941
16 901   0.00686663 0.0128916 888.619
16 902   0.00619107 0.0136062 924.406
16 903   0.00478168 0.0133777 931.153
16 904   0.00427485 0.012578 916.487
16 905   0.00690881 0.0113665 805.238
16 909   0.0072044 0.0105071 694.694
16 910   0.00661321 0.0108169 785.279
16 914   -0.0072044 -0.0110279 768.374
16 919   -0.00705661 -0.0105233 724.514
16 920   -0.0073522 -0.0103684 589.797
16 923   -0.00629789 -0.0193738 749.438
16 924   -0.00469616 -0.0191892 850.167
16 925   -0.00442918 -0.0206343 845.143
16 926   -0.0400715 0.0190139 812.581
16 927   -0.0423504 0.0186867 905.776
16 928   -0.0429357 0.0207024 932.782
16 929   -0.0396824 0.021626 753.459
16 930   -0.0414071 0.0226447 896.791
16 931   -0.00808141 -0.0218473 784.115
16 932   -0.00647883 -0.0233888 869.808
16 933   -0.00793483 -0.0235926 888.179
16 934   -0.00595761 -0.0216916 769.573
16 935   -0.0067589 -0.0209209 602.524
16 936   0.00132755 0.0181003 969.61
16 937   -0.000673039 0.01929 966.741
16 938   0.001329 0.0166734 968.846
16 939   1.49085e-05 0.0166661 968.265
16 940   0.000594859 0.0144633 966.157
16 941   -0.000131749 0.0151658 967.387
16 942   0.00277842 0.0147186 961.916
16 943   0.00202155 0.0156106 967.178
16 944   0.00143407 0.0149008 965.461
16 945   0.00253459 0.0139159 956.6
16 946   0.00184728 0.0141018 961.327
16 947   0.00204839 0.0126425 944.138
16 948   0.00167082 0.0132158 955.868
16 949   0.0032198 0.0126341 934.88
16 950   0.00277329 0.0131814 946.483
16 951   0.00246354 0.012794 942.362
16 952   0.00311636 0.0122131 924.818
16 953   0.00270376 0.0122801 927.297
16 962   -0.00715561 0.0122457 920.571
16 964   -0.00687126 0.0112549 886.552
16 965   -0.00721565 0.0107189 889.877
16 968   0.00708897 -0.0119803 906.781
16 970   0.00673246 -0.0111928 874.114
16 971   0.00714349 -0.010674 883.957
16 1002   -0.00153056 0.0126924 960.244
16 1003   -0.00190113 0.0126323 965.532
16 1012   -0.011259 0.0229304 927.957
16 1013   -0.00995512 0.0209768 857.689
16 1014   -0.00945042 0.0246799 935.176
16 1015   -0.00683447 0.0233971 871.668
16 1016   -0.0081438 0.0236011 891.187
16 1017   -0.00814924 0.0218516 784.364
16 1018   -0.00576883 0.0210821 770.81
16 1019   -0.00642621 0.0203094 608.199
16 1020   -0.00651121 0.0220339 781.508
16 1021   -0.00716859 0.0212611 627.213
16 1037   0.00424842 0.020751 955.021
16 1038   0.00242332 0.0234834 937.263
16 1039   0.00459104 0.0256564 889.308
16 1041   0.00641614 0.0242977 899.268
16 1042   0.00641614 0.0215503 938.112
16 1064   0.000793727 0.0128833 962.192
16 1065   0.000391269 0.0132895 966.238
16 1066   -1.20278e-05 0.0128429 968.592
16 1067   -0.042363 -0.0198191 903.505
16 1068   -0.042041 -0.0170662 916.416
16 1069   -0.0389678 -0.0205889 649.876
16 1070   -0.040508 -0.0214068 816.677
16 1071   -0.0386076 -0.0180004 824.78
16 1072   -0.0398258 -0.0160654 894.012
16 1074   -0.0067549 0.0192873 767.624
16 1077   -0.00654308 0.0170113 941.749
16 1078   -0.00579799 0.0182058 889.267
16 1097   -0.0510348 0.0324945 684.667
16 1100   -0.0472052 0.0298592 815.877
16 1101   -0.0442748 0.0323648 847.787
16 1129   -0.00125131 -0.0126749 968.929
16 1130   -0.000592501 -0.0127818 968.87
16 1161   -0.0345567 0.021029 858.263
16 1162   -0.0329384 0.023087 923.58
16 1163   -0.0348485 0.0252983 935.399
16 1164   -0.0374412 0.022644 796.418
16 1165   -0.0372172 0.0248554 909.781
16 1195   0.00568322 0.0322526 687.058
16 1196   0.00385811 0.0294903 773.295
16 1197   0.00035029 -0.0253316 934.85
16 1198   0.0037477 -0.0259586 876.88
16 1199   -0.00290579 -0.0320588 903.08
16 1200   -0.00267766 -0.0286003 934.182
16 1247   0.00387446 -0.0335842 692.681
16 1248   0.000248921 -0.0335842 787.968
16 1258   -0.0390457 -0.0336508 939.427
16 1259   -0.0373403 -0.0294783 968.772
16 1260   -0.0358372 -0.0321766 966.758
16 1264   -0.0505632 -0.0249875 904.079
16 1266   -0.0490981 -0.0299015 765.349
16 1267   -0.0510349 -0.032543 683.991
16 1279   -0.00321945 0.018012 951.285
16 1280   -0.000985385 0.017261 966.725
16 1281   -0.00167188 0.0184579 961.693
16 1282   -0.00188992 0.0165923 965.975
16 1283   -0.00310969 0.0168617 962.85
16 1284   -0.001822 0.0151885 967.952
16 1285   -0.00263223 0.0146833 968.949
16 1286   -0.00471421 0.015614 968.517
16 1287   -0.00337191 0.0153708 968.718
16 1288   -0.00378144 0.0161454 966.051
16 1289   -0.0047762 0.0140223 967.771
16 1290   -0.00395504 0.0148292 969.593
16 1291   -0.00465431 0.0148496 969.514
16 1292   -0.00346616 0.0137055 969.545
16 1293   -0.00391359 0.0142219 969.524
16 1294   -0.00424025 0.0137818 968.406
16 1295   -0.00352771 0.0127524 968.43
16 1296   -0.00358059 0.0132324 969.019
16 1297   -0.00400504 0.0132985 967.934
16 1298   -0.00383549 0.0126496 966.814
16 1299   -0.00424279 0.0126378 964.801
16 1300   -0.00405169 0.0129095 966.694
16 1301   -0.00409822 0.0121067 961.327
16 1302   -0.00392904 0.0124003 965.013
16 1303   -0.00412413 0.0123555 964.186
16 1304   -0.00372282 0.0121145 964.415
16 1305   -0.00386632 0.0122304 963.843
16 1306   -0.00393995 0.0120727 958.79
16 1309   -0.00373666 0.0119665 962.751
16 1310   -0.00385624 0.0119471 952.854
16 1323   0.00440095 -0.0126304 958.154
16 1324   0.00398117 -0.0127044 960.982
16 1325   0.00438065 -0.0122886 960.761
16 1326   0.00450579 -0.0118097 968.205
16 1327   0.00464339 -0.0120394 961.269
16 1329   0.00411706 -0.01189 964.224
16 1330   0.00425201 -0.0118193 968.851
16 1331   0.00351655 -0.0122429 963.845
16 1332   0.00379052 -0.0124122 961.934
16 1333   0.00403448 -0.0122461 960.772
16 1334   0.00397597 -0.0120418 958.491
16 1337   0.00355606 -0.0120274 962.91
16 1338   0.00377151 -0.0119925 954.847
16 1347   -0.000610892 0.0127879 958.418
16 1349   -0.00102149 0.0131621 964.639
16 1350   -0.00125264 0.0127376 954.999
16 1364   -0.0209795 -0.0297246 965.916
16 1365   -0.0161813 -0.0322246 969.045
16 1366   -0.013686 -0.0291738 968.102
16 1367   -0.0222328 -0.0247246 961.573
16 1368   -0.019722 -0.0222246 960.217
16 1369   -0.0166112 -0.0222246 957.312
16 1370   -0.014418 -0.0241738 955.38
16 1421   -0.0511395 0.0177503 968.41
16 1422   -0.045797 0.0168071 958.878
16 1423   -0.048518 0.0154677 965.56
16 1424   -0.0497789 0.0205005 960.447
16 1425   -0.0470578 0.0197594 968.141
16 1443   -0.0314856 0.033529 969.398
16 1444   -0.0280948 0.031029 966.712
16 1445   -0.0295197 0.028087 962.666
16 1446   -0.0347938 0.0322114 967.962
16 1447   -0.0333269 0.0277983 961.567
16 1448   -0.0352103 0.0294227 968.601
16 1469   -0.00449922 0.031334 931.707
16 1470   -0.00140726 0.0266404 944.469
16 1471   0.000461191 0.0300949 862.961
16 1472   -0.00134727 0.0328572 865.429
16 1473   -0.00457672 0.0261523 967.29
16 1474   -0.00586022 0.0280836 965.298
16 1481   0.00568723 -0.0293369 723.168
16 1482   0.00568723 -0.0321685 684.605
16 1483   -0.0511076 -0.0172531 969.003
16 1484   -0.0483228 -0.0182539 967.982
16 1485   -0.0499364 -0.0144632 965.888
16 1486   -0.0473728 -0.0139265 958.494
16 1487   -0.0457592 -0.0159644 955.599
16 1534   -0.041151 -0.0323017 920.546
16 1535   -0.0399466 -0.0296034 957.214
16 1536   -0.0455656 -0.0310093 844.634
16 1537   -0.0445721 -0.0336508 819.038
16 1538   -0.0440677 -0.0255065 960.169
16 1539   -0.0418698 -0.0254497 967.185
16 1540   -0.043995 -0.0283394 928.413
16 1541   -0.041797 -0.0282826 954.667
52 321   -0.000709895 -0.00596811 969.246
52 322   0.00126193 0.0047113 967.683
52 323   -0.00279496 -0.00475184 966.636
52 324   0.00735481 -0.000695012 924.7
52 325   0.00127525 -0.00462493 967.978
52 326   0.00136056 0.00235728 963.917
52 327   -0.000740322 -0.00114232 963.105
52 328   -0.00277429 -0.00233496 962.254
52 329   -0.00478804 0.00118628 951.411
52 330   0.00337737 0.00127534 958.926
52 331   -0.000734789 0.00116602 963.037
52 332   0.0032465 -0.000989614 958.171
52 333   -0.00473192 -0.00118333 954.428
52 334   0.00122416 -0.00221602 963.698
52 335   0.00753967 0.00125644 932.461
52 336   0.00538795 0.00223354 953.974
52 337   -0.000709732 -0.00811957 968.689
52 338   -0.00872077 0.000743558 911.191
52 339   0.00507222 -0.00198287 949.049
52 340   0.0030314 0.0057411 967.995
52 341   -0.000724474 0.00559499 969.236
52 342   0.00309055 -0.00545752 968.251
52 343   0.00486517 -0.00404188 956.046
52 344   0.00645863 -0.00500805 938.914
52 345   0.00876924 -0.00172874 905.695
52 346   -0.00447896 -0.00569755 966.248
52 347   -0.00590539 0.00543216 950.709
52 348   0.00310244 0.00761064 969.561
52 349   -0.00806138 -0.00110727 927.446
52 350   -0.00633951 -0.00206081 949.598
52 351   0.00204985 0.00875637 968.486
52 352   -0.00889003 -0.00246917 942.601
52 353   0.00562504 0.00379206 958.183
52 354   0.000711833 -0.00906437 963.607
52 355   -0.000999731 0.00721972 968.526
52 356   0.00471091 0.00498106 963.897
52 357   -0.0059686 -0.00487094 959.979
52 358   -0.000355154 0.00849919 965.85
52 359   -0.00656379 -0.00363423 955.971
52 360   0.00326424 -0.00708373 965.085
52 361   0.000636989 0.00904999 967.459
52 362   -0.00206589 -0.0090558 968.446
52 363   -0.00458415 -0.0072224 969.214
52 364   -0.00321814 -0.00889143 968.117
52 365   -0.00247811 0.00764183 959.235
52 366   -0.00405222 -0.00826378 969.171
52 367   0.001889 -0.00884213 953.657
52 368   0.0059619 0.00693641 966.23
52 369   0.00452982 -0.00753791 928.342
52 370   -0.00799467 -0.00384283 960.328
52 371   0.00894729 0.00199374 931.2
52 372   0.0086563 0.00315588 955.316
52 373   0.00584383 0.00589255 962.6
52 374   0.00707811 0.00422528 955.033
52 375   0.00262627 -0.00818035 948.67
52 376   -0.00692367 -0.00583531 955.47
52 377   -0.00594787 -0.00745276 968.42
52 378   -0.00147076 0.00938452 955.842
52 379   0.00144688 0.0111423 968.828
52 380   -0.00679774 -0.00689227 960.692
52 381   0.00810315 0.00398512 960.243
52 382   -0.00245111 0.00882869 943.042
52 383   0.00694564 0.00534735 954.73
52 384   0.00713394 0.00722858 958.243
52 385   0.00748572 0.00804729 964.466
52 386   -0.00834287 -0.00481295 956.037
52 387   -0.00428395 0.00885863 859.028
52 388   0.00779589 0.00576051 941.804
52 389   0.00429808 -0.00871426 861.659
52 390   -0.00593602 -0.00840541 968.198
52 391   -0.00606074 -0.00981183 936.016
52 392   0.00786613 0.00659789 935.38
52 393   -0.00509208 -0.00974376 957.713
52 394   -0.00503211 -0.00891373 966.032
52 395   -0.00786705 -0.00556872 943.556
52 396   0.00859738 0.00527505 937.247
52 397   -0.00766344 -0.00719954 946.484
52 398   -0.00787451 -0.00787364 952.69
52 399   0.00348017 -0.00897134 906.091
52 400   0.00200864 -0.0107686 958.759
52 401   0.00227345 -0.00997478 947.777
52 402   -0.00306375 0.00932403 921.79
52 403   0.00261374 -0.0112088 967.44
52 404   -0.00907859 -0.00503101 942.468
52 405   0.00341312 -0.00972745 905.259
52 406   -0.00838643 -0.00613616 920.553
52 407   -0.00366926 0.00928041 892.564
52 408   0.00877216 0.00462172 959.721
52 409   0.00294367 -0.0100691 933.817
52 410   0.00916575 0.00555256 913.883
52 411   -0.00830873 -0.00671001 917.78
52 412   0.00310073 -0.0107733 956.854
52 413   0.00824045 0.00807624 947.497
52 414   0.00853121 0.00679098 907.927
52 415   0.00864526 0.00765624 912.521
52 416   0.00916392 0.00608715 888.765
52 417   0.00873477 0.00726282 898.158
52 418   0.00385676 -0.0101219 880.024
52 419   -0.00380824 0.00996323 880.882
52 420   0.00352587 -0.0108922 948.466
52 421   0.00426161 -0.0101309 840.577
52 422   -0.0091227 -0.00565273 912.622
52 423   0.00894047 0.006481 886.169
52 424   -0.00890635 -0.00600211 905.979
52 425   -0.00878242 -0.00688852 894.412
52 426   -0.00895373 -0.00717594 871.022
52 427   -0.00411393 0.0101674 854.661
52 428   0.00381245 -0.0105825 890.671
52 429   0.00956397 0.00617066 837.162
52 430   0.00917055 0.00711401 830.399
52 431   0.0036976 -0.0111877 966.727
52 432   -0.00438095 0.0101542 828.606
52 433   -0.00917438 -0.00629213 876.775
52 434   0.00921361 0.00676441 822.506
52 435   0.00947859 0.00670499 748.805
52 436   0.0096055 0.00650509 757.982
52 437   -0.0090862 -0.00669576 861.144
52 438   0.00439963 -0.0105261 806.691
52 439   -0.00931131 -0.00705688 785.457
52 440   -0.00919746 -0.00652036 851.09
52 441   0.00407102 -0.0107482 851.564
52 442   0.00938556 0.00719149 769.885
52 443   -0.00450841 0.0105212 791.522
52 444   -0.00951472 -0.00706993 727.092
52 445   -0.00437016 0.0106165 798.73
52 446   0.00425335 -0.0106829 811.604
52 447   0.00400358 -0.0110707 894.912
52 448   -0.0092922 -0.00684043 796.24
52 449   0.009619 0.00686423 705.774
52 450   -0.00944351 -0.00658687 781.201
52 451   0.00409042 -0.0109409 844.226
52 452   -0.00945537 -0.00675164 753.742
52 453   -0.0043887 0.0107937 770.151
52 454   0.00956903 0.00700114 714.64
52 455   0.0097906 0.00656991 723.658
52 456   0.00455192 -0.0106006 779.146
52 457   -0.00957657 -0.00679553 717.672
52 458   -0.00961681 -0.00689739 705.113
52 459   0.00434756 -0.0108307 773.447
52 460   0.00425332 -0.0109804 771.275
52 461   0.00449956 -0.0107719 754.515
52 462   0.00976975 0.00682406 685.435
52 463   -0.00447277 0.0108757 719.792
52 464   -0.0096769 -0.00672833 708.458
52 465   0.00444148 -0.0108452 743.77
52 466   0.00432814 -0.0109356 747.869
52 467   0.0098329 0.00670828 696.182
52 468   -0.00972262 -0.00686825 691.036
52 469   -0.00435338 0.0110232 659.478
52 470   -0.00444333 0.010972 636.041
52 471   0.0044585 -0.0109526 653.911
52 472   -0.00974266 -0.00677736 694.919
52 473   0.00440866 -0.0109939 634.984
52 474   -0.00440976 0.011019 566.541
52 475   0.00982058 0.00677132 682.553
52 476   -0.00977616 -0.00687966 683.467
52 477   -0.00983235 -0.00670703 702.401
52 478   -0.00980083 -0.00675659 692.015
52 479   -0.00983599 -0.00679033 682.981
52 480   0.00983905 0.00674998 689.87
52 481   -0.00983136 -0.0068225 678.98
52 482   -0.00443627 0.011079 308.252
52 483   0.00990547 0.00676613 761.061
52 484   -0.00443899 0.0111462 2.80624
52 485   0.00991296 0.00675836 844.319
52 515   -0.00764595 -0.00846832 968.661
52 516   -0.00643646 0.0066705 955.319
52 536   0.000329311 0.0103241 965.737
52 537   0.000710007 0.0109164 968.353
52 538   -0.00138982 0.0102368 956.16
52 539   -0.000581892 0.0106256 960.111
52 540   -0.00158343 0.0114373 954.323
52 541   -0.000716344 0.0110773 955.955
52 542   -0.00117649 0.011364 948.24
52 559   0.000188169 -0.0103369 963.744
52 562   0.00639514 -0.00647751 953.148
52 575   -0.00459364 0.00984318 827.079
52 576   -0.00478625 0.00921318 827.106
52 577   0.00146509 -0.0109293 957.071
52 578   0.000758561 -0.0106967 959.605
52 580   0.00139797 -0.0115123 951.381
52 618   0.00411279 -0.0111678 866.707
52 662   0.00454044 -0.00979144 833.802
52 663   0.00473131 -0.00916712 833.924
52 751   -0.00781856 0.00204657 915.263
52 752   -0.00629149 0.00227268 938.451
52 753   -0.00672201 0.00432695 932.995
52 754   -0.00797385 0.00463288 919.64
52 755   -0.00852429 0.00356881 908.123
52 783   -0.00987448 -0.00671227 704.958
52 784   0.00425896 -0.0110646 747.137
52 785   0.00425197 -0.0111642 734.842
52 786   0.00420527 -0.0111222 786.686
52 787   0.00431321 -0.011082 665.991
52 788   0.00429813 -0.0111313 642.685
52 790   0.00434078 -0.0111483 444.418
52 802   -0.00195009 0.0104702 954.568
52 803   -0.0018739 0.0110878 959.487
52 804   -0.00281711 0.00993573 931.954
52 805   -0.00241311 0.0102636 948.498
52 806   -0.00264539 0.0105606 952.825
52 807   -0.00349222 0.0101544 905.476
52 808   -0.0031066 0.0100833 924.801
52 809   -0.00299218 0.0103821 939.44
52 810   -0.00351254 0.0104146 912.418
52 811   -0.00324306 0.0104919 934.826
52 812   -0.00368631 0.0105798 905.843
52 813   -0.0036093 0.0107662 930.21
52 814   -0.00374547 0.0109021 930.256
52 817   -0.00258794 0.0108571 961.209
52 818   -0.00251145 0.0114156 968.747
52 819   -0.00227947 0.0111777 964.457
52 820   -0.00306164 0.0113145 969.3
52 821   -0.00284872 0.0109616 964.883
52 822   -0.00279112 0.0112286 969.068
52 823   -0.00320108 0.0111688 969.441
52 824   -0.00310415 0.0109348 964.179
52 825   -0.00326769 0.0107626 951.34
52 826   -0.00346016 0.0108716 952.464
52 827   -0.00345344 0.0110797 967.451
52 828   -0.00345025 0.0113009 967.882
52 829   -0.00335789 0.0112047 969.404
52 830   -0.0036601 0.0112618 969.021
52 831   -0.00355494 0.0111217 968.11
52 832   -0.00353666 0.0112302 969.37
52 833   -0.00374161 0.0110166 947.235
52 834   -0.00365404 0.0110826 963.166
52 835   -0.00371303 0.0111745 968.256
52 836   -0.00388831 0.0112155 963.441
52 837   -0.00379087 0.0111604 963.983
52 838   -0.00381032 0.0110567 944.957
52 839   -0.00396908 0.0110041 896.89
52 840   -0.00393458 0.0111559 943.55
52 841   -0.00388093 0.0110678 933.975
52 842   -0.00404247 0.0110632 881.191
52 843   -0.00411082 0.0111929 873.92
52 844   -0.00401769 0.011163 918.379
52 845   -0.00386618 0.0106287 885.191
52 846   -0.00418408 0.0106002 833.408
52 847   -0.00405531 0.0105182 854.883
52 848   -0.00398596 0.010873 876.531
52 849   -0.00386761 0.0108033 896.923
52 850   -0.0042618 0.0108123 796.399
52 851   -0.00413776 0.0107399 834.788
52 852   -0.00408885 0.0108208 844.846
52 853   -0.00429863 0.0109737 750.335
52 854   -0.00425754 0.0108918 786.217
52 855   -0.00416823 0.0108947 819.181
52 856   -0.00412684 0.0110281 835.343
52 857   -0.00417654 0.0109559 811.477
52 858   -0.00424209 0.0109973 773.361
52 859   -0.00423458 0.0110519 769.692
52 860   -0.00417275 0.0111463 814.759
52 861   -0.00416399 0.0110813 816.338
52 862   -0.00427979 0.0111622 645.344
52 863   -0.00425534 0.0110948 742.555
52 864   -0.00423132 0.0111391 764.735
52 865   -0.00433964 0.0110849 577.632
52 866   -0.00429377 0.0111004 674.995
52 867   -0.00431384 0.0111353 560.466
52 868   -0.0043666 0.0111056 435.387
52 869   -0.00435282 0.0111339 390.41
52 983   -0.000128969 -0.0114419 967.42
52 984   0.000338174 -0.0111635 960.287
52 986   -7.73444e-05 -0.011761 968.647
52 987   0.000231062 -0.0118007 941.564
52 997   -0.00734534 -0.00877958 957.757
52 1000   -0.00676111 -0.00940667 895.017
52 1001   -0.00669637 -0.00883028 952.566
52 1008   0.00730342 0.00865598 966.001
52 1009   0.00701605 0.00895412 924.451
52 1030   -0.0046404 -0.0103527 959.036
52 1033   -0.00374634 -0.0101503 962.168
52 1034   -0.00351466 -0.0108212 951.921
52 1079   0.000976635 -0.0114597 945.185
52 1080   0.00062337 -0.0113434 952.061
52 1081   0.000464634 -0.0116615 934.36
52 1083   0.000692723 -0.0118044 906.938
52 1084   0.000943074 -0.0117512 930.316
52 1087   0.00572682 -0.00707806 968.799
52 1088   0.00528127 -0.00747843 962.832
52 1110   -0.00886664 -0.00748979 892.021
52 1111   -0.00851559 -0.00785327 924.742
52 1116   -0.00156771 -0.0102463 967.371
52 1117   -0.0015347 -0.0114172 969.354
52 1118   -0.000735212 -0.0105826 967.741
52 1119   -0.000631963 -0.0112209 969.146
52 1120   -0.00104295 -0.0114805 969.52
52 1121   -0.0028016 -0.0107542 960.271
52 1122   -0.00183713 -0.0111075 968.286
52 1123   -0.0020753 -0.0105352 966.826
52 1125   -0.00229741 -0.0113607 966.618
52 1126   -0.00282947 -0.0112922 955.35
52 1134   -0.000349579 0.0112833 956.707
52 1135   0.000165568 0.0114239 967.313
52 1136   0.000166463 0.0117444 969.142
52 1137   -0.0010398 0.0117135 932.551
52 1139   -0.000606257 0.0115335 942.006
52 1140   -0.000470014 0.0117227 922.166
52 1141   -0.000836331 0.0116769 929.115
52 1142   -0.000700087 0.0118661 890.278
52 1145   -0.000307166 0.0118052 924.395
52 1146   -0.000117714 0.0117809 961.811
52 1174   0.00663186 0.00922408 931.02
52 1205   -0.00353341 0.0023728 959.322
52 1206   -0.00211635 0.00231321 963.021
52 1207   -0.00200741 0.00438816 967.363
52 1208   -0.00454796 0.00507538 963.752
52 1209   -0.00389252 0.00405344 962.106
52 1210   -0.00304366 0.00492893 967.385
52 1211   -0.00316894 0.00701051 964.402
52 1212   -0.00409699 0.00600921 969.224
52 1213   -0.00330121 0.00589255 969.419
52 1214   -0.00427121 0.00813554 890.158
52 1215   -0.00419471 0.00682368 968.193
52 1216   -0.00373472 0.00743066 953.722
52 1217   -0.00547606 0.00714796 969.259
52 1218   -0.0046619 0.00720528 963.817
52 1219   -0.00480051 0.00785182 910.822
52 1221   -0.00583745 0.00759432 968.351
52 1222   -0.0053919 0.00799469 933.375
52 1373   -0.0043763 0.0111485 203.876
52 1374   -0.00442287 0.0111496 6.37064
52 1375   -0.00440287 0.0111412 83.7237
52 1396   0.00323948 0.0111335 944.424
52 1397   0.00282424 0.00983541 965.663
52 1398   0.00283003 0.011186 960.005
52 1399   0.0023386 0.0106512 965.028
52 1400   0.00445865 0.0080947 969.215
52 1401   0.00534138 0.00769422 969.454
52 1402   0.00594694 0.00886503 960.541
52 1403   0.0046015 0.00914642 965.329
52 1404   0.00521023 0.0102687 952.823
52 1405   0.00569122 0.0100269 944.052
52 1406   0.00548729 0.00942611 956.076
52 1407   0.00470624 0.0101458 958.28
52 1408   0.00430144 0.00962433 963.125
52 1409   0.0037379 0.00985847 963.297
52 1410   0.00444746 0.0106275 958.841
52 1411   0.00353232 0.0108625 947.012
52 1412   0.00374982 0.010377 959.383
52 1413   0.00405458 0.0106246 957.589
52 1415   0.00371683 0.0111705 920.609
52 1416   0.00395732 0.0110497 952.081
52 1449   0.00835533 -0.00345074 908.556
52 1450   0.00780489 -0.00451481 919.726
52 1508   -0.00441782 0.0111309 51.3551
52 1511   -0.00442836 0.0111049 146.474
52 1512   -0.00440504 0.0111099 234.88
52 1575   -0.00988724 -0.00677735 685.023
52 1576   -0.00986625 -0.00677171 685.829
52 1577   -0.00987321 -0.00674321 697.064
52 1578   -0.00990826 -0.00675973 727.542
52 1579   -0.00989264 -0.00674018 703.768
52 1580   -0.00989676 -0.00675721 702.966
52 1594   0.00440995 -0.0110454 515.338
52 1595   0.00436596 -0.0110676 557.744
52 1596   0.00436514 -0.0111285 396.554
52 1597   0.00437523 -0.0110973 448.734
52 1598   0.00439621 -0.011145 99.593
52 1619   0.00444249 -0.0110607 408.81
52 1622   0.00440426 -0.0110936 353.795
52 1623   0.00444185 -0.0110932 233.214
52 1624   0.00442753 -0.0110792 353.926
52 1625   0.00441094 -0.0111286 113.339
52 1626   0.00442826 -0.0111068 190.835
52 1627   0.00440889 -0.0111084 252.407
52 1628   0.00443382 -0.0111463 4.86003
52 1631   0.00442825 -0.0111337 28.1461
52 1632   0.00443336 -0.0111205 86.0477
52 1671   -0.00944859 -0.00573011 902.949
52 1675   -0.00938277 -0.00615546 869.017
52 1676   -0.00944064 -0.00594281 889.923
52 1677   -0.00959918 -0.00598395 880.582
52 1678   -0.00970476 -0.00629153 816.9
52 1679   -0.00949456 -0.00624461 841.355
52 1680   -0.00958808 -0.0061486 854.629
52 1681   -0.00955092 -0.00650898 773.229
52 1682   -0.00954577 -0.00637437 805.805
52 1683   -0.00967671 -0.00640071 787.678
52 1684   -0.00968646 -0.00664874 721.002
52 1685   -0.00963974 -0.00656435 746.516
52 1686   -0.00971877 -0.00650409 757.051
52 1688   -0.00979336 -0.00654713 744.702
52 1689   -0.00983498 -0.00664905 716.613
52 1690   -0.00977461 -0.00661835 723.083
end
