635
52 206   -0.00654527 0.00208054 788.551
52 207   -0.00454856 0.000953885 802.511
52 208   0.0033734 -0.00109655 811.91
52 209   -0.000617521 0.00110298 818.469
52 210   -0.00259479 0.00219616 827.102
52 211   0.00147802 -0.00443187 841.864
52 212   0.00329439 0.00103162 796.421
52 213   -0.000544486 -0.00112209 814.649
52 214   -0.00437205 -0.00123499 786.495
52 215   -0.000412685 -0.00546188 810.519
52 216   0.00141046 -0.00219402 824.615
52 217   0.00125842 0.00215921 809.004
52 218   -0.0083657 0.00100287 737.724
52 219   -0.00458552 0.00553581 883.79
52 220   -0.00234524 -0.00221778 800.687
52 221   -0.00646643 0.00426842 837.757
52 222   -0.00810271 0.00553485 835.276
52 223   -0.0103648 0.00345453 731.028
52 224   -0.00228099 -0.00431972 791.83
52 225   0.00329467 -0.00537019 874.823
52 226   0.00848307 -0.00513523 802.108
52 227   -0.00585145 -0.00244039 766.811
52 228   0.00489695 0.00198788 775.771
52 229   -0.0101469 0.00165005 714.524
52 230   -0.00399338 -0.00703984 767.961
52 231   0.00475659 0.00381666 773.383
52 232   -0.0038293 -0.00516954 776.78
52 233   -0.0075047 -0.00198555 743.951
52 234   0.00923607 -0.00391969 750.103
52 235   0.00352534 -0.00706176 902.403
52 236   -0.00537294 -0.004273 770.985
52 237   0.0107782 -0.00327818 720.643
52 238   -0.00648935 -0.00541645 764.986
52 239   -0.00853198 -0.000749439 723
52 240   -0.00483357 0.0072182 913.598
52 241   -0.00956223 0.005279 765.964
52 242   0.00269475 -0.00825307 908.745
52 243   0.00868918 -0.00234012 743.206
52 244   0.00655697 0.00551034 763.995
52 245   0.00642824 0.00137564 757.099
52 246   -0.0076386 0.00715592 897.629
52 247   0.00614543 0.0042194 765.511
52 248   -0.00319 0.00877038 934.85
52 249   0.00501352 -0.00756344 925.78
52 250   -0.00413428 0.00831347 939.164
52 251   -0.0084208 -0.00309605 750.59
52 252   0.00879156 0.000612612 715.826
52 253   -0.00625037 0.00757188 925.218
52 254   0.00726439 0.00328587 754.262
52 255   0.00740684 0.00227089 743.196
52 256   -0.0112564 0.000546829 701.399
52 257   -0.00989426 -0.00112452 701.317
52 258   0.00855941 0.00174288 719.887
52 259   0.00830976 0.00356019 761.572
52 260   -0.0082941 0.00797934 905.668
52 261   0.00503729 -0.0086869 959.3
52 262   -0.00957667 -0.00266727 707.496
52 263   -0.0108264 -0.000783353 695.807
52 264   0.0093412 0.00212225 707.25
52 265   0.009234 0.00292459 725.89
52 266   -0.00618613 0.00859373 958.664
52 267   -0.0112265 -0.000287997 698.461
52 268   0.00438188 -0.00919969 965.852
52 269   -0.0100228 -0.00193184 695.879
52 270   -0.00348355 0.00983767 967.507
52 271   -0.0102829 -0.00293853 690.004
52 272   -0.00679047 0.00897446 965.921
52 273   -0.00492988 0.00909196 967.609
52 274   -0.00556493 0.00901855 967.78
52 275   0.00461773 -0.00981016 951.644
52 276   -0.00408833 0.0101458 945.923
52 277   -0.00564834 0.00959643 953.393
52 278   -0.0107293 -0.00195638 685.581
52 279   -0.0112741 -0.00132238 689.071
52 280   -0.00481851 0.0096516 961.042
52 281   -0.00598913 0.00978821 929.584
52 282   -0.00441406 0.0101697 899.549
52 283   0.00436452 -0.0101843 907.72
52 284   -0.00464218 0.00996426 925.756
52 285   0.00401685 -0.0102259 943.27
52 286   0.00503176 -0.00994368 908.022
52 287   -0.0110484 -0.00168808 685.567
52 288   -0.010945 -0.00226781 680.112
52 289   0.0113515 0.00166714 682.986
52 290   -0.00527048 0.00983396 928.095
52 291   -0.0109448 -0.00251453 678.383
52 292   0.00564507 -0.0102861 835.405
52 293   -0.0116555 -0.00134666 688.615
52 294   -0.00523382 0.0101578 857.302
52 295   -0.00587046 0.0101541 871.38
52 296   0.00503325 -0.0102891 820.414
52 297   -0.00538216 0.0103608 811.221
52 298   -0.00495117 0.0102743 829.226
52 299   0.00529803 -0.0104066 793.058
52 300   0.00458589 -0.0104467 813.179
52 301   -0.00558954 0.0103432 828.491
52 302   -0.0113465 -0.00184025 682.156
52 303   -0.0115646 -0.00168627 684.314
52 304   -0.00455306 0.0105952 779.031
52 305   0.00484058 -0.0104179 790.819
52 306   0.0115739 0.00178321 681.047
52 307   0.00526649 -0.0106033 738.482
52 308   -0.0049428 0.0105023 761.955
52 309   -0.0116925 -0.00182276 682.966
52 310   -0.0112815 -0.00219941 677.244
52 311   -0.0113639 -0.00204015 679.189
52 312   0.00454882 -0.0106465 761.147
52 313   0.0117148 0.00179772 681.213
52 314   -0.0112821 -0.00258218 673.12
52 315   0.0114601 0.00202498 677.729
52 316   0.00488076 -0.0105968 717.806
52 317   -0.00471926 0.0106293 727.093
52 318   -0.00482908 0.0105958 721.708
52 319   -0.0116394 -0.00203002 679.697
52 320   0.0115624 0.00210704 676.413
52 321   -0.0115289 -0.00209343 678.13
52 322   -0.0114201 -0.00230434 674.652
52 323   0.00509498 -0.0106718 637.773
52 324   0.0116705 0.00203022 677.925
52 325   0.0115685 0.0022398 674.21
52 326   0.0114935 0.00231749 673.044
52 327   0.00498282 -0.0106574 645.32
52 328   -0.0114285 -0.00250761 671.672
52 329   -0.0115327 -0.00222445 675.799
52 330   -0.0114573 -0.00238672 672.996
52 331   -0.011715 -0.0021161 678.985
52 332   0.0117269 0.0021149 677.061
52 333   0.0116727 0.00227757 674.035
52 334   -0.0114649 -0.00245395 671.853
52 335   -0.00473816 0.010781 565.659
52 336   -0.00488733 0.0107395 541.979
52 337   0.00509751 -0.0107837 480.152
52 338   0.00494559 -0.0107674 460.151
52 339   -0.0116131 -0.00226547 675.33
52 340   -0.011685 -0.00222053 677.014
52 341   -0.00482674 0.010798 462.468
52 342   0.00501129 -0.0108131 364.928
52 343   -0.0117285 -0.00227943 676.832
52 344   -0.0116204 -0.00234187 673.695
52 345   0.0117229 0.00222949 675.398
52 346   -0.0115771 -0.00238323 672.441
52 347   -0.0115886 -0.00247765 670.294
52 348   0.0116889 0.00235047 672.866
52 349   -0.00485418 0.0108626 275.77
52 350   -0.0116147 -0.00243517 671.096
52 351   0.00499664 -0.0108702 161.824
52 352   -0.0116752 -0.00236317 673.974
52 353   -0.0117114 -0.00234567 675.575
52 354   -0.011668 -0.00244314 670.9
52 355   -0.0116852 -0.00241249 672.622
52 356   -0.011719 -0.00242448 673.681
52 357   -0.00493432 0.0109359 2.74521
52 452   -0.00731927 0.00890455 959.137
52 453   -0.00770115 0.0086475 931.281
52 464   0.00922395 -0.00631464 816.383
52 465   -0.00615994 -0.00679842 766.862
52 466   -0.00520761 -0.00752528 787.178
52 490   0.00612111 0.00667717 766.493
52 523   -0.000179347 -0.00714058 801.196
52 524   -5.67064e-05 -0.00936164 735.619
52 548   -0.000367505 0.00515233 824.532
52 549   -0.00234774 0.00396591 846.034
52 550   -0.00307344 0.00521452 871.756
52 551   -0.00179809 0.00645057 864.583
52 552   -0.00038831 0.00635131 823.034
52 553   -0.00232473 0.00838015 899.762
52 554   -0.00174561 0.00747688 870.336
52 556   -0.0013027 0.00929735 783.616
52 557   -0.00190021 0.00925497 840.973
52 676   0.00830732 0.00440119 777.346
52 677   0.00767349 0.00541779 777.23
52 733   -0.00525814 0.0106588 720.314
52 734   -0.0052455 0.0105452 760.764
52 735   -0.00508879 0.0105702 729.721
52 736   -0.00513783 0.0106995 638.999
52 737   -0.00506502 0.010668 652.176
52 738   -0.00494846 0.0107611 481.663
52 739   -0.0050061 0.0107264 559.646
52 740   -0.00498965 0.010836 299.051
52 741   -0.00494803 0.0108197 351.122
52 742   -0.00495089 0.0109248 5.42556
52 743   -0.00498815 0.0108793 116.074
52 785   -0.011737 -0.00236685 676.347
52 787   -0.0117364 -0.00238298 676.481
52 788   -0.0117479 -0.00243069 747.966
52 791   -0.0117339 -0.00241247 682.116
52 792   -0.0117358 -0.00239912 676.928
52 793   0.0049573 -0.0109111 16.4153
52 794   0.00495702 -0.0108826 108.432
52 795   0.00477897 -0.0106734 670.505
52 796   0.00470172 -0.0106943 688.504
52 797   0.00473493 -0.0107999 526.092
52 798   0.00488461 -0.0107864 444.412
52 799   0.00482005 -0.010753 548.278
52 800   0.00480429 -0.0108052 466.763
52 801   0.00487041 -0.0108843 159.365
52 802   0.0048897 -0.0108344 311.598
52 803   0.00484801 -0.0108427 342.748
52 804   0.00493416 -0.0108715 166.86
52 805   0.00491317 -0.0108614 218.135
52 806   0.00490175 -0.0108851 124.963
52 807   0.00493916 -0.0109098 19.8251
52 808   0.00491696 -0.0109 60.5749
52 809   0.00492852 -0.0108905 88.1525
52 810   0.00493866 -0.0109327 4.04385
52 811   0.00493321 -0.0109222 8.02949
52 812   0.00492151 -0.0109174 14.6609
52 821   -0.0066533 0.00949464 955.37
52 822   -0.00636683 0.00968746 939.414
52 887   0.00828936 -0.00701737 882.741
52 888   0.00855436 -0.00776676 898.524
52 889   0.00503612 -0.00168085 803.376
52 890   0.00755348 -0.00199999 762.297
52 891   0.0064884 -0.000164914 763.304
52 892   0.00769914 -0.00039994 741.467
52 893   0.00454437 -0.00426152 857.838
52 894   0.00630514 -0.0028968 804.908
52 895   0.00499852 -0.00281268 821.65
52 896   0.00696015 -0.00492548 845.873
52 897   0.006232 -0.00391469 830.029
52 898   0.00547 -0.00477659 864.08
52 899   0.00574589 -0.0068713 909.405
52 900   0.00661656 -0.0058408 882.442
52 901   0.00577973 -0.00573397 886.428
52 902   0.00737848 -0.00710647 901.546
52 903   0.00682757 -0.00667836 899.07
52 904   0.00633789 -0.00727791 915.306
52 905   0.00726697 -0.00771307 915.732
52 906   0.0066448 -0.00793793 933.057
52 907   0.00766613 -0.00870143 936.8
52 908   0.00777681 -0.00816269 915.337
52 909   0.00571097 -0.00896871 967.525
52 910   0.0063278 -0.00967154 936.87
52 911   0.00581812 -0.00983993 915.923
52 912   0.00546959 -0.00961503 950.276
52 913   0.00723469 -0.00879408 958.169
52 914   0.00662591 -0.00927206 966.781
52 915   0.0067232 -0.0084802 952.821
52 916   0.0063576 -0.00879413 964.73
52 919   0.00700324 -0.00934698 961.518
52 920   0.00724643 -0.00918293 969.162
52 953   -0.00285889 -0.00780838 758.145
52 954   -0.0012688 -0.00761591 769.985
52 955   -0.000859074 -0.00880798 750.893
52 956   -0.00302307 -0.00882885 743.462
52 957   -0.00187527 -0.00917206 752.438
52 965   0.000970411 0.0050581 802.436
52 966   0.00155238 0.00381953 801.326
52 967   0.00344798 0.00452072 780.971
52 968   0.00347178 0.0055352 776.369
52 969   0.00226026 0.00598337 780.858
52 970   0.00456303 0.00762811 778.351
52 971   0.00471575 0.0064855 773.67
52 972   0.00175941 0.00873044 757.056
52 973   0.00245417 0.0074687 763.931
52 974   0.00351297 0.00816314 749.934
52 983   0.000839552 -0.00929807 756.16
52 986   0.00187935 -0.00872001 853.755
52 987   0.00112664 -0.00826909 822.133
52 1023   0.000886757 0.00888086 744.922
52 1024   0.000270868 0.00789283 777.656
52 1025   -0.000723582 0.00839409 797.139
52 1026   -0.000705199 0.00933973 755.319
52 1114   -0.00820088 -0.00418604 775.309
52 1115   -0.00756704 -0.00520265 776.389
52 1199   -0.00511793 0.0107739 525.466
52 1200   -0.00503668 0.0108266 354.449
52 1201   -0.0050527 0.0107755 483.095
52 1227   0.00361811 -0.0100227 969.322
52 1228   0.00372993 -0.00937068 962.762
52 1229   0.00320758 -0.0093428 951.993
52 1413   -0.00490151 0.0108715 182.026
52 1414   -0.00492718 0.010854 242.887
52 1415   -0.0049545 0.0108799 110.898
52 1416   -0.00494585 0.0109061 22.8751
52 1418   -0.00490516 0.0109015 61.5323
52 1419   -0.00492219 0.0109101 19.9467
52 1613   0.0117373 0.00235567 673.852
52 1617   0.0117275 0.00238781 673.171
52 1618   0.0117445 0.00240038 674.204
52 1620   0.00985457 0.00310131 701.644
52 1622   0.00975775 -0.00154994 714.76
52 1623   0.0107048 -0.0018473 705.401
52 1624   0.00985648 -0.000601909 707.782
52 1625   0.00957247 0.000207403 706.721
52 1628   0.0105569 -0.000540118 701.807
52 1629   0.0116162 -0.000387696 697.53
52 1630   0.0111724 -0.00109345 698.497
52 1631   0.011636 -0.000957323 697.038
52 1632   0.0107127 -0.000127317 699.344
52 1633   0.0113084 -0.000111027 697.215
52 1634   0.0115194 0.000554243 693.212
52 1635   0.0100502 0.000721278 699.614
52 1636   0.0104901 0.000324767 698.321
52 1637   0.0110645 0.00130351 687.852
52 1638   0.0110699 0.000795854 692.292
52 1639   0.00998009 0.00170819 695.836
52 1640   0.0101254 0.00118151 696.38
52 1641   0.0105598 0.00129265 691.265
52 1642   0.0102687 0.00195372 690.717
52 1643   0.0105603 0.00168494 688.406
52 1644   0.0103718 0.00230511 687.771
52 1645   0.0107185 0.00226534 682.45
52 1646   0.0102821 0.00270595 689.296
52 1647   0.0104911 0.00289441 685.57
52 1648   0.0108424 0.00246849 679.735
52 1649   0.0107049 0.00269672 681.495
52 1650   0.0110349 0.00262706 676.404
52 1651   0.0110194 0.00247681 677.084
52 1652   0.0110916 0.00182636 682.099
52 1653   0.0108601 0.00208403 681.782
52 1654   0.010805 0.00185502 684.42
52 1655   0.0113356 0.00207628 677.464
52 1656   0.0111038 0.002117 678.848
52 1657   0.0111895 0.00199372 679.5
52 1658   0.0112093 0.00221892 676.698
52 1659   0.011398 0.00228508 674.184
52 1660   0.0113278 0.00218697 676.025
52 1661   0.0111391 0.00239954 675.879
52 1662   0.0112093 0.00231183 675.742
52 1663   0.0113224 0.0023483 674.127
52 1680   0.0109661 0.00274118 677.381
52 1681   0.010813 0.00281916 679.825
52 1695   0.011174 0.00264492 674.389
52 1698   0.0113204 0.00242778 673.382
52 1699   0.0113867 0.00249905 672.037
52 1700   0.0113359 0.00258897 672.279
52 1701   0.0112151 0.00246644 674.441
52 1702   0.0112346 0.00256157 673.73
52 1705   0.0114492 0.0025197 671.112
52 1706   0.0115155 0.00240396 671.59
52 1707   0.0115355 0.00250779 670.104
52 1708   0.0114806 0.00247168 671.09
52 1709   0.0116255 0.00246899 669.59
52 1710   0.0115676 0.00246644 670.185
52 1711   0.0115732 0.00241369 670.976
52 1712   0.0116451 0.00243536 670.129
52 1713   0.0116538 0.00238358 671.538
52 1714   0.0116202 0.00239811 671.051
52 1715   0.0116957 0.00244637 669.922
52 1716   0.0116732 0.00243419 670.206
52 1717   0.0116791 0.00240879 671.111
52 1718   0.0117031 0.00243079 670.696
52 1719   0.0117114 0.00240427 672.048
52 1720   0.0116974 0.00241134 671.336
52 1721   0.0117339 0.00241989 672.902
52 1722   0.0117157 0.0024303 671.146
52 1723   0.0117185 0.00241714 671.913
52 1724   0.0117429 0.0024271 676.074
52 1725   0.0117317 0.00243398 671.913
16 358   -0.0449779 0.00318498 912.98
16 359   -0.045157 -0.00300427 912.991
16 360   -0.0477803 -0.0217979 811.234
16 361   -0.0411387 -0.00655399 915.729
16 362   -0.0322715 -0.0324514 868.817
16 363   -0.0435112 -0.0297251 725.632
16 364   -0.0497157 -0.0177642 865.097
16 365   -0.000204101 0.0238259 761.032
16 366   -0.0384817 -0.00727875 919.49
16 367   0.00443844 -0.0227097 774.781
16 368   -0.00191124 0.0214413 865.636
16 369   0.00605046 0.0159007 742.409
16 370   0.000861747 -0.0182883 887.242
16 371   0.00521617 -0.0178194 899.391
16 372   0.00293032 -0.0195344 870.519
16 373   -0.00113561 0.0185295 865.339
16 374   0.00486808 0.0137085 736.71
16 375   0.0067243 -0.02266 764.401
16 376   -0.00655662 0.0175057 968.119
16 377   0.0067243 -0.0190757 874.975
16 378   -0.00301118 0.0173821 913.601
16 379   0.00485587 -0.0158987 928.62
16 380   0.000237214 -0.0146272 886.023
16 381   0.00122909 -0.0161849 898.647
16 382   -0.0031309 0.0156998 918.266
16 383   0.0068558 -0.0141025 966.618
16 384   -0.0058077 0.0156564 965.96
16 385   0.00293736 -0.0155103 916.951
16 386   0.0057198 -0.0146629 958.307
16 387   -0.00446362 0.0152191 952.52
16 388   -0.00636339 0.0145712 969.37
16 389   -0.00711231 0.0140658 960.414
16 390   0.0028714 -0.0142234 933.299
16 391   0.00623386 -0.0128269 923.222
16 392   -0.00428621 0.0140033 958.825
16 393   0.00461616 -0.0137043 966.884
16 394   0.00368627 -0.0136532 958.064
16 395   0.00712232 -0.0119102 832.084
16 396   0.00650037 -0.0121835 851.461
16 397   -0.00488665 0.0135409 969.182
16 398   -0.00561975 0.0136715 966.956
16 399   -0.00722101 0.012188 848.524
16 400   0.00482521 -0.0129487 956.191
16 401   0.00530691 -0.0126318 907.193
16 402   -0.00683332 0.0128884 911.113
16 403   -0.00623365 0.0126549 896.794
16 404   -0.00679169 0.0116669 814.827
16 405   -0.00676295 0.0110724 796.958
16 406   -0.005769 0.0129327 933.762
16 407   0.00675081 -0.0111396 798.275
16 408   -0.00429248 0.0123972 950.629
16 409   -0.00473122 0.0128111 961.066
16 410   -0.00619202 0.0119584 828.65
16 411   0.00428702 -0.012413 916.58
16 412   -0.00525234 0.0125328 910.998
16 413   0.006162 -0.0110149 796.74
16 414   -0.00579479 0.0117007 794.711
16 415   0.00584964 -0.0116864 788.146
16 416   0.00506392 -0.012063 818.661
16 417   -0.00518525 0.012076 839.11
16 418   -0.00441839 0.011895 852.663
16 419   0.00588277 -0.0112884 771.249
16 420   -0.00627252 0.0108757 811.41
16 421   -0.00541339 0.0118198 793.846
16 422   -0.00479004 0.0118521 809.065
16 423   -0.00573545 0.0113009 764.491
16 424   0.00432828 -0.0119462 824.37
16 425   0.00543892 -0.0116872 762.81
16 426   0.00462348 -0.0119132 802.74
16 427   0.00520247 -0.0118056 774.997
16 428   -0.00540023 0.0112439 705.612
16 429   0.00555446 -0.0111466 731.174
16 430   -0.00479352 0.0115699 748.77
16 431   0.00527593 -0.011392 683.527
16 432   -0.00521644 0.0115499 740.427
16 433   0.00492138 -0.0115722 715.913
16 434   -0.00499179 0.0115238 722.99
16 435   0.00535833 -0.0112493 675.51
16 436   0.00472676 -0.0115747 726.403
16 437   -0.00526262 0.0113738 695.377
16 438   0.00456741 -0.0116582 760.266
16 439   0.00507888 -0.011368 629.753
16 440   0.00496078 -0.0114299 653.479
16 441   -0.00497251 0.0113821 655.597
16 442   -0.00510882 0.0113107 634.792
16 450   -0.00734614 0.0105343 706.665
16 451   -0.00703841 0.0106955 780.154
16 455   -0.00514492 -0.0128544 749.251
16 456   -0.00632731 -0.0139015 819.671
16 457   -0.00572642 -0.0117626 751.827
16 458   -0.00690881 -0.0111431 834.923
16 459   0.00690881 0.0109443 845.862
16 460   0.00572642 0.0121984 759.762
16 461   0.00690881 0.0122134 797.321
16 462   -0.0443267 -0.0225632 862.065
16 463   -0.042988 -0.0255765 829.761
16 469   -0.0497787 0.0184182 854.637
16 470   -0.0473099 0.0259417 731.271
16 471   -0.0511393 0.023991 733.033
16 472   -0.048418 0.0211676 818.566
16 473   -0.0440346 0.024465 833.698
16 474   -0.0451427 0.0217715 865.15
16 483   -0.00732728 0.0334768 767.85
16 484   -0.0100093 0.0304304 844.458
16 485   -0.00293777 0.0307061 719.11
16 486   -0.0029979 0.0272493 763.328
16 487   -0.00617377 0.0267683 858.778
16 488   -0.00879564 0.0271788 878.544
16 491   -0.0410053 0.0310468 747.934
16 492   -0.0391944 0.0336823 753.939
16 493   -0.0387126 0.0282581 852.245
16 494   0.00216621 -0.0134242 924.517
16 495   0.0012403 -0.0131534 903.832
16 497   0.00257293 -0.0125035 943.571
16 498   0.00370218 -0.012316 965.829
16 499   0.00331048 -0.0128006 961.927
16 512   -0.00461326 -0.0304523 768.214
16 513   -0.0100831 -0.0305281 854.068
16 514   -0.00736619 -0.0335094 784.174
16 515   -0.00877392 -0.0275089 878.07
16 516   -0.00588634 -0.0274331 848.287
16 531   -0.0360478 -0.0260352 905.864
16 532   -0.0326876 -0.0236772 920.201
16 534   0.00239936 0.023429 718.883
16 535   0.00458041 0.0256148 695.221
16 536   0.00495994 0.0177308 734.196
16 537   0.00313789 0.0209656 732.108
16 538   0.000585292 0.0179547 793.737
16 539   0.00314464 0.0175224 743.425
16 540   0.00241312 0.0190893 751.6
16 541   0.00205122 0.0163155 745.84
16 542   0.000582399 0.0164603 782.237
16 543   0.00289331 0.013766 713.348
16 544   0.00189175 0.0150387 730.872
16 545   0.00250166 0.0126725 699.787
16 546   -0.00407718 0.0221595 908.454
16 547   -0.0055459 0.0240631 902.942
16 560   -0.00189991 -0.0224885 875.179
16 561   -0.00127305 -0.0194124 887.952
16 574   -0.0242337 0.0325 889.664
16 575   -0.0263274 0.0225 909.028
16 576   -0.0297224 0.024558 910.718
16 577   -0.0221051 0.0247268 902.388
16 578   -0.0209204 0.0297268 893.218
16 579   -0.0143204 0.0241804 907.061
16 580   -0.0161662 0.0322268 876.544
16 581   -0.0136788 0.0291804 880.394
16 583   -0.0195565 0.0222268 904.795
16 584   -0.0164286 0.0222268 907.333
16 613   0.00640947 0.0242443 698.192
16 615   0.00531895 0.021771 713.334
16 616   0.00640947 0.0201031 721.309
16 621   -0.047157 0.0161291 895.543
16 622   -0.0473562 0.0130368 902.687
16 623   -0.0423562 0.0130368 919.642
16 624   -0.0386393 0.0173355 959.365
16 625   -0.0432963 0.016798 916.029
16 626   -0.0410176 0.0154603 931.958
16 627   -0.00211286 0.014806 892.701
16 628   -0.00119739 0.0129053 780.753
16 629   -0.0034425 0.0136304 936.7
16 630   -0.00210476 0.0131831 879.17
16 631   -0.00260187 0.0139525 905.584
16 632   -0.00255438 0.0125105 895.563
16 692   -0.00600554 0.0110156 791.703
16 693   -0.00583695 0.011104 775.631
16 834   0.0071285 -0.0108445 781.973
16 838   0.00694274 -0.0105086 785.257
16 839   0.00731425 -0.0103139 687.089
16 859   -0.0403084 -0.0242481 906.507
16 860   -0.0379856 -0.0246224 918.849
16 861   -0.0371086 -0.0222643 955.039
16 921   -0.041146 0.0249968 888.483
16 922   -0.0391982 0.0261903 890.336
16 927   -0.00542185 -0.0212632 939.928
16 928   -0.00389298 -0.0232061 894.558
16 929   -0.00516498 -0.0250051 885.969
16 937   -0.0400713 0.0190121 958.446
16 938   -0.04235 0.0186831 925.236
16 939   -0.0429353 0.0206987 907.586
16 940   -0.0396827 0.0216245 942.423
16 941   -0.0414074 0.0226423 914.16
16 942   -0.00330373 -0.0127475 710.495
16 943   -0.00233039 -0.0143281 784.64
16 944   -0.00100308 -0.01376 794.067
16 948   -0.00564877 -0.0156591 860.732
16 949   -0.00546439 -0.0194394 942.22
16 950   -0.00682146 -0.0175909 919.6
16 951   -0.00330866 -0.0183063 896.465
16 952   -0.00349305 -0.0161927 857.147
16 988   -0.050157 -0.00544907 910.059
16 991   -0.0485442 -0.0149834 895.332
16 992   -0.0489855 -0.00941765 907.056
16 993   -0.0513285 -0.0114737 901.164
16 994   -0.0435751 -0.0109748 913.78
16 995   -0.0464218 -0.0113937 907.781
16 996   -0.0459806 -0.0144611 904.681
16 997   -0.0421363 -0.0127697 918.783
16 998   -0.0433703 -0.015228 914.623
16 999   -0.0396999 -0.0119607 925.087
16 1000   -0.0387182 -0.0134076 932.54
16 1001   -0.04237 -0.0198686 920.011
16 1002   -0.0420418 -0.0170893 926.362
16 1003   -0.0389929 -0.0207109 927.269
16 1004   -0.0405392 -0.0215624 945.822
16 1005   -0.0386079 -0.0180057 963.604
16 1006   -0.039826 -0.0160779 943.874
16 1007   -0.00582472 0.0188283 957.704
16 1008   -0.00436092 0.0186731 941.985
16 1009   -0.00611509 0.0206939 934.514
16 1010   -0.00465129 0.0205387 945.533
16 1032   -0.0510348 0.0324944 672.334
16 1035   -0.0472054 0.029859 693.708
16 1036   -0.044275 0.0323645 699.602
16 1037   -0.011334 0.0229304 920.581
16 1038   -0.0100181 0.0209768 951.082
16 1039   -0.00947871 0.0246788 910.066
16 1040   -0.00750985 0.0234967 929.564
16 1041   -0.00750492 0.0217484 943.503
16 1047   -0.0461689 -0.032367 685.644
16 1072   -0.0345581 0.021029 955.55
16 1073   -0.0329412 0.0230869 927.231
16 1074   -0.0348515 0.0252982 913.508
16 1075   -0.0374423 0.0226435 953.35
16 1076   -0.0372191 0.0248547 917.447
16 1106   -0.0014339 -0.0305594 718.745
16 1107   -7.79062e-05 -0.0259231 762.195
16 1108   0.00339323 -0.0262132 717.952
16 1111   0.00385816 -0.0336165 676.065
16 1112   0.000216312 -0.0336165 693.122
16 1128   0.00022016 0.0322293 690.151
16 1131   0.00568307 0.0322392 671.963
16 1132   0.00385401 0.0294685 681.91
16 1133   -0.0117172 -0.0230281 914.54
16 1134   -0.009453 -0.0250089 905.936
16 1135   -0.00745828 -0.0220907 949.532
16 1136   -0.00737321 -0.0240715 913.037
16 1180   -0.0505646 -0.0249962 720.826
16 1181   -0.0490994 -0.0299101 684.497
16 1182   -0.0510348 -0.0325431 672.173
16 1230   -0.00388054 0.0124912 967.615
16 1231   -0.00347029 0.0129828 944.557
16 1232   -0.00307929 0.0126323 923.781
16 1235   -0.00332484 0.0121674 939.969
16 1236   -0.00365424 0.012114 961.645
16 1263   -0.00926892 -0.0210094 954.77
16 1264   -0.011448 -0.0210094 928.85
16 1277   -0.0329989 -0.0212257 939.99
16 1278   -0.035482 -0.0212257 962.726
16 1283   0.00567908 -0.032233 672.859
16 1284   0.00567908 -0.029466 681.564
16 1349   -0.0242686 -0.0325 890.684
16 1350   -0.0289095 -0.0299514 892.88
16 1351   -0.0294627 -0.0249514 908.534
16 1352   -0.0260492 -0.0225 908.45
16 1353   -0.000545259 0.013515 752.869
16 1354   0.00083461 0.014555 734.227
16 1355   -0.000108982 0.015193 785.052
16 1356   -0.000963618 0.0146463 821.575
16 1357   0.00144666 0.013133 703.242
16 1358   0.000255941 0.0132494 709.486
16 1359   0.000781173 0.0137426 715.726
16 1362   0.00125083 0.0125863 696.515
16 1363   0.00059202 0.0126932 693.681
16 1391   -0.0405655 -0.0310371 758.625
16 1392   -0.0390492 -0.033679 756.78
16 1393   -0.0369431 -0.0284885 870.193
16 1394   -0.0354268 -0.0311305 847.942
16 1409   -0.0499779 0.00574018 909.913
16 1410   -0.0499779 0.0107436 903.819
16 1427   -0.0399779 0.0107168 921.827
16 1428   -0.0399779 0.00565993 916.332
16 1440   -0.0314876 0.033529 867.052
16 1441   -0.0281007 0.031029 889.598
16 1442   -0.0295262 0.0280869 897.852
16 1443   -0.0347952 0.0322112 840.409
16 1444   -0.0333303 0.0277982 897.113
16 1445   -0.0352123 0.0294225 871.206
16 1473   -0.0209836 -0.0297594 894.185
16 1474   -0.0137615 -0.0292781 883.324
16 1475   -0.016209 -0.0322594 880.682
16 1476   -0.0198188 -0.0222594 904.375
16 1477   -0.0222111 -0.0247594 902.409
16 1478   -0.0147165 -0.0242781 905.167
16 1479   -0.0169642 -0.0222594 905.845
end
