937
16 115   -0.0449783 0.00329401 888.426
16 116   -0.045158 -0.002887 888.218
16 117   -0.0499783 0.00826462 897.429
16 118   -0.0399783 0.00829294 883.782
16 119   -0.0411408 -0.00640618 887.14
16 120   -0.0434949 -0.0296596 938.746
16 121   0.00372376 0.0223592 955.059
16 122   -0.0384829 -0.00710544 883.813
16 123   -0.00600077 -0.0150765 914.867
16 124   -0.0069971 -0.0142205 920.854
16 125   -0.00499068 -0.0142642 936.089
16 126   -0.00526292 -0.0130646 946.697
16 127   -0.0058946 -0.0116627 922.2
16 128   -0.005444 -0.0114039 910.777
16 129   -0.00631185 -0.0113091 916.297
16 130   0.00594905 0.0112881 901.248
16 131   -0.00666813 -0.0107806 950.946
16 132   0.00633339 0.010911 903.388
16 133   -0.00623426 -0.0108549 883.283
16 134   -0.00685581 -0.0104905 965.151
16 135   -0.0064316 -0.0107515 909.422
16 136   0.00589523 0.0109533 866.573
16 137   0.00643009 0.0107479 907.221
16 138   0.00609871 0.0108467 865.846
16 139   -0.00669109 -0.0105768 966.691
16 316   -0.0429641 -0.0254765 958.441
16 317   0.00207631 0.0124729 919.569
16 319   -0.0473157 0.0259425 941.952
16 320   -0.0511398 0.0239925 939.395
16 321   -0.0440434 0.0244668 960.559
16 322   -0.0451472 0.0217765 947.893
16 331   -0.00999079 -0.0304664 961.728
16 332   -0.00733791 -0.0334888 964.716
16 333   -0.00862849 -0.0272979 941.715
16 334   -0.00576017 -0.0270057 955.556
16 336   -0.0410154 0.0310459 954.944
16 337   -0.0392029 0.033682 957.904
16 338   -0.0387395 0.0282561 958.237
16 361   -0.00732042 0.0334151 964.525
16 362   -0.0100915 0.0304116 961.81
16 363   -0.00624668 0.0271588 954.186
16 364   -0.00892946 0.0273249 941.371
16 366   -0.0358801 -0.0253785 886.232
16 367   -0.0328855 -0.0230771 875.988
16 388   -0.0473573 0.0130655 909.713
16 389   -0.0423573 0.0130655 880.866
16 390   -0.0432984 0.0168124 881.005
16 391   -0.0410188 0.0154721 862.627
16 405   0.00641761 -0.0160073 958.4
16 413   -0.050158 -0.00541586 891.032
16 416   -0.0489869 -0.00937566 897.713
16 417   -0.051329 -0.0114582 908.602
16 418   -0.0435774 -0.0108938 889.395
16 419   -0.0464235 -0.0113345 898.506
16 420   -0.0421377 -0.0127055 882.797
16 421   -0.0433699 -0.0151865 885.584
16 422   -0.0397011 -0.011864 877.256
16 423   -0.0387183 -0.0133459 866.677
16 425   -0.024242 -0.0325 931.13
16 426   -0.0296909 -0.0245514 905.407
16 427   -0.0263429 -0.0225 913.156
16 428   -0.0314703 -0.0335257 947.9
16 429   -0.0280883 -0.0310257 931.83
16 430   -0.0294748 -0.0280771 924.246
16 431   -0.03556 -0.0278785 932.935
16 432   -0.0323494 -0.0291028 932.777
16 433   -0.0333641 -0.0320514 954.195
16 465   -0.0118233 0.0229946 890.59
16 466   -0.00966023 0.024908 895.027
16 469   -0.0243244 0.0325 931.496
16 470   -0.0265422 0.0225 913.161
16 471   -0.0298563 0.0245564 905.768
16 576   0.00661321 -0.0109765 844.349
16 581   -0.0378907 -0.0242484 840.912
16 582   -0.040257 -0.0240396 857.605
16 594   -0.0411645 0.0249972 920.457
16 595   -0.0392308 0.0261886 923.632
16 597   -0.00500426 -0.0243595 894.661
16 598   0.00705661 -0.010484 822.704
16 600   -0.0423532 0.0186882 857.104
16 601   -0.0429412 0.0207036 874.922
16 602   -0.00657342 -0.013212 932.304
16 603   -0.00600778 -0.0123273 937.378
16 604   -0.00584934 -0.0128685 939.935
16 606   -0.00707632 -0.0127909 930.226
16 607   -0.00673186 -0.0124167 931.988
16 611   -0.00667648 -0.0116361 930.473
16 612   -0.00732777 -0.0119448 929.876
16 613   -0.00698331 -0.012079 930.193
16 614   -0.00685424 -0.0110495 947.044
16 615   -0.00717436 -0.0115962 933.832
16 616   -0.00686753 -0.0114075 936.158
16 618   -0.00734659 -0.0113588 939.161
16 619   -0.00716106 -0.0110678 950.929
16 620   -0.00731448 -0.0108215 960.347
16 643   0.00690881 -0.0130204 885.005
16 644   0.00582642 -0.0141522 930.513
16 645   0.00690881 -0.0122398 850.324
16 646   0.00631762 -0.0117776 834.41
16 647   0.00463522 -0.014022 940.734
16 650   -0.0423615 -0.0198155 854.098
16 651   -0.042041 -0.0170611 860.402
16 652   -0.0386076 -0.0179995 771.706
16 653   -0.0398258 -0.016062 839.727
16 658   -0.006875 0.0147446 874.441
16 659   -0.00710727 0.0122933 841.247
16 660   -0.00648227 0.013335 871.117
16 661   -0.00569682 0.01334 885.596
16 662   -0.00655409 0.0107501 868.343
16 663   -0.0068708 0.0116536 829.378
16 664   -0.00726352 0.0111421 818.819
16 665   -0.00702705 0.0107569 829.63
16 666   -0.00643796 0.0116515 829.682
16 667   -0.00635773 0.0111332 834.562
16 668   -0.00517534 0.0114982 787.983
16 669   -0.0056525 0.0124202 862.012
16 670   -0.00600512 0.011904 831.738
16 671   -0.00602307 0.0111941 818.595
16 672   -0.00555012 0.0114419 792.599
16 673   -0.00582671 0.0115772 813.289
16 675   -0.00562824 0.0111208 773.786
16 676   -0.00586472 0.0109969 812.715
16 678   -0.00224651 -0.0124763 931.666
16 679   -0.00225964 -0.0131558 955.161
16 680   0.00641761 -0.0223016 944.508
16 681   0.000193156 -0.0227875 967.999
16 682   -0.000272609 -0.0171846 950.426
16 683   -0.00175239 -0.0194108 923.743
16 684   -0.000334781 -0.0190017 949.96
16 685   -0.00239461 -0.0179566 916.435
16 686   -0.00154646 -0.0169822 938.006
16 687   -0.00204404 -0.0161111 939.603
16 688   -0.00331347 -0.0160669 925.99
16 689   -0.00414727 -0.0146928 937.396
16 690   -0.00352853 -0.0153993 933.156
16 691   -0.00282855 -0.0148783 945.426
16 692   -0.00368488 -0.0141214 948.132
16 693   -0.00277389 -0.0137422 954.801
16 694   -0.00299868 -0.0143639 949.071
16 695   -0.00317959 -0.0134404 956.152
16 696   -0.00374059 -0.013559 954.613
16 697   -0.00466958 -0.0127289 958.48
16 698   -0.00410306 -0.0131055 959.89
16 699   -0.00327004 -0.0129786 959.75
16 700   -0.0037449 -0.012836 965.118
16 701   -0.003147 -0.0123236 959.539
16 702   -0.00268062 -0.0125172 933.853
16 703   -0.0030218 -0.0126847 956.37
16 705   -0.00293758 -0.0121347 932.438
16 706   -0.00267406 -0.0121775 889.228
16 735   0.00651777 0.0180196 968.861
16 736   0.00455332 0.0191743 968.296
16 737   0.00232109 0.0175567 967.364
16 738   0.00267813 0.0160532 966.22
16 739   0.003548 0.0139038 963.719
16 740   0.00278931 0.013717 961.587
16 741   0.00337798 0.0124166 966.877
16 742   0.00364151 0.0123739 963.09
16 743   0.00245565 0.0125663 927.449
16 744   0.00309852 0.0126169 954.451
16 745   0.00280312 0.0129747 954.872
16 747   0.00288282 0.0121871 926.688
16 748   0.00261929 0.0122299 886.065
16 750   -0.0330258 0.0230846 874.848
16 751   -0.0349122 0.0252948 884.25
16 752   -0.0113381 -0.0229664 883.077
16 753   -0.00930675 -0.0247979 887.225
16 802   -0.00499215 -0.0116407 942.691
16 803   -0.00469096 -0.0121049 961.04
16 804   -0.00423266 -0.0120183 968.283
16 816   -0.0510349 0.0324945 690.847
16 818   -0.0472108 0.0298585 856.86
16 819   -0.0442807 0.032364 885.011
16 825   -0.0461672 -0.0323582 829.437
16 827   0.00289435 -0.012301 967.946
16 828   0.0030673 -0.0134645 952.303
16 829   0.00483083 -0.012906 914.379
16 830   0.00454404 -0.0118719 852.944
16 831   0.00513523 -0.0115621 784.318
16 832   0.00543083 -0.0120535 838.996
16 833   0.0036717 -0.0129868 953.96
16 834   0.00423523 -0.0128409 937.211
16 835   0.00424404 -0.0122981 926.709
16 836   0.00328743 -0.0123725 968.546
16 837   0.00354655 -0.0126011 963.051
16 838   0.00381448 -0.012287 964.938
16 840   0.0034236 -0.0120798 968.177
16 841   0.00368712 -0.012037 966.162
16 845   -0.00931151 0.0209982 794.135
16 846   -0.0115339 0.0209982 864.887
16 854   -0.00700184 -0.0179072 807.75
16 855   -0.00600551 -0.0164795 879.069
16 856   -0.00444414 -0.0168378 892.533
16 857   -0.00402286 -0.0178564 877.863
16 877   -0.0223532 0.0247482 923.674
16 878   -0.021068 0.0297482 930.94
16 879   -0.0148416 0.0242446 917.525
16 880   -0.0162527 0.0322482 944.194
16 881   -0.0138405 0.0292446 943.426
16 883   -0.0171012 0.0222482 919.731
16 884   -0.0199769 0.0222482 922.739
16 902   -0.0209205 -0.0297388 930.557
16 903   -0.0221121 -0.0247388 923.404
16 904   -0.013658 -0.0292164 942.971
16 905   -0.0161671 -0.0322388 943.69
16 906   -0.014327 -0.0242164 913.948
16 925   0.00567826 -0.0307329 720.467
16 926   0.00116783 -0.0259316 941.96
16 927   0.00459587 -0.0264015 897.563
16 928   -0.00293514 -0.0320665 927.546
16 929   -0.0027197 -0.0287518 952.685
16 931   0.00385652 -0.0335776 704.136
16 932   0.000213036 -0.0335776 839.824
16 971   -0.00705228 -0.0104878 967.436
16 972   -0.00722708 -0.0105967 968.334
16 973   -0.00715041 -0.0102834 962.455
16 1111   -0.00563053 0.0213919 679.529
16 1112   -0.00567372 0.0248454 901.935
16 1113   -0.0043484 0.0232222 866.492
16 1114   -0.00765618 0.0240133 846.275
16 1115   -0.00759692 0.0221 721.713
16 1116   -0.0385873 -0.0212151 546.168
16 1117   -0.0393392 -0.01996 637.301
16 1118   -0.0401261 -0.022032 770.001
16 1119   -0.040878 -0.0207769 789.455
16 1120   -0.0370865 0.0218355 700.135
16 1121   -0.041042 0.0218372 800.176
16 1122   -0.0403691 0.0234405 833.992
16 1123   -0.0384353 0.0246319 848.171
16 1124   -0.0368805 0.0240456 826.986
16 1130   -0.00664512 -0.0217584 646.775
16 1131   -0.00807928 -0.0219046 737.155
16 1132   -0.00650732 -0.0235899 826.006
16 1133   -0.00794148 -0.023736 842.521
16 1136   -0.00600522 -0.0206381 629.517
16 1137   -0.00629303 -0.0190816 749.075
16 1138   -0.00487542 -0.0186725 829.447
16 1140   -0.00714528 0.0104404 806.405
16 1143   -0.00738176 0.0101892 564.344
16 1144   -0.00738176 0.0104438 753.517
16 1146   0.0073522 -0.0104549 763.267
16 1147   0.0073522 -0.0102033 593.888
16 1161   -0.00157963 -0.0135026 963.406
16 1162   -0.00135429 -0.0151687 953.449
16 1163   -0.00192375 -0.0146034 954.541
16 1164   0.00533522 -0.0176677 968.501
16 1165   0.00533522 -0.0197658 967.831
16 1166   0.00253881 -0.0207216 968.794
16 1167   0.00145642 -0.0192349 965.311
16 1168   0.00371163 -0.017066 965.864
16 1169   0.00262924 -0.0176774 965.756
16 1170   0.000422064 -0.0165446 955.897
16 1171   0.00153272 -0.0168042 959.965
16 1172   0.00258994 -0.0126755 953.711
16 1173   0.00250818 -0.013339 950.508
16 1174   0.00308082 -0.014167 952.452
16 1175   0.00378962 -0.0147022 952.706
16 1176   0.00335723 -0.0157494 959.525
16 1177   0.00188965 -0.016147 959.605
16 1178   0.00263177 -0.0157035 959.11
16 1179   0.00246416 -0.0148626 955.988
16 1180   -2.10601e-05 -0.0143992 962.556
16 1181   -0.000485262 -0.0149797 958.584
16 1182   8.47064e-05 -0.0156891 956.341
16 1183   0.000572825 -0.0147877 959.603
16 1184   0.00135824 -0.0156963 958.284
16 1185   0.00066395 -0.015498 957.98
16 1186   0.00156405 -0.0151803 957.921
16 1187   0.00192786 -0.0147901 956.629
16 1188   0.00110187 -0.0146918 958.539
16 1189   0.00107785 -0.0137969 957.184
16 1190   0.00122625 -0.014302 957.915
16 1191   0.00170509 -0.0143012 955.675
16 1192   0.00178772 -0.0139404 953.436
16 1193   0.00206803 -0.0136082 949.413
16 1194   0.00145742 -0.0136304 952.038
16 1195   0.00192332 -0.0132874 943.553
16 1196   0.00155213 -0.0133092 945.248
16 1197   0.00139537 -0.0130095 935.108
16 1199   0.00111158 -0.012463 878.153
16 1200   0.00137511 -0.0124202 847.7
16 1203   0.00217862 -0.0126341 934.548
16 1204   0.00195215 -0.0129768 935.299
16 1205   0.00165524 -0.0128432 922.613
16 1206   0.00161819 -0.0125433 884.039
16 1208   0.00182422 -0.0123665 876.776
16 1209   0.00208774 -0.0123238 919.274
16 1273   -0.0074126 -0.0104467 964.133
16 1276   -0.0074126 -0.010146 910.812
16 1277   -0.0073252 -0.010292 966.905
16 1313   -0.003125 0.0150462 927.196
16 1314   -0.004375 0.0151386 905.859
16 1315   -0.00483955 0.0140785 908.947
16 1316   -0.00424835 0.0135897 926.811
16 1317   -0.0020254 0.0125345 927.31
16 1318   -0.00231168 0.0138331 947.769
16 1319   -0.00285389 0.014256 939.221
16 1320   -0.0035127 0.0138597 936.986
16 1321   -0.0032585 0.013427 948.025
16 1322   -0.00268247 0.0134467 949.365
16 1323   -0.00249415 0.0128586 954.217
16 1324   -0.00344855 0.012996 956.655
16 1325   -0.00295532 0.012639 964.947
16 1326   -0.00301361 0.0122295 969.266
16 1327   -0.00438779 0.0119365 897.305
16 1328   -0.00451444 0.0129065 925.165
16 1329   -0.00490086 0.0119478 852.924
16 1330   -0.00506131 0.0124754 886.171
16 1331   -0.00379527 0.0127659 957.175
16 1332   -0.0041424 0.0127251 944.684
16 1333   -0.00417621 0.0122826 947.934
16 1336   -0.0034089 0.0121653 966.901
16 1337   -0.00384599 0.0121022 966.59
16 1338   -0.00369732 0.0123448 968.622
16 1339   0.00553535 0.0163001 968.904
16 1340   0.00392754 0.0146485 965.264
16 1341   0.00392793 0.0159513 967.695
16 1342   0.00504365 0.0146346 965.213
16 1343   0.00602627 0.01536 967.147
16 1344   0.00555075 0.013863 961.854
16 1345   0.00510926 0.0131282 960.027
16 1346   0.00402286 0.0125677 967.662
16 1347   0.00422263 0.013155 964.208
16 1348   0.0053958 0.0126406 954.204
16 1349   0.00586924 0.0124096 946.155
16 1350   0.00571372 0.0116535 921.856
16 1351   0.00529009 0.0115124 915.437
16 1352   0.00447694 0.0121029 962.659
16 1353   0.00501307 0.0118306 940.289
16 1354   0.00496325 0.0122026 952.698
16 1356   0.00467646 0.0116524 942.156
16 1357   0.00437705 0.0118093 960.094
16 1386   0.00740363 0.0102263 942.009
16 1391   0.00745181 0.0100839 805.015
16 1392   0.00735544 0.0101343 928.85
16 1406   -0.0334744 -0.0210257 845.557
16 1410   -0.0366145 -0.0224599 776.772
16 1411   -0.0374419 -0.0214342 619.565
16 1412   -0.0351928 -0.0215385 804.151
16 1413   -0.0360202 -0.0205128 743.855
16 1415   -0.006875 0.0182174 784.572
16 1416   -0.00560893 0.0196651 732.084
16 1417   -0.00435893 0.0184151 846.393
16 1418   -0.005 0.0163424 875.883
16 1419   -0.00625 0.0164348 856.078
16 1420   -0.00394606 -0.0122463 967.942
16 1421   -0.00376019 -0.0124993 969.157
16 1422   -0.00341052 -0.0122808 968.858
16 1424   -0.00346463 -0.0120492 968.444
16 1425   -0.00372815 -0.0120064 955.426
16 1443   -0.0405433 -0.0309521 957.532
16 1444   -0.0390406 -0.0336507 958.804
16 1445   -0.0373261 -0.0294778 962.241
16 1446   -0.0358235 -0.0321764 966.797
16 1481   -0.000143361 -0.0138414 966.795
16 1482   -0.00091501 -0.0126401 968.588
16 1483   -0.000900369 -0.0132198 969.258
16 1484   2.59053e-06 -0.0130153 968.891
16 1485   0.000735497 -0.0135082 960.9
16 1486   0.000232552 -0.0135513 967.36
16 1487   0.000700813 -0.0130741 959.836
16 1488   0.000322309 -0.0128489 968.369
16 1489   0.00102656 -0.0128972 940.286
16 1490   0.000911575 -0.0126291 925.905
16 1492   0.000327039 -0.0125807 968.523
16 1493   0.000590562 -0.0125379 950.937
16 1505   0.001426 0.014919 964.004
16 1506   0.00191692 0.0139789 963.488
16 1507   0.000446093 0.0176322 957.269
16 1508   -0.00284116 0.018292 893.255
16 1509   -0.000580567 0.016567 948.798
16 1510   -0.00236611 0.0155634 933.298
16 1511   -0.00209834 0.0166902 928.461
16 1512   -0.00122885 0.0151786 950.012
16 1513   -0.000336073 0.0156804 954.709
16 1514   0.000420689 0.015034 962.081
16 1515   -0.00092586 0.0144014 958.156
16 1516   -3.52122e-05 0.0143185 964.689
16 1517   -0.00178074 0.0137031 951.86
16 1518   -0.00126108 0.013866 958.014
16 1519   -0.00168279 0.0129926 941.155
16 1520   -0.00086191 0.0134252 964.246
16 1521   -0.00120083 0.0129285 946.676
16 1522   -0.00101639 0.0125559 931.789
16 1523   0.000210344 0.0137243 968.584
16 1524   0.00115716 0.0134998 966.339
16 1525   0.000923394 0.0126427 967.697
16 1526   0.00141856 0.0128722 961.65
16 1527   -0.000101804 0.0134099 969.482
16 1528   -0.000460454 0.0133231 968.899
16 1529   8.63234e-05 0.0129986 966.656
16 1531   -0.00062111 0.0126201 968.996
16 1532   -0.000404088 0.0128905 969.239
16 1533   -0.000178262 0.0127062 958.267
16 1545   -0.0386398 0.0165035 829.15
16 1548   -0.0406435 0.0185164 809.866
16 1549   -0.0392097 0.0176719 804.701
16 1550   -0.0380699 0.0186684 789.489
16 1551   -0.0398841 0.0203201 732.095
16 1552   -0.0384503 0.020309 518.236
16 1562   -0.016476 -0.0222388 917.343
16 1563   -0.0195796 -0.0222388 922.163
16 1600   -0.0482017 -0.0232896 963.129
16 1601   -0.0438929 -0.0209946 912.967
16 1602   -0.0447405 -0.0240204 961.406
16 1608   -0.000256202 -0.0127471 955.307
16 1609   -0.000519726 -0.0127043 963.291
16 1627   0.000528109 0.0127069 967.869
16 1628   0.000264586 0.0127496 959.599
16 1642   -0.0505628 -0.0249873 925.614
16 1644   -0.0490976 -0.0299012 801.892
16 1645   -0.0510348 -0.032543 689.281
16 1663   0.0072044 -0.0107883 818.799
16 1664   0.0072044 -0.0110484 823.839
16 1670   -0.0511398 0.0177507 958.55
16 1671   -0.0457984 0.0168124 916.206
16 1672   -0.0485188 0.0154721 927.482
16 1673   -0.0497796 0.0205015 968.116
16 1674   -0.0470593 0.0197612 953.683
16 1687   -0.000750363 0.027872 941.301
16 1688   0.0011527 0.0310418 858.502
16 1689   -0.000665123 0.0336806 870.304
16 1690   -0.00390813 0.028926 961.602
16 1691   -0.00381988 0.0320957 938.858
16 1692   0.00727032 0.0123235 942.183
16 1693   0.00679499 0.0128458 949.526
16 1694   0.00633564 0.012478 945.829
16 1695   0.00701624 0.0119125 938.798
16 1696   0.00655689 0.0119518 937.137
16 1697   0.00650668 0.0112476 925.504
16 1698   0.00632582 0.011518 925.262
16 1699   0.00736075 0.0112476 944.206
16 1700   0.00710667 0.0115737 938.25
16 1701   0.00682818 0.0113425 937.66
16 1702   0.00722151 0.0109671 954.783
16 1703   0.00694301 0.0110659 948.086
16 1704   0.00701331 0.0104659 964.656
16 1705   0.00736075 0.0106355 963.404
16 1706   0.00726438 0.0104515 967.166
16 1707   0.00659268 0.0107564 943.157
16 1708   0.0068449 0.0106478 968.526
16 1709   0.00681748 0.0108495 955.95
16 1711   0.00667658 0.0105251 968.346
16 1712   0.00656362 0.0105843 950.655
16 1716   0.000882594 0.0229067 965.288
16 1717   -0.000870821 0.0249834 965.946
16 1718   -0.00279296 0.0229124 919.676
16 1719   -0.000162841 0.0197974 955.395
16 1720   -0.00193232 0.0203339 917.862
16 1742   -0.0356599 0.0210282 781.487
16 1743   -0.0335674 0.0210282 845.152
16 1775   -0.0511076 -0.0172522 955.913
16 1776   -0.0499365 -0.0144583 927.081
16 1777   -0.0487465 -0.0197642 965.096
16 1778   -0.0459616 -0.0190106 936.028
16 1779   -0.0473731 -0.0139165 912.479
16 1780   -0.0457592 -0.0159569 911.397
16 1820   -0.031532 0.0335282 948.092
16 1821   -0.0282051 0.0310282 932.115
16 1822   -0.0296422 0.0280846 924.236
16 1823   -0.0348266 0.0322102 961.959
16 1824   -0.0333997 0.0277948 923.423
16 1825   -0.0352572 0.0294204 947.937
16 1832   -0.00238402 -0.0206626 905.707
16 1833   -0.00222967 -0.0227571 931.6
16 1834   -0.00364728 -0.0231662 893.588
16 1835   -0.0038788 -0.0200245 844.936
16 1836   -0.00451043 -0.0212763 797.957
16 1846   0.00568821 0.0252278 904.615
16 1848   0.00568519 0.0326222 687.831
16 1849   0.0038734 0.0299834 787.144
16 1911   0.00700869 0.0149537 965.422
16 1912   0.00653336 0.0141081 961.38
16 1913   0.00702467 0.01351 955.892
16 1918   -0.00909496 -0.0209888 778.086
16 1919   -0.0109885 -0.0209888 852.873
52 1   -0.00666853 -0.0028747 954.362
52 2   -0.00455417 -0.00137166 965.981
52 3   0.00361933 0.00102145 967.534
52 4   0.00366802 -0.00120946 967.641
52 5   0.00851768 -0.000424218 929.003
52 6   -0.00449004 0.000986514 966.176
52 7   -0.00247915 -0.00245003 969.416
52 8   -0.000485187 0.00102067 969.423
52 9   0.0075499 0.00154981 939.384
52 10   0.00153813 -0.0022849 969.497
52 11   -0.000483096 -0.00118866 969.449
52 12   0.00155103 0.00439178 969.098
52 13   0.00148735 0.00215533 969.514
52 14   -0.00241711 0.00211747 969.28
52 15   -0.00242388 0.00436223 969.561
52 16   0.00537714 0.00223157 963.778
52 17   -0.00849382 -0.00199374 929.405
52 18   0.00143579 -0.00434587 969.51
52 19   -0.00878107 0.00034571 927.001
52 20   0.00341286 0.00536852 965.515
52 21   -0.00424483 0.00528028 969.428
52 22   -0.00234315 -0.00447382 969.031
52 23   -0.00781112 0.00189995 945.075
52 24   -0.00599176 0.00218121 963.775
52 25   0.00737488 -0.00183386 948.832
52 26   -0.000449444 -0.00527341 968.314
52 27   0.00510699 0.00434219 969.057
52 28   0.0030588 -0.00534001 969.32
52 29   -0.00198209 0.00841698 964.422
52 30   0.00532086 -0.00218704 965.62
52 31   -0.0064279 -0.00486118 965.621
52 32   0.00853032 0.00314024 930.153
52 33   0.00285552 -0.00714216 966.983
52 34   -0.00573979 0.00423021 969.278
52 35   -0.00832703 0.00382143 961.35
52 36   0.00655319 0.00527558 967.131
52 37   -0.00363143 -0.00550465 964.748
52 38   -0.00445916 0.00684288 967.916
52 39   0.00360575 0.00696412 944.258
52 40   -0.00707078 0.00504292 960.947
52 41   -0.00359646 0.00794286 964.188
52 42   0.0045625 -0.00481481 969.621
52 43   0.00787612 -0.00325451 956.463
52 44   0.0052643 -0.00370791 968.805
52 45   0.0084605 -0.00413479 963.681
52 46   0.00284887 0.00800782 945.062
52 47   -0.00492412 -0.00545845 963.974
52 48   0.00780376 0.00475539 947.911
52 49   -0.00333353 -0.00690701 948.094
52 50   -0.00585392 0.00735221 968.147
52 51   0.00649521 0.00658432 930.393
52 52   0.00558329 -0.00571577 969.314
52 53   0.00485493 0.0075177 898.821
52 54   -0.00723255 0.00625079 962.946
52 55   -0.00460061 0.00879432 954.448
52 56   0.0038504 0.0090101 929.037
52 57   0.00573898 0.00732715 846.679
52 58   0.0065914 -0.00506683 969.13
52 59   0.0065519 -0.00402636 968.569
52 60   0.00742726 -0.00538893 949.636
52 61   -0.00672083 0.00707451 969.421
52 62   0.00473237 0.0086607 891.447
52 63   -0.00571948 0.00839053 961.075
52 64   -0.00397153 -0.00890644 922.887
52 65   0.00378618 0.00979764 948.431
52 66   -0.0080703 0.00669227 968.094
52 67   0.0053666 0.00914131 858.331
52 68   -0.00453926 -0.0100847 949.92
52 69   -0.00447205 -0.0094688 918.431
52 70   0.00439099 0.010311 962.83
52 71   -0.00590604 -0.00863464 822.549
52 72   0.00594557 0.00887462 818.045
52 73   -0.00622923 -0.00788723 801.552
52 74   0.0048881 0.0103805 960.08
52 75   0.00542445 0.00974053 863.371
52 76   0.00522312 0.010117 919.569
52 77   -0.00617393 -0.00833767 812.943
52 78   0.00775802 -0.00772814 954.508
52 79   -0.00514844 -0.0102388 935.035
52 80   0.00801573 -0.00737234 960.506
52 81   -0.00620399 -0.00912909 792.945
52 82   0.00588018 0.00988104 800.115
52 83   -0.00533998 -0.0104813 951.137
52 84   0.00799426 -0.00801944 929.515
52 85   0.00834083 -0.00754905 949.286
52 86   -0.00587363 -0.00953988 804.424
52 87   -0.00609006 -0.00940188 787.258
52 88   0.00557158 0.0103779 922.075
52 89   0.00620163 0.00966954 756.11
52 90   0.00827554 -0.00785565 927.312
52 91   0.00610896 0.00982777 746.2
52 92   0.00801095 -0.00825073 915.154
52 93   -0.00567316 -0.0102782 877.954
52 94   0.00593424 0.010154 788.425
52 95   -0.00600113 -0.00980029 776.192
52 96   0.00582697 0.0102744 854.535
52 97   0.00843241 -0.00797348 913.429
52 98   -0.00586414 -0.010321 846.136
52 99   -0.00629887 -0.00958605 752.438
52 100   -0.0061967 -0.00983216 728.887
52 101   0.00823903 -0.00828155 884.485
52 102   -0.00627801 -0.00975593 727.022
52 103   0.00840938 -0.00812283 896.759
52 104   -0.00851391 0.00822621 877.576
52 105   0.00834371 -0.00821595 877.237
52 106   0.00611783 0.0102074 686.909
52 107   0.00851696 -0.00816066 891.806
52 108   0.00842936 -0.0082893 825.039
52 109   0.0061838 0.0101643 518.244
52 110   0.00850128 -0.00824711 860.943
52 111   0.00854772 -0.00828837 857.511
52 112   0.0062394 0.0102187 240.455
52 113   -0.00858878 0.00837705 841.171
52 114   0.00630706 0.010206 2.88864
52 381   0.00395254 -0.00791704 964.165
52 382   0.00637294 -0.00868117 961.039
52 383   0.00597795 -0.00881861 950.12
52 384   0.00657794 -0.00915028 933.946
52 385   0.00618294 -0.00928772 917.629
52 386   0.00714151 -0.00912463 958.348
52 387   0.00687794 -0.00931611 918.346
52 438   0.00616757 0.00843004 815.165
52 439   0.00622322 0.00797686 812.614
52 524   -0.00849899 0.00831837 825.372
52 527   0.00626454 0.0102004 130.015
52 528   0.005418 -0.00659847 968.765
52 529   0.00472034 -0.00741627 966.363
52 530   0.00683594 -0.00686404 969.415
52 531   0.00607369 -0.00689924 968.949
52 532   0.00740344 -0.00773902 964.048
52 533   0.00696803 -0.0074005 969.278
52 534   0.00515153 -0.00873617 951.613
52 535   0.00567795 -0.00865277 954.185
52 536   0.00502721 -0.00812593 961.971
52 537   0.00575993 -0.00746664 968.175
52 538   0.00541111 -0.00787554 965.244
52 539   0.00569614 -0.00820952 963.429
52 540   0.00653362 -0.00758608 969.551
52 541   0.00608778 -0.00761703 968.656
52 542   0.00600216 -0.00798423 967.248
52 543   0.00648782 -0.00837466 967.976
52 544   0.00629634 -0.00805225 968.429
52 545   0.00659966 -0.00785431 969.585
52 546   0.00719502 -0.00807863 966.149
52 547   0.00675662 -0.0083451 969.469
52 548   0.00682566 -0.00800834 969.549
52 549   0.00718239 -0.00880633 969.42
52 550   0.00726936 -0.00833164 965.176
52 551   0.00698262 -0.00849914 969.475
52 552   0.00751715 -0.00845963 957.312
52 553   0.00774259 -0.00885268 949.082
52 554   0.0074647 -0.00876595 964.98
52 555   0.0078931 -0.00838906 922.306
52 556   0.0077351 -0.00846502 940.664
52 557   0.00786962 -0.0086355 925.206
52 558   0.00815971 -0.00864122 875.337
52 559   0.00803714 -0.00849988 904.644
52 560   0.00801809 -0.00861921 906.586
52 561   0.00823149 -0.0084119 866.147
52 562   0.00814745 -0.0084919 887.081
52 563   0.00821007 -0.00855189 854.76
52 564   0.0083754 -0.00850143 746.35
52 565   0.00830006 -0.00843173 821.632
52 566   0.00828817 -0.00851205 808.743
52 567   0.00842121 -0.00835441 782.359
52 568   0.00836527 -0.00840125 786.392
52 569   0.0084093 -0.00844095 740.873
52 570   0.00846822 -0.00837092 752.173
52 571   0.00846225 -0.0084173 722.955
52 572   0.00853975 -0.00833478 818.379
52 573   0.00851015 -0.00835528 763.454
52 574   0.00856753 -0.00834694 848.448
52 626   0.000449961 -0.00807215 964.23
52 627   0.00173182 -0.00800866 965.02
52 628   0.00189599 -0.00934722 962.849
52 629   -3.48991e-05 -0.00946693 963.212
52 630   0.000840522 -0.00988372 963.025
52 631   0.000863692 -0.0105969 961.738
52 632   0.0037055 -0.00911991 959.534
52 633   0.00279281 -0.0112529 964.099
52 634   0.00240858 -0.00997187 962.042
52 635   0.00305074 -0.0098597 963.964
52 636   0.00227001 -0.0111211 948.093
52 637   0.00154611 -0.010761 952.579
52 638   0.00203552 -0.0106725 955.921
52 639   0.00145891 -0.0113059 913.048
52 641   0.00206557 -0.0114416 914.552
52 642   0.00174387 -0.0115379 865.421
52 711   -0.00113833 0.00549559 968.787
52 712   0.000281781 0.00550814 968.021
52 713   -0.000996141 0.00751013 965.721
52 714   0.00179901 0.0079834 956.335
52 715   0.000126193 0.00797122 963.202
52 716   0.000721752 0.00707414 963.748
52 717   0.000496664 0.00971024 963.796
52 718   0.000524535 0.0088541 961.904
52 719   0.0014873 0.00886001 957.685
52 720   0.001113 0.009917 961.996
52 721   0.00180585 0.0095153 956.389
52 722   0.00313897 0.00997752 954.039
52 723   0.00247188 0.00982086 952.877
52 724   0.00225524 0.010318 953.428
52 725   0.00262284 0.0106925 947.374
52 726   0.00254887 0.0112069 904.64
52 727   0.003432 0.0109271 964.387
52 728   0.00316014 0.0105528 957.519
52 729   0.0031974 0.011293 946.697
52 733   0.0061188 -0.00971809 868.657
52 754   -0.000952595 -0.00994825 962.474
52 755   -0.00163513 -0.0095923 957.406
52 756   -0.00222966 -0.00993415 954.034
52 757   -0.00234754 -0.0104376 951.42
52 758   -0.00418344 -0.0108084 968.782
52 759   -0.00401811 -0.0103551 964.488
52 760   -0.00178648 -0.00873221 955.363
52 761   -0.00261498 -0.00735806 951.312
52 762   -0.000619084 -0.00769338 961.916
52 763   -0.00101917 -0.00675529 963.476
52 764   -0.00336942 -0.00883981 937.027
52 765   -0.00288524 -0.00819518 943.211
52 766   -0.00245683 -0.00863124 949.169
52 767   -0.0031173 -0.00927925 945.136
52 768   -0.00266115 -0.00916219 948.516
52 769   -0.00258533 -0.00960501 951.427
52 770   -0.00343185 -0.0100615 955.414
52 771   -0.00320035 -0.00966821 949.565
52 772   -0.00288259 -0.00977594 951.381
52 773   -0.00280001 -0.0104158 952.257
52 774   -0.00324879 -0.0102551 956.426
52 775   -0.00297938 -0.0100833 953.428
52 776   -0.00330071 -0.0108998 961.063
52 777   -0.00321436 -0.0105343 957.874
52 778   -0.00292446 -0.0106411 951.926
52 779   -0.00272458 -0.0112522 899.495
52 780   -0.00289003 -0.0109202 944.802
52 781   -0.00313158 -0.011093 949.276
52 783   -0.00283511 -0.011478 854.399
52 784   -0.00309715 -0.0113721 926.822
52 792   0.000554246 -0.0113626 967.199
52 793   0.000327856 -0.0108896 966.764
52 795   0.0011706 -0.0116225 890.515
52 796   0.00083516 -0.0116069 954.828
52 842   0.00384272 0.0109351 968.788
52 843   0.00418856 0.010795 968.562
52 982   0.00625423 0.0100082 630.832
52 983   0.00622476 0.0100921 555.332
52 984   0.00629486 0.0101177 358.512
52 999   0.00629593 0.0101901 27.5586
52 1002   0.00627766 0.0101828 147.778
52 1003   0.00628926 0.0101633 203.031
52 1004   -0.00622665 -0.00995037 680.874
52 1005   -0.00629411 -0.00998695 608.403
52 1006   -0.00629629 -0.0101049 391.695
52 1007   -0.00626675 -0.0100526 552.648
52 1008   -0.00623587 -0.0101255 480.58
52 1009   -0.00627336 -0.0101345 362.98
52 1010   -0.00600513 -0.0102298 770.342
52 1011   -0.00609469 -0.0102621 707.525
52 1012   -0.00414362 -0.00749901 923.258
52 1013   -0.00426941 -0.00832623 908.866
52 1014   -0.00545354 -0.00849595 850.101
52 1015   -0.00478898 -0.00844147 885.511
52 1016   -0.00505231 -0.00810262 874.276
52 1017   -0.0050017 -0.00924113 883.032
52 1018   -0.00502074 -0.00879401 874.762
52 1019   -0.00535969 -0.00887558 854.92
52 1020   -0.00562918 -0.00947747 833.207
52 1021   -0.00522748 -0.00942076 870.366
52 1022   -0.00545381 -0.00922464 848.02
52 1023   -0.00530998 -0.00990853 887.277
52 1024   -0.00528674 -0.00966563 874.964
52 1025   -0.00551897 -0.00968154 849.62
52 1026   -0.00566593 -0.0101161 851.461
52 1027   -0.00549429 -0.00998891 868.852
52 1028   -0.00559012 -0.00985998 844.952
52 1029   -0.00590351 -0.00991146 789.585
52 1030   -0.00578952 -0.0100468 819.75
52 1031   -0.005734 -0.00992756 824.157
52 1032   -0.00599854 -0.0101419 763.427
52 1033   -0.005926 -0.0100661 784.561
52 1034   -0.00599207 -0.00999526 766.352
52 1035   -0.00616556 -0.0099977 692.07
52 1036   -0.0060988 -0.0100148 725.112
52 1037   -0.00620423 -0.0100902 584.407
52 1038   -0.00621218 -0.0100468 621.371
52 1039   -0.00615341 -0.0101 649.412
52 1040   -0.0060946 -0.0100738 713.499
52 1041   -0.00606041 -0.01013 727.572
52 1042   -0.00613078 -0.0102198 637.307
52 1043   -0.00610309 -0.0101756 684.047
52 1044   -0.00615016 -0.0101502 625.387
52 1045   -0.00622302 -0.0101551 459.451
52 1046   -0.00618814 -0.01017 530.811
52 1047   -0.00621796 -0.0102263 347.775
52 1048   -0.00618584 -0.0102115 488.444
52 1049   -0.00624139 -0.0102067 264.036
52 1050   -0.00624415 -0.010177 340.037
52 1051   -0.00626547 -0.0101754 255.162
52 1052   -0.00628183 -0.0101625 224.324
52 1053   -0.00628099 -0.0101977 48.8677
52 1057   0.00810525 -0.00694162 968.346
52 1059   0.00773663 -0.0060663 953.61
52 1060   0.00749774 -0.0065917 969.112
52 1218   0.00276511 0.0114682 840.143
52 1219   0.00293803 0.0113981 899.354
52 1227   -0.00461826 0.00952571 939.928
52 1228   -0.0060561 0.00998147 837.62
52 1229   -0.00540964 0.00965935 901.194
52 1230   -0.0052402 0.0103513 839.497
52 1231   -0.0053744 0.0100124 873.452
52 1232   -0.00569732 0.0100875 837.725
52 1234   -0.00566178 0.0103547 798.298
52 1235   -0.00546446 0.0104983 774.466
52 1239   -0.00504319 0.0105808 860.491
52 1240   -0.0047209 0.0106774 942.926
52 1243   -0.0015529 0.00970955 962.393
52 1244   -0.00290645 0.011143 966.838
52 1245   -0.0024985 0.0100942 962.385
52 1246   -0.00238648 0.0110481 952.747
52 1247   -0.00199111 0.0106652 956.879
52 1249   -0.00174819 0.0115742 859.338
52 1250   -0.00207048 0.0114776 909.983
52 1261   0.00109132 0.0115807 968.953
52 1262   0.00123402 0.0105489 963.855
52 1263   0.00171023 0.0106444 957.202
52 1264   0.00220791 0.0112848 910.739
52 1265   0.00173686 0.0110968 952.91
52 1266   0.00153056 0.0114089 959.575
52 1268   0.00216965 0.011589 877.756
52 1269   0.00183356 0.0116048 936.511
52 1278   -0.00108268 -0.0115608 968.916
52 1279   -0.00103231 -0.0106382 965.475
52 1280   -0.000415956 -0.0108982 969.219
52 1281   -0.000525004 -0.0113556 968.818
52 1282   -0.00200045 -0.0107779 950.178
52 1283   -0.00144746 -0.0113126 962.132
52 1284   -0.00150613 -0.0108474 959.94
52 1286   -0.00175356 -0.0115296 944.504
52 1289   -0.00210949 -0.0112353 927.55
52 1290   -0.0024156 -0.0114523 868.027
52 1291   0.000150089 0.010126 965.889
52 1292   -0.000515189 0.0101013 963.73
52 1293   -0.000779054 0.0107162 962.111
52 1294   -0.00138246 0.0113748 910.245
52 1295   -0.00130938 0.0108953 952.132
52 1297   -0.0010898 0.011655 896.463
52 1298   -0.000753716 0.0116393 959.653
52 1301   0.00492583 -0.00910004 943.767
52 1302   0.00426942 -0.00935869 952.258
52 1303   0.00565568 -0.00977072 877.202
52 1304   0.00519411 -0.00953839 919.577
52 1307   0.00567286 -0.0102168 820.497
52 1308   0.00544051 -0.0103856 800.75
52 1373   0.00426069 -0.00992958 950.673
52 1374   0.00504889 -0.0103175 875.153
52 1375   0.00481967 -0.00991642 923.057
52 1378   0.00488647 -0.0106507 897.645
52 1379   0.00456478 -0.010747 959.662
52 1380   -0.00379037 -0.0109672 968.762
52 1381   -0.00352833 -0.011073 968.45
52 1579   -0.00678811 -0.00653868 939.487
52 1580   -0.00752663 -0.00559537 964.769
52 1603   -0.000160231 -0.0116038 963.219
52 1604   0.000175207 -0.0116194 966.431
52 1617   0.000220588 0.0107391 968.833
52 1618   0.000688182 0.0109552 969.194
52 1619   0.000622002 0.0113786 968.74
52 1620   -0.000313185 0.0109463 967.735
52 1621   -0.000382814 0.0113978 969.14
52 1622   0.000252824 0.011606 963.029
52 1623   -8.32642e-05 0.0116218 965.214
52 1631   0.0031575 -0.0109244 969.296
52 1632   0.00324347 -0.01046 967.83
52 1633   0.0038895 -0.0102911 964.599
52 1634   0.00412522 -0.0106592 968.406
52 1636   0.00359644 -0.0110524 965.658
52 1637   0.00391813 -0.0109561 966.199
52 1675   -0.00439232 0.0104411 955.919
52 1676   -0.00405744 0.00987196 953.379
52 1677   -0.00337101 0.00999939 965.176
52 1678   -0.00346103 0.0104746 968.811
52 1679   -0.00330617 0.0108558 969.459
52 1680   -0.00395076 0.0106626 969.184
52 1682   -0.00395705 0.0109955 965.286
52 1683   -0.00363476 0.0110921 964.537
52 1724   0.00623103 0.00943008 776.1
52 1725   0.0062616 0.00918111 787.325
52 1841   -0.00535595 -0.00650108 932.805
52 1842   -0.00596422 -0.00745822 816.765
52 1843   -0.00612121 -0.00684712 873.838
52 1844   -0.00487335 -0.00713927 909.984
52 1845   -0.00526247 -0.00762765 872.609
52 1905   0.00627721 0.0102116 38.8599
52 1908   0.00629838 0.0102096 3.81607
52 1909   0.00628896 0.0102052 13.4599
52 1932   -0.00629948 -0.010176 83.9066
52 1933   -0.00630224 -0.0102051 5.51631
52 1934   -0.00629625 -0.0101937 22.8089
52 1936   -0.0062768 -0.0102126 33.0768
52 1937   -0.00625852 -0.01022 112.259
52 1943   -0.00856806 0.00834674 864.825
52 1944   -0.00854043 0.00833539 835.075
52 1945   -0.00619425 0.00885814 950.324
52 1946   -0.00664806 0.00955053 884.883
52 1947   -0.00619031 0.00964252 878.812
52 1948   -0.00586676 0.00939558 912.405
52 1949   -0.00723789 0.00909224 963.994
52 1950   -0.00664998 0.00873873 962.39
52 1951   -0.00678025 0.00918416 938.239
52 1952   -0.00734857 0.00875127 966.721
52 1953   -0.0070211 0.00844941 969.118
52 1954   -0.00771344 0.00875578 947.006
52 1955   -0.00810092 0.00860876 888.895
52 1956   -0.00780934 0.00856064 930.411
52 1957   -0.0077961 0.00831963 934.405
52 1958   -0.00762418 0.00808938 952.242
52 1959   -0.00720742 0.00810316 966.393
52 1960   -0.00722844 0.00764717 967.451
52 1961   -0.0079751 0.00732688 962.59
52 1962   -0.00764497 0.00745805 963.482
52 1963   -0.00779975 0.00779579 951.17
52 1964   -0.0083092 0.00754163 952.192
52 1965   -0.00842805 0.00789132 924.343
52 1966   -0.00805471 0.00784404 937.561
52 1967   -0.00823402 0.00772106 941.429
52 1968   -0.00804753 0.00823925 911.924
52 1969   -0.00813057 0.00805725 916.89
52 1970   -0.00838595 0.00818943 887.383
52 1971   -0.00832436 0.00805219 908.903
52 1972   -0.00828785 0.00829662 868.722
52 1973   -0.00818337 0.00846987 870.193
52 1974   -0.00814323 0.00834137 896.054
52 1977   -0.00832488 0.00849218 784.813
52 1978   -0.0084436 0.00845222 719.37
52 1979   -0.0083588 0.00843509 777.835
52 1980   -0.00836192 0.00836803 808.654
52 1981   -0.00845969 0.00834191 783.995
52 1982   -0.0084305 0.00836409 773.812
52 1983   -0.00845975 0.0084076 731.582
52 1984   -0.00848756 0.00836998 755.587
52 1985   -0.00851884 0.00841341 708.202
52 1986   -0.00848918 0.00840214 724.639
52 1987   -0.00852424 0.00839246 725.137
52 1988   -0.00850917 0.00837009 755.669
52 1989   -0.00852275 0.00835904 780.514
52 1990   -0.00855779 0.00837321 828.958
52 1991   -0.00853845 0.00838975 729.922
52 1992   -0.00853719 0.00837306 769.969
52 1993   -0.00855994 0.00839112 759.454
52 1994   -0.0085725 0.00838011 895.972
52 1995   0.00850121 -0.00842485 705.014
52 1998   0.00852261 -0.00837776 739.188
52 1999   0.00851963 -0.00840095 712.908
52 2001   0.00854206 -0.00840569 705.767
52 2007   0.00856185 -0.00836058 824.732
52 2008   0.00854653 -0.0083709 764.875
52 2009   0.00856746 -0.00838723 760.032
52 2010   0.00855202 -0.00838794 733.265
52 2011   0.0085844 -0.00838153 904.762
52 2014   0.00857638 -0.00837621 864.559
52 2015   0.00857625 -0.0083666 863.202
end
