693
52 258   -0.00464242 -0.00106378 788.503
52 259   -0.00665245 -0.00215847 776.324
52 260   0.00530478 0.00234784 795.894
52 261   -0.00260901 -0.0022237 810.267
52 262   0.00334754 0.00112026 796.367
52 263   -0.00462152 0.00126137 770.581
52 264   0.00143014 0.00447288 819.827
52 265   -0.00258492 0.00227857 783.02
52 266   -0.000628489 0.00115457 796.635
52 267   -0.000631667 -0.00102253 800.29
52 268   0.00134349 0.00224348 806.023
52 269   0.00331417 -0.00101947 781.274
52 270   0.00129225 -0.00424359 785.017
52 271   -0.00258339 0.00445597 774.481
52 272   0.00130695 -0.00207335 791.506
52 273   0.00354298 -0.00707912 758.288
52 274   -0.00671237 -0.0043717 823.874
52 275   0.00319888 -0.00509116 767.505
52 276   0.00512813 -0.00210691 760.981
52 277   -0.00841048 -0.000970524 730.925
52 278   -0.000517122 -0.00519851 806.384
52 279   -0.0104897 -0.00316249 723.154
52 280   -0.00247976 -0.00422944 831.747
52 281   0.00699985 0.0014115 756.347
52 282   0.00510184 0.00437766 840.568
52 283   0.00323125 0.00537947 857.383
52 284   0.00930254 0.00363599 740.125
52 285   0.00502755 -0.00400836 760.952
52 286   -0.00621055 0.00236509 751.786
52 287   0.00873472 0.00505137 782.876
52 288   -0.0101547 -0.00146618 711.544
52 289   -0.000759333 -0.00681818 806.785
52 290   -0.00859725 0.000832104 716.419
52 291   -0.00534293 -0.00541452 872.942
52 292   0.00847038 0.00211584 738.563
52 293   -0.00379154 -0.00528984 863.643
52 294   -0.00777002 0.00194774 729.514
52 295   0.00665087 -0.00152673 743.437
52 296   0.00718485 -0.000288025 737.85
52 297   0.0062179 0.00540893 863.976
52 298   0.00803415 -0.00423328 762.602
52 299   0.0107194 0.00107161 700.895
52 300   0.00953176 0.000849497 710.807
52 301   0.00732354 0.00549883 848.408
52 302   0.0113677 -4.58497e-05 695.459
52 303   -0.00562423 -0.00684031 903.546
52 304   0.00781007 -0.00240827 727.592
52 305   -0.0112117 -0.000219479 699.619
52 306   -0.00858858 0.00318116 734.35
52 307   -0.00998521 0.00128847 698.567
52 308   0.00493657 0.00740273 914.743
52 309   0.00939122 -0.000277604 706.64
52 310   0.00851484 -0.00071078 714.977
52 311   0.00827748 -0.00328937 739.608
52 312   0.00574231 0.00676292 901.81
52 313   -0.00454772 -0.0074054 911.053
52 314   -0.0108554 0.000732537 697.095
52 315   -0.0063712 -0.00746358 916.698
52 316   0.00729494 0.0068941 893.873
52 317   0.00868541 -0.00176811 711.117
52 318   0.00651457 0.00738045 912.981
52 319   0.0101662 -0.000969778 696.819
52 320   0.00376543 0.00917037 948.193
52 321   0.010955 -0.000960134 692.617
52 322   -0.00467675 -0.00822186 935.627
52 323   0.00515053 0.00836863 946.659
52 324   0.00948492 -0.00211624 700.041
52 325   -0.00947171 0.00325779 704.701
52 326   0.00941215 -0.0033969 708.611
52 327   -0.0060685 -0.00837577 951.52
52 328   0.00642301 0.00821772 943.946
52 329   0.00974426 -0.00286393 695.557
52 330   -0.00986316 0.00276668 693.744
52 331   -0.00662391 -0.00892083 966.249
52 332   0.0100894 -0.00175109 693.254
52 333   -0.00545055 -0.00856896 956.775
52 334   -0.0101412 0.0021255 692.385
52 335   0.00586471 0.00856609 958.289
52 336   0.00485435 0.00891847 961.693
52 337   -0.0114826 0.00123217 692.721
52 338   0.00445433 0.00912328 961.765
52 339   0.0106268 -0.00211311 685.451
52 340   -0.00540266 -0.00914818 968.977
52 341   -0.00655118 -0.00946163 948.386
52 342   -0.00487667 -0.00927478 968.606
52 343   0.0103575 -0.00293037 684.422
52 344   0.00593188 0.00915627 968.726
52 345   0.0112733 -0.00158087 687.499
52 346   -0.00493327 -0.00972443 947.41
52 347   -0.00472949 -0.0100241 906.167
52 348   -0.0114468 0.00174526 688.204
52 349   -0.0107089 0.0022173 685.041
52 350   -0.00615065 -0.00955504 939.059
52 351   -0.0103369 0.00301118 684.98
52 352   -0.00572745 -0.00945834 956.412
52 353   0.0106357 -0.0025447 682.013
52 354   0.011022 -0.00195253 684.307
52 355   0.00465114 0.00970124 963.772
52 356   0.00525899 0.00934825 967.862
52 357   0.00562233 0.00938859 961.788
52 358   -0.0113043 0.00200312 685.085
52 359   0.0106421 -0.00317576 679.594
52 360   -0.0110376 0.00213775 683.689
52 361   -0.0104952 0.00324596 681.828
52 362   0.0116106 -0.00172926 686.117
52 363   -0.00533324 -0.00992994 873.947
52 364   -0.00560143 -0.00979045 902.631
52 365   -0.0106293 0.00263058 682.332
52 366   0.00497545 0.00983621 928.011
52 367   0.00518329 0.00968802 941.704
52 368   0.0109977 -0.00267948 676.84
52 369   -0.00621693 -0.00990782 874.651
52 370   -0.00589551 -0.00998097 852.531
52 371   0.0112812 -0.00221739 680.475
52 372   -0.00584504 -0.0102153 796.01
52 373   -0.0049444 -0.0104155 770.232
52 374   -0.0108677 0.00272983 678.546
52 375   0.0109973 -0.00293565 675.123
52 376   -0.0108337 0.00298997 677.291
52 377   0.0115147 -0.0020974 682.063
52 378   -0.0115762 0.00225823 682.459
52 379   -0.00538641 -0.0102023 789.623
52 380   0.00561879 0.0102674 769.45
52 381   -0.0110402 0.00302907 674.343
52 382   0.00505016 0.0101229 845.044
52 383   -0.0111634 0.00244197 679.316
52 384   -0.0110731 0.00262077 677.505
52 385   0.0112857 -0.00243736 677.671
52 386   0.0112073 -0.00258645 675.977
52 387   -0.00514147 -0.0104288 704.553
52 388   -0.00560413 -0.0102971 759.296
52 389   -0.0112462 0.00287392 672.943
52 390   -0.00527793 -0.0103454 740.059
52 391   0.0116289 -0.00225721 680.603
52 392   -0.0112451 0.00272576 674.813
52 393   -0.0115032 0.00243274 679.668
52 394   0.0112037 -0.00297646 672.337
52 395   -0.011357 0.00248185 678.275
52 396   0.00558796 0.0104479 684.509
52 397   -0.0113926 0.00264102 675.637
52 398   -0.00560376 -0.0104578 679.169
52 399   0.0113602 -0.0027051 673.516
52 400   0.00545919 0.0104891 598.421
52 401   0.0116151 -0.00245132 678.183
52 402   0.0114558 -0.00251347 676.43
52 403   -0.00519772 -0.0105979 469.217
52 404   0.0115609 -0.00251742 676.878
52 405   -0.0116199 0.00254497 679.016
52 406   0.0113614 -0.00290291 670.922
52 407   -0.005497 -0.0104906 605.217
52 408   -0.0115061 0.00267932 675.404
52 409   -0.00538888 -0.0104729 615.54
52 410   0.00546218 0.0105986 416.953
52 411   0.0114002 -0.00278801 672.034
52 412   0.0114533 -0.00263566 674.492
52 413   0.0114045 -0.00285196 671.037
52 414   0.00529758 0.0105727 457.732
52 415   -0.0115872 0.00263237 677.373
52 416   -0.0055027 -0.0105796 475.861
52 417   0.0116008 -0.00263364 675.544
52 418   -0.00535866 -0.0105545 485.022
52 419   -0.00530395 -0.010596 404.131
52 420   0.011534 -0.00267818 674.122
52 421   0.00536758 0.0106247 328.744
52 422   0.0115533 -0.00274715 672.979
52 423   -0.00517536 -0.0106661 351.435
52 424   0.0115125 -0.00278753 671.735
52 425   -0.00542424 -0.010603 398.609
52 426   0.0116474 -0.00267428 675.64
52 427   0.0115139 -0.00287548 669.853
52 428   -0.00541339 -0.0106557 261.45
52 429   0.0115459 -0.00283795 670.61
52 430   -0.0116447 0.00267974 677.788
52 431   0.00535047 0.010676 168.417
52 432   -0.00532514 -0.010658 247.691
52 433   0.00529717 0.0106937 115.674
52 434   -0.005369 -0.0106691 196.493
52 435   0.00537098 0.0107036 71.9573
52 436   0.0116555 -0.00284454 819.316
52 517   0.00784731 0.00841396 916.84
52 531   0.00500985 -0.00760238 778.813
52 532   0.00598696 -0.00690921 760.103
52 533   -0.00401291 0.00559971 764.33
52 534   -0.00391032 0.00747769 758.724
52 535   -0.00493515 0.00795697 781.416
52 536   -0.00591226 0.00726379 763.598
52 583   0.000161795 0.00558801 798.026
52 584   -0.00124241 0.00553472 778.227
52 585   0.000502468 0.00725646 790.501
52 586   0.000237416 0.00937094 725.163
52 669   0.00358119 0.00972187 960.956
52 672   0.0040048 0.0099194 969.368
52 673   0.00447689 0.0102117 922.41
52 674   0.00438584 0.00994587 960.609
52 678   -0.00438442 -0.0100286 952.161
52 680   -0.00397097 -0.00983576 968.743
52 691   0.00957466 0.00604855 788.697
52 701   0.00477895 0.0104282 802.434
52 702   0.00473747 0.0102576 860.088
52 703   0.00493628 0.0102338 826.87
52 704   0.00494841 0.0104489 759.607
52 705   0.00500709 0.0103598 777.95
52 708   0.00500629 0.0105515 678.783
52 709   0.00686763 0.00851439 952.465
52 710   0.00735932 0.00851411 942.619
52 711   0.00735459 0.0090249 965.499
52 712   0.0068658 0.00945488 945.688
52 713   0.00673965 0.00893644 967.733
52 714   0.00698616 0.00911393 968.511
52 715   0.00661663 0.00942956 952.206
52 716   0.00648811 0.00916652 968.947
52 717   0.00623627 0.00929337 964.502
52 721   0.0063166 0.00991429 871.974
52 722   0.00619225 0.00956459 938.964
52 723   0.00644935 0.00961204 928.502
52 724   0.00649256 0.0097867 895.832
52 725   0.00605693 0.00973118 909.968
52 726   0.00613807 0.00990621 872.175
52 727   0.00579794 0.0101117 816.605
52 728   0.00598246 0.010136 817.803
52 729   0.00570562 0.00964907 931.915
52 730   0.00587718 0.00973551 910.102
52 731   0.00577381 0.00988623 873.938
52 732   0.00540446 0.00981209 904.56
52 733   0.00556346 0.00973279 917.659
52 734   0.00564105 0.00986678 881.267
52 735   0.00551107 0.010127 807.593
52 736   0.00540665 0.00994034 869.359
52 737   0.00555746 0.00995181 859.88
52 738   0.00521759 0.0101571 813.905
52 739   0.00532745 0.0100557 837.967
52 740   0.00539308 0.0101754 796.63
52 741   0.00523317 0.0102704 777.443
52 742   0.00533326 0.0102831 766.588
52 743   0.00528779 0.010468 634.013
52 744   0.0053548 0.0104106 684.998
52 745   0.00510305 0.010391 750.999
52 746   0.0052155 0.0104227 705.959
52 747   0.00518244 0.0103527 753.097
52 748   0.00506684 0.0105197 674.882
52 749   0.00516732 0.0104737 677.515
52 750   0.00510491 0.0104483 720.636
52 751   0.00511569 0.0106299 482.373
52 752   0.00515655 0.010527 614.776
52 753   0.00510194 0.0105634 601.295
52 754   0.00517003 0.010623 444.957
52 755   0.00524156 0.0105921 445.274
52 756   0.00518749 0.0105693 526.108
52 757   0.00520555 0.0106545 348.216
52 758   0.00526674 0.0106818 187.921
52 759   0.00524977 0.0106417 339.076
52 761   0.0052396 0.0107025 157.97
52 762   0.00520544 0.0106866 267.394
52 770   0.00531122 0.0107336 11.0342
52 771   0.00529515 0.0107261 28.7118
52 792   -0.00602042 0.00395602 757.522
52 793   -0.00518654 0.00509604 762.815
52 794   -0.00606106 0.00628084 758.802
52 796   -0.00715222 0.00585026 770.227
52 797   -0.00823809 0.00428638 767.379
52 798   -0.00722941 0.00464388 761.971
52 806   -0.00536788 -0.0107036 80.0598
52 815   -0.0113807 0.00290935 671.137
52 817   -0.00524837 -0.0107002 158.589
52 825   0.00534431 0.0107229 23.5841
52 827   0.00532586 0.0107345 8.78282
52 828   0.0053364 0.0107287 15.2048
52 829   0.00532263 0.0107501 3.51599
52 830   0.00531472 0.0107558 2.71212
52 833   0.0116308 -0.00284052 672.314
52 834   0.0115922 -0.0028359 671.104
52 835   0.0116048 -0.00285264 670.599
52 836   0.0116054 -0.00275577 673.757
52 837   0.0116328 -0.00272743 674.829
52 838   0.0116524 -0.00275659 675.197
52 839   0.0116387 -0.00277898 674.713
52 840   0.0116089 -0.00280597 672.8
52 841   0.0116131 -0.00278222 673.492
52 842   0.0116367 -0.00282514 675.616
52 843   0.0116274 -0.00280732 673.966
52 844   0.0116415 -0.00279815 675.007
52 851   -0.0115226 0.00275561 673.907
52 854   -0.00527955 -0.0107014 112.654
52 855   -0.00530431 -0.0106864 146.94
52 856   -0.00528785 -0.0107278 34.0189
52 904   -0.00724556 -0.00887007 960.637
52 905   -0.00773787 -0.00851235 924.805
52 989   -0.00311036 0.00838868 740.701
52 991   -0.00187198 0.00758946 755.216
52 992   -0.000937786 0.00928268 739.999
52 993   -0.00085848 0.00818051 753.067
52 1004   0.00266833 -0.0083447 741.958
52 1019   0.00308671 0.0086983 911.08
52 1020   0.00140953 0.00775766 815.491
52 1021   0.00286997 0.00699581 876.918
52 1022   0.00374653 0.0075251 902.26
52 1023   0.00102843 0.00903886 748.025
52 1024   0.00141913 0.00850109 796.145
52 1025   0.00221976 0.00891244 849.975
52 1027   0.00212688 0.0094186 776.392
52 1028   0.00153122 0.0094818 741.764
52 1046   0.00900027 0.00687855 848.447
52 1049   0.00828395 0.00795951 896.585
52 1050   0.00813172 0.00727664 887.953
52 1102   -0.00824377 -0.00484949 801.483
52 1103   -0.00993209 -0.00559322 757.97
52 1104   -0.00957288 -0.00442729 744.626
52 1105   -0.00812944 -0.00595032 843.123
52 1106   -0.00907654 -0.00608051 810.363
52 1107   -0.00732736 -0.00703345 897.118
52 1108   -0.00789247 -0.00771602 899.952
52 1110   -0.00868315 -0.00749204 883.365
52 1111   -0.00906515 -0.00693966 850.29
52 1234   -0.00217193 -0.00699987 856.597
52 1235   -0.00371638 -0.00713039 898.087
52 1236   -0.0032415 -0.00644061 880.088
52 1237   -0.0022595 -0.00769028 864.433
52 1238   -0.00303412 -0.00768903 894.231
52 1239   0.000325442 -0.00756776 766.964
52 1240   0.00141887 -0.00923405 742.756
52 1241   0.00159964 -0.00806125 750.837
52 1242   -9.93537e-05 -0.0095839 719.837
52 1243   0.000586692 -0.00906072 735.059
52 1244   -0.000107965 -0.00841575 755.8
52 1245   -0.00138537 -0.00945981 739.493
52 1246   -0.000744513 -0.00922982 735.275
52 1247   -0.000843508 -0.00864807 763.863
52 1248   -0.00177743 -0.00915282 784.826
52 1249   -0.0015786 -0.00860267 802.893
52 1250   -0.0020154 -0.00831117 849.925
52 1251   -0.00327409 -0.00947737 948.427
52 1252   -0.00379985 -0.00943127 957.916
52 1253   -0.00404724 -0.00859983 936.181
52 1254   -0.00429506 -0.00907353 957.736
52 1255   -0.0030601 -0.00818828 901.187
52 1256   -0.0034118 -0.00849575 915.131
52 1257   -0.00257856 -0.00846429 886.977
52 1258   -0.00316709 -0.00883282 914.962
52 1259   -0.00310061 -0.00919825 928.187
52 1260   -0.00272116 -0.00880074 897.13
52 1261   -0.0022218 -0.0092586 826.899
52 1262   -0.00275647 -0.00928806 910.024
52 1263   -0.00255288 -0.00904428 888.599
52 1266   -0.00227648 -0.00951818 802.046
52 1267   -0.00257431 -0.00948658 870.251
52 1455   0.0110586 0.00213277 705.786
52 1456   0.0107032 0.00343081 720.897
52 1509   0.00719145 -0.00476821 761.084
52 1510   0.00617499 -0.00484421 758.38
52 1511   0.00630175 -0.00610369 756.622
52 1514   0.00748544 -0.00577922 774.529
52 1515   0.00715098 -0.00627615 770.178
52 1633   -0.0115551 0.00285701 671.092
52 1636   -0.0115011 0.00282313 671.918
52 1637   -0.0114715 0.00286701 670.975
52 1668   -0.00533964 -0.0107327 11.604
52 1669   -0.00534516 -0.0107099 61.6373
52 1670   -0.00532544 -0.0107039 78.5912
52 1671   -0.00530367 -0.0107278 23.708
52 1672   -0.00531651 -0.0107189 41.9758
52 1673   -0.00532337 -0.0107342 10.898
52 1674   -0.00531821 -0.0107541 3.28867
52 1675   -0.00531523 -0.0107453 5.77272
52 1676   -0.00530539 -0.0107418 8.78012
52 1683   0.0116529 -0.00280846 676.317
52 1685   0.0116562 -0.00283421 713.839
52 1686   0.0116503 -0.00282357 680.914
52 1689   -0.011581 0.00282931 672.554
52 1690   -0.0115777 0.00275246 674.883
52 1691   -0.011582 0.00279228 673.977
52 1692   -0.0116552 0.00274489 677.783
52 1693   -0.0116066 0.00273084 676.228
52 1694   -0.0116306 0.00271625 677.119
52 1695   -0.0116101 0.00278233 675.412
52 1696   -0.0116424 0.00276385 677.28
52 1697   -0.01162 0.00275512 676.324
52 1698   -0.0116224 0.00279665 675.862
52 1699   -0.0116426 0.00278547 677.443
52 1701   -0.0116532 0.00279822 678.564
52 1705   -0.0116082 0.00284672 672.551
52 1735   -0.0116205 0.00283272 674.397
52 1736   -0.0116225 0.00281531 675.497
52 1738   -0.0116343 0.0028419 675.189
52 1739   -0.0116474 0.00280956 678.676
52 1740   -0.0116369 0.00281547 677.267
52 1741   -0.0116563 0.00282073 681.808
52 1742   -0.0116409 0.00282573 678.109
52 1743   -0.0116403 0.00283474 677.509
52 1744   -0.0116508 0.0028282 682.1
52 1745   -0.0116585 0.00283775 698.645
52 1747   -0.0116478 0.00283948 679.699
52 1748   -0.0116531 0.00283589 686.214
16 437   -0.044978 0.00332891 909.146
16 438   -0.0451567 -0.0028501 909.009
16 439   -0.039978 0.00832554 914.248
16 440   -0.0477766 -0.0217741 799.57
16 441   -0.0397913 -0.032301 748.36
16 442   -0.0322209 0.0320561 860.285
16 443   -0.0411381 -0.00636231 911.291
16 444   -0.00181337 0.0290281 731.388
16 445   0.00227811 -0.0240105 716.113
16 446   -0.0434939 -0.0296588 720.378
16 447   -0.0497142 -0.0177496 854.013
16 448   0.00565011 -0.0222003 707.929
16 449   -0.0384814 -0.00705926 914.169
16 450   -0.000803793 0.0243433 797.111
16 451   0.00191113 0.0225113 792.997
16 452   0.00425164 -0.0184127 731.935
16 453   0.00610153 -0.0161178 739.052
16 454   -0.00115453 -0.0215594 820.937
16 455   0.00454257 0.0225173 767.352
16 456   0.00138651 -0.0173026 757.378
16 457   -0.000647668 -0.018639 830.346
16 458   0.000559862 0.0181197 879.101
16 459   0.0022448 0.0193712 864.027
16 460   0.00491915 -0.0136455 737.826
16 461   -0.00653932 -0.0175086 966.414
16 462   0.000536993 0.0143348 876.933
16 463   -0.0028371 -0.0174225 903.32
16 464   0.00155137 0.0158087 895.326
16 465   -0.00305202 -0.0157194 908.194
16 466   -0.00579269 -0.0156523 961.724
16 467   -0.00444026 -0.0152149 943.539
16 468   -0.00637875 -0.0145544 969.005
16 469   -0.00712538 -0.0140538 965.58
16 470   -0.00428727 -0.0139841 950.067
16 471   -0.00491453 -0.0135037 967.143
16 472   -0.00565357 -0.0136366 969.04
16 473   0.00690854 0.0118855 829.681
16 474   0.00717243 0.0124033 886.203
16 475   -0.00724231 -0.0121858 851.427
16 476   -0.00686769 -0.0128742 923.597
16 477   -0.00584404 -0.0128811 946.014
16 478   -0.00631153 -0.0126193 908.505
16 479   -0.00434035 -0.0123534 965.504
16 480   0.00640751 0.0119225 827.79
16 481   -0.00479756 -0.0127486 967.193
16 482   -0.00686428 -0.0116817 807.948
16 483   -0.00535507 -0.0124582 928.191
16 484   -0.00630812 -0.0119467 830.563
16 485   -0.00535227 -0.0119615 850.152
16 486   -0.00597492 -0.011643 790.851
16 487   0.00645387 0.0109433 779.048
16 488   0.00627786 0.0113322 773.597
16 489   -0.00562498 -0.0116887 791.177
16 490   -0.00502462 -0.011703 818.232
16 491   0.00596086 0.0113181 746.872
16 492   0.00573934 0.011456 747.205
16 493   0.00622446 0.0107799 782.475
16 494   -0.00546888 -0.0113403 711.675
16 495   -0.00512309 -0.011382 742.573
16 496   0.00587779 0.011065 716.137
16 497   0.00558332 0.0112411 674.299
16 498   0.00596538 0.0109157 743.032
16 499   0.00543911 0.0112133 631.18
16 500   -0.00554874 -0.0111619 643.142
16 501   0.00567797 0.0110581 652.983
16 502   -0.00529465 -0.0112921 682.785
16 520   0.00572642 -0.0120935 762.549
16 521   -0.00572718 0.0139525 799.675
16 522   -0.0045448 0.0132411 739.821
16 523   -0.00513523 0.0119044 728.437
16 524   0.00723611 0.0112051 777.986
16 526   0.0069111 0.0108532 776.068
16 527   0.00701247 0.0105165 762.924
16 528   0.00733749 0.0103462 604.96
16 529   -0.0443147 -0.0225038 853.147
16 530   -0.0429624 -0.0254745 819.122
16 538   -0.0073289 -0.0103179 588.781
16 548   -0.00994985 -0.0304355 830.009
16 549   -0.00730289 -0.0334785 757.9
16 550   -0.00855774 -0.0271983 866.204
16 551   -0.00565164 -0.0268099 831.272
16 554   -0.049779 0.0184217 843.499
16 555   -0.0473123 0.0259428 724.955
16 556   -0.0511395 0.0239928 727.269
16 557   -0.0484185 0.0211728 807.072
16 558   -0.0440383 0.0244675 819.823
16 559   -0.0451444 0.0217781 854.577
16 587   -0.0355241 0.030738 839.248
16 588   -0.0410092 0.0310458 739.898
16 589   -0.0391971 0.0336819 745.186
16 590   -0.035948 0.027948 875.504
16 591   -0.0387243 0.0282557 839.151
16 608   -0.035877 -0.025378 907.113
16 609   -0.0345385 -0.0210257 951.687
16 610   -0.0328819 -0.023077 920.981
16 611   0.00151887 0.0128972 900.264
16 628   -0.0139354 0.0320153 861.466
16 631   -0.00503242 0.0303712 766.959
16 632   -0.00740299 0.0334571 773.995
16 633   -0.0101675 0.0304724 842.789
16 634   -0.00652069 0.0273359 847.89
16 635   -0.00907317 0.0274371 871.515
16 640   -0.0242346 -0.0325 881.816
16 641   -0.0296838 -0.0245513 906.533
16 642   -0.02633 -0.0225 904.961
16 643   -0.0209027 -0.0297285 886.48
16 644   -0.0220891 -0.0247285 897.774
16 645   -0.0136211 -0.0291855 870.886
16 646   -0.0161462 -0.0322285 865.434
16 647   -0.0142672 -0.0241855 902.813
16 649   -0.0164155 -0.0222285 903.17
16 650   -0.0195418 -0.0222285 900.487
16 665   -0.00186605 0.0185612 880.567
16 666   -0.00305298 0.0165592 855.376
16 667   -0.00641154 0.0174129 908.041
16 668   -0.00522991 0.015726 853.149
16 683   -0.00349064 -0.0222178 890.302
16 684   -0.00488303 -0.0241157 886.337
16 692   -0.0471575 0.0161464 890.17
16 693   -0.0473565 0.0130747 898.252
16 694   -0.0423565 0.0130747 915.549
16 695   -0.0386395 0.0173372 955.869
16 696   -0.043297 0.016817 911.898
16 697   -0.041018 0.0154758 926.545
16 699   -0.00442092 -0.0118828 924.684
16 700   -0.00471949 -0.0117263 857.935
16 928   0.00690881 -0.0120562 802.353
16 929   0.00690881 -0.0108919 852.819
16 931   -0.00690881 0.0129714 821.309
16 932   -0.00631762 0.0119504 788.239
16 933   -0.00690881 0.0109752 842.047
16 945   -0.0370266 -0.0219463 955.652
16 946   -0.0378885 -0.0242474 920.005
16 947   -0.0402549 -0.0240374 905.212
16 955   -0.00292528 0.0203952 895.946
16 956   -0.0028668 0.022894 875.615
16 957   -0.00529383 0.0200801 938.462
16 958   -0.00536465 0.0245436 890.171
16 959   -0.041154 0.0249976 880.519
16 960   -0.0392128 0.0261884 882.894
16 971   -0.0400722 0.0190154 955.984
16 972   -0.0423512 0.0186899 919.9
16 973   -0.0429377 0.0207052 903.646
16 974   -0.039688 0.0216261 942.034
16 975   -0.0414139 0.0226452 909.398
16 982   -0.000982259 0.0142373 808.999
16 983   -0.00230063 0.0150504 806.592
16 984   -0.00329518 0.0135058 733.401
16 985   -0.00263561 0.0125858 707.624
16 986   -0.00131799 0.0127996 724.372
16 1000   0.00128716 -0.0151908 740.207
16 1001   0.00296991 -0.0138287 713.363
16 1002   0.00252719 -0.0126935 700.025
16 1003   0.00120957 -0.0129073 698.841
16 1040   -0.0100023 -0.0209785 946.171
16 1041   -0.0112804 -0.0229355 915.353
16 1042   -0.00924217 -0.0246983 905.214
16 1043   -0.00732504 -0.0217628 944.373
16 1044   -0.00715008 -0.0235256 920.328
16 1051   -0.0501567 -0.00540454 906.165
16 1054   -0.0485426 -0.0149518 889.476
16 1055   -0.0489851 -0.00936271 903.016
16 1056   -0.0513284 -0.0114531 896.296
16 1057   -0.0435736 -0.0108717 909.644
16 1058   -0.0464205 -0.0113177 903.812
16 1059   -0.045978 -0.0144051 900.515
16 1060   -0.0421346 -0.0126888 913.719
16 1061   -0.0433674 -0.0151769 910.344
16 1062   -0.0396991 -0.011842 918.832
16 1063   -0.0387177 -0.0133332 926.16
16 1064   -0.0423594 -0.0198111 915.165
16 1065   -0.042039 -0.0170554 920.506
16 1066   -0.038962 -0.0205858 929.323
16 1067   -0.0405001 -0.0214015 942.316
16 1068   -0.0386071 -0.0179985 961.132
16 1069   -0.0398248 -0.0160585 938.22
16 1075   -0.0510348 0.0324945 672.079
16 1078   -0.0472076 0.0298583 691.642
16 1079   -0.0442772 0.0323638 696.919
16 1085   -0.0461668 -0.0323578 684.366
16 1098   -0.00418829 -0.0187067 930.211
16 1099   -0.00575564 -0.0188418 959.342
16 1100   -0.00433496 -0.0205816 928.817
16 1101   -0.00590232 -0.0207167 948.212
16 1135   -0.0345927 0.021028 952.058
16 1136   -0.0329893 0.0230841 922.166
16 1137   -0.0348795 0.0252941 909.549
16 1138   -0.0374536 0.0226426 951.672
16 1139   -0.0372383 0.0248526 912.582
16 1146   0.00231244 -0.0275425 694.712
16 1147   0.00568444 -0.0309739 673.534
16 1148   -0.0029013 -0.0321365 709.201
16 1149   -0.00264217 -0.0287051 728.575
16 1152   0.00386887 -0.033658 673.711
16 1153   0.000237747 -0.033658 686.715
16 1154   0.000219172 0.032114 694.583
16 1177   -0.00202467 -0.0148307 875.684
16 1178   -0.00032634 -0.0146832 766.758
16 1179   3.87947e-05 -0.0135349 722.713
16 1180   -0.00343709 -0.0136177 923.543
16 1181   -0.00256273 -0.0139598 893.758
16 1182   -0.00207397 -0.0131912 847.925
16 1184   -0.00255021 -0.0125101 872.64
16 1185   -0.00369216 -0.0123044 946.755
16 1186   -0.00327773 -0.0127957 918.384
16 1218   -0.0505624 -0.0249868 716.202
16 1219   -0.0490972 -0.0299008 683.396
16 1220   -0.0510348 -0.032543 671.898
16 1286   0.00568071 0.0250956 712.1
16 1287   0.00567949 0.0326605 672.181
16 1288   0.0038602 0.0297745 684.961
16 1340   -0.000841375 -0.0129672 735.424
16 1341   -0.00150018 -0.0128603 776.284
16 1380   -0.0117873 0.0230229 910.027
16 1381   -0.0103817 0.0210076 934.264
16 1382   -0.00973759 0.0249876 901.48
16 1383   -0.00708506 0.0216724 945.95
16 1384   -0.00721436 0.0236371 912.563
16 1396   -0.031468 -0.0335257 854.699
16 1397   -0.0294676 -0.028077 892.58
16 1398   -0.0280819 -0.0310257 882.048
16 1399   -0.0355569 -0.027878 882.607
16 1400   -0.0365732 -0.0308267 821.874
16 1401   -0.0323455 -0.0291027 882.634
16 1402   -0.0333618 -0.0320513 847.44
16 1443   -0.0146908 0.0220153 905.137
16 1464   -0.00695087 -0.0112467 782.954
16 1465   -0.0073289 -0.0110027 768.07
16 1466   -0.0071578 -0.0106358 754.897
16 1467   -0.0068156 -0.0105869 789
16 1468   -0.00626474 -0.0107843 787.076
16 1469   -0.00662659 -0.010823 787.805
16 1470   -0.00659076 -0.011116 781.172
16 1471   -0.0060756 -0.0112972 759.877
16 1472   -0.00615145 -0.0109808 764.141
16 1473   -0.00630637 -0.0111738 771.345
16 1474   -0.00569908 -0.0111529 685.856
16 1475   -0.00594965 -0.0110192 738.093
16 1476   -0.00589171 -0.0111891 732.363
16 1478   -0.00569944 -0.0110132 667.437
16 1479   -0.00581461 -0.0109528 712.581
16 1544   0.00636186 0.019926 833.211
16 1545   0.00675719 0.0174954 899.318
16 1546   0.00413343 0.0183044 882.283
16 1547   0.00561905 0.0188532 870.458
16 1548   0.00595557 0.0166117 911.699
16 1549   0.00446995 0.0168613 904.282
16 1550   0.00461718 0.0149904 936.501
16 1551   0.00315367 0.0152996 913.967
16 1552   0.00399198 0.0159346 913.675
16 1553   0.00433726 0.0136065 960.756
16 1554   0.00416862 0.0143683 943.39
16 1555   0.00338911 0.0143426 929.352
16 1556   0.0038167 0.0132551 958.639
16 1557   0.0032289 0.0136993 937.033
16 1558   0.00276604 0.012411 935.388
16 1559   0.00263789 0.0130755 926.647
16 1560   0.00332554 0.0125002 955.918
16 1561   0.0037852 0.0127203 965.657
16 1562   0.0039838 0.0123282 964.329
16 1564   0.00368885 0.0120813 969.007
16 1565   0.00335944 0.0121348 960.072
16 1576   -0.0242685 0.0325 882.855
16 1577   -0.0288588 0.0295561 888.132
16 1578   -0.0221386 0.0225 900.483
16 1579   -0.0264267 0.0225 905.082
16 1580   -0.0297896 0.0245561 906.786
16 1581   -0.0185105 0.0245153 898.055
16 1582   -0.0187104 0.0295153 886.075
16 1596   -0.049978 0.00577447 905.979
16 1597   -0.049978 0.0107711 899.361
16 1600   0.00470369 0.0116653 814.11
16 1601   0.0048607 0.0123253 919.262
16 1602   0.00439146 0.0121708 921.372
16 1603   0.00440871 0.0118199 862.972
16 1604   0.00709919 0.0152919 943.08
16 1605   0.00629757 0.0157656 929.246
16 1606   0.00543715 0.015071 941.879
16 1607   0.006735 0.0145727 958.552
16 1608   0.00587457 0.0144372 958.217
16 1609   0.00680823 0.0132197 960.547
16 1610   0.00713581 0.0137768 968.486
16 1611   0.00621423 0.0134324 968.194
16 1612   0.00568138 0.0138539 966.917
16 1613   0.00514072 0.0128195 959.224
16 1614   0.00499344 0.0134086 968.434
16 1615   0.00615104 0.0123584 884.805
16 1616   0.00605807 0.0129516 952.661
16 1617   0.0056725 0.0127841 943.84
16 1618   0.00571314 0.0117148 787.505
16 1619   0.00587153 0.0120835 846.014
16 1620   0.00565941 0.0122984 884.311
16 1621   0.00543922 0.012103 856.774
16 1622   0.00517229 0.0120945 865.713
16 1623   0.00547362 0.011818 804.456
16 1624   0.00526673 0.0117151 791.394
16 1625   0.00492461 0.0116867 801.38
16 1626   0.00507145 0.0118841 830.835
16 1628   0.00499237 0.011451 752.698
16 1631   0.00528991 0.0112915 674.486
16 1632   0.00520103 0.0114752 745.285
end
