868
52 225   -0.00294806 -0.00219963 893.759
52 226   -0.000741006 0.00109199 902.503
52 227   0.005238 -0.00248283 895.646
52 228   -0.0028423 -0.00432929 893.115
52 229   -0.00265607 0.00230547 904.713
52 230   -0.000805297 -0.0010893 901.151
52 231   0.00120112 -0.00224506 904.828
52 232   0.00134638 0.00420207 902.24
52 233   0.00307951 -0.00557192 928.779
52 234   0.00317161 -0.00129034 899.758
52 235   0.00126903 0.00203969 900.387
52 236   0.00317523 0.000813117 894.417
52 237   -0.00624049 0.00470188 906.085
52 238   0.00116812 -0.00425592 912.331
52 239   0.00324203 0.0049515 888.874
52 240   0.00702001 -0.00151193 864.602
52 241   -0.000732545 -0.00522982 907.65
52 242   0.00502403 0.00359582 873.722
52 243   0.00503458 0.00161982 880.018
52 244   0.00681297 0.000487272 858.916
52 245   -0.000542071 -0.00692208 915.747
52 246   0.00273058 -0.00722489 950.726
52 247   0.00841754 0.00104698 839.374
52 248   0.00949762 -0.00347018 784.812
52 249   0.00862519 -0.00216066 811.207
52 250   -0.00828254 -0.00114501 851.344
52 251   -0.00940096 0.0044265 818.645
52 252   0.00100967 -0.00760114 944.529
52 253   0.00356124 -0.00831083 965.75
52 254   -0.00284501 0.00864853 966.963
52 255   -0.00875969 0.000663389 803.525
52 256   0.00460419 -0.00866192 968.641
52 257   -0.00892864 -0.000334376 828.314
52 258   0.00101504 -0.00875306 962.746
52 259   0.00960539 0.00019759 783.865
52 260   -0.0104743 0.00468133 762.091
52 261   0.010849 -0.00320656 735.869
52 262   0.00951848 -0.00128562 759.647
52 263   0.000324896 -0.00929502 963.462
52 264   -0.00306259 0.00981453 966.349
52 265   0.00267849 -0.00915242 969.362
52 266   -0.0109166 0.00366898 740.106
52 267   0.0107596 -0.00228478 722.346
52 268   -0.00989092 0.000861612 745.262
52 269   0.00288605 -0.00992551 962.759
52 270   0.00185319 -0.00921839 969.271
52 271   0.0096701 -0.000592774 751.816
52 272   -0.00233856 0.0102455 943.369
52 273   0.0103015 -0.00167337 724.488
52 274   -0.0100575 -0.000666291 775.485
52 275   0.0017148 -0.00991567 957.532
52 276   0.00225482 -0.0102847 938.662
52 277   0.0113557 -0.00213074 709.845
52 278   -0.0103337 -0.000216028 735.042
52 279   -0.0103361 0.00031411 724.114
52 280   -0.00240883 0.010809 895.066
52 281   -0.00288843 0.011065 921.312
52 282   0.0106299 -0.00120098 708.609
52 283   0.0104583 -0.000721113 711.708
52 284   0.00214776 -0.0107309 889.767
52 285   0.0108473 -0.000525256 698.981
52 286   0.00132204 -0.0107625 886.057
52 287   0.00289236 -0.0111509 915.654
52 288   0.01103 -0.000233975 694.302
52 289   0.0113104 -0.00159395 700.636
52 290   -0.0108096 0.00042557 701.991
52 291   -0.0110215 0.000719548 696.047
52 292   0.00167682 -0.0108708 859.802
52 293   0.0110427 -0.0012756 699.594
52 294   -0.0107785 -0.000357914 713.223
52 295   -0.00171922 0.0110055 837.048
52 296   0.0116284 -0.00144053 694.262
52 297   -0.00206132 0.0110357 831.182
52 298   -0.00277465 0.0114255 861.092
52 299   -0.0111047 0.000154035 694.164
52 300   0.00233184 -0.0109921 856.255
52 301   0.00255676 -0.011103 858.459
52 302   -0.011076 -9.93109e-05 698.217
52 303   0.0112118 -0.000737552 689.448
52 304   0.0112355 -0.00100803 691.959
52 305   -0.0113653 0.000592271 685.679
52 306   0.0115484 -0.00111402 688.338
52 307   -0.0113851 0.000289574 685.096
52 308   0.00164784 -0.0111699 806.644
52 309   -0.00172616 0.0113091 774.925
52 310   0.00287321 -0.0114544 881.094
52 311   -0.00216272 0.011338 768.126
52 312   -0.00246225 0.0115389 742.338
52 313   0.0114658 -0.000639511 682.266
52 314   -0.0115666 0.00067047 681.197
52 315   -0.00229529 0.0115086 681.75
52 316   0.0116836 -0.000963463 683.528
52 317   0.00240201 -0.0113879 776.536
52 318   0.00185191 -0.0112467 783.475
52 319   0.00206497 -0.0112087 792.466
52 320   -0.00196823 0.0114361 719.944
52 321   -0.0115726 0.000224207 680.536
52 322   0.00245475 -0.0115387 731.88
52 323   0.00259035 -0.0115573 779.139
52 324   0.0116248 -0.000759434 680.296
52 325   0.0018241 -0.0114226 735.901
52 326   0.0118363 -0.00094815 681.617
52 327   0.00211079 -0.0113671 751.777
52 328   0.00222291 -0.0114354 726.916
52 329   -0.0117269 0.000534184 675.525
52 330   -0.011716 0.000348866 675.658
52 331   0.00197395 -0.0114713 695.358
52 332   0.011753 -0.000686204 676.619
52 333   -0.0117689 0.000439062 673.785
52 334   0.00217654 -0.0115752 576.768
52 335   0.00198467 -0.0115813 573.616
52 336   0.0118393 -0.000760765 677.103
52 337   -0.00220874 0.0116666 404.364
52 338   0.0117789 -0.00057805 674.213
52 339   0.00207514 -0.0116169 489.516
52 340   -0.00212117 0.0116641 363.823
52 341   0.0118639 -0.000557526 672.114
52 342   -0.0118916 0.000443851 670.403
52 343   -0.00222636 0.0117511 159.787
52 344   0.0119102 -0.000590273 672.186
52 345   0.00206886 -0.011693 327.404
52 346   0.00212019 -0.0117218 209.661
52 347   -0.0119881 0.00047835 674.126
52 370   0.00894008 -0.00462671 838.399
52 371   0.00476135 -0.00533607 922.098
52 372   0.00559644 -0.00417104 904.655
52 373   0.00728073 -0.00495738 897.745
52 374   0.00708388 -0.00616105 914.297
52 375   0.00597714 -0.00662652 937.074
52 376   0.00541518 -0.00831808 967.59
52 377   0.00593695 -0.00760448 957.977
52 459   -0.00285199 0.0040534 912.786
52 460   -0.00473492 0.00524762 921.666
52 461   -0.000209949 0.00496545 911.749
52 462   -0.00240224 0.00584375 930.76
52 463   -0.00183589 0.00460104 916.621
52 464   -0.00139203 0.00630839 931.472
52 465   0.000588596 0.0070913 915.613
52 466   -0.000132548 0.0060883 916.939
52 467   -0.000332312 0.00766942 936.169
52 468   -0.00133663 0.00728777 943.823
52 469   -0.00194697 0.00824353 961.626
52 470   -0.00140311 0.00891423 966.832
52 471   -0.000432193 0.00845997 950.391
52 472   0.000105967 0.00878446 944.285
52 474   0.000941107 0.00954373 910.293
52 481   -0.00197689 0.0115726 602.518
52 482   -0.00204958 0.0116358 457.267
52 494   0.00211051 -0.0117565 86.2796
52 513   -0.00211265 0.0117402 131.417
52 518   -0.00091781 -0.00927774 911.003
52 521   -0.00176677 0.0100118 952.83
52 522   -0.00138747 0.00948854 968.958
52 523   -0.00132196 0.0107892 882.967
52 524   -0.00127298 0.0103522 930.253
52 556   -0.00434176 -0.00107951 888.188
52 557   -0.00411406 0.0012443 897.17
52 558   -0.0059909 -0.00187621 870.732
52 559   -0.00664305 -0.000658709 866.06
52 560   -0.00609675 0.00302821 893.029
52 561   -0.00599621 0.000748268 880.948
52 562   -0.00511637 0.00185458 894.534
52 563   -0.00803631 0.00127912 833.43
52 564   -0.00684696 0.00134936 871.142
52 565   -0.00710623 0.00249444 875.605
52 566   -0.00892247 0.00326569 817.849
52 567   -0.00854066 0.00209311 818.868
52 568   -0.00805049 0.00275527 850.506
52 569   -0.00928654 0.0023035 785.514
52 570   -0.00953872 0.00290356 781.298
52 571   -0.0100404 0.00142003 738.523
52 572   -0.00978468 0.00200474 757.731
52 573   -0.0108884 0.00102417 702.169
52 574   -0.0104843 0.00131001 717.715
52 575   -0.0106087 0.00165935 718.591
52 576   -0.0110883 0.00121441 699.718
52 577   -0.0109372 0.00153258 707.729
52 578   -0.0107343 0.00314176 741.49
52 579   -0.0101847 0.00296225 753.926
52 580   -0.0105656 0.00215915 728.776
52 581   -0.0101856 0.00239453 745.607
52 585   -0.0108739 0.00245248 726.948
52 586   -0.0113644 0.00273914 726.954
52 587   -0.0110435 0.00286737 732.702
52 588   -0.0115093 0.00214058 712.275
52 589   -0.011087 0.0022258 718.492
52 590   -0.0113027 0.0024227 720.435
52 591   -0.0111303 0.0016967 707.014
52 592   -0.0111626 0.00195423 711.501
52 593   -0.0114245 0.00193314 708.185
52 594   -0.0116489 0.00157963 699.256
52 595   -0.0114853 0.0017446 703.916
52 596   -0.011299 0.00160661 703.054
52 597   -0.0113354 0.00122178 695.281
52 598   -0.011572 0.00143342 696.538
52 599   -0.0113531 0.00144986 699.337
52 600   -0.0117659 0.00112528 687.843
52 601   -0.0114827 0.00113402 691.237
52 602   -0.0116261 0.00127667 692.577
52 603   -0.0115945 0.000823114 683.043
52 604   -0.0115451 0.000977354 687.032
52 605   -0.0117189 0.000976838 684.592
52 606   -0.0117783 0.000774851 679.1
52 607   -0.011831 0.000857251 680.652
52 608   -0.0118159 0.000603161 674.502
52 609   -0.0118394 0.000691184 676.27
52 610   -0.0119123 0.000678091 675.2
52 611   -0.0118719 0.000569929 672.739
52 612   -0.0119056 0.000610206 673.35
52 641   -0.00453161 -0.00508449 875.123
52 642   -0.00748795 -0.00418863 827.139
52 643   -0.0062865 -0.00375153 857.539
52 644   -0.00431032 -0.00625551 871.238
52 645   0.00359812 0.00647786 879.52
52 646   0.00529848 0.00686378 844.309
52 647   0.00528099 0.00782824 836.409
52 649   0.00767464 -0.00687994 918.034
52 650   0.00842671 -0.00798782 914.797
52 651   0.00668553 -0.00795369 961.022
52 652   0.00731649 -0.00769462 945.211
52 653   0.00666543 -0.00844267 969.093
52 654   0.00714701 -0.00870703 968.334
52 655   0.00628416 -0.00873339 966.544
52 656   0.00578249 -0.00895801 959.748
52 657   0.006506 -0.00921058 917.327
52 658   0.00686776 -0.00933687 883.468
52 659   0.00712749 -0.00912403 935.499
52 660   -0.0035367 0.00778838 960.565
52 661   -0.00466028 0.00639237 939.93
52 662   -0.0033437 0.00644086 941.129
52 663   -0.00523184 0.00733414 954.534
52 664   -0.00447473 0.00814565 965.594
52 665   -0.00590518 0.00788738 962.981
52 666   -0.00874267 0.00544435 875.067
52 667   -0.00746365 0.00569638 904.474
52 668   -0.00661822 0.00774964 956.52
52 669   -0.00724268 0.00704614 929.144
52 670   -0.00817196 0.007369 912.758
52 671   -0.00820141 0.00803104 924.703
52 672   -0.00771789 0.00869799 965.627
52 673   -0.00764371 0.0082168 953.061
52 674   -0.00698979 0.00825825 964.613
52 675   -0.00726077 0.0088253 967.503
52 676   -0.00686717 0.00865357 969.314
52 677   -0.0069074 0.00938565 876.774
52 678   -0.00716771 0.00917248 931.527
52 697   0.00575852 -0.00942528 921.992
52 698   0.00624125 -0.00954567 868.811
52 699   0.00634328 -0.00988481 799.484
52 700   -0.00488776 0.00891206 968.44
52 701   -0.00565992 0.00867803 968.251
52 702   -0.00599003 0.00914879 944.233
52 703   -0.00658044 0.00940638 885.016
52 704   -0.00644714 0.00902148 948.714
52 705   -0.00638678 0.009812 811.641
52 706   0.00643684 0.00642016 841.737
52 708   0.00651847 0.00467856 846.639
52 709   0.00776452 0.00440202 812.095
52 718   -0.00745625 -0.00545724 824.413
52 719   0.00983263 -0.0054522 823.772
52 738   -0.00483721 0.00958031 955.561
52 739   -0.00486416 0.010602 949.984
52 762   -0.00894162 0.00713639 896.727
52 763   -0.00929137 0.00656151 883.933
52 791   -0.00213252 0.0117575 65.8042
52 920   -0.000869189 0.00961049 967.771
52 921   -0.000885861 0.0101161 947.844
52 922   -0.000251842 0.00922986 963.29
52 923   -0.000371605 0.00981788 952.256
52 924   -0.000576894 0.0095052 969.053
52 925   0.000414888 0.00949673 939.234
52 926   -0.000110344 0.00969297 964.907
52 927   1.72383e-05 0.0093921 960.224
52 929   0.000434808 0.00977174 939.383
52 930   0.000139803 0.00982345 963.566
52 996   -0.000475302 -0.00935531 932.174
52 997   -0.000180297 -0.00940703 950.546
52 1000   0.00869221 0.00222457 847.803
52 1001   0.00832315 0.00336432 827.041
52 1030   -0.011947 0.000579914 672.159
52 1032   0.0114135 -0.000284141 683.292
52 1033   0.0114849 -0.00047738 680.819
52 1034   0.0117344 -0.000510903 674.469
52 1035   0.0116315 -0.000470383 676.939
52 1039   0.0108321 0.000138144 705.119
52 1040   0.0103204 0.00058292 744.226
52 1057   0.0115245 -0.000180525 681.314
52 1061   0.0116253 -0.00038375 677.132
52 1062   0.0116716 -0.000258381 676.962
52 1063   0.0115896 -0.000287131 678.665
52 1064   0.0117837 -0.000338667 673.519
52 1065   0.0117159 -0.000329748 675.179
52 1066   0.0116986 -0.000380252 675.25
52 1067   0.0117899 -0.000385928 672.963
52 1068   0.0117753 -0.000457156 673.177
52 1069   0.0117457 -0.000413138 673.928
52 1070   0.0118226 -0.000453576 671.957
52 1071   0.0118284 -0.0004076 671.9
52 1072   0.0118759 -0.000406927 670.747
52 1073   0.0118891 -0.000447337 670.24
52 1074   0.0118768 -0.000503577 670.952
52 1075   0.0118565 -0.000470019 671.138
52 1076   0.0119167 -0.000465463 669.584
52 1077   0.0119133 -0.000499358 670.035
52 1081   0.00213068 -0.011774 28.4841
52 1093   0.0119541 -0.000556829 670.94
52 1099   0.0119621 -0.000496197 669.041
52 1100   0.0119511 -0.00052944 670.17
52 1101   0.0119375 -0.000510283 669.775
52 1102   0.0119738 -0.000524259 669.923
52 1103   0.0119775 -0.000506449 669.363
52 1104   0.0119037 -0.000722135 675.655
52 1105   0.0119194 -0.000648583 673.653
52 1193   0.00601862 -0.0101509 742.306
52 1194   0.00614848 -0.0100444 781.912
52 1244   0.00153918 0.00748937 903.369
52 1245   0.00273045 0.00724935 887.187
52 1246   0.00438353 0.00812148 855.31
52 1247   0.00326693 0.00856342 846.556
52 1248   0.00353334 0.00792852 865.091
52 1251   0.00385944 0.00890906 860.341
52 1252   0.00437478 0.00860371 856.318
52 1266   -0.00134861 -0.00866723 902.382
52 1267   -0.0016202 -0.00754963 902.241
52 1268   -0.00242434 -0.00902724 846.802
52 1269   -0.00451809 -0.00785519 854.465
52 1270   -0.00319242 -0.00851759 848.02
52 1271   -0.00368434 -0.00714636 873.176
52 1272   -0.00287399 -0.00750342 882.003
52 1274   -0.0039043 -0.00882029 861.091
52 1275   -0.00441964 -0.00851494 855.238
52 1282   -0.00579637 0.00955442 902.153
52 1283   -0.00541571 0.00975191 913.417
52 1284   -0.00593124 0.0101851 751.805
52 1285   -0.00605982 0.00983273 829.357
52 1286   -0.0060614 0.0100785 780.304
52 1287   -0.00520659 0.0103694 899.708
52 1288   -0.00570759 0.0101876 808.411
52 1289   -0.00539044 0.010086 883.634
52 1292   -0.00539849 0.0105164 863.798
52 1293   -0.00564899 0.0104255 796.29
52 1294   0.0045766 -0.00967382 959.309
52 1295   0.00480601 -0.0106324 954.762
52 1296   0.00577711 -0.0100559 814.438
52 1297   0.00517313 -0.00987184 925.03
52 1298   0.00555411 -0.00972265 900.344
52 1299   0.00514056 -0.0102981 913.72
52 1301   0.00537985 -0.0104182 873.471
52 1302   0.00563541 -0.0103252 808.942
52 1303   0.00174644 0.00828855 896.923
52 1304   0.0026713 0.00868343 853.664
52 1305   0.00102885 0.00869284 911.49
52 1306   0.00136369 0.00919115 897.918
52 1309   0.00212113 0.00933688 850.339
52 1310   0.00271114 0.00923345 815.319
52 1500   0.00827897 -0.00672562 904.178
52 1501   0.00855062 -0.00742519 902.907
52 1502   0.0089983 -0.00624971 883.501
52 1504   0.00944457 -0.00666245 882.829
52 1505   0.00909532 -0.0072361 894.832
52 1582   0.00346616 -0.0100893 965.031
52 1583   0.00441945 -0.0104593 965.115
52 1584   0.00415748 -0.00992699 965.181
52 1585   0.00402313 -0.0106538 969.377
52 1586   0.00323335 -0.0109586 959.508
52 1587   0.00347588 -0.0105565 964.112
52 1588   0.00359384 -0.0111239 968.82
52 1589   0.00396736 -0.0109879 967.761
52 1737   -0.00372753 0.0100146 966.989
52 1738   -0.00439743 0.00987409 962.482
52 1739   -0.00454158 0.0104199 962.147
52 1740   -0.00331216 0.0109029 964.31
52 1741   -0.00411471 0.0106319 969.349
52 1742   -0.00362867 0.010489 966.897
52 1743   -0.00360391 0.0111163 968.681
52 1744   -0.0039925 0.0109753 967.709
52 1771   -0.00901638 -0.00222974 854.42
52 1772   -0.00864731 -0.00336949 833.515
52 1780   0.00798195 -0.0081518 941.877
52 1781   0.00761187 -0.00805407 949.834
52 1782   0.00746249 -0.00857749 967.302
52 1785   0.0077027 -0.00878165 968.066
52 1786   0.00796243 -0.0085688 958.039
52 1790   0.000744042 -0.00991118 956.768
52 1791   0.0012958 -0.0100665 949.53
52 1792   0.00121013 -0.0104408 923.38
52 1794   0.000794388 -0.0104037 930.629
52 1795   0.000522363 -0.0101673 943.295
52 1850   -0.0055461 -0.00631579 850.673
52 1851   -0.00682137 -0.00673608 840.808
52 1852   -0.00659474 -0.0060497 842.209
52 1853   -0.00503343 -0.00754984 846.462
52 1854   -0.00543545 -0.0069013 844.313
52 1855   -0.00611 -0.00710304 818.816
52 1857   -0.00545031 -0.00790425 830.871
52 1858   -0.00596565 -0.0075989 809.046
52 1909   -0.000379941 0.0100707 934.811
52 1910   -0.000601902 0.0102636 935.732
52 2008   0.0119412 -0.000457858 668.912
52 2009   0.0119804 -0.000478228 668.282
52 2010   0.0119624 -0.000477668 668.547
52 2011   -0.0119127 0.000486989 670.069
52 2012   -0.0118986 0.000524492 671.162
52 2013   -0.0119549 0.000479464 668.794
52 2014   -0.0119372 0.000541024 671.015
52 2015   -0.011985 0.000492889 671.038
52 2016   -0.0119616 0.000525546 670.387
52 2017   -0.0119651 0.000501488 669.561
52 2018   0.00233613 -0.0116367 569.987
52 2019   0.00223702 -0.0116256 507.329
52 2020   0.00216021 -0.0117163 235.718
52 2021   0.00220042 -0.0116833 367.158
52 2026   0.00234909 -0.0117 486.294
52 2029   0.00223914 -0.0116994 353.264
52 2030   0.00227885 -0.0117425 289.601
52 2031   0.0022887 -0.0117049 401.99
52 2032   0.00221814 -0.0117698 96.8517
52 2033   0.00223774 -0.0117457 222.207
52 2034   0.00222084 -0.0117283 260.588
52 2035   0.00219874 -0.0117632 94.4035
52 2036   0.00217459 -0.0117445 137.517
52 2037   0.00219651 -0.0117404 184.792
52 2038   0.00216897 -0.0117623 74.3665
52 2039   0.00218467 -0.0117722 58.6229
52 2041   0.00218207 -0.0117869 20.1094
52 2154   -0.00217445 0.01177 45.1994
52 2155   -0.00215493 0.0117673 38.6705
52 2157   -0.0021516 0.0117932 6.61743
52 2158   -0.00214244 0.0117949 5.08746
52 2159   -0.00215075 0.0118017 3.26483
52 2160   -0.00214328 0.0118044 2.62983
52 2164   0.00214452 -0.0117772 21.1989
52 2165   0.00215875 -0.011772 42.9643
52 2166   0.00216711 -0.0117846 16.7
52 2167   0.00216028 -0.0117949 7.00061
52 2168   0.00214851 -0.0118039 3.40873
52 2170   0.0021415 -0.0117904 7.94924
52 2171   0.0021489 -0.0117954 5.65332
16 175   -0.0449782 0.00325703 953.346
16 176   -0.0451578 -0.00292488 953.358
16 177   -0.0477781 -0.0217783 891.286
16 178   -0.0411404 -0.00644957 955.96
16 179   -0.0434964 -0.0296601 801.219
16 180   -0.0497151 -0.0177532 914.245
16 181   -0.000128835 0.0239063 863.357
16 182   -0.0384826 -0.00713979 958.519
16 183   0.00448919 -0.0227175 866.449
16 184   0.00378253 0.0184123 818.372
16 185   -0.00177573 0.0213914 923.631
16 186   0.00110255 -0.0180992 938.173
16 187   0.00529462 -0.0179875 943.898
16 188   0.00304336 -0.0195452 923.286
16 189   0.00674045 -0.0227116 852.81
16 190   -0.00073608 0.0188086 920.486
16 191   0.00114853 0.0178617 886.063
16 192   0.00674045 -0.0192597 923.073
16 193   0.00497376 -0.0161413 966.01
16 194   0.00159314 -0.0159622 957.893
16 195   0.00678218 -0.0142162 937.12
16 196   0.000935358 0.0158951 885.706
16 197   0.00570177 -0.0148565 964.301
16 198   -0.00198023 0.0174655 950.15
16 199   -0.00348359 0.0174497 968.252
16 200   0.00339269 0.0149131 769.39
16 201   0.00189193 0.0148896 815.616
16 202   -0.00593966 0.015876 946.631
16 203   0.00321309 -0.015562 967.385
16 204   -0.00372053 0.0158825 969.08
16 205   -0.00464109 0.0153173 958.86
16 206   -0.00260764 0.0151106 967.265
16 207   0.00325821 -0.0141884 960.27
16 208   -0.00458141 0.0140331 937.223
16 209   -0.00544706 0.0135157 894.145
16 210   -0.00257661 0.0140923 968.97
16 211   -0.00392729 0.0134338 935.81
16 212   -0.00320034 0.0135499 953.6
16 213   0.00257223 -0.0136439 942.751
16 214   0.00186629 -0.0137432 962.649
16 215   0.00176738 -0.0130835 918.976
16 216   0.00265123 -0.0129841 885.171
16 217   -0.000664104 0.0126551 947.63
16 218   -0.00216998 0.0129059 941.987
16 219   -0.00292482 0.0129084 930.21
16 220   0.00357015 -0.0122883 929.102
16 221   -0.00254012 0.0127967 914.336
16 222   0.00219234 -0.0128391 858.899
16 223   -0.000323159 0.0127104 921.487
16 224   0.00180469 -0.0123553 780.664
16 352   -0.00680231 0.0149765 923.77
16 353   -0.0063694 0.0139005 893.09
16 354   -0.00706709 0.0130314 837.432
16 360   0.00536241 0.0205067 783.676
16 362   0.00354481 0.0232487 773.342
16 363   0.00568239 0.025371 714.491
16 379   -0.0443175 -0.02251 918.215
16 380   -0.0429663 -0.0254778 903.149
16 392   -0.00732142 0.0334757 860.66
16 393   -0.00999616 0.0304272 907.961
16 394   -0.00876901 0.0271699 924.146
16 396   -0.0511395 0.023992 804.587
16 397   -0.0451431 0.0217753 917.137
16 398   -0.0410052 0.0310472 839.598
16 399   -0.0391943 0.0336824 841.92
16 400   -0.0387121 0.0282585 910.445
16 413   -0.00460691 -0.0304488 865.387
16 414   -0.0100822 -0.0305281 911.066
16 415   -0.00736595 -0.0335094 876.665
16 416   -0.00876954 -0.0275072 922.063
16 417   -0.00587671 -0.0274278 909.197
16 423   -0.0329022 -0.0230774 963.456
16 447   -0.00397496 0.0220297 958.101
16 448   -0.0055012 0.0240435 951.407
16 449   0.00648658 -0.0127485 838.136
16 450   0.00583208 -0.012471 820.943
16 451   0.00536751 -0.011485 740.988
16 452   -0.00184209 -0.0224509 922.103
16 476   -0.0473568 0.0130557 941.771
16 477   -0.0423568 0.0130557 958.669
16 478   -0.043297 0.0168077 956.927
16 479   -0.0410181 0.0154682 965.218
16 500   -0.0242304 0.0325 930.033
16 501   -0.0263208 0.0225 950.364
16 502   -0.0297191 0.024558 951.824
16 503   -0.0220938 0.0247257 943.145
16 504   -0.0209124 0.0297257 933.329
16 505   -0.0142807 0.0241772 949.257
16 506   -0.0161598 0.0322257 921.213
16 507   -0.0136649 0.0291772 924.259
16 509   -0.0195321 0.0222257 946.295
16 510   -0.0163818 0.0222257 949.616
16 527   -0.0501578 -0.00542461 950.07
16 530   -0.048544 -0.0149628 933.539
16 531   -0.0489867 -0.0093869 946.717
16 532   -0.0513289 -0.0114623 939.501
16 533   -0.0435768 -0.0109118 954.528
16 534   -0.0464231 -0.0113494 947.965
16 535   -0.0459805 -0.0144253 944.583
16 536   -0.0421373 -0.0127185 958.509
16 537   -0.0433698 -0.0151943 956.066
16 538   -0.0397008 -0.0118708 961.956
16 539   -0.0387182 -0.0133461 965.283
16 613   0.00324974 -0.0125241 887.026
16 614   0.00291483 -0.0127554 871.567
16 615   0.00267226 -0.0125156 831.667
16 616   0.00274906 -0.0123262 827.951
16 617   0.00256834 -0.0121717 786.87
16 618   0.00214787 -0.0125507 806.486
16 619   0.001972 -0.0124023 775.875
16 620   0.00206945 -0.0122383 716.952
16 621   0.00219993 -0.0122984 745.772
16 622   0.00244798 -0.0124494 799.629
16 623   0.00228039 -0.0124623 789.847
16 624   0.0023055 -0.0122478 742.765
16 625   0.00246793 -0.0122286 771.255
16 626   0.00242437 -0.012317 777.042
16 628   0.00238838 -0.0121531 738.728
16 629   0.00230975 -0.0121658 715.293
16 680   -0.0402613 -0.0240412 954.776
16 682   0.00690881 0.0108484 847.978
16 685   -0.0411459 0.0249987 930.632
16 686   -0.0391976 0.0261912 931.685
16 689   -0.00385944 -0.0231847 939.552
16 690   -0.00514542 -0.0249932 931.325
16 692   -0.0423505 0.0186869 963.343
16 693   -0.0429358 0.0207026 953.98
16 696   -0.00560904 -0.0156141 897.888
16 710   -0.0423622 -0.0198184 962.799
16 711   -0.0420409 -0.0170653 963.913
16 712   -0.0043341 0.0185287 967.623
16 713   -0.00453357 0.0203603 964.464
16 716   -0.0112954 0.0229272 961.266
16 717   -0.00945247 0.0246699 955.61
16 736   -0.0329397 0.023087 963.198
16 737   -0.0348499 0.0252983 956.205
16 756   -0.0461673 -0.0323584 699.565
16 758   -0.0117169 -0.0230281 957.434
16 759   -0.00944863 -0.0250072 949.704
16 772   -0.0019239 0.0126504 919.422
16 773   -0.00179483 0.0123186 847.969
16 774   -0.0019666 0.0123573 830.077
16 775   -0.0020766 0.0124726 861.036
16 776   -0.00216231 0.0122157 765.977
16 777   -0.0020644 0.0122316 775.592
16 796   -0.0014279 -0.030557 783.881
16 797   -3.73584e-05 -0.025898 857.247
16 798   0.00342784 -0.0261938 777.54
16 800   0.000216395 -0.0336176 712.79
16 801   0.0038582 -0.0336176 681.175
16 810   0.00568346 0.0322509 674.594
16 811   0.00386585 0.0294947 691.844
16 831   -0.00194662 0.0132931 968.312
16 832   -0.0019153 0.0138271 967.608
16 833   -0.000313989 0.0156705 915.297
16 834   -0.00173543 0.0155062 954.103
16 835   -0.00134497 0.0162939 941.335
16 836   -0.000265923 0.0140507 914.229
16 837   -0.000367603 0.0148821 916.665
16 838   -0.00104131 0.0148835 939.698
16 839   -0.00077903 0.0139183 937.283
16 840   -0.00142845 0.0140895 957.982
16 841   -0.00107594 0.0143558 944.515
16 842   -0.00147974 0.0133371 967.252
16 843   -0.00128783 0.0137372 958.34
16 844   -0.000975254 0.0135667 949.653
16 845   -0.000960162 0.0128483 959.842
16 846   -0.00100305 0.0132148 955.749
16 847   -0.00133129 0.0131183 966.734
16 848   -0.00118098 0.0126594 968.913
16 849   -0.00139582 0.0128442 969.305
16 850   -0.00158971 0.0124617 931.433
16 851   -0.00160878 0.0126782 957.772
16 853   -0.00142391 0.0123787 947.751
16 854   -0.00122814 0.0124105 968.445
16 865   -0.00677149 0.0121594 790.66
16 866   -0.00621908 0.0110134 716.579
16 867   -0.0072044 0.011524 758.675
16 868   -0.00548491 0.0126833 845.573
16 869   -0.00611164 0.012196 798.437
16 870   -0.00536217 0.0114956 751.882
16 871   -0.00595336 0.0115281 754.008
16 872   -0.00501326 0.0124301 842.228
16 873   -0.0050488 0.0119103 796.036
16 874   -0.0041735 0.0127407 906.359
16 875   -0.00462075 0.0125109 870.461
16 876   -0.00382874 0.0125432 920.666
16 877   -0.00399816 0.0122084 910.95
16 879   -0.00372212 0.0120496 959.959
16 880   0.00115092 -0.0126656 923.888
16 882   0.0015887 -0.0123904 818.093
16 883   0.00146023 -0.0127636 897.119
16 887   -0.0505629 -0.0249875 778.401
16 888   -0.0490977 -0.0299014 696.799
16 889   -0.0510348 -0.032543 674.838
16 939   -0.0242691 -0.0325 930.928
16 940   -0.0297241 -0.0245516 952.157
16 941   -0.026404 -0.0225 950.618
16 942   -0.0314833 -0.0335258 916.754
16 943   -0.0281209 -0.0310258 930.185
16 944   -0.0295098 -0.0280774 937.939
16 945   -0.0323683 -0.0291032 929.994
16 946   -0.0333762 -0.0320516 913.042
16 952   0.00137583 0.0138853 804.705
16 953   0.0018854 0.0131163 728.825
16 954   0.000176474 0.0130035 878.49
16 955   0.000325713 0.0136656 884.137
16 957   0.000733427 0.0127241 756.69
16 958   0.00139224 0.0126172 719.654
16 969   -0.003161 0.0126184 919.357
16 970   -0.00346798 0.0125518 928.744
16 971   -0.00328407 0.0121207 950.936
16 972   -0.00349139 0.0122407 946.72
16 973   -0.00285124 0.0121225 894.103
16 974   -0.00298856 0.0124243 908.636
16 975   -0.00308822 0.0122377 924.796
16 976   -0.00257732 0.0124706 870.946
16 977   -0.00278958 0.0123882 884.993
16 978   -0.00271357 0.0122301 862.155
16 979   -0.00247105 0.01236 841.725
16 980   -0.00255747 0.0122128 828.699
16 981   -0.00229162 0.0123705 826.853
16 982   -0.00227952 0.0122393 786.415
16 984   -0.0024702 0.0121418 796.144
16 985   -0.00237168 0.0121577 775.41
16 1013   0.0056791 -0.0322352 676.209
16 1014   0.0056791 -0.0294705 691.957
16 1022   -0.0334857 -0.0210258 968.974
16 1130   -0.0385907 -0.0212161 831.282
16 1131   -0.0393403 -0.0199612 874.329
16 1132   -0.0401302 -0.0220338 965.082
16 1133   -0.0408798 -0.020779 967.685
16 1138   -0.0370664 0.0218365 897.486
16 1139   -0.0410321 0.0218373 967.405
16 1140   -0.0403506 0.0234415 961.16
16 1141   -0.0384023 0.024634 960.012
16 1142   -0.0368429 0.0240479 967.147
16 1148   -0.0072044 -0.0105715 886.481
16 1152   -0.00814928 0.0218471 920.461
16 1153   -0.00814001 0.0235898 966.634
16 1154   -0.00682292 0.023381 967.049
16 1164   0.0072044 -0.0102784 650.095
16 1165   0.00740147 -0.0101751 387.613
16 1174   -0.0072044 0.010326 692.263
16 1175   -0.00740147 0.0102228 481.1
16 1179   -0.00640066 0.0202479 774.524
16 1180   -0.00573748 0.0210149 918.478
16 1181   -0.00716378 0.0212548 813.114
16 1182   -0.0065006 0.0220217 942.537
16 1185   0.00730294 -0.0110914 737.761
16 1186   0.00671174 -0.0107836 753.346
16 1187   0.00710587 -0.0108241 738.133
16 1188   0.00730294 -0.0105973 708.672
16 1189   0.00710587 -0.0104535 727.853
16 1190   0.00661321 -0.0105882 774.187
16 1191   0.00681028 -0.0104849 779.348
16 1197   -0.00695807 0.0111397 746.607
16 1198   -0.00656395 0.0110039 747.604
16 1199   -0.00725367 0.0108136 734.608
16 1200   -0.00705661 0.0105746 745.842
16 1202   -0.00676101 0.0105583 783.062
16 1203   -0.00656395 0.0106616 770.556
16 1206   -0.00815282 -0.0220514 947.7
16 1207   -0.00665404 -0.0240959 955.13
16 1208   -0.00806443 -0.0240305 959.597
16 1228   -0.00470707 -0.0213305 964.605
16 1229   -0.00612563 -0.0193372 949.441
16 1230   -0.00475126 -0.0195076 962.376
16 1231   -0.00605525 -0.0222021 968.678
16 1232   -0.00678663 -0.0211273 882.052
16 1318   -0.0374462 -0.0214347 854.334
16 1319   -0.0366227 -0.0224604 959.619
16 1320   -0.0360246 -0.0205129 914.738
16 1321   -0.0352011 -0.0215387 966.606
16 1359   -0.0510348 0.0337472 670.608
16 1364   -0.00673225 0.0192246 848.667
16 1365   -0.00663735 0.0170159 940.187
16 1366   -0.0058696 0.01816 938.011
16 1392   0.00592941 0.0135105 768.35
16 1393   0.00677941 0.0125303 793.233
16 1394   0.00618821 0.0117627 780.004
16 1397   0.00530142 0.0116887 741.389
16 1398   0.00471023 0.0119984 722.068
16 1404   -0.00926896 -0.0210094 962.857
16 1405   -0.0114489 -0.0210094 965.004
16 1418   0.00395638 0.013867 739.231
16 1419   0.00491322 0.0135023 744.809
16 1420   0.00458083 0.012603 722.162
16 1421   0.00255147 0.0129546 711.746
16 1422   0.00387152 0.0126379 707.034
16 1423   0.00337647 0.0132974 720.242
16 1425   0.00337592 0.0122417 693.921
16 1426   0.00271711 0.0123486 697.92
16 1427   -0.00689811 -0.0135978 855.322
16 1428   -0.00569433 -0.0141267 842.528
16 1429   -0.00451195 -0.0130795 754.278
16 1430   -0.0072044 -0.0118215 845.791
16 1431   -0.00660252 -0.0125027 818.701
16 1432   -0.00690881 -0.0111431 835.675
16 1433   -0.00631762 -0.0110362 775.044
16 1434   -0.00511919 -0.0124211 736.088
16 1435   -0.00601667 -0.0115851 761.006
16 1436   -0.00600597 -0.0123731 781.341
16 1438   -0.00542548 -0.0114782 723.526
16 1439   -0.00483429 -0.0117879 706.755
16 1444   -0.0109045 0.0209757 968.267
16 1445   -0.00907076 0.0209757 945.506
16 1446   -0.0386076 -0.0188336 910.5
16 1448   -0.0398258 -0.0168982 968.7
16 1449   -0.0387182 -0.0155646 969
16 1452   -0.0334905 0.021029 968.842
16 1453   -0.0356243 0.021029 950.836
16 1458   -0.0386395 0.0165031 969.446
16 1461   -0.0406413 0.0185156 968.554
16 1462   -0.0392092 0.0176713 966.77
16 1463   -0.0380697 0.0186682 942.852
16 1464   -0.0398771 0.02032 937.804
16 1465   -0.038445 0.0203091 778.727
16 1485   0.00665 0.0145524 779.794
16 1487   0.00507012 0.0155903 781.219
16 1488   0.00592012 0.0169066 785.013
16 1509   0.00317463 -0.0121687 904.712
16 1510   0.00291652 -0.0122105 859.286
16 1553   -0.0499782 0.0057573 949.915
16 1554   -0.0499782 0.0107573 942.845
16 1594   -0.00153989 -0.0199443 933.722
16 1595   -0.00061462 -0.0184691 933.483
16 1596   -0.00360144 -0.0188553 945.747
16 1597   -0.00184297 -0.016859 926.552
16 1598   -0.00345542 -0.0174157 929.502
16 1599   -0.00408865 -0.0160117 906.351
16 1600   -0.00302412 -0.0151219 896.909
16 1601   -0.00192826 -0.0157883 916.867
16 1602   -0.00104884 -0.015155 925.641
16 1603   0.000438781 -0.0149969 953.604
16 1604   0.0010325 -0.0140902 967.291
16 1605   -0.00152706 -0.012744 860.506
16 1606   -0.00138732 -0.014364 912.466
16 1607   -0.00108304 -0.013123 903.313
16 1608   -0.000853821 -0.013774 920.076
16 1609   -0.000225691 -0.0136501 944.235
16 1610   0.000382459 -0.0136665 962.161
16 1611   0.000420383 -0.0127266 967.111
16 1612   0.000813741 -0.0130152 964.783
16 1613   -0.000651593 -0.0128547 915.233
16 1614   -1.81137e-05 -0.0129164 960.629
16 1615   -0.000232906 -0.0131885 945.259
16 1618   -0.000601502 -0.0125559 911.118
16 1619   -0.000272098 -0.0126093 938.015
16 1620   0.00395962 -0.0137181 938
16 1621   0.0046425 -0.0138069 937.517
16 1622   0.00385765 -0.0127091 898.478
16 1623   0.00440147 -0.0125753 864.189
16 1624   0.00527079 -0.0127108 850.381
16 1625   0.00486603 -0.0130673 889.706
16 1626   0.00458889 -0.012185 819.107
16 1627   0.00508687 -0.011852 778.968
16 1628   0.00511677 -0.0122761 814.053
16 1630   0.00470679 -0.0116834 770.776
16 1631   0.00441119 -0.0118383 789.265
16 1643   -0.0399782 0.0107572 960.009
16 1644   -0.0399782 0.00575691 956.411
16 1669   -0.0314865 0.033529 916.382
16 1670   -0.0280974 0.031029 929.736
16 1671   -0.0295226 0.028087 937.644
16 1672   -0.0347944 0.0322114 906.655
16 1673   -0.0333284 0.0277983 936.8
16 1674   -0.0352112 0.0294227 917.974
16 1732   -0.0209833 -0.0297594 934.251
16 1733   -0.0222093 -0.0247594 943.299
16 1734   -0.0162091 -0.0322594 923.626
16 1735   -0.0137605 -0.0292781 925.914
16 1736   -0.0147161 -0.0242781 947.12
16 1748   -0.00467406 0.0117312 790.434
16 1751   -0.00450849 0.0120686 833.945
16 1752   -0.00423067 0.0119636 840.173
16 1753   -0.0492247 0.0260077 765.953
16 1754   -0.0434806 0.0258132 893.051
16 1755   -0.0459495 0.0245321 875.571
16 1756   -0.0491201 0.0311769 687.131
16 1757   -0.0505853 0.0286713 702.547
16 1758   -0.0461897 0.0324296 699.099
16 1759   -0.0438254 0.0297944 788.774
16 1766   -0.0346378 -0.025254 956.42
16 1767   -0.0343182 -0.027754 935.126
16 1768   -0.0383302 -0.0254001 949.789
16 1769   -0.0366428 -0.0241242 966.634
16 1798   -0.00449757 0.0313355 821.027
16 1799   -0.00138528 0.0266375 837.94
16 1800   -0.00134365 0.0328598 728.07
16 1801   0.000471823 0.0301036 719.666
16 1802   -0.00455841 0.0261363 908.859
16 1803   -0.00585522 0.0280782 898.838
16 1810   -0.0169644 -0.0222594 947.867
16 1811   -0.0198173 -0.0222594 945.864
16 1821   -0.0405458 -0.0309525 850.319
16 1822   -0.0390427 -0.0336508 845.523
16 1823   -0.03583 -0.0321766 902.273
16 1824   -0.0360776 -0.0293533 915.207
16 1825   -0.0380846 -0.0281292 914.995
16 1935   -0.0511395 0.0177503 909.313
16 1936   -0.045797 0.0168077 938.553
16 1937   -0.0485181 0.0154682 930.445
16 1938   -0.0497789 0.0205006 892.633
16 1939   -0.0470579 0.0197596 913.53
16 1940   -0.00359135 -0.0130261 754.99
16 1941   -0.00217517 -0.0130084 832.456
16 1942   -0.00302203 -0.014102 862.59
16 1943   -0.00226466 -0.0139774 883.509
16 1946   -0.00328334 -0.0123368 718.702
16 1947   -0.00262453 -0.0124437 752.315
16 1951   -0.00681282 -0.0167519 927.458
16 1952   -0.00681282 -0.0184186 964.74
16 1974   0.00581091 -0.0114997 744.297
16 1975   0.0061065 -0.0118389 773.273
16 1986   0.0072044 -0.0123782 804.861
16 1989   0.00715514 -0.0114159 753.221
16 1990   0.00705661 -0.0119616 779.721
16 1991   0.0073522 -0.0118067 770.484
16 1992   0.00646541 -0.0116537 763.542
16 1993   0.00676101 -0.0117459 769.29
16 1994   0.00685954 -0.0114472 755.425
16 1995   0.00658858 -0.0109716 739.843
16 1996   0.00668711 -0.0112905 747.246
16 1997   0.00644078 -0.0114196 748.825
16 1998   0.00604665 -0.011132 709.309
16 1999   0.00631762 -0.0112371 733.875
16 2000   0.00636688 -0.0109643 727.753
16 2002   0.00619445 -0.0108076 701.074
16 2003   0.00599739 -0.0109108 670.566
end
