1170
16 148   -0.0449782 0.00325309 958.513
16 149   -0.0451576 -0.00292919 958.566
16 150   -0.04114 -0.00645515 956.768
16 151   -0.0384824 -0.00714702 954.003
16 152   0.00110319 -0.0181236 963.957
16 153   0.0030359 -0.0194695 942.925
16 154   0.00673956 -0.0226481 892.113
16 155   0.0015692 -0.0160616 964.299
16 156   -0.00686572 0.014728 953.32
16 157   0.0031738 -0.0154804 952.621
16 158   -0.0023205 0.0146898 969.612
16 159   -0.00463063 0.0154024 967.551
16 160   -0.00598563 0.0137738 934.801
16 161   -0.00137635 0.0142898 969.206
16 162   0.0031263 -0.0141199 956.57
16 163   0.00206729 -0.0137719 966.642
16 164   -0.00582172 0.0128983 909.979
16 165   -0.00469152 0.0142352 958.782
16 166   0.00471184 -0.0136539 921.184
16 167   0.0021665 -0.0128674 969.293
16 168   -0.00168849 0.0130358 968.983
16 169   -0.0039912 0.0136543 962.387
16 170   0.00382257 -0.0135066 946.102
16 171   -0.00313003 0.0137324 969.135
16 172   0.00552357 -0.0125888 881.542
16 173   0.00151134 -0.0126398 969.376
16 174   -0.00114627 0.0126446 969.35
16 175   0.00491635 -0.0129084 906.329
16 176   -0.00414655 0.012907 955.597
16 177   -0.00468296 0.0126123 924.01
16 178   -0.00237825 0.0127473 967.228
16 179   -0.00287565 0.0130438 969.48
16 180   -0.00508715 0.0115728 805.448
16 181   0.00365066 -0.0127971 954.84
16 182   -0.00367715 0.0125518 967.685
16 183   0.00441774 -0.0125026 912.237
16 184   -0.0032674 0.0126106 968.717
16 185   -0.00254533 0.0122409 956.7
16 186   0.00404131 -0.0125387 936.158
16 187   -0.00374592 0.0121634 968.339
16 188   -0.00315886 0.012251 953.472
16 189   -0.00293417 0.0121778 944.116
16 190   -0.00391303 0.0120267 963.685
16 191   -0.00406967 0.0119748 932.924
16 325   -0.0511395 0.023992 904.966
16 332   -0.00881294 -0.0274985 968.662
16 338   -0.00876895 0.0271811 968.681
16 339   -0.038712 0.0282585 966.171
16 341   -0.0329419 -0.0230774 941.559
16 353   -0.0040409 0.0221716 935.751
16 354   -0.00552148 0.0240693 944.417
16 360   -0.043297 0.0168072 948.901
16 364   -0.0067018 0.0123169 891.795
16 365   -0.00603252 0.0116075 822.51
16 366   -0.00649608 0.011056 795.698
16 374   -0.0501576 -0.00542594 960.94
16 376   -0.0489864 -0.00938853 963.994
16 377   -0.0513288 -0.0114629 967.527
16 378   -0.0435765 -0.010915 957.756
16 379   -0.0464229 -0.0113516 963.429
16 380   -0.0421371 -0.012721 952.468
16 381   -0.0433701 -0.0151956 953.638
16 382   -0.0397006 -0.0118753 947.949
16 383   -0.0387182 -0.0133491 939.289
16 403   -0.029793 -0.0245516 961.577
16 404   -0.0265202 -0.0225 964.421
16 405   -0.0315098 -0.0335258 968.312
16 406   -0.0281819 -0.0310258 969.602
16 407   -0.0295757 -0.0280774 968.76
16 408   -0.0324063 -0.0291033 969.378
16 409   -0.033401 -0.0320516 966.974
16 426   -0.00433029 0.0187238 941.515
16 427   -0.00461351 0.0205516 885
16 429   -0.0263207 0.0225 964.522
16 430   -0.0297191 0.024558 961.552
16 434   -0.0117948 -0.0230234 952.012
16 435   -0.00949136 -0.0249985 954.665
16 436   -0.0220922 0.024727 968.063
16 437   -0.0142508 0.024181 964.053
16 438   -0.0195176 0.022227 967.206
16 439   -0.0163417 0.022227 965.235
16 513   0.00679057 0.0108389 830.141
16 515   -0.00679057 -0.0107884 831.464
16 536   -0.0411459 0.0249986 966.482
16 537   -0.0391975 0.0261912 966.78
16 548   -0.000586537 0.0127354 969.485
16 551   -0.0423505 0.0186867 928.616
16 552   -0.0429358 0.0207024 945.303
16 564   -0.0423641 -0.0198192 924.667
16 565   -0.0420413 -0.0170662 932.555
16 566   -0.0112655 0.022931 946.706
16 567   -0.0094523 0.0246811 949.735
16 569   -0.0329397 0.023087 941.562
16 570   -0.0348498 0.0252983 949.49
16 586   -0.00814465 0.0236022 913.075
16 587   -0.00683437 0.0233982 896.239
16 588   -0.00577045 0.0210858 799.573
16 589   -0.00651074 0.0220347 810.142
16 602   -0.0115302 -0.0210078 932.81
16 606   0.000599815 -0.0153222 968.936
16 607   0.0011454 -0.014393 968.29
16 608   -4.32082e-05 -0.0140669 969.534
16 609   0.000508606 -0.0139878 969.521
16 610   0.000875025 -0.0129356 969
16 611   0.000605181 -0.0133592 969.356
16 613   0.000695776 -0.0125796 968.393
16 643   -0.00394268 -0.0184214 909.197
16 644   -0.000949002 -0.0180955 967.842
16 645   -0.0018822 -0.0195058 960.424
16 646   -0.00175948 -0.0161901 962.001
16 647   -0.000682907 -0.0146289 968.425
16 648   -0.000676678 -0.0154789 968.785
16 649   -0.00206265 -0.0145354 959.264
16 650   -0.00132883 -0.0143408 964.846
16 651   -0.00115174 -0.0136469 964.226
16 672   0.000213663 -0.033615 768.221
16 680   -0.0335178 -0.0210258 913.569
16 691   -0.0399782 0.00575162 956.054
16 707   -0.0346707 -0.0252542 949.597
16 708   -0.0343523 -0.0277542 968.451
16 710   -0.0499782 0.00575634 961.014
16 717   -0.0314864 0.033529 968.415
16 718   -0.0295225 0.028087 968.7
16 719   -0.0280972 0.031029 969.579
16 720   0.00595677 -0.0112286 766.262
16 722   0.00546716 -0.0119955 838.933
16 723   0.00571518 -0.0115651 787.067
16 724   0.00535035 -0.0113363 757.962
16 725   0.00508433 -0.0119263 843.517
16 726   0.00512034 -0.011607 798.174
16 727   0.00452787 -0.0121737 899.221
16 728   0.00476965 -0.0120314 877.083
16 729   0.00431973 -0.0120653 904.409
16 730   0.00435101 -0.0118831 893.844
16 732   0.00420184 -0.011811 897.011
16 867   -0.040884 -0.0207795 864.327
16 869   -0.00726352 -0.0107489 783.91
16 870   -0.00809521 -0.0240225 925.973
16 872   0.00726352 0.0108247 788.189
16 873   0.00714528 0.0104194 755.224
16 874   -0.00714528 -0.0103942 753.093
16 875   -0.00471466 -0.0213223 862.067
16 876   -0.00475269 -0.0195014 857.976
16 879   -0.00602977 -0.0158012 897.735
16 880   -0.00632489 -0.0144096 897.579
16 881   -0.00546024 -0.0137662 903.058
16 882   -0.00569308 -0.0129972 883.924
16 883   -0.00655773 -0.0128073 866.617
16 884   -0.00576705 -0.0114014 851.343
16 885   -0.00694943 -0.0120319 843.082
16 886   -0.00647648 -0.0114464 841.275
16 887   -0.0051795 -0.0125645 878.271
16 888   -0.00460498 -0.0119445 833.646
16 889   -0.00444611 -0.0117426 797.573
16 890   -0.00420964 -0.0118665 834.835
16 891   -0.00716536 0.0109704 873.988
16 893   0.00641829 0.0207831 941.837
16 894   0.00459458 0.0249262 891.4
16 895   0.00641829 0.0235479 902.476
16 896   0.00298053 0.0200458 959.785
16 897   0.00514394 0.0194491 958.51
16 898   0.00224703 0.0189083 967.073
16 899   0.00173762 0.0151336 966.245
16 900   0.00205636 0.0165118 969.412
16 901   -0.000612502 0.0147285 968.541
16 902   0.000709713 0.0148507 966.33
16 903   -1.21931e-05 0.0155521 968.726
16 904   0.000423297 0.0141053 963.22
16 905   -0.000204488 0.0139492 966.712
16 906   0.00244259 0.0144753 961.087
16 907   0.00219489 0.0135815 952.402
16 908   0.00210291 0.0124701 945.964
16 909   0.00288293 0.0129662 951.924
16 910   0.00262996 0.0123846 957.798
16 911   0.00159789 0.0133075 945.15
16 912   0.00175889 0.0127777 935.764
16 914   0.000553124 0.0125976 874.615
16 915   0.000289601 0.0126403 908.342
16 921   -0.00699804 0.010528 858.545
16 922   -0.00702951 0.0172541 957.171
16 923   -0.00534562 0.0180271 940.102
16 924   -0.00639523 0.016157 968.668
16 925   -0.00545424 0.01637 968.959
16 926   -0.00712854 0.0190123 803.184
16 927   -0.00591514 0.018728 884.971
16 928   -0.00665805 0.018168 909.17
16 951   -0.035221 -0.0215387 867.697
16 967   -0.0108645 0.020977 920.41
16 969   -0.00847615 0.0223406 862.082
16 970   -0.00938277 0.0214655 875.492
16 978   -0.00157483 -0.013437 960.751
16 979   -0.00174338 -0.0125152 956.854
16 980   -0.00145081 -0.0128608 955.003
16 981   -0.00212194 -0.0138032 958.587
16 982   -0.00259797 -0.0135062 956.224
16 985   -0.00221616 -0.0124385 965.176
16 986   -0.00257982 -0.012756 963.319
16 987   -0.00345769 -0.0127845 954.682
16 988   -0.00316334 -0.0121749 969.316
16 989   -0.00305422 -0.0125692 964.845
16 990   -0.00348327 -0.0122634 966.727
16 991   -0.00365036 -0.012517 955.458
16 992   -0.00325977 -0.0137049 948.022
16 993   -0.00364509 -0.01317 945.338
16 994   -0.00417621 -0.0168647 920.587
16 995   -0.00488965 -0.0160785 913.184
16 996   -0.00285624 -0.0151417 949.757
16 997   -0.00292621 -0.0160437 947.407
16 998   -0.00361514 -0.0149655 939.106
16 999   -0.00353953 -0.0142507 941.657
16 1000   -0.00439855 -0.0150813 925.898
16 1001   -0.00485237 -0.0139641 916.571
16 1002   -0.00410677 -0.0142057 931.885
16 1003   -0.0045391 -0.0145274 924.166
16 1004   -0.00406259 -0.0132554 933.878
16 1005   -0.00459558 -0.0135394 920.183
16 1006   -0.0042445 -0.0137453 929.297
16 1007   -0.00470699 -0.0127443 901.493
16 1008   -0.00457208 -0.0131111 916.022
16 1009   -0.00425525 -0.0129879 926.593
16 1010   -0.00426199 -0.0126873 923.487
16 1011   -0.0045382 -0.0125466 901.832
16 1012   -0.00451743 -0.0122745 882.925
16 1013   -0.00413582 -0.0125251 928.47
16 1014   -0.00390425 -0.0124728 944.201
16 1015   -0.00427347 -0.0123145 907.804
16 1016   -0.00410797 -0.0120185 896.815
16 1017   -0.00414111 -0.0121984 916.229
16 1018   -0.00391992 -0.0122822 945.387
16 1020   -0.00362092 -0.0120528 968.908
16 1021   -0.00380368 -0.0121158 960.808
16 1022   -0.00388633 -0.011962 963.96
16 1088   -0.0334906 0.021029 913.809
16 1092   -0.0386395 0.016503 895.298
16 1094   -0.0406413 0.0185155 879.76
16 1095   -0.0392092 0.0176712 864.173
16 1104   -0.00022254 -0.013478 969.184
16 1105   -0.000685147 -0.013346 966.014
16 1106   0.00029101 -0.0132151 969.476
16 1107   1.51027e-05 -0.0132547 969.618
16 1108   0.000437512 -0.0127178 967.767
16 1109   0.000126373 -0.0127657 966.909
16 1110   0.000302591 -0.0129296 968.829
16 1112   0.000174702 -0.0125679 958.943
16 1113   0.000347888 -0.0125398 965.715
16 1125   -0.0358443 -0.0321767 960.671
16 1126   -0.0380996 -0.0281294 967.929
16 1127   -0.0360988 -0.0293534 967.654
16 1140   -0.0199643 -0.0222578 967.384
16 1141   -0.022338 -0.0247578 968.144
16 1142   -0.0148125 -0.0242734 965.727
16 1143   -0.0170958 -0.0222578 966.221
16 1158   -0.0492247 0.0260077 884.525
16 1159   -0.0511395 0.0177503 964.732
16 1160   -0.045797 0.0168072 967.114
16 1164   0.00567842 -0.0294601 710.42
16 1183   -0.00472915 0.0117604 872.396
16 1185   -0.00422478 0.0118935 915.551
16 1186   -0.00453577 0.0120392 907.498
16 1192   -0.0511077 -0.0172531 966.278
16 1193   -0.0499365 -0.0144632 969.498
16 1194   -0.047373 -0.0139264 967.644
16 1195   -0.0457595 -0.0159644 966.232
16 1212   0.00364128 -0.02782 803.28
16 1213   0.00470242 -0.0243079 881.418
16 1214   0.00244973 -0.0224126 926.072
16 1215   -0.00124017 -0.0216368 967.628
16 1216   0.000349039 -0.0234444 943.977
16 1217   -0.000867845 -0.0250443 943.384
16 1253   -0.0438959 -0.0209985 964.047
16 1254   -0.0459625 -0.0190142 969.342
16 1259   -0.00449892 0.0313311 921.539
16 1260   -0.00140464 0.0266313 935.099
16 1261   -0.0013464 0.0328541 850.6
16 1280   -0.00681317 -0.0167504 876.131
16 1311   0.00702705 0.0114157 832.657
16 1312   0.00631762 0.0113203 846.437
16 1349   -0.0399502 -0.0296036 948.295
16 1350   -0.0445731 -0.0336509 798.658
16 1351   -0.043997 -0.0283396 915.937
16 1352   -0.0418003 -0.0282828 944.551
16 1353   -0.0415359 -0.0261918 966.522
16 1354   -0.0385993 -0.0260903 964.197
16 1355   -0.0401855 -0.0254735 964.93
16 1356   -0.0362923 -0.0247518 933.069
16 1357   -0.0377227 -0.0253378 945.148
16 1358   -0.0384677 -0.024083 903.236
16 1371   -0.0334967 0.0321347 966.84
16 1372   -0.0360921 0.0322881 959.451
16 1373   -0.0365089 0.0294995 966.697
16 1374   -0.0325194 0.0291927 969.372
16 1375   -0.0346261 0.027875 968.675
16 1479   0.00607115 0.0134316 915.492
16 1480   0.00469836 0.0120508 818.508
16 1481   0.00446188 0.0121747 847.135
16 1482   0.00599898 0.0120701 853.645
16 1483   0.00670841 0.0126327 876.143
16 1497   0.00686282 0.0170333 969.205
16 1498   0.00558847 0.0180165 966.904
16 1499   0.00622556 0.0157293 966.488
16 1500   0.00303977 0.0178895 968.66
16 1501   0.00284712 0.0169484 969.598
16 1502   0.00421779 0.0175944 968.739
16 1503   0.00517347 0.0159961 968.192
16 1504   0.00361023 0.0164285 969.47
16 1505   0.00444006 0.016878 969.643
16 1506   0.00352441 0.0149031 963.182
16 1507   0.00475852 0.0153409 964.9
16 1508   0.00392878 0.0157523 968.123
16 1509   0.00514929 0.0138488 937.822
16 1510   0.00488874 0.0145566 955.2
16 1511   0.00406955 0.0143436 955.819
16 1512   0.00440201 0.0127593 910.197
16 1513   0.00399767 0.0137803 948.196
16 1514   0.00466254 0.0134913 933.301
16 1515   0.00387945 0.0124026 947.18
16 1516   0.00347362 0.0130911 948.552
16 1517   0.00361593 0.0124453 951.247
16 1575   -0.0417068 0.0219428 923.02
16 1576   -0.0410253 0.023547 936.057
16 1577   -0.0396759 0.0233358 887.19
16 1578   -0.0404055 0.0199216 834.262
16 1579   -0.039829 0.0221299 823.85
16 1580   -0.0408858 0.0213333 874.302
16 1581   -0.038779 0.0212168 664.33
16 1582   -0.0389734 0.0199107 708.655
16 1583   -0.00640493 -0.0226724 848.302
16 1584   -0.00573597 -0.0217166 806.617
16 1585   -0.00646083 -0.0206453 612.142
16 1586   -0.00682095 0.0204029 532.641
16 1587   -0.00677838 0.0196625 703.516
16 1588   -0.00607804 0.0203291 758.255
16 1589   -0.00603547 0.0195887 812.439
16 1607   0.00493484 0.0119269 810.951
16 1608   0.00517131 0.011803 823.842
16 1611   0.00738176 0.0104123 670.53
16 1616   0.00744088 0.0101478 306.883
16 1617   0.00732264 0.0102097 503.446
16 1618   -0.00482114 -0.0116887 801.528
16 1620   -0.00521648 -0.011975 840.534
16 1621   -0.00541233 -0.0115873 831.456
16 1624   -0.00738176 -0.0103745 653.678
16 1629   -0.00732264 -0.0101971 487.189
16 1630   -0.00744088 -0.0101351 274.659
16 1631   -0.0387792 -0.0216773 755.944
16 1632   -0.0384165 -0.0207554 559.259
16 1633   -0.0372735 -0.0209739 646.879
16 1634   0.00673956 -0.0199026 916.022
16 1635   0.00677451 -0.0173968 923.839
16 1636   0.00601408 -0.0188457 923.163
16 1637   0.0045631 -0.018393 933.622
16 1638   0.00525797 -0.0144095 919.667
16 1639   0.00623024 -0.0163271 923.909
16 1640   0.0044162 -0.0156226 937.263
16 1641   0.00477927 -0.0167049 934.838
16 1659   0.00695572 -0.0152215 916.514
16 1662   0.0071954 -0.0137893 905.503
16 1663   0.00665112 -0.0145531 912.203
16 1664   0.00604192 -0.0142192 910.887
16 1665   0.006103 -0.0128934 889.283
16 1666   0.00628159 -0.0135392 902.572
16 1667   0.0068908 -0.0133716 900.481
16 1668   0.0072584 -0.0123054 888.646
16 1669   0.00647061 -0.0125701 881.554
16 1670   0.0069538 -0.0128814 893.793
16 1671   0.0063512 -0.011478 817.111
16 1672   0.00701681 -0.0119037 878.367
16 1673   0.00653361 -0.0120846 865.107
16 1675   0.0072584 -0.011321 882.278
16 1677   0.00728799 -0.0103572 906.181
16 1680   0.0070464 -0.0109399 874.867
16 1681   0.00662238 -0.0109159 811.877
16 1685   0.00107454 0.0134265 947.255
16 1686   0.000471937 0.0133308 952.469
16 1687   0.000680146 0.0136133 956.032
16 1688   0.000723555 0.0127895 906.237
16 1689   0.000721975 0.0131352 939.611
16 1690   0.00101068 0.0131528 936.415
16 1691   0.00132863 0.0126621 916.948
16 1692   0.00110377 0.0129182 922.822
16 1693   0.000920751 0.012696 899.202
16 1695   0.00127737 0.0124186 902.359
16 1696   0.00101384 0.0124614 878.333
16 1701   -0.00733268 0.0102202 928.937
16 1702   -0.00733268 0.0104852 904.065
16 1716   -0.00716719 0.0216991 774.293
16 1717   -0.00782232 0.0218011 806.634
16 1718   -0.00716981 0.0208241 573.677
16 1719   -0.00782495 0.020926 704.727
16 1754   -0.040435 -0.0163478 916.404
16 1755   -0.0393274 -0.0150141 927.254
16 1756   -0.0381091 -0.0161158 902.387
16 1757   -0.0380538 -0.0185835 790.615
16 1758   -0.038663 -0.0171993 870.273
16 1759   -0.0397706 -0.0176998 875.973
16 1760   -0.0398967 -0.0193784 819.132
16 1761   -0.038789 -0.0197114 701.815
16 1800   -0.0491201 0.0311769 718.087
16 1801   -0.0505853 0.0286713 764.664
16 1809   -0.0517674 0.0337472 671.849
16 1810   -0.0503022 0.0337472 675.94
16 1856   -0.0374709 0.021322 686.894
16 1857   -0.0352199 0.0215435 867.837
16 1878   0.00294604 -0.0329225 701.997
16 1879   0.00658921 -0.0329225 673.731
16 1880   0.00476762 -0.0315376 692.297
16 1883   0.00385683 -0.0343075 686.982
16 1884   0.00567842 -0.0343075 673.925
16 1892   -0.049831 -0.028673 774.98
16 1893   -0.0503024 -0.0337715 675.968
16 1894   -0.0467707 -0.0324224 741.929
16 1895   -0.0462993 -0.0297809 837.53
16 1898   -0.0517675 -0.030086 708.158
16 1899   -0.0517675 -0.032543 678.813
16 1933   -0.0407282 -0.0219824 874.854
16 1934   -0.0395498 -0.0220863 815.152
16 1935   -0.0411969 -0.0232478 932.36
16 1936   -0.0394294 -0.0234037 885.244
16 1937   -0.0402706 -0.0240416 933.448
16 1975   -0.0096474 -0.0215117 884.156
16 1976   -0.00895826 -0.0205039 814.159
16 1977   -0.00851585 -0.0225512 874.229
16 1978   -0.00747437 -0.022105 803.958
16 1979   -0.00749223 -0.0210655 662.713
16 1980   -0.0381028 0.0253359 945.986
16 1981   -0.0387017 0.0239321 899.348
16 1982   -0.0365434 0.0247498 931.715
16 1983   -0.0363626 0.0230529 875.684
16 1984   -0.0375467 0.0228315 831.094
16 1993   0.00476796 0.0280839 782.958
16 1994   0.00477502 0.0336176 682.818
16 1995   0.00137858 0.0314716 777.252
16 1996   0.00137152 0.0287027 857.111
16 1999   0.00659167 0.0294704 709.788
16 2000   0.00659167 0.0322352 678.322
16 2021   -0.0365644 -0.0205129 754.082
16 2022   -0.0355089 -0.0205129 832.827
16 2053   -0.0364657 -0.0236062 894.379
16 2054   -0.0360677 -0.0225698 862.117
16 2055   -0.0376441 -0.0235023 871.245
16 2056   -0.0370647 -0.022005 791.222
16 2057   -0.0378352 -0.0224139 801.069
16 2078   -0.000825916 -0.012515 924.118
16 2079   -0.000781744 -0.01304 961.574
16 2080   -0.00112432 -0.0127647 949.829
16 2081   -0.00106231 -0.0124767 931.861
16 2082   -0.000548447 -0.0128896 961.872
16 2083   -0.00065463 -0.0126527 944.328
16 2084   -0.000114517 -0.0127688 969.177
16 2085   -0.000214207 -0.0129723 968.94
16 2087   -0.000461591 -0.0125349 938.655
16 2088   -0.000255718 -0.0125684 964.04
16 2118   -0.00867554 -0.0335078 948.753
16 2119   -0.00608989 -0.0335078 924.163
16 2149   0.00482367 -0.0115525 807.582
16 2150   0.00469141 -0.011772 854.161
16 2151   0.0044809 -0.0117321 870.024
16 2179   -0.00537483 0.0255983 968.889
16 2180   -0.00377652 0.0267023 959.539
16 2181   -0.00665952 0.0275292 967.017
16 2182   -0.00506121 0.0286331 951.85
16 2222   -0.0354953 0.0205145 832.958
16 2223   -0.0365621 0.0205145 759.99
16 2248   -0.00602808 0.033477 927.036
16 2249   -0.00861268 0.033477 950.682
16 2273   -0.00239884 -0.0241725 967.32
16 2274   -0.00396962 -0.0223416 927.686
16 2275   -0.00255561 -0.0224051 964.305
16 2276   -0.0497789 0.0215408 943.201
16 2277   -0.0497789 0.0194603 959.427
16 2278   -0.0470579 0.0187191 968.831
16 2279   -0.0444629 0.0210697 968.34
16 2280   -0.0477381 0.0215051 955.79
16 2281   -0.0463776 0.0200942 968.261
16 2316   -0.0071083 -0.0141088 886.879
16 2317   -0.0071083 -0.0132754 872.871
16 2332   -0.00471027 -0.0319752 915.852
16 2333   -0.00152112 -0.0320824 859.688
16 2334   -0.00156308 -0.027377 922.827
16 2335   8.49069e-05 -0.0290573 876.274
16 2336   -0.00667481 -0.0282042 963.5
16 2337   -0.00530725 -0.0296964 941.032
16 2338   -0.0037661 -0.0281234 942.063
16 2339   -0.00586083 -0.0266514 968.423
16 2340   -0.00440648 -0.0266109 963.88
16 2341   -0.00373446 -0.0249927 969.058
16 2342   -0.00454003 -0.0241292 958.023
16 2370   -0.0380697 0.0190849 760.755
16 2371   -0.0380697 0.0182515 814.911
16 2374   -0.00827826 0.0204885 755.655
16 2375   -0.00918226 0.0204885 840.305
16 2382   -1.75714e-06 0.0249263 938.772
16 2383   0.00260102 0.0238401 923.642
16 2384   0.00226132 0.021676 951.345
16 2385   -0.000171151 0.0210684 965.962
16 2386   -0.00169222 0.0225476 967.722
16 2519   0.00373588 -0.0119775 966.686
16 2520   0.00388488 -0.0122597 947.691
16 2521   0.00415491 -0.0120843 913.605
16 2522   0.00400025 -0.0121429 933.991
16 2523   0.00387484 -0.0120244 949.56
16 2524   0.00393929 -0.0119302 934.105
16 2525   0.00403524 -0.0119398 912.032
16 2526   0.00414109 -0.0118843 903.086
16 2527   0.00412545 -0.0119754 909.659
16 2530   0.00402442 -0.0118625 897.515
16 2531   0.00407734 -0.0118348 900.804
16 2566   0.00686274 0.0147704 953.473
16 2567   0.00686274 0.0138357 926.529
16 2584   -0.000687224 0.0192757 969.103
16 2585   0.00101175 0.0187457 968.898
16 2586   -2.69221e-05 0.0166135 969.344
16 2587   0.00101373 0.0172903 969.615
16 2604   -0.0495952 -0.0261238 877.914
16 2605   -0.0515317 -0.0238513 904.737
16 2606   -0.0472347 -0.0244271 928.154
16 2607   -0.0477789 -0.0209024 957.768
16 2608   -0.0501394 -0.0201421 953.075
16 2639   -0.0378394 0.0336824 942.629
16 2660   -0.0439828 -0.0232525 967.919
16 2661   -0.0448309 -0.0262769 933.184
16 2662   -0.0455052 -0.0247931 943.759
16 2663   -0.0425473 -0.0239661 967.332
16 2664   -0.0429714 -0.0254783 963.17
16 2673   -0.0376949 -0.0336509 943.754
16 2676   -0.0398 -0.0323018 926.475
16 2677   -0.0417548 -0.0336509 894.958
16 2678   -0.0070056 -0.0245379 938.161
16 2679   -0.00635681 -0.023634 907.311
16 2680   -0.00622022 -0.0254533 964.972
16 2681   -0.00557142 -0.0245494 952.642
16 2692   -0.0174891 -0.0308867 969.645
16 2693   -0.0150111 -0.0336289 968.231
16 2694   -0.0150529 -0.0279023 969.483
16 2695   -0.0113568 -0.0291523 968.324
16 2696   -0.0112074 -0.0321367 963.301
16 2697   -0.00349811 0.0120419 940.876
16 2698   -0.00357859 0.0120289 952.3
16 2713   -0.0428003 0.0251077 966.593
16 2714   -0.0441608 0.0265186 938.991
16 2715   -0.0466297 0.0252374 924.756
16 2716   -0.0445889 0.0231211 966.414
16 2717   -0.0465037 0.023186 951.68
16 2718   -0.046096 0.012183 963.423
16 2719   -0.0487174 0.00988488 964.1
16 2720   -0.0512391 0.0116282 967.62
16 2721   -0.0472572 0.0145961 968.004
16 2722   -0.0498786 0.014798 969.551
16 2736   -0.00578293 -0.0189592 816.629
16 2737   -0.00646976 -0.0197089 703.789
16 2738   -0.00646976 -0.0180422 839.192
16 2739   -0.00715659 -0.0187918 776.567
16 2745   -0.0259048 -0.0325 969.599
16 2748   -0.0226368 -0.0297578 969.388
16 2749   -0.0204159 -0.0322578 969.639
16 2775   -0.00325822 0.0180465 964.047
16 2776   -0.00105051 0.0172508 969.247
16 2777   -0.00170883 0.0184576 968.016
16 2778   -0.00224677 0.0160826 969.409
16 2779   -0.00344993 0.0163823 969.384
16 2780   -0.0149482 0.0336135 968.499
16 2781   -0.0173681 0.0308405 969.648
16 2782   -0.0148706 0.0277946 969.394
16 2783   -0.011202 0.0290446 968.567
16 2784   -0.0111149 0.0320905 964.075
16 2796   -0.0405557 0.0297296 941.206
16 2797   -0.0433759 0.0284768 922.108
16 2798   -0.0419043 0.0336824 892.763
16 2799   -0.0400998 0.0323648 922.704
16 2800   -0.0447245 0.0336824 792.21
16 2801   -0.0457402 0.031112 817.378
16 2823   -0.00331261 0.012072 930.044
16 2824   -0.00340945 0.0120563 933.3
16 2829   -0.0258074 0.0325 969.573
16 2832   -0.0203201 0.032227 969.614
16 2833   -0.022488 0.029727 969.328
16 2834   -0.043596 0.012183 957.181
16 2835   -0.0387391 0.0116266 946.182
16 2836   -0.0412174 0.00988331 954.595
16 2837   -0.0422572 0.0145961 946.793
16 2838   -0.0398786 0.014798 930.418
16 2860   0.00329896 -0.012633 966.089
16 2861   0.00318258 -0.0121505 962.901
16 2862   0.00288085 -0.0121995 964.727
16 2863   0.00287196 -0.0125348 969.133
16 2864   0.0036696 -0.0122395 963.729
16 2865   0.00334906 -0.0122072 969.066
16 2866   0.00347433 -0.0123544 967.365
16 2867   0.003646 -0.0120758 968.243
16 2869   0.00345627 -0.0120229 963.418
16 2870   0.00355794 -0.0120064 968.403
16 2885   -5.51225e-05 0.0126699 967.436
16 2886   -0.000210572 0.013333 965.83
16 2887   0.00015685 0.0128404 949.964
16 2888   0.000209005 0.0132066 956.327
16 2889   -0.000163389 0.0126523 969.31
16 2890   -0.000370994 0.0129492 968.521
52 196   -0.00466589 0.00142064 943.625
52 197   -0.00275198 0.00244369 955.04
52 198   0.00117353 0.002248 959.135
52 199   0.00102627 0.00446543 964.653
52 200   -0.000778045 0.00114642 957.672
52 201   0.00297384 0.00107659 953.585
52 202   0.00115681 -0.00226568 958.712
52 203   0.00289792 -0.00117702 952.652
52 204   0.00266857 0.00550545 965.846
52 205   0.00472827 0.00195426 948.385
52 206   -0.0026358 0.00446153 961.413
52 207   0.00455011 -0.00229905 944.164
52 208   0.00612455 -0.00126375 929.736
52 209   -0.00080912 0.00538169 967.344
52 210   0.00245834 0.00740959 969.438
52 211   0.00622679 0.000735955 935.115
52 212   0.00452234 -0.00423064 949.667
52 213   -0.00360218 -0.00742415 969.207
52 214   0.000834964 -0.00902419 960.753
52 215   0.00433082 0.00486275 959.894
52 216   -0.00385381 0.00560613 962.213
52 217   0.00508514 0.00357653 951.746
52 218   0.00554929 0.0070294 965.328
52 219   -0.00104279 0.00693711 969.542
52 220   -0.00480212 -0.00808764 969.239
52 221   0.00556096 0.00582564 958.118
52 222   0.00657231 0.00397095 943.838
52 223   -0.00328717 0.00703432 969.186
52 224   0.00673759 0.0073805 960.385
52 225   0.00672403 0.00519413 945.047
52 226   -0.00230282 0.00744514 966.703
52 227   -0.00767121 -0.00593053 931.185
52 228   0.00868274 0.00424478 930.83
52 229   -0.00225231 0.00853587 947.396
52 230   0.00773397 0.00677218 935.638
52 231   0.00758206 0.00548872 931.515
52 232   -0.0081027 -0.00513461 921.833
52 233   -0.00853968 -0.00701105 915.016
52 234   -0.00286847 0.00905977 913.311
52 235   0.00791857 0.00612651 923.607
52 236   -0.00941049 -0.00420204 921.88
52 237   0.00853479 0.00712979 917.497
52 238   -0.00830676 -0.00640353 915.29
52 239   0.0094465 0.00422809 915.697
52 240   0.00829176 0.00500175 917.47
52 241   0.00238829 -0.0101094 913.285
52 242   -0.00277176 0.00979171 895.15
52 243   -0.0088286 -0.00533298 903.195
52 244   -0.00930685 -0.0068922 875.487
52 245   -0.00215541 0.0111655 943.462
52 246   0.00921602 0.00687243 884.335
52 247   0.00367019 -0.00999471 844.28
52 248   0.00866731 0.00592116 903.274
52 249   0.00878347 0.00536487 903.116
52 250   -0.00888631 -0.00594302 895.995
52 251   0.00334604 -0.0102248 852.237
52 252   -0.00948321 -0.00481965 894.425
52 253   -0.00924921 -0.00514068 890.746
52 254   0.00926968 0.0064734 862.756
52 255   0.00949637 0.00485066 889.577
52 256   0.00291679 -0.0102508 880.633
52 257   -0.00933185 -0.00605117 853.866
52 258   -0.00317545 0.0101236 864.91
52 259   0.00905494 0.00611129 884.069
52 260   -0.00356234 0.0100834 844.796
52 261   0.00922431 0.00523047 887.738
52 262   -0.00951947 -0.00639283 820.059
52 263   0.00989428 0.00496736 850.102
52 264   -0.00244851 0.0114685 948.226
52 265   -0.00995011 -0.00504402 845.858
52 266   0.00948182 0.00552434 844.606
52 267   0.00984071 0.00535942 799.916
52 268   0.00942862 0.00584886 837.84
52 269   -0.00312673 0.0105592 852.169
52 270   0.00346166 -0.0106419 824.514
52 271   -0.00959854 -0.00547773 834.309
52 272   -0.00962347 -0.00577818 805.028
52 273   0.00968106 0.00636766 787.613
52 274   -0.00341714 0.0107578 814.802
52 275   -0.00991738 -0.00536669 797.116
52 276   0.0096848 0.00601779 778.32
52 277   0.0100375 0.00551443 749.498
52 278   -0.0101081 -0.00553708 746.416
52 279   0.00363414 -0.0107873 799.472
52 280   -0.00989294 -0.00586825 740.385
52 281   -0.00341336 0.0110179 788.445
52 282   0.00988919 0.00644344 751.555
52 283   0.00989491 0.00593543 733.298
52 284   0.00999445 0.00576092 725.187
52 285   0.0100555 0.00608242 707.491
52 286   0.0100535 0.00624055 713.159
52 287   -0.0100587 -0.00573819 722.533
52 288   -0.0102745 -0.00554526 732.53
52 289   0.0102152 0.00542964 744.619
52 290   0.0101576 0.00582516 701.024
52 291   0.0101809 0.00598998 694.042
52 292   0.0102782 0.00558563 715.622
52 293   0.0102506 0.00578111 696.056
52 294   0.0102909 0.00569569 702.067
52 295   0.0102797 0.00602371 684.681
52 296   0.0103225 0.00593772 680.729
52 297   0.0103168 0.00585994 685.096
52 298   0.0103745 0.00573544 695.397
52 299   0.0103795 0.00594689 675.1
52 300   0.0103705 0.00583984 683.329
52 301   0.010388 0.00580077 687.731
52 302   -0.0104643 -0.00586867 897.664
52 310   0.000949533 -0.00403438 963.258
52 311   -0.000751806 -0.00511061 966.481
52 312   0.00266288 -0.00487731 962.805
52 313   0.00223123 -0.00616286 968.404
52 314   0.000228851 -0.00795943 968.466
52 315   0.000634487 -0.00648026 969.39
52 316   -0.000635206 -0.00627094 968.924
52 317   -0.00236159 -0.00793901 969.544
52 318   -0.000796674 -0.00827811 968.773
52 319   -0.00128501 -0.00722211 969.607
52 320   -0.00140822 -0.00911223 967.86
52 321   -0.00233829 -0.00887778 968.62
52 322   -0.00286315 -0.00958845 966.986
52 340   0.00851947 0.00769295 932.995
52 342   0.000277312 -0.0102179 959.701
52 343   -0.00149264 -0.00981832 966.216
52 344   -0.00226167 -0.010001 966.998
52 345   -0.000571383 -0.0103412 962.229
52 346   -0.00131582 -0.0106456 962.244
52 347   -0.00112368 -0.0101722 964.218
52 348   -0.0005556 -0.0107514 960.278
52 349   -0.000971448 -0.0108778 958.695
52 350   0.000108675 -0.0113437 964.185
52 351   -0.000322955 -0.0110599 958.498
52 352   0.000133397 -0.0117153 967.87
52 358   -0.000107722 0.0103753 960.738
52 359   5.55988e-06 0.0109349 961.189
52 367   -0.00611256 0.00265954 929.66
52 368   -0.008203 0.00427408 902.385
52 370   -0.00399385 0.00760702 966.359
52 371   -0.00493724 0.00750692 967.477
52 372   -0.00518835 0.00804382 968.686
52 449   -0.0103793 -0.00590335 678.482
52 450   0.0104253 0.00581458 686.327
52 455   -0.0103465 -0.00596826 678.404
52 462   -0.00985906 -0.00638361 750.995
52 516   -0.00106513 -0.000527356 956.911
52 517   -0.000372569 -0.00169995 958.757
52 518   -0.00179203 -0.00448035 964.295
52 519   -0.00162007 -0.00283839 960.099
52 520   -0.00294908 -0.00284284 957.734
52 521   -0.00356582 -0.00607699 966.299
52 522   -0.00271566 -0.00501041 964.483
52 523   -0.00352642 -0.0039592 959.411
52 524   -0.00446942 -0.00555796 962.559
52 525   -0.00428376 -0.0044936 958.929
52 526   -0.00691631 -0.00595619 946.333
52 527   -0.00538379 -0.00583039 959.833
52 528   -0.00603047 -0.00529776 952.707
52 529   -0.00575332 -0.00734235 966.725
52 530   -0.00587313 -0.00642569 960.29
52 531   -0.00666615 -0.00655195 953.948
52 532   -0.00625159 -0.00773065 966.952
52 533   -0.00684108 -0.00720657 957.915
52 534   -0.00637629 -0.0083756 969.429
52 535   0.00671397 0.008173 967.956
52 538   -0.00172506 0.0111982 958.837
52 539   -0.00142486 0.011574 968.711
52 540   -0.00129976 0.0108866 958.114
52 541   -0.000508533 0.0111284 965.52
52 542   -0.000954027 0.0110861 965.011
52 543   -0.00104508 0.0114388 968.641
52 544   -0.000451892 0.0114082 967.883
52 545   -0.000747284 0.0115538 969.386
52 547   -0.00066788 0.0117455 969.618
52 554   -0.00460598 -0.00912358 962.868
52 555   -0.00368673 -0.00969876 962.404
52 556   -0.00427028 -0.0105262 932.01
52 557   -0.00377389 -0.0102527 958.009
52 558   -0.00408272 -0.0110253 943.286
52 571   -0.00811691 -0.00752991 938.871
52 572   -0.00730403 -0.00760267 956.82
52 574   -0.00844242 -0.00795754 942.351
52 576   -0.00144971 -0.0115739 950.796
52 579   -0.000563225 -0.0113331 948.984
52 580   -0.00107742 -0.0115466 940.327
52 581   -0.000891941 -0.0112614 950.352
52 582   -0.000221008 -0.0116655 950.445
52 583   -0.000486 -0.0115672 937.911
52 584   -0.000208648 -0.0118514 947.357
52 616   0.00803757 0.00799609 952.644
52 617   0.00743574 0.00815611 963.141
52 619   0.00822222 0.00835188 958.128
52 620   0.00241931 0.0111732 968.198
52 621   0.00182645 0.0100708 965.671
52 622   0.00262895 0.00986841 967.072
52 623   0.00325689 0.00965524 965.006
52 624   0.0028443 0.0106353 968.635
52 625   0.00368474 0.0101532 960.439
52 626   0.00338317 0.010702 967.628
52 627   0.00361428 0.0110964 968.957
52 639   -0.00362308 0.0106556 809.329
52 640   -0.00371955 0.0104168 822.049
52 655   -0.000945413 -0.0117926 919.322
52 661   0.00344094 -0.0114919 4.38119
52 662   0.00344921 -0.0114908 2.91219
52 673   0.00307879 -0.00708283 969.045
52 674   0.00255514 -0.00927756 920.84
52 675   0.00208816 -0.00846499 953.536
52 769   0.0034441 -0.0114854 7.84532
52 773   -0.0104109 -0.00591281 674.552
52 775   0.0103987 0.00587339 678.157
52 776   0.0104019 0.00590265 674.785
52 777   0.0104298 0.00584305 682.691
52 778   0.0104206 0.00586279 679.023
52 779   -0.00275844 0.0113557 910.505
52 780   -0.00288589 0.0114895 916.556
52 781   0.00112896 0.00797125 969.346
52 782   -0.000212679 0.00760844 969.026
52 783   0.000165354 0.00951454 963.583
52 784   0.00114242 0.00932297 966.636
52 785   -0.0015386 0.00876689 953.854
52 786   -0.000759001 0.00834748 965.205
52 787   -0.000394438 0.00890187 963.39
52 788   -0.00147282 0.00927692 947.914
52 789   -0.000875246 0.00936563 956.687
52 790   -0.00078402 0.00999546 956.402
52 791   -0.00126633 0.0103249 951.089
52 792   -0.00233098 0.00994256 914.31
52 793   -0.00183049 0.00967448 935.663
52 794   -0.00171522 0.0100926 938.269
52 795   -0.00227985 0.0107778 921.07
52 796   -0.0023742 0.0103079 909.018
52 797   -0.00205723 0.0104136 926.595
52 798   -0.00290639 0.0106702 868.191
52 799   -0.00261518 0.0105417 893.802
52 800   -0.00257846 0.0108025 899.544
52 801   -0.00283031 0.0111681 881.669
52 802   -0.00295439 0.0108913 858.194
52 803   -0.00278494 0.0109708 880.113
52 804   -0.00325219 0.0110656 805.613
52 805   -0.00310199 0.0110072 835.435
52 806   -0.00295391 0.0111735 860.501
52 807   -0.00305615 0.011092 840.329
52 808   -0.00313392 0.0111822 821.774
52 809   -0.00298615 0.0114003 876.31
52 810   -0.00308106 0.0112554 834.289
52 811   -0.0029823 0.0112719 859.309
52 812   -0.0031579 0.0114913 833.2
52 813   -0.00310243 0.0113422 831.497
52 814   -0.00306739 0.0114255 856.819
52 815   -0.00317238 0.0113709 806.058
52 816   -0.00321351 0.011445 791.57
52 817   -0.00332291 0.0114923 641.094
52 818   -0.00331331 0.0114174 705.433
52 819   -0.00328588 0.0114573 725.701
52 820   -0.00336406 0.0114324 594.669
52 821   -0.00337231 0.0114862 422.113
52 822   -0.00335309 0.0114703 555.033
52 823   -0.00328145 0.0111797 786.235
52 824   -0.00320902 0.0112114 801.282
52 825   -0.00322611 0.0113134 787.288
52 826   -0.00342514 0.0112771 719.505
52 827   -0.00334847 0.0112459 759.853
52 828   -0.00332896 0.0113645 725.813
52 829   -0.00329661 0.0113146 762.225
52 830   -0.00347057 0.0113855 504.756
52 831   -0.00344344 0.0113336 658.211
52 832   -0.00339912 0.0113522 666.339
52 833   -0.0034387 0.0114085 481.315
52 834   -0.00339023 0.0114167 565.721
52 835   -0.00340964 0.0113894 592.913
52 836   -0.00343245 0.0114364 377.701
52 837   -0.00340614 0.0114352 471.013
52 838   -0.00339397 0.0114755 339.764
52 839   -0.00340438 0.0114581 378.626
52 840   -0.00343893 0.0114583 223.063
52 841   -0.00342057 0.0114664 249.312
52 929   0.00463453 0.00764059 969.329
52 930   0.00359699 0.00790419 969.491
52 931   0.00357957 0.00900051 967.207
52 932   0.00487743 0.00849605 968.502
52 933   0.0043568 0.00897776 964.524
52 934   0.00460655 0.00963496 949.077
52 936   0.00518952 0.0104295 879.575
52 937   0.00179315 0.0111011 962.263
52 938   0.00141564 0.0107656 961.693
52 940   0.00146343 0.0115801 949.585
52 942   -0.00509109 -0.0103096 896.424
52 943   -0.00470935 -0.0105452 882.015
52 1024   -0.000606135 -0.0117038 917.28
52 1025   -0.000759273 -0.011779 905.831
52 1027   -0.000638481 -0.0119139 845.655
52 1028   -0.000748053 -0.01189 885.43
52 1038   0.00544787 0.00891531 962.279
52 1039   0.0051857 0.00950607 944.061
52 1040   0.0054423 0.00996502 911.369
52 1041   0.00589129 0.00995655 900.229
52 1044   -0.00534364 -0.00927208 952.818
52 1045   -0.00530252 -0.00988521 921.918
52 1046   -0.00585194 -0.00999493 900.17
52 1049   -0.00720135 -0.00806007 964.234
52 1050   -0.0068631 -0.00830891 968.67
52 1051   -0.00750455 -0.00891478 968.09
52 1052   -0.00709986 -0.00883064 968.4
52 1053   -0.00802395 -0.00826772 957.563
52 1054   -0.0076622 -0.00863048 964.158
52 1055   -0.00759575 -0.0082975 962.986
52 1057   -0.00799407 -0.00871987 965.427
52 1058   -0.0081867 -0.00848153 960.532
52 1082   -0.00509611 0.00533322 949.632
52 1083   -0.00595814 0.00434003 933.676
52 1084   -0.00750832 0.00479109 913.61
52 1085   -0.00676003 0.00481308 922.507
52 1086   -0.00777579 0.00552815 913.723
52 1087   -0.00745525 0.00603417 914.059
52 1097   0.00403158 -0.00715928 968.095
52 1098   0.00520332 -0.00790376 968.105
52 1114   -0.00339921 0.00877023 904.429
52 1115   -0.00377326 0.00819397 941.56
52 1116   -0.00470667 0.00822461 964.273
52 1117   -0.00423497 0.00827466 936.63
52 1118   -0.00424083 0.00863311 860.503
52 1120   -0.00483222 0.00849306 957.234
52 1121   -0.00459284 0.00867307 904.791
52 1170   0.00578314 -0.00480407 937.077
52 1171   0.00736351 -0.00406902 911.446
52 1172   0.00810149 -0.00469709 906.436
52 1173   0.00667022 -0.00607667 920.505
52 1174   0.00573094 -0.00579967 942.225
52 1175   0.00499127 -0.00658823 959.474
52 1176   0.0054518 -0.00722524 958.593
52 1177   0.00663956 -0.00682372 919.651
52 1178   0.00616082 -0.00718373 942.005
52 1211   -0.00344902 0.0114664 108.239
52 1222   -0.00383448 0.00980783 840.723
52 1223   -0.00415653 0.00902824 817.572
52 1224   -0.00377662 0.00924605 854.438
52 1264   -0.00544736 0.00708334 957.193
52 1265   -0.00549836 0.00623928 949.165
52 1266   -0.00641398 0.00574113 929.061
52 1267   -0.00684173 0.00622517 916.703
52 1269   -0.00665595 0.00690021 919.248
52 1270   -0.00617721 0.00726022 942.004
52 1271   0.00329163 -0.00874868 911.843
52 1272   0.00377744 -0.00801256 953.194
52 1273   0.00358563 -0.00911251 870.13
52 1274   0.00370179 -0.00955267 853.054
52 1275   0.00406233 -0.00887489 829.129
52 1277   0.00423837 -0.00916684 807.91
52 1278   0.00411861 -0.00946327 827.094
52 1338   0.00754483 0.0090709 968.483
52 1339   0.00731948 0.00859191 968.566
52 1340   0.00798127 0.00850345 962.802
52 1341   0.00771703 0.00883007 964.276
52 1342   0.00768036 0.00858346 965.66
52 1344   0.0079623 0.00881878 966.046
52 1345   0.0080736 0.00868135 965.088
52 1376   -0.00814209 0.000843994 909.34
52 1377   -0.00806634 0.00319181 902.059
52 1378   -0.00715193 0.00203932 917.372
52 1409   -0.00492601 -0.000396558 943.808
52 1410   -0.00662204 -0.0013179 936.484
52 1411   -0.00329919 -0.00104728 952.635
52 1412   -0.00393563 -0.00222433 952.816
52 1413   -0.00544815 -0.00268723 947.89
52 1414   -0.00650774 -0.00243153 942.049
52 1415   -0.00521893 -0.00384015 952.726
52 1416   -0.00605127 -0.00437187 949.478
52 1417   -0.00778477 -0.00450024 932.704
52 1418   -0.0069044 -0.0039777 943.006
52 1419   -0.00713165 -0.00319027 941.786
52 1420   -0.00856422 -0.00393098 941.401
52 1421   -0.00821364 -0.00328058 946.952
52 1428   0.0104441 0.00584657 683.39
52 1441   -0.00992271 -0.0060364 728.122
52 1442   -0.00990247 -0.00621174 734.531
52 1443   -0.0100621 -0.00625049 711.078
52 1444   -0.0102157 -0.00610351 691.755
52 1445   -0.0101031 -0.0061247 702.853
52 1446   -0.0100617 -0.0060256 706.478
52 1447   -0.0101699 -0.00582433 702.752
52 1448   -0.0101431 -0.00594359 699.199
52 1449   -0.0102825 -0.00594801 685.384
52 1450   -0.0102173 -0.00600212 690.674
52 1451   -0.010275 -0.00585234 691.332
52 1452   -0.0102366 -0.0057872 700.014
52 1453   -0.0103561 -0.00573218 701.749
52 1454   -0.0102918 -0.00570923 705.67
52 1455   -0.0103712 -0.00585971 684.34
52 1456   -0.0103309 -0.00582896 689.968
52 1457   -0.0103567 -0.00578677 694.854
52 1460   -0.0104067 -0.00578961 694.853
52 1461   -0.0103956 -0.00584054 686.894
52 1462   -0.0104283 -0.00581646 692.551
52 1463   -0.0104053 -0.00581262 691.709
52 1464   -0.0104426 -0.00585125 689.737
52 1465   -0.0104259 -0.00583665 689.575
52 1466   -0.0104112 -0.0058521 685.318
52 1467   -0.0104199 -0.00589023 677.161
52 1468   -0.0104168 -0.00587123 681.772
52 1469   -0.0104367 -0.00586847 687.285
52 1470   -0.00340496 0.0114925 180.163
52 1473   -0.00342099 0.0114784 151.294
52 1474   -0.00341579 0.0114871 129.724
52 1475   -0.00342705 0.0114938 24.9483
52 1476   -0.00344041 0.0114774 60.2527
52 1477   -0.00343074 0.0114812 73.6826
52 1478   -0.00343377 0.0114889 20.9292
52 1484   0.00344338 -0.0114605 143.389
52 1485   0.00345628 -0.0114286 354.666
52 1486   0.00343062 -0.0114164 480.074
52 1487   0.00342272 -0.0114797 98.0147
52 1488   0.00343416 -0.0114722 92.5568
52 1489   0.00340215 -0.0114563 399.882
52 1490   0.00341445 -0.0114807 145.254
52 1521   0.0104255 0.00590669 672.29
52 1537   -0.0104357 -0.00589495 675.203
52 1540   -0.0104451 -0.00588092 686.559
52 1541   -0.0104573 -0.00587733 750.514
52 1542   0.0104298 0.00587635 676.655
52 1543   0.0104315 0.00589098 673.708
52 1544   0.0104459 0.005861 681.591
52 1545   0.0104408 0.00587105 678.446
52 1548   -0.00344593 0.0114816 20.4717
52 1551   -0.0034419 0.0114888 8.53148
52 1552   -0.00344438 0.0114931 4.13722
52 1560   0.0104536 0.00586256 683.35
52 1562   0.0104561 0.00587153 684.656
52 1563   0.0104612 0.00587426 692.89
52 1567   0.0104432 0.005893 672.563
52 1568   0.0104458 0.00588148 675.677
52 1569   0.0104534 0.00588041 677.125
52 1724   0.0040834 0.0102411 948.469
52 1725   0.00443093 0.0100703 938.861
52 1726   0.0047573 0.0104059 902.183
52 1727   0.00463468 0.01075 869.118
52 1728   0.00393923 0.0109141 960.479
52 1729   0.00410679 0.0106076 941.487
52 1730   0.00433169 0.0107809 909.32
52 1732   0.00405478 0.0111113 961.605
52 1733   0.00427348 0.0110635 903.636
52 1772   0.000951837 0.011065 955.148
52 1773   0.000498855 0.0111214 955.743
52 1774   0.000971351 0.0116877 927.916
52 1775   0.00111065 0.0114483 944.937
52 1776   0.000418808 0.0114311 949.731
52 1777   0.000413593 0.0118502 898.162
52 1778   0.000647875 0.0118417 880.801
52 1779   0.000732495 0.0116141 926.615
52 1780   0.000169553 0.0115474 955.075
52 1781   0.000248958 0.0117391 944.836
52 1782   -0.000256024 0.0115232 967.765
52 1783   -6.8625e-05 0.0115462 964.853
52 1784   -0.000114153 0.0117225 967.902
52 1786   -0.000261849 0.0117953 969.57
52 1787   -0.000480481 0.0117685 969.606
52 1788   -0.000364018 0.0116918 969.473
52 1827   0.00624775 0.00867035 968.085
52 1828   0.00592706 0.00890829 961.633
52 1829   0.00611295 0.00966553 917.868
52 1830   0.006145 0.00931708 942.671
52 1832   0.00633652 0.00983625 897.529
52 1833   0.00652706 0.00971873 899.739
52 1844   -0.00623011 -0.00881979 965.857
52 1845   -0.00589186 -0.00906863 957.222
52 1846   -0.00604222 -0.00972053 916.554
52 1847   -0.00604103 -0.00940736 938.936
52 1849   -0.00630797 -0.00985037 899.314
52 1850   -0.00649884 -0.00973256 901.923
52 1867   -0.00038585 -0.0118264 910.821
52 1868   -0.000518346 -0.0117773 902.931
52 1869   -0.000561912 -0.0118763 854.779
52 1872   -0.000479163 -0.0119317 832.42
52 1873   -0.00037967 -0.0119194 889.657
52 1900   -0.00694221 -0.00911494 956.92
52 1901   -0.00655927 -0.00903741 959.418
52 1902   -0.00639074 -0.00931841 941.761
52 1903   -0.00658281 -0.00951376 920.737
52 1906   -0.00706059 -0.00937581 929.561
52 1907   -0.00686971 -0.00949362 912.99
52 1908   -0.00349341 0.0112273 726.148
52 1909   -0.00354517 0.0110991 760.723
52 1946   0.00472913 -0.00801452 968.573
52 1947   0.00424472 -0.0085493 881.74
52 1948   0.00425383 -0.00805079 954.18
52 1950   0.00460033 -0.00860303 918.229
52 1951   0.00483971 -0.00842303 961.476
52 1973   0.00762067 -0.00545613 914.058
52 1974   0.00730013 -0.00596215 914.133
52 2025   0.00662604 0.00896016 962.565
52 2026   0.006976 0.00889861 967.018
52 2027   0.00716468 0.009131 959.514
52 2028   0.00646477 0.00925408 944.759
52 2029   0.00662326 0.00948501 920.519
52 2031   0.00706848 0.00936471 928.573
52 2032   0.00687795 0.00948223 911.219
52 2048   -0.00917743 0.00140981 901.245
52 2049   -0.00893557 0.00258315 898.68
52 2161   -0.00226492 -0.0105071 967.027
52 2162   -0.00216414 -0.0113938 967.067
52 2163   -0.00174829 -0.0112674 961.744
52 2164   -0.00168804 -0.0107979 963.675
52 2165   -0.00293222 -0.0112765 969.337
52 2166   -0.00262484 -0.0107203 968.401
52 2167   -0.0024638 -0.0111374 968.907
52 2168   -0.0031771 -0.011032 969.549
52 2169   -0.00333814 -0.0106149 967.943
52 2170   -0.00300942 -0.0106867 968.882
52 2171   -0.00379427 -0.0109928 968.289
52 2172   -0.00346555 -0.0110645 969.483
52 2173   -0.00354607 -0.010856 968.713
52 2175   -0.00363157 -0.0112193 968.09
52 2176   -0.00379593 -0.0111834 969.304
52 2327   0.00909847 -0.000822314 897.508
52 2328   0.00779807 -0.00187361 910.595
52 2329   0.00833425 -0.00303735 899.518
52 2344   0.0091251 0.000355897 904.283
52 2345   0.00906834 0.00231855 940.257
52 2346   0.00847888 0.00112587 921.957
52 2347   0.00737504 0.00148273 930.982
52 2348   0.00736368 0.00309546 938.928
52 2349   0.00837323 0.00333013 944.707
52 2419   0.00130465 -0.0114863 968.327
52 2420   0.00057212 -0.0112023 966.589
52 2421   0.000877332 -0.0106216 958.742
52 2422   0.00198314 -0.0104817 932.297
52 2423   0.00149681 -0.0106128 950.8
52 2424   0.00170042 -0.0111305 958.98
52 2425   0.00225181 -0.0108202 926.727
52 2426   0.00212169 -0.0111786 948.166
52 2431   0.00258177 -0.0115141 950.501
52 2432   0.00261186 -0.0111729 913.176
52 2433   0.00236216 -0.0113701 948.02
52 2434   0.00239199 -0.0115376 958.233
52 2435   0.00286388 -0.0114816 923.801
52 2436   0.00276655 -0.0112417 901.251
52 2437   0.00270663 -0.0114155 929.573
52 2438   0.00293357 -0.0112241 872.017
52 2439   0.00296854 -0.0113862 884.288
52 2440   0.00307475 -0.0114563 873.177
52 2441   0.00321041 -0.0114811 809.29
52 2442   0.00318083 -0.0113206 808.696
52 2443   0.00313763 -0.0114076 831.905
52 2444   0.0028146 -0.0106381 880.856
52 2445   0.00255477 -0.0108352 905.058
52 2446   0.00267435 -0.0109963 897.195
52 2447   0.00318959 -0.0107396 841.506
52 2448   0.00297178 -0.0107097 865.609
52 2449   0.00289659 -0.0108887 870.274
52 2450   0.00319342 -0.0108932 831.605
52 2451   0.0030354 -0.0109439 851.657
52 2452   0.00316199 -0.0111818 820.288
52 2453   0.00304255 -0.0111119 847.297
52 2454   0.00329456 -0.0109923 810.523
52 2455   0.00325598 -0.011113 804.556
52 2456   0.00346322 -0.010984 790.644
52 2457   0.00351778 -0.0110879 769.314
52 2458   0.00348847 -0.0112799 695.111
52 2459   0.00343613 -0.0111831 758.654
52 2460   0.00334299 -0.0111999 774.283
52 2461   0.00327303 -0.0113378 771.044
52 2462   0.0033412 -0.0112859 755.275
52 2463   0.00340125 -0.0113822 620.156
52 2464   0.00341283 -0.0113224 695.036
52 2465   0.00326031 -0.0114415 766.867
52 2466   0.00333633 -0.0113932 703.697
52 2467   0.00327973 -0.0113853 759.11
52 2468   0.00337591 -0.0114755 421.319
52 2470   0.00333945 -0.0114466 643.5
52 2471   0.00330253 -0.0114771 714.846
52 2622   8.17153e-05 0.0118375 962.181
52 2623   -4.32172e-05 0.0118222 967.815
52 2645   -0.00897377 -0.00251349 945.875
52 2646   -0.00800608 -0.00130956 929.81
52 2647   -0.00874687 -0.000344645 910.295
end
