663
16 280   -0.0449779 0.00318523 904.467
16 281   -0.045157 -0.00300401 904.466
16 282   -0.0499779 0.00824193 897.498
16 283   -0.0399779 0.00818862 909.305
16 284   -0.0477803 -0.0217979 786.201
16 285   -0.032201 0.032058 844.439
16 286   -0.0411387 -0.00655369 906.878
16 287   -0.00182754 0.0287681 712.687
16 288   -0.0322715 -0.0324514 841.015
16 289   -0.0435112 -0.0297251 713.476
16 290   -0.0497157 -0.0177642 840.408
16 291   -0.0384817 -0.00727848 909.685
16 292   0.00451432 -0.0226625 750.152
16 293   0.00111658 -0.0181014 863.755
16 294   0.00313922 -0.0194081 838.873
16 295   0.00538371 -0.0178012 879.007
16 296   0.00675881 -0.0226523 742.13
16 297   -0.00651611 0.0170826 961.186
16 298   0.00174641 -0.0157713 887.075
16 299   0.000621518 -0.0142973 861.231
16 300   0.00675881 -0.0191482 841.043
16 301   0.0053353 -0.0157285 915.992
16 302   0.00671041 -0.0143614 953.701
16 303   0.00372065 -0.0150053 914.341
16 304   -0.00605913 0.0149516 960.876
16 305   -0.0050933 0.0138643 958.929
16 306   -0.00704302 0.0141986 968.814
16 307   0.00605263 -0.0130714 965.84
16 308   0.00636918 -0.0121957 891.851
16 309   0.00501441 -0.0130272 967.526
16 310   -0.00551108 0.012833 967.36
16 311   -0.00676998 0.0130176 955.211
16 312   0.00682335 -0.0118607 833.351
16 313   -0.00620386 0.0127392 948.544
16 314   0.0072964 -0.0118833 834.695
16 315   -0.00519441 0.0122312 951.653
16 316   -0.00476618 0.0120089 957.085
16 317   -0.00629248 0.01206 873.672
16 318   0.0072964 -0.0110999 759.297
16 319   -0.00435744 0.0120278 968.882
16 320   -0.00596865 0.0117314 830.774
16 321   0.00567408 -0.0117485 831.166
16 322   -0.00556336 0.0118089 867.864
16 323   -0.00496814 0.0115218 875.427
16 324   0.00656314 -0.0109292 749.061
16 325   0.00641591 -0.0112462 759.364
16 326   -0.00536561 0.0114658 813.992
16 327   -0.00606284 0.0113398 766.26
16 328   0.00566626 -0.0113295 754.552
16 329   -0.00634709 0.0111908 756.965
16 330   0.00608275 -0.0110947 705.131
16 331   0.00513312 -0.011369 797.277
16 332   -0.00585072 0.0111208 704.079
16 333   -0.00625959 0.0109065 725.196
16 334   0.0057639 -0.0111495 693
16 335   0.00589273 -0.011082 660.046
16 336   -0.00546957 0.0112161 753.509
16 337   -0.00565295 0.01112 698.183
16 338   -0.00635906 0.01075 750.795
16 339   0.00538937 -0.0112347 747.777
16 340   -0.00593013 0.0109269 636.71
16 341   -0.00605475 0.0108616 672.316
16 342   0.00607358 -0.0108596 654.563
16 514   0.00631839 0.0162494 735.377
16 515   0.00513601 0.0140062 737.691
16 517   0.00631762 0.0127744 767.853
16 526   -0.00512938 -0.0128389 747.207
16 527   -0.00631177 -0.0138861 812.632
16 528   -0.00572642 -0.0117626 753.458
16 529   -0.00690881 -0.0111431 838.462
16 531   0.00572642 0.0116476 772.621
16 532   0.00690881 0.011028 844.491
16 534   0.00733709 -0.0102422 472.952
16 535   0.00680768 -0.0106888 767.957
16 536   0.00713349 -0.0106749 724.493
16 538   -0.0443267 -0.0225632 839.704
16 539   -0.042988 -0.0255765 800.238
16 548   0.00466364 0.0251637 693.472
16 549   0.00537294 0.0189557 721.241
16 550   -0.000310883 0.024378 732.889
16 551   0.00253659 0.023509 709.104
16 552   0.00182812 0.018357 744.073
16 553   0.00324588 0.0200362 723.909
16 555   -0.0497787 0.0184182 829.166
16 556   -0.04731 0.0259417 718.02
16 557   -0.0511393 0.0239911 720.885
16 558   -0.048418 0.0211676 793.091
16 559   -0.0440347 0.0244651 802.529
16 560   -0.0451427 0.0217715 839.67
16 564   -0.0355083 0.0307403 823.185
16 565   -0.0410054 0.0310469 730.632
16 566   -0.0391945 0.0336823 735.489
16 567   -0.0359256 0.0279516 863.391
16 568   -0.0387129 0.0282581 821.588
16 592   -0.00492688 0.0301683 739.419
16 593   -0.00735833 0.0334898 748.03
16 594   -0.0100514 0.0304695 814.86
16 595   -0.006348 0.0269974 823.346
16 596   -0.00889184 0.0272985 852.729
16 604   -0.0138872 -0.0320175 845.022
16 607   -0.00460322 -0.0304437 745.21
16 608   -0.0100802 -0.0305262 824.172
16 609   -0.00736383 -0.0335087 760.083
16 610   -0.00876671 -0.0275025 853.693
16 611   -0.00587238 -0.02742 814.586
16 626   -0.0360478 -0.0260352 895.12
16 627   -0.0326876 -0.0236772 910.234
16 669   -0.00182975 -0.0224318 843.829
16 670   -0.00113056 -0.019293 864.58
16 682   0.00655455 0.021236 708.044
16 683   0.00655455 0.0239712 695.39
16 694   -0.047157 0.0161292 881.949
16 695   -0.0473562 0.0130368 891.444
16 696   -0.0423562 0.0130368 910.299
16 697   -0.0386393 0.0173355 950.889
16 698   -0.0432963 0.016798 906.923
16 699   -0.0410176 0.0154603 919.85
16 700   -0.0242366 0.0325 869.561
16 701   -0.028815 0.029558 878.189
16 702   -0.0263301 0.0225 900.04
16 703   -0.0297238 0.024558 901.68
16 704   -0.0221187 0.0247398 891.492
16 705   -0.020934 0.0297398 876.683
16 706   -0.0143731 0.0242195 896.972
16 707   -0.0161847 0.0322398 850.517
16 708   -0.0137164 0.0292195 858.017
16 710   -0.0195803 0.0222398 894.83
16 711   -0.0164717 0.0222398 897.749
16 914   -0.0403084 -0.024248 894.807
16 915   -0.0379856 -0.0246224 907.126
16 916   -0.0371086 -0.0222643 953.661
16 933   -0.0411462 0.0249969 867.976
16 934   -0.0391985 0.0261904 871.304
16 942   -0.00538846 -0.0212365 930.851
16 943   -0.00385147 -0.0231715 876.061
16 944   -0.00513941 -0.0249822 863.135
16 954   -0.00722696 0.0125686 916.407
16 958   -0.00672208 0.011956 848.947
16 959   -0.00709044 0.0121862 873.519
16 960   -0.00736348 0.0118778 831.485
16 961   -0.00659444 0.0113167 777.143
16 962   -0.00677054 0.0116401 808.863
16 963   -0.00713891 0.0116021 803.399
16 964   -0.00716314 0.0113228 779.724
16 965   -0.00738771 0.0110877 760.667
16 966   -0.00685052 0.0111537 770.075
16 967   -0.00691764 0.0109092 761.097
16 968   -0.00723027 0.0108358 747.857
16 969   -0.00665748 0.0107443 765.104
16 970   -0.0067675 0.0105344 776.066
16 971   -0.00734255 0.0105969 712.011
16 974   -0.0073987 0.0101743 431.829
16 975   -0.00724125 0.0104075 668.977
16 976   -0.00703864 0.0103924 743.474
16 977   -0.0400714 0.0190122 951.842
16 978   -0.0423501 0.0186832 913.86
16 979   -0.0429354 0.0206988 898.379
16 980   -0.0396829 0.0216245 940.336
16 981   -0.0414075 0.0226423 904.103
16 988   -0.00198351 0.0225934 813.933
16 989   -0.000553798 0.0200452 798.437
16 990   -0.00507964 0.0187463 942.245
16 991   -0.00244285 0.0178766 881.94
16 999   -0.00562289 -0.0156356 847.729
16 1000   -0.00543337 -0.0194151 931.731
16 1001   -0.00681112 -0.0175828 912.059
16 1002   -0.00319719 -0.0182112 879.627
16 1003   -0.00338672 -0.0160984 831.267
16 1021   -0.050157 -0.005449 901.411
16 1024   -0.0485442 -0.0149834 881.183
16 1025   -0.0489855 -0.00941757 897.819
16 1026   -0.0513285 -0.0114737 889.641
16 1027   -0.0435751 -0.0109747 905.256
16 1028   -0.0464218 -0.0113935 898.797
16 1029   -0.0459806 -0.014461 895.014
16 1030   -0.0421362 -0.0127696 909.281
16 1031   -0.0433703 -0.0152279 906.04
16 1032   -0.0396999 -0.0119606 913.67
16 1033   -0.0387182 -0.0134075 920.089
16 1034   -0.04237 -0.0198685 909.642
16 1035   -0.0420418 -0.0170893 914.866
16 1036   -0.0389928 -0.0207109 935.759
16 1037   -0.0405392 -0.0215623 931.973
16 1038   -0.0386079 -0.0180057 957.873
16 1039   -0.039826 -0.0160779 932.127
16 1041   -0.00328819 -0.012732 706.815
16 1042   -0.0022344 -0.014242 761.311
16 1043   -0.000922635 -0.0136893 764.276
16 1054   0.00329482 0.013296 710.021
16 1070   -0.0510348 0.0324944 671.769
16 1073   -0.0472054 0.029859 689.407
16 1074   -0.0442751 0.0323646 693.926
16 1080   -0.0461689 -0.032367 683.008
16 1118   -0.00575422 0.0243468 886.538
16 1119   -0.00545999 0.0211442 944.744
16 1120   -0.00425291 0.0228227 890.706
16 1121   0.00482396 -0.0123533 960.202
16 1122   0.00429936 -0.0122051 964.007
16 1123   0.00490302 -0.0116656 872.262
16 1124   0.00516709 -0.0119503 899.127
16 1127   0.004546 -0.0117238 912.281
16 1128   0.00428546 -0.0118603 940.344
16 1129   -0.0345584 0.021029 946.561
16 1130   -0.0329418 0.023087 915.863
16 1131   -0.0348522 0.0252983 904.455
16 1132   -0.0374426 0.0226435 948.289
16 1133   -0.0372196 0.0248548 907.217
16 1134   -0.00142455 -0.0305492 708.499
16 1135   -2.80163e-05 -0.0258804 739.386
16 1136   0.003435 -0.0261738 707.651
16 1139   0.00385898 -0.0336142 674.973
16 1140   0.000217959 -0.0336142 689.489
16 1152   0.000143521 0.0320896 687.828
16 1155   0.00567814 0.0322647 671.432
16 1156   0.00378724 0.0293543 680.624
16 1192   -0.0117149 -0.0230262 905.201
16 1193   -0.0094462 -0.0250025 895.579
16 1194   -0.00744489 -0.0220797 941.403
16 1195   -0.00735507 -0.0240559 903.123
16 1211   -0.0113862 0.0229695 909.31
16 1212   -0.0100494 0.0209898 938.975
16 1213   -0.00956998 0.0247985 899.168
16 1214   -0.00756484 0.0218291 950.521
16 1215   -0.00762968 0.0236581 913.556
16 1220   -0.00164033 0.0158333 840.783
16 1221   0.000397798 0.0131548 702.421
16 1222   0.00119417 0.0160088 742.231
16 1223   0.00171619 0.0142716 716.73
16 1224   -0.00413774 0.0139125 932.459
16 1225   -0.00286458 0.0146202 890.375
16 1226   -0.000720919 0.0135891 732.154
16 1227   -0.00180838 0.0140063 820.623
16 1228   -0.00199185 0.0128756 792.624
16 1229   -0.0024205 0.0133997 856.149
16 1230   -0.00372492 0.0124953 933.677
16 1231   -0.00349476 0.0131263 914.736
16 1233   -0.00317896 0.012281 889.097
16 1234   -0.00252015 0.0123879 824.533
16 1267   -0.0505646 -0.0249962 711.661
16 1268   -0.0490994 -0.0299101 682.196
16 1269   -0.0510348 -0.0325431 671.626
16 1271   -0.00144812 0.012667 741.054
16 1272   -0.000789313 0.0127739 715.329
16 1359   -0.00926811 -0.0210087 944.46
16 1360   -0.011447 -0.0210087 916.541
16 1369   0.00154415 -0.0128942 886.382
16 1372   0.00388087 -0.0124925 963.202
16 1373   0.00264563 -0.0130378 912.845
16 1374   0.00369723 -0.0136749 934.654
16 1375   0.00427366 -0.0132365 956.214
16 1377   0.00340731 -0.0122695 947.245
16 1378   0.0027485 -0.0123764 917.842
16 1389   0.00567949 -0.0322284 672.137
16 1390   0.00567949 -0.0294568 679.447
16 1418   -0.0329988 -0.0212257 928.16
16 1419   -0.035482 -0.0212257 956.252
16 1469   -0.0242685 -0.0325 871.131
16 1470   -0.0289094 -0.0299514 876.267
16 1471   -0.0186622 -0.0295175 875.842
16 1472   -0.0294626 -0.0249514 899.391
16 1473   -0.0260491 -0.0225 899.467
16 1528   -0.0146425 -0.0220175 900.427
16 1530   -0.0221385 -0.0225 894.998
16 1531   -0.0184622 -0.0245175 891.941
16 1566   -0.0405655 -0.0310371 738.617
16 1567   -0.0390492 -0.033679 738.149
16 1568   -0.0369431 -0.0284885 843.3
16 1569   -0.0354268 -0.0311305 818.565
16 1658   0.00636273 -0.0107081 749.644
16 1659   0.00620633 -0.0107901 703.609
52 343   -0.00459891 0.00110379 772.932
52 344   0.00550946 -0.002296 776.56
52 345   -0.00657108 0.00222173 765.695
52 346   0.00342465 -0.00106837 777.499
52 347   -0.00458019 -0.00124733 756.68
52 348   -0.00251423 -0.00228927 766.72
52 349   -0.00258599 0.00225908 790.302
52 350   -0.000572538 -0.00113812 777.577
52 351   0.00328788 0.00110849 764.816
52 352   0.00143682 -0.00222866 785.783
52 353   -0.00245465 -0.00449857 760.064
52 354   -0.000625583 0.00105911 780.51
52 355   0.00114252 0.00432966 768.071
52 356   0.001247 0.00214543 773.212
52 357   0.0050126 0.0023089 748.908
52 358   0.00538201 -0.00439283 821.416
52 359   -0.00647203 0.00439849 813.235
52 360   -0.0105077 0.00292272 717.453
52 361   -0.00834193 0.0010282 726.04
52 362   0.00720161 -0.00133081 741.674
52 363   -0.00248645 0.00426818 808.481
52 364   -0.000630517 0.00525244 784.154
52 365   -0.006268 -0.00235476 739.45
52 366   0.00280043 0.00523478 755.771
52 367   0.00462962 0.00425097 751.294
52 368   -0.0101034 0.00136053 709.256
52 369   -2.53682e-05 0.00818831 742.468
52 370   0.00660902 0.00173293 733.373
52 371   -0.000920894 0.00685534 781.355
52 372   -0.00783576 -0.0017891 719.488
52 373   0.00870791 -0.0019985 726.508
52 374   -0.00374799 0.00531591 841.754
52 375   -0.00511737 0.00541593 858.08
52 376   0.00727069 0.000401458 727.147
52 377   -0.00856408 -0.000669514 712.707
52 378   -0.00728636 0.00759583 903.072
52 379   0.00781054 0.00265112 719.771
52 380   0.00971298 -0.000699573 706.104
52 381   0.00621679 -0.00705067 900.939
52 382   0.00820947 0.00359197 730.881
52 383   0.0108649 -0.000818748 697.962
52 384   0.00954917 0.000377432 702.854
52 385   0.00861318 0.000810764 709.07
52 386   -0.00536617 0.00684305 896.893
52 387   -0.0112135 5.32075e-05 697.494
52 388   -0.00879775 -0.0027547 707.829
52 389   -0.00608678 0.00752156 914.561
52 390   -0.00990418 -0.0010843 699.268
52 391   0.00879811 0.001905 705.083
52 392   -0.0107921 -0.000693907 697.287
52 393   -0.00874819 -0.00360328 723.071
52 394   0.0114182 0.000589935 693.598
52 395   0.00960521 0.00218409 695.644
52 396   0.0102566 0.00102658 695.545
52 397   0.00530006 -0.00853177 947.61
52 398   0.00387424 -0.0092683 938.554
52 399   0.00938675 0.00368882 700.408
52 400   0.0110024 0.00108454 692.383
52 401   -0.0097228 -0.00245031 694.286
52 402   -0.0101009 -0.0018995 693.655
52 403   -0.00584102 0.00843415 950.436
52 404   -0.00966165 -0.00373044 693.902
52 405   -0.0114176 -0.00127813 693.815
52 406   0.00444233 -0.00930453 957.656
52 407   0.0114983 -0.00017255 693.44
52 408   0.0098239 0.00328844 689.597
52 409   0.00490351 -0.00903478 959.749
52 410   0.0101277 0.001739 692.665
52 411   0.00988288 0.00277489 690.135
52 412   0.00597805 -0.00875675 962.858
52 413   -0.0102402 -0.00290959 685.471
52 414   -0.00617162 0.00896748 967.854
52 415   -0.00660317 0.00915034 963.916
52 416   0.0111478 0.00176403 688.264
52 417   -0.0111989 -0.00184034 689.971
52 418   -0.0107702 -0.00207132 688.355
52 419   -0.0102286 -0.00334113 683.283
52 420   0.0106506 0.00203549 687.398
52 421   0.0114802 0.00206254 685.985
52 422   0.00595897 -0.00927886 964.384
52 423   0.0104003 0.00351823 680.1
52 424   0.00637809 -0.00949438 930.907
52 425   0.0104735 0.00274676 682.957
52 426   0.0107187 0.00245245 683.521
52 427   0.00526626 -0.00949608 964.402
52 428   0.00564374 -0.00951518 945.667
52 429   -0.00589176 0.00940753 954.048
52 430   0.00456635 -0.00988108 968.649
52 431   0.00512442 -0.00990137 917.457
52 432   -0.0108717 -0.00249768 683.841
52 433   -0.0107199 -0.00278514 681.48
52 434   -0.0115084 -0.00214881 687.881
52 435   -0.0107024 -0.00345616 676.219
52 436   0.0107055 0.00303395 678.419
52 437   0.0113332 0.0024649 681.973
52 438   0.0110689 0.00258334 680.62
52 439   0.0106912 0.00329188 676.907
52 440   0.00488568 -0.0100166 935.117
52 441   0.00572615 -0.00985243 853.97
52 442   -0.0109996 -0.00299831 677.181
52 443   -0.0113996 -0.00248012 684.171
52 444   -0.00602968 0.00970707 888.958
52 445   -0.0111917 -0.00259801 682.088
52 446   -0.00624098 0.00980279 858.097
52 447   -0.0110784 -0.00320185 674.006
52 448   0.00531689 -0.0100983 824.557
52 449   0.0115096 0.00266904 680.344
52 450   0.0111108 0.00284467 677.489
52 451   -0.0112207 -0.00286264 678.562
52 452   0.0109926 0.00300097 676.197
52 453   0.0109775 0.0033852 673.16
52 454   0.00554113 -0.0100303 807.481
52 455   -0.0109904 -0.00333389 673.476
52 456   -0.00588718 0.00992869 821.135
52 457   -0.00618312 0.0100664 788.047
52 458   -0.0114074 -0.00294493 678.337
52 459   -0.0115409 -0.00264704 683.156
52 460   -0.00599575 0.0101045 767.029
52 461   0.00528558 -0.0103016 764.831
52 462   0.00559257 -0.0102177 719.144
52 463   0.0113026 0.00291017 676.394
52 464   0.0114372 0.00285298 677.802
52 465   0.0111262 0.00314637 673.62
52 466   -0.00594336 0.0102577 675.889
52 467   0.0111253 0.00327267 672.306
52 468   0.0054575 -0.0103236 679.878
52 469   -0.0115197 -0.00284722 680.782
52 470   -0.01144 -0.00308943 676.506
52 471   -0.0113667 -0.00319599 673.068
52 472   0.0113286 0.0030463 674.43
52 473   0.0112704 0.0031262 673.121
52 474   0.0115312 0.00295555 677.304
52 475   -0.0112906 -0.00326043 671.734
52 476   0.0112673 0.00331525 670.593
52 477   0.00547806 -0.010422 527.486
52 478   0.0114952 0.0030449 675.824
52 479   0.0114273 0.00307846 674.416
52 480   -0.0114471 -0.00325656 672.104
52 481   0.0113349 0.00319913 671.77
52 482   0.00561302 -0.0104551 313.374
52 483   0.0113327 0.00326188 670.724
52 484   0.00555604 -0.0104551 385.303
52 485   0.011439 0.00315165 673.199
52 486   -0.0115405 -0.00310258 678.73
52 487   0.0115429 0.00309635 676.029
52 488   0.0114049 0.00319243 671.945
52 489   -0.0115336 -0.0031679 678.508
52 490   0.0113974 0.0032842 670.008
52 491   0.00563358 -0.0105149 107.167
52 492   0.0115231 0.00314875 675.153
52 493   0.0114871 0.00317049 673.702
52 494   -0.00574033 0.0105044 85.5688
52 495   -0.00568515 0.0105651 2.5364
52 502   -0.00779117 0.00844253 921.905
52 518   0.00704999 -0.00764579 911.251
52 519   0.00741186 -0.00850319 941.371
52 520   0.00647282 -0.00857052 956.38
52 521   0.00687461 -0.00819102 934.34
52 522   0.00728635 -0.00897668 966.271
52 523   0.00678338 -0.00940246 943.355
52 524   0.00685903 -0.00900071 967.981
52 530   -0.00390722 -0.00802808 756.779
52 533   0.00554629 0.00713008 755.272
52 540   -0.00644158 0.00975866 871.957
52 541   -0.00662764 0.00961358 906.076
52 563   -0.00083403 0.00925648 723.067
52 573   -0.00425025 -0.00690767 755.247
52 574   -0.00393561 -0.00532551 753.401
52 575   -0.0057514 -0.00709666 753.217
52 576   -0.00568301 -0.00422365 748.343
52 577   -0.00821049 -0.00448337 757.568
52 578   -0.00660336 -0.00628238 761.492
52 579   -0.00684961 -0.00499153 754.362
52 612   -0.00106805 -0.00557861 762.184
52 620   0.00783936 0.00455923 754.903
52 621   0.00639825 0.00631579 758.974
52 622   0.00627337 0.00510081 753.269
52 667   0.0078395 -0.00851169 924.616
52 668   0.00824194 -0.00819724 893.877
52 674   0.000676351 -0.0072318 768.446
52 675   0.000505132 -0.00931916 718.94
52 676   0.0016037 -0.00770282 787.725
52 714   -0.00174783 0.00884676 752.423
52 715   -0.00310365 0.0084418 881.379
52 716   -0.00295835 0.00897821 878.273
52 717   -0.00395139 0.00896991 929.935
52 718   -0.00347095 0.00913665 918.65
52 719   -0.00430128 0.00923214 951.611
52 723   -0.00224997 0.00698882 823.946
52 724   -0.00322113 0.00643366 857.219
52 725   -0.00295832 0.00785927 866.398
52 726   -0.00226825 0.00791207 819.835
52 727   -0.0045733 0.00712048 897.325
52 728   -0.00379765 0.00681112 878.641
52 729   -0.00351655 0.00731348 882.668
52 730   -0.00457104 0.00762037 907.335
52 731   -0.00401337 0.00762532 899.199
52 732   -0.00380017 0.00814471 903.469
52 733   -0.00413531 0.00851439 920.052
52 734   -0.00528572 0.00844036 944.711
52 735   -0.0048769 0.00805391 922.399
52 736   -0.00465436 0.00842854 932.037
52 737   -0.00523944 0.00882213 958.981
52 738   -0.00488692 0.00880784 952.054
52 739   -0.00483484 0.00907911 960.431
52 740   -0.00460069 0.00923273 960.023
52 741   -0.0049113 0.00949553 969.123
52 742   -0.00466564 0.0094275 966.429
52 743   -0.00456218 0.00988077 969.297
52 744   -0.00449067 0.00966508 967.819
52 745   -0.00485672 0.0100985 928.688
52 746   -0.00495282 0.0097142 964.429
52 747   -0.00477866 0.00986186 964.72
52 748   -0.00508527 0.00985588 937.654
52 749   -0.00504051 0.0100585 899.666
52 750   -0.00532269 0.0101048 820.463
52 751   -0.00524037 0.0103131 770.88
52 752   -0.0051716 0.0101659 835.978
52 753   -0.00540543 0.0101953 775.616
52 754   -0.0053775 0.0103087 733.126
52 804   0.0114253 0.00325897 670.443
52 805   0.0114306 0.00322994 671.215
52 806   0.011466 0.0032673 670.351
52 807   0.0114853 0.00320978 672.724
52 808   0.0114797 0.0032481 671.162
52 809   0.0114629 0.00322846 671.565
52 810   0.0115006 0.00324132 672.089
52 811   0.0115036 0.00321751 673.16
52 812   0.0115171 0.00324773 672.575
52 813   0.00640477 -0.00978339 862.667
52 814   0.00594094 -0.00989208 827.826
52 815   0.00623624 -0.0100275 796.893
52 816   0.00617909 -0.00984735 843.266
52 817   0.00606789 -0.0100883 772.357
52 818   0.00592829 -0.010056 777.151
52 819   0.00571308 -0.0102444 665.261
52 820   0.00583521 -0.0101705 729.213
52 821   0.00566658 -0.0104087 393.434
52 822   0.00570955 -0.0103369 532.009
52 823   0.00579803 -0.0104307 337.799
52 824   0.00579778 -0.0103602 479.348
52 825   0.00576276 -0.0104936 123.712
52 826   0.0057155 -0.0104465 272.662
52 827   0.00575872 -0.0104452 278.831
52 828   0.00570677 -0.0104886 139.997
52 829   0.0057323 -0.0105011 98.3385
52 830   0.00566866 -0.0105181 68.0946
52 831   0.00568817 -0.0105031 100.16
52 833   0.005669 -0.0105424 14.9202
52 834   -0.00560877 0.00937037 963.303
52 835   -0.00539832 0.00913099 968.643
52 836   -0.00511651 0.0094223 969.071
52 837   -0.00510499 0.00920065 967.533
52 838   -0.0055435 0.00959373 941.348
52 839   -0.00534457 0.009576 957.084
52 840   -0.00527182 0.00979092 927.626
52 841   -0.00537814 0.00993243 869.909
52 842   -0.00573715 0.00992328 829.317
52 843   -0.00561375 0.0097806 889.832
52 844   -0.00552115 0.00990438 857.421
52 845   -0.00570281 0.0100521 785.961
52 846   -0.00558627 0.010042 800.743
52 847   -0.00556212 0.0101348 772.092
52 848   -0.00548989 0.0101864 763.64
52 849   -0.00551552 0.010259 719.286
52 850   -0.00549113 0.010415 529.178
52 851   -0.00546545 0.0103415 663.731
52 852   -0.00561103 0.0103693 513.179
52 853   -0.00555752 0.010411 469.895
52 854   -0.00583306 0.0102549 658.938
52 855   -0.00574738 0.0101632 739.942
52 856   -0.005653 0.010184 738.333
52 857   -0.00566344 0.0103093 602.657
52 858   -0.00562036 0.0102516 693.356
52 859   -0.00583156 0.0104181 378.534
52 860   -0.00582111 0.0103374 531.884
52 861   -0.00574239 0.0103293 540.285
52 862   -0.00574606 0.0104728 197.992
52 863   -0.00577682 0.0104336 325.241
52 864   -0.00574071 0.0103922 420.219
52 865   -0.00565492 0.0104069 413.868
52 866   -0.00571426 0.010453 266.169
52 867   -0.00570565 0.0104097 386.111
52 868   -0.0056812 0.0104614 252.255
52 869   -0.00564584 0.0104389 343.737
52 870   -0.00565529 0.0105358 30.4104
52 871   -0.00567427 0.0104906 146.336
52 872   -0.0056518 0.0105059 113.335
52 873   -0.00571203 0.0105161 53.7117
52 874   -0.00569115 0.0105117 71.378
52 888   -0.00699361 0.00906442 967.022
52 889   -0.00731264 0.00881567 956.88
52 992   -0.00941027 0.00457053 747.045
52 993   -0.00798116 0.00669444 857.93
52 994   -0.00785967 0.00510532 808.68
52 997   -0.00989515 0.00559329 759.418
52 998   -0.00916838 0.00672602 826.28
52 1044   -0.00282239 -0.00848856 732.318
52 1046   -0.000672434 -0.00927197 732.476
52 1047   -0.00162151 -0.00765711 743.667
52 1048   -0.000640497 -0.00817821 741.673
52 1055   0.00130831 0.00813262 740.907
52 1056   0.00261517 0.00678332 749.534
52 1057   0.00393098 0.00843081 755.3
52 1058   0.0040689 0.00734382 753.675
52 1059   0.00284615 0.00889129 728.03
52 1060   0.00167721 0.0091536 734.4
52 1084   -0.00358063 0.00948225 938.907
52 1087   -0.00400318 0.00947628 951.24
52 1088   -0.00412762 0.00971444 961.482
52 1258   -0.00199606 0.00937236 735.422
52 1259   -0.00258915 0.0092884 779.298
52 1316   0.00897817 -0.00325988 737.69
52 1317   0.0101117 -0.00508936 735.384
52 1318   0.00845541 -0.00447913 771.151
52 1319   0.00923659 -0.00537409 770.703
52 1320   0.00704111 -0.00513853 824.269
52 1321   0.00700632 -0.00620237 866.099
52 1322   0.00903795 -0.0061887 804.521
52 1323   0.00822199 -0.00635758 841.837
52 1324   0.00839767 -0.00755908 869.897
52 1325   0.00794419 -0.00716258 881.689
52 1327   0.00900688 -0.00731741 850.73
52 1328   0.00936937 -0.00675203 817.31
52 1329   0.00120047 -0.00391001 790.733
52 1330   0.000714518 -0.00617705 781.203
52 1331   -4.88662e-05 -0.00504495 774.788
52 1332   0.00371699 -0.00483701 831.544
52 1333   0.0022383 -0.00446653 804.786
52 1334   0.0016894 -0.00561767 804.041
52 1335   0.00257206 -0.00711633 839.932
52 1336   0.0037166 -0.00589037 855.883
52 1337   0.0026196 -0.00608593 830.794
52 1338   0.00503924 -0.00793549 920.595
52 1339   0.00528582 -0.00718584 904.229
52 1340   0.00441586 -0.0066452 885.066
52 1341   0.00327152 -0.00734448 873.38
52 1342   0.00401832 -0.00706891 888.631
52 1343   0.00432024 -0.00772077 905.949
52 1344   0.00363955 -0.00872747 910.293
52 1345   0.00326168 -0.00794671 883.126
52 1346   0.00388519 -0.00804597 904
52 1347   0.00312948 -0.00885562 893.529
52 1348   0.00290258 -0.0084008 869.516
52 1349   0.00164751 -0.00842703 771.01
52 1350   0.00128132 -0.00896581 733.114
52 1351   0.00185844 -0.00942873 726.471
52 1352   0.00240773 -0.00862056 813.095
52 1353   0.00233809 -0.00911736 774.245
52 1356   0.00289636 -0.00928181 833.053
52 1357   0.00259981 -0.00932379 776.981
52 1479   0.0111583 -0.00179377 702.573
52 1482   0.0102767 -0.00293597 715.859
52 1483   0.0106291 -0.00387049 716.088
52 1489   -0.00556343 0.010477 332.953
52 1490   -0.00560786 0.0104674 303.865
52 1491   -0.00562074 0.0105051 158.575
52 1505   -0.0056677 0.0105411 14.185
52 1508   -0.0056811 0.0105322 22.7104
52 1509   -0.00568642 0.0105468 7.41777
52 1593   -0.00571436 0.0105339 16.3979
52 1596   -0.00569462 0.0105577 3.55364
52 1597   -0.0056988 0.0105441 7.94404
52 1611   -0.0115303 -0.00319925 679.058
52 1612   -0.011513 -0.00321964 677.474
52 1614   -0.0115343 -0.00324683 686.688
52 1615   -0.0115369 -0.00323677 682.245
52 1616   -0.0115502 -0.00323936 776.426
52 1617   -0.0115493 -0.00324798 862.626
52 1622   0.0115471 0.00317328 675.92
52 1625   0.0115215 0.00320909 674.526
52 1626   0.0115374 0.00319643 675.719
52 1627   0.01155 0.00321247 677.32
52 1628   0.0115256 0.0032379 674.032
52 1629   0.011527 0.00322307 674.743
52 1630   0.0115412 0.00322721 676.751
52 1631   0.0115512 0.00324338 682.817
52 1632   0.0115437 0.00324034 678.2
52 1633   0.0115361 0.0032447 675.116
52 1635   0.00572736 -0.0105212 41.7136
52 1636   0.00570674 -0.0105454 8.05378
52 1637   0.00569801 -0.0105197 51.6496
52 1638   0.00571168 -0.0105253 32.2381
52 1639   0.00569515 -0.0105464 7.75716
52 1640   0.00568083 -0.0105415 12.3834
52 1641   0.00569034 -0.0105339 20.3631
52 1642   0.00569152 -0.0105625 3.32093
52 1645   0.0056817 -0.0105536 6.34029
52 1646   0.00568919 -0.0105556 4.98911
52 1670   0.00604461 -0.0102189 721.322
52 1672   0.00592296 -0.0102433 678.471
52 1679   0.00586314 -0.0103607 498.204
52 1680   0.00591499 -0.0103202 581.898
end
