916
52 279   -0.00287824 0.00233707 906.842
52 280   -0.000774636 -0.00101222 913.335
52 281   0.00312213 0.00142722 910.515
52 282   -0.000821833 0.0012549 912.372
52 283   0.00311368 -0.000829027 906.472
52 284   0.0011142 0.00246601 916.901
52 285   0.00118769 -0.00436003 917.376
52 286   -0.00291628 0.00452857 907.372
52 287   -0.00268972 -0.00217087 914.316
52 288   0.00115295 -0.00205737 912.343
52 289   0.00481813 -0.00196999 897.552
52 290   0.00476299 0.00486873 925.852
52 291   0.00483936 0.00261302 908.474
52 292   0.00656777 -0.00107116 887.046
52 293   0.00292756 -0.00518382 907.694
52 294   -0.00632638 -0.00424815 908.326
52 295   0.00603568 -0.00527009 874.118
52 296   0.00459728 -0.00402212 896.488
52 297   0.00637715 0.00557027 920.462
52 298   0.00638068 0.00198375 895.956
52 299   0.00701879 0.000606803 886.152
52 300   -0.00787332 -0.0048256 893.984
52 301   -0.00841891 -0.00612908 898.793
52 302   0.00771677 0.00436242 892.09
52 303   0.00764394 0.00303161 882.351
52 304   0.00839123 0.00102609 859.97
52 305   -0.00892605 -0.00387065 847.277
52 306   0.00862589 0.00233216 845.382
52 307   -0.00974802 -0.00591676 834.012
52 308   -0.00999245 -0.00429038 794.103
52 309   0.00911954 0.000647132 841.808
52 310   -0.00144423 -0.00984483 959.148
52 311   0.00186556 0.0100838 956.417
52 312   -0.010108 -0.000630332 806.728
52 313   0.00944272 0.00259006 795.906
52 314   -0.0102688 -0.00503301 783.185
52 315   0.00935866 3.64016e-06 877.558
52 316   0.00983212 0.00319803 777.33
52 317   0.00992685 0.00131607 772.487
52 318   0.0100154 0.00195293 753.924
52 319   -0.0105218 -0.00369989 758.966
52 320   -0.0103661 -0.00123957 747.45
52 321   -0.0017652 -0.01055 938.224
52 322   0.00112426 0.0103818 926.879
52 323   -0.000761 -0.0100222 943.553
52 324   -0.0102794 -0.00183641 740.769
52 325   0.010457 0.000984714 746.334
52 326   0.0102327 0.000349783 812.482
52 327   0.0105758 0.00225228 718.429
52 328   0.00196918 0.011372 928.249
52 329   -0.011035 -0.00371135 743.591
52 330   0.0011473 0.0109508 878.215
52 331   0.01097 0.00116119 707.471
52 332   -0.000787615 -0.0107415 887.698
52 333   0.00150687 0.0113088 871.071
52 334   0.0109963 0.00207229 699.73
52 335   -0.0109583 -0.00108672 713.642
52 336   -0.0108281 -0.00198369 707.518
52 337   -0.0111265 -0.0030694 719.484
52 338   -0.00199202 -0.0115002 930.651
52 339   0.0111647 0.00149073 693.962
52 340   -0.00133581 -0.0109767 888.061
52 341   0.0111607 0.00177113 692.17
52 342   0.000494247 0.0110468 843.726
52 343   0.000817212 0.011112 837.069
52 344   -0.0111234 -0.00141513 698.968
52 345   -0.00104146 -0.0109909 865.476
52 346   -0.0113873 -0.00287226 708.42
52 347   -0.0110798 -0.00171525 697.358
52 348   0.00137646 0.0116701 821.497
52 349   -0.00164724 -0.0115858 882.858
52 350   -0.0014662 -0.011509 852.264
52 351   -0.0013716 -0.0113022 859.149
52 352   -0.000633455 -0.0114729 771.749
52 353   0.00088678 0.0114072 790.728
52 354   -0.0113245 -0.00180616 688.089
52 355   -0.000991057 -0.0113233 814.809
52 356   -0.0113781 -0.00135584 691.284
52 357   -0.0114953 -0.00253874 697.581
52 358   0.00115165 0.0116565 764.606
52 359   0.000689819 0.0114771 769.491
52 360   0.0114821 0.00185121 681.555
52 361   0.0114803 0.00143482 684.486
52 362   0.00100751 0.0115573 767.066
52 363   -0.0012924 -0.0116923 798.727
52 364   -0.000886982 -0.0114744 778.147
52 365   -0.000771316 -0.0115384 752.282
52 366   -0.0011533 -0.0114135 815.628
52 367   -0.0114736 -0.00152142 684.861
52 368   -0.0114635 -0.00167162 683.224
52 369   -0.00115003 -0.0115913 783.096
52 370   0.000703265 0.0116421 715.082
52 371   0.011609 0.0015728 678.31
52 372   0.0116087 0.00175193 676.752
52 373   -0.0116513 -0.00221467 685.923
52 374   -0.00126162 -0.0118216 781.288
52 375   0.00113475 0.0118392 703.555
52 376   0.0116502 0.00166656 675.684
52 377   -0.00105289 -0.0116722 741.036
52 378   -0.000952087 -0.0116456 730.135
52 379   0.000817235 0.0117024 668.139
52 380   -0.0116916 -0.00209037 681.665
52 381   0.000924521 0.0116874 694.488
52 382   -0.0115861 -0.00172294 678.581
52 383   -0.000772131 -0.0117428 631.376
52 384   -0.0115924 -0.00149742 681.718
52 385   -0.00091514 -0.0117575 624.3
52 386   -0.00085085 -0.0117907 546.239
52 387   0.00103086 0.0118348 578.789
52 388   -0.0116703 -0.00158092 677.62
52 389   0.00096477 0.0117821 609.129
52 390   -0.0117751 -0.00192 675.201
52 391   -0.0117801 -0.00182851 672.608
52 392   0.00101566 0.0119083 419.654
52 393   -0.000855283 -0.0118777 335.912
52 394   0.000963136 0.011907 308.182
52 395   -0.0117919 -0.00186805 673.376
52 396   -0.0118265 -0.00179932 670.685
52 397   -0.0118724 -0.00172882 668.203
52 407   -0.00190211 -0.00912399 969.278
52 408   -0.00286658 -0.0092542 969.294
52 409   -0.0036359 -0.00894679 969.466
52 410   -0.00306039 -0.00999423 966.765
52 411   -0.00241688 -0.0105692 957.723
52 412   -0.00242688 -0.011117 957.1
52 414   -0.00335552 -0.0110798 968.811
52 415   -0.00291566 -0.011189 969.401
52 455   -0.00433086 0.00560041 896.876
52 456   -0.00609711 0.00714651 866.78
52 457   0.00589473 -0.00682463 870.978
52 462   0.000752995 0.00418522 925.052
52 463   -0.00122109 0.00516562 919.871
52 464   -0.00124048 0.00629939 925.798
52 465   7.8236e-05 0.00648529 942.346
52 466   0.00288069 -0.00677169 908.99
52 474   -0.00668531 0.001735 886.58
52 475   -0.0081598 0.00308789 848.597
52 476   -0.00673831 0.00297009 880.984
52 477   -0.00573807 0.0045948 885.791
52 478   -0.00651326 0.00572134 862.545
52 479   -0.00757223 0.00524798 859.74
52 480   -0.00821853 0.00423925 835.581
52 491   0.00175766 -0.00762902 927.107
52 492   0.0024919 -0.00873152 909.919
52 493   0.00196782 -0.00835633 926.688
52 495   0.00215203 -0.00935351 917.984
52 501   -0.00187678 0.00724415 923.381
52 502   0.000584477 0.00859447 967.676
52 503   -7.82418e-05 0.00767674 954.904
52 504   -0.00103453 0.00800814 946.578
52 506   -0.00211715 0.00911676 919.453
52 517   0.000280573 -0.010374 908.765
52 577   0.0117712 0.00167559 671.872
52 609   -0.0118237 -0.0017677 670.068
52 610   -0.0118486 -0.00176666 669.234
52 625   -0.000902702 -0.0119625 3.25494
52 635   0.0109036 0.00383961 746.068
52 638   0.0112026 0.00336151 724.66
52 639   0.0108735 0.00349038 736.685
52 640   0.0106357 0.00323048 736.119
52 641   0.0103548 0.0029955 742.754
52 642   0.0105259 0.00268688 727.446
52 643   0.0111085 0.00309702 717.705
52 644   0.01081 0.00279977 717.578
52 645   0.0108035 0.00304396 724.59
52 646   0.0114222 0.00279453 703.812
52 647   0.011194 0.00294271 711.294
52 648   0.011036 0.00276296 709.881
52 649   0.0112058 0.00236716 697.618
52 650   0.0113766 0.00260174 699.433
52 651   0.0111517 0.00262782 704.334
52 652   0.0116326 0.00226682 686.69
52 653   0.0114767 0.00241343 693.066
52 654   0.0113849 0.00226873 691.345
52 655   0.0116537 0.00199828 679.199
52 656   0.0115185 0.00198715 682.164
52 657   0.0116084 0.00212768 683.243
52 658   0.0114732 0.00211655 685.915
52 660   0.0117334 0.00196657 676.861
52 663   0.0117028 0.00182207 674.296
52 664   0.0117917 0.00188883 673.664
52 665   0.0117235 0.0018952 675.217
52 666   0.0117874 0.00183362 672.27
52 667   0.0117546 0.00179777 672.417
52 668   0.0117862 0.00171666 670.942
52 669   0.011777 0.00175666 671.231
52 670   0.0118217 0.00170512 669.93
52 678   0.00645223 0.00697624 942.99
52 679   0.00559541 0.00797702 965.34
52 680   0.00612775 0.00856506 969.19
52 681   0.00693107 0.0092876 943.425
52 682   0.00665052 0.00947213 921.726
52 683   -0.00438263 -0.00949134 962.254
52 684   -0.00362698 -0.0107081 967.616
52 685   -0.00411471 -0.00992032 955.93
52 686   -0.00356178 -0.0101158 964.852
52 687   -0.00437395 -0.0103123 934.481
52 688   -0.00404595 -0.0107271 954.806
52 689   -0.00416268 -0.0110024 956.039
52 695   -0.00828259 -0.00711544 916.714
52 696   -0.00787467 -0.00765062 936.468
52 699   0.00240701 0.0104217 957.986
52 700   0.00229482 0.0110104 952.518
52 701   0.0032178 0.0111091 968.888
52 702   0.00279247 0.0112152 968.423
52 708   0.00333223 0.00543235 938.796
52 709   0.00106528 0.00599508 942.679
52 710   0.00172065 0.00482878 932.508
52 711   0.00203106 0.00660355 951.781
52 712   0.00332265 0.00659375 952.674
52 713   0.00170674 0.00801148 965.382
52 714   0.00230764 0.00887973 968.858
52 715   0.00333353 0.0083205 967.78
52 716   0.00479112 0.00798336 966.307
52 717   0.00402422 0.00744246 961.407
52 718   0.00369453 0.00902753 969.363
52 719   0.00450633 0.00869528 969.41
52 720   0.00362571 0.0097885 965.454
52 721   0.00347684 0.0107317 968.108
52 722   0.00316371 0.010249 965.512
52 723   0.00474738 0.0093217 962.432
52 724   0.0042951 0.00981222 954.787
52 725   0.00403887 0.0107155 954.496
52 726   0.00439514 0.0102565 935.564
52 727   0.00416209 0.0109976 956.335
52 731   0.00512346 0.0102445 880.47
52 732   0.00469649 0.0103091 906.467
52 733   0.00524669 0.0105266 830.718
52 748   0.00729704 -0.00511862 861.808
52 749   0.00794333 -0.00410989 841.851
52 777   -0.0052232 -0.0103854 855.479
52 802   -7.21748e-05 -0.0107523 882.105
52 804   -0.00043737 -0.0112626 812.988
52 805   -0.00042546 -0.0109276 860.741
52 880   -0.000816974 0.00939802 966.494
52 881   -0.00109601 0.00880914 957.108
52 882   -0.00158478 0.00906906 944.258
52 884   -0.00116175 0.00969908 968.397
52 885   -0.00144973 0.00961681 955.766
52 886   -0.00528301 -0.00532915 928.581
52 887   -0.00327418 -0.00722468 959.268
52 888   -0.00398125 -0.0079587 965.834
52 889   -0.00296184 -0.00387173 923.058
52 890   -0.00362638 -0.00611693 946.162
52 891   -0.00426854 -0.00494283 930.077
52 892   -0.000371468 -0.00501706 930.27
52 893   -0.00263914 -0.00563156 941.561
52 894   -0.00200021 -0.00446009 930.003
52 895   -0.000356569 -0.00617349 939.953
52 896   -0.00166423 -0.00620357 947.144
52 897   -0.00131052 -0.00806753 965.047
52 898   -0.00195258 -0.00731001 959.341
52 899   0.000880717 -0.00753121 943.678
52 900   0.00027877 -0.00700653 944.621
52 901   -0.000386832 -0.00779412 959.544
52 902   -9.17432e-05 -0.00844274 964.943
52 903   0.000521975 -0.00819487 957.288
52 904   0.000260762 -0.00970606 947.035
52 905   -0.000301073 -0.00941421 964.534
52 906   0.00136591 -0.00879073 949.456
52 907   0.000745124 -0.00926679 967.951
52 908   0.000797007 -0.00872707 961.753
52 909   0.00115706 -0.00950651 966.81
52 910   0.00147099 -0.00915439 951.104
52 911   0.00173303 -0.00934198 938.805
52 913   0.00127511 -0.00973524 963.71
52 914   0.0015631 -0.00965297 948.133
52 974   -0.00040456 0.00956212 953.468
52 975   0.000612108 0.0100547 940.643
52 976   0.000276046 0.00946662 964.941
52 977   -0.000415003 0.0101084 918.702
52 978   0.000133706 0.0108107 874.278
52 979   0.000121841 0.0103544 914.175
52 985   0.000527089 0.0114118 783.896
52 986   0.000401084 0.0112766 809.349
52 988   0.00095828 0.0119386 158.172
52 1064   0.0118274 0.00181236 670.899
52 1065   0.0118068 0.00176451 670.341
52 1066   0.0118245 0.00178437 670.214
52 1068   0.0118497 0.00177518 669.422
52 1071   0.000795928 0.0117887 562.115
52 1075   0.000906426 0.0118185 510.623
52 1076   0.000830102 0.0118563 406.953
52 1077   0.00084487 0.0118102 517.48
52 1078   0.000868744 0.0118696 366.623
52 1079   0.000930478 0.011884 349.815
52 1080   0.000909521 0.0118557 425.858
52 1081   0.000867848 0.0119137 171.039
52 1082   0.000875431 0.0118938 278.014
52 1083   0.000903772 0.011899 264.547
52 1084   0.000887158 0.0119218 126.605
52 1085   0.00090522 0.011916 178.069
52 1087   0.000888506 0.0119373 48.6198
52 1088   0.0118231 0.00174474 669.618
52 1089   0.0118287 0.00172535 669.454
52 1090   0.0118481 0.00172115 668.872
52 1128   -0.0117695 -0.00165981 673.007
52 1129   -0.0116641 -0.00168129 676.027
52 1130   -0.0116951 -0.00164314 675.555
52 1131   -0.0118079 -0.00168318 671.348
52 1132   -0.0117757 -0.0016843 672.298
52 1133   -0.00421506 0.00116179 902.285
52 1134   -0.00560731 0.0011126 895.284
52 1135   -0.00407375 -0.00107902 907.158
52 1136   -0.00603253 -0.00274248 902.078
52 1137   -0.00506647 -0.00166052 904.538
52 1138   -0.00586552 -0.000595892 897.091
52 1139   -0.00696655 -0.00220653 892.038
52 1140   -0.00669662 -0.00114917 891.925
52 1141   -0.0087388 -0.00300431 845.919
52 1142   -0.00792671 -0.00244995 876.571
52 1143   -0.00850812 -0.00188669 853.673
52 1144   -0.00990884 -0.00213765 768.212
52 1145   -0.00936807 -0.00273552 808.252
52 1146   -0.00927236 -0.00214658 813.603
52 1147   -0.0102576 -0.00314772 757.14
52 1148   -0.00987953 -0.00288471 775.283
52 1149   -0.0101296 -0.00256847 754.108
52 1150   -0.0109035 -0.00288409 720.241
52 1151   -0.0105477 -0.00297387 738.044
52 1152   -0.0104676 -0.00268909 735.106
52 1153   -0.0108708 -0.00229733 708.504
52 1154   -0.0109387 -0.00263349 712.313
52 1155   -0.010708 -0.00256515 720.114
52 1156   -0.0111154 -0.00246255 703.647
52 1157   -0.0110876 -0.00226878 701.017
52 1158   -0.0113712 -0.00242256 696.764
52 1159   -0.0114737 -0.002264 690.697
52 1160   -0.0113408 -0.00196678 688.501
52 1161   -0.0113706 -0.00216201 690.712
52 1162   -0.0112403 -0.00212679 694.006
52 1163   -0.011479 -0.00205116 685.631
52 1164   -0.0114631 -0.00195282 684.464
52 1165   -0.0116223 -0.00202887 681.426
52 1166   -0.0116765 -0.00194908 678.198
52 1167   -0.0115964 -0.00180363 678.259
52 1168   -0.0116175 -0.00189992 678.706
52 1169   -0.0115474 -0.00188136 680.716
52 1170   -0.0117328 -0.00181702 673.807
52 1171   -0.0116731 -0.00184575 676.161
52 1172   -0.01166 -0.00179863 676.067
52 1173   -0.0117153 -0.0017287 673.86
52 1174   -0.0117008 -0.00176535 674.392
52 1175   -0.0117386 -0.00177447 673.071
52 1176   -0.0117433 -0.00172415 672.883
52 1177   -0.0117616 -0.00170594 672.398
52 1178   -0.01176 -0.00174636 672.204
52 1179   -0.0118017 -0.00174751 670.666
52 1180   -0.011778 -0.00171676 671.703
52 1181   -0.0117786 -0.00173953 671.538
52 1182   -0.0118093 -0.00173015 670.43
52 1183   -0.0118112 -0.00170112 670.815
52 1184   -0.0117954 -0.00171307 671.132
52 1185   -0.0118452 -0.00171537 669.424
52 1186   -0.011824 -0.00172703 669.923
52 1187   -0.0118262 -0.00170938 670.165
52 1188   -0.0118469 -0.00174932 668.963
52 1189   -0.0118364 -0.00173586 669.363
52 1190   -0.0118497 -0.00173018 668.923
52 1191   -0.0118699 -0.00173634 667.956
52 1194   -0.0118618 -0.00173872 668.318
52 1195   -0.0118601 -0.00174904 668.456
52 1239   0.00750177 0.0085995 959.943
52 1242   0.00695025 0.00864953 968.621
52 1243   0.00721163 0.00910307 966.74
52 1289   -0.00465799 -0.0104413 896.876
52 1290   -0.00494108 -0.0104656 858.213
52 1291   -0.00494962 -0.0107968 785.173
52 1292   -0.00442797 -0.0108605 897.822
52 1293   -0.00473779 -0.0108309 806.982
52 1294   -0.00459528 -0.0107141 867.607
52 1296   -0.00465461 -0.0109563 801.302
52 1297   -0.00448634 -0.0109981 878.706
52 1302   0.00748313 0.00701776 929.785
52 1303   0.00758907 0.00801075 947.332
52 1305   0.00833466 0.00801275 938.416
52 1306   0.00874196 0.00747876 917.333
52 1307   0.00457451 0.0109729 836.168
52 1308   0.0044281 0.010853 899.589
52 1309   0.00460623 0.0106236 881.784
52 1310   0.00497039 0.0106176 828.641
52 1311   0.00474838 0.0108371 803.935
52 1312   0.00475691 0.0106499 849.673
52 1314   0.00503201 0.0107586 793.311
52 1315   0.00489173 0.0108509 769.471
52 1357   -0.00388963 0.00705347 897.76
52 1358   -0.00279137 0.00753975 908.649
52 1359   -0.00272586 0.0084814 905.992
52 1360   -0.0052486 0.00748855 885.629
52 1361   -0.00451277 0.00745753 889.649
52 1362   -0.00428741 0.00820363 878.907
52 1365   -0.00526353 0.00805588 888.502
52 1366   -0.00478294 0.00841342 888.129
52 1367   0.00491179 -0.00717335 889.012
52 1368   0.00390711 -0.0071557 896.437
52 1371   0.00512911 -0.00806256 888.258
52 1372   0.00464851 -0.0084201 884.136
52 1403   -0.00388674 0.00865895 860.596
52 1404   -0.00331078 0.00882348 883.772
52 1405   0.00306787 -0.00856699 897.671
52 1406   0.00414617 -0.00841128 870.084
52 1407   0.00362209 -0.00803609 893.365
52 1409   0.00387993 -0.00885991 848.591
52 1410   0.00330397 -0.00902444 878.743
52 1498   -0.000895193 -0.0118987 256.622
52 1649   0.00928923 -0.000897583 883.253
52 1650   0.00805538 -0.00188141 873.402
52 1651   0.00839043 -0.00301948 843.678
52 1706   0.00868812 0.00500691 874.795
52 1707   0.0103019 0.00519609 776.669
52 1708   0.0083794 0.00625628 901.888
52 1709   0.00889264 0.00671527 899.571
52 1710   0.0102417 0.00449762 781.477
52 1711   0.00954839 0.00423343 812.181
52 1713   0.00955657 0.00641076 870.104
52 1714   0.00996387 0.00587676 812.424
52 1725   -0.000894315 -0.0119233 115.738
52 1726   -0.000907486 -0.0119521 9.68541
52 1727   -0.000921404 -0.0119334 88.6389
52 1728   -0.000923029 -0.0119498 27.012
52 1730   -0.000883536 -0.0119336 62.6706
52 1731   -0.000895081 -0.011946 14.7324
52 1783   0.00521383 0.00942847 951.865
52 1784   0.00533494 0.00997428 903.585
52 1785   0.00634448 0.00936069 940.814
52 1786   0.00594282 0.00899942 965.635
52 1787   0.00559213 0.00923008 957.709
52 1789   0.00573872 0.0100718 878.083
52 1792   0.00585351 0.00968362 919.402
52 1793   0.00619462 0.00977199 901.011
52 1796   -0.0089945 0.00256075 854.141
52 1890   -0.00566215 -0.00676988 946.516
52 1891   -0.00503368 -0.00770464 962.68
52 1892   -0.0068432 -0.00752755 947.752
52 2024   -0.00933 -0.000399419 863.418
52 2025   -0.00784888 0.000619774 880.975
52 2026   -0.00760197 -0.000555901 881.95
52 2027   -0.00845331 -0.00105 863.02
52 2028   -0.00936636 0.000802628 888.701
52 2029   -0.00873658 0.00132772 878.387
52 2064   -0.00551981 -0.00845177 968.91
52 2065   -0.00666155 -0.00837505 964.856
52 2066   -0.0072079 -0.00895051 968.881
52 2067   -0.00499497 -0.00945963 954.64
52 2068   -0.00543325 -0.00904114 966.046
52 2069   -0.00529322 -0.0099373 910.589
52 2070   -0.00657128 -0.00960257 912.829
52 2071   -0.00594637 -0.00914395 960.323
52 2072   -0.00685244 -0.00941777 932.127
52 2073   -0.00657927 -0.00913004 959.755
52 2074   -0.00568823 -0.0098135 911.441
52 2075   -0.0059031 -0.00943864 943.255
52 2076   -0.00625483 -0.00960952 920.471
52 2078   -0.00589938 -0.0100768 876.061
52 2079   -0.00618054 -0.00989198 890.995
52 2095   0.000932591 0.0119378 96.4787
52 2096   0.00091598 0.0119283 113.626
52 2098   0.00091827 0.0119558 11.9572
52 2099   0.00093287 0.0119521 40.6122
52 2105   -0.00107865 -0.0117755 699.443
52 2106   -0.00110755 -0.0118865 640.754
52 2107   -0.00114502 -0.0118239 720.732
52 2108   -0.000965856 -0.0118197 553.499
52 2109   -0.00102857 -0.0118111 630.542
52 2110   -0.00104654 -0.0118716 562.035
52 2111   -0.000944041 -0.0119219 196.813
52 2112   -0.00100559 -0.0118933 445.842
52 2113   -0.000931879 -0.0118913 328.978
52 2114   -0.00096161 -0.0118706 432.684
52 2116   -0.000970487 -0.0119322 211.064
52 2117   -0.0010023 -0.0119243 350.004
52 2254   0.000898352 0.0119412 36.3237
52 2255   0.000907764 0.0119379 59.7334
52 2256   0.000909774 0.0119512 14.1642
52 2257   0.000903366 0.0119643 3.58109
52 2259   0.000902932 0.0119572 6.39109
52 2260   0.00089703 0.0119524 9.88246
52 2263   0.0118482 0.00176085 669.071
52 2264   0.0118392 0.00175027 669.131
52 2265   0.0118514 0.00173128 668.634
52 2266   0.0118481 0.001741 668.741
52 2267   0.0118723 0.00173587 667.843
52 2269   0.0118616 0.00172949 668.309
52 2270   0.0118657 0.00173547 668.095
52 2274   0.0118614 0.00175723 668.672
52 2275   0.0118659 0.00174333 668.192
52 2276   0.0118585 0.00174707 668.484
16 1   -0.0449779 0.00318568 962.43
16 2   -0.045157 -0.00300352 962.364
16 3   -0.0477798 -0.0217978 905.785
16 4   -0.0015681 0.0284876 860.233
16 5   -0.0411386 -0.00655309 964.028
16 6   -0.0435091 -0.0297249 827.048
16 7   -0.000238524 0.023526 912.803
16 8   -0.0384817 -0.00727791 965.623
16 9   -0.000962792 -0.0216083 924.404
16 10   0.00243324 0.0220632 909.021
16 11   0.00472727 0.0223424 895.213
16 12   -0.00201691 0.0213767 946.686
16 13   -0.000225116 -0.0189428 928.642
16 14   0.00645872 0.0191234 934.967
16 15   0.00509987 0.0178394 953.953
16 16   0.00280583 0.0191036 941.489
16 17   -0.00114897 0.0188622 949.527
16 18   -0.00263601 0.0175335 946.498
16 19   0.00510431 0.0161148 968.428
16 20   0.0017296 0.0179566 953.729
16 21   0.00119817 -0.0155962 904.275
16 22   0.00679953 0.0141488 937.514
16 23   0.00024334 0.0179028 951.889
16 24   0.00576268 0.0148614 962.93
16 25   -0.00213312 0.0159755 937.421
16 26   0.00228846 0.0161482 966.813
16 27   0.00336913 0.0155705 969.119
16 28   0.000129707 0.0160843 960.259
16 29   0.00200303 -0.0144921 863.488
16 30   -0.00264449 -0.0145304 967.268
16 31   0.00123964 0.0153345 968.299
16 32   -0.000759718 0.0154857 953.629
16 33   -0.00254108 0.0148722 917.893
16 34   -0.00358481 -0.0141449 953.068
16 35   0.00337848 0.0143039 958.802
16 36   0.00441318 0.0138542 942.215
16 37   -0.000638823 0.0142767 957.438
16 38   0.00128497 0.0142667 965.308
16 39   -0.00148422 0.0139333 931.91
16 40   0.00263501 0.0136803 939.763
16 41   -0.0018813 -0.0135663 962.348
16 42   -0.00138482 0.0130812 923.533
16 43   0.00116096 -0.0136361 889.948
16 44   1.77368e-05 0.0137001 968.833
16 45   -0.00112156 -0.0134618 966.489
16 46   0.00191233 0.0137301 937.501
16 47   0.00275359 0.012807 917.21
16 48   0.000669763 0.013746 956.587
16 49   -7.45956e-05 0.0129802 952.85
16 50   -0.000762188 0.0126835 950.183
16 51   0.00221135 0.0124413 889.377
16 52   0.000928668 0.0130906 881.117
16 53   0.00165301 0.0130727 881.824
16 54   0.00183344 0.0126573 858.075
16 55   -0.000958583 -0.0128706 933.795
16 56   -0.000354645 0.0127497 968.269
16 57   0.00128456 0.012954 851.764
16 58   0.00154381 0.0124042 808.534
16 59   -0.000669644 -0.0127046 915.829
16 60   -0.000458746 -0.0126497 939.641
16 61   -0.000248408 -0.0126838 967.544
16 62   0.0012868 0.0125675 794.012
16 63   0.000953637 0.0124668 745.411
16 64   0.00112578 0.0124389 753.773
16 65   -0.000813946 -0.012457 819.609
16 66   -0.000981977 -0.0124298 801.792
16 418   0.00650393 0.0126599 857.003
16 419   0.0072044 0.0120101 823.144
16 420   0.0058581 0.012444 841.643
16 421   -0.0443252 -0.022563 931.937
16 422   -0.0429849 -0.0255762 915.958
16 432   -0.00994196 -0.0304361 920.067
16 433   -0.00729861 -0.0334787 883.882
16 434   -0.00853624 -0.0272022 937.762
16 436   -0.0511393 0.023991 833.863
16 437   -0.0451427 0.0217715 931.66
16 438   -0.0410051 0.0310468 864.683
16 439   -0.0391941 0.0336823 868.783
16 440   -0.0387127 0.028258 923.545
16 450   -0.00480963 0.0299666 891.652
16 451   -0.00730633 0.0334722 893.27
16 452   -0.0100051 0.0304166 923.68
16 453   -0.00620371 0.026686 932.581
16 454   -0.008813 0.027136 940.495
16 472   -0.0040794 0.0220855 962.982
16 473   -0.00558726 0.023961 961.399
16 481   -0.00334346 -0.0222232 959.485
16 482   -0.00483244 -0.0241283 956.684
16 483   0.000353383 0.0127931 870.169
16 484   0.00070462 0.0128577 845.781
16 485   0.000812912 0.0126065 782.926
16 487   0.000590629 0.012521 778.093
16 488   0.000332719 0.0125628 821.553
16 489   -0.0473562 0.0130369 954.027
16 490   -0.0432963 0.0167981 964.961
16 521   -0.00202319 0.0126704 883.252
16 522   -0.00293326 0.0125227 792.97
16 527   0.00128792 -0.0129528 851.146
16 528   0.00168293 -0.0126448 773.83
16 533   -0.050157 -0.00544887 960.081
16 535   -0.0489854 -0.0094174 957.493
16 536   -0.0513285 -0.0114736 951.973
16 537   -0.0435749 -0.0109743 963.156
16 538   -0.0464217 -0.0113933 958.331
16 539   -0.042136 -0.0127693 965.73
16 540   -0.0433699 -0.0152277 964.261
16 541   -0.0396998 -0.0119604 967.62
16 542   -0.0387181 -0.0134074 969.055
16 549   -0.0242331 -0.0325 944.159
16 550   -0.0208994 -0.0297287 946.882
16 551   -0.0220862 -0.0247287 954.851
16 552   -0.0136135 -0.0291861 938.636
16 553   -0.0161425 -0.0322287 936.014
16 554   -0.019536 -0.0222287 957.095
16 563   -0.00418144 0.0179085 952.223
16 572   -0.0405623 -0.0310369 870.52
16 573   -0.0390467 -0.033679 869.602
16 671   -0.0403025 -0.0242477 961.953
16 676   -0.0411461 0.0249968 946.475
16 677   -0.0391985 0.0261903 947.133
16 690   -0.04235 0.0186832 968.535
16 691   -0.0429353 0.0206988 964.21
16 693   -0.0047739 0.0192498 967.649
16 694   -0.00473988 0.0206422 966.956
16 697   -0.0423687 -0.0198683 968.094
16 698   -0.0420414 -0.0170891 968.521
16 707   -0.00922112 -0.0247022 964.139
16 737   -0.00688124 -0.0181504 888.211
16 738   -0.0095012 0.024636 963.349
16 739   -0.0348523 0.0252982 964.51
16 761   -0.0461687 -0.032367 706.974
16 774   -0.0329605 -0.0212256 969.338
16 791   0.00386974 -0.0336603 679.609
16 794   0.000333136 0.0319932 736.327
16 807   -0.006956 -0.0148559 912.58
16 808   -0.00463046 -0.0146394 942.068
16 809   -0.00633723 -0.016449 930.849
16 810   -0.0050997 -0.0161926 947.211
16 811   -0.00641199 -0.0137283 888.833
16 812   -0.00532399 -0.0137682 909.453
16 813   -0.00580914 -0.0112725 811.761
16 814   -0.00699152 -0.0122102 826.914
16 815   -0.00644752 -0.0127493 849.982
16 816   -0.00512304 -0.0129132 878.458
16 817   -0.00570256 -0.012488 841.006
16 818   -0.00448466 -0.0124745 871.187
16 819   -0.00508194 -0.0118468 785.496
16 820   -0.00551937 -0.0120042 810.08
16 821   -0.0055549 -0.011599 793.092
16 822   -0.00523571 -0.0113797 759.637
16 823   -0.00499923 -0.0115036 744.404
16 824   -0.0505643 -0.0249961 803.816
16 844   0.00680293 -0.0148685 801.92
16 845   0.00304941 -0.0143674 796.04
16 846   0.00415763 -0.0147673 788.688
16 847   0.00235969 -0.0127439 735.403
16 848   0.00294971 -0.0133559 747.091
16 849   0.00357261 -0.0128369 714.018
16 850   0.00265319 -0.0122784 706.048
16 851   0.00331199 -0.0121715 694.561
16 857   -0.024227 0.0325 944.969
16 858   -0.022113 0.0247222 955.018
16 859   -0.020918 0.0297222 947.68
16 860   -0.0161538 0.0322222 938.104
16 861   -0.0136802 0.0291666 940.518
16 862   -0.0195686 0.0222222 956.961
16 865   0.00576855 0.0249696 806.206
16 866   0.00568819 0.0326588 676.591
16 867   0.00395675 0.029652 709.613
16 874   0.0007579 -0.012621 883.985
16 950   -0.031487 0.033529 931.479
16 951   -0.0281014 0.031029 944.49
16 963   -0.0399779 0.00566089 964.4
16 980   -0.0499779 0.00574033 960.098
16 981   -0.0499779 0.0107437 954.763
16 1026   0.00450859 0.0130805 904.95
16 1027   0.00521227 0.0126919 859.672
16 1028   0.00466452 0.0116723 738.249
16 1029   0.00499863 0.0122439 818.055
16 1030   0.00493279 0.0117184 757.697
16 1031   0.00517375 0.0119655 791.685
16 1032   0.00690881 0.0114693 809.001
16 1033   0.00631762 0.0108514 834.467
16 1034   0.00616982 0.0111608 815.994
16 1035   0.00646541 0.0114697 811.693
16 1036   0.005483 0.0118261 792.044
16 1037   0.00595372 0.0118566 809.834
16 1038   0.00615616 0.0116091 807.64
16 1039   0.00586056 0.0113002 803.5
16 1040   0.00556497 0.0112231 788.509
16 1041   0.00509425 0.0115405 746.841
16 1042   0.00537619 0.011602 775.171
16 1043   0.00540351 0.0114011 771.103
16 1045   0.00519547 0.0113008 743.588
16 1046   0.00504767 0.0113782 719.182
16 1047   -0.0286441 -0.0262012 956.002
16 1048   -0.0267182 -0.02125 961.796
16 1049   -0.0251968 -0.02375 957.537
16 1050   -0.0309471 -0.0224756 966.578
16 1051   -0.0318891 -0.0249269 962.706
16 1197   -0.0386267 -0.0213939 810.582
16 1198   -0.0393526 -0.0200277 844.917
16 1199   -0.0401721 -0.0222452 957.609
16 1200   -0.0408979 -0.020879 959.974
16 1211   0.00690881 0.0107736 799.785
16 1212   0.0072044 0.0110825 792.019
16 1213   0.0073522 0.0103093 606.518
16 1214   0.00705661 0.0104642 771.957
16 1219   -0.00655409 -0.0107552 837.289
16 1220   -0.00628209 -0.0112842 819.682
16 1221   -0.00675504 -0.0115555 812.371
16 1222   -0.00702705 -0.0107669 795.689
16 1223   -0.00726352 -0.0111621 795.609
16 1224   -0.00738176 -0.0103215 627.265
16 1225   -0.00714528 -0.0104454 763.035
16 1228   -0.0370672 0.0218362 869.366
16 1229   -0.0410321 0.021835 965.145
16 1230   -0.0403509 0.0234395 966.857
16 1231   -0.0384033 0.024633 966.616
16 1232   -0.0368442 0.0240475 967.061
16 1236   -0.00615881 -0.0193407 841.096
16 1237   -0.00427321 -0.0206911 960.079
16 1244   -0.00804216 -0.0218618 895.521
16 1245   -0.00638998 -0.0234366 967.822
16 1246   -0.00785287 -0.0236279 968.823
16 1247   -0.00668293 -0.0209258 761.353
16 1248   -0.00585684 -0.0217132 910.98
16 1251   -0.00661321 0.0110011 796.823
16 1254   -0.0072044 0.0104231 879.524
16 1255   -0.0072044 0.0109596 863.18
16 1262   -0.00817001 0.0218319 914.955
16 1263   -0.0081877 0.0235513 968.921
16 1264   -0.00688306 0.0233263 968.51
16 1271   0.0072044 -0.0107481 872.652
16 1272   0.00661321 -0.0110578 807.106
16 1335   -0.00655179 0.0204246 797.278
16 1336   -0.00590831 0.0211718 930.709
16 1337   -0.00718711 0.0212333 816.413
16 1338   -0.00654363 0.0219805 939.459
16 1373   -0.0374911 -0.0216513 840.666
16 1374   -0.0367094 -0.0228769 954.154
16 1375   -0.0358565 -0.0206128 900.117
16 1376   -0.0350749 -0.0218384 961.36
16 1397   -0.00450851 -0.011954 804.018
16 1398   -0.00474499 -0.0118301 778.611
16 1430   -0.0510347 0.0337472 671.097
16 1473   -0.0356252 0.021029 930.979
16 1478   -0.0386393 0.0165022 966.579
16 1481   -0.040641 0.0185132 962.663
16 1482   -0.039209 0.0176699 955.446
16 1483   -0.0380697 0.0186678 920.348
16 1484   -0.0398771 0.0203183 908.532
16 1485   -0.0384451 0.0203083 733.661
16 1486   0.00394312 0.0128268 907.436
16 1487   0.00321798 0.0122046 938.112
16 1488   0.00326796 0.0126502 925.717
16 1489   0.00458256 0.0122752 828.856
16 1490   0.00423072 0.0124695 873.894
16 1491   0.0036104 0.0122544 925.944
16 1492   0.00394798 0.0123427 889.64
16 1493   0.00403154 0.0121023 853.798
16 1496   0.00380252 0.0119964 922.139
16 1497   0.00358541 0.0120316 939.998
16 1505   -0.00909536 0.0209722 937.657
16 1510   -0.00906516 -0.0209787 931.313
16 1513   -0.0386078 -0.018839 882.878
16 1515   -0.0398259 -0.0169111 964.897
16 1516   -0.0387181 -0.0155721 968.973
16 1521   -0.00689054 0.0175736 958.926
16 1522   -0.0065688 0.0197285 867.034
16 1523   -0.00595933 0.0190833 965.358
16 1524   -0.00719527 0.0190837 920.695
16 1525   -0.00658581 0.0184385 969.082
16 1526   0.00450306 0.0118502 767.31
16 1527   0.00447574 0.0120512 798.638
16 1528   0.00420746 0.0120051 800.216
16 1531   0.00416088 0.0118429 768.157
16 1532   0.00430868 0.0117654 751.837
16 1539   -0.00689054 0.0147767 896.579
16 1540   -0.00628107 0.016392 928.777
16 1541   -0.00506215 0.0162892 923.933
16 1542   -0.00392468 0.0148109 899.479
16 1543   -0.00629021 0.0135648 850.907
16 1544   -0.00397035 0.0127633 763.845
16 1545   -0.00454327 0.0137017 836.422
16 1546   -0.00630848 0.0117801 786.028
16 1547   -0.00689967 0.0125432 839.105
16 1549   -0.0048305 0.012018 710.16
16 1550   -0.00542169 0.0117083 725.37
16 1555   0.0061588 -0.0136489 783.999
16 1556   0.00490763 -0.0138009 761.966
16 1557   0.00442231 -0.012882 726.689
16 1558   0.00685587 -0.0127036 800.01
16 1559   0.00626468 -0.011827 781.389
16 1561   0.00537789 -0.0116985 739.376
16 1562   0.0047867 -0.0120082 719.446
16 1568   -0.0483665 -0.0311385 695.604
16 1569   -0.0498317 -0.0286816 713.315
16 1570   -0.0503022 -0.0337715 672.22
16 1573   -0.0517674 -0.0325431 674.27
16 1574   -0.0517674 -0.0300861 689.875
16 1575   0.00068503 -0.0236949 877.757
16 1576   0.00401096 -0.0279284 709.126
16 1577   0.00403285 -0.0218878 820.573
16 1578   0.00582609 -0.0240359 751.485
16 1582   -0.00197398 -0.0179988 961.52
16 1583   -0.00418581 -0.0171225 962.195
16 1584   -0.00364141 -0.0191322 967.008
16 1585   -0.00470091 -0.0185692 946.55
16 1586   -0.00242046 -0.0154789 969.306
16 1587   -0.00299088 -0.0165772 969.407
16 1588   -0.00183855 -0.0168904 962.481
16 1589   -0.000198607 -0.0155588 939.251
16 1590   -0.0014489 -0.0154026 964.32
16 1591   -0.00108736 -0.0161817 955.33
16 1592   -0.000756899 -0.0139599 965.177
16 1593   -0.000897212 -0.01478 960.253
16 1594   -0.00022308 -0.0147796 943.172
16 1595   0.000492168 -0.0137457 919.712
16 1596   -0.000259291 -0.0137444 956.37
16 1597   9.3758e-05 -0.0141745 937.498
16 1598   -9.40029e-05 -0.0129001 962.925
16 1599   -6.8078e-05 -0.0133148 953.676
16 1600   0.000346316 -0.0133163 926.736
16 1601   0.000167246 -0.0127873 943.556
16 1602   0.000539145 -0.0127613 906.551
16 1603   0.00043104 -0.0129884 919.375
16 1605   0.000193 -0.0125735 925.414
16 1606   0.000357702 -0.0125468 910.662
16 1646   0.00568487 -0.0323205 674.998
16 1647   0.00568487 -0.0296411 686.885
16 1652   -0.0492246 0.0260066 793.144
16 1653   -0.0434806 0.0258118 908.311
16 1654   -0.0459493 0.02453 895.307
16 1655   -0.04912 0.0311767 691.171
16 1656   -0.0505853 0.0286711 710.576
16 1657   -0.0461895 0.0324295 706.709
16 1658   -0.0438253 0.029794 818.383
16 1762   -0.0315138 -0.0337256 930.151
16 1763   -0.029607 -0.0286769 948.52
16 1764   -0.0281274 -0.0312256 943.471
16 1765   -0.034674 -0.0324046 918.004
16 1766   -0.0337511 -0.0298558 934.697
16 1771   -0.0511393 0.0177494 922.103
16 1772   -0.0457963 0.0167981 951.842
16 1773   -0.0485176 0.0154604 944.755
16 1774   -0.0497787 0.0204988 905.798
16 1775   -0.0470574 0.0197559 927.295
16 1805   -0.0511078 -0.0172585 924.386
16 1806   -0.0483233 -0.0182698 930.287
16 1807   -0.0499362 -0.0144776 943.559
16 1808   -0.0473725 -0.0139552 952.186
16 1809   -0.0457595 -0.0159946 953.85
16 1868   -0.0348111 -0.0260814 960.099
16 1869   -0.0357101 -0.0285348 936.772
16 1870   -0.0381487 -0.0284415 924.584
16 1871   -0.0384131 -0.025801 955.9
16 1872   -0.0367562 -0.0246687 967.963
16 1912   0.00500969 -0.0191026 833.681
16 1913   0.00680293 -0.0177405 812.501
16 1914   0.00471173 -0.0159247 810.906
16 1915   0.00610587 -0.0161779 807.804
16 1951   -0.0011259 -0.0125129 836.907
16 1952   -0.00124681 -0.0127062 890.256
16 1953   -0.0035501 -0.0130867 939.371
16 1954   -0.00345189 -0.0121768 961.58
16 1955   -0.00372596 -0.0121323 959.985
16 1956   -0.00395738 -0.0125687 921.904
16 1957   -0.00274226 -0.0122809 955.635
16 1958   -0.00324825 -0.0124358 953.19
16 1959   -0.00311505 -0.0129092 947.276
16 1960   -0.00243683 -0.0125499 941.659
16 1961   -0.00214773 -0.0130357 942.615
16 1962   -0.00262539 -0.0129712 946.91
16 1963   -0.00186612 -0.0123069 900.281
16 1964   -0.00208737 -0.0124904 925.063
16 1965   -0.00186487 -0.0127395 923.396
16 1966   -0.0016775 -0.0124456 883.963
16 1967   -0.00147125 -0.0126888 894.11
16 1968   -0.00165991 -0.0126614 904.305
16 1970   -0.00126481 -0.0124012 820.069
16 1971   -0.00141959 -0.0124842 856.677
16 1972   -0.00149763 -0.0123651 850.984
16 1993   -0.0435951 0.0121596 963.448
16 1994   -0.0387389 0.0115945 967.835
16 1995   -0.0412168 0.00983993 965.08
16 1996   -0.0422566 0.0145831 966.998
16 1997   -0.0398783 0.0147915 969.407
16 2003   -0.00446571 -0.0320482 841.109
16 2004   0.000486215 -0.0322298 712.852
16 2005   -0.00132891 -0.0335695 739.365
16 2006   -0.00404206 -0.0269104 908.83
16 2007   -0.00564617 -0.0288143 903.079
16 2008   0.000627434 -0.0291774 743.839
16 2009   -0.000905258 -0.0270919 845.518
16 2082   -0.0151372 -0.0253005 955.404
16 2083   -0.0172866 -0.0233431 957.137
16 2084   -0.0155199 -0.0211144 961.725
16 2085   -0.0109756 -0.0239148 965.833
16 2086   -0.013662 -0.0220931 964.462
16 2087   -0.0130789 -0.0240505 961.572
16 2088   -0.0118502 -0.0209787 968.872
16 2089   -0.0106303 -0.0219574 969.307
16 2090   -0.0334976 0.0321346 926.02
16 2091   -0.0360924 0.0322879 911.537
16 2092   -0.0365098 0.0294991 926.042
16 2093   -0.0325215 0.0291925 943.807
16 2094   -0.0346283 0.0278748 947.714
16 2146   0.00150293 -0.0184466 901.51
16 2147   0.00190204 -0.0168312 893.322
16 2148   0.00341601 -0.0186997 863.481
16 2149   0.00381511 -0.0170844 848.558
16 2164   -0.027278 0.02125 962.378
16 2165   -0.0253852 0.02375 957.809
16 2166   -0.0304742 0.0268369 954.977
16 2167   -0.0280647 0.027279 953.054
16 2168   -0.0332004 0.0241159 967.125
16 2169   -0.0309291 0.0243369 963.387
16 2170   -0.0304124 0.022279 966.111
16 2171   -0.0324254 0.021029 969.341
16 2172   -0.0337503 0.0220579 969.172
16 2178   -0.0152288 0.0252777 955.321
16 2179   -0.0155562 0.0211111 961.207
16 2180   -0.017336 0.0233333 956.956
16 2181   -0.0110789 0.0238888 964.892
16 2182   -0.013722 0.0220833 963.775
16 2183   -0.013176 0.0240277 960.888
16 2184   -0.0118979 0.0209722 968.431
16 2185   -0.0106907 0.0219444 969.244
end
