596
16 229   -0.0449783 0.00325852 829.997
16 230   -0.0451575 -0.00292354 829.55
16 231   -0.0399783 0.00825848 848.773
16 232   0.00190104 -0.0234138 694.119
16 233   -0.0477788 -0.0217784 714.366
16 234   -0.0398001 -0.0323018 697.237
16 235   -0.0322477 0.0320583 739.368
16 236   -0.0411398 -0.00644847 840.255
16 237   -0.0018092 0.0288451 690.742
16 238   -0.0435002 -0.0296602 689.008
16 239   0.00533881 -0.0211742 695.25
16 240   -0.0497153 -0.0177532 742.141
16 241   -0.0384823 -0.00714057 851.287
16 242   0.00434331 -0.0171413 712.339
16 243   -0.00500969 -0.0133646 770.989
16 244   0.00264131 -0.0157092 714.598
16 435   -0.00620715 0.0164969 833.005
16 436   -0.00572642 -0.0119601 807.043
16 438   -0.00690881 -0.011856 879.163
16 439   -0.00502477 0.0129498 747.872
16 440   -0.00620715 0.0139969 795.425
16 441   -0.00572642 0.0117626 772.52
16 442   0.0065045 -0.0157849 725.929
16 445   -0.0443198 -0.0225102 735.546
16 446   -0.0429712 -0.0254781 713.928
16 460   -0.00661321 -0.0109801 888.436
16 462   -0.0497796 0.0184202 735.516
16 463   -0.0473152 0.0259433 691.616
16 464   -0.0511398 0.0239922 694.139
16 465   -0.0484194 0.0211706 716.713
16 466   -0.0440426 0.0244677 713.96
16 467   -0.0451468 0.0217757 732.4
16 481   -0.0355416 0.0307408 726.646
16 482   -0.0410148 0.0310475 694.854
16 483   -0.0392029 0.0336825 697.16
16 484   -0.0359703 0.0279524 747.273
16 485   -0.0387369 0.0282591 721.066
16 487   0.0046891 0.0251977 683.782
16 488   -0.000248241 0.0245611 697.616
16 489   0.00260297 0.0236593 692.194
16 497   -0.0139226 -0.0319885 736.161
16 500   -0.0101089 -0.0304828 723.509
16 501   -0.00738895 -0.0334943 702.943
16 502   -0.00877724 -0.0273536 734.574
16 503   -0.00584767 -0.0271181 714.963
16 504   -0.00167956 -0.0209228 722.76
16 507   -0.0345725 -0.0210258 902.553
16 508   -0.0329404 -0.0230775 857.995
16 525   -0.0049465 0.0300786 699.875
16 526   -0.00739261 0.0333595 703.694
16 527   -0.0101593 0.0303444 725.012
16 528   -0.00640038 0.0269305 721.672
16 529   -0.00902595 0.0271963 738.667
16 548   -0.0147207 -0.0219885 804.841
16 557   0.000967412 -0.0140545 707.434
16 558   0.00130622 -0.016001 711.885
16 559   -0.00210327 -0.0165775 733.453
16 560   -0.000572388 -0.017643 720.599
16 561   -0.0031685 -0.0130602 707.772
16 562   -0.00168148 -0.0142473 709.818
16 563   -0.000489405 -0.0133663 698.523
16 582   0.0039092 0.0135955 745.934
16 583   0.00141846 0.0131891 713.015
16 584   0.00273607 0.0129752 720.284
16 590   -0.0471585 0.0161382 773.647
16 591   -0.0473572 0.0130562 793.926
16 592   -0.0423572 0.0130562 846.861
16 593   -0.0386398 0.0173365 906.069
16 594   -0.0432983 0.0168081 830.448
16 595   -0.0410187 0.0154684 870.365
16 627   -0.0505635 -0.0249875 690.177
16 659   -0.0243326 0.0325 756.825
16 660   -0.0289199 0.0295583 763.939
16 661   -0.0265207 0.0225 814.042
16 662   -0.0298335 0.0245583 815.87
16 663   -0.0223564 0.0247424 787.94
16 664   -0.0210819 0.0297424 763.698
16 665   -0.014869 0.0242273 790.359
16 666   -0.0162805 0.0322424 744.694
16 667   -0.0138728 0.0292273 747.54
16 669   -0.0199839 0.0222424 795.204
16 670   -0.0171184 0.0222424 796.508
16 816   -0.0072044 -0.010928 915.148
16 817   -0.0072044 -0.0104126 948.095
16 819   -0.00690881 0.0107264 878.217
16 820   -0.00690881 0.0115598 843.572
16 822   0.00661321 0.01088 897.499
16 827   0.0072044 0.0107779 923.132
16 828   0.0072044 0.0103626 952.017
16 834   0.00600675 -0.0140514 746.773
16 835   0.00700225 -0.0132483 775.588
16 837   0.00145682 -0.0129743 707.092
16 838   0.00336032 -0.0139464 719.806
16 839   0.00303424 -0.012363 710.608
16 840   0.00251463 -0.013158 712.029
16 841   0.00491781 -0.0136952 739.862
16 842   0.00378649 -0.0127037 727.178
16 843   0.00397337 -0.013599 726.495
16 844   0.00488636 -0.0117956 771.035
16 845   0.00507324 -0.0130468 750.654
16 846   0.00438861 -0.0125531 745.38
16 847   0.00645778 -0.0125364 789.541
16 848   0.00552427 -0.0118876 782.358
16 849   0.00561771 -0.0126911 767.528
16 851   0.00695553 -0.011779 832.706
16 855   0.0072044 -0.0105107 900.888
16 858   0.00606874 -0.0111761 810.046
16 859   0.00665993 -0.0112222 849.269
16 860   -0.0370464 -0.0219476 923.496
16 861   -0.0402702 -0.0240414 787.899
16 876   -0.0411626 0.0249993 741.059
16 877   -0.0392272 0.0261919 745.279
16 878   -0.000904623 0.0158723 717.626
16 879   0.00106218 0.0160046 717.434
16 880   0.000860494 0.0141989 711.954
16 882   -0.00318358 0.0128429 702.277
16 883   -0.000557965 0.013296 699.993
16 884   -0.00176512 0.0139596 707.786
16 903   -0.0400734 0.0190142 909.462
16 904   -0.042353 0.0186872 848.246
16 905   -0.0429407 0.020703 792.403
16 906   -0.0396934 0.0216264 892.551
16 907   -0.0414209 0.0226454 801.425
16 915   -0.0472104 0.0298595 678.876
16 916   -0.0442804 0.032365 680.714
16 917   -0.00191737 0.0227929 715.724
16 918   -0.000427501 0.0203797 715.981
16 919   -0.00475021 0.0185216 825.029
16 920   -0.00204853 0.0178273 737.813
16 926   -0.0050592 -0.0245004 736.719
16 927   -0.00529948 -0.0205998 866.5
16 928   -0.00373724 -0.0223528 749.812
16 953   -0.0461685 -0.0323585 675.52
16 1000   0.00656303 0.023953 685.938
16 1001   0.00656303 0.0212073 696.686
16 1010   0.000155439 0.0321261 679.815
16 1013   0.00567646 0.0322543 670.13
16 1014   0.00380252 0.0293804 675.638
16 1019   0.00223855 -0.0275745 681.633
16 1020   -0.00297841 -0.0321014 688.408
16 1021   -0.0027688 -0.0288545 693.284
16 1024   0.00385263 -0.0336071 671.412
16 1025   0.000205258 -0.0336071 678.376
16 1054   -0.051035 0.0312418 671.83
16 1055   -0.051035 0.0337473 668.686
16 1063   -0.0501575 -0.00542441 817.126
16 1066   -0.0485441 -0.0149628 773.851
16 1067   -0.0489863 -0.00938668 806.708
16 1068   -0.0513288 -0.0114622 790.69
16 1069   -0.0435763 -0.0109119 831.089
16 1070   -0.0464227 -0.0113492 808.273
16 1071   -0.0459805 -0.0144253 796.074
16 1072   -0.0421369 -0.0127187 845.478
16 1073   -0.0433699 -0.0151943 830.046
16 1074   -0.0397005 -0.0118727 861.496
16 1075   -0.0387182 -0.0133478 873.904
16 1076   -0.0423639 -0.0198186 829.762
16 1077   -0.0420411 -0.0170654 856.517
16 1078   -0.0389701 -0.0205888 932.255
16 1079   -0.0405111 -0.0214066 875.501
16 1080   -0.0386076 -0.0180003 915.545
16 1081   -0.0398259 -0.0160649 887.566
16 1099   -0.0345934 0.0210291 901.244
16 1100   -0.0330022 0.0230874 858.966
16 1101   -0.0349052 0.025299 814.161
16 1102   -0.0374642 0.0226444 901.904
16 1103   -0.0372562 0.0248561 815.234
16 1117   -0.0117561 -0.0229828 814.547
16 1118   -0.00945356 -0.0248536 781.703
16 1119   -0.00740255 -0.0218708 891.425
16 1120   -0.0073051 -0.0237416 803.418
16 1180   0.00567631 -0.0294286 672.791
16 1181   0.00567631 -0.0322143 669.842
16 1201   -0.00578324 0.0244305 752.017
16 1202   -0.00543715 0.0212175 869.66
16 1203   -0.00422533 0.0229365 753.965
16 1204   -0.0243294 -0.0325 756.139
16 1205   -0.0222732 -0.0225 797.755
16 1206   -0.0297897 -0.0245517 815.238
16 1207   -0.0265134 -0.0225 814.09
16 1208   -0.018549 -0.0244885 786.154
16 1209   -0.0187217 -0.0294885 759.403
16 1210   -0.00619208 -0.0149272 826.998
16 1211   -0.00477268 -0.016953 805.201
16 1212   -0.0060806 -0.018572 884.33
16 1232   -0.0118511 0.0229773 814.66
16 1233   -0.00972159 0.0248292 785.394
16 1234   -0.00760096 0.0218519 895.283
16 1235   -0.00770193 0.0237039 813.484
16 1252   0.00657477 0.0116062 873.508
16 1253   0.0064979 0.0134837 795.589
16 1254   0.00539239 0.0118103 820.348
16 1255   0.00531552 0.0128473 790.424
16 1257   0.00716597 0.0129726 825.761
16 1258   0.00716597 0.0121321 866.83
16 1324   -0.00932212 0.0209924 891.652
16 1325   -0.0115526 0.0209924 847.78
16 1333   -0.0503025 -0.0337715 668.791
16 1334   -0.049831 -0.028673 677.78
16 1335   -0.048366 -0.03113 673.73
16 1338   -0.0517675 -0.032543 669.781
16 1339   -0.0517675 -0.030086 673.668
16 1379   -0.0092862 -0.0209943 892.61
16 1380   -0.0114913 -0.0209943 849.855
16 1407   -0.0499783 0.00575765 816.556
16 1408   -0.0499783 0.0107576 797.563
16 1438   0.00541388 0.019733 704.086
16 1439   0.00231218 0.0170089 717.57
16 1440   0.0019664 0.0194289 709.291
16 1441   0.00332775 0.0209404 700.917
16 1442   0.00394243 0.0157165 728.659
16 1443   0.00683193 0.0146515 765.882
16 1445   0.00568278 0.0161361 733.984
16 1446   0.00635084 0.0176313 717.941
16 1487   -0.0315099 -0.0335258 735.653
16 1488   -0.0281798 -0.0310258 756.423
16 1489   -0.0295727 -0.0280775 772.225
16 1490   -0.0365957 -0.0308276 717.018
16 1491   -0.032405 -0.0291033 755.666
16 1492   -0.0334005 -0.0320517 730.752
16 1493   -0.0346691 -0.0252542 816.806
16 1494   -0.0368497 -0.0280043 739.531
16 1495   -0.0343508 -0.0277542 762.414
16 1496   -0.0383465 -0.0254003 783.013
16 1497   -0.0366637 -0.0241244 855.753
52 245   0.00143369 -0.00224649 698.418
52 246   -0.00062578 -0.00110832 698.23
52 247   -0.0026371 0.00227727 698.089
52 248   -0.000650152 0.00111486 698.248
52 249   -0.00461919 -0.00104829 695.803
52 250   0.00155073 -0.00439965 700.55
52 251   0.00324296 0.00113856 696.483
52 252   0.00331504 -0.00112547 696.428
52 253   -0.0045207 0.0012485 695.752
52 254   -0.00659888 -0.00193241 693.994
52 255   -0.000758947 0.0076422 705.47
52 256   -0.00257704 0.00440913 700.48
52 257   -0.0104857 -0.00287237 689.597
52 258   -0.000689705 0.0054265 702.101
52 259   -0.00995346 -0.000891423 687.932
52 260   -0.00807356 -0.000466627 691.093
52 261   0.00683041 -0.000899984 691.131
52 262   0.00676998 0.000931347 691.817
52 263   0.00510256 -0.00204538 694.344
52 264   0.00497005 0.00204999 694.967
52 265   -0.00620528 0.00223478 693.385
52 266   0.00819864 -0.0020999 688.399
52 267   0.00327159 -0.00532836 701.929
52 268   0.00353549 -0.00720452 708.445
52 269   -0.00408806 0.00537511 701.84
52 270   0.0102188 0.00129826 685.75
52 271   -0.0039956 0.00721711 710.031
52 272   -0.00777844 0.00140377 690.801
52 273   -0.00694731 -0.00360688 694.921
52 274   -0.00649992 0.00387886 693.027
52 275   0.00792528 0.0019556 690.694
52 276   -0.00567005 0.00495264 697.117
52 277   0.00540732 -0.00365402 694.974
52 278   0.00517036 0.00364414 695.865
52 279   0.00439492 0.00488816 697.965
52 280   -0.00616452 -0.00486644 696.766
52 281   0.00469504 -0.00478012 698.831
52 282   -0.00950367 -0.00426802 691.338
52 283   -0.0102273 0.00249008 686.078
52 284   -0.00891463 0.00249451 688.602
52 285   0.00907373 0.00197667 688.86
52 286   0.00786107 -0.00372433 688.487
52 287   0.0066025 0.00415381 694.736
52 288   -0.00831336 -0.00421583 694.274
52 289   0.00755749 0.00358391 692.901
52 290   0.0105474 -0.00375305 684.416
52 291   0.0067976 -0.00413306 691.42
52 292   0.00542713 0.00586505 697.338
52 293   -0.0065461 0.0060895 697.727
52 294   -0.00788696 0.00425656 689.018
52 295   0.00851583 0.00424545 692.484
52 296   0.0101031 0.00415164 688.304
52 297   0.00656872 0.00535693 696.009
52 298   -0.00872851 0.00370323 688.226
52 299   0.00864171 0.00531837 694.998
52 300   -0.0107545 0.00368179 685.709
52 301   0.00929813 0.00353061 690.032
52 302   -0.00718676 -0.00580904 697.555
52 303   -0.010005 -0.00546691 692.772
52 304   -0.00811506 -0.00542049 697.157
52 305   0.00655506 0.0072338 693.835
52 306   0.00949993 0.00568262 694.666
52 307   0.00725158 0.00589934 696.678
52 308   0.00988119 -0.00442977 685.773
52 309   0.010179 0.00523072 689.185
52 310   0.00807517 0.0058857 697.56
52 311   0.00856128 -0.00446169 686.24
52 312   -0.00819652 0.0051431 686.569
52 313   -0.0094633 0.00433406 687.16
52 314   -0.0101766 0.00431705 687.421
52 315   -0.00750458 0.00607898 686.357
52 316   -0.00936649 -0.00599072 698.478
52 317   -0.00866685 -0.00599649 699.489
52 318   0.00714415 0.00669051 697.427
52 319   0.00919839 -0.00452217 685.476
52 320   0.00831101 -0.00522341 685.093
52 321   -0.00796202 0.00566433 685.258
52 322   0.00826672 0.00660985 701.093
52 323   -0.0104337 0.00498661 688.888
52 324   -0.00935277 0.00499223 686.592
52 325   -0.00804527 -0.00687027 703.346
52 326   -0.00892754 0.00524794 685.393
52 327   0.0102058 -0.00506528 686.413
52 328   -0.00849007 -0.00662009 703.654
52 329   -0.00952388 -0.00661219 703.741
52 330   0.00937236 0.00670483 703.76
52 331   0.00773564 0.00694744 700.329
52 332   -0.00756054 -0.00779224 701.711
52 333   0.00964354 0.00630275 698.639
52 334   0.00879188 -0.00549382 683.304
52 335   0.00863047 0.00687723 704.858
52 336   0.00902597 0.00691941 707.057
52 337   0.00760242 0.00774435 700.777
52 338   0.00919876 -0.00520181 684.41
52 339   0.00783633 0.00738664 702.355
52 340   -0.00851193 0.00605051 681.442
52 341   -0.00816984 -0.00736683 707.7
52 342   0.00864628 -0.00629118 679.078
52 343   -0.00843522 0.00643185 679.032
52 344   -0.00909536 0.00572056 683.707
52 345   -0.0097455 0.00532115 687.182
52 346   -0.0101132 0.00533254 688.816
52 347   0.00884595 -0.00590804 681.245
52 348   -0.00883371 0.00661072 677.085
52 349   0.00892618 -0.00657221 676.687
52 350   -0.00891425 0.0060019 681.66
52 351   -0.0088263 -0.00694148 708.48
52 352   -0.00798752 -0.007651 706.603
52 353   0.0104781 -0.00527345 687.537
52 354   0.00906527 0.00741613 718.984
52 355   -0.00916047 -0.00693935 709.144
52 356   0.00948434 -0.00542545 684.336
52 357   0.00788519 0.00805407 702.24
52 358   0.00980858 -0.00538132 685.566
52 359   0.00920756 -0.00599394 681.12
52 360   0.00823494 0.0074906 707.576
52 361   0.00849799 0.00731878 709.646
52 362   0.00876941 0.00754494 721.218
52 363   0.00943907 -0.00580336 683.011
52 364   -0.00946663 0.00582979 684.802
52 365   -0.00853353 -0.00747116 716.599
52 366   -0.00969154 0.0056861 686.711
52 367   -0.00764559 -0.00810876 702.138
52 368   -0.00919618 -0.00730741 717.904
52 369   -0.00996595 0.00590645 689.237
52 370   -0.0087452 -0.007296 715.243
52 371   -0.00917653 0.00625986 680.367
52 372   0.00990551 -0.00571027 685.907
52 373   0.00969224 -0.00592238 684.145
52 374   0.0101043 -0.00583999 687.531
52 375   -0.00917271 0.00648735 678.266
52 376   0.0102797 -0.00571921 688.202
52 377   0.00816989 0.00797032 707.061
52 378   0.00871568 0.00778813 733.124
52 379   -0.00896 -0.00747047 723.885
52 380   0.00828573 0.00776455 710.638
52 381   -0.00993865 0.00613968 689.938
52 382   -0.00819379 -0.00791437 710.876
52 383   -0.00860448 -0.00774125 729.45
52 384   -0.00953839 0.00608912 684.214
52 385   0.0097444 -0.00613469 684.112
52 386   -0.00944101 0.00660895 677.986
52 387   -0.00942941 0.00623785 682.117
52 388   -0.00894587 -0.00770189 737.21
52 389   -0.0100502 0.00630504 693.928
52 390   0.00849506 0.00783593 722.035
52 391   -0.0085224 -0.00790636 734.221
52 392   0.00882095 0.00794193 755.028
52 393   -0.00880202 -0.0077975 743.878
52 394   -0.00973601 0.00617865 686.461
52 395   -0.00839201 -0.00795624 721.704
52 396   -0.00814865 -0.00808902 708.002
52 397   0.00832289 0.00810278 711.034
52 398   -0.00802744 -0.00814217 704.91
52 399   -0.00958897 0.00652426 680.876
52 400   -0.00957355 0.00638064 682.498
52 401   0.00848322 0.00800543 726.285
52 402   -0.00973024 0.00634032 685.957
52 403   -0.0088192 -0.00795844 764.865
52 404   0.00858217 0.00807918 747.778
52 405   0.00965902 -0.00662401 677.81
52 406   0.00834189 0.0082131 708.91
52 407   0.00869927 0.00806347 772.121
52 408   -0.00973071 0.00658023 683.208
52 409   -0.00994079 0.00642171 694.069
52 410   -0.00982343 0.00641802 688.615
52 411   -0.00863407 -0.00803094 761.98
52 412   -0.00873334 -0.00802677 776.161
52 413   -0.00980848 0.00651431 687.92
52 414   -0.00996803 0.0065154 699.57
52 415   -0.00874656 -0.00812442 806.911
52 416   0.00873045 0.00815274 806.837
52 417   -0.00977213 0.00664835 683.058
52 418   -0.00988919 0.00655474 694.227
52 419   0.00983356 -0.0066388 682.498
52 420   -0.00990024 0.00661289 696.697
52 421   -0.0085969 -0.00825468 781.517
52 422   -0.0100101 0.00654971 706.493
52 423   -0.00986094 0.00664058 688.938
52 424   -0.0099505 0.00663384 713.567
52 425   -0.00998632 0.00660295 721.309
52 426   -0.00997478 0.00662509 779.196
52 427   -0.00998424 0.00664925 933.481
52 428   -0.0086717 -0.00829119 306.807
52 429   -0.0099797 0.00665941 949.865
52 472   -0.00199131 -0.00223416 698.336
52 473   -0.00343113 -0.00225124 697.432
52 474   -0.00196521 -0.00450328 700.157
52 475   -0.00495532 -0.00496494 697.827
52 476   -0.00301241 -0.00508184 700.093
52 477   -0.00379765 -0.0039589 698.239
52 478   -0.00551599 -0.00701101 696.597
52 479   -0.00355858 -0.0061506 701.047
52 480   -0.00478158 -0.00602516 698.797
52 535   0.00717318 0.00787123 698.008
52 536   0.0066521 0.00782564 691.378
52 652   0.0111238 0.00227852 686.007
52 653   0.0107837 0.00357796 688.102
52 690   -0.0109161 0.00164521 686.794
52 691   -0.011026 0.000303876 687.075
52 702   0.00854547 0.00816466 744.579
52 703   0.00853342 0.00825254 731.618
52 704   0.00846552 0.00820124 720.38
52 705   0.00847615 0.00824753 718.746
52 706   0.0085734 0.00823425 753.517
52 707   0.00859608 0.00819266 766.494
52 708   0.00860953 0.0082601 776.82
52 743   0.00999078 -0.00662147 717.533
52 744   0.00998006 -0.00659875 704.93
52 745   0.00927768 -0.00625948 679.461
52 746   0.00919597 -0.00645462 677.492
52 747   0.0095288 -0.00654141 677.824
52 748   0.00939028 -0.00661311 676.21
52 749   0.00963061 -0.00624536 682.247
52 750   0.00947957 -0.00629353 680.214
52 751   0.00953639 -0.00641696 679.506
52 752   0.00982613 -0.00637921 685.216
52 753   0.0097141 -0.00633178 682.86
52 754   0.00966074 -0.00640581 681.266
52 755   0.00981614 -0.00644713 684.799
52 756   0.00973253 -0.00646142 682.103
52 757   0.00979848 -0.00657997 682.336
52 758   0.0097384 -0.00655517 680.755
52 759   0.00986131 -0.00648941 686.503
52 760   0.00983778 -0.00652849 685.227
52 761   0.00987991 -0.00660763 687.149
52 762   0.00987329 -0.00656017 687.236
52 763   0.00992464 -0.0066468 692.793
52 764   0.00990736 -0.00662119 690.35
52 765   0.0101378 -0.006178 689.714
52 766   0.0100681 -0.00606142 688.062
52 767   0.00992146 -0.00614402 686.612
52 768   0.00990368 -0.0063513 687.279
52 769   0.0100421 -0.00626971 689.498
52 770   0.00994031 -0.00625149 687.362
52 771   0.0100686 -0.00640837 692.745
52 772   0.0100402 -0.00634871 690.669
52 773   0.00996874 -0.00639024 689.675
52 774   0.0100216 -0.0064544 693.142
52 775   0.00997261 -0.00644539 691.006
52 776   0.00990791 -0.00649326 689.038
52 777   0.00994417 -0.00647822 690.74
52 778   0.00989764 -0.00654702 689.176
52 779   0.00990873 -0.00651919 689.563
52 782   0.0100279 -0.00650196 695.636
52 783   0.00996346 -0.00650078 692.613
52 784   0.0099982 -0.0065155 695.408
52 785   0.00993979 -0.00652221 691.972
52 786   0.0099799 -0.00656934 699.605
52 787   0.0100069 -0.00655547 699.545
52 788   0.00991687 -0.00656075 691.222
52 789   0.00994088 -0.00654346 692.996
52 790   0.00995415 -0.00655814 695.304
52 791   0.00991719 -0.00659442 692.055
52 792   0.00993954 -0.00657581 694.662
52 793   0.00992073 -0.00657505 692.05
52 794   0.00995586 -0.00660091 699.966
52 795   0.00993092 -0.00660121 694.613
52 796   0.00994109 -0.00658917 695.778
52 797   0.00994147 -0.00663211 698.407
52 798   0.00993792 -0.00661329 696.7
52 799   0.00995345 -0.00661261 700.873
52 800   0.00997358 -0.00663571 718.879
52 801   0.00995356 -0.00663817 703.906
52 802   0.00996045 -0.00662469 705.213
52 805   0.00998175 -0.00665431 770.078
52 806   0.00997286 -0.00664865 731.606
52 807   0.00996061 -0.00665077 709.366
52 831   0.00489978 -0.00770131 724.668
52 885   -0.0019762 0.00862542 708.182
52 886   -0.00313146 0.00830824 707.93
52 894   0.00172442 -0.00863681 708.216
52 895   0.00287968 -0.00831963 707.359
52 921   0.000364456 0.00876426 704.991
52 956   0.00183383 0.00916754 706.16
52 957   0.00128066 0.00813748 704.626
52 958   0.000671699 0.00222483 698.649
52 959   0.00200279 0.00225661 698.027
52 960   0.000572088 0.00440461 700.489
52 961   0.00323963 0.004949 699.389
52 962   0.00152282 0.00495745 700.679
52 963   0.00228353 0.00391533 699.037
52 964   0.00184952 0.00703938 703.716
52 965   0.00300455 0.00597896 701.162
52 966   0.00195328 0.00600329 701.919
52 967   0.00343266 0.0068774 702.694
52 968   0.00265798 0.00741676 704.792
52 969   0.00350023 0.00871089 713.02
52 970   0.00268552 0.00845899 709.064
52 971   0.00412597 0.00733016 703.07
52 972   0.00416599 0.00812143 706.69
52 973   0.00511043 0.00688754 698.754
52 974   0.00568857 0.00741568 696.024
52 975   0.00471788 0.00837942 707.212
52 976   -0.00119126 -0.00558268 701.758
52 977   0.000225973 -0.00547852 702.041
52 978   -0.000158226 -0.0087916 705.19
52 979   0.000713398 -0.00768093 705.456
52 980   -0.00178683 -0.00923519 705.869
52 981   -0.00102743 -0.00823247 704.487
52 982   -0.00157304 -0.00722596 703.96
52 983   -0.00346042 -0.00705582 703.084
52 984   -0.00257611 -0.0076218 705.262
52 985   -0.0034886 -0.00875669 712.765
52 986   -0.00262689 -0.00857243 709.119
52 987   -0.00489319 -0.00744885 699.947
52 988   -0.00406062 -0.00736822 703.045
52 989   -0.00403802 -0.00811845 706.388
52 991   -0.00513966 -0.00806751 701.413
52 992   -0.00460153 -0.00833064 706.529
52 1144   0.00512148 0.00818207 704.39
52 1145   0.00539054 0.00805051 700.421
52 1165   -0.00626852 -0.00723974 693.36
52 1166   -0.00713238 -0.00756446 698.221
52 1167   -0.00743479 -0.00692666 699.611
52 1168   -0.00694898 -0.00663501 697.636
52 1171   -0.00636157 -0.0078061 688.058
52 1172   -0.00673961 -0.00783918 694.508
52 1240   -0.00809044 0.00660709 678.682
52 1241   -0.00770972 0.0066404 678.787
52 1354   0.0108247 4.59484e-05 684.733
52 1355   0.0108583 -0.00250801 683.458
52 1356   0.00989255 -0.00149981 685.922
52 1411   0.00559384 -0.00569304 699.929
52 1412   0.00666714 -0.00681317 707.173
52 1413   0.00618289 -0.00716574 715.538
52 1414   0.00553468 -0.00673808 708.928
52 1415   0.0078678 -0.00551755 685.816
52 1416   0.00698821 -0.0062909 695.206
52 1417   0.0070546 -0.00516455 690.678
52 1418   0.00656312 -0.00559843 694.516
52 1420   0.00754135 -0.00652979 683.707
52 1423   0.00828958 -0.00649788 678.842
52 1424   0.00792946 -0.00619031 682.568
52 1426   -0.00510811 0.00772529 725.733
52 1427   -0.00607662 0.00702015 711.333
52 1538   0.0086928 0.00823998 875.933
52 1539   0.00868239 0.00819654 828.862
52 1540   0.0086455 0.00819636 805.323
52 1541   0.00863267 0.00825047 813.182
52 1542   0.00864596 0.00822832 824.993
52 1543   0.00866771 0.00825096 875.711
52 1544   0.00867252 0.00828635 949.134
52 1545   0.00866267 0.00827383 894.302
52 1546   0.00864608 0.00827343 844.562
52 1547   -0.00864933 -0.00827232 861.524
52 1548   -0.00863632 -0.00824508 840.08
52 1549   -0.00839818 -0.0081035 722.461
52 1550   -0.00829467 -0.00815871 711.649
52 1551   -0.00834094 -0.00822651 711.928
52 1552   -0.00848452 -0.00823881 728.765
52 1553   -0.00842991 -0.00820216 721.991
52 1554   -0.00845898 -0.00814044 729.597
52 1555   -0.00859668 -0.00810752 766.889
52 1556   -0.00852885 -0.00813324 746.109
52 1557   -0.00853125 -0.00819772 745.922
52 1558   -0.00858111 -0.00820812 771.751
52 1559   -0.0086916 -0.00815179 815.832
52 1560   -0.00862302 -0.00816684 792.852
52 1561   -0.008641 -0.00813072 787.746
52 1562   -0.00870472 -0.00822045 866.202
52 1563   -0.00865716 -0.00818769 825.301
52 1564   -0.0086901 -0.00818813 839.02
52 1565   -0.00865467 -0.00821937 849.016
52 1566   -0.00866626 -0.00826032 901.621
52 1567   -0.00868683 -0.00823395 879.931
52 1568   -0.00866973 -0.00823331 878.018
52 1569   -0.00868461 -0.00826181 927.316
52 1570   -0.00867402 -0.00827479 792.763
52 1647   -0.0101745 0.00585451 690.837
52 1648   -0.0102678 0.00564554 690.375
end
