588
16 267   -0.0445907 -0.00282277 883.26
16 268   -0.0449757 0.00376163 882.56
16 269   -0.0499757 0.00838801 866.769
16 270   0.00191873 -0.023231 704.296
16 271   -0.0244388 0.0323835 815.326
16 272   -0.0395907 -0.00641537 890.023
16 273   -0.00595644 0.0291202 739.482
16 274   -0.0160905 0.0292457 817.612
16 275   -0.0398105 -0.0323595 712.092
16 276   -0.0360868 -0.0294167 782.609
16 277   -0.0209016 0.0293227 828.141
16 278   -0.0321634 -0.0320572 789.771
16 279   -0.0479038 -0.0222255 737.769
16 280   -0.0401967 0.0324243 708.572
16 281   -0.0261245 0.0223835 874.779
16 282   -0.0366895 0.0298708 767.232
16 283   -0.0291726 0.02983 822.842
16 284   -0.0297848 0.02483 874.146
16 285   -0.00165394 0.0291164 702.183
16 286   -0.0326237 0.0324465 782.92
16 287   -0.0435358 -0.0297854 698.322
16 288   -0.0144941 0.0242457 860.75
16 289   -0.0182535 0.0219392 865.394
16 290   -0.0219752 0.0243227 857.481
16 291   0.00534061 -0.0213814 700.771
16 292   -0.0498188 -0.0181329 783.325
16 293   -0.000458766 -0.0148255 723.068
16 294   -0.00650732 -0.0171925 929.381
16 295   -0.00606899 -0.0149509 920.768
16 296   -0.00380311 -0.0144362 868.218
16 297   -0.0050654 -0.0141263 910.061
16 298   -0.00706167 -0.0140887 942.674
16 299   0.00481128 0.0126146 930.57
16 300   -0.00668867 -0.0120587 964.462
16 301   -0.00706167 -0.0126438 965.317
16 302   -0.00533985 -0.0129304 929.509
16 303   -0.0045958 -0.0124582 912.357
16 304   -0.00597044 -0.01226 960.038
16 305   -0.00581778 -0.011478 967.366
16 306   -0.00696444 -0.0112371 877.051
16 307   0.00729654 0.0112627 855.677
16 308   -0.00667538 -0.01088 813.602
16 309   -0.00612293 -0.0109846 921.935
16 310   -0.00642487 -0.0108264 836.366
16 499   -0.0445038 -0.0231774 769.154
16 500   -0.0430663 -0.0258224 742.619
16 503   0.00732097 0.0102086 256.073
16 504   0.00744032 0.0101461 84.8377
16 534   -0.0473511 0.026017 701.253
16 535   -0.0511414 0.0240078 705.099
16 536   -0.0440974 0.02458 746.974
16 537   -0.0451705 0.0218509 782.32
16 540   0.00483576 0.0118172 953.951
16 557   -0.00997549 -0.0304775 763.22
16 558   -0.00732141 -0.0334925 720.154
16 559   -0.00861127 -0.0273324 787.936
16 560   -0.00574221 -0.0270723 752.312
16 561   -0.00166097 -0.0206106 771.567
16 562   -0.00508702 -0.018201 915.715
16 563   -0.0033864 -0.0162693 859.769
16 564   -0.00153846 -0.0169541 776.522
16 571   -0.0365626 0.026094 851.169
16 572   -0.033109 0.0236697 893.847
16 577   -0.0359001 -0.0254453 870.777
16 578   -0.0345395 -0.0210286 926.983
16 579   -0.0328853 -0.0230859 898.593
16 597   0.00707582 0.0109973 803.365
16 598   0.00716029 0.0107043 707.057
16 599   0.00692231 0.0105993 693.197
16 600   0.00726166 0.0103546 431.905
16 601   0.00738101 0.0105217 536.276
16 603   0.00696436 0.0103955 555.711
16 604   0.00708299 0.0103333 481.338
16 638   -0.0114618 0.0234598 877.346
16 639   -0.00793346 0.0252735 838.049
16 642   -0.0242368 -0.0325 813.363
16 643   -0.0287783 -0.0295572 826.353
16 644   -0.0296869 -0.0245572 876.821
16 645   -0.0263321 -0.0225 874.909
16 646   -0.0209116 -0.0297425 823.993
16 647   -0.0220983 -0.0247425 855.028
16 648   -0.0136443 -0.0292275 801.744
16 649   -0.0161578 -0.0322425 794.879
16 650   -0.0143084 -0.0242275 864.512
16 652   -0.0164553 -0.0222425 868.358
16 653   -0.0195617 -0.0222425 863.434
16 668   -0.00315872 0.0128498 705.152
16 674   -0.0047127 -0.0117939 929.171
16 675   -0.00530408 -0.0114841 959.623
16 701   -0.0495907 -0.00567467 875.897
16 704   -0.0483642 -0.0155011 828.151
16 705   -0.0481361 -0.00983798 869.038
16 706   -0.0510454 -0.0115982 849.026
16 707   -0.0453409 -0.0121702 874.275
16 708   -0.045569 -0.0153116 861.318
16 709   -0.0417955 -0.0115995 890.85
16 710   -0.0397048 -0.0133597 899.962
16 711   -0.0386594 -0.0173573 931.877
16 712   -0.0408642 -0.0155011 903.407
16 713   -0.043183 -0.0168823 886.934
16 726   -0.0486171 0.0140255 836.931
16 727   -0.0511414 0.0177626 779.844
16 728   -0.0470656 0.0198054 783.424
16 729   -0.0497828 0.0205253 746.259
16 730   -0.042355 0.0131978 891.909
16 731   -0.0458035 0.016896 844.659
16 732   -0.0459964 0.0138787 860.139
16 733   -0.0386414 0.0173476 931.759
16 734   -0.0433035 0.016896 885.665
16 735   -0.0410207 0.0155342 902.794
16 753   0.00365684 0.023396 710.273
16 754   -5.31731e-05 0.024942 716.431
16 755   -0.00178019 0.0223136 776.4
16 756   -0.000217122 0.0198485 781.487
16 757   0.00642653 0.0187094 781.971
16 758   0.00442982 0.0209014 738.362
16 759   0.00228288 0.0199824 760.82
16 760   0.0054138 0.0173208 821.556
16 761   0.00326685 0.0180358 793.499
16 762   0.00601128 0.0158045 872.946
16 763   0.0050593 0.015121 882.707
16 765   0.00702401 0.0150705 895.127
16 897   -0.00690881 0.0111431 840.94
16 898   -0.00572642 0.0117626 758.024
16 899   -0.00499991 0.0129567 744.239
16 900   -0.00618229 0.0140038 801.066
16 901   -0.00745739 -0.0102143 180.389
16 905   0.00690881 -0.010649 867.071
16 906   0.00690881 -0.0113276 834.182
16 914   -0.0370594 -0.0220614 944.513
16 915   -0.0379407 -0.0244209 883.866
16 916   -0.0403679 -0.0244293 847.393
16 917   -0.0372996 0.0223647 937.17
16 918   -0.0409713 0.0246255 824.8
16 919   -0.0385093 0.024789 868.463
16 949   -0.0400852 0.0190513 933.272
16 950   -0.042368 0.0187464 894.969
16 951   -0.0429729 0.0207919 866.057
16 952   -0.0394591 0.0211785 935.662
16 953   -0.0412054 0.0222382 888.751
16 954   -0.042358 -0.0187689 894.926
16 955   -0.0427986 -0.020782 871.711
16 956   -0.0400392 -0.0190544 933.911
16 957   -0.0408663 -0.0221003 896.546
16 958   -0.0392662 -0.0210633 939.774
16 959   -0.00542848 0.0205811 913.954
16 960   -0.00413849 0.0223948 840.826
16 961   -0.00742949 0.0220601 924.88
16 962   -0.0061395 0.0238738 854.906
16 967   -0.00498924 -0.0244422 802.48
16 968   -0.00529064 -0.020491 923.774
16 969   -0.00371252 -0.0222158 828.172
16 1034   -0.0510379 0.0324967 670.878
16 1037   -0.0472477 0.029921 683.253
16 1038   -0.0443235 0.0324243 686.21
16 1040   0.000999418 -0.0141503 708.252
16 1060   -0.0461892 -0.0324259 678.79
16 1104   -0.00123858 -0.012997 708.503
16 1108   -0.00211699 -0.0128545 724.212
16 1109   -0.0031742 -0.0132212 800.443
16 1110   -0.00369244 -0.0124391 829.492
16 1117   0.00573245 0.0111367 962.92
16 1118   0.00546838 0.0116964 965.813
16 1119   0.00535012 0.0113371 968.646
16 1120   0.00547849 0.0131636 926.781
16 1121   0.00555685 0.014077 907.019
16 1122   0.00650883 0.014272 909.012
16 1123   0.00698483 0.0136368 927.205
16 1124   0.00615329 0.012731 950.471
16 1125   0.00670765 0.0130092 946.93
16 1126   0.00722282 0.0124036 965.9
16 1127   0.00701936 0.0118838 963.242
16 1128   0.00601697 0.0118014 969.021
16 1129   0.00664046 0.011912 967.612
16 1130   0.00628956 0.0121535 966.601
16 1131   0.00617301 0.0114946 964.278
16 1132   0.00651931 0.0114661 947.471
16 1133   0.00600674 0.0111892 950.327
16 1134   0.00613877 0.0109094 893.529
16 1135   0.0066775 0.0111726 882.08
16 1136   0.00646323 0.0109212 848
16 1138   0.00653369 0.0106881 784.978
16 1139   0.00671344 0.0105939 732.486
16 1172   0.00225968 -0.0275983 686.379
16 1173   0.00568157 -0.0308735 672.123
16 1174   -0.00291921 -0.032117 695.731
16 1175   -0.00270422 -0.0288418 703.591
16 1178   0.00386313 -0.0336245 672.294
16 1179   0.000226265 -0.0336245 681.616
16 1183   0.000257343 0.0323027 685.16
16 1212   0.00426092 -0.0177729 717.471
16 1213   0.00241972 -0.0152908 716.934
16 1214   0.00339673 -0.0133198 711.928
16 1215   0.00464673 -0.0135817 734.262
16 1216   0.00513523 -0.0119176 757.238
16 1217   0.00631762 -0.0119766 788.696
16 1219   0.00642031 -0.0174652 717.459
16 1222   0.00528927 -0.0146276 733.817
16 1223   0.00588046 -0.0159221 726.779
16 1224   0.00696015 -0.0153054 736.563
16 1225   0.00661321 -0.0128396 777.324
16 1226   0.00607336 -0.0138265 750.072
16 1227   0.00666456 -0.0141953 750
16 1229   0.0072044 -0.0128691 783.835
16 1230   0.0072044 -0.0135477 766.314
16 1257   0.00234626 0.0165985 811.399
16 1258   0.00302018 0.0154104 838.351
16 1259   0.00406226 0.0149896 870.381
16 1260   0.00374729 0.0138339 885.143
16 1261   0.00403793 0.0129596 905.26
16 1262   0.00347812 0.0123491 887.858
16 1276   -0.0399757 0.00640501 889.395
16 1277   -0.0399757 0.0110314 895.269
16 1278   -0.00725114 -0.0106032 642.263
16 1279   -0.0071559 -0.0102763 401.821
16 1280   -0.00737109 -0.0103555 369.903
16 1281   -0.00728587 -0.0102082 292.164
16 1282   -0.0068808 -0.0106017 715.2
16 1283   -0.00707355 -0.0104119 531.986
16 1284   -0.00708356 -0.0105915 662.654
16 1286   -0.00681254 -0.0104526 649.14
16 1287   -0.00692902 -0.0103916 566.598
16 1343   -0.00536021 0.0186781 901.874
16 1344   -0.00678674 0.0173371 892.735
16 1345   -0.00546903 0.0155076 816.957
16 1346   -0.0100302 -0.0209925 915.629
16 1347   -0.0113211 -0.0229775 888.142
16 1348   -0.00929284 -0.0248324 861.821
16 1349   -0.00735642 -0.0218549 932.431
16 1350   -0.00721283 -0.0237098 883.92
16 1352   0.00565354 0.0252042 693.631
16 1353   0.00570127 0.0326338 670.799
16 1354   0.00385481 0.0299365 678.569
16 1378   -0.0505849 -0.0250534 698.981
16 1379   -0.0491197 -0.0299684 678.42
16 1380   -0.0510348 -0.0325425 670.767
16 1391   -0.00113504 0.0177824 797.774
16 1392   0.000444364 0.016479 792.728
16 1393   -0.00338365 0.0159339 785.006
16 1394   -0.00327483 0.0174377 818.833
16 1395   -0.00237782 0.0136399 719.046
16 1396   -0.00213363 0.0150064 750.739
16 1397   -0.000966726 0.0150594 757.953
16 1398   7.5919e-05 0.015354 780.618
16 1399   -0.00146388 0.0132576 713.349
16 1400   -0.000820463 0.0140881 738.319
16 1403   -0.000597761 0.0127347 706.075
16 1404   -0.00125657 0.0126278 703.52
16 1421   -0.00733743 -0.0111289 822.998
16 1422   -0.00733743 -0.0108123 742.154
16 1426   -0.0114321 0.0211533 897.406
16 1427   -0.00919368 0.0211533 921.253
16 1459   -0.00846254 0.0323066 742.054
16 1460   -0.0136998 0.0323066 785.341
16 1494   -0.0356624 0.0212232 940.795
16 1495   -0.0334185 0.0212232 911.557
16 1544   0.000743505 0.0145298 784.031
16 1545   -3.07832e-05 0.0139472 753.248
16 1546   -1.53916e-05 0.0132236 740.007
16 1547   0.00304216 0.0136606 866.697
16 1548   0.0030034 0.0128397 866.213
16 1549   0.00248991 0.0125095 829.892
16 1550   0.0023758 0.0143081 836.305
16 1551   0.00160179 0.014083 807.243
16 1553   0.000582369 0.012882 764.56
16 1556   0.0018311 0.0126164 804.528
16 1557   0.00142526 0.0131587 795.11
52 311   -0.00436779 -0.00122263 724.867
52 312   -0.000420382 0.00548608 722.601
52 313   0.00522291 0.00237733 727.745
52 314   0.00150539 0.00441344 728.739
52 315   -0.00242043 0.00427231 722.059
52 316   -0.0023981 -0.00231911 729.134
52 317   -0.000543396 0.00106635 724.458
52 318   0.0032526 0.00113177 724.7
52 319   0.00137113 0.00219704 726.601
52 320   -0.000540244 -0.00109951 725.199
52 321   -0.00612998 -0.00229098 726.315
52 322   -0.00240918 0.00206898 722.179
52 323   -0.00437572 0.000999608 718.513
52 324   0.00320265 -0.000999519 720.467
52 325   0.00701373 -0.00118849 705.622
52 326   0.00132433 -0.0021001 723.186
52 327   0.00131353 -0.00422664 722.642
52 328   0.00498134 -0.00202248 714.566
52 329   -0.00956976 -0.00242868 706.154
52 330   -0.00223656 -0.00438621 733.177
52 331   0.00307967 -0.00510436 722.102
52 332   -0.0060881 0.00209059 711.061
52 333   0.00513014 0.00438518 749.513
52 334   -0.000389509 -0.00529313 724.282
52 335   0.00486917 -0.00400079 718.099
52 336   0.00329409 0.00535602 743.461
52 337   -0.00787924 -0.00124403 710.384
52 338   -0.0109845 -0.00116986 697.932
52 339   -0.00481702 0.00654584 729.048
52 340   -0.00606938 -0.00434417 752.625
52 341   -0.00419964 0.00492079 722.332
52 342   0.00641969 0.00557999 782.402
52 343   0.00834827 -0.00236271 697.301
52 344   -0.00590077 0.00380845 715.279
52 345   -0.00749826 -0.00513298 763.4
52 346   -0.00347992 -0.00543004 746.665
52 347   -0.00821808 0.0003598 703.373
52 348   -0.0075876 0.00158614 703.785
52 349   0.00354678 0.00692396 753.56
52 350   -0.00489581 -0.00537323 770.207
52 351   -0.00731888 0.0045424 715.765
52 352   -0.0106217 0.000586253 692.507
52 353   0.010495 -0.00185511 689.174
52 354   0.00964662 -0.00237463 689.591
52 355   -0.00736711 -0.00663372 821.559
52 356   0.01097 -0.000995165 688.918
52 357   -0.00322905 -0.00689969 745.8
52 358   -0.00954582 0.000931265 696.074
52 359   -0.00869027 0.00258191 695.908
52 360   -0.0112823 0.00172878 690.3
52 361   0.00593266 0.00692803 837.921
52 362   0.0048958 0.00730115 817.82
52 363   -0.00519479 -0.00672299 810.082
52 364   -0.00848635 0.00418726 698.251
52 365   -0.00817858 -0.00729083 832.779
52 366   -0.00428317 -0.00736467 786.908
52 367   -0.00888433 0.00345205 692.259
52 368   -0.00895021 -0.00706384 767.556
52 369   -0.00962059 0.00210529 692.507
52 370   0.00915516 -0.00451623 686.563
52 371   -0.00586964 -0.00721393 854.473
52 372   -0.00660809 -0.00725094 868.244
52 373   0.00665737 0.00766405 888.171
52 374   0.00506411 0.0082015 864.901
52 375   -0.00447122 -0.00812516 814.693
52 376   0.00451385 0.00863372 832.625
52 377   -0.0102737 0.00259646 688.563
52 378   -0.00795377 -0.00824608 898.811
52 379   0.00993894 -0.00351902 683.414
52 380   -0.00573968 -0.00811017 894.011
52 381   -0.00525288 -0.00837972 886.12
52 382   -0.00919246 0.00474822 684.487
52 383   -0.00413642 -0.00860073 791.384
52 384   0.0112336 -0.00267253 686.333
52 385   -0.0097825 0.00371402 683.758
52 386   0.0096853 -0.00410881 681.512
52 387   -0.0108595 0.00256496 688.597
52 388   -0.00676445 -0.00810151 907.562
52 389   0.00637724 0.00828067 911.849
52 390   0.00582085 0.00844498 907.109
52 391   -0.00533471 -0.00898267 907.874
52 392   -0.00625781 -0.00843895 917.788
52 393   -0.00748298 -0.00848202 924.646
52 394   -0.00709602 -0.0084165 925.61
52 395   -0.0102032 0.00351501 683.254
52 396   -0.0103468 0.00318869 685.411
52 397   -0.011169 0.00319882 686.856
52 398   0.0111102 -0.00325012 683.923
52 399   0.00594516 0.008941 934.22
52 400   0.0104362 -0.00371924 679.716
52 401   0.0101134 -0.00450539 675.677
52 402   0.00676989 0.00866484 941.514
52 403   0.00577554 0.00923232 940.871
52 404   -0.00970829 0.00447469 679.551
52 405   -0.0108813 0.00339825 684.584
52 406   0.0109575 -0.00354417 681.777
52 407   -0.00990035 0.0041757 679.815
52 408   0.0107298 -0.00368632 679.901
52 409   -0.0074865 -0.00899685 960.457
52 410   0.0103906 -0.00424543 675.422
52 411   -0.00696551 -0.00889532 959.345
52 412   0.00663918 0.0089917 961.885
52 413   0.00637083 0.00910353 961.867
52 414   -0.0109351 0.0037189 682.491
52 415   -0.0105935 0.00382362 680.164
52 416   0.0069339 0.00924149 961.818
52 417   -0.0100606 0.00465102 675.317
52 418   0.00609851 0.00956474 968.075
52 419   0.0106308 -0.00441733 672.641
52 420   -0.00718935 -0.00911838 967.991
52 421   -0.0106475 0.0040679 677.653
52 422   -0.0102767 0.00425999 676.433
52 423   -0.0111431 0.00389402 682.824
52 424   0.00687153 0.00944823 905.79
52 425   -0.010511 0.00421052 675.944
52 426   -0.00677106 -0.00938156 943.042
52 427   0.00633068 0.00953635 955.635
52 428   -0.00714573 -0.00937924 934.013
52 429   0.00643339 0.00936646 967.784
52 430   -0.0103136 0.00448897 674.31
52 431   0.0111823 -0.00385611 680.832
52 432   0.0107912 -0.0042714 673.924
52 433   0.0108446 -0.00406658 676.649
52 434   -0.00697284 -0.00945199 896.272
52 435   -0.0105418 0.00453503 672.506
52 436   -0.0106642 0.00440396 673.336
52 437   0.00663936 0.00946137 926.84
52 438   0.00697359 0.00960178 810.398
52 439   -0.00667704 -0.00953688 877.695
52 440   -0.0108931 0.00414586 677.803
52 441   -0.0110471 0.0040767 680.612
52 442   0.00647931 0.00967716 867.305
52 443   0.011142 -0.00404443 679.477
52 444   0.00662556 0.00961136 846.532
52 445   0.0109861 -0.00411449 677.099
52 446   0.0110824 -0.00411023 678.394
52 447   -0.0108059 0.00441192 673.049
52 448   -0.00697691 -0.00961351 803.734
52 449   -0.0111485 0.00417943 681.795
52 450   0.00649949 0.0097827 798.415
52 451   0.00683027 0.0096897 746.001
52 452   -0.010925 0.00427336 676.392
52 453   0.00671441 0.00968615 769.768
52 454   -0.00678293 -0.00965475 780.644
52 455   -0.00688103 -0.00966095 770.772
52 456   0.0109983 -0.00426245 675.619
52 457   0.0110848 -0.00430393 677.19
52 458   -0.010882 0.00434031 674.655
52 459   0.0111421 -0.0042515 678.718
52 460   -0.0111039 0.00427218 680.83
52 461   0.00685252 0.00977409 581.425
52 462   -0.0110344 0.00429695 678.239
52 463   -0.00688747 -0.00974896 662.556
52 464   0.00668282 0.00976722 681.52
52 465   -0.00675518 -0.00973861 694.42
52 466   0.00661416 0.00979797 701.076
52 467   -0.00681677 -0.00978007 559.947
52 468   0.0111041 -0.00436989 677.918
52 469   0.00673543 0.0098107 482.207
52 470   0.00678927 0.00981402 416.692
52 471   0.0110695 -0.00440944 674.939
52 472   -0.0111504 0.00432232 683.079
52 473   0.00663577 0.00985166 530.805
52 474   0.00672025 0.0098578 296.204
52 475   -0.0111319 0.0043664 683.823
52 476   0.00668926 0.00986801 308.074
52 477   0.00679867 0.00985517 200.336
52 478   0.0111469 -0.00438537 681.872
52 479   0.0067465 0.00988561 46.0618
52 480   -0.011152 0.00438904 687.745
52 481   0.0111462 -0.00443899 906.162
52 505   0.00753654 0.000355305 706.398
52 506   0.00687415 0.00180476 716.393
52 507   0.00828086 0.00299781 716.284
52 508   0.00755133 0.00530791 764.13
52 509   0.00828701 0.00422245 730.183
52 510   0.00882873 0.0074793 795.541
52 511   0.00793908 0.00638766 796.163
52 512   0.00877558 0.00646187 760.175
52 513   0.00730349 0.0076099 883.184
52 514   0.00776082 0.00718163 844.186
52 515   0.00818182 0.00765633 856.12
52 516   0.00749445 0.00807993 903.316
52 517   0.00795452 0.00808925 893.375
52 518   0.00711769 0.0086371 940.977
52 519   0.00737253 0.00841756 921.321
52 521   0.00719821 0.00923865 963.705
52 522   0.00725128 0.00896111 962.587
52 523   0.00748957 0.0089839 960.997
52 573   0.00537949 0.00925368 917.217
52 574   0.00482243 0.00908337 885.405
52 589   -0.00642503 0.00656194 750.869
52 590   -0.00722577 0.00567085 735.757
52 616   -0.00580865 -0.0094814 953.508
52 617   -0.0057245 -0.00918133 934.841
52 618   -0.00603868 -0.00900502 943.625
52 619   -0.00628292 -0.00880931 940.268
52 620   -0.00659799 -0.0091836 968.411
52 621   -0.00665906 -0.00895068 959.834
52 622   -0.0060923 -0.00942155 965.831
52 623   -0.00635552 -0.00921087 966.211
52 624   -0.00617234 -0.00917366 958.936
52 625   -0.00628194 -0.00968529 940.258
52 626   -0.00620493 -0.00951518 969.431
52 627   -0.00634602 -0.00940235 969.022
52 628   -0.00641619 -0.00965539 904.625
52 629   -0.00655818 -0.00955691 898.622
52 630   -0.00643077 -0.00950388 952.106
52 631   -0.00650788 -0.00972945 820.527
52 632   -0.00657932 -0.00968739 811.809
52 633   -0.00670291 -0.00976114 677.355
52 634   -0.00663978 -0.00974487 751.225
52 635   -0.00667948 -0.00983537 486.683
52 636   -0.00671337 -0.00981075 519.013
52 637   -0.00669432 -0.00987186 300.136
52 669   -0.00056003 0.00715253 719.022
52 670   -0.00211338 0.00811425 718.642
52 671   -0.00166197 0.00919568 710.738
52 714   -0.000115342 -0.00693348 719.911
52 715   -0.00254802 -0.00741239 726.286
52 716   -0.00127638 -0.00745436 718.925
52 718   -0.00362699 -0.00882321 712.618
52 719   -0.0029768 -0.00842568 715.078
52 720   -0.00261078 -0.00892686 704.224
52 724   -0.00497642 -0.00914747 897.945
52 725   -0.00455979 -0.0090201 864.812
52 740   0.0104683 0.00415252 706.109
52 741   0.00949603 0.00589774 739.464
52 742   0.00939522 0.00473806 723.806
52 779   -0.00681353 -0.00982836 375.055
52 792   -0.00674531 -0.00983444 382.42
52 793   -0.00678063 -0.00984154 309.917
52 795   -0.00679112 -0.00986859 123.712
52 796   -0.00677531 -0.00988385 37.1305
52 799   -0.00675757 -0.00988055 61.7838
52 800   -0.00673805 -0.00985818 270.968
52 801   -0.00672095 -0.00987098 220.85
52 802   0.0111351 -0.00441225 684.419
52 804   0.00678005 0.00987312 90.5166
52 806   0.00676449 0.00988601 32.7263
52 807   0.00677346 0.00987947 59.2728
52 808   0.00676628 0.00990532 3.97779
52 809   0.00675969 0.00991167 2.91001
52 814   0.0110125 -0.00443903 672.194
52 815   0.0109607 -0.004358 673.39
52 816   0.0108951 -0.00441485 671.93
52 872   0.011127 -0.00443511 681.402
52 875   0.0111183 -0.00442558 679.6
52 876   0.0110956 -0.00443825 675.346
52 877   0.0033227 -0.00664938 724.662
52 878   0.00492764 -0.00716965 730.453
52 879   0.00237159 -0.00848272 720.096
52 880   0.00183072 -0.00741201 720.086
52 881   0.00483311 -0.00812307 731.344
52 882   0.00376903 -0.00867351 738.725
52 887   -0.00437625 0.00772529 729.513
52 888   -0.00331218 0.00827573 731.37
52 979   0.00806264 0.00843155 905.447
52 980   0.00770931 0.00854572 921.716
52 981   0.00769277 0.00878805 940.685
52 1041   0.000273365 -0.00930506 713.871
52 1042   0.00146332 -0.00916638 710.839
52 1050   -0.00202971 -0.00907235 703.969
52 1053   -0.00112409 -0.00861314 711.378
52 1054   -0.000612149 -0.00930166 713.081
52 1074   0.00066805 0.0077531 716.727
52 1075   0.00232332 0.00767301 722.183
52 1076   -0.000733609 0.00904668 711.969
52 1077   4.3065e-05 0.00856581 714.6
52 1078   0.000566258 0.0091412 714.373
52 1080   -0.000507906 0.00958739 710.545
52 1081   8.70734e-05 0.00965674 719.021
52 1089   0.0076095 -0.00554038 735.127
52 1090   0.00615545 -0.004575 718.158
52 1091   0.00821834 -0.00450365 708.003
52 1092   0.00760217 -0.00377091 704.239
52 1093   0.00565986 -0.00667166 735.164
52 1094   0.00595232 -0.00563696 728.068
52 1095   0.0067902 -0.00586961 737.088
52 1098   0.00669792 -0.00668153 754.928
52 1099   0.00629755 -0.00712708 761.268
52 1180   0.00381198 0.0088144 721.642
52 1181   0.00228053 0.00906517 702.39
52 1182   0.00283154 0.00855518 714.428
52 1253   -0.00958846 -0.00613835 743.4
52 1255   -0.00894798 -0.00486461 734.252
52 1256   -0.00993097 -0.00403523 712.128
52 1273   0.00111839 0.00935615 709.613
52 1274   0.00169946 0.00921066 704.456
52 1522   0.0109847 0.000142316 691.606
52 1523   0.00973413 0.000838094 698.673
52 1524   0.00977693 0.00224474 702.994
52 1525   0.0108561 0.00288384 698.491
52 1568   -0.00653263 -0.00980796 766.871
52 1569   -0.00663006 -0.00983775 590.302
52 1570   -0.00660082 -0.00979686 724.581
52 1588   -0.00673113 -0.00989158 82.205
52 1591   -0.00674952 -0.00989612 22.7852
52 1592   -0.00675905 -0.00990805 4.86216
52 1594   -0.0108367 0.00449617 671.735
52 1596   -0.0109104 0.00447361 672.117
52 1597   -0.0110353 0.00435971 677.312
52 1598   -0.0110281 0.00444687 674.267
52 1599   -0.0109693 0.00438311 674.864
52 1600   -0.0109669 0.00443217 673.555
52 1601   -0.0111032 0.00437924 681.336
52 1602   -0.0110695 0.00437881 678.511
52 1603   -0.0110646 0.00441692 677.063
52 1604   -0.0111041 0.00440619 681.539
52 1605   -0.0110999 0.00443972 678.876
52 1606   -0.0110876 0.00442466 678.49
52 1607   -0.011114 0.00442867 682.445
52 1608   -0.0111186 0.00441382 684.094
52 1609   -0.0111448 0.00441974 695.227
52 1610   -0.0111378 0.00440951 689.04
52 1626   0.0111462 -0.00441728 689.874
52 1629   0.0111478 -0.00443151 798.309
52 1630   0.0111427 -0.00442659 713.551
52 1700   -0.0111261 0.00443439 685.522
52 1703   -0.0111376 0.00442977 695.808
52 1704   -0.0111471 0.00443358 724.807
end
