889
16 322   -0.0449779 0.00318587 969.536
16 323   -0.045157 -0.00300332 969.543
16 324   -0.0477798 -0.0217978 932.498
16 325   -0.0411386 -0.00655286 969.268
16 326   -0.0435091 -0.0297249 880.643
16 327   -0.000112202 0.0239434 934.004
16 328   -0.0384817 -0.00727767 968.726
16 329   -0.00124381 -0.0213303 960.453
16 330   -0.00174729 0.0214912 965.68
16 331   -0.00080158 0.0187512 967.075
16 332   -0.000636615 -0.018774 963.522
16 333   0.00560246 -0.0178694 896.009
16 334   0.00364985 -0.0190782 908.269
16 335   0.0068466 -0.0222383 853.52
16 336   -0.00245908 -0.0172631 964.299
16 337   0.00226634 -0.0179356 926.567
16 338   -0.00587548 0.0153345 934.085
16 339   0.0068466 -0.0190014 890.011
16 340   0.000726948 -0.0178425 951.241
16 341   0.00525381 -0.0161561 892.625
16 342   0.00579936 -0.014881 867.793
16 343   -0.00207722 -0.0156893 965.056
16 344   0.00251486 -0.016121 925.142
16 345   0.00354973 -0.0155504 906.734
16 346   -0.000726852 0.0148121 969.465
16 347   0.00135833 -0.0152993 949.414
16 348   0.00346989 -0.0142677 900.166
16 349   0.00447537 -0.013808 849.442
16 350   0.00132605 -0.0142328 955.102
16 351   0.00270352 -0.0135963 916.509
16 352   -0.000821306 0.01366 967.855
16 353   0.00195832 -0.0136539 947.311
16 354   0.00283796 -0.0127291 905.216
16 355   0.000670957 -0.0137315 966.175
16 356   -0.00143119 0.0134806 968.457
16 357   0.00166194 -0.0129803 965.196
16 358   0.000916035 -0.0131068 968.528
16 359   -0.00135214 0.0129315 953.907
16 360   0.001823 -0.0125777 967.258
16 361   0.00127475 -0.0129345 969.052
16 362   0.00204611 -0.0124178 963.83
16 363   -0.000674653 0.0126076 961.982
16 364   -0.00114709 0.0126467 923.086
16 365   -0.00166579 0.0128317 957.043
16 366   -0.000925005 0.0125669 936.866
16 367   0.00100076 -0.0124787 949.622
16 368   -0.0016297 0.0125195 906.488
16 369   0.00125069 -0.0125619 951.809
16 370   -0.00144537 0.0123813 836.85
16 371   -0.0012764 0.0124087 855.542
16 390   -0.0069872 0.0148208 920.289
16 391   -0.0069872 0.013393 890.176
16 392   -0.0443252 -0.0225629 956.121
16 393   -0.0429849 -0.0255762 945.38
16 405   -0.00995755 -0.0304161 950.435
16 406   -0.00730875 -0.033472 915.197
16 407   -0.00857575 -0.0271356 963.001
16 408   -0.00568457 -0.0266864 956.595
16 413   -0.0511393 0.023991 883.512
16 414   -0.0451427 0.0217716 958.854
16 425   -0.0073178 0.0334779 920.232
16 426   -0.00999847 0.0304338 952.578
16 427   -0.00291374 0.0307639 891.958
16 428   -0.00295059 0.0273217 925.336
16 429   -0.00612714 0.0267926 959.075
16 430   -0.00877096 0.0271907 963.566
16 431   -0.0410053 0.0310468 902.914
16 432   -0.0391944 0.0336823 906.223
16 433   -0.0387125 0.0282581 954.048
16 435   -0.03265 -0.0236768 967.066
16 439   0.00163821 -0.0123579 939.756
16 440   0.00154804 -0.0123725 917.152
16 452   -0.00394856 0.0221705 965.442
16 453   -0.00549003 0.0240936 966.711
16 456   -0.00348657 -0.0220469 962.844
16 457   -0.00492242 -0.0239618 965.938
16 466   -0.0473562 0.013037 968.72
16 467   -0.0423562 0.013037 967.554
16 468   -0.0432963 0.0167981 967.263
16 469   -0.0410176 0.0154604 960.574
16 511   -0.050157 -0.00544882 969.67
16 514   -0.0489854 -0.00941734 969.534
16 515   -0.0513285 -0.0114736 968.374
16 516   -0.0435749 -0.0109742 969.407
16 517   -0.0464217 -0.0113932 969.586
16 518   -0.042136 -0.0127692 968.428
16 519   -0.0433699 -0.0152277 968.876
16 520   -0.0396998 -0.0119603 966.863
16 521   -0.0387181 -0.0134074 962.517
16 522   -0.00583242 0.0167206 962.291
16 523   -0.00545103 0.012964 836.693
16 524   -0.0064352 0.0127457 853.644
16 526   -0.00547002 0.0115549 722.547
16 528   0.000336031 -0.0128022 964.83
16 529   0.000789208 -0.0126319 969.148
16 530   0.000680427 -0.0128874 969.215
16 532   0.000569612 -0.0125265 969.09
16 533   0.000320011 -0.012567 959.087
16 558   -0.0405623 -0.0310369 907.456
16 559   -0.0390467 -0.033679 906.866
16 564   -0.0242338 -0.0325 965.587
16 565   -0.0294051 -0.0249512 969.475
16 566   -0.0259579 -0.0225 969.537
16 567   -0.0209043 -0.029722 966.536
16 568   -0.0220908 -0.024722 968.833
16 569   -0.0136277 -0.0291661 962.389
16 570   -0.0161489 -0.032222 961.351
16 571   -0.0142706 -0.0241661 969.392
16 572   -0.0164139 -0.022222 969.548
16 573   -0.0195427 -0.022222 969.253
16 575   0.00145548 -0.0123875 902.377
16 576   0.00136054 -0.0124029 902.018
16 655   0.0068014 -0.0143229 856.168
16 696   -0.0403025 -0.0242477 962.793
16 699   -0.0411459 0.0249969 967.436
16 700   -0.0391981 0.0261903 967.45
16 703   0.00643383 0.0232853 891.19
16 704   0.00248887 0.0236119 914.11
16 705   0.00462122 0.0258653 843.831
16 706   0.00536765 0.0208351 933.112
16 707   0.0032353 0.0212287 936.725
16 708   0.000828132 0.0181119 966.601
16 709   0.0024835 0.0191968 959.57
16 710   0.000209761 0.0152771 969.196
16 711   0.00206582 0.0160372 969.175
16 712   0.000847902 0.0165658 969.405
16 713   0.00190394 0.0149403 963.836
16 714   0.000951431 0.0145567 964.136
16 716   0.00674819 0.0143004 929.817
16 717   0.00275784 0.0128689 884.234
16 718   0.00286038 0.0138032 931.387
16 719   0.00222351 0.0141129 944.942
16 722   -0.0046702 0.0206542 931.329
16 723   -0.00688754 -0.0145347 882.381
16 724   -0.00451049 -0.0145166 919.2
16 725   -0.00283533 -0.0148894 951.537
16 726   -0.0036646 -0.0145765 934.436
16 727   -0.00145451 -0.0140156 964.456
16 728   -0.00251326 -0.01389 945.818
16 729   -0.00222366 -0.0143635 956.747
16 730   -0.00201197 -0.0135254 947.001
16 731   -0.00147626 -0.0135588 959.5
16 732   -0.00134559 -0.0126433 935.776
16 733   -0.00108126 -0.0130212 959.715
16 734   -0.0023772 -0.0126969 899.153
16 735   -0.00202108 -0.0131164 933.79
16 736   -0.0017497 -0.012772 923.428
16 737   -0.001926 -0.0123817 876.104
16 738   -0.00228565 -0.0123233 845.362
16 741   -0.04235 0.0186832 958.55
16 742   -0.0429353 0.0206988 965.429
16 743   -0.00282686 -0.0127481 908.684
16 744   -0.00297203 -0.0135322 932.447
16 745   -0.00351169 -0.0136928 927.867
16 746   -0.0031257 -0.0123111 917.644
16 747   0.00714528 0.0121553 802.174
16 748   0.00639348 0.0129666 862.792
16 749   0.0059629 0.0112977 762.834
16 750   0.00554462 0.0128815 872.559
16 751   0.00289351 0.0165797 969.349
16 752   0.00333095 0.0181933 964.406
16 753   0.00685755 0.0177857 965.081
16 754   0.00450648 0.0183999 962.125
16 755   0.00579138 0.0190098 955.511
16 756   0.00610574 0.0155364 963.739
16 757   0.00493021 0.0173844 967.801
16 758   0.00621511 0.0169671 968.897
16 759   0.00449963 0.0165717 969.563
16 760   0.00363846 0.0159736 968.658
16 761   0.00503271 0.015446 963.709
16 762   0.00352567 0.0142067 943.809
16 763   0.00454745 0.0146884 952.45
16 764   0.00379564 0.0150073 960.432
16 765   0.00485193 0.0134156 912.117
16 766   0.00398188 0.0137965 931.272
16 767   0.00457308 0.0139791 933.989
16 768   0.00401367 0.0133437 918.032
16 769   0.00450781 0.0131223 907.642
16 770   0.00328816 0.0126796 902.048
16 771   0.00379838 0.0130017 912.223
16 772   0.00323689 0.0122125 912.214
16 773   0.00366066 0.0121437 955.128
16 777   -0.0423687 -0.0198683 955.498
16 778   -0.0420414 -0.0170891 960.496
16 780   -0.0112838 -0.0229161 965.867
16 781   -0.0092592 -0.0246356 966.539
16 782   -0.00387579 -0.0176362 938.873
16 783   -0.00670024 -0.0181303 841.167
16 784   -0.00486285 -0.0159102 919.825
16 785   -0.00608777 -0.016209 899.613
16 786   -0.0113265 0.0229338 966.796
16 787   -0.00945576 0.0246907 967.727
16 791   -0.032941 0.0230869 964.199
16 792   -0.0348514 0.0252982 966.827
16 798   8.74499e-05 -0.0163859 963.053
16 799   0.000470302 -0.0156573 961.094
16 800   -0.000894248 -0.0157437 969.347
16 801   -0.00100075 -0.014242 968.949
16 802   -0.000820359 -0.0150255 969.489
16 803   -0.000202435 -0.0150046 968.049
16 804   0.000153548 -0.0139253 968.047
16 805   -0.000568733 -0.0140115 969.617
16 806   -0.000196917 -0.0144307 968.797
16 807   7.49818e-05 -0.0129678 967.268
16 808   -0.000424927 -0.0135439 969.599
16 809   -1.16084e-05 -0.0134681 968.994
16 810   -0.000232965 -0.0128575 968.791
16 811   -0.000505463 -0.0131482 969.394
16 812   -0.000708037 -0.0128518 966.528
16 814   -0.000301333 -0.0125829 968.974
16 815   -0.000569746 -0.0125393 967.009
16 820   -0.0329606 -0.0212256 953.723
16 827   -0.0510348 0.0324944 679.729
16 834   -0.0461687 -0.032367 735.335
16 836   -0.00622659 -0.0132745 861.444
16 837   -0.00716953 -0.0121446 796.935
16 838   -0.00650858 -0.0125511 828.64
16 839   -0.00693305 -0.0115405 770.199
16 840   -0.0064601 -0.011303 762.614
16 842   -0.00643585 -0.0108002 727.08
16 843   -0.00667233 -0.0106763 735.615
16 844   0.00690881 0.0115406 769.201
16 845   0.00643585 0.0112961 758.568
16 847   0.00643585 0.0108037 719.757
16 848   0.00667233 0.0106798 728.748
16 861   -0.0242331 0.0325 965.892
16 862   -0.026327 0.0225 969.548
16 863   -0.0297222 0.024558 969.4
16 864   -0.0221024 0.0247279 968.881
16 865   -0.0209175 0.0297279 966.808
16 866   -0.0143129 0.0241838 969.407
16 867   -0.0161615 0.0322279 962.25
16 868   -0.0136696 0.0291838 963.14
16 870   -0.0195536 0.0222279 969.255
16 871   -0.0164257 0.0222279 969.545
16 898   0.000241798 0.032286 774.417
16 900   0.0056848 0.032353 681.478
16 901   0.00387219 0.029639 732.497
16 927   0.00655951 -0.0116629 800.962
16 928   0.0071507 -0.0124309 838.185
16 929   0.0064521 -0.0129819 822.334
16 930   0.00508153 -0.0116291 717.344
16 931   0.00580721 -0.012604 786.945
16 932   0.00591461 -0.0118239 763.978
16 933   0.00453693 -0.0130268 794.589
16 934   0.00521601 -0.0126444 766.282
16 935   0.00473223 -0.012174 725.188
16 936   0.00335318 -0.0126156 853.877
16 937   0.00398234 -0.0127879 796.44
16 938   0.00412394 -0.0123251 735.172
16 940   0.00368842 -0.0121214 738.197
16 941   0.00330115 -0.0121842 806.732
16 967   -0.00290718 -0.0320015 855.706
16 968   -0.0026648 -0.0284964 898.125
16 970   0.000233777 -0.0335295 738.019
16 971   0.00386689 -0.0335295 684.85
16 1001   -0.006948 0.0118514 844.973
16 1002   -0.00635681 0.0114472 784.547
16 1004   -0.0072044 0.0105118 873.852
16 1005   -0.00661321 0.0108216 792.125
16 1031   -0.0505643 -0.0249961 861.315
16 1032   -0.0490991 -0.02991 725.658
16 1033   -0.0510348 -0.0325431 679.15
16 1173   -0.0370669 0.0218362 812.166
16 1174   -0.041032 0.021835 923.158
16 1175   -0.0403507 0.0234396 948.167
16 1176   -0.0384029 0.024633 954.343
16 1177   -0.0368437 0.0240475 937.639
16 1178   -0.0386267 -0.0213938 721.901
16 1179   -0.0393526 -0.0200277 773.779
16 1180   -0.0401721 -0.0222451 901.8
16 1181   -0.040898 -0.020879 910.084
16 1192   0.00702705 0.0107402 722.231
16 1193   0.00726352 0.0111086 737.487
16 1198   -0.00661353 -0.0216072 762.965
16 1199   -0.00805912 -0.0218318 836.479
16 1200   -0.00644985 -0.0233267 930.664
16 1201   -0.00789544 -0.0235513 943.327
16 1202   -0.00815011 0.0218564 858.289
16 1203   -0.00813927 0.0236132 951.383
16 1204   -0.00681736 0.0234142 942.624
16 1205   -0.00589804 -0.0193412 803.915
16 1206   -0.00589317 -0.020777 750.68
16 1207   -0.00429851 -0.0191458 915.202
16 1208   -0.00429364 -0.0205816 911.505
16 1210   -0.00702705 -0.0107332 728.951
16 1211   -0.00726352 -0.0110946 740.515
16 1212   -0.00738176 -0.0103046 596.26
16 1213   -0.00714528 -0.0104285 716.695
16 1214   0.00738176 0.0103081 574.651
16 1215   0.00714528 0.010432 706.573
16 1234   0.0072044 -0.0106937 876.12
16 1235   0.00661321 -0.0110035 802.234
16 1269   0.0023801 0.0124547 823.203
16 1341   0.00453959 0.0126695 894.661
16 1342   0.0040393 0.0122494 914.364
16 1343   0.00412576 0.0126402 909.291
16 1344   0.00506552 0.011503 794.53
16 1345   0.00551728 0.0122135 832.327
16 1346   0.00565671 0.0116856 793.818
16 1347   0.00485638 0.0122949 861.136
16 1348   0.00475933 0.0118908 832.931
16 1351   0.00447433 0.0118127 835.776
16 1352   0.00423785 0.0119366 866.644
16 1353   -0.00380279 -0.0131563 920.796
16 1354   -0.00375741 -0.0122086 960.217
16 1355   -0.00356197 -0.0125587 935.974
16 1356   -0.00532006 -0.0133754 886.632
16 1357   -0.00482888 -0.0137349 904.905
16 1358   -0.00427408 -0.0132583 912.634
16 1359   -0.00501842 -0.0128771 884.564
16 1360   -0.00451211 -0.0129206 904.569
16 1361   -0.00515947 -0.0114991 804.637
16 1362   -0.00582339 -0.0122122 826.993
16 1363   -0.00563243 -0.0112513 772.25
16 1364   -0.00601139 -0.0115682 783.898
16 1365   -0.0049389 -0.011832 838.1
16 1366   -0.00422036 -0.0122595 917.068
16 1367   -0.00448864 -0.0125537 902.163
16 1368   -0.00499495 -0.0125101 874.848
16 1369   -0.00522386 -0.0122282 850.094
16 1372   -0.00432347 -0.0118817 888.153
16 1373   -0.00455994 -0.0117578 853.038
16 1376   -0.00655569 0.0204309 690.242
16 1377   -0.00588932 0.0212098 845.946
16 1378   -0.00716139 0.0212679 730.626
16 1379   -0.00649501 0.0220468 865.351
16 1395   -0.0374911 -0.0216513 771.307
16 1396   -0.0367095 -0.0228769 900.884
16 1397   -0.0358566 -0.0206128 843.147
16 1398   -0.035075 -0.0218384 919.645
16 1464   -0.00694414 0.0175166 968.826
16 1467   -0.00688888 0.0194457 817.284
16 1468   -0.00633302 0.0187497 931.281
16 1545   -0.00495508 0.0136203 892.978
16 1546   -0.00482753 0.0146296 921.809
16 1547   -0.00233722 0.0178726 968.615
16 1548   -0.00450041 0.0171332 966.487
16 1549   -0.00500101 0.0185665 961.365
16 1550   -0.00400456 0.0190962 966.056
16 1551   -0.00157564 0.0156195 968.075
16 1552   -0.00219443 0.0167518 967.492
16 1553   -0.00336118 0.0165421 964.171
16 1554   -0.00235472 0.0148977 963.598
16 1555   -0.00384096 0.0148077 942.196
16 1556   -0.00319381 0.0154172 958.206
16 1557   -0.00414479 0.0136354 907.891
16 1558   -0.00362958 0.0141326 934.181
16 1559   -0.00307929 0.0137915 945.32
16 1560   -0.00328746 0.0133761 930.683
16 1561   -0.00390153 0.0132125 903.551
16 1562   -0.00351162 0.012307 885.01
16 1563   -0.00404224 0.0125657 851.047
16 1564   -0.00305404 0.0129944 935.228
16 1565   -0.00313749 0.0125721 922.479
16 1566   -0.00184067 0.0137404 968.76
16 1567   -0.00227529 0.0141102 963.904
16 1568   -0.00262786 0.0137841 957.849
16 1569   -0.00192953 0.0130365 969.343
16 1570   -0.00202536 0.0133961 968.43
16 1571   -0.00236112 0.0134323 963.578
16 1572   -0.00215008 0.012869 969.136
16 1573   -0.0024222 0.0130654 963.528
16 1574   -0.00263181 0.0128724 956.489
16 1575   -0.00182453 0.0124562 924.807
16 1576   -0.00208117 0.0126008 967.988
16 1577   -0.00215183 0.0124212 966.713
16 1578   -0.00198038 0.0122627 934.633
16 1579   -0.00181 0.0122904 880.923
16 1596   -0.0356248 0.021029 876.556
16 1597   -0.0334912 0.021029 947.96
16 1602   -0.0386393 0.0165022 935.782
16 1605   -0.040641 0.0185133 921.693
16 1606   -0.039209 0.0176699 909.697
16 1607   -0.0380697 0.0186678 867.956
16 1608   -0.039877 0.0203183 838.365
16 1609   -0.038445 0.0203084 657.762
16 1611   0.00248844 -0.012346 922.261
16 1612   0.00228072 -0.0123797 944.724
16 1642   0.000939443 0.013819 952.639
16 1643   0.00160256 0.0136396 934.256
16 1644   0.000550124 0.0134067 949.008
16 1645   2.02103e-05 0.0126672 966.524
16 1646   -0.000141303 0.0132566 961.562
16 1647   -0.000295783 0.012833 965.111
16 1648   0.00167141 0.0123992 833.961
16 1649   0.00165367 0.0131199 902.701
16 1650   0.0020575 0.0126775 857.069
16 1651   0.00201518 0.0123434 814.125
16 1652   0.00105871 0.0125166 870.29
16 1653   0.00135214 0.0130163 902.331
16 1654   0.0014122 0.0126297 866.974
16 1655   0.00104904 0.0130924 918.941
16 1656   0.000774385 0.013155 933.114
16 1657   0.00089135 0.0127412 898.584
16 1658   0.000305092 0.0127601 935.675
16 1659   0.00057323 0.012914 927.809
16 1660   0.000660165 0.0126935 905.679
16 1662   0.0005009 0.0125219 897.836
16 1663   0.000283153 0.0125572 918.732
16 1671   0.000461293 -0.0233027 920.483
16 1672   0.00398808 -0.0273654 760.918
16 1673   0.000597347 -0.0268013 870.706
16 1674   0.00319862 -0.0218235 900.248
16 1675   0.00515123 -0.0238516 839.462
16 1676   -0.00232962 0.0123082 968.71
16 1677   -0.00277145 0.0122547 944.083
16 1678   -0.0025728 0.0124732 959.16
16 1737   -0.0109454 0.0209779 953.773
16 1738   -0.0090855 0.0209779 878.784
16 1748   -0.0492246 0.0260067 854.58
16 1749   -0.0491201 0.0299239 726.411
16 1750   -0.0434805 0.0258118 938.305
16 1751   -0.0459493 0.02453 923.914
16 1752   -0.0461897 0.0324295 735.137
16 1753   -0.0438255 0.029794 875.075
16 1781   -0.0314874 0.033529 958.734
16 1782   -0.0281004 0.031029 965.669
16 1783   -0.029526 0.0280869 967.989
16 1784   -0.0347951 0.0322113 949.137
16 1785   -0.0333301 0.0277982 968.011
16 1786   -0.0352122 0.0294225 959.55
16 1791   -0.0499779 0.00574037 969.669
16 1792   -0.0499779 0.0107437 969.034
16 1833   -0.0109324 -0.020972 950.731
16 1834   -0.00907144 -0.020972 869.042
16 1841   -0.0386078 -0.018839 824.36
16 1843   -0.0398259 -0.0169111 931.338
16 1844   -0.0387181 -0.0155721 947.432
16 1849   0.00568344 -0.032059 679.469
16 1850   0.00568344 -0.029118 702.116
16 1866   -0.00502835 0.0124112 775.192
16 1867   -0.00512573 0.0119436 730.199
16 1868   -0.00439797 0.0122502 759.215
16 1871   -0.00434755 0.01186 705.553
16 1872   -0.00464315 0.0117051 703.121
16 1883   -0.0511393 0.0177494 951.296
16 1884   -0.0457963 0.0167981 968.444
16 1885   -0.0485176 0.0154604 965.758
16 1886   -0.0497787 0.0204988 933.335
16 1887   -0.0470574 0.0197559 955.276
16 1946   -0.0511078 -0.0172584 953.133
16 1947   -0.0483233 -0.0182698 957.065
16 1948   -0.0499362 -0.0144776 965.239
16 1949   -0.0473725 -0.0139551 968.472
16 1950   -0.0457595 -0.0159946 968.926
16 1960   -0.0399779 0.00566115 969.191
16 1961   -0.0399779 0.0107173 967.804
16 1962   -0.0315139 -0.0337256 958.003
16 1963   -0.0296072 -0.0286768 967.18
16 1964   -0.0281277 -0.0312256 965.257
16 1965   -0.0346741 -0.0324046 948.445
16 1966   -0.0337512 -0.0298558 960.727
16 2096   -0.0348112 -0.0260814 968.802
16 2097   -0.0357102 -0.0285347 961.903
16 2098   -0.0381487 -0.0284414 954.924
16 2099   -0.0384131 -0.0258009 967.191
16 2100   -0.0367563 -0.0246686 955.733
52 171   0.00102941 0.00476278 956.796
52 172   0.00109374 0.00243882 946.249
52 173   0.00307425 -0.000809822 934.088
52 174   0.0030875 0.00138039 938.026
52 175   0.00112257 -0.00201237 942.848
52 176   -0.000833416 0.00582208 959.844
52 177   0.00486801 -0.00177063 920.792
52 178   0.00493818 0.00455083 944.381
52 179   -0.00627336 -0.00442986 931.173
52 180   0.00473187 -0.00386389 921.402
52 181   0.00480438 0.00243496 932.638
52 182   0.00647378 -0.000832896 911.528
52 183   -0.00707466 0.00393818 898.191
52 184   0.00916156 -0.000176215 902.904
52 185   0.00804476 -0.00161466 894.151
52 186   0.00656227 0.00496507 930.779
52 187   -0.00822204 0.00158229 893.651
52 188   -0.00770478 -0.00515961 915.261
52 189   0.00630642 0.00180056 918.808
52 190   -0.000970853 0.00747053 968.486
52 191   0.00681594 0.000610342 913.746
52 192   -0.00895151 0.000718109 898.274
52 193   0.00168664 0.00868949 968.832
52 194   0.00840663 0.00102643 913.483
52 195   0.0075424 0.00375917 910.95
52 196   0.00861404 0.00213359 911.716
52 197   0.00742035 0.00271052 912.211
52 198   -0.0002205 0.00835651 968.154
52 199   0.000576838 0.00869305 967.286
52 200   -0.00927774 -0.00279163 897.932
52 201   0.00862444 0.00542188 898.386
52 202   -0.00945788 -0.00636864 887.772
52 203   -0.00878512 -0.00439833 891.401
52 204   0.000227758 -0.00982832 946.584
52 205   0.00934797 0.00265767 897.34
52 206   0.000353896 0.00988497 955.53
52 207   -0.00913831 -0.00365771 880.709
52 208   -0.000349179 0.0102572 935.147
52 209   -0.000185851 -0.0104195 949.79
52 210   0.0084923 0.0039843 897.715
52 211   0.00100372 0.0103133 958.216
52 212   0.00886186 0.00461104 887.354
52 213   -0.00968053 -0.00550492 856.101
52 214   -0.0010536 0.00921411 947.637
52 215   0.0100878 0.00258482 863.513
52 216   -0.00095934 0.00992284 922.041
52 217   0.00910417 0.00345973 883.435
52 218   -0.00945507 -0.00487025 858.106
52 219   0.00104415 -0.0101016 911.422
52 220   0.0101587 0.00534377 809.075
52 221   -0.000425825 0.0109116 927.745
52 222   -0.000705698 -0.0115809 968.511
52 223   -0.0102958 -0.00536438 799.027
52 224   -0.0100738 -0.00246647 877.277
52 225   0.00954941 0.00436834 843.118
52 226   -0.00988924 -0.00385861 814.003
52 227   0.00961589 0.00377658 841.846
52 228   -9.78923e-05 0.0113159 961.918
52 229   0.000345464 -0.0110054 937.141
52 230   -0.00992153 -0.00441109 803.905
52 231   0.00108044 -0.0106885 881.181
52 232   0.0101998 0.00488925 779.476
52 233   -0.0103905 -0.00297322 810.206
52 234   0.00996166 0.00453767 794.352
52 235   0.0102526 0.00322601 792.244
52 236   -5.46695e-05 -0.0116151 968.154
52 237   0.00027512 -0.0114566 959.716
52 238   -0.0102969 -0.00366968 764.241
52 239   0.000795363 -0.0110011 890.712
52 240   0.0100244 0.00361571 796
52 241   -0.0103393 -0.00449908 750.473
52 242   -0.000887093 0.0111276 876.939
52 243   -0.0104753 -0.0033569 764.634
52 244   -0.0104881 -0.0048177 748.376
52 245   0.0106876 0.00473669 726.33
52 246   -0.00122092 0.011069 836.902
52 247   0.0103277 0.00421645 742.903
52 248   0.010324 0.00388625 745.838
52 249   0.0106733 0.00437378 711.701
52 250   0.0105985 0.00333715 745.288
52 251   -0.0105968 -0.00422084 716.513
52 252   -0.0105866 -0.00394392 718.939
52 253   0.000596026 -0.0117014 940.047
52 254   -0.0108589 -0.00347278 721.054
52 255   0.0105943 0.00371552 720.707
52 256   -0.000579669 0.0116219 934.616
52 257   0.000819914 -0.0115946 872.194
52 258   0.00140645 -0.0113686 777.92
52 259   -0.000317035 0.0116875 966.684
52 260   0.000948908 -0.0113455 855.058
52 261   0.0108903 0.00422794 695.552
52 262   -0.000821795 0.0114662 872.118
52 263   -0.0107984 -0.0047202 717.918
52 264   0.0108024 0.00381198 702.066
52 265   0.0107919 0.00326902 735.542
52 266   0.00118101 -0.0114143 799.846
52 267   -0.00135837 0.0113609 784.559
52 268   -0.0108359 -0.0038675 701.201
52 269   0.00100218 -0.0117348 799.34
52 270   -0.0109298 -0.00370915 702.148
52 271   -0.0108374 -0.00428148 699.775
52 272   0.0108826 0.00399753 693.924
52 273   0.00152628 -0.0115618 700.795
52 274   -0.00100473 0.0115892 816.676
52 275   -0.00128302 0.0115443 751.162
52 276   0.0109575 0.00367505 698.792
52 277   0.0109427 0.00351046 707.888
52 278   -0.0109109 -0.00442488 699.641
52 279   -0.00153737 0.0113998 758.555
52 280   -0.0011667 0.0116147 759.572
52 281   0.0110684 0.00429464 687.992
52 282   0.00119138 -0.0116255 753.379
52 283   -0.0109744 -0.00413649 689.617
52 284   -0.00165057 0.0113373 766.497
52 285   -0.010983 -0.00399943 689.461
52 286   -0.0111232 -0.00377075 690.91
52 287   0.00104363 -0.0118555 757.38
52 288   -0.000959793 0.011755 813.292
52 289   0.0111036 0.00375738 689.043
52 290   -0.00142132 0.0116483 643.847
52 291   -0.00153514 0.0115778 686.75
52 292   -0.00118719 0.0117838 665.258
52 293   -0.0108995 -0.00453776 704.27
52 294   -0.00107707 0.0118401 742.713
52 295   0.0013011 -0.0116951 656.503
52 296   0.0110454 0.00397188 684.495
52 297   -0.0111031 -0.00418013 683.006
52 298   0.0111113 0.00386866 683.691
52 299   0.00141056 -0.011677 613.302
52 300   0.0111285 0.00413501 680.543
52 301   -0.0110533 -0.00436769 691.152
52 302   -0.0111085 -0.00395829 682.731
52 303   -0.0111924 -0.00411154 676.849
52 304   -0.0111548 -0.00388796 683.311
52 305   0.0111133 0.00404266 680.046
52 306   -0.0111086 -0.00426793 685.24
52 307   -0.0012503 0.011847 490.409
52 308   -0.0013875 0.0117866 415.843
52 309   -0.00131738 0.0118287 383.993
52 310   0.00121381 -0.0118644 513.324
52 311   0.0012993 -0.0117906 509.68
52 312   -0.00143822 0.0117399 500.467
52 313   0.00127155 -0.0118439 430.875
52 314   0.0112071 0.00412677 676.565
52 315   0.0111836 0.00399185 676.245
52 316   -0.0111773 -0.00400655 677.503
52 317   -0.0112051 -0.00404697 675.314
52 318   -0.0013321 0.0118914 146.783
52 319   -0.0112313 -0.00397238 675.46
52 320   -0.00143069 0.0118291 240.1
52 321   0.0113244 0.00396241 693.919
52 372   0.00239797 0.00589349 962.235
52 373   0.00391598 0.00574694 958.746
52 374   0.0023953 0.0078352 969.268
52 375   0.00350207 0.00812922 969.455
52 376   0.00432455 0.00724808 967.189
52 377   0.00522759 0.00774853 968.813
52 475   0.00202398 -0.0104686 851.248
52 476   0.00212779 -0.00971801 882.653
52 477   0.0016764 -0.00999494 890.96
52 478   -0.000629433 0.0117979 939.841
52 479   -0.000826617 0.011808 871.362
52 507   0.00159422 -0.0112168 791.57
52 508   0.00152274 -0.0108858 834.773
52 509   0.00183403 -0.0107726 832.968
52 534   -0.00638471 0.00497274 903.904
52 535   -0.00218583 0.00779825 967.761
52 536   -0.0016455 0.00909984 943.971
52 537   -0.00254574 0.00892875 940.314
52 538   -0.00202738 0.00856995 966.105
52 539   -0.00208345 0.0101815 864.801
52 540   -0.0024829 0.00958546 861.837
52 541   -0.00205066 0.00963979 893.384
52 549   0.00089849 0.0108957 959.879
52 550   0.00123461 0.0112388 958.203
52 551   0.000338136 0.0112867 967.541
52 552   0.000893237 0.0116185 968.968
52 553   0.000455267 0.011641 967.828
52 562   -0.00141008 0.0118621 98.3233
52 600   -0.0112492 -0.00393986 676.802
52 601   -0.0112415 -0.0039037 679.446
52 604   0.00145524 -0.0117543 468.979
52 605   0.00136837 -0.0118022 399.451
52 606   0.00143583 -0.0118203 281.302
52 607   0.00141484 -0.0117839 415.797
52 608   0.00140512 -0.0118414 226.462
52 609   0.0013736 -0.0118357 291.788
52 610   0.00140955 -0.0118693 82.8766
52 612   0.0112111 0.00393265 676.594
52 613   0.0112067 0.00388025 679.239
52 645   -0.0112636 -0.00403923 671.845
52 656   -0.000166863 -0.000948369 943.417
52 657   -0.00154657 0.00129386 941.281
52 658   -0.000208949 0.0013126 943.638
52 659   -0.00309535 -0.00155786 939.132
52 660   -0.00115157 -0.00152823 943.849
52 661   -0.0018574 -0.000405986 940.535
52 662   -0.00197713 -0.0043015 954.305
52 663   -0.00175204 -0.00266998 946.638
52 664   -0.00302701 -0.00269024 943.659
52 665   -0.00477793 -0.00488524 948.401
52 666   -0.00290361 -0.00484683 955.435
52 667   -0.00360058 -0.00379669 947.021
52 668   -0.00351781 -0.00728298 967.778
52 669   -0.00346254 -0.00592123 961.026
52 670   -0.00469938 -0.00594952 957.516
52 671   -0.00517119 -0.00690707 963.451
52 672   -0.00433811 -0.00771545 968.769
52 673   -0.00461843 -0.00860542 968.492
52 674   -0.00594051 -0.00741952 965.794
52 675   -0.00560242 -0.00829535 968.359
52 676   -0.00664073 -0.00894817 920.581
52 677   -0.00600082 -0.00882738 953.01
52 678   -0.00666621 -0.0095581 816.641
52 679   -0.00641536 -0.00978133 792.904
52 680   0.00404386 0.00891383 968.128
52 681   0.00501038 0.00860641 967.022
52 682   0.00491996 0.0102703 960.589
52 683   0.00563768 0.00902643 947.622
52 684   0.00666392 0.00955408 813.718
52 685   0.00641265 0.00977784 791.447
52 686   -0.00710932 0.00592817 899.024
52 887   0.00742178 -0.00486895 888.023
52 888   0.00615662 -0.00506693 908.508
52 905   0.00535084 0.00993521 930.164
52 906   0.00559008 0.0095206 920.066
52 907   0.00609537 0.00981016 840.595
52 909   0.00601176 0.0101609 845.554
52 910   0.0057005 0.0102887 907.202
52 911   -0.00198331 -0.0113193 917.177
52 912   -0.00134314 -0.0111249 955.448
52 913   -0.00113065 -0.0104022 958.706
52 914   -0.004131 -0.0107046 969.204
52 915   -0.00425565 -0.00937486 965.563
52 916   -0.00485676 -0.0106001 966.874
52 917   -0.00433708 -0.0104263 968.338
52 918   -0.00456925 -0.00982702 962.066
52 919   -0.00555104 -0.00944071 930.352
52 920   -0.00512814 -0.0102367 951.866
52 921   -0.0050497 -0.00976503 949.663
52 923   -0.00554328 -0.0102598 925.782
52 924   -0.00578479 -0.00984854 891.147
52 925   -0.00613463 -0.00995675 832.656
52 951   -0.00140091 0.0118768 53.8841
52 977   -0.00307191 0.00897245 967.974
52 978   -0.0036059 0.00870104 960.068
52 1006   0.00132024 -0.0118916 194.201
52 1045   -0.0112894 -0.00393761 676.211
52 1048   0.0112659 0.00392158 675.006
52 1050   0.0112681 0.00394778 673.438
52 1051   0.0112207 0.00401918 673.92
52 1052   0.0112289 0.00406175 673.833
52 1053   0.0112652 0.00404707 671.721
52 1054   0.0112659 0.00401802 671.213
52 1055   0.0112561 0.00397336 672.592
52 1056   0.0112446 0.00399901 672.596
52 1057   0.0112807 0.00400152 670.378
52 1058   0.0112741 0.00398321 671.232
52 1103   0.00136077 -0.0118614 211.185
52 1104   0.00134566 -0.0118822 149.57
52 1105   0.00137761 -0.0118757 107.363
52 1106   0.00139487 -0.0118779 69.4332
52 1107   0.00139716 -0.0119152 3.70147
52 1108   0.00139459 -0.0119044 8.28039
52 1109   0.00140154 -0.0118953 15.7165
52 1111   -0.00136398 0.011893 59.3345
52 1112   -0.00139658 0.0119084 5.31574
52 1115   -0.00137342 0.0118935 35.7231
52 1116   -0.001388 0.0118877 29.2376
52 1117   -0.00139144 0.0119147 3.86205
52 1118   -0.00140088 0.0119152 2.69182
52 1182   -0.00708612 -0.00889695 930.265
52 1277   0.001425 -0.00370763 946.386
52 1278   0.00324055 -0.00459835 938.203
52 1279   -0.00103163 -0.00487945 957.528
52 1280   0.00109664 -0.00553949 957.577
52 1281   0.000480601 -0.00436333 952.66
52 1282   0.00018143 -0.0061085 963.067
52 1283   -0.0010126 -0.00600273 963.483
52 1284   0.0004782 -0.00757298 968.945
52 1285   -0.00264146 -0.00779592 969.216
52 1286   -0.00164069 -0.00701213 967.726
52 1287   -0.000539057 -0.00899557 964.865
52 1288   -0.000457903 -0.00799429 968.944
52 1289   -0.00173089 -0.00976371 962.938
52 1290   -0.0015529 -0.00894823 968.083
52 1291   -0.00247252 -0.00873074 969.189
52 1292   -0.00239104 -0.00977791 963.812
52 1293   -0.0035012 -0.00953912 966.905
52 1294   -0.00287474 -0.00927202 967.759
52 1295   -0.00274876 -0.0101153 961.036
52 1296   -0.00328622 -0.00997468 964.867
52 1297   -0.00355166 -0.0109025 966.976
52 1298   -0.00365321 -0.0104735 967.221
52 1299   -0.00315746 -0.0108508 952.877
52 1300   -0.00272154 -0.0105624 952.002
52 1301   -0.00240375 -0.0110578 915.143
52 1302   -0.00252906 -0.0114738 833.696
52 1303   -0.00316934 -0.0112733 931.399
52 1304   -0.00285873 -0.0114009 853.413
52 1311   0.00387664 0.0096153 965.84
52 1312   0.00436468 0.0101371 965.927
52 1313   0.00409182 0.0107461 969.277
52 1314   0.00378056 0.0108738 968.969
52 1315   0.00334017 0.0106345 961.543
52 1316   0.0031634 0.00998496 963.716
52 1317   0.00181422 0.0102024 957.366
52 1318   0.00227419 0.00977048 963.305
52 1319   0.00223722 0.0115484 849.269
52 1320   0.00216217 0.0107606 943.61
52 1321   0.00168779 0.0112145 939.809
52 1322   0.00178935 0.0115715 917.371
52 1323   0.00297493 0.0109355 941.864
52 1324   0.00247441 0.0113214 869.305
52 1325   0.00250092 0.0108905 932.416
52 1326   0.00279279 0.0114303 841.626
52 1327   0.00310405 0.0113025 919.974
52 1388   0.00619868 0.00755139 966.165
52 1389   0.00685894 0.00633133 942.799
52 1390   0.0078346 0.00624446 921.536
52 1392   0.00788716 0.00815378 960.215
52 1393   0.00807221 0.00736697 933.936
52 1394   0.00880552 0.00737597 905.641
52 1422   0.00620645 -0.00660386 910.114
52 1474   -0.00749946 -0.00644341 932.105
52 1475   -0.00675882 -0.0072904 959.256
52 1476   -0.00855384 -0.00677033 909.401
52 1477   -0.00846582 -0.00766915 924.137
52 1478   -0.00723604 -0.00781463 962.773
52 1479   -0.00788865 -0.00786647 951.353
52 1480   -0.00766328 -0.00869963 966.802
52 1481   -0.00726152 -0.00842456 967.981
52 1483   -0.00791414 -0.0084764 966.713
52 1484   -0.00816499 -0.00825316 955.419
52 1488   -0.00417047 -0.00101539 932.47
52 1489   -0.00663518 0.000959347 911.086
52 1490   -0.00258487 0.00188702 937.249
52 1491   -0.00397081 0.00072964 929.454
52 1492   -0.00556026 0.00159919 916.524
52 1493   -0.00557702 0.0028229 914.528
52 1494   -0.00214432 0.00465126 947.837
52 1495   -0.00402519 0.00312524 928.111
52 1496   -0.00262248 0.00305891 938.757
52 1497   -0.00498614 0.00479293 919.728
52 1498   -0.00412426 0.00406071 928.416
52 1499   -0.00327662 0.00505053 940.746
52 1500   -0.00464259 0.00563737 925.137
52 1501   -0.00363442 0.00592813 940.503
52 1502   -0.00310755 0.00706056 954.523
52 1503   -0.00519292 0.00794982 909.775
52 1504   -0.00490176 0.00642569 921.596
52 1505   -0.00407457 0.00801709 942.427
52 1506   -0.00394395 0.00719201 942.379
52 1507   -0.00622196 0.00646399 909.044
52 1508   -0.00548611 0.00662983 913.426
52 1509   -0.00564664 0.00732888 906.246
52 1512   -0.00658427 0.0069417 908.692
52 1513   -0.00618072 0.00738438 907.482
52 1537   0.00666602 0.00818822 968.822
52 1538   0.0073126 0.00831443 968.53
52 1539   0.00632222 0.00880537 947.053
52 1540   0.00671753 0.00915534 890.57
52 1543   0.00716646 0.00910657 898.397
52 1544   0.00741773 0.00888281 950.808
52 1713   0.0080463 -0.00386951 889.51
52 1714   0.00848824 -0.00275599 886.029
52 1717   0.00320391 -0.00569941 943.475
52 1718   0.00200441 -0.00598486 956.265
52 1719   0.00137002 -0.00809824 968.003
52 1720   0.00195962 -0.00904298 933.425
52 1721   0.00198102 -0.00707912 964.328
52 1722   0.00379483 -0.00856501 954.606
52 1723   0.00270919 -0.00741228 962.135
52 1724   0.00326084 -0.00883642 968.085
52 1725   0.00269904 -0.00849975 964.744
52 1726   0.00409978 -0.00794991 941.64
52 1727   0.00576495 -0.00752593 905.353
52 1728   0.00530687 -0.00683856 916.095
52 1729   0.00404727 -0.00651525 936.756
52 1730   0.00357594 -0.00713385 947.815
52 1733   0.00529619 -0.00788297 907.421
52 1734   0.0047622 -0.00815438 921.962
52 1975   0.00920232 0.00688907 895.308
52 1976   0.00986742 0.00587051 857.971
52 1977   0.00925885 0.0060575 887.499
52 1978   -0.00886573 0.00278065 883.291
52 1979   -0.00842378 0.00389417 889.167
52 1988   -0.00617113 -0.00279884 923.554
52 1989   -0.00517724 -0.0016053 927.925
52 1990   -0.0060525 -0.000500109 918.426
52 1991   -0.00850423 -0.00228474 912.847
52 1992   -0.00718223 -0.00228109 914.47
52 1993   -0.00691055 -0.00110621 915.106
52 1994   -0.00910706 -0.00106718 917.892
52 1995   -0.00822269 -0.000510934 910.974
52 2049   -0.00177714 0.0103565 865.128
52 2050   -0.00139091 0.0103441 882.589
52 2051   -0.00138255 0.0108205 848.867
52 2053   -0.0019152 0.0107729 830.051
52 2056   -0.00175852 0.0111645 789.813
52 2057   -0.00170099 0.0109413 819.952
52 2103   -0.0112589 -0.00399247 673.058
52 2104   -0.0112633 -0.0040189 671.941
52 2105   -0.0112865 -0.00401865 670.458
52 2106   -0.0112871 -0.00400032 670.853
52 2107   -0.011277 -0.00398411 672.379
52 2108   -0.0112927 -0.00395471 674.729
52 2109   -0.0112866 -0.00396882 673.202
52 2110   -0.011307 -0.00395374 675.289
52 2112   -0.0113019 -0.00399439 670.118
52 2148   0.0112977 0.00399857 669.354
52 2152   0.00135525 -0.0119062 49.6762
52 2153   0.00137143 -0.0118969 47.6319
52 2154   0.00138175 -0.0119083 10.3729
52 2161   0.0112932 0.00394246 673.132
52 2164   0.0112871 0.00397074 671.212
52 2165   0.0112943 0.00395556 672.249
52 2166   0.0113089 0.00395626 672.31
52 2167   0.0113004 0.00398537 669.509
52 2168   0.0112964 0.00397585 670.475
52 2169   0.0113078 0.00396739 671.827
52 2170   0.0113164 0.00396848 679.057
52 2171   0.0113131 0.00397765 669.627
52 2185   -0.011314 -0.0039804 670.943
52 2186   -0.0112973 -0.00397455 672.296
52 2187   -0.0113025 -0.00398391 670.941
52 2188   -0.0113047 -0.00396882 673.124
52 2189   -0.0113083 -0.00396212 674.488
52 2190   -0.0113132 -0.00397237 672.891
52 2191   -0.0113176 -0.00396512 675.737
52 2192   -0.0113199 -0.0039707 676.537
end
