705
52 289   -0.00466796 0.000967458 851.588
52 290   -0.00666424 0.00203769 826.922
52 291   -0.00265499 0.00203383 875.91
52 292   -0.000706068 -0.00141616 869.514
52 293   0.00125059 -0.00249209 878.125
52 294   -0.000735406 0.000813031 871.682
52 295   0.00504954 -0.00243811 862.774
52 296   0.00309952 -0.00134762 868.184
52 297   0.00475752 0.00380288 817.491
52 298   0.00303242 0.000775337 854.725
52 299   0.00648801 0.00477199 790.64
52 300   0.00115416 0.00186006 866.563
52 301   0.00490948 0.00174296 825.059
52 302   0.00676834 -0.00130913 811.18
52 303   -0.0066636 0.00407586 865.81
52 304   0.00108955 0.00393845 867.374
52 305   -0.00845647 0.00518112 836.339
52 306   0.00281585 0.00491364 839.093
52 307   -0.00247615 0.00408621 890.811
52 308   0.0050178 -0.00439669 889.949
52 309   0.00669537 0.000748982 796.998
52 310   -0.00689523 -0.00418507 792.482
52 311   -0.000621174 0.0049438 886.886
52 312   0.00607863 0.00665711 800.996
52 313   0.00844568 -0.00187813 767.751
52 314   -0.00834476 0.00102225 765.743
52 315   -0.000714005 0.0066923 896.38
52 316   -0.00373071 0.0052076 902.206
52 317   -0.00525472 0.0052097 900.34
52 318   -0.0100181 0.00154803 725.18
52 319   0.00629482 -0.00534397 895.086
52 320   0.00881646 -0.00325013 778.055
52 321   -0.00216422 0.00744501 919.012
52 322   -0.00800572 0.00674509 891.531
52 323   -0.00784464 -0.00140616 778.878
52 324   -0.0106846 0.00244227 720.195
52 325   -0.00332596 0.0068179 919.735
52 326   -0.00561778 0.00681331 922.488
52 327   0.00807458 0.00136302 768.356
52 328   0.0083015 -0.00452682 827.106
52 329   -0.0044917 0.00759081 939.938
52 330   -0.00847716 -0.000369376 755.536
52 331   0.0103398 -0.00308326 727.523
52 332   0.00504334 -0.00750385 939.386
52 333   0.00748894 -0.00523108 875.331
52 334   0.00957067 -0.000759439 723.192
52 335   0.00599921 -0.00683332 921.036
52 336   0.00897697 -0.00689728 861.464
52 337   0.00799505 -0.0067739 898.412
52 338   0.00927132 -0.00558382 809.191
52 339   -0.00657591 0.00724343 928.776
52 340   -0.0045325 0.0086692 961.191
52 341   -0.00222681 0.00865007 943.576
52 342   0.0085244 0.00223984 789.486
52 343   -0.00882523 -0.00217198 789.496
52 344   0.00520198 -0.00858731 962.181
52 345   -0.0108124 0.00056977 703.979
52 346   0.00953811 0.000173911 719.49
52 347   0.0110964 -0.00230047 709.101
52 348   -0.00153816 0.00921376 948.565
52 349   0.00909199 0.000756807 735.993
52 350   -0.00378183 0.00918901 966.079
52 351   -0.00969615 -0.000531529 718.522
52 352   0.0037091 -0.0092193 966.556
52 353   0.004528 -0.00917139 967.437
52 354   -0.00303737 0.00916398 963.5
52 355   0.0109136 -0.00162137 708.717
52 356   0.0104815 -0.00105612 708.294
52 357   0.00216888 -0.0100327 968.982
52 358   -0.00968483 -0.00173087 746.539
52 359   0.00985112 0.00142499 720.102
52 360   -0.0103581 -0.000118161 703.702
52 361   0.00978619 0.00199256 747.262
52 362   -0.00195319 0.00998752 969.237
52 363   0.0104448 0.00118449 698.11
52 364   -0.0103831 -0.00182138 709.41
52 365   0.010381 0.000492352 699.229
52 366   0.00351735 -0.00991316 968.315
52 367   -0.00449365 0.0102573 964.423
52 368   -0.0115603 0.000523488 697.48
52 369   -0.00992323 -0.0011272 714.85
52 370   -0.0039949 0.00991982 968.4
52 371   0.0115269 -0.00120811 702.686
52 372   0.00525202 -0.010005 966.009
52 373   0.00474615 -0.00979191 969.139
52 374   0.0108771 0.000320859 691.529
52 375   0.0109514 0.0013666 687.187
52 376   -0.00285953 0.00984492 969.365
52 377   0.0109303 -0.000499194 699.058
52 378   0.00273422 -0.0102242 963.632
52 379   -0.002464 0.0101048 968.149
52 380   -0.0108884 -0.000462131 691.935
52 381   0.0110304 -6.47545e-05 693.478
52 382   0.00313581 -0.0101569 962.384
52 383   -0.00356936 0.0102507 958.118
52 384   0.00397094 -0.0102472 960.52
52 385   -0.0105718 -0.00108547 696.059
52 386   0.00438085 -0.0101739 965.599
52 387   -0.0115167 -7.08908e-05 689.615
52 388   0.0113956 -0.000686078 698.041
52 389   -0.00432912 0.0107105 954.646
52 390   -0.00317845 0.0102008 961.798
52 391   -0.00260368 0.0105755 947.13
52 392   0.0116658 -0.000365896 693.398
52 393   -0.0108339 -0.00135155 690.552
52 394   -0.0108751 -0.000833774 689.534
52 395   0.0115162 -1.72997e-05 689.055
52 396   -0.00296565 0.0105839 935.241
52 397   -0.0112992 -0.000368579 686.839
52 398   0.0112346 0.00100857 680.709
52 399   0.0112242 0.000654961 683.156
52 400   0.00273532 -0.0107018 930.077
52 401   -0.0036501 0.0106292 927.803
52 402   0.00389439 -0.0106258 938.493
52 403   -0.00335789 0.0108732 876.243
52 404   -0.00306434 0.0108778 884.8
52 405   0.00327285 -0.0105956 928.255
52 406   -0.00391111 0.0107516 927.326
52 407   -0.0112632 -0.00128381 680.79
52 408   0.0117114 0.000191476 685.206
52 409   0.00304132 -0.0107776 904.49
52 410   -0.00440097 0.0109477 957.292
52 411   -0.0117941 -0.000184538 686.844
52 412   0.00368089 -0.0107457 912.541
52 413   -0.0114768 -0.000635025 680.989
52 414   -0.0112219 -0.000923665 682.073
52 415   0.00347171 -0.0107347 905.47
52 416   0.0116475 0.000396958 682.066
52 417   0.0114984 0.000565507 680.483
52 418   0.0115097 0.00106331 675.443
52 419   -0.00343526 0.0110857 819.143
52 420   -0.0113478 -0.00110762 678.807
52 421   0.00310492 -0.0110103 852.389
52 422   -0.00384397 0.0109913 895.268
52 423   -0.0114128 -0.000818469 679.433
52 424   0.0033008 -0.0110722 822.037
52 425   0.00343607 -0.0109786 849.329
52 426   -0.0118184 -0.00046491 681.903
52 427   0.0118371 0.000503982 679.588
52 428   -0.00366033 0.0110814 838.578
52 429   -0.00394567 0.011111 904.848
52 430   0.0116302 0.000729111 676.675
52 431   -0.0116727 -0.00064597 678.782
52 432   -0.00408467 0.0111085 938.775
52 433   0.0116311 0.00087331 674.63
52 434   -0.00334817 0.0112295 768.36
52 435   -0.0115666 -0.00107515 674.702
52 436   0.0116105 0.00116235 673.45
52 437   -0.00368047 0.0112426 783.825
52 438   -0.011781 -0.000591884 679.43
52 439   -0.0115741 -0.000927963 675.553
52 440   0.0117884 0.000663745 676.727
52 441   -0.00381911 0.0112601 841.448
52 442   0.00332311 -0.0112179 775.731
52 443   0.0118768 0.000738118 675.181
52 444   -0.0116817 -0.00111656 672.384
52 445   0.0117615 0.000907522 672.39
52 446   -0.011887 -0.000718834 676.871
52 447   -0.0117919 -0.000983129 671.252
52 448   0.0118491 0.000837696 673.117
52 449   -0.00349192 0.0112964 701.668
52 450   -0.00359915 0.0113137 681.088
52 451   0.0118034 0.000987343 670.596
52 452   0.0117738 0.00105217 670.595
52 453   -0.0117768 -0.00105242 670.738
52 454   -0.00348542 0.0113675 531.204
52 455   -0.00361514 0.0113834 476.442
52 456   -0.0118646 -0.000967201 670.6
52 457   -0.00355156 0.0113956 362.233
52 458   -0.00363346 0.0114124 315.465
52 459   -0.0118988 -0.00100324 669.228
52 460   -0.00356479 0.0114558 2.85601
52 461   -0.011957 -0.000986192 718.274
52 523   0.00295602 0.00656263 822.225
52 524   0.0044883 0.00733699 792.22
52 525   0.000555721 0.00734665 871.706
52 526   0.00201112 0.00721148 830.667
52 527   -0.000586635 0.00932125 892.455
52 528   0.000392367 0.0086323 851.779
52 529   0.00148403 0.00913528 776.313
52 578   0.00102373 -0.00423001 885.777
52 579   -0.000718489 -0.0054422 871.283
52 580   0.000639676 -0.00664292 895.152
52 581   -0.000587141 -0.00660351 872.881
52 582   0.000649376 -0.00766747 899.225
52 584   0.000141566 -0.00941662 856.563
52 616   0.00430954 0.00837303 780.037
52 754   0.0119145 0.000869168 672.505
52 755   0.0118771 0.000967496 669.989
52 756   0.0119007 0.000919146 671.257
52 758   0.0119024 0.000995315 669.051
52 760   0.0035455 -0.011424 173.256
52 762   0.0119374 0.000922359 671.519
52 797   -0.00359229 0.0114333 75.3904
52 798   -0.00357329 0.0114514 4.02781
52 799   -0.00357945 0.0114382 27.7683
52 816   -0.00768294 0.00847741 957.362
52 817   -0.00861249 0.00750418 897.536
52 831   -0.00354923 0.0114241 157.682
52 832   -0.00356487 0.0114346 40.0184
52 846   0.00763826 -0.00753185 923.582
52 847   0.00683654 -0.00747837 933.863
52 848   0.00792462 -0.00838396 951.6
52 849   0.00604334 -0.00874216 967.035
52 850   0.00672204 -0.00830375 960.344
52 851   0.0072919 -0.00860014 965.97
52 852   0.00722906 -0.00911269 953.868
52 853   0.00579118 -0.00993797 959.044
52 854   0.00674414 -0.00948456 939.184
52 855   0.00612829 -0.00941041 965.684
52 873   -0.00696803 0.00872659 965.574
52 874   -0.00646777 0.0082517 957.712
52 875   -0.00585486 0.0087901 966.877
52 876   -0.00524604 0.00900982 967.557
52 877   -0.00555282 0.0100374 961.877
52 878   -0.00499411 0.00986707 968.212
52 879   -0.00663447 0.00935017 952.026
52 880   -0.00602982 0.00961265 962.403
52 881   -0.00607993 0.00922258 969.24
52 883   -0.00673448 0.00966392 916.178
52 884   -0.00643424 0.00981654 936.344
52 1022   0.00226412 0.00878546 788.01
52 1023   0.00262785 0.00814731 801.274
52 1024   0.00339399 0.00853449 790.861
52 1027   0.0027559 0.00929277 799.588
52 1028   0.00330461 0.0090525 790.244
52 1045   -0.00588993 -0.0071591 810.459
52 1046   -0.00674657 -0.0063216 792.308
52 1047   -0.00605761 -0.00531529 795.854
52 1048   -0.00439607 -0.000878343 838.688
52 1049   -0.00235376 -0.00204117 857.682
52 1050   -0.005426 -0.0029734 814.683
52 1051   -0.00606792 -0.00170887 809.893
52 1052   -0.00179107 -0.00490254 855.2
52 1053   -0.00235745 -0.00323853 853.813
52 1054   -0.00375785 -0.00334023 834.106
52 1055   -0.00382486 -0.00429518 828.182
52 1056   -0.00465538 -0.00505856 813.906
52 1057   -0.00290652 -0.00533509 834.631
52 1058   -0.00426137 -0.00593478 811.729
52 1059   -0.00321272 -0.00626216 820.256
52 1060   -0.00438857 -0.0079818 782.728
52 1061   -0.00480695 -0.007029 796.295
52 1062   -0.00289445 -0.00728394 811.248
52 1063   -0.00352473 -0.00790936 795.82
52 1064   -0.00118325 -0.00760284 846.927
52 1065   -0.00219336 -0.00876154 786.07
52 1066   -0.0021118 -0.00789585 811.523
52 1067   -0.000319114 -0.00807629 872.046
52 1068   -0.000415869 -0.00895303 837.928
52 1071   -0.00280761 -0.00905887 796.086
52 1072   -0.00335631 -0.0088186 788.787
52 1129   0.00347099 -0.00500883 900.282
52 1130   0.00151078 -0.00603682 900.434
52 1131   0.00202618 -0.00478522 894.147
52 1132   0.00407066 -0.00706898 927.74
52 1133   0.00349181 -0.00607698 910.337
52 1134   0.00241938 -0.00644388 909.41
52 1135   0.00329245 -0.00856691 953.962
52 1136   0.0034165 -0.00761899 935.166
52 1137   0.00257995 -0.00725278 920.186
52 1138   0.00195043 -0.00950465 963.091
52 1139   0.00248064 -0.00879996 951.221
52 1140   0.00128753 -0.00828643 915.223
52 1141   0.00206848 -0.00803549 927.521
52 1142   0.000614418 -0.0092205 898.259
52 1143   0.00130095 -0.00940109 944.302
52 1144   0.00105022 -0.00894735 917.943
52 1147   0.0010147 -0.00968194 919.934
52 1148   0.000715594 -0.00966656 897.422
52 1159   -0.00106246 -0.00936064 774.041
52 1160   -0.00166068 -0.00932989 760.466
52 1208   -0.00877035 -0.00314323 808.495
52 1209   -0.00826513 -0.0042295 799.024
52 1274   0.00847243 0.00310085 799.629
52 1275   0.00796721 0.00418713 791.075
52 1279   0.0100558 -0.00527074 781.854
52 1280   0.0106093 -0.00404687 740.059
52 1315   -0.0103592 0.00361391 740.39
52 1316   -0.00980509 0.00484036 785.509
52 1559   0.011919 0.000971955 669.682
52 1560   0.0119305 0.000947349 670.778
52 1562   0.0119548 0.000981781 671.251
52 1563   0.0119447 0.000976429 670.184
52 1564   0.0119319 0.000986297 669.139
52 1565   0.00376469 -0.011325 790.087
52 1566   0.00377036 -0.011255 817.518
52 1570   0.00520594 -0.0104165 960.835
52 1574   0.00458785 -0.0104354 961.956
52 1575   0.00488156 -0.0106856 961.414
52 1576   0.00490708 -0.010465 962.706
52 1577   0.00450392 -0.0108858 959.859
52 1578   0.00464404 -0.0107106 960.589
52 1579   0.00448062 -0.0106017 958.661
52 1580   0.00413339 -0.0107512 943.175
52 1581   0.00435854 -0.0108638 955.577
52 1582   0.00432248 -0.01069 954.179
52 1583   0.00415438 -0.0110944 945.905
52 1584   0.00424117 -0.0109541 949.686
52 1585   0.00409773 -0.0108959 935.558
52 1586   0.00403024 -0.011092 925.521
52 1587   0.00399162 -0.0109805 920.291
52 1588   0.003945 -0.0112011 904.557
52 1589   0.00384944 -0.0111826 867.079
52 1590   0.00376601 -0.0109464 889.022
52 1591   0.0038345 -0.011091 875.006
52 1592   0.00389143 -0.0109979 901.077
52 1593   0.00356373 -0.0110383 838.563
52 1594   0.00373367 -0.0110839 853.392
52 1595   0.00368449 -0.010995 867.656
52 1596   0.00365905 -0.0111288 823.237
52 1597   0.00356676 -0.0111255 809.495
52 1598   0.00370246 -0.0112266 797.671
52 1599   0.00365915 -0.0111899 800.758
52 1600   0.00369705 -0.0113226 744.199
52 1601   0.00363547 -0.0112844 740.523
52 1602   0.00367824 -0.0112692 769.672
52 1603   0.00366082 -0.0113931 509.544
52 1604   0.00367072 -0.0113511 675.096
52 1605   0.0036308 -0.0113313 671.547
52 1606   0.00342306 -0.0113204 685.504
52 1607   0.00341786 -0.0112467 755.164
52 1608   0.00347987 -0.0112211 764.742
52 1609   0.00352342 -0.0111859 782.504
52 1610   0.00359177 -0.0112577 750.565
52 1611   0.00359123 -0.0112059 780.896
52 1612   0.00350452 -0.0112663 736.259
52 1613   0.00354861 -0.0112829 718.899
52 1614   0.00353761 -0.0113979 360.481
52 1615   0.00350462 -0.0113897 437.866
52 1616   0.00354797 -0.011329 639.365
52 1617   0.00350387 -0.0113124 675.059
52 1618   0.00348442 -0.011341 612.549
52 1619   0.00360516 -0.0113531 583.938
52 1620   0.00356576 -0.0113516 568.513
52 1621   0.00355725 -0.01138 445.307
52 1622   0.00358383 -0.0113924 393.04
52 1623   0.00360877 -0.0113774 492.296
52 1624   0.00362451 -0.0113975 419.351
52 1626   0.00361097 -0.0114229 216.568
52 1643   0.00358736 -0.0114409 31.1688
52 1644   0.00358528 -0.0114118 268.682
52 1645   0.00359668 -0.0114221 195.247
52 1646   0.00357553 -0.011438 35
52 1647   0.00356044 -0.0114278 115.449
52 1648   0.00357271 -0.0114233 159.669
52 1649   -0.0117411 -0.000916767 673.135
52 1650   -0.0116675 -0.000883395 674.652
52 1651   -0.0117021 -0.000784845 675.984
52 1652   -0.0118467 -0.000776694 675.494
52 1653   -0.0117813 -0.000847816 674.048
52 1654   -0.0117701 -0.000788619 675.384
52 1655   -0.0119257 -0.000850834 674.189
52 1656   -0.011838 -0.000850196 673.75
52 1657   -0.0118778 -0.000821585 674.553
52 1658   -0.0118739 -0.000922085 671.881
52 1659   -0.011867 -0.000884355 672.907
52 1660   -0.0119092 -0.000884005 673.212
52 1661   -0.0119074 -0.000931715 671.876
52 1662   -0.011943 -0.00091808 672.982
52 1663   -0.0119228 -0.00090794 672.794
52 1664   -0.0119359 -0.000937492 672.387
52 1665   -0.0119192 -0.000946217 671.622
52 1666   -0.0119365 -0.00097908 670.434
52 1667   -0.01192 -0.000972626 670.4
52 1668   -0.0119561 -0.000975952 687.502
52 1671   -0.0119467 -0.000950086 672.696
52 1672   -0.0119464 -0.000965265 674.067
52 1680   0.00355826 -0.0114403 40.7165
52 1683   0.00356765 -0.0114454 12.9616
52 1684   0.00357032 -0.0114536 4.52814
52 1686   0.0119501 0.000963694 671.093
52 1687   0.0119488 0.000948955 671.235
16 1   -0.0449782 0.0032573 931.402
16 2   -0.0451578 -0.0029246 931.421
16 3   -0.0477781 -0.0217782 852.049
16 4   -0.0397942 -0.0323017 796.092
16 5   -0.0411404 -0.00644924 935.11
16 6   -0.0434964 -0.0296601 755.039
16 7   -0.016071 -0.0220178 925.294
16 8   -0.0497151 -0.0177531 892.969
16 9   -0.000229481 0.0239725 806.14
16 10   -0.0384826 -0.00713951 938.952
16 11   0.0044894 -0.0226204 822.566
16 12   -0.0019412 0.0215604 897.659
16 13   0.000681719 0.0172084 839.034
16 14   0.00304282 -0.0193793 901.954
16 15   -0.00121922 0.0187419 900.231
16 16   0.00674204 -0.0226359 805.41
16 17   -0.00309135 0.0175972 941.267
16 18   0.00155183 -0.0157396 927.688
16 19   -0.00326741 0.0159147 950.332
16 20   -0.00686986 0.0147404 954.243
16 21   -0.00594911 0.0159727 968.913
16 22   -0.00240422 0.0147808 935.577
16 23   0.000960524 -0.0145313 930.464
16 24   -0.0013297 0.0145393 902.556
16 25   -0.0033515 -0.0126964 717.625
16 26   -0.00466692 0.0154412 968.726
16 27   -0.00599002 0.0137892 940.113
16 28   -0.00581793 0.0129115 894.696
16 29   -0.00470782 0.0142572 967.985
16 30   0.00634053 -0.0128097 887.352
16 31   0.00471472 -0.0136365 958.358
16 32   -0.00309327 0.0137177 961.958
16 33   -0.00399737 0.0136676 968.09
16 34   0.00544637 -0.0125975 868.8
16 35   0.00490078 -0.0129029 902.633
16 36   -0.0041389 0.012908 944.804
16 37   -0.00467727 0.01262 893.475
16 38   -0.00281854 0.0130119 963.599
16 39   -0.0023382 0.0127165 951.344
16 40   0.00521285 -0.0118932 809.588
16 41   0.0061387 -0.0114502 792.053
16 42   -0.00184044 0.012649 923.472
16 43   -0.00506132 0.011588 806.099
16 44   0.00367634 -0.012782 923.393
16 45   0.00467476 -0.0117753 784.16
16 46   -0.00444607 0.0120875 826.448
16 47   -0.00366603 0.0125491 939.506
16 48   -0.00324976 0.0126028 965.771
16 49   0.00440876 -0.0124986 856.675
16 50   -0.00463212 0.0118128 801.845
16 51   0.00441625 -0.0120753 794.861
16 52   0.00404581 -0.0125331 872.203
16 53   -0.00253131 0.0122376 965.498
16 54   -0.00373883 0.0121639 885.603
16 55   -0.00314277 0.0122468 951.211
16 56   -0.00290465 0.012177 964.456
16 57   -0.00390916 0.0120277 863.288
16 58   -0.00406591 0.0119765 798.5
16 59   -0.00335147 0.0120646 898.756
16 60   -0.00353127 0.0120354 873.927
16 467   0.00641072 -0.0109079 764.024
16 471   0.00254784 0.0234236 740.716
16 472   0.00658499 0.0231279 713.598
16 473   0.00475496 0.0256835 701.381
16 474   0.00254852 0.0183852 781.479
16 475   0.00548143 0.0206829 736.407
16 476   0.00327431 0.021053 758.32
16 477   0.0066796 0.0167996 755.857
16 478   0.00557604 0.0187101 749.105
16 479   0.00393523 0.0173201 758.338
16 480   0.0058592 0.015242 755.944
16 481   0.00421839 0.0155774 746.763
16 482   0.00608841 0.0138473 760.148
16 484   0.00695149 -0.0109498 735.527
16 485   0.00722187 -0.0114586 772.38
16 486   0.0069576 -0.0123102 839.848
16 487   0.00667948 -0.0118174 804.508
16 489   -0.00669778 0.0123301 841.113
16 490   -0.00601594 0.011621 807.534
16 491   -0.0063636 0.0111286 783.156
16 495   -0.00681816 0.0108904 756.244
16 496   -0.0443175 -0.0225099 890.398
16 497   -0.0429663 -0.0254778 872.224
16 498   -0.0497789 0.0184201 886.156
16 500   -0.04731 0.0259429 760.729
16 501   -0.0511395 0.023992 759.091
16 502   -0.0484184 0.0211704 858.877
16 503   -0.0440347 0.0244673 874.554
16 504   -0.0451431 0.0217753 892.767
16 513   -0.00732163 0.0334784 807.119
16 514   -0.00999299 0.0304352 882.88
16 515   -0.00293348 0.0307741 740.931
16 516   -0.00299192 0.0273409 806.217
16 517   -0.00616068 0.026807 891.53
16 518   -0.00877359 0.027197 901.251
16 520   -0.0410052 0.0310472 784.31
16 521   -0.0391943 0.0336824 789.845
16 522   -0.0387119 0.0282586 887.309
16 537   -0.0138888 -0.0320178 898.71
16 540   -0.00460622 -0.0304406 812.653
16 541   -0.0100819 -0.0305268 889.265
16 542   -0.00736574 -0.0335089 827.866
16 543   -0.00876906 -0.0275015 901.158
16 544   -0.0058758 -0.0274153 886.981
16 550   -0.0358933 -0.025379 929.696
16 551   -0.0345493 -0.0210258 964.455
16 552   -0.0329023 -0.0230774 946.05
16 561   -0.0242293 0.0325 907.524
16 562   -0.0263187 0.0225 926.702
16 563   -0.0297181 0.024558 928.609
16 564   -0.0220901 0.0247284 917.552
16 565   -0.0209099 0.0297284 909.641
16 566   -0.0142489 0.0241852 924.446
16 567   -0.0161582 0.0322284 900.638
16 568   -0.013661 0.0291852 902.228
16 570   -0.0163381 0.0222284 924.969
16 571   -0.0195147 0.0222284 920.999
16 596   -0.00184363 -0.0223785 900.798
16 597   -0.00408024 0.0222337 931.348
16 598   -0.00553729 0.024112 922.098
16 600   -0.0471575 0.016138 910.384
16 601   -0.0473568 0.0130558 917.546
16 602   -0.0423568 0.0130558 938.867
16 603   -0.0386395 0.0173364 966.876
16 604   -0.043297 0.0168077 935.234
16 605   -0.0410181 0.0154682 950.121
16 636   0.00674204 -0.0198919 890.466
16 640   0.00677671 -0.0173824 929.909
16 641   0.00601875 -0.0188161 906.857
16 642   0.00457218 -0.0183189 912.991
16 643   0.00526259 -0.0143917 968.969
16 644   0.0062366 -0.0163076 949.93
16 645   0.00695989 -0.0147125 967.156
16 646   0.00634281 -0.0138703 956.088
16 647   0.00488633 -0.0152751 962.49
16 648   0.00524326 -0.0163489 947.049
16 649   0.0043368 -0.0169265 933.842
16 650   0.00291414 -0.0156695 944.908
16 651   0.00368254 -0.0161493 943.903
16 652   0.00404889 -0.0153241 958.471
16 653   0.00293973 -0.0148726 955.429
16 654   0.00362125 -0.014816 962.313
16 655   0.00351246 -0.0135094 965.677
16 656   0.00391081 -0.0140119 968.588
16 657   0.00208022 -0.0139418 956.951
16 658   0.00269712 -0.0143532 960.065
16 659   0.00298029 -0.0137941 968.158
16 660   0.00208373 -0.0134424 962.481
16 661   0.00264304 -0.013323 968.921
16 663   0.00150514 -0.0126114 960.542
16 664   0.00182655 -0.0129006 963.981
16 665   0.00254657 -0.0129257 969.307
16 666   0.00223101 -0.0123086 968.18
16 667   0.00214781 -0.0126634 969.339
16 668   0.00333105 -0.0126163 922.224
16 669   0.0030132 -0.0126686 950.099
16 670   0.00272985 -0.0127218 965.001
16 671   0.00253339 -0.0124266 962.072
16 672   0.00296094 -0.0124336 932.967
16 673   0.00271919 -0.0123094 943.662
16 675   0.00271328 -0.0121432 928.089
16 676   0.00290161 -0.0121127 895.933
16 685   0.00350429 -0.0120145 810.982
16 686   0.00348708 -0.0123472 871.977
16 687   0.00333355 -0.0122875 872.8
16 688   0.00337885 -0.0121166 836.627
16 689   0.00301175 -0.0121775 890.579
16 690   0.00318537 -0.012311 892.451
16 691   0.00306517 -0.0123323 909.63
16 693   0.00326405 -0.0120521 833.191
16 694   0.00310523 -0.0120787 858.691
16 695   0.0031813 -0.0121481 862.483
16 724   0.000672295 -0.0127466 936.132
16 725   0.00109265 -0.0126783 949.387
16 740   -0.0501578 -0.00542454 926.911
16 743   -0.048544 -0.0149627 910.431
16 744   -0.0489867 -0.00938681 922.647
16 745   -0.0513289 -0.0114623 915.508
16 746   -0.0435768 -0.0109117 932.787
16 747   -0.0464231 -0.0113493 923.926
16 748   -0.0459805 -0.0144252 919.562
16 749   -0.0421373 -0.0127184 938.518
16 750   -0.0433698 -0.0151942 934.083
16 751   -0.0397008 -0.0118707 944.072
16 752   -0.0387182 -0.0133461 950.044
16 859   0.00736481 -0.0103961 500.508
16 860   0.00709442 -0.0105378 642.072
16 863   0.00690881 0.0130057 782.283
16 865   0.00690881 0.0109837 838.028
16 866   0.00631762 0.0119675 782.04
16 870   -0.0370345 -0.0219476 940.579
16 871   -0.0378983 -0.0242492 945.49
16 872   -0.0402613 -0.0240412 930.417
16 885   -0.00715908 0.0107118 717.419
16 886   -0.00738636 0.0105927 645.971
16 918   -0.0411457 0.0249987 906.616
16 919   -0.0391973 0.0261913 907.394
16 922   -0.00539513 -0.0212108 948.235
16 923   -0.0038598 -0.0231424 913.17
16 924   -0.00514478 -0.0249682 906.014
16 928   -0.0400716 0.019014 959.2
16 929   -0.0423505 0.0186869 945.247
16 930   -0.0429357 0.0207026 924.737
16 931   -0.0396826 0.0216261 935.858
16 932   -0.0414073 0.0226449 936.207
16 937   -0.00568823 -0.0155916 878.004
16 938   -0.00543948 -0.0193901 954.837
16 939   -0.00681316 -0.0175745 932.19
16 940   -0.00439187 0.0187906 962.762
16 941   -0.00611704 0.0207252 901.576
16 942   -0.00465878 0.0206087 963.991
16 943   -0.00585012 0.0176396 968.602
16 944   -0.00677087 0.0186743 931.529
16 949   -0.011264 0.0229352 941.788
16 950   -0.00995876 0.0209784 963.379
16 951   -0.00945665 0.024697 928.782
16 952   -0.00749757 0.0235236 951.22
16 953   -0.00749879 0.0217618 929.813
16 954   -0.0423622 -0.0198184 941.553
16 955   -0.0420409 -0.0170653 945.898
16 956   -0.0389655 -0.0205887 903.193
16 957   -0.040505 -0.0214064 964.249
16 958   -0.0386076 -0.0180002 964.891
16 959   -0.0398258 -0.0160648 958.911
16 969   -0.0510348 0.0324945 673.412
16 972   -0.0472053 0.0298592 703.666
16 973   -0.0442749 0.0323648 712.002
16 979   -0.0461673 -0.0323584 690.826
16 991   -0.0345572 0.021029 965.13
16 992   -0.0329392 0.023087 946.379
16 993   -0.0348494 0.0252983 931.956
16 994   -0.0374415 0.0226441 950.958
16 995   -0.0372178 0.0248555 938.359
16 1087   -0.011717 -0.0230268 934.44
16 1088   -0.0094482 -0.0250015 922.627
16 1089   -0.00744778 -0.0220708 952.087
16 1090   -0.00735908 -0.0240455 934.563
16 1091   -0.00142725 -0.0305467 742.529
16 1092   -3.81705e-05 -0.0258445 808.221
16 1093   0.0034265 -0.0261429 741.212
16 1096   0.00385828 -0.033615 678.056
16 1097   0.000216564 -0.033615 700.113
16 1120   0.000219144 0.0322957 695.819
16 1123   0.00568306 0.03237 672.68
16 1124   0.00385303 0.0296657 684.765
16 1165   0.00306483 0.0124974 699.05
16 1166   0.0036272 0.0143505 731.521
16 1167   0.00508701 0.013567 741.271
16 1168   0.00426661 0.0137347 727.739
16 1169   0.00390463 0.0128385 711.91
16 1170   0.00543083 0.0120951 750.91
16 1171   0.00502063 0.0128529 737.436
16 1172   0.00442943 0.0124887 721.073
16 1175   0.00513523 0.011576 743.804
16 1176   0.00454404 0.0118858 725.32
16 1177   -0.00693754 -0.0135919 841.869
16 1178   -0.00581261 -0.014109 820.725
16 1179   -0.00463023 -0.0130618 741.108
16 1180   -0.00690881 -0.0107264 842.474
16 1183   -0.00664194 -0.0124968 813.341
16 1184   -0.00661321 -0.011298 806.015
16 1185   -0.0072044 -0.0118215 841.568
16 1186   -0.00517832 -0.0124122 735.734
16 1187   -0.00603638 -0.0115821 763.716
16 1188   -0.00606511 -0.0123643 779.802
16 1191   -0.00544519 -0.0114752 728.663
16 1192   -0.004854 -0.011785 709.988
16 1203   0.00407708 -0.011958 754.898
16 1204   0.00417898 -0.0119046 753.063
16 1212   -0.0505629 -0.0249875 741.491
16 1214   -0.0490977 -0.0299014 689.038
16 1215   -0.0510348 -0.032543 673.206
16 1337   0.00368657 -0.0121513 831.461
16 1338   0.00365849 -0.0119895 811.358
16 1339   0.00390001 -0.0121715 824.852
16 1340   0.00397473 -0.011993 798.237
16 1342   0.00567914 -0.0294601 685.645
16 1343   0.00567914 -0.03223 674.211
16 1351   -0.0242692 -0.0325 908.159
16 1352   -0.0186631 -0.0295178 909.301
16 1353   -0.0198894 -0.0245178 917.883
16 1354   -0.0297243 -0.0245516 928.86
16 1355   -0.0264043 -0.0225 926.818
16 1356   -0.0314833 -0.0335258 896.624
16 1357   -0.028121 -0.0310258 907.694
16 1358   -0.02951 -0.0280774 912.991
16 1359   -0.0355737 -0.027879 906.756
16 1360   -0.0365816 -0.0308275 879.527
16 1361   -0.0323684 -0.0291032 907.224
16 1362   -0.0333762 -0.0320516 892.356
16 1410   0.000286306 0.0133846 758.883
16 1411   0.00217681 0.0131362 707.109
16 1412   0.0023772 0.0140931 724.708
16 1413   0.000818438 0.0150234 800.25
16 1414   -0.00018405 0.0146329 841.89
16 1416   0.00141781 0.0127646 701.87
16 1417   0.000759002 0.0128716 706.166
16 1434   -0.0114492 -0.0210089 948.367
16 1435   -0.00926903 -0.0210089 965.642
16 1444   -0.00115365 0.0134846 893.685
16 1445   -0.00145567 0.0129528 905.133
16 1446   -0.000437594 0.0131532 823.639
16 1449   -0.000516957 0.0126575 814.653
16 1450   -0.000962267 0.0125853 872.837
16 1463   -0.00156204 -0.0197864 908.152
16 1464   -0.00362256 -0.0187297 917.673
16 1465   0.000617705 -0.0186264 908.049
16 1466   0.000130494 -0.0168589 911.531
16 1467   -0.00421731 -0.0159366 879.099
16 1468   -0.00352532 -0.0172591 904.423
16 1469   -0.00195201 -0.0165483 899.215
16 1470   -0.00284134 -0.0136839 779.765
16 1471   -0.00207639 -0.0154824 886.123
16 1472   -0.00321161 -0.0149692 847.741
16 1473   -0.00187 -0.0135537 810.009
16 1474   -0.00145104 -0.0146909 882.748
16 1475   5.83871e-05 -0.0131675 910.201
16 1476   -0.000181463 -0.0141978 905.804
16 1478   -0.00139194 -0.0127265 775.424
16 1479   -0.000733135 -0.0128334 831.606
16 1485   -0.0499782 0.00575736 926.636
16 1486   -0.0499782 0.0107574 918.461
16 1509   -0.0399782 0.0107573 941.344
16 1510   -0.0399782 0.00575727 935.88
16 1527   -0.0314861 0.033529 895.955
16 1528   -0.0280963 0.031029 907.202
16 1529   -0.0295214 0.028087 912.57
16 1530   -0.0347942 0.0322114 880.552
16 1531   -0.0333279 0.0277983 911.692
16 1532   -0.0352109 0.0294228 896.775
16 1567   0.00541133 -0.0114942 795.507
16 1568   0.00572115 -0.0113318 792.719
end
