1213
16 1   -0.0449782 0.00325316 961.217
16 2   -0.0451576 -0.00292912 961.269
16 3   -0.04114 -0.00645506 959.559
16 4   -0.0384824 -0.00714694 956.987
16 5   0.00297622 -0.019389 939.672
16 6   0.00525141 -0.0178656 924.154
16 7   0.00672673 -0.0226711 887.108
16 8   0.00672673 -0.0192115 913.843
16 9   0.00493531 -0.0159151 925.731
16 10   0.00577756 -0.0146929 910.12
16 11   0.00686692 -0.0141845 900.296
16 12   -0.00685534 0.0147343 946.774
16 13   0.0031347 -0.0152859 948.757
16 14   -0.00595919 0.0137848 925.026
16 15   -0.00577152 0.0129334 901.479
16 16   0.00316563 -0.0140402 951.507
16 17   0.00467078 -0.0135491 909.313
16 18   -0.00302242 0.0135872 968.9
16 19   0.00175941 -0.0136367 967.52
16 20   0.00385946 -0.0135257 934.307
16 21   0.002487 -0.0135354 964.839
16 22   0.00483514 -0.0127679 888.088
16 23   0.00157324 -0.0129138 969.439
16 24   -0.00280499 0.012897 968.079
16 25   -0.00206251 0.0125239 957.861
16 26   0.00360714 -0.0128207 946.605
16 27   -0.00246719 0.0125927 953.363
16 28   0.00319297 -0.0126693 965.868
16 29   -0.00323856 0.0125782 967.438
16 30   0.00435495 -0.0118753 814.989
16 31   -0.00311938 0.0122385 932.132
16 32   -0.00271241 0.0121943 900.328
16 33   -0.00293104 0.0121588 886.665
16 34   -0.00326161 0.0120809 912.667
16 35   0.00336327 -0.0120972 967.712
16 349   -0.0023949 -0.0149284 954.199
16 350   -0.00153105 0.0126102 968.314
16 352   -0.0511395 0.023992 902.459
16 358   -0.00881889 -0.0274907 968.362
16 364   -0.00876658 0.0271856 968.655
16 365   -0.038712 0.0282585 965.107
16 371   -0.0329419 -0.0230774 945.162
16 372   -0.00551399 0.0240831 947.867
16 376   -0.043297 0.0168072 952.271
16 385   0.00109785 -0.012717 968.782
16 389   -0.00666766 0.0123507 880.546
16 390   -0.00597188 0.0116477 801.235
16 391   -0.00645632 0.0110806 785.321
16 403   -0.0501576 -0.00542592 963.412
16 405   -0.0489864 -0.00938851 965.95
16 406   -0.0513288 -0.0114629 968.522
16 407   -0.0435765 -0.010915 960.447
16 408   -0.0464229 -0.0113516 965.432
16 409   -0.0421371 -0.012721 955.558
16 410   -0.0433701 -0.0151956 956.675
16 411   -0.0397006 -0.0118752 951.297
16 412   -0.0387182 -0.0133491 943.079
16 439   -0.029793 -0.0245516 963.54
16 440   -0.0265202 -0.0225 965.95
16 441   -0.0315098 -0.0335258 967.581
16 442   -0.0281819 -0.0310258 969.64
16 443   -0.0295757 -0.0280774 969.233
16 444   -0.0324063 -0.0291033 969.465
16 445   -0.033401 -0.0320516 965.987
16 465   0.00301199 -0.0121438 933.35
16 467   0.00317325 -0.0122606 966.556
16 468   0.00326892 -0.0121125 957.689
16 595   -0.0411458 0.0249986 967.572
16 596   -0.0391975 0.0261912 967.803
16 599   -0.0423505 0.0186867 933.079
16 600   -0.0429358 0.0207024 949.048
16 603   -0.0423641 -0.0198192 929.348
16 604   -0.0420413 -0.0170662 936.78
16 609   0.00476682 0.0260275 864.617
16 610   0.00658894 0.0246462 881.04
16 611   0.0064238 0.0208216 940.725
16 612   0.00551274 0.0228928 914.699
16 613   0.00514427 0.019634 956.776
16 614   0.00299187 0.0202688 957.924
16 615   0.00675857 0.0172023 969.027
16 616   0.00547903 0.0183155 965.689
16 617   0.00399616 0.0176938 968.568
16 618   0.00597206 0.0163278 969.038
16 619   0.00448919 0.0166263 969.535
16 620   0.00310973 0.0153566 965.4
16 621   0.0047247 0.0150904 961.1
16 622   0.00407341 0.0159071 968.183
16 623   0.00436323 0.0145532 954.662
16 624   0.00344462 0.0145664 957.773
16 625   0.00315738 0.0139871 951.056
16 626   0.00257556 0.0136333 946.655
16 627   0.00288055 0.0131793 944.925
16 628   0.00261558 0.0126826 946.385
16 629   0.00289948 0.0122993 961.87
16 630   0.00329513 0.0123701 959.622
16 632   0.00342616 0.0120789 967.549
16 659   -0.00580728 -0.0160028 898.516
16 660   -0.00127666 -0.0144904 964.289
16 661   -0.0016031 -0.0197911 965.3
16 662   -0.00230489 -0.0163584 956.19
16 663   -0.00399761 -0.0170222 923.095
16 664   -0.00376368 -0.018722 914.689
16 665   -0.000766191 -0.0170816 969.015
16 666   0.00141666 -0.018448 959.215
16 667   -0.000298333 -0.0188145 968.373
16 668   0.000357411 -0.0163834 968.621
16 669   0.00215734 -0.0157805 959.072
16 670   0.00162513 -0.0168103 961.371
16 671   -0.000453847 -0.0147683 969.183
16 672   0.00023272 -0.0154146 969.271
16 673   -0.000173434 -0.014134 969.424
16 674   -0.00142378 -0.0136424 958.626
16 675   -0.0019713 -0.0124548 943.898
16 676   -0.00182419 -0.0133028 951.019
16 677   -0.00150246 -0.0129429 941.633
16 678   -0.00163934 -0.012646 928.761
16 679   -0.00117562 -0.0128586 935.841
16 680   -0.00428183 0.018731 947.545
16 681   -0.00458281 0.0205648 892.317
16 682   -0.0112647 0.0229319 950.463
16 683   -0.00944974 0.0246856 953.261
16 684   -0.0117959 -0.0230211 954.884
16 685   -0.00949694 -0.0249907 957.359
16 686   -0.0329397 0.023087 945.154
16 687   -0.0348498 0.0252983 952.728
16 712   -0.00511353 0.0115637 756.388
16 721   -0.00138094 -0.0124133 887.005
16 722   -0.00118073 -0.0125831 901.997
16 723   -0.000985652 -0.0124774 876.684
16 738   -0.0263206 0.0225 966.044
16 739   -0.029719 0.024558 963.521
16 740   -0.0220919 0.0247273 968.78
16 741   -0.01425 0.0241819 965.701
16 758   0.000212183 -0.0336143 763.72
16 759   -0.0163411 0.0222273 966.689
16 760   -0.0195172 0.0222273 968.189
16 774   -0.0335178 -0.0210258 918.171
16 776   0.00655038 -0.0128772 879.742
16 777   0.00718346 -0.0122724 876.6
16 778   0.00685464 -0.0114597 848.501
16 779   0.00619699 -0.0113118 779.799
16 780   0.00532115 -0.012563 853.943
16 781   0.00592961 -0.0126458 860.06
16 782   0.00590504 -0.011893 801.378
16 783   0.00468968 -0.0116999 774.13
16 784   0.00510657 -0.0119098 789.542
16 785   0.00537392 -0.0115422 752.586
16 803   -0.0399782 0.00575171 958.904
16 806   -0.0346707 -0.0252542 952.827
16 807   -0.0343523 -0.0277542 969.025
16 809   -0.0314864 0.033529 967.713
16 810   -0.0295224 0.028087 969.197
16 811   -0.0280972 0.031029 969.646
16 821   -0.0499782 0.00575636 963.472
16 864   -0.00580728 -0.0147528 902.347
16 968   -0.0408839 -0.0207795 869.965
16 974   -0.00814145 0.0236079 918.715
16 975   -0.00682954 0.0234071 900.491
16 976   -0.00473905 -0.0212771 863.586
16 977   -0.00489215 -0.0194423 855.621
16 978   -0.00810366 -0.0240091 930.044
16 981   0.0072044 0.010883 803.054
16 983   0.00705661 0.010475 789.79
16 984   0.0073522 0.0103201 634.07
16 985   -0.00715211 0.0109829 867.765
16 993   -0.00575809 0.0210941 807.165
16 994   -0.006507 0.0220415 818.196
16 1017   -0.00718158 -0.0118779 827.66
16 1018   -0.00349642 -0.0142354 939.349
16 1019   -0.00465185 -0.0142858 918.219
16 1020   -0.0048842 -0.0135254 909.198
16 1021   -0.00540279 -0.013165 887.278
16 1022   -0.00235123 -0.0132172 952.609
16 1023   -0.00304211 -0.0134149 948.611
16 1024   -0.00236147 -0.0126662 956.694
16 1025   -0.00276187 -0.0123265 967.423
16 1026   -0.00317064 -0.0125524 964.519
16 1027   -0.00346111 -0.0130897 948.119
16 1028   -0.00440918 -0.0130384 917.775
16 1029   -0.00400464 -0.01295 935.024
16 1030   -0.00533384 -0.0121569 837.681
16 1031   -0.00470841 -0.0125512 888.553
16 1032   -0.00511084 -0.0125709 871.184
16 1033   -0.00530792 -0.0115276 791.535
16 1034   -0.00516115 -0.0118683 812.73
16 1035   -0.00488838 -0.0117585 795.93
16 1036   -0.0049169 -0.0114798 758.789
16 1037   -0.00515338 -0.0113559 763.698
16 1043   -0.000608861 0.0193518 969.256
16 1044   0.00160654 0.0191636 967.106
16 1045   0.00227606 0.0179072 968.924
16 1046   0.00214018 0.0156609 967.316
16 1047   0.00142882 0.0169885 969.609
16 1048   0.000141014 0.0167804 969.5
16 1049   0.000342122 0.0157505 968.747
16 1050   0.00136262 0.0151551 965.528
16 1051   0.00208957 0.0136208 943.672
16 1052   0.0012104 0.0134188 935.593
16 1053   0.00106068 0.0141101 955.868
16 1054   0.00155895 0.014259 956.454
16 1055   0.00149609 0.0127593 894.269
16 1056   0.0019195 0.0132538 932.269
16 1057   0.0015386 0.0132007 924.509
16 1058   0.00189736 0.0124718 915.668
16 1059   0.00214051 0.0127696 932.286
16 1061   0.0010481 0.0125522 836.25
16 1062   0.00131163 0.0125095 854.001
16 1063   -0.0035119 -0.0123684 965.323
16 1064   -0.00391855 -0.0125256 943.414
16 1066   -0.00349842 -0.0120784 969.339
16 1074   -0.035221 -0.0215387 872.731
16 1087   -0.00316717 0.0180551 966.476
16 1088   -0.000865017 0.0172818 969.48
16 1089   -0.00158927 0.0184927 969.021
16 1090   -0.00180816 0.0166128 969.46
16 1091   -0.00307692 0.0169074 969.444
16 1092   -0.00166038 0.0155559 969.543
16 1093   -0.00236095 0.0141108 969.591
16 1094   -0.00256626 0.015077 969.505
16 1095   -0.00121911 0.0130485 969.226
16 1096   -0.00142691 0.01379 969.106
16 1097   -0.000153832 0.0152719 968.458
16 1098   -0.000878429 0.0151181 969.096
16 1099   -0.000850264 0.0143184 968.716
16 1100   0.00055553 0.0143428 962.967
16 1101   0.000181256 0.0147125 966.731
16 1102   -0.000300829 0.0142104 967.232
16 1103   0.000320475 0.0138685 960.865
16 1104   -0.000173585 0.013813 965.84
16 1105   0.000766618 0.0132648 935.085
16 1106   0.000381839 0.0134818 954.643
16 1107   0.000778594 0.0128183 888.138
16 1108   0.000521058 0.0126378 869.441
16 1124   -0.000640994 0.0129775 969.335
16 1125   -0.000359251 0.0133985 967.143
16 1126   4.51747e-06 0.012876 961.192
16 1127   9.03494e-06 0.0132521 961.42
16 1129   -0.000259869 0.0126517 967.776
16 1130   -0.000537094 0.0126067 968.968
16 1131   0.00470564 0.0116984 771.894
16 1132   0.00482897 0.0123127 855.507
16 1133   0.00447973 0.0121324 845.587
16 1134   0.0045318 0.0118947 802.543
16 1135   0.0042963 0.0117838 788.648
16 1136   0.00414851 0.0118612 808.372
16 1137   -0.0115298 -0.021007 936.631
16 1140   -0.0334905 0.021029 918.384
16 1144   -0.0386395 0.016503 900.346
16 1146   -0.0406413 0.0185155 884.92
16 1147   -0.0392092 0.0176712 869.197
16 1149   0.00708421 0.0144936 940.861
16 1150   0.00546614 0.0149412 957.204
16 1151   0.00629771 0.0154593 963.569
16 1152   0.00568906 0.0142412 941.264
16 1153   0.00652063 0.0138392 921.746
16 1154   0.00545356 0.0131848 903.122
16 1155   0.00533337 0.0137164 927.54
16 1156   0.00493048 0.0127281 887.66
16 1157   0.00450312 0.0129043 913.317
16 1158   0.00453529 0.0139672 943.04
16 1159   0.00460463 0.0133197 926.15
16 1160   0.00491179 0.0136749 931.392
16 1161   0.0037642 0.0138095 946.815
16 1162   0.00423274 0.0134211 935.361
16 1163   0.0042235 0.0138029 942.727
16 1164   0.00331876 0.0132434 944.877
16 1165   0.0039263 0.0133356 938.54
16 1166   0.00362058 0.0135198 944.051
16 1167   0.00344907 0.0126826 948.212
16 1168   0.0037777 0.0131019 938.597
16 1169   0.00347126 0.0130164 943.921
16 1170   0.00370494 0.0126278 942.148
16 1171   0.00387999 0.0128696 934.782
16 1172   0.00408528 0.0126746 924.091
16 1173   0.00379668 0.0124308 940.979
16 1174   0.0040238 0.0124349 923.494
16 1175   0.00415249 0.0122185 891.812
16 1176   0.00405677 0.0120582 879.744
16 1177   0.00386021 0.0121066 941.99
16 1178   0.00361489 0.012126 961.783
16 1179   0.00372881 0.0122629 949.008
16 1181   0.00381217 0.0119591 965.06
16 1182   0.0036804 0.0119804 967.13
16 1191   0.000748635 -0.0129713 967.875
16 1193   0.000548924 -0.0126085 964.72
16 1218   -0.0358443 -0.0321767 958.904
16 1219   -0.0380996 -0.0281294 967.233
16 1220   -0.0360987 -0.0293534 966.888
16 1221   -0.0199645 -0.022257 968.298
16 1222   -0.0223386 -0.024757 968.824
16 1223   -0.0148136 -0.0242711 967.004
16 1224   -0.0170954 -0.022257 967.411
16 1240   -0.0492247 0.0260077 881.179
16 1243   -0.0108639 0.0209773 925.987
16 1253   -0.0511395 0.0177503 963.446
16 1254   -0.045797 0.0168072 968.169
16 1264   0.00567805 -0.0294571 708.456
16 1286   -0.0511077 -0.0172531 965.184
16 1287   -0.0499365 -0.0144632 969.577
16 1288   -0.047373 -0.0139264 968.568
16 1289   -0.0457595 -0.0159644 967.535
16 1305   0.00362947 -0.027796 797.889
16 1306   0.00467816 -0.0242923 877.168
16 1307   0.00240297 -0.022356 923.75
16 1308   -0.00128837 -0.0215471 967.49
16 1309   0.000300655 -0.0233542 942.556
16 1310   -0.000900139 -0.0249872 941.695
16 1381   -0.00449849 0.0313358 919.526
16 1382   -0.0013986 0.026651 933.003
16 1383   -0.00134615 0.0328585 847.486
16 1387   -0.0438959 -0.0209984 965.671
16 1388   -0.0459625 -0.0190142 969.368
16 1438   -0.0399502 -0.0296036 945.93
16 1439   -0.0445731 -0.0336509 794.133
16 1440   -0.043997 -0.0283396 913.818
16 1441   -0.0418003 -0.0282828 942.045
16 1442   -0.0415359 -0.0261918 965.581
16 1443   -0.0385993 -0.0260903 965.889
16 1444   -0.0401855 -0.0254735 966.505
16 1445   -0.0362922 -0.0247518 937.339
16 1446   -0.0377227 -0.0253378 948.913
16 1447   -0.0384677 -0.024083 908.595
16 1469   -0.0334967 0.0321347 965.828
16 1470   -0.0360921 0.0322881 957.587
16 1471   -0.0365089 0.0294995 965.735
16 1472   -0.0325193 0.0291927 969.431
16 1473   -0.0346261 0.027875 969.135
16 1493   -0.00693576 -0.0167232 874.697
16 1503   0.00432363 -0.0124596 896.424
16 1504   0.00424803 -0.0121206 879.872
16 1505   0.00390694 -0.0125358 925.635
16 1506   0.00352651 -0.0121422 962.715
16 1507   0.0037517 -0.0122813 938.744
16 1508   0.003911 -0.0121124 914.387
16 1510   0.00359212 -0.0119886 959.1
16 1511   0.0037795 -0.0119582 929.506
16 1637   -0.0417068 0.0219428 927.929
16 1638   -0.0410253 0.023547 940.523
16 1639   -0.0396759 0.0233358 892.922
16 1640   -0.0404055 0.0199216 839.539
16 1641   -0.039829 0.0221299 829.714
16 1642   -0.0408858 0.0213333 880.024
16 1643   -0.038779 0.0212168 670.872
16 1644   -0.0389734 0.0199107 714.35
16 1645   -0.00642136 -0.0226431 851.12
16 1646   -0.00575396 -0.0216837 808.329
16 1647   -0.0064713 -0.0206258 614.572
16 1658   -0.00738176 -0.0102703 603.37
16 1659   -0.00714528 -0.0103942 770.399
16 1672   -0.0387792 -0.0216773 761.438
16 1673   -0.0384165 -0.0207554 567.247
16 1674   -0.0372735 -0.0209739 653.24
16 1677   0.00717117 -0.010911 872.27
16 1685   0.00700676 -0.0105047 867.814
16 1686   0.00733559 -0.0103324 911.011
16 1689   -0.00701972 0.0172536 962.726
16 1690   -0.00530662 0.0180266 949.298
16 1691   -0.00637506 0.0161546 967.458
16 1692   -0.00541449 0.0163646 968.694
16 1693   -0.00712373 0.0190143 834.097
16 1694   -0.00664345 0.0181688 921.331
16 1695   -0.00589092 0.0187319 904.222
16 1696   -0.00604141 0.0199656 786.153
16 1697   -0.00679394 0.0200361 622.098
16 1709   -0.00697816 0.0105403 852.87
16 1713   -0.00732605 0.0102246 921.756
16 1714   -0.00732605 0.0104915 901.546
16 1720   0.00714431 0.0121195 840.409
16 1721   0.00658072 0.0128707 876.453
16 1722   0.00586934 0.0127412 872.805
16 1723   0.00684871 0.0113036 826.873
16 1724   0.00588559 0.0120299 834.221
16 1725   0.00562248 0.0112222 803.58
16 1726   0.00606587 0.0109899 849.646
16 1727   0.00630137 0.0113435 831.88
16 1728   0.00550351 0.0115209 794.918
16 1729   0.00520547 0.0121414 829.597
16 1730   0.00553111 0.011975 822.268
16 1731   0.00511838 0.0118367 797.514
16 1732   0.00494175 0.0116929 777.154
16 1733   0.00525237 0.0115322 779.115
16 1734   0.00500185 0.0114271 741.719
16 1735   0.00514965 0.0113497 750.994
16 1769   -0.040435 -0.0163478 921.075
16 1770   -0.0393274 -0.0150141 931.559
16 1771   -0.0381091 -0.0161158 907.362
16 1772   -0.0380538 -0.0185835 794.576
16 1773   -0.038663 -0.0171993 875.375
16 1774   -0.0397706 -0.0176997 881.081
16 1775   -0.0398967 -0.0193784 824.089
16 1776   -0.038789 -0.0197114 707.541
16 1792   -0.00847487 0.0223428 873.922
16 1793   -0.00938236 0.021466 881.261
16 1794   -0.00873003 0.0204886 810.671
16 1795   -0.00749275 0.0217537 788.794
16 1796   -0.00749637 0.0208769 646.931
16 1817   -0.0491201 0.0311769 716.206
16 1818   -0.0505853 0.0286713 760.854
16 1826   -0.0517674 0.0337472 671.751
16 1827   -0.0503022 0.0337472 675.697
16 1847   0.00139834 -0.0141517 967.219
16 1848   0.00150361 -0.0149644 965.545
16 1849   0.000846703 -0.0150254 968.155
16 1850   0.000284001 -0.0141734 969.603
16 1851   0.000617572 -0.0144184 969.121
16 1852   0.000903103 -0.0140597 968.664
16 1853   0.000674715 -0.0133964 968.795
16 1854   0.000714858 -0.0137731 968.998
16 1855   0.000424207 -0.0138563 969.441
16 1856   2.49737e-05 -0.0134143 969.65
16 1857   0.000320743 -0.0136067 969.494
16 1858   0.000447386 -0.0133525 969.062
16 1859   1.30727e-05 -0.0131703 969.547
16 1860   0.000290159 -0.0131501 968.847
16 1861   0.000317778 -0.0128312 965.785
16 1862   0.00015377 -0.0126603 958.178
16 1863   -0.000144154 -0.0129678 969.612
16 1864   -3.10747e-05 -0.0127767 968.175
16 1865   -0.000399101 -0.0137831 968.737
16 1866   -0.000258895 -0.013466 969.117
16 1867   -0.000826632 -0.0135694 964.077
16 1868   -0.000968632 -0.012997 948.599
16 1869   -0.000824969 -0.0132624 960.16
16 1870   -0.000547883 -0.0132422 965.697
16 1871   -0.000770158 -0.0128755 948.799
16 1872   -0.000556393 -0.0129824 962.078
16 1873   -0.000586977 -0.0125258 924.66
16 1874   -0.000782059 -0.0126315 921.877
16 1875   -0.00036131 -0.0128767 966.763
16 1876   -0.000379993 -0.0126642 961.778
16 1879   -0.00012242 -0.0125849 967.858
16 1880   -0.000254182 -0.0125635 966.601
16 1881   -0.00420177 -0.0118656 844.917
16 1882   -0.00455284 -0.0122203 873.735
16 1883   -0.00443824 -0.0117417 801.725
16 1884   -0.00464619 -0.0118965 819.462
16 1885   -0.00426243 -0.0122398 907.077
16 1886   -0.0040726 -0.0123265 934.388
16 1887   -0.0041193 -0.0120399 906.119
16 1888   -0.00373237 -0.0121135 967.788
16 1889   -0.0038999 -0.0122045 953.496
16 1890   -0.00395905 -0.0120487 947.854
16 1892   -0.0038574 -0.0119471 968.985
16 1893   -0.00372563 -0.0119685 969.072
16 1897   -0.0374709 0.021322 692.686
16 1898   -0.0352198 0.0215435 872.825
16 1922   0.00294511 -0.0329214 700.757
16 1923   0.00658902 -0.0329214 673.535
16 1924   0.00476707 -0.0315357 691.439
16 1927   0.00385609 -0.0343071 686.4
16 1928   0.00567805 -0.0343071 673.756
16 1937   0.000323416 0.0126698 902.947
16 1938   0.000191655 0.0126912 933.762
16 1947   -0.049831 -0.028673 770.73
16 1948   -0.0503024 -0.0337715 675.729
16 1949   -0.0467707 -0.0324224 739.149
16 1950   -0.0462993 -0.0297809 833.039
16 1953   -0.0517675 -0.030086 706.841
16 1954   -0.0517675 -0.032543 678.54
16 1991   -0.0407282 -0.0219824 880.67
16 1992   -0.0395498 -0.0220863 820.867
16 1993   -0.0411969 -0.0232478 936.978
16 1994   -0.0394293 -0.0234037 890.857
16 1995   -0.0402706 -0.0240416 937.984
16 2008   -0.0085208 -0.022543 879.014
16 2009   -0.00895821 -0.0205035 818.129
16 2010   -0.00964795 -0.0215105 889.036
16 2011   -0.00748357 -0.0220887 807.342
16 2012   -0.00749737 -0.0210563 666.712
16 2013   -0.0381028 0.0253359 949.725
16 2014   -0.0387017 0.0239321 904.783
16 2015   -0.0365434 0.0247498 936.047
16 2016   -0.0363626 0.0230529 880.838
16 2017   -0.0375467 0.0228315 836.336
16 2018   -0.00461337 0.0116691 797.118
16 2019   -0.00480195 0.0118836 824.285
16 2020   -0.00475277 0.0157659 967.119
16 2021   -0.00343923 0.0154363 968.956
16 2022   -0.00380211 0.0162098 969.586
16 2023   -0.00497514 0.0142688 949.004
16 2024   -0.0040505 0.0149432 965.613
16 2025   -0.00472928 0.0150415 961.999
16 2026   -0.00371325 0.0138182 963.859
16 2027   -0.00408271 0.0143635 962.004
16 2028   -0.00451001 0.0139775 951.525
16 2029   -0.00391187 0.0133772 958.119
16 2030   -0.00436923 0.0134873 946.718
16 2031   -0.00450044 0.0130833 932.272
16 2032   -0.00479293 0.0127712 909.652
16 2033   -0.00423992 0.012776 935.567
16 2034   -0.00437178 0.0125095 917.201
16 2035   -0.00466733 0.0122287 890.033
16 2036   -0.00469611 0.0124497 901.061
16 2037   -0.00407894 0.0121756 924.751
16 2038   -0.00441765 0.0122262 902.644
16 2039   -0.00426835 0.012351 916.755
16 2041   -0.00437007 0.0117966 845.289
16 2042   -0.00413395 0.0119436 894.835
16 2043   -0.00430898 0.0120085 891.206
16 2044   0.00476946 0.028098 779.547
16 2045   0.00477475 0.0336194 682.563
16 2046   0.0013791 0.0314779 774.514
16 2047   0.00137382 0.0287176 854.153
16 2050   0.00659158 0.0294778 708.713
16 2051   0.00659158 0.0322389 678.105
16 2064   -0.0365644 -0.0205129 757.893
16 2065   -0.0355089 -0.0205129 837.412
16 2125   -0.0364657 -0.0236062 899.627
16 2126   -0.0360677 -0.0225698 867.25
16 2127   -0.0376441 -0.0235023 876.773
16 2128   -0.0370647 -0.022005 795.67
16 2129   -0.0378352 -0.0224139 806.065
16 2159   -0.00352434 0.0126738 967.804
16 2160   -0.00376658 0.0129755 960.542
16 2161   -0.00396342 0.0127784 951.561
16 2162   -0.00361599 0.0124519 966.526
16 2163   -0.00382638 0.0125015 956.682
16 2164   -0.00378911 0.0120372 959.364
16 2165   -0.00389909 0.0122132 947.53
16 2166   -0.00341743 0.0121108 957.676
16 2167   -0.00355422 0.0122406 969.192
16 2168   -0.00365464 0.0121141 968.284
16 2170   -0.00345184 0.011995 950.438
16 2171   -0.00358385 0.0119735 968.74
16 2249   -0.00867747 -0.033507 946.304
16 2250   -0.00609216 -0.033507 921.49
16 2283   -0.00536777 0.0256127 969.231
16 2284   -0.00377067 0.0267175 957.803
16 2285   -0.00665611 0.0275372 966.21
16 2286   -0.00505901 0.0286419 949.808
16 2293   -0.00243069 -0.0241173 966.806
16 2294   -0.00399938 -0.0222873 929.334
16 2295   -0.0025923 -0.0223381 964.935
16 2296   -0.00693576 -0.0142232 884.737
16 2308   -0.0354953 0.0205145 837.507
16 2309   -0.0365621 0.0205145 763.663
16 2314   0.00192865 -0.012461 967.936
16 2318   0.00232985 -0.0122589 952.396
16 2319   0.00220824 -0.0125526 967.45
16 2320   0.00244903 -0.0127879 969.573
16 2321   0.00271182 -0.0130202 967.384
16 2322   0.00295887 -0.0128387 967.349
16 2323   0.00253236 -0.0123608 958.309
16 2324   0.00278919 -0.0125891 969.284
16 2325   0.00260295 -0.0126237 969.174
16 2326   0.00289243 -0.0122294 946.948
16 2327   0.00265589 -0.01227 949.005
16 2328   0.00278132 -0.0123822 963.376
16 2330   0.00269529 -0.0121289 920.07
16 2331   0.00283872 -0.0121056 910.775
16 2341   -0.0497789 0.0215408 940.653
16 2342   -0.0497789 0.0194603 957.645
16 2343   -0.0470579 0.0187191 968.387
16 2344   -0.0444629 0.0210697 968.927
16 2345   -0.0477381 0.0215051 953.727
16 2346   -0.0463776 0.0200942 967.615
16 2361   -0.00602873 0.0334773 924.929
16 2362   -0.00861315 0.0334773 948.689
16 2395   -0.00471554 -0.0319696 913.605
16 2396   -0.00152581 -0.0320769 854.55
16 2397   -0.0015845 -0.0273411 920.952
16 2398   6.95294e-05 -0.0290301 872.719
16 2399   -0.00668325 -0.0281928 962.153
16 2400   -0.00531547 -0.0296858 938.466
16 2401   -0.00377976 -0.028104 939.691
16 2402   -0.00587342 -0.0266332 967.894
16 2403   -0.00442167 -0.0265888 962.636
16 2404   -0.00375696 -0.024956 968.815
16 2405   -0.00456364 -0.0240886 959.457
16 2406   -0.00655409 -0.0107039 859.649
16 2407   -0.00694511 -0.0113768 822.817
16 2408   -0.00726352 -0.0109572 803.254
16 2409   -0.00702705 -0.0106645 808.096
16 2410   -0.00654942 -0.011398 830.512
16 2411   -0.00639488 -0.0110179 846.573
16 2412   -0.00601681 -0.0132155 876.082
16 2413   -0.00721788 -0.0131533 861.483
16 2414   -0.00665364 -0.0136264 878.043
16 2415   -0.00688131 -0.0123101 840.503
16 2416   -0.00691761 -0.0127522 852.754
16 2417   -0.00628078 -0.0127579 858.512
16 2418   -0.00571241 -0.012178 838.561
16 2419   -0.00608527 -0.0124215 848.64
16 2420   -0.00640369 -0.0122103 839.947
16 2421   -0.00558303 -0.0114987 806.267
16 2422   -0.00581483 -0.0118605 825.16
16 2423   -0.00625149 -0.0115874 827.47
16 2424   -0.00616955 -0.011883 830.588
16 2426   -0.00566497 -0.0112031 817.662
16 2429   -0.00597871 -0.0112692 829.983
16 2430   -0.00604017 -0.0109954 852.43
16 2494   -0.0380697 0.0190849 764.436
16 2495   -0.0380697 0.0182515 819.215
16 2507   9.79117e-06 0.0249687 936.885
16 2508   0.00277956 0.0249648 907.754
16 2509   0.00352548 0.0232105 922.385
16 2510   0.00228415 0.0217741 949.243
16 2511   -0.00106394 0.0208042 969.089
16 2512   0.000443735 0.0221214 959.399
16 2513   -0.0010847 0.0235617 961.692
16 2514   -0.00325196 0.0214681 950.415
16 2515   -0.00343786 0.0231621 961.347
16 2658   -0.0495952 -0.0261238 874.318
16 2659   -0.0515317 -0.0238513 902.146
16 2660   -0.0472347 -0.0244271 925.629
16 2661   -0.0477789 -0.0209024 955.962
16 2662   -0.0501394 -0.0201421 950.933
16 2692   -0.00597244 -0.0189078 813.1
16 2693   -0.00653668 -0.0196846 705.714
16 2694   -0.00665364 -0.0180014 838.303
16 2695   -0.00721788 -0.0187783 778.174
16 2722   -0.0378394 0.0336824 940.007
16 2731   -0.00701912 -0.0245159 941.477
16 2732   -0.00637405 -0.0236041 910.7
16 2733   -0.00623478 -0.0254308 966.265
16 2734   -0.00558971 -0.0245191 954.827
16 2735   -0.0439828 -0.0232525 967.416
16 2736   -0.0448309 -0.0262769 930.546
16 2737   -0.0455052 -0.0247931 941.28
16 2738   -0.0425473 -0.0239661 968.021
16 2739   -0.0429714 -0.0254783 961.722
16 2797   -0.046096 0.012183 965.411
16 2798   -0.0487174 0.0098849 966.028
16 2799   -0.0512391 0.0116282 968.579
16 2800   -0.0472572 0.0145961 968.776
16 2801   -0.0498786 0.014798 969.553
16 2811   -0.0376949 -0.0336509 941.169
16 2814   -0.0398 -0.0323018 923.743
16 2815   -0.0417548 -0.0336509 892.178
16 2822   -0.0259048 -0.0325 969.648
16 2825   -0.0226374 -0.029757 969.606
16 2826   -0.0204166 -0.032257 969.639
16 2830   -0.0174902 -0.0308855 969.529
16 2831   -0.015012 -0.0336285 967.476
16 2832   -0.0150552 -0.0278996 969.612
16 2833   -0.0113595 -0.0291496 967.7
16 2834   -0.0112092 -0.0321355 961.809
16 2840   -0.0428003 0.0251077 965.592
16 2841   -0.0441608 0.0265186 936.444
16 2842   -0.0466297 0.0252374 922.216
16 2843   -0.0445889 0.0231211 965.415
16 2844   -0.0465037 0.023186 949.395
16 2857   -0.0258073 0.0325 969.654
16 2860   -0.0203199 0.0322273 969.656
16 2861   -0.0224878 0.0297273 969.576
16 2877   -0.0149484 0.0336136 967.86
16 2878   -0.0173679 0.030841 969.585
16 2879   -0.0148701 0.0277956 969.583
16 2880   -0.0112017 0.0290456 968.065
16 2881   -0.0111151 0.032091 962.81
16 2906   -0.043596 0.012183 959.909
16 2907   -0.0387391 0.0116267 949.62
16 2908   -0.0412174 0.00988335 957.532
16 2909   -0.0422572 0.0145961 950.264
16 2910   -0.0398786 0.014798 934.606
16 2915   -0.0405557 0.0297296 938.6
16 2916   -0.0433759 0.0284768 919.894
16 2917   -0.0419043 0.0336824 889.805
16 2918   -0.0400998 0.0323648 920.154
16 2919   -0.0447245 0.0336824 787.617
16 2920   -0.0457401 0.031112 812.587
52 185   0.00282247 -0.00109834 951.085
52 186   -0.00288698 0.00227967 952.126
52 187   0.00469147 -0.00205265 940.061
52 188   0.0010205 -0.00226208 957.406
52 189   0.000948183 0.0022347 958.118
52 190   -0.000877294 -0.0010621 956.256
52 191   -0.00475772 0.00129525 940.458
52 192   -0.000922241 0.00112349 955.971
52 193   0.0027951 0.00121285 952.705
52 194   0.00468001 0.00453015 956.099
52 195   -0.0029242 0.00429502 957.768
52 196   0.00449731 0.0023315 948.66
52 197   0.000945119 -0.00430628 963.045
52 198   0.00476338 -0.00408348 943.177
52 199   -0.00083323 -0.00529772 966.572
52 200   0.0060867 0.00156484 937.196
52 201   0.00632666 0.00511069 946.585
52 202   0.00221058 -0.00543366 965.325
52 203   -0.00588192 -0.00493686 950.511
52 204   -0.000617477 -0.00691951 969.518
52 205   -0.00156704 -0.00801188 969.194
52 206   0.00354494 -0.00534981 959.724
52 207   0.000837484 -0.00759268 967.972
52 208   0.0018872 -0.00709827 969.116
52 209   -0.000595054 -0.00919757 964.15
52 210   -0.000558456 0.00792101 966.929
52 211   0.00698486 0.00618716 943.514
52 212   -0.00688779 -0.00609597 945.661
52 213   0.000735987 -0.00890794 957.991
52 214   0.00742633 0.00402516 932.225
52 215   -0.00562532 -0.0077118 968.514
52 216   -0.00666219 -0.00713767 958.677
52 217   -0.0015188 0.00880805 949.024
52 218   0.00846377 0.00449016 914.295
52 219   0.0014499 -0.00950218 938.822
52 220   0.00833434 0.00580881 910.942
52 221   -0.00784799 -0.00586034 924.12
52 222   0.0090479 0.00627027 886.631
52 223   0.00922213 0.00413699 907.166
52 224   -0.0081958 -0.00513985 915.195
52 225   0.00932779 0.00354617 931.994
52 226   -0.0086753 -0.00692039 912.127
52 227   0.00136246 -0.0102824 935.435
52 228   0.00871359 0.00519734 902.208
52 229   -0.00229929 0.0100506 892.672
52 230   -0.00844644 -0.00633341 911.262
52 231   -0.00280923 0.00969085 877.648
52 232   -0.00887285 -0.00535347 898.192
52 233   -0.00935483 -0.00683656 887.182
52 234   -0.00962612 -0.00368204 925.025
52 235   -0.0092779 -0.00441296 901.483
52 236   -0.0018833 0.0112023 927.305
52 237   0.00203415 -0.0104245 901.97
52 238   -0.00241909 0.0106073 869.546
52 239   -0.00894857 -0.00592405 894.142
52 240   0.00967474 0.00599468 811.285
52 241   0.00244583 -0.0100737 884.387
52 242   0.00940226 0.00524696 860.983
52 243   0.00973723 0.00456357 869.775
52 244   -0.00969034 -0.00424356 896.379
52 245   -0.00324285 0.0105636 813.688
52 246   -0.00925094 -0.00516813 881.664
52 247   -0.00222797 0.0109507 880.106
52 248   -0.00293069 0.0107638 815.359
52 249   -0.00939555 -0.00484989 881.579
52 250   0.00174727 -0.0113046 942.039
52 251   -0.00935347 -0.00603947 863.965
52 252   -0.0100666 -0.00458781 845.948
52 253   0.00281113 -0.0102799 855.411
52 254   0.0031696 -0.0102598 837.174
52 255   -0.00953086 -0.00636501 848.945
52 256   0.00964986 0.00558285 809.206
52 257   0.00198635 -0.0115708 940.524
52 258   0.00216326 -0.0107781 890.585
52 259   0.00966755 0.00496636 838.513
52 260   0.0101242 0.0046045 827.024
52 261   -0.00962684 -0.00547724 822.03
52 262   -0.00965364 -0.005778 810.748
52 263   -0.0099205 -0.00625377 778.974
52 264   0.0100581 0.00608822 746.707
52 265   0.00279321 -0.0106715 835.238
52 266   -0.0100793 -0.0049207 794.499
52 267   -0.0098207 -0.00501337 819.007
52 268   0.00202798 -0.0110483 905.729
52 269   0.00255702 -0.0108188 849.018
52 270   -0.00996468 -0.0059262 751.689
52 271   -0.00989768 -0.00532959 776.762
52 272   -0.00202299 0.0115802 938.882
52 273   -0.00297428 0.0110895 778.966
52 274   -0.00253895 0.0112305 835.87
52 275   0.0100064 0.00511235 770.66
52 276   0.00257812 -0.0110951 833.99
52 277   0.00233911 -0.0114294 880.416
52 278   0.00232524 -0.0111989 872.238
52 279   -0.0101824 -0.00580082 713.486
52 280   0.00998929 0.00551524 743.555
52 281   -0.0101414 -0.00542722 726.01
52 282   0.0101956 0.00497793 762.896
52 283   -0.00234143 0.011552 895.321
52 284   0.00276716 -0.0112289 792.21
52 285   0.00257007 -0.0115395 839.762
52 286   -0.00251272 0.0114539 844.653
52 287   0.0100806 0.00532534 737.955
52 288   -0.00277365 0.0112129 789.624
52 289   -0.0103346 -0.00530075 714.594
52 290   0.0103903 0.00511061 726.686
52 291   0.0102038 0.00580829 711.327
52 292   0.00274525 -0.0114429 774.901
52 293   -0.0102195 -0.00559823 708.223
52 294   0.0101598 0.00564714 713.286
52 295   0.0102931 0.00538396 706.283
52 296   -0.00314312 0.0112113 733.711
52 297   0.0104137 0.00530365 703.37
52 298   0.0103226 0.00554523 697.391
52 299   -0.00269487 0.0115538 800.856
52 300   -0.00286346 0.0113858 741.408
52 301   -0.0103468 -0.00585163 698.839
52 302   0.0103745 0.00579938 695.919
52 303   0.0104363 0.00561355 686.732
52 304   -0.0028109 0.0115033 734.565
52 305   -0.0104786 -0.00538696 697.541
52 306   -0.0103988 -0.00557883 691.029
52 307   -0.00305055 0.0113512 682.935
52 308   -0.0104646 -0.00549402 689.135
52 309   0.0105231 0.00558438 679.312
52 310   -0.0104639 -0.00564578 684.443
52 311   -0.00297151 0.0114023 672.007
52 312   0.0105296 0.00535078 694.091
52 313   0.0105448 0.00543235 686.081
52 314   -0.010449 -0.00571599 686.732
52 315   0.0105452 0.00551732 679.204
52 316   -0.0105667 -0.00536097 697.401
52 317   0.0104443 0.00570655 687.391
52 318   -0.0105516 -0.00560393 676.994
52 319   -0.0105504 -0.00551163 681.486
52 320   -0.00298729 0.0114895 544.186
52 321   -0.00303798 0.0115021 435.731
52 322   0.010608 0.0055375 672.871
52 323   -0.0105723 -0.00555458 676.512
52 324   -0.0106167 -0.00554603 673.135
52 325   -0.00304752 0.0116041 2.74073
52 326   0.00359288 0.00565142 964.759
52 327   0.00381997 0.00723151 969.049
52 369   -0.0010388 -0.0100464 960.909
52 370   -0.000432731 -0.0105852 956.843
52 378   -0.00644494 0.0020072 923.371
52 379   -0.00814333 0.00103812 907.268
52 380   -0.00800266 0.00334813 900.703
52 381   -0.00658694 0.00315302 920.16
52 382   -0.00808959 0.00446434 900.295
52 414   0.00901556 0.00691654 902.096
52 415   -0.00426933 0.00538935 954.727
52 416   0.00117943 0.00390449 962.086
52 417   0.00245437 0.00505207 964.526
52 418   0.00171265 0.00613394 968.194
52 419   -0.00135919 0.00479038 964.52
52 420   0.000177592 0.00442717 964.212
52 421   0.000697845 0.00554554 967.284
52 422   -0.00135347 0.00584351 967.902
52 423   -0.000696366 0.00700913 969.525
52 424   -0.000187548 0.00602124 968.596
52 425   -0.00206078 0.00652819 969.203
52 426   -0.0016638 0.00713462 969.414
52 427   -0.00372096 0.0066107 966.036
52 428   -0.00282301 0.00676024 969.238
52 429   -0.00497858 0.00733797 960.445
52 430   -0.00370373 0.00756746 969.214
52 431   -0.00418152 0.00703207 966.332
52 433   -0.0049415 0.00800628 966.695
52 435   0.00401214 -0.00662401 964.757
52 437   0.00494271 -0.00799945 966.755
52 461   0.00292903 -0.0115106 580.824
52 462   0.00286319 -0.0115431 696.946
52 464   0.00295166 -0.0115899 402.196
52 479   0.0106007 0.00541756 686.042
52 481   0.00298458 -0.0115737 316.913
52 482   0.00344208 -0.0100027 837.236
52 493   0.00335231 -0.0105551 811.906
52 495   0.00302482 -0.0107588 811.326
52 496   0.0033182 -0.0108092 790.497
52 497   0.00322545 -0.0106626 808.513
52 498   0.00319504 -0.011086 759.428
52 499   0.00319776 -0.0109025 785.708
52 500   0.00303738 -0.0109082 795.56
52 501   0.00308499 -0.0111548 756.504
52 502   0.002914 -0.011182 772.804
52 503   0.0029737 -0.0110503 784.811
52 504   0.00310517 -0.0113753 639.443
52 505   0.00307069 -0.0112744 722.122
52 506   0.0029799 -0.0112987 731.384
52 507   0.00304878 -0.0114199 616.089
52 508   0.00296248 -0.0114495 645.755
52 509   0.00298446 -0.0113848 691.138
52 510   0.00307291 -0.0114965 429.566
52 511   0.0030495 -0.011467 522.054
52 512   0.0030086 -0.0114845 522.245
52 513   0.00301418 -0.0115142 441.475
52 514   0.00300194 -0.0115443 376.216
52 515   0.00304858 -0.0115114 406.367
52 516   0.00302417 -0.0115489 304.015
52 517   0.00304812 -0.0115336 329.202
52 518   0.00305944 -0.0115479 232.376
52 519   0.00304422 -0.0115629 171.222
52 520   0.00302677 -0.0115636 226.038
52 522   0.00304686 -0.0115769 69.9509
52 581   0.00662674 0.00706396 957.667
52 582   0.00454528 0.00798428 969.298
52 583   0.00560671 0.00786153 968.872
52 590   -0.00563243 -0.008637 965.832
52 591   -0.00486624 -0.00923078 952.214
52 592   -0.00625125 -0.00934664 925.136
52 593   -0.00626295 -0.00876993 962.565
52 594   -0.00670332 -0.00946422 901.616
52 634   -0.00502206 -0.000372902 940.974
52 635   -0.00676918 -0.00130421 933.394
52 636   -0.00247523 -0.00161921 954.664
52 637   -0.0040894 -0.00103793 947.86
52 638   -0.00474864 -0.00218743 947.637
52 639   -0.00202908 -0.00436608 963.049
52 640   -0.00247815 -0.00274941 957.214
52 641   -0.0037908 -0.00278802 953.757
52 642   -0.00466161 -0.00492171 958.23
52 643   -0.00295238 -0.00492564 963.314
52 644   -0.00373107 -0.00388373 957.613
52 645   -0.00476772 -0.00716428 968.088
52 646   -0.00335647 -0.00597523 966.298
52 647   -0.00440938 -0.005952 963.931
52 648   -0.0026906 -0.00781626 969.485
52 649   -0.00408865 -0.00753317 969.389
52 650   -0.00334097 -0.00684185 968.702
52 651   -0.00411811 -0.00915587 962.034
52 652   -0.00300248 -0.00864332 968.642
52 653   -0.00387408 -0.00837185 968.809
52 654   -0.00286592 -0.00953678 966.256
52 655   -0.00360771 -0.00970367 962.266
52 656   -0.00384878 -0.0102255 958.55
52 657   -0.00413238 -0.0109512 966.317
52 688   -0.00157509 -0.0112361 938.165
52 689   -0.00100774 -0.0110033 948.866
52 690   -0.000704706 -0.0112727 942.842
52 691   -0.000946702 -0.0115886 890.869
52 692   -0.000724415 -0.0117908 873.095
52 693   -0.000461879 -0.0117678 942.415
52 694   0.00407294 0.00893605 964.279
52 697   0.00443158 0.0096002 948.72
52 698   0.00416793 0.0101605 945.166
52 699   0.0038301 0.0102851 960.197
52 707   -0.00746723 -0.00758965 952.809
52 708   -0.00832513 -0.00738187 930.136
52 710   -0.00862721 -0.00779889 932.585
52 711   -0.00831657 -0.00821109 945.355
52 726   0.00753617 -0.00395292 905.56
52 727   0.00608531 -0.00455298 927.576
52 728   0.00803901 -0.00485344 903.491
52 733   -0.0030489 0.0115456 251.878
52 755   -0.00155572 -0.0116218 907.682
52 791   0.00266396 -0.00770581 964.802
52 792   0.00345455 -0.0073154 969.438
52 797   -0.00610566 -0.00972807 888.806
52 798   -0.00582618 -0.00991422 875.785
52 816   0.00586272 -0.00575352 934.392
52 817   0.00500799 -0.00655823 953.525
52 818   0.00529181 -0.00729031 954.503
52 819   0.00598345 -0.00735467 937.565
52 820   0.00647447 -0.00701159 915.444
52 839   -0.00447564 0.00811136 969.289
52 840   -0.00403493 0.00797845 966.673
52 842   -0.00430919 0.00876929 926.25
52 843   -0.0045547 0.00859774 963.685
52 850   -0.0105838 -0.00543276 689.282
52 851   -0.0106179 -0.00544225 688.856
52 852   -0.0105814 -0.00547636 683.767
52 853   -0.010608 -0.00549343 680.934
52 854   -0.010623 -0.00547826 684.309
52 855   -0.0106426 -0.00548866 685.076
52 856   -0.00296418 0.0115283 495.91
52 857   -0.00296738 0.0115926 302.896
52 858   -0.00289585 0.0115586 616.278
52 859   -0.00290565 0.011598 526.971
52 860   -0.00299072 0.0115542 368.724
52 861   -0.00298412 0.011579 292.889
52 863   -0.00300449 0.0115973 93.3694
52 865   -0.00911498 -0.00230937 944.199
52 866   -0.00812964 -0.00119961 926.97
52 867   -0.00877734 -9.885e-05 908.417
52 926   -0.0103237 -0.00505234 751.181
52 927   -0.0103755 -0.00516855 729.045
52 970   0.00610805 0.00852373 967.364
52 971   0.00717917 0.00843427 966.522
52 972   0.00742007 0.00893794 967.909
52 973   0.0058134 0.00907212 950.217
52 987   0.00179986 0.0101895 961.961
52 988   0.000149031 0.0102229 957.481
52 989   0.000819502 0.00976442 961.324
52 990   0.000527323 0.0109157 954.956
52 991   0.000386242 0.0116881 953.306
52 992   0.000690866 0.0117151 890.791
52 996   0.00442143 0.0109282 936.119
52 998   -0.00114904 -0.0117257 846.774
52 999   -0.00131171 -0.0116842 881.245
52 1006   0.00492608 0.00963313 931.022
52 1007   0.00533421 0.00939463 934.937
52 1008   0.00554105 0.0101935 852.664
52 1009   0.00565875 0.00980279 891.702
52 1010   0.00520919 0.0102418 863.369
52 1011   0.00491876 0.0100896 901.59
52 1012   0.00460358 0.0103888 908.971
52 1013   0.00462586 0.0106861 885.533
52 1014   0.00484076 0.0107828 813.016
52 1015   0.00520223 0.0105754 816.543
52 1016   0.00501559 0.0106998 797.542
52 1071   -0.00544893 -0.00992276 888.233
52 1072   -0.00497392 -0.00975368 926.088
52 1073   -0.00534204 -0.0104126 835.281
52 1111   0.00168859 0.0107628 955.508
52 1112   0.00108653 0.0110305 945.832
52 1114   0.00164751 0.0115756 917.652
52 1183   -0.0059702 0.00414362 928.988
52 1184   -0.00530259 0.00507655 941.086
52 1185   -0.00704792 0.00483325 915.435
52 1186   -0.00585947 0.00595065 934.505
52 1187   -0.00689694 0.0056098 918.653
52 1189   -0.00743159 0.00598268 914.148
52 1190   -0.00709358 0.00647721 911.816
52 1203   -0.00658766 0.00674098 912.75
52 1204   -0.00558 0.00724046 947.492
52 1205   -0.0058882 0.0065873 935.052
52 1206   -0.00652497 0.00722259 913.784
52 1207   -0.00603395 0.00756568 937.204
52 1248   0.00447413 -0.00805304 969.491
52 1249   0.00387823 -0.0078408 967.841
52 1251   0.00455199 -0.00854625 964.94
52 1252   0.00430648 -0.0087178 928.866
52 1274   0.00732179 -0.00549373 913.683
52 1275   0.00667877 -0.00649128 914.093
52 1276   0.00659636 -0.00579376 920.924
52 1278   0.00757321 -0.00594399 913.523
52 1279   0.0072352 -0.00643852 912.713
52 1325   0.00862069 -0.000395617 902.893
52 1326   0.00801552 -0.0028763 902.068
52 1327   0.00649274 -0.00144552 922.396
52 1328   0.00681524 -0.000129025 923.775
52 1329   0.00928037 -0.001536 894.905
52 1330   0.0089977 -0.00270019 896.635
52 1392   -0.00310134 0.0114057 602.334
52 1393   -0.003073 0.0114693 489.239
52 1423   0.000891366 -0.0106255 953.284
52 1424   0.00025384 -0.0106737 960.436
52 1425   0.0012314 -0.0111852 960.13
52 1426   0.000876952 -0.0115034 969.281
52 1427   0.000436456 -0.0113945 969.094
52 1428   0.000153381 -0.0111246 965.369
52 1429   -0.000209613 -0.0115984 963.506
52 1430   -0.000230153 -0.0113055 960.207
52 1432   0.000325727 -0.0116989 968.454
52 1433   6.31918e-05 -0.0117219 969.366
52 1458   0.00633434 0.00918331 937.869
52 1459   0.00671039 0.00957703 884.116
52 1460   0.0068699 0.00913859 942.593
52 1461   0.00699035 0.00939042 907.503
52 1462   0.00599061 0.00975448 887.148
52 1463   0.00618702 0.00945751 914.201
52 1464   0.00644261 0.00959939 891.223
52 1467   0.00615288 0.00995857 861.116
52 1468   0.00633952 0.00983416 869.217
52 1559   0.0106182 0.00545667 681.911
52 1572   0.00299464 -0.0115996 161.122
52 1577   0.00302021 -0.0115777 150.691
52 1578   0.0030111 -0.0115914 116.937
52 1579   0.00302155 -0.0116039 21.5156
52 1580   0.00303924 -0.0115837 53.9117
52 1581   0.00303004 -0.0115838 77.1467
52 1582   0.00303176 -0.0115966 19.6602
52 1583   0.00304103 -0.0116066 3.66173
52 1584   0.00303945 -0.0115999 7.53122
52 1585   0.00304342 -0.0115935 13.1895
52 1592   0.0106624 0.00550026 763.619
52 1594   0.0106586 0.00550535 708.009
52 1598   -0.0106234 -0.00552734 674.79
52 1599   -0.0106195 -0.00551295 677.573
52 1601   -0.0106386 -0.00552904 673.527
52 1613   -0.0106411 -0.00549889 682.994
52 1614   -0.010633 -0.005508 678.913
52 1615   -0.0106504 -0.00551425 678.803
52 1616   -0.0106407 -0.00551728 676.553
52 1617   -0.0106605 -0.00550699 702.244
52 1620   -0.0106524 -0.0054998 686.933
52 1621   -0.0106539 -0.00550589 688.466
52 1622   -0.00301519 0.0115599 265.992
52 1623   -0.0030343 0.0115579 209.635
52 1624   -0.00301529 0.0115902 83.2181
52 1625   -0.00301939 0.0115776 141.007
52 1626   -0.00304043 0.0116047 3.37473
52 1629   -0.00302511 0.0116015 16.059
52 1630   -0.00303373 0.0115992 8.67077
52 1631   0.0106413 0.00548498 679.796
52 1632   0.0106182 0.0054805 679.221
52 1633   0.0106461 0.00550183 683.049
52 1634   0.0106432 0.00550819 674.623
52 1635   0.0106192 0.00550243 675.844
52 1636   0.0106394 0.00551327 673.391
52 1702   0.001403 0.011638 891.51
52 1704   0.00111447 0.0114473 911.513
52 1705   0.000924681 0.0117077 852.185
52 1763   -0.00513243 -0.0105522 824.229
52 1781   -0.00431565 -0.0102679 937.463
52 1782   -0.00461807 -0.0101333 919.711
52 1783   -0.00488346 -0.010442 865.229
52 1784   -0.00432178 -0.0107872 942.278
52 1785   -0.00437522 -0.0105422 930.275
52 1786   -0.00481476 -0.0108351 797.076
52 1787   -0.00470553 -0.0106317 868.098
52 1790   -0.00466355 -0.0109024 844.567
52 1791   -0.00450088 -0.010944 916.277
52 1899   0.00843921 0.00729488 925.827
52 1900   0.00764294 0.00734402 946.21
52 1901   0.00769402 0.00805214 953.603
52 1903   0.0083526 0.00818609 948.174
52 1904   0.008628 0.00781989 934.597
52 2083   -0.00304759 0.011574 74.6293
52 2086   -0.00303598 0.0115813 69.6042
52 2087   -0.00304049 0.0115916 13.4189
52 2092   -0.00222044 0.00843144 948.751
52 2093   -0.00222754 0.00766989 966.373
52 2094   -0.00273535 0.00740799 968.7
52 2095   -0.00315552 0.00779384 964.543
52 2096   -0.00306568 0.00833254 943.389
52 2097   -0.00285574 0.00917922 895.251
52 2098   -0.00263842 0.00870824 929.549
52 2099   -0.00337227 0.00862317 914.566
52 2100   -0.00328026 0.00905283 879.043
52 2101   -0.0037933 0.00849546 925.77
52 2102   -0.0039885 0.00879992 859.34
52 2103   -0.00381675 0.00911731 814.483
52 2104   -0.00363223 0.00951159 837.569
52 2105   -0.00352954 0.00924251 848.151
52 2108   -0.00387182 0.00949335 820.589
52 2109   -0.00396706 0.00927942 802.073
52 2144   0.00267927 -0.00844923 941.493
52 2145   0.00229264 -0.00910678 923.32
52 2146   0.00261688 -0.0095362 893.762
52 2202   -0.00798482 -0.00835448 948.127
52 2203   -0.00743755 -0.00815007 961.347
52 2204   -0.00714616 -0.00847225 968.54
52 2205   -0.00676947 -0.0086189 968.783
52 2206   -0.00687029 -0.00923684 932.81
52 2207   -0.00692474 -0.00896823 960.729
52 2208   -0.00719837 -0.00907044 958.655
52 2210   -0.00721379 -0.0092925 931.094
52 2211   -0.00707405 -0.00938558 909.362
52 2238   -0.00913453 0.0016994 899.301
52 2239   -0.00885186 0.00286359 897.554
52 2253   -0.00791845 -0.00875911 953.885
52 2256   -0.00755368 -0.00876973 967.639
52 2257   -0.00745063 -0.00901859 967.946
52 2434   0.00910886 0.000577954 909.599
52 2438   0.00883909 0.00286745 946.834
52 2439   0.00863476 0.00145157 925.598
52 2440   0.00928858 0.00208222 939.115
52 2441   0.00769598 0.00299327 934.527
52 2442   0.00741805 0.00217186 933.103
52 2639   0.00311132 -0.00933816 874.976
52 2640   0.00339799 -0.00963255 849.051
52 2641   0.00400199 -0.00862309 902.712
52 2642   0.00324322 -0.00845733 931.626
52 2643   0.00365159 -0.0082393 950.814
52 2644   0.00338146 -0.00878873 894.645
52 2645   0.00332061 -0.00904494 876.979
52 2646   0.00376738 -0.0088602 844.592
52 2649   0.00376982 -0.00950317 827.972
52 2650   0.00389949 -0.00915214 804.711
52 2651   0.00365691 -0.00922787 838.064
52 2671   -0.00197646 -0.0101754 963.148
52 2672   -0.00251971 -0.0100243 965.946
52 2673   -0.00240638 -0.0112079 963.76
52 2674   -0.00193773 -0.0109469 955.719
52 2675   -0.00312873 -0.0112138 968.824
52 2676   -0.00276903 -0.0109188 968.658
52 2677   -0.00284362 -0.0105067 967.672
52 2678   -0.00360739 -0.0104928 966.359
52 2679   -0.00325443 -0.0105891 968.768
52 2680   -0.00385814 -0.0108217 968.697
52 2681   -0.00331696 -0.0110659 968.865
52 2682   -0.00336806 -0.0108533 969.639
52 2683   -0.00365611 -0.0109762 968.982
52 2686   -0.00368634 -0.011168 965.219
52 2687   -0.00352367 -0.0112096 965.013
52 2703   -0.000612862 0.00996247 952.329
52 2704   -0.00133098 0.00945301 940.712
52 2705   -0.00174 0.00990708 922.357
52 2706   -0.00129359 0.0103686 938.256
52 2707   -0.000750167 0.0104644 953.703
52 2708   -0.00111873 0.0114098 967.044
52 2709   -0.00144793 0.0109904 946.845
52 2710   -0.000518366 0.0109491 963.287
52 2711   -0.000732595 0.0112727 967.603
52 2712   -2.76891e-06 0.0111399 962.696
52 2713   6.20233e-05 0.0114882 966.317
52 2715   -0.000535601 0.0116565 968.797
52 2716   -0.00025658 0.0116812 968.887
52 2767   -0.00328955 0.0101988 834.966
52 2768   -0.00319283 0.00989614 851.2
52 2769   -0.00353996 0.00970873 840.241
52 2771   -0.00358905 0.0101184 827.116
52 2772   -0.0036843 0.00990442 830.143
52 2845   -0.00615164 -0.00380909 944.041
52 2846   -0.00671007 -0.00243489 938.176
52 2847   -0.0056222 -0.00265309 944.407
52 2848   -0.00792081 -0.00451575 924.181
52 2849   -0.00711106 -0.00396805 936.913
52 2850   -0.00736797 -0.00321373 936.459
52 2851   -0.00915135 -0.00338413 946.324
52 2852   -0.00874437 -0.00300515 948.632
52 2853   -0.0081154 -0.00329413 934.432
52 2854   -0.00891665 -0.00395276 920.931
52 2855   -0.00838122 -0.00395093 924.693
52 2934   0.000852869 0.00889934 965.914
52 2935   0.000424615 0.00796131 968.485
52 2936   0.00155592 0.00714388 969.577
52 2937   0.00182096 0.00853632 968.563
52 2938   0.00290207 0.00765671 969.625
52 2939   0.00214739 0.0076275 969.612
52 2940   0.00242108 0.00881421 968.163
52 2941   0.00340719 0.00890097 967.174
52 2942   0.00296164 0.0083744 969.081
52 2943   0.0023281 0.00986466 965.228
52 2944   0.0025386 0.00933988 966.661
52 2945   0.00314737 0.00941204 965.752
52 2946   0.00274915 0.0100748 965.768
52 2947   0.00346306 0.0100909 963.866
52 2948   0.00318243 0.00981327 964.747
52 2949   0.00283684 0.0103448 966.606
52 2950   0.00322272 0.0103601 967.189
52 2951   0.00234802 0.0114196 960.599
52 2952   0.00203631 0.0109088 957.425
52 2953   0.00188578 0.0113256 944.972
52 2954   0.00255738 0.0111108 967.149
52 2955   0.00265011 0.0105764 966.76
52 2956   0.0023819 0.0107772 964.571
52 2957   0.00309651 0.0112571 968.904
52 2958   0.00281686 0.0110731 969.21
52 2959   0.00283432 0.010747 968.456
52 2960   0.00328321 0.0110771 969.016
52 2961   0.00313767 0.0107927 969.367
52 2962   0.00333934 0.0106373 969.004
52 2963   0.0037494 0.010977 969.241
52 2964   0.00388421 0.0106587 964.368
52 2965   0.00363379 0.0107418 969.222
52 2966   0.00405171 0.0110322 969.147
52 2967   0.00416283 0.0108523 960.642
52 2969   0.003682 0.0111361 966.088
52 2970   0.00351899 0.0111777 965.992
end
