649
16 453   -0.0449783 0.00322025 886.811
16 454   -0.023338 -0.03 928.029
16 455   -0.0451575 -0.00296736 886.749
16 456   -0.0499783 0.00825015 895.851
16 457   -0.0399783 0.00822134 882.035
16 458   -0.0279863 -0.0274516 922.852
16 459   0.00561441 0.0274532 833.015
16 460   -0.0477813 -0.0217958 966.239
16 461   -0.0322026 0.032058 944.446
16 462   -0.0411396 -0.006511 885.832
16 463   -0.00180476 0.0289495 943.556
16 464   -0.0322864 -0.0324516 946.867
16 465   -0.0435135 -0.0297247 939.678
16 466   -0.0497162 -0.0177623 951.201
16 467   -0.0106868 -0.0219476 847.768
16 468   0.00528235 0.017983 968.793
16 469   -0.0384822 -0.00723663 882.605
16 470   -0.00584344 -0.0145619 896.932
16 471   -0.0060012 0.0150315 901.802
16 472   0.00684486 0.0140931 932.807
16 473   -0.00699337 0.0141761 901.264
16 474   -0.00701356 -0.0138731 883.102
16 475   -0.00642237 -0.0116612 864.644
16 476   -0.00498639 0.0142083 923.166
16 477   -0.00701356 -0.0123437 865.606
16 478   -0.0066081 0.0128501 902.507
16 479   -0.00522022 0.013009 928.794
16 480   -0.00711473 0.0121745 882.572
16 481   -0.00584976 0.0125063 912.266
16 482   0.00699416 0.0110394 848.528
16 483   -0.00669944 0.0113508 861.257
16 484   0.00718053 -0.0120474 885.544
16 485   -0.00576374 0.0116339 895.645
16 486   0.00602126 -0.0111103 859.912
16 487   -0.00525214 0.0114779 907.642
16 488   -0.00721181 0.0108631 829.953
16 489   -0.00610678 0.0111541 866.702
16 490   0.00682868 0.0105667 845.338
16 491   -0.00679652 0.0108759 839.366
16 492   -0.00704834 0.0104415 825.756
16 502   0.00641366 0.0115318 861.482
16 503   0.00626436 0.0128921 899.687
16 504   0.00691951 0.0123018 874.576
16 505   0.00525111 0.0123879 873.127
16 506   0.00464922 0.0123001 885.349
16 508   0.00506214 0.0116805 809.319
16 509   0.00540041 0.0115033 822.391
16 510   0.00573868 0.011326 857.025
16 511   -0.00602902 -0.0180425 812.783
16 512   -0.0048589 -0.0163902 885.913
16 513   -0.00280286 -0.0164785 918.874
16 514   -0.00103102 -0.0170877 939.294
16 515   -0.00243878 -0.0149239 941.937
16 516   -0.0011089 -0.0140762 959.73
16 517   -0.00466719 -0.0138148 920.447
16 518   -0.00331856 -0.0140886 942.613
16 519   -0.0050029 -0.0129352 910.213
16 520   -0.00430695 -0.0125713 932.949
16 521   -0.00444862 -0.0119631 883.487
16 522   -0.00474421 -0.0118082 832.805
16 523   -0.00568338 -0.0116804 853.901
16 524   -0.00544016 -0.0121722 867.181
16 528   -0.0141923 -0.0219476 904.229
16 529   -0.0198741 -0.025 924.462
16 530   -0.01605 -0.0269476 928.153
16 550   -0.0443287 -0.0225602 937.747
16 551   -0.0429913 -0.0255752 959.978
16 561   -0.0137657 -0.0319476 949.733
16 564   -0.00989647 -0.0304214 961.276
16 565   -0.00729441 -0.0334738 964.583
16 566   -0.00828937 -0.0236569 827.803
16 567   -0.00822648 -0.0271307 939.441
16 568   -0.00485266 -0.0266541 959.535
16 569   -0.00661321 -0.0108326 874.889
16 570   -0.0072044 -0.0107069 822.436
16 572   -0.0473104 0.0259424 942.193
16 573   -0.0511395 0.0239916 939.494
16 574   -0.0440354 0.0244663 959.657
16 575   -0.0451435 0.0217736 948.804
16 576   0.00323073 0.0201238 968.641
16 577   0.00356279 0.0231691 952.246
16 578   -0.000219247 0.0246654 966.041
16 579   -0.03551 0.0307403 958.497
16 580   -0.0410057 0.0310471 955.15
16 581   -0.0391945 0.0336824 958.21
16 582   -0.0359282 0.0279517 935.155
16 583   -0.0387142 0.0282584 958.122
16 599   -0.00490791 0.0302021 963.19
16 600   -0.00734351 0.0334911 964.898
16 601   -0.0100467 0.0304732 961.045
16 602   -0.00633197 0.0270486 949.721
16 603   -0.00889027 0.0273197 939.834
16 604   0.000435829 -0.0142739 964.923
16 605   0.00087779 -0.0157308 959.613
16 606   0.001868 -0.0129612 962.977
16 607   0.00120919 -0.0130681 967.925
16 630   -0.0285481 -0.0224516 904.122
16 633   -0.0360608 -0.0260354 900.782
16 634   -0.0327132 -0.0236775 882.862
16 635   -0.0342585 -0.0212258 823.482
16 716   -0.0473569 0.0130462 908.218
16 717   -0.0423569 0.0130462 878.875
16 718   -0.0386395 0.017336 800.367
16 719   -0.0432971 0.0168029 879.337
16 720   -0.0410181 0.0154643 859.53
16 730   0.00702079 -0.0114296 857.491
16 731   0.00734026 -0.0111552 836.989
16 732   0.00660467 -0.0110866 847.755
16 733   0.00668427 -0.0107094 830.093
16 734   0.00704629 -0.0103519 828.597
16 735   0.00698046 -0.0106684 825.313
16 736   0.00722033 -0.0107712 818.703
16 737   0.00734612 -0.0103091 780.698
16 738   0.00722619 -0.0103719 806.718
16 739   0.00744003 -0.0104883 789.708
16 740   0.0073201 -0.0105511 804.221
16 741   0.00740609 -0.0102205 741.009
16 743   0.00745304 -0.0100817 377.229
16 744   0.00735913 -0.0101309 697.402
16 758   -0.00733653 0.0103929 802.49
16 761   -0.00741826 0.0101452 648.389
16 762   -0.00725479 0.0102309 803.681
16 763   0.00606784 -0.0234729 930.249
16 764   0.00048078 -0.019279 957.682
16 765   -0.000325502 -0.0217931 960.117
16 766   0.00647098 -0.0183934 968.997
16 767   0.00298078 -0.0193872 969.307
16 768   0.00503882 -0.0206466 964.013
16 769   0.00566087 -0.016533 967.447
16 770   0.00301164 -0.0154344 963.319
16 771   0.00360284 -0.0168995 967.527
16 772   0.00553217 -0.0141445 952.536
16 773   0.00709495 -0.0142435 948.195
16 774   0.00628484 -0.0149494 958.601
16 775   0.00680419 -0.0125374 909.46
16 776   0.00596594 -0.0135063 942.024
16 777   0.00671861 -0.0133709 934.153
16 778   0.00581125 -0.0128902 931.35
16 779   0.00587764 -0.0116125 886.913
16 780   0.00624445 -0.0122742 907.16
16 781   0.00453593 -0.0138453 954.82
16 782   0.00366838 -0.0141814 959.073
16 783   0.0026373 -0.0132185 956.673
16 784   0.00274572 -0.0124366 941.772
16 785   0.00522006 -0.0127082 936.201
16 786   0.0043785 -0.0130252 950.695
16 788   0.00438732 -0.0119931 941.846
16 789   0.00500997 -0.0120938 925.853
16 790   0.00523435 -0.0116141 901.385
16 873   -0.0371147 -0.022264 724.037
16 874   -0.0379935 -0.0246219 853.097
16 875   -0.0403136 -0.0242465 869.61
16 876   -0.00395568 -0.0237741 896.519
16 877   -0.00293347 -0.0215433 891.058
16 878   -0.00609136 -0.0223032 709.364
16 879   -0.00506915 -0.0200723 733.485
16 880   -0.0411474 0.0249979 920.216
16 881   -0.0392003 0.0261909 926.333
16 882   -0.00369546 -0.0124321 965.39
16 885   -0.00316841 -0.0125176 968.414
16 886   -0.00277926 -0.0131125 962.002
16 889   -0.00198255 -0.01271 961.987
16 892   -0.00145551 -0.0127956 945.776
16 893   -0.000928462 -0.0128811 960.722
16 928   -0.00185947 0.0227849 942.956
16 929   -0.000295075 0.0202671 952.05
16 930   0.00514484 0.0146311 951.92
16 931   0.00358234 0.016008 961.756
16 932   0.00369893 0.013385 954.359
16 933   0.00421656 0.0124315 951.293
16 936   0.00264465 0.0129404 964.884
16 939   0.0021176 0.0130259 957.679
16 942   0.00159055 0.0131114 937.461
16 945   -0.00705661 -0.0104163 811.288
16 946   -0.0073522 -0.0102614 666.69
16 952   0.00105995 0.013842 959.125
16 953   0.000259966 0.0131023 961.651
16 954   -0.0013562 0.0184296 929.939
16 955   0.00122173 0.0161022 960.436
16 956   0.000935825 0.0150539 960.863
16 957   -0.000190991 0.0167408 952.247
16 958   -0.000781492 0.0160592 950.204
16 959   -0.000172308 0.0153259 958.081
16 960   -0.00152057 0.0146597 956.758
16 961   -0.000717033 0.0147544 960.028
16 962   -0.000611548 0.0140415 965.942
16 963   -0.000206221 0.0134439 968.624
16 964   -0.00254467 0.0124277 955.624
16 965   -0.00210662 0.012835 964.789
16 966   -0.00115815 0.0136434 967.384
16 967   -0.00153837 0.0125865 969.258
16 968   -0.00225491 0.0134922 960.788
16 969   -0.00176258 0.0138949 962.061
16 970   -0.000468697 0.0129215 966.241
16 971   -0.00101886 0.0131684 969.508
16 972   -0.0011456 0.0128161 969.427
16 975   -0.000430736 0.012596 958.443
16 976   -0.00076014 0.0125425 966.126
16 977   -0.0400717 0.0190132 767.919
16 978   -0.0423507 0.0186851 853.253
16 979   -0.0429362 0.0207008 882.909
16 980   -0.0396837 0.0216253 689.029
16 981   -0.0414087 0.0226437 839.504
16 982   0.00733453 0.0104091 744.678
16 983   0.00733453 0.0101942 553.891
16 1033   -0.00573425 0.0244131 880.116
16 1034   -0.00541683 0.0212135 687.939
16 1035   -0.00419887 0.0229245 861.029
16 1041   0.00329507 -0.0125385 951.283
16 1042   0.00405825 -0.012317 959.668
16 1043   0.00383933 -0.0127347 955.253
16 1045   0.00367869 -0.0120941 967.128
16 1046   0.00334928 -0.0121476 949.516
16 1049   -0.00479263 0.0198186 774.31
16 1050   -0.00290537 0.018697 892.65
16 1051   -0.00527465 0.0166427 877.787
16 1052   -0.00626682 0.0180792 807.006
16 1053   -0.00293985 0.0170599 912.411
16 1054   -0.00383494 0.016745 899.472
16 1055   -0.00217553 0.0152829 944.339
16 1056   -0.00198118 0.0161109 937.237
16 1057   -0.00415048 0.0146656 928.764
16 1058   -0.00302485 0.0150781 937.353
16 1059   -0.00372559 0.0155912 921.215
16 1060   -0.00273231 0.0137462 954.47
16 1061   -0.00299212 0.0143581 946.232
16 1062   -0.00367021 0.014103 941.473
16 1063   -0.00311664 0.013441 953.299
16 1064   -0.00370417 0.0135413 947.035
16 1065   -0.00462825 0.0127001 943.893
16 1066   -0.00407801 0.0130811 948.613
16 1067   -0.00391382 0.0122671 967.518
16 1068   -0.00378763 0.012726 957.951
16 1069   -0.00308067 0.0124748 955.585
16 1070   -0.00328388 0.0128803 956.38
16 1072   -0.00366534 0.0120393 967.695
16 1073   -0.00333593 0.0120927 955.426
16 1088   -0.00487443 0.0118259 932.827
16 1089   -0.00424866 0.0121521 962.262
16 1090   -0.0046727 0.01223 945.378
16 1092   -0.00430763 0.0118227 958.547
16 1093   -0.00459314 0.0116731 939.71
16 1107   -0.0501575 -0.005438 889.507
16 1110   -0.048545 -0.0149778 920.24
16 1111   -0.0489862 -0.00940509 896.059
16 1112   -0.0513287 -0.0114687 907.256
16 1113   -0.0435765 -0.0109541 888.264
16 1114   -0.046423 -0.0113775 896.387
16 1115   -0.0459818 -0.0144508 903.674
16 1116   -0.0421374 -0.0127542 882.401
16 1117   -0.0433715 -0.0152191 884.792
16 1118   -0.0397006 -0.0119432 876.541
16 1119   -0.0387184 -0.0133985 866.487
16 1120   -0.0423718 -0.0198648 850.403
16 1121   -0.0420428 -0.0170842 862.736
16 1122   -0.0389955 -0.0207096 601.188
16 1123   -0.040543 -0.02156 774.635
16 1124   -0.0386081 -0.0180048 785.731
16 1125   -0.0398265 -0.0160746 840.665
16 1162   -0.0114043 0.0229732 881.303
16 1163   -0.0100639 0.0209911 818.442
16 1164   -0.00957171 0.0248197 892.739
16 1165   -0.00756119 0.0218466 686.91
16 1166   -0.00762238 0.0236931 828.449
16 1217   -0.0510347 0.0324945 690.829
16 1220   -0.0472057 0.0298592 857.342
16 1221   -0.0442751 0.0323647 885.436
16 1232   -0.0461697 -0.0323668 831.789
16 1238   -0.0345604 0.021029 812.605
16 1239   -0.0329453 0.023087 871.878
16 1240   -0.0348553 0.0252983 886.051
16 1241   -0.0374439 0.0226438 743.005
16 1242   -0.0372218 0.0248552 856.924
16 1282   -0.040569 -0.0310369 957.912
16 1283   -0.0390527 -0.033679 959.497
16 1284   -0.036954 -0.0284886 948.801
16 1285   -0.0354376 -0.0311306 959.948
16 1305   -0.00496591 -0.011692 811.691
16 1306   -0.00511371 -0.0116146 816.998
16 1342   0.00568196 -0.0311193 709.222
16 1343   0.00138548 -0.026021 938.57
16 1344   0.0042498 -0.026963 887.073
16 1345   -0.00289123 -0.0321803 925.86
16 1346   -0.00211947 -0.0286512 948.036
16 1400   0.000158713 0.0322385 868.963
16 1401   0.00379584 0.0322385 732.254
16 1406   -0.0242336 0.0325 929.892
16 1407   -0.0288204 0.029558 926.638
16 1408   -0.0263425 0.0225 912.109
16 1409   -0.0297304 0.024558 904.431
16 1410   -0.0221335 0.0247411 922.237
16 1411   -0.0209346 0.0297411 929.303
16 1412   -0.014393 0.0242232 913.126
16 1413   -0.0161747 0.0322411 942.644
16 1414   -0.0137169 0.0292232 941.915
16 1416   -0.0196014 0.0222411 921.041
16 1417   -0.0164981 0.0222411 916.316
16 1426   0.00386392 -0.0337064 702.242
16 1427   0.000227841 -0.0337064 836.036
16 1448   -0.0511395 0.0177499 958.196
16 1449   -0.0457971 0.0168029 915.194
16 1450   -0.0485181 0.0154643 926.439
16 1451   -0.049779 0.0204998 968.09
16 1452   -0.047058 0.0197579 953.618
16 1455   -0.050565 -0.0249959 926.886
16 1456   -0.0490999 -0.0299098 803.167
16 1457   -0.0510349 -0.032543 689.513
52 1   0.00745704 -0.00127401 942.049
52 2   0.00346376 -0.000927655 967.961
52 3   -0.00432748 0.00103585 966.709
52 4   0.0084384 0.000862275 931.116
52 5   -0.000782455 -0.00553616 968.831
52 6   0.00346516 0.00129647 968.076
52 7   0.00721438 0.00251399 953.329
52 8   0.00519788 -0.00212463 965.206
52 9   0.00127762 -0.00442875 969.261
52 10   -0.000550648 -0.00111114 969.455
52 11   -0.00232606 0.00225632 969.439
52 12   0.00132856 -0.00217911 969.557
52 13   -0.00438034 -0.00127647 966.806
52 14   -0.000471847 0.00109882 969.462
52 15   -0.00865518 -0.000850912 929.625
52 16   -0.00245772 -0.00226596 969.357
52 17   -0.00789601 0.00120056 936.885
52 18   0.00140876 0.00225498 969.532
52 19   -0.00594782 0.00214436 961.997
52 20   -0.00263858 -0.00444134 969.546
52 21   0.00508917 0.00269684 967.233
52 22   0.00145027 0.0044071 969.507
52 23   -0.00108006 -0.00749069 966.872
52 24   0.00062855 -0.00856848 965.043
52 25   -0.000268738 0.00532378 968.78
52 26   0.0030488 -0.00536519 966.893
52 27   -0.00216445 0.00432916 969.289
52 28   -0.00763456 -0.00235112 948.267
52 29   0.00483386 -0.00431252 969.245
52 30   -0.00445744 -0.00538456 968.943
52 31   0.00856476 -0.00280382 931.424
52 32   -0.00587178 -0.00252898 965.11
52 33   0.00310856 0.0053517 969.186
52 34   0.00757966 -0.00494511 961.976
52 35   0.00794157 0.00440236 964.862
52 36   0.00610791 -0.00560319 949.639
52 37   -0.00581624 0.00424205 968.668
52 38   0.00469107 0.00459995 969.55
52 39   0.00247206 -0.00824197 957.952
52 40   -0.00878695 0.002719 929.055
52 41   -0.00814496 -0.00425085 962.902
52 42   0.00331398 -0.00702486 954.628
52 43   -0.00576801 -0.00446168 969.377
52 44   -0.00286344 -0.00821633 965.203
52 45   -0.00341455 0.00533409 966.756
52 46   -0.00215048 0.00776696 960.552
52 47   -0.00483083 -0.00690317 965.896
52 48   0.00265931 0.00789771 965.916
52 49   -0.00476872 0.00524881 965.322
52 50   0.00585697 0.00572242 966.656
52 51   -0.00712339 0.00494921 966.425
52 52   0.00333777 0.00682656 967.417
52 53   -0.00698584 -0.00535072 950.716
52 54   -0.00415444 -0.00780161 964.156
52 55   -0.00318856 0.00683176 957.269
52 56   -0.00814591 0.00436996 944.723
52 57   0.00698227 0.00570768 937.949
52 58   0.00480244 -0.00743595 921.935
52 59   0.00581132 -0.00706695 875.251
52 60   0.00561703 0.00691472 965.084
52 61   0.00468033 0.00726711 965.62
52 62   -0.00508567 0.00662146 934.407
52 63   -0.00703001 0.00622969 940.689
52 64   -0.00613324 -0.00732116 964.601
52 65   -0.00423099 0.00732305 939.263
52 66   -0.00735889 -0.00653625 937.171
52 67   -0.00700762 -0.00711977 963.651
52 68   0.00482414 0.00827642 961.407
52 69   -0.00576352 0.00708689 894.551
52 70   -0.00502784 -0.00870413 957.338
52 71   -0.00394205 0.00887518 945.241
52 72   -0.00440324 0.00817437 930.58
52 73   0.0046477 -0.00896892 932.655
52 74   0.0050529 -0.00837114 910.95
52 75   -0.00449719 0.0101678 963.23
52 76   0.00755846 0.00673799 947.036
52 77   0.00636826 0.00757681 966.37
52 78   -0.00640965 0.00691174 843.1
52 79   -0.00589152 -0.00866428 961.213
52 80   0.00562026 0.00858666 959.978
52 81   -0.00452906 0.00948023 946.684
52 82   0.0047826 -0.0104151 967.405
52 83   0.00656818 -0.00777208 841.19
52 84   -0.00519455 0.00845481 906.5
52 85   -0.00632053 -0.00817976 967.642
52 86   -0.00670465 0.00787652 831.696
52 87   -0.00570014 0.00806892 881.265
52 88   -0.00630688 0.00845713 851.4
52 89   -0.00523861 0.00918489 919.369
52 90   0.00622767 0.00823944 966.813
52 91   0.00699682 0.00755686 967.924
52 92   0.00520537 -0.0094755 932.705
52 93   0.00740057 0.0073045 966.393
52 94   0.00582129 -0.00855428 878.071
52 95   0.00523058 -0.00998559 955.97
52 96   0.00632769 -0.00832421 852.941
52 97   -0.00570991 0.00946517 909.178
52 98   -0.00510156 0.0104118 967.526
52 99   -0.00698202 -0.00836259 969.14
52 100   0.00673632 0.00858883 969.185
52 101   -0.00752262 -0.00774415 969.539
52 102   -0.00642007 0.0090199 837.124
52 103   -0.00708214 -0.00916315 968.156
52 104   -0.00721173 -0.00881531 964.896
52 105   0.00717893 0.00847244 967.176
52 106   0.00729884 0.0081031 968.337
52 107   0.00574019 -0.00934803 899.872
52 108   0.00786293 0.00775273 969.292
52 109   0.00595092 -0.00902459 874.74
52 110   -0.00578594 0.00991977 940.637
52 111   -0.00614888 0.00931443 862.332
52 112   -0.00559357 0.0101818 962.034
52 113   -0.00730973 -0.00812837 968.236
52 114   0.00671127 -0.00865426 830.727
52 115   0.00573899 -0.0101558 959.612
52 116   0.00772093 0.00811292 964.658
52 117   -0.00792017 -0.00782233 969.105
52 118   0.00599206 -0.00991259 932.038
52 119   0.00746809 0.00872656 953.128
52 120   0.00601846 -0.00961491 895.161
52 121   0.00658861 -0.00898018 825.305
52 122   0.00633466 -0.00912045 844.043
52 123   0.00741692 0.00900462 957.256
52 124   0.00628953 -0.00999457 932.341
52 125   -0.00756982 -0.00882097 941.492
52 126   -0.00762195 -0.0083334 959.598
52 127   -0.00617852 0.00999727 939.415
52 128   -0.00785117 -0.0081827 962.833
52 129   0.00793436 0.0083407 954.14
52 130   -0.00636822 0.00961884 849.301
52 131   -0.00676759 0.0091579 799.483
52 132   -0.00765233 -0.00857328 945.684
52 133   0.00677683 -0.00917561 797.849
52 134   -0.00800744 -0.00834183 955.395
52 135   -0.00632184 0.00984709 892.647
52 136   0.00628435 -0.00954082 856.236
52 137   0.00638981 -0.0093698 836.007
52 138   0.00786581 0.0085173 938.666
52 139   0.00772536 0.00865397 931.11
52 140   -0.00773841 -0.00897519 907.894
52 141   -0.00674998 0.00940985 779.714
52 142   0.00764914 0.00905477 927.175
52 143   0.00646473 -0.0098294 857.855
52 144   -0.00784762 -0.00864361 921.973
52 145   -0.00656607 0.00961826 804.924
52 146   0.00671473 -0.00938707 786.551
52 147   0.00658168 -0.009441 804.928
52 148   -0.00668748 0.00954854 775.11
52 149   0.00643314 -0.00967333 839.079
52 150   -0.00797352 -0.00856287 932.482
52 151   -0.00787232 -0.00882169 894.207
52 152   0.00658409 -0.00960345 798.365
52 153   -0.00648296 0.00994387 902.088
52 154   0.00801268 0.00861057 922.36
52 155   0.00782568 0.00893988 886.751
52 156   0.0078367 0.00878042 904.71
52 157   0.00661293 -0.00985942 812.383
52 158   -0.00798122 -0.00885573 825.709
52 159   0.00787028 0.008865 880.003
52 160   0.00680718 -0.00949309 759.121
52 161   0.00667496 -0.00967093 769.073
52 162   -0.00656588 0.00986725 838.106
52 163   -0.00807388 -0.00865117 923.697
52 164   -0.0066026 0.00976988 795.519
52 165   0.00795616 0.00872739 900.186
52 166   0.00676227 -0.0096535 733.426
52 167   0.00667221 -0.00977084 759.416
52 168   0.00809387 0.00861462 928.281
52 169   0.00679978 -0.00959902 736.517
52 170   -0.00664153 0.00991507 823.567
52 171   -0.00669061 0.00978683 748.175
52 172   -0.00806521 -0.00873917 906.147
52 173   0.00665135 -0.00992499 821.332
52 174   -0.008044 -0.0087936 863.383
52 175   -0.00670058 0.00986237 730.516
52 176   -0.0067512 0.00987657 511.109
52 177   -0.00809468 -0.00882722 838.342
52 178   0.00813859 0.00881508 373.001
52 552   -0.00139663 -0.0109705 941.661
52 553   -0.00204922 -0.0108118 965.39
52 610   0.00563059 0.00917609 948.364
52 611   0.00586202 0.0100129 895.963
52 612   0.00553517 0.0102256 876.699
52 613   0.00637326 0.00982294 910.15
52 614   0.00600449 0.00977743 914.834
52 615   0.00602033 0.00935071 941.967
52 616   0.00662925 0.00897324 966.01
52 617   0.0064629 0.00955641 933.003
52 618   0.00631532 0.00923605 951.189
52 619   0.00721641 0.00921574 968.789
52 620   0.00676922 0.00949982 941.424
52 621   0.00689876 0.00921425 964.801
52 625   -0.00597453 -0.00982937 910.778
52 627   -0.00670341 -0.00940908 947.393
52 628   -0.00623567 -0.00931687 946.694
52 641   -0.00228926 0.00885183 959.494
52 642   -0.00317416 0.00906629 954.81
52 643   -0.00167487 0.00964062 963.747
52 644   -0.00225224 0.0101051 962.018
52 645   -0.00294839 0.00989204 959.245
52 646   -0.00398496 0.0104582 965.075
52 647   -0.00338386 0.0103189 959.591
52 648   -0.00321126 0.0109261 947.035
52 649   -0.00404544 0.0109564 968.971
52 650   -0.00357927 0.0111743 944.073
52 753   0.00402817 -0.0103923 964.649
52 754   0.00391849 -0.00945614 952.667
52 755   0.00312357 -0.0094848 956.241
52 756   0.00376793 -0.0109209 966.136
52 757   0.00338463 -0.0110996 937.923
52 797   -0.00811555 -0.008753 916.863
52 826   0.0068054 -0.00971326 675.891
52 830   0.00674046 -0.00978497 689.931
52 831   0.00681668 -0.00979287 489.06
52 832   0.0068189 -0.0097611 583.726
52 833   0.00678634 -0.00974483 662.769
52 834   0.00680009 -0.00981132 480.263
52 835   0.00675643 -0.0098197 624.777
52 847   0.00671169 -0.00989686 745.891
52 851   0.00674271 -0.00985058 633.001
52 852   0.00675622 -0.00988914 549.657
52 853   0.00672779 -0.0098763 685.614
52 854   0.00677126 -0.00987275 461.773
52 855   0.00677101 -0.0098541 504.902
52 856   0.00680703 -0.00983624 341.617
52 857   0.00679167 -0.00984814 389.829
52 859   0.00682198 -0.00984125 205.467
52 860   0.00800045 0.00878206 873.762
52 861   0.00797894 0.00885198 824.506
52 862   0.00805873 0.00882674 803.465
52 863   0.00804478 0.00877991 869.959
52 864   0.00811545 0.00873131 915.049
52 865   0.00808707 0.00870928 911.982
52 866   0.00806977 0.00875092 899.2
52 867   0.00812304 0.00879249 914.506
52 868   0.00810794 0.00876846 908.884
52 869   0.00808835 0.00877744 894.962
52 870   0.00811093 0.00880714 908.352
52 871   0.00809043 0.00880311 877.186
52 872   0.0080858 0.00882342 816.112
52 896   0.00251579 -0.0106328 959.436
52 897   0.00285882 -0.0112221 938.812
52 900   0.00182734 -0.0110831 967.045
52 903   -0.000736174 -0.0110167 957.015
52 905   0.00115902 -0.0111494 968.415
52 906   0.000257439 -0.0102948 967.534
52 994   -0.00258827 -0.0102949 967.534
52 995   -0.0030138 -0.00941979 964.002
52 996   -0.0033339 -0.0109779 968.108
52 997   -0.0047891 -0.00930326 948.365
52 998   -0.00406606 -0.0096042 954.638
52 999   -0.00529617 -0.0102338 885.689
52 1000   -0.00539164 -0.00977591 920.793
52 1001   -0.00376658 -0.0106797 968.053
52 1002   -0.00407321 -0.0101812 954.058
52 1003   -0.00404326 -0.0109983 968.221
52 1004   -0.00436955 -0.010919 932.718
52 1011   0.00339571 0.00880676 963.16
52 1012   0.00421798 0.00874491 959.234
52 1013   0.0043422 0.00950499 951.069
52 1014   0.0047576 0.0106133 868.307
52 1015   0.00504253 0.0101424 905.354
52 1016   0.00495868 0.00962593 938.076
52 1017   0.00324443 0.0110137 968.208
52 1018   0.00372782 0.00988711 960.079
52 1019   0.0031509 0.0096221 964.104
52 1020   0.00434783 0.0106115 934.248
52 1021   0.0036519 0.0107463 969.233
52 1022   0.00381303 0.0103708 962.338
52 1024   0.00402325 0.0110268 968.737
52 1025   0.00435016 0.0109472 938.759
52 1131   -0.00091404 0.00769609 964.927
52 1132   -4.74566e-05 0.00683173 967.089
52 1133   0.00144805 0.00788498 966.519
52 1134   -1.44553e-05 0.00871153 965.66
52 1135   0.00117739 0.00878715 965.834
52 1136   -0.000788399 0.0100131 966.8
52 1137   -3.72891e-06 0.00962343 966.132
52 1138   -0.000593583 0.0115998 967.406
52 1139   -0.000587734 0.0106971 968.774
52 1140   -0.00157957 0.0115071 969.377
52 1141   -0.00100141 0.0113361 969.527
52 1142   -0.00114747 0.0108753 969.139
52 1143   -0.00209291 0.0106391 963.539
52 1144   -0.00163125 0.0108325 967.66
52 1145   -0.00182 0.01126 967.821
52 1146   -0.00281077 0.0110517 945.454
52 1147   -0.00218172 0.0112618 962.929
52 1148   -0.0023816 0.0108713 960.154
52 1151   -0.00244349 0.0114589 954.89
52 1152   -0.00277829 0.0114256 926.202
52 1171   0.00156203 0.009497 965.397
52 1172   0.000814203 0.0099011 965.351
52 1173   0.00236585 0.00985507 966.031
52 1174   0.00245473 0.0105752 967.949
52 1175   0.00200881 0.0110547 964.071
52 1176   0.00123599 0.0116137 919.06
52 1177   0.001427 0.0109365 957.182
52 1178   0.0009172 0.0105408 963.851
52 1179   0.000777682 0.011538 935.543
52 1180   0.000594785 0.0110627 961.323
52 1181   -5.53765e-05 0.0115111 969.291
52 1182   9.65286e-05 0.0110692 968.254
52 1184   0.000203474 0.0117654 968.793
52 1185   0.000538277 0.0117987 927.946
52 1194   -0.00491086 -0.0102681 899.471
52 1195   -0.0045032 -0.0102505 932.71
52 1196   -0.00452287 -0.0106697 907.247
52 1198   -0.00483665 -0.0107482 835.54
52 1199   -0.00502439 -0.0106263 851.538
52 1296   -0.00679123 0.00964274 728.941
52 1482   -0.00683123 0.00986258 3.23721
52 1484   -0.00682362 0.00986614 4.64744
52 1488   -0.00678184 0.00986224 303.795
52 1518   -0.00813362 -0.00881421 943.769
52 1519   -0.00811796 -0.0088024 913.01
52 1520   -0.00811762 -0.00878259 914.432
52 1600   0.00804616 0.0088541 765.953
52 1601   0.0080107 0.00887717 774.691
52 1610   0.00809904 0.00883397 790.097
52 1612   0.00812822 0.00882182 876.422
52 1613   0.00811437 0.00882219 878.983
52 1616   -0.00672997 0.0097504 721.59
52 1617   -0.0068121 0.00972187 660.264
52 1618   -0.00676103 0.00969711 724.284
52 1619   -0.0067954 0.0097652 621.218
52 1620   -0.00676667 0.00978511 647.335
52 1621   -0.00681211 0.00984318 312.128
52 1622   -0.00680381 0.00984873 167.917
52 1623   -0.00678174 0.00983395 430.576
52 1625   -0.00681985 0.00979304 454.32
52 1626   -0.00681769 0.00982395 216.051
52 1629   0.00679204 -0.00987611 272.373
52 1632   0.00679842 -0.00985906 289.913
52 1633   0.00679855 -0.00986839 234.876
52 1634   0.0068118 -0.00987159 61.8053
52 1635   0.00681653 -0.00985322 138.092
52 1636   0.00680833 -0.00985913 188.746
52 1637   0.00681502 -0.0098654 63.1582
52 1638   0.00682734 -0.00986648 6.2994
52 1640   0.00682295 -0.00986328 25.3928
52 1641   0.00682452 -0.00985577 61.9274
end
