941
16 292   -0.0449783 0.00329401 888.398
16 293   -0.045158 -0.002887 888.192
16 294   -0.0499783 0.00826462 897.399
16 295   -0.0399783 0.00829294 883.753
16 296   -0.0411408 -0.00640618 887.116
16 297   -0.0434949 -0.0296596 938.755
16 298   0.00372371 0.0223592 955.087
16 299   -0.0384829 -0.00710544 883.79
16 300   -0.00600083 -0.0150765 915.189
16 301   -0.00699712 -0.0142205 921.338
16 302   -0.00499078 -0.0142641 936.362
16 303   -0.00526301 -0.0130646 947.069
16 304   -0.00589464 -0.0116627 923.473
16 305   -0.00544405 -0.0114039 912.391
16 306   -0.00631189 -0.0113091 917.807
16 307   0.00594902 0.0112882 899.569
16 308   -0.00666821 -0.0107805 951.757
16 309   0.00633343 0.010911 901.583
16 310   -0.00623435 -0.0108548 885.634
16 311   -0.00685591 -0.0104905 965.143
16 312   -0.00643172 -0.0107514 911.268
16 313   0.00589522 0.0109533 864.301
16 314   0.00643015 0.0107479 905.338
16 315   0.00609875 0.0108466 863.426
16 316   -0.00669121 -0.0105768 966.909
16 329   -0.0429641 -0.0254765 958.435
16 334   0.0020763 0.0124729 919.108
16 336   -0.0473157 0.0259425 941.961
16 337   -0.0511398 0.0239925 939.405
16 338   -0.0440434 0.0244668 960.549
16 339   -0.0451472 0.0217765 947.876
16 348   -0.00999079 -0.0304664 961.738
16 349   -0.00733791 -0.0334888 964.711
16 350   -0.00862849 -0.0272979 941.995
16 351   -0.00576017 -0.0270056 955.528
16 353   -0.0410154 0.0310459 954.953
16 354   -0.0392029 0.033682 957.912
16 355   -0.0387395 0.0282561 958.223
16 379   -0.00732043 0.0334151 964.532
16 380   -0.0100913 0.0304115 961.796
16 381   -0.0062466 0.0271588 954.167
16 382   -0.00892923 0.0273249 941.346
16 384   -0.0358801 -0.0253785 886.208
16 385   -0.0328855 -0.0230771 875.965
16 411   -0.0473573 0.0130655 909.683
16 412   -0.0423573 0.0130655 880.837
16 413   -0.0432984 0.0168124 880.976
16 414   -0.0410188 0.0154721 862.599
16 429   0.0064176 -0.0160069 958.257
16 438   -0.050158 -0.00541586 891.008
16 441   -0.0489869 -0.00937566 897.689
16 442   -0.051329 -0.0114582 908.579
16 443   -0.0435774 -0.0108938 889.373
16 444   -0.0464235 -0.0113345 898.484
16 445   -0.0421377 -0.0127055 882.776
16 446   -0.0433699 -0.0151865 885.564
16 447   -0.0397011 -0.011864 877.236
16 448   -0.0387183 -0.0133459 866.658
16 452   -0.024242 -0.0325 931.105
16 453   -0.0296909 -0.0245514 905.383
16 454   -0.0263429 -0.0225 913.137
16 455   -0.0314703 -0.0335257 947.88
16 456   -0.0280883 -0.0310257 931.806
16 457   -0.0294748 -0.0280771 924.223
16 458   -0.03556 -0.0278785 932.914
16 459   -0.0323494 -0.0291028 932.754
16 460   -0.0333641 -0.0320514 954.178
16 563   -0.0378907 -0.0242484 840.89
16 564   -0.040257 -0.0240396 857.584
16 582   -0.0411645 0.0249972 920.432
16 583   -0.0392307 0.0261886 923.609
16 584   -0.00500427 -0.0243595 894.41
16 586   0.00705661 -0.0104828 822.465
16 587   -0.0423532 0.0186882 857.076
16 588   -0.0429412 0.0207035 874.895
16 589   -0.00657346 -0.013212 932.812
16 590   -0.00600783 -0.0123273 938.073
16 591   -0.0058494 -0.0128685 940.448
16 594   -0.00707634 -0.0127908 930.824
16 595   -0.00673189 -0.0124166 932.703
16 598   -0.00667653 -0.0116361 931.493
16 599   -0.00732778 -0.0119448 930.718
16 600   -0.00698333 -0.012079 931.027
16 601   -0.00685429 -0.0110494 947.835
16 602   -0.00717437 -0.0115962 934.717
16 603   -0.00686757 -0.0114075 937.099
16 605   -0.0073466 -0.0113588 939.94
16 606   -0.0071611 -0.0110678 951.523
16 607   -0.0073145 -0.0108215 960.63
16 645   0.00582641 -0.0141517 930.142
16 646   0.00463521 -0.0140217 940.518
16 653   -0.0423615 -0.0198155 854.08
16 654   -0.042041 -0.0170611 860.383
16 655   -0.0386076 -0.0179995 771.691
16 656   -0.0398258 -0.016062 839.71
16 661   -0.0022597 -0.0131558 955.26
16 662   -0.00224653 -0.0124763 932.084
16 663   0.0064176 -0.0223015 944.547
16 664   0.000193133 -0.0227874 967.994
16 665   -0.000272667 -0.0171845 950.41
16 666   -0.00175242 -0.0194107 923.747
16 667   -0.000334819 -0.0190016 949.942
16 668   -0.00239465 -0.0179565 916.483
16 669   -0.00154652 -0.0169821 938.031
16 670   -0.00204412 -0.016111 939.654
16 671   -0.00331356 -0.0160668 926.109
16 672   -0.00414738 -0.0146927 937.576
16 673   -0.00352864 -0.0153993 933.293
16 674   -0.00282867 -0.0148782 945.516
16 675   -0.00368499 -0.0141213 948.258
16 676   -0.00277398 -0.0137422 954.861
16 677   -0.00299879 -0.0143639 949.162
16 678   -0.00317967 -0.0134404 956.193
16 679   -0.0037407 -0.013559 954.713
16 680   -0.00466966 -0.0127288 958.718
16 681   -0.00410315 -0.0131055 959.991
16 682   -0.00327011 -0.0129786 959.724
16 683   -0.00374497 -0.012836 965.123
16 684   -0.00314702 -0.0123235 959.175
16 685   -0.00268065 -0.0125172 933.745
16 686   -0.00302184 -0.0126847 956.252
16 688   -0.00267407 -0.0121775 888.805
16 689   -0.00293759 -0.0121347 931.356
16 722   0.00651776 0.0180196 968.871
16 723   0.00455328 0.0191743 968.307
16 724   0.00232105 0.0175567 967.344
16 725   0.00267808 0.0160532 966.189
16 726   0.00354794 0.0139038 963.661
16 727   0.00278926 0.013717 961.547
16 728   0.00337797 0.0124166 966.939
16 729   0.00364149 0.0123739 963.065
16 730   0.00245564 0.0125663 927.386
16 731   0.00280309 0.0129747 954.869
16 732   0.0030985 0.0126169 954.665
16 734   0.00261929 0.0122299 886.491
16 735   0.00288281 0.0121871 927.735
16 737   -0.0330258 0.0230846 874.82
16 738   -0.0349122 0.0252948 884.222
16 770   -0.0113381 -0.0229664 880.837
16 771   -0.0100417 -0.0209888 816.32
16 772   -0.00930675 -0.0247979 889.655
16 780   -0.0118222 0.0229946 890.545
16 781   -0.00965992 0.0249079 894.994
16 795   -0.00499219 -0.0116406 943.613
16 796   -0.00469101 -0.0121048 961.375
16 797   -0.00423268 -0.0120183 968.301
16 808   -0.00315881 0.0148931 928.877
16 809   -0.0068919 0.0134519 869.863
16 810   -0.00442571 0.0145422 911.517
16 811   -0.0056419 0.0152892 884.313
16 812   -0.0068919 0.0146868 875.814
16 818   -0.0510349 0.0324945 690.851
16 820   -0.0472108 0.0298585 856.881
16 821   -0.0442807 0.032364 885.028
16 822   0.00306729 -0.0134643 952.148
16 823   0.00289435 -0.0123009 967.912
16 824   0.00483082 -0.0129057 914.671
16 825   0.00454404 -0.0118718 848.038
16 826   0.0036717 -0.0129866 953.819
16 827   0.00423523 -0.0128407 937.082
16 828   0.00424404 -0.012298 926.131
16 829   0.00328743 -0.0123724 968.516
16 830   0.00354655 -0.012601 962.923
16 831   0.00381448 -0.0122869 964.777
16 833   0.00368712 -0.012037 966.215
16 834   0.0034236 -0.0120797 968.201
16 840   -0.0461672 -0.0323582 829.509
16 853   -0.0072044 0.0118819 831.252
16 854   -0.00659631 0.0125576 854
16 855   -0.00599666 0.0124027 854.937
16 856   -0.00478047 0.0133224 912.205
16 857   -0.00539702 0.0126796 882.398
16 858   -0.00422309 0.0124685 943.758
16 859   -0.00418928 0.0132004 933.57
16 860   -0.00354738 0.0135588 941.593
16 861   -0.00287166 0.0140317 941.972
16 862   -0.00285314 0.0123094 968.682
16 863   -0.00327204 0.0131495 954.251
16 864   -0.00379573 0.0124289 965.908
16 865   -0.00348659 0.0127514 963.067
16 866   -0.00323997 0.0124282 969.036
16 868   -0.00368087 0.0120843 961.019
16 869   -0.00341735 0.012127 965.988
16 878   -0.00443706 0.0119993 898.137
16 889   -0.00700186 -0.0179072 807.918
16 890   -0.00600557 -0.0164795 879.287
16 891   -0.00444422 -0.0168377 892.689
16 892   -0.00402291 -0.0178563 877.97
16 913   0.00553532 0.0163001 968.883
16 914   0.00392748 0.0146485 965.201
16 915   0.00392788 0.0159513 967.662
16 916   0.00700868 0.0144733 962.562
16 917   0.00602624 0.01536 967.076
16 918   0.0050436 0.0146346 965.117
16 919   0.00653333 0.0136277 957.535
16 920   0.00555069 0.013863 961.706
16 921   0.00727032 0.0123235 941.57
16 922   0.00679497 0.0128458 949.105
16 923   0.0063356 0.012478 945.256
16 924   0.00701623 0.0119125 938.033
16 925   0.00655686 0.0119518 936.321
16 926   0.00650669 0.0112476 924.294
16 927   0.0063258 0.0115181 924.104
16 928   0.00736076 0.0112477 943.598
16 929   0.00710667 0.0115737 937.441
16 930   0.00682818 0.0113425 936.78
16 931   0.00722151 0.0109671 954.419
16 932   0.00694302 0.0110659 947.447
16 933   0.0070133 0.0104659 964.58
16 934   0.00736076 0.0106355 963.359
16 935   0.00726438 0.0104516 967.207
16 936   0.00659271 0.0107564 942.231
16 937   0.00684489 0.0106478 968.461
16 938   0.00681748 0.0108495 955.45
16 940   0.00656365 0.0105843 949.881
16 941   0.00667658 0.0105251 968.278
16 1096   -0.0385873 -0.0212151 546.141
16 1097   -0.0393392 -0.01996 637.28
16 1098   -0.0401261 -0.022032 769.983
16 1099   -0.040878 -0.0207769 789.439
16 1100   -0.00563049 0.0213919 679.51
16 1101   -0.0056736 0.0248454 901.903
16 1102   -0.00434835 0.0232222 866.46
16 1103   -0.0075968 0.0220999 721.675
16 1104   -0.00765598 0.0240133 846.242
16 1105   -0.0370865 0.0218355 700.104
16 1106   -0.041042 0.0218372 800.151
16 1107   -0.0403691 0.0234405 833.964
16 1108   -0.0384353 0.0246319 848.143
16 1109   -0.0368805 0.0240456 826.96
16 1120   -0.00664512 -0.0217584 646.822
16 1121   -0.00807928 -0.0219046 732.705
16 1122   -0.00650733 -0.0235899 825.264
16 1123   -0.00794149 -0.023736 841.893
16 1126   -0.00600522 -0.0206381 629.827
16 1127   -0.00629306 -0.0190816 749.236
16 1128   -0.00487545 -0.0186725 829.55
16 1129   -0.00671174 0.0106289 870.109
16 1130   -0.00700734 0.0113375 826.085
16 1131   -0.00710587 0.0106383 819.328
16 1132   -0.00730294 0.0109668 813.867
16 1133   -0.0072044 0.0103708 783.327
16 1137   -0.00740147 0.0101596 482.866
16 1138   -0.00740147 0.0103754 721.917
16 1140   0.0073522 -0.0104531 762.406
16 1141   0.0073522 -0.0102027 592.831
16 1146   -0.00157968 -0.0135025 963.46
16 1147   -0.00135436 -0.0151686 953.469
16 1148   -0.00192384 -0.0146033 954.584
16 1149   0.0053352 -0.0176674 968.479
16 1150   0.0053352 -0.0197656 967.847
16 1151   0.00253878 -0.0207215 968.797
16 1152   0.00145638 -0.0192347 965.289
16 1153   0.0037116 -0.0170657 965.817
16 1154   0.0026292 -0.0176772 965.724
16 1155   0.000421997 -0.0165445 955.865
16 1156   0.00153267 -0.016804 959.918
16 1157   0.00258994 -0.0126754 953.532
16 1158   0.00250817 -0.0133389 950.319
16 1159   0.00308081 -0.0141667 952.306
16 1160   0.00378961 -0.0147019 952.559
16 1161   0.0033572 -0.0157491 959.433
16 1162   0.0018896 -0.0161468 959.543
16 1163   0.00263173 -0.0157032 959.026
16 1164   0.00246413 -0.0148624 955.876
16 1165   -2.11037e-05 -0.0143991 962.522
16 1166   -0.000485326 -0.0149796 958.57
16 1167   8.46366e-05 -0.015689 956.311
16 1168   0.00057278 -0.0147876 959.548
16 1169   0.00135819 -0.0156961 958.222
16 1170   0.000663894 -0.0154979 957.932
16 1171   0.00156401 -0.0151801 957.843
16 1172   0.00192783 -0.0147899 956.528
16 1173   0.00110183 -0.0146916 958.462
16 1174   0.00107783 -0.0137968 957.061
16 1175   0.00122622 -0.0143018 957.819
16 1176   0.00170507 -0.014301 955.558
16 1177   0.00145741 -0.0136303 951.87
16 1178   0.00206802 -0.0136081 949.228
16 1179   0.00178771 -0.0139402 953.291
16 1180   0.00192331 -0.0132873 943.314
16 1181   0.00155212 -0.0133091 945.017
16 1182   0.00139536 -0.0130094 934.785
16 1184   0.00111158 -0.0124629 877.48
16 1185   0.0013751 -0.0124202 847.061
16 1188   0.00142596 0.014919 963.976
16 1189   0.00191688 0.0139789 963.443
16 1190   0.000446046 0.0176322 957.242
16 1191   -0.00284117 0.018292 893.212
16 1192   -0.000580596 0.016567 948.785
16 1193   -0.00236612 0.0155634 933.402
16 1194   -0.00209836 0.0166902 928.333
16 1195   -0.00122886 0.0151786 950.071
16 1196   -0.000336096 0.0156804 954.716
16 1197   0.000420666 0.015034 962.07
16 1198   -0.000925869 0.0144014 958.164
16 1199   -3.52268e-05 0.0143185 964.69
16 1200   -0.00216388 0.0137833 949.413
16 1201   -0.00138915 0.013806 956.422
16 1202   -0.000989981 0.0133652 962.288
16 1203   -0.000865787 0.0126908 959.825
16 1204   -0.00117829 0.0130033 955.846
16 1206   -0.00103524 0.0124424 930.182
16 1207   -0.00129877 0.0123997 880.549
16 1210   0.00217862 -0.0126341 934.246
16 1211   0.00195214 -0.0129767 934.996
16 1212   0.00165523 -0.0128431 922.22
16 1213   0.00161818 -0.0125433 883.495
16 1215   0.00182422 -0.0123665 876.246
16 1216   0.00208774 -0.0123238 918.91
16 1219   -0.00276358 0.0131866 953.364
16 1220   -0.00233113 0.0133475 949.87
16 1221   -0.00259129 0.0126697 958.738
16 1222   -0.00224247 0.0126128 947.092
16 1223   -0.00202792 0.0130108 947.411
16 1224   -0.00156313 0.0125157 906.507
16 1225   -0.00161211 0.0128709 940.947
16 1227   -0.00210902 0.0123167 931.216
16 1228   -0.0018455 0.0123594 895.442
16 1265   -0.00705232 -0.0104878 967.397
16 1266   -0.00722711 -0.0105967 968.383
16 1268   -0.00741261 -0.0104467 964.168
16 1293   -0.00715043 -0.0102834 962.329
16 1294   -0.00732521 -0.010292 966.838
16 1295   -0.00741261 -0.010146 918.56
16 1296   -0.00607129 0.0109645 837.284
16 1297   -0.00616137 0.0117434 828.922
16 1298   -0.00646541 0.0109738 846.594
16 1299   -0.00656395 0.0113539 829.323
16 1300   -0.00482696 0.0119922 859.709
16 1301   -0.00521263 0.0121845 861.952
16 1302   -0.00493394 0.0115417 797.885
16 1303   -0.00548994 0.0118514 827.191
16 1304   -0.00583902 0.0116871 820.415
16 1305   -0.00530132 0.0115558 796.486
16 1306   -0.00584748 0.0112883 804.188
16 1308   -0.00540408 0.0113047 769.426
16 1309   -0.00560115 0.0112015 776.966
16 1314   0.00510917 0.0131282 959.828
16 1315   0.00402279 0.0125677 967.623
16 1316   0.00422253 0.013155 964.125
16 1317   0.0053957 0.0126407 953.844
16 1318   0.00586918 0.0124097 945.587
16 1319   0.00528996 0.0115125 914.093
16 1320   0.00571365 0.0116536 920.647
16 1321   0.00447681 0.012103 962.427
16 1322   0.00496309 0.0122027 952.252
16 1323   0.00501288 0.0118307 939.509
16 1325   0.00467627 0.0116525 941.371
16 1326   0.00437694 0.0118093 959.737
16 1348   0.00567826 -0.0307329 720.504
16 1349   0.00116781 -0.0259315 941.987
16 1350   0.00459586 -0.0264015 897.603
16 1351   -0.00293514 -0.0320665 927.55
16 1352   -0.00271971 -0.0287518 952.697
16 1378   0.00740362 0.0102263 942.388
16 1383   0.00745181 0.0100839 805.757
16 1384   0.00735544 0.0101344 929.494
16 1426   -0.0334744 -0.0210257 845.535
16 1430   -0.0366145 -0.0224599 776.755
16 1431   -0.0374419 -0.0214342 619.54
16 1432   -0.0351928 -0.0215385 804.133
16 1433   -0.0360202 -0.0205128 743.838
16 1463   -0.00394608 -0.0122463 967.941
16 1464   -0.00376023 -0.0124993 969.149
16 1465   -0.00341054 -0.0122808 968.796
16 1467   -0.00346464 -0.0120492 968.517
16 1468   -0.00372816 -0.0120064 955.591
16 1474   -0.006875 0.0181401 788.059
16 1475   -0.005625 0.0168901 855.584
16 1476   -0.00560893 0.0196651 731.939
16 1477   -0.00435893 0.0184151 846.63
16 1480   0.00385652 -0.0335776 704.13
16 1481   0.000213037 -0.0335776 839.831
16 1497   -0.0405433 -0.0309521 957.541
16 1498   -0.0390406 -0.0336507 958.813
16 1499   -0.0373261 -0.0294778 962.23
16 1500   -0.0358235 -0.0321764 966.79
16 1506   -0.000143393 -0.0138413 966.772
16 1507   -0.000915018 -0.0126401 968.578
16 1508   -0.000900391 -0.0132198 969.263
16 1509   2.57713e-06 -0.0130153 968.909
16 1510   0.000735476 -0.0135081 960.789
16 1511   0.000232529 -0.0135513 967.323
16 1512   0.000700799 -0.0130741 959.673
16 1513   0.0003223 -0.0128489 968.343
16 1514   0.00091157 -0.0126291 925.41
16 1515   0.00102655 -0.0128971 939.961
16 1517   0.000327036 -0.0125807 968.5
16 1518   0.000590559 -0.0125379 950.559
16 1533   0.000210333 0.0137243 968.588
16 1534   0.00115714 0.0134998 966.306
16 1535   0.00141855 0.0128722 961.525
16 1536   0.000923391 0.0126427 967.636
16 1537   -0.000101812 0.0134099 969.489
16 1538   -0.000460461 0.0133231 968.96
16 1539   8.63183e-05 0.0129986 966.65
16 1541   -0.000621112 0.0126201 968.945
16 1542   -0.000404091 0.0128905 969.243
16 1543   -0.000178264 0.0127062 958.204
16 1553   -0.0243244 0.0325 931.467
16 1554   -0.0265421 0.0225 913.133
16 1555   -0.0298562 0.0245564 905.738
16 1556   -0.0223531 0.0247482 923.645
16 1557   -0.0210679 0.0297482 930.911
16 1558   -0.0148405 0.0242446 917.488
16 1559   -0.0162526 0.0322482 944.166
16 1560   -0.0138402 0.0292446 943.4
16 1562   -0.0199763 0.0222482 922.71
16 1563   -0.0170997 0.0222482 919.697
16 1567   -0.0115325 0.0209982 864.83
16 1568   -0.00931099 0.0209982 794.097
16 1620   -0.0386398 0.0165035 829.125
16 1623   -0.0406435 0.0185164 809.842
16 1624   -0.0392097 0.0176719 804.679
16 1625   -0.0380699 0.0186684 789.474
16 1626   -0.0398841 0.0203201 732.068
16 1627   -0.0384503 0.020309 518.2
16 1628   -0.0209205 -0.0297388 930.529
16 1629   -0.0221121 -0.0247388 923.389
16 1630   -0.0161671 -0.0322388 943.665
16 1631   -0.013658 -0.0292164 942.926
16 1632   -0.014327 -0.0242164 913.863
16 1633   -0.016476 -0.0222388 917.404
16 1634   -0.0195796 -0.0222388 922.169
16 1669   0.000528106 0.0127069 967.895
16 1670   0.000264583 0.0127496 959.637
16 1673   -0.0482017 -0.0232896 963.134
16 1674   -0.0438929 -0.0209946 912.95
16 1675   -0.0447405 -0.0240204 961.402
16 1689   -0.00025621 -0.012747 955.333
16 1690   -0.000519733 -0.0127043 963.279
16 1735   0.0072044 -0.010786 816.968
16 1743   -0.0505628 -0.0249873 925.633
16 1744   -0.0490976 -0.0299012 801.863
16 1745   -0.0510348 -0.032543 689.19
16 1753   -0.0511398 0.0177507 958.535
16 1754   -0.0457984 0.0168124 916.178
16 1755   -0.0485188 0.0154721 927.454
16 1756   -0.0497796 0.0205015 968.115
16 1757   -0.0470593 0.0197612 953.668
16 1771   -0.000750389 0.0278721 941.319
16 1772   0.00115266 0.0310418 858.509
16 1773   -0.000665146 0.0336806 870.308
16 1774   -0.00390814 0.028926 961.609
16 1775   -0.00381989 0.0320957 938.872
16 1776   0.000882543 0.0229068 965.295
16 1777   -0.000870845 0.0249834 965.95
16 1778   -0.00279297 0.0229124 919.641
16 1779   -0.000162886 0.0197974 955.369
16 1780   -0.00193234 0.0203339 917.833
16 1799   -0.0356599 0.0210282 781.469
16 1800   -0.0335674 0.0210282 845.126
16 1821   -0.0315319 0.0335282 948.068
16 1822   -0.0296422 0.0280846 924.207
16 1823   -0.0282051 0.0310282 932.086
16 1824   -0.0348266 0.0322102 961.947
16 1825   -0.0333997 0.0277948 923.396
16 1826   -0.0352572 0.0294204 947.917
16 1835   -0.0511076 -0.0172522 955.902
16 1836   -0.0499365 -0.0144583 927.061
16 1837   -0.0487465 -0.0197642 965.091
16 1838   -0.0459616 -0.0190106 936.013
16 1839   -0.0473731 -0.0139165 912.458
16 1840   -0.0457592 -0.0159569 911.377
16 1872   -0.00238404 -0.0206625 905.696
16 1873   -0.00222969 -0.022757 931.54
16 1874   -0.00364729 -0.0231661 893.441
16 1875   -0.00387882 -0.0200244 844.969
16 1876   -0.00451044 -0.0212762 797.967
16 1888   0.0072044 -0.0120156 841.455
16 1889   0.00631762 -0.011198 836.824
16 1890   0.00661321 -0.0129814 884.775
16 1891   0.0072044 -0.0127969 871.557
16 1892   0.0072044 -0.0116249 830.707
16 1893   0.00690881 -0.0112689 829.216
16 1894   0.00543083 -0.0123763 867.048
16 1895   0.00602202 -0.012322 855.958
16 1896   0.00602202 -0.0116759 820.866
16 1897   0.00513523 -0.0118851 826.902
16 1899   0.00557863 -0.0113298 773.427
16 1900   0.00528303 -0.0114846 779.57
16 1904   0.00568819 0.0252278 904.656
16 1905   0.00568519 0.0326222 687.84
16 1906   0.00387338 0.0299834 787.188
52 173   -0.00666858 -0.00287311 954.34
52 174   -0.00455405 -0.00136842 965.972
52 175   0.00361987 0.00102364 967.543
52 176   0.00366821 -0.00120836 967.649
52 177   0.0085177 -0.000424054 929.032
52 178   -0.00448893 0.000998715 966.184
52 179   -0.00247901 -0.0024479 969.414
52 180   -0.000482983 0.00102901 969.426
52 181   0.00754994 0.00155013 939.415
52 182   0.0015383 -0.00228372 969.498
52 183   -0.000482793 -0.00118595 969.449
52 184   0.00155688 0.00440439 969.077
52 185   0.00148977 0.00216325 969.517
52 186   -0.00241408 0.00213421 969.287
52 187   0.00537755 0.0022331 963.797
52 188   -0.00849385 -0.00199239 929.382
52 189   0.00143584 -0.00434537 969.508
52 190   -0.00878109 0.000347064 926.991
52 191   0.00341704 0.00537588 965.422
52 192   -0.00234327 -0.00447323 969.036
52 193   -0.00781188 0.00190693 945.101
52 194   -0.00599156 0.00219739 963.817
52 195   0.00737492 -0.00183365 948.856
52 196   -0.000449517 -0.00527295 968.315
52 197   0.0051076 0.0043442 969.062
52 198   0.00305903 -0.00533962 969.316
52 199   0.00532093 -0.00218672 965.633
52 200   -0.00642794 -0.00486091 965.607
52 201   0.00853034 0.00314041 930.191
52 202   0.00285615 -0.00714158 966.968
52 203   -0.0057454 0.00427685 969.304
52 204   -0.00832777 0.00382706 961.388
52 205   0.00655343 0.00527638 967.127
52 206   -0.00347917 0.00824395 963.075
52 207   -0.0036316 -0.00550427 964.813
52 208   0.00360995 0.00697128 943.969
52 209   -0.00707736 0.00508035 960.389
52 210   0.00456277 -0.00481449 969.619
52 211   0.00787618 -0.00325445 956.48
52 212   0.00570376 -0.00693187 968.668
52 213   0.00526442 -0.0037077 968.813
52 214   0.00846053 -0.00413477 963.689
52 215   0.00285493 0.00801642 944.77
52 216   -0.00492422 -0.00545813 963.977
52 217   0.00780378 0.00475555 947.953
52 218   -0.00333384 -0.0069068 948.109
52 219   0.00649542 0.00658495 930.153
52 220   0.00558365 -0.00571548 969.298
52 221   -0.00446949 -0.00747178 912.227
52 222   0.00485553 0.00751957 898.615
52 223   -0.00724238 0.00628927 963.667
52 224   0.00573919 0.007328 846.316
52 225   0.00659162 -0.00506666 969.129
52 226   0.00675097 -0.00723069 969.395
52 227   0.00655202 -0.00402625 968.575
52 228   0.00742741 -0.00538882 949.609
52 229   -0.00397229 -0.0089061 923.129
52 230   -0.00459535 -0.00829897 894.612
52 231   0.00710065 -0.00793624 967.035
52 232   -0.0080744 0.00669983 968.146
52 233   -0.00453947 -0.0100841 950.243
52 234   -0.00532206 -0.00866523 858.179
52 235   -0.00447268 -0.00946837 918.75
52 236   0.0043908 0.0103122 962.729
52 237   -0.0059061 -0.00863457 823.005
52 238   0.0059455 0.00887508 817.629
52 239   -0.00622927 -0.0078872 801.775
52 240   0.00488847 0.0103817 959.687
52 241   -0.00517135 -0.00928163 871.652
52 242   0.00522337 0.0101184 918.205
52 243   -0.00617396 -0.00833765 813.266
52 244   0.00775815 -0.0077277 954.35
52 245   -0.0051481 -0.010238 936.008
52 246   0.00801585 -0.00737215 960.432
52 247   0.00774657 -0.00872423 943.758
52 248   -0.0055161 -0.00957511 848.876
52 249   -0.00620401 -0.00912904 793.626
52 250   -0.00542606 -0.0099158 872.988
52 251   -0.00533934 -0.0104801 952.277
52 252   0.00799436 -0.00801904 928.721
52 253   0.00834085 -0.00754895 949.101
52 254   -0.0058737 -0.00953953 805.247
52 255   -0.00609011 -0.00940173 787.984
52 256   0.00557211 0.0103795 921.044
52 257   0.00795264 -0.00846924 914.319
52 258   -0.00571384 -0.0100505 838.998
52 259   0.00827564 -0.00785549 926.914
52 260   0.00801094 -0.0082501 914.261
52 261   -0.00567286 -0.0102767 880.737
52 262   -0.00600127 -0.00979963 777.723
52 263   -0.00593144 -0.00996992 783.804
52 264   0.00843247 -0.00797333 913.086
52 265   -0.00586376 -0.010319 846.152
52 266   -0.00629889 -0.00958596 753.389
52 267   0.00816843 -0.00857996 872.507
52 268   -0.00619682 -0.00983165 730.611
52 269   0.00823935 -0.00828129 883.894
52 270   -0.00607916 -0.010079 726.671
52 271   0.00826266 -0.00844102 840.97
52 272   -0.00627804 -0.00975578 728.367
52 273   0.00840995 -0.00812307 896.223
52 274   -0.00851396 0.00823061 876.847
52 275   0.00834463 -0.00821637 876.054
52 276   0.00838108 -0.00845979 753.391
52 277   0.00611831 0.0102093 682.117
52 278   -0.00610289 -0.0101815 671.03
52 279   -0.00626052 -0.0099679 648.76
52 280   -0.00605014 -0.0102435 753.539
52 281   -0.00621268 -0.010045 616.095
52 282   0.00843301 -0.0082926 820.475
52 283   0.00844615 -0.0083763 754.38
52 284   0.00851741 -0.00816062 891.537
52 285   0.00850455 -0.00824996 859.549
52 286   0.00618043 0.010165 527.717
52 287   0.00851543 -0.00839621 716.995
52 288   0.00855031 -0.00828948 858.183
52 289   0.00623821 0.0102191 239.087
52 290   0.00855696 -0.00834368 836.253
52 291   -0.00630706 -0.010206 2.87457
52 330   -0.00421481 0.00927297 953.63
52 331   -0.00583412 0.00865449 956.273
52 332   -0.00513761 0.0092015 936.767
52 333   -0.0063475 0.00883388 953.518
52 397   0.00685777 -0.00844393 969.021
52 398   0.00732579 -0.00872145 967.341
52 399   0.00395358 -0.00791626 964.107
52 400   0.00500642 -0.00774942 964.663
52 401   0.00541603 -0.00869339 953.109
52 402   0.00637382 -0.00868 960.685
52 403   0.0059791 -0.00881745 949.5
52 404   0.0065788 -0.009149 933.597
52 405   0.00618408 -0.00928646 917.04
52 406   0.00687866 -0.00931478 917.761
52 407   0.00714168 -0.0091233 958.008
52 426   -0.00529719 0.00969278 905.847
52 467   0.0062232 0.00797708 812.136
52 468   0.00616756 0.00843028 814.642
52 488   -0.00621273 -0.0101841 431.721
52 489   -0.0062564 -0.0101182 451.627
52 490   -0.0062937 -0.010127 335.496
52 491   -0.00622953 -0.0102179 309.919
52 492   -0.00849851 0.00832469 820.665
52 493   -0.00851691 0.00840253 720.822
52 494   -0.00853965 0.00834271 825.892
52 495   -0.00852891 0.00837784 754.161
52 497   -0.00856654 0.00834177 862.718
52 498   0.00612677 0.00959716 773.643
52 499   0.00353677 0.0089648 935.876
52 500   0.00347173 0.0097519 950.178
52 501   0.00410402 0.00984956 946.473
52 502   0.00460825 0.008398 894.356
52 503   0.00429361 0.00932684 922.262
52 504   0.00404452 0.00879809 920.581
52 505   0.00549037 0.00891774 846.878
52 506   0.00473355 0.00915121 897.072
52 507   0.00498113 0.00870228 876.694
52 508   0.00523217 0.00976611 886.737
52 509   0.00505043 0.00939112 884.918
52 510   0.00543512 0.0093422 851.955
52 511   0.00592354 0.00966606 795.74
52 512   0.00557728 0.00981692 846.387
52 513   0.00565644 0.00961747 831.572
52 514   0.00600111 0.0101927 768.206
52 515   0.0057609 0.0102392 855.286
52 516   0.00589451 0.0103132 838.527
52 517   0.00593907 0.00981065 787.679
52 518   0.0059622 0.0100638 777.198
52 519   0.00581238 0.0100738 818.222
52 520   0.00578516 0.00993706 816.19
52 521   0.00604726 0.00995859 754.907
52 522   0.00605136 0.00984217 765.817
52 523   0.0061418 0.00998177 711.306
52 524   0.00618891 0.0101103 594.757
52 525   0.00618242 0.010049 657.618
52 537   0.00628336 0.00968562 743.242
52 538   0.00615046 0.00980744 748.253
52 539   0.00623434 0.00976464 737.872
52 540   0.0063091 0.00983768 697.914
52 541   0.00626488 0.00988804 693.85
52 542   0.00618807 0.00987321 726.273
52 543   0.00618351 0.00993112 710.361
52 544   0.00631288 0.00997731 609.916
52 545   0.0062406 0.0099568 671.132
52 546   0.00628003 0.00993511 663.367
52 547   0.00623942 0.0100339 618.72
52 548   0.00625589 0.00999238 639.553
52 549   0.00629103 0.0100056 599.073
52 551   0.00630431 0.0100471 528.05
52 552   0.00624538 0.0101281 447.915
52 553   0.0062995 0.0101149 373.365
52 554   0.00625647 0.0100733 548.353
52 555   0.00628622 0.0100733 495.846
52 556   0.00626081 0.0101521 345.253
52 557   0.00628517 0.0101389 322.531
52 570   -0.0060943 0.00932994 918.186
52 571   -0.0057405 0.00964183 890.691
52 572   -0.00578956 0.010011 844.064
52 573   -0.00607203 0.0100082 834.299
52 574   -0.00668084 0.00938242 910.012
52 575   -0.00635099 0.00941964 905.685
52 576   -0.00627965 0.00972873 866.884
52 578   -0.00649983 0.00977118 856.798
52 579   -0.00671917 0.00961184 874.514
52 613   0.000449606 -0.00807161 964.218
52 614   0.0017323 -0.00800799 964.994
52 615   0.00189675 -0.00934641 962.802
52 616   -3.58005e-05 -0.00946636 963.196
52 617   0.000840324 -0.00988305 962.983
52 618   0.000863305 -0.0105962 961.671
52 619   0.00370748 -0.00911867 959.388
52 620   0.00279536 -0.0112516 964.124
52 621   0.00305303 -0.00985836 963.915
52 622   0.00241007 -0.00997087 961.99
52 623   0.00227165 -0.01112 948.026
52 624   0.00154654 -0.0107602 952.462
52 625   0.00203687 -0.0106715 955.847
52 626   0.00145902 -0.0113053 912.693
52 628   0.00174446 -0.0115375 865.024
52 629   0.00206675 -0.0114409 914.347
52 630   0.000296488 0.00554073 967.928
52 631   -0.00221585 0.0080744 965.001
52 632   -0.0013658 0.00713758 966.557
52 633   -0.00171463 0.00895037 963.638
52 634   -0.000566566 0.00977489 963.677
52 635   -0.00073718 0.00890727 963.619
52 636   -0.0019101 0.00962681 962.622
52 637   -0.00117794 0.0100092 961.931
52 638   -0.00139832 0.0105601 957.385
52 639   -0.00280961 0.011217 965.074
52 640   -0.00222661 0.0111013 947.565
52 641   -0.0020257 0.010581 957.274
52 643   -0.00168367 0.0115541 862.285
52 644   -0.00200537 0.0114578 909.554
52 695   0.00612106 -0.00971641 867.919
52 697   0.000963204 0.0113836 968.918
52 698   2.18971e-05 0.0101853 965.787
52 699   0.00310982 0.0100991 954.857
52 700   0.00336551 0.0107508 963.813
52 701   0.00181752 0.00799951 956.158
52 702   0.00074742 0.00710937 963.512
52 703   -0.00011808 0.00846405 963.056
52 704   -0.000245488 0.00757033 964.496
52 705   0.000540372 0.00973504 963.734
52 706   0.000571009 0.00888145 961.724
52 707   0.00151371 0.00887788 957.522
52 708   0.00112543 0.00991889 961.838
52 709   0.00243401 0.00993048 953.302
52 710   0.00181026 0.00951328 956.334
52 711   0.0020417 0.010428 954.207
52 712   0.00140264 0.0104376 961.267
52 713   0.00133331 0.0110578 964.057
52 714   0.00177622 0.011297 946.235
52 715   0.00215742 0.0108854 946.01
52 716   0.0029787 0.0109888 948.291
52 717   0.00243531 0.0113779 880.572
52 718   0.00248108 0.0109819 935.149
52 719   0.00310655 0.0113147 937.774
52 739   -0.000955015 -0.00994755 962.465
52 740   -0.00163746 -0.00959157 957.404
52 741   -0.00223258 -0.00993331 954.011
52 742   -0.00235183 -0.0104365 951.351
52 743   -0.00401935 -0.0103542 964.461
52 744   -0.00418488 -0.0108073 968.821
52 745   -0.00178757 -0.00873171 955.391
52 746   -0.0026155 -0.00735776 951.371
52 747   -0.000619721 -0.00769294 961.921
52 748   -0.0010195 -0.00675493 963.485
52 749   -0.00337036 -0.00883941 937.203
52 750   -0.00288598 -0.00819484 943.338
52 751   -0.00245783 -0.00863078 949.241
52 752   -0.00311872 -0.00927871 945.21
52 753   -0.00266254 -0.00916167 948.572
52 754   -0.0025874 -0.00960433 951.431
52 755   -0.00343411 -0.0100607 955.355
52 756   -0.00320221 -0.00966755 949.57
52 757   -0.00288496 -0.0097752 951.364
52 758   -0.00280381 -0.0104148 952.159
52 759   -0.0032516 -0.0102542 956.332
52 760   -0.00298213 -0.0100824 953.365
52 761   -0.00330483 -0.0108986 960.869
52 762   -0.0029287 -0.0106399 951.786
52 763   -0.00321787 -0.0105332 957.739
52 764   -0.0027307 -0.0112508 899.215
52 765   -0.00289497 -0.0109189 944.601
52 766   -0.00313636 -0.0110916 948.992
52 768   -0.00310263 -0.0113706 926.358
52 769   -0.00284155 -0.0114764 853.982
52 782   0.000326573 -0.0108891 966.732
52 783   0.000552836 -0.0113621 967.162
52 785   0.000834011 -0.0116065 954.675
52 786   0.0011701 -0.0116222 890.051
52 787   -0.00114001 0.0110148 950.472
52 788   -0.0013853 0.0114403 900.691
52 790   -0.000821754 0.0117252 952.347
52 791   -0.00115719 0.0117408 874.356
52 842   -0.00375214 0.00984814 959.116
52 843   -0.00428625 0.0101584 953.033
52 844   -0.00417447 0.0105757 966.906
52 845   -0.00474487 0.0101419 923.244
52 846   -0.00507212 0.0100072 896.456
52 847   -0.00558689 0.0102594 820.128
52 848   -0.00525131 0.0104517 822.251
52 849   -0.00531276 0.0102047 854.429
52 851   -0.00543947 0.0105689 756.212
52 852   -0.00561142 0.010444 786.01
52 870   0.00418782 0.0107962 968.488
52 871   0.00384059 0.0109364 968.719
52 960   0.00629748 0.0101598 183.998
52 998   -0.0068592 0.00860968 968.28
52 999   -0.00730319 0.00905893 963.683
52 1000   -0.00693585 0.00906853 954.098
52 1001   -0.00207144 0.00384624 969.643
52 1002   -0.000777635 0.00499159 969.089
52 1003   -0.00144702 0.00612748 968.27
52 1004   -0.00452954 0.00478078 969.626
52 1005   -0.00303553 0.00440476 969.632
52 1006   -0.00244613 0.00555951 969.094
52 1007   -0.0039132 0.00722057 966.565
52 1008   -0.00451979 0.00583957 969.182
52 1009   -0.00336048 0.00603149 968.879
52 1010   -0.00576905 0.00800843 965.833
52 1011   -0.00522846 0.00662684 968.531
52 1012   -0.00491656 0.00743047 966.4
52 1013   -0.00666051 0.00680928 969.336
52 1014   -0.00598828 0.00689155 968.777
52 1015   -0.00626111 0.00756548 969.184
52 1016   -0.00705505 0.00730601 969.375
52 1017   -0.00681161 0.0076604 969.53
52 1018   -0.0070654 0.00828687 968.684
52 1019   -0.00703913 0.00795992 968.517
52 1020   -0.00733711 0.00835187 963.715
52 1021   -0.0077527 0.0087375 943.122
52 1022   -0.00749824 0.00866509 960.678
52 1023   -0.00784862 0.00829728 929.865
52 1024   -0.00785565 0.00853919 925.505
52 1026   -0.00803963 0.00865768 903.202
52 1052   -0.00790462 0.00734602 962.903
52 1053   -0.00746715 0.00743219 966.477
52 1054   -0.00735856 0.00777285 965.05
52 1055   -0.00750855 0.00801504 959.138
52 1056   -0.00776911 0.00800901 946.098
52 1057   -0.00840718 0.00771839 939.453
52 1058   -0.00813848 0.00755885 953.195
52 1059   -0.00797471 0.00780246 944.117
52 1060   -0.00840774 0.00815418 892.999
52 1061   -0.00833978 0.0079581 917.118
52 1062   -0.00814706 0.00796588 923.75
52 1063   -0.00811511 0.00814621 911.727
52 1064   -0.00802227 0.00827106 912.638
52 1065   -0.00810399 0.00838261 899.443
52 1066   -0.00831027 0.00850847 790.883
52 1067   -0.0082243 0.00857093 843.349
52 1068   -0.00811432 0.00852732 891.598
52 1069   -0.00831491 0.00822838 880.647
52 1070   -0.008215 0.00821262 899.08
52 1071   -0.00820036 0.00832807 888.753
52 1072   -0.00831256 0.00843683 809.572
52 1073   -0.00826621 0.00836245 863.4
52 1074   -0.00833433 0.00832519 843.516
52 1075   -0.00838248 0.00836632 799.057
52 1076   -0.00837888 0.00843281 767.47
52 1077   -0.00844397 0.0083597 776.802
52 1078   -0.00847311 0.00840241 734.726
52 1080   -0.00842571 0.00846878 724.785
52 1081   -0.00845845 0.008445 716.945
52 1240   0.00267251 0.0114901 834.652
52 1241   0.00284612 0.0114199 883.811
52 1261   0.00224471 0.0115837 866.645
52 1262   0.00190927 0.0115993 927.052
52 1271   -0.00103573 -0.0106374 965.466
52 1272   -0.00108734 -0.0115598 968.918
52 1273   -0.000418468 -0.0108975 969.217
52 1274   -0.000528294 -0.0113548 968.824
52 1275   -0.00200547 -0.0107767 950.118
52 1276   -0.00145254 -0.0113114 962.114
52 1277   -0.00151076 -0.0108463 959.916
52 1279   -0.00175952 -0.0115283 944.479
52 1282   -0.00211529 -0.011234 927.489
52 1283   -0.00242227 -0.0114508 867.973
52 1284   0.00492746 -0.00909882 943.607
52 1285   0.00427174 -0.00935726 952.067
52 1286   0.00565859 -0.00976884 876.539
52 1287   0.0051964 -0.00953683 919.283
52 1290   0.00567725 -0.0102143 819.656
52 1291   0.00544589 -0.0103827 800.748
52 1336   -0.00457443 0.010787 960.323
52 1338   -0.00479394 0.010511 917.936
52 1339   -0.00505975 0.0106234 855.84
52 1342   0.00426385 -0.00992779 950.512
52 1343   0.00505364 -0.010315 873.276
52 1344   0.00482281 -0.00991457 922.664
52 1346   0.00489223 -0.0106477 894.502
52 1347   0.00456994 -0.0107443 959.393
52 1372   -0.00379326 -0.010966 968.807
52 1373   -0.00353218 -0.0110718 968.377
52 1645   -0.00752664 -0.00559534 964.754
52 1646   -0.00678813 -0.00653865 939.64
52 1660   0.000414976 0.0112021 969.063
52 1661   -1.06055e-05 0.0108078 968.643
52 1662   -0.000621533 0.0110948 964.139
52 1663   -0.000531389 0.0115046 967.388
52 1664   0.000169683 0.0116275 962.528
52 1665   -0.000165755 0.0116432 965.928
52 1684   -0.000163097 -0.0116031 963.246
52 1685   0.000172992 -0.0116189 966.447
52 1693   0.0031606 -0.0109228 969.298
52 1694   0.00324649 -0.0104584 967.824
52 1695   0.00389304 -0.0102892 964.555
52 1696   0.00412945 -0.010657 968.379
52 1698   0.00360028 -0.0110504 965.625
52 1699   0.00392257 -0.0109539 966.218
52 1709   -0.00250456 0.00987986 962.967
52 1710   -0.00239978 0.0102831 962.523
52 1711   -0.00310975 0.00994814 964.752
52 1712   -0.00304194 0.0108368 968.941
52 1713   -0.00317692 0.0102795 967.048
52 1714   -0.00283303 0.0104232 965.846
52 1715   -0.00383818 0.0107028 969.25
52 1716   -0.00334454 0.010871 969.399
52 1717   -0.00342712 0.0105152 969.056
52 1718   -0.00359474 0.0111067 964.649
52 1719   -0.00391644 0.0110104 964.965
52 1781   0.00623097 0.00943043 775.908
52 1782   0.00626155 0.00918139 787.045
52 1877   -0.00519908 -0.00711209 897.241
52 1878   -0.00535604 -0.00650098 932.874
52 1879   -0.00596429 -0.00745817 816.969
52 1880   -0.00612125 -0.00684707 874.16
52 1907   -0.00627884 -0.0101698 207.944
52 1908   -0.00629652 -0.0101822 45.1175
52 1909   -0.00625835 -0.0101949 198.122
52 1938   -0.00629498 -0.0102109 4.9084
52 1941   -0.00628558 -0.0102034 23.6614
52 1942   -0.00626703 -0.0102125 81.2666
52 1943   -0.00854991 0.00839452 731.659
52 1946   -0.0085618 0.00836455 838.28
52 1947   -0.00855591 0.00838218 772.675
52 1948   -0.00856962 0.00838819 787.083
52 1951   -0.00858419 0.00837985 904.786
52 1952   -0.0085763 0.00837697 874.252
52 1953   -0.00857576 0.00836402 875.34
52 1954   0.00626196 0.0101991 172.021
52 1955   0.00626227 0.010178 260.57
52 1956   0.0062823 0.0102101 24.6509
52 1957   0.00628514 0.010177 144.523
52 1960   0.00630189 0.010208 4.71411
52 1961   0.00629508 0.0101887 48.5474
52 1962   0.00629255 0.0102007 16.2707
52 2017   0.00810534 -0.0069415 968.347
52 2018   0.00773676 -0.0060662 953.459
52 2019   0.00749796 -0.0065915 969.065
52 2074   0.00855314 -0.00836688 808.476
52 2075   0.00854423 -0.00837524 741.694
52 2078   0.00857598 -0.00838637 879.271
52 2080   0.00858198 -0.008382 958.424
52 2081   0.00858798 -0.00837764 822.801
end
