1163
52 161   -0.00279883 0.00219562 955.034
52 162   0.00282424 0.00109756 951.069
52 163   -0.00288372 -0.00228178 952.125
52 164   0.0046923 0.00205187 940.009
52 165   0.00102531 0.00226227 957.382
52 166   -0.00265747 0.00439349 961.902
52 167   0.000955503 -0.00223754 958.113
52 168   -0.000872888 0.00106267 956.285
52 169   -0.000918572 -0.00112526 955.975
52 170   -0.0047566 -0.00129563 940.452
52 171   0.00280011 -0.00121432 952.698
52 172   0.00470621 -0.00453043 955.939
52 173   -0.00291949 -0.00430221 957.815
52 174   0.00450144 -0.0023343 948.604
52 175   0.000958502 0.00430317 963.002
52 176   0.0047645 0.0040827 943.163
52 177   -0.00424273 0.00545226 962.033
52 178   -0.000798335 0.00530145 966.599
52 179   0.00608342 -0.00156764 937.188
52 180   0.000808452 -0.00854341 967.228
52 181   0.00635451 -0.00511739 946.286
52 182   -0.00419305 0.00719373 968.682
52 183   0.00222449 0.00542667 965.264
52 184   -0.00587437 0.00494029 950.546
52 185   -0.000541517 0.00690373 969.524
52 186   -0.00136131 0.0080488 969.042
52 187   0.00354987 0.00534595 959.655
52 188   -0.000516403 -0.00813137 965.607
52 189   0.00192406 0.00706624 969.203
52 190   0.000914886 0.00754502 968.104
52 191   -0.00688212 0.00609872 945.7
52 192   -0.00559662 0.0077247 968.587
52 193   0.00740468 -0.00404235 932.396
52 194   -0.00665406 0.00714167 958.774
52 195   0.000906984 0.00869426 958.64
52 196   -0.00150628 -0.00903146 944.636
52 197   -0.00159839 -0.0098794 927.346
52 198   0.00841175 -0.00451582 914.585
52 199   0.00841708 -0.00586077 909.153
52 200   -0.00784708 0.00586108 924.112
52 201   0.00160578 0.00925503 938.755
52 202   -0.00819557 0.00514048 915.175
52 203   0.00912475 -0.00359847 932.146
52 204   0.00912475 -0.00631474 883.603
52 205   -0.00867499 0.00692084 912.123
52 206   0.00100497 0.0102699 946.468
52 207   0.0086949 -0.00522187 902.582
52 208   -0.00844621 0.00633401 911.253
52 209   0.00980931 -0.0040312 897.175
52 210   0.00917495 -0.00683624 894.997
52 211   -0.00239587 -0.0100875 885.631
52 212   0.00150438 0.00992673 930.857
52 213   0.00898857 -0.00419922 909.854
52 214   0.00128898 0.0112343 959.753
52 215   0.00135443 0.0108084 943.782
52 216   -0.00283658 -0.00972351 875.082
52 217   -0.00887418 0.0053546 898.113
52 218   -0.009355 0.00683673 887.144
52 219   -0.00962616 0.00368209 925.001
52 220   -0.00927856 0.00441355 901.428
52 221   0.00253407 0.00998825 882.062
52 222   -0.00325793 -0.0100539 841.594
52 223   -0.00894988 0.00592515 894.058
52 224   0.00967913 -0.00600217 810.169
52 225   0.00937036 -0.00526692 864.246
52 226   0.00208307 0.010213 901.369
52 227   -0.00251541 -0.0106169 861.481
52 228   -0.00969082 0.00424396 896.323
52 229   -0.00925366 0.00517023 881.358
52 230   0.00348122 0.0100176 835.636
52 231   0.00190259 0.0115275 944.485
52 232   0.00949656 -0.00462673 881.136
52 233   -0.00939764 0.00485155 881.315
52 234   -0.0023042 -0.0109582 872.559
52 235   -0.00935578 0.00604123 863.624
52 236   0.00287904 0.0102432 853.449
52 237   -0.010067 0.00458816 845.823
52 238   0.0021702 0.01059 890.179
52 239   -0.00953212 0.00636598 848.794
52 240   0.00194097 0.0108422 909.045
52 241   0.0032276 0.0102483 835.336
52 242   0.00964692 -0.00559325 809.549
52 243   0.00991402 -0.00465774 837.071
52 244   0.00959521 -0.00498839 847.373
52 245   -0.00963629 0.00548418 819.789
52 246   -0.0096627 0.00578463 808.773
52 247   0.0100565 -0.00608859 746.603
52 248   0.00255324 0.0107599 851.926
52 249   0.00281108 0.0106379 836.035
52 250   0.00224254 0.0113788 892.61
52 251   -0.00982559 0.00501718 817.757
52 252   -0.0100827 0.00492338 793.613
52 253   0.00221547 0.0111194 885.433
52 254   -0.00997269 0.00593203 750.357
52 255   -0.00990906 0.00533808 773.896
52 256   0.00255164 0.0110541 839.48
52 257   0.00995975 -0.00512566 776.238
52 258   -0.00254035 -0.0112223 836.703
52 259   -0.0102263 0.00583127 709.468
52 260   0.0101562 -0.00498832 765.756
52 261   -0.0101674 0.00544681 721.084
52 262   0.00275302 0.011217 795.663
52 263   0.00997722 -0.00551823 745.398
52 264   0.00255895 0.011532 842.667
52 265   -0.0103526 0.00511279 739.149
52 266   -0.00233467 -0.0115526 896.251
52 267   -0.00250377 -0.0114468 846.872
52 268   -0.0102795 0.0056409 701.492
52 269   -0.0103538 0.00531531 711.672
52 270   0.0100652 -0.00532916 739.9
52 271   0.00273325 0.0114355 778.755
52 272   0.0103855 -0.00511181 726.809
52 273   -0.00278014 -0.0112009 790.696
52 274   0.0101918 -0.00580476 712.317
52 275   0.0101447 -0.00564332 715.003
52 276   0.0103785 -0.00577633 694.704
52 277   -0.00269109 -0.0115174 797.44
52 278   0.00288921 0.0115214 653.18
52 279   -0.00284685 -0.0113543 756.524
52 280   -0.0104982 0.00539936 695.359
52 281   -0.00304243 -0.0113512 683.911
52 282   -0.0104643 0.00565045 684.587
52 283   -0.00279438 -0.0114463 755.388
52 284   -0.00295066 -0.0113818 702.571
52 285   -0.00272812 -0.0116049 790.999
52 286   0.0105461 -0.00543017 686.242
52 287   -0.0104913 0.0055728 683.051
52 288   -0.0104963 0.00549898 686.592
52 289   -0.00287444 -0.0115037 681.34
52 290   -0.0029428 -0.0114724 629.166
52 291   -0.0105702 0.00536115 697.334
52 292   -0.00288071 -0.0115651 630.535
52 293   0.00290751 0.0116011 509.132
52 294   -0.0105636 0.00559649 675.989
52 295   -0.00283768 -0.0115952 702.695
52 296   -0.00298562 -0.0115104 504.452
52 297   -0.00303177 -0.0115093 419.814
52 298   0.0106086 -0.00542773 684.864
52 299   -0.0105659 0.00550171 681.419
52 300   -0.0105843 0.00554449 676.182
52 301   -0.00304752 -0.0116041 2.7246
52 305   0.00113248 -0.0098525 961.676
52 306   0.00216249 -0.0112618 957.697
52 307   0.000459239 -0.0103713 956.942
52 308   0.000901982 0.011449 968.962
52 337   -0.0064443 -0.00200757 923.378
52 338   -0.00814302 -0.00103803 907.271
52 339   -0.00658634 -0.00315368 920.165
52 340   -0.00800239 -0.00334833 900.706
52 341   -0.00808942 -0.00446457 900.3
52 370   -0.00318445 -0.0104476 825.842
52 371   -0.00288264 -0.0106466 829.639
52 372   -0.00288964 -0.0110671 790.738
52 373   -0.0029328 -0.0108659 808.236
52 374   -0.00313956 -0.0108804 790.006
52 375   -0.00307065 -0.0112532 729.044
52 376   -0.0030256 -0.0111267 767.13
52 377   -0.0031405 -0.0110442 770.747
52 378   -0.00320969 -0.0111165 753.254
52 379   -0.00316142 -0.0112249 725.791
52 403   0.00336101 0.0105515 812.009
52 405   0.00303714 0.0107486 811.414
52 406   0.00323851 0.0106572 808.454
52 407   0.00332255 0.0108074 790.53
52 408   0.00319468 0.0110836 759.862
52 409   0.00304061 0.0108993 796.415
52 410   0.00320174 0.0108983 786.009
52 411   0.00291215 0.0111763 773.996
52 412   0.0029721 0.011042 786.064
52 413   0.00308414 0.0111513 757.175
52 414   0.00297848 0.0112978 732.965
52 415   0.00306991 0.0112733 722.044
52 417   0.00311818 0.0113455 669.802
52 443   -0.00378222 -0.00943596 825.33
52 444   -0.00359172 -0.00986382 833.952
52 458   -0.00985476 0.00634324 797.032
52 459   -0.00998841 0.0061659 761.22
52 497   -0.0106162 0.00554401 673.434
52 506   -0.0105979 0.00542347 690.458
52 507   -0.0106306 0.00546036 687.303
52 508   -0.0105912 0.00547778 683.421
52 509   -0.0105999 0.00545105 687.216
52 510   -0.0106294 0.00548083 684.344
52 511   -0.0106144 0.00549334 681.11
52 512   -0.0106193 0.00550862 678.432
52 513   -0.0106227 0.00552498 675.262
52 514   -0.0106384 0.00549068 683.81
52 515   -0.0106326 0.00550511 679.611
52 516   -0.00295337 -0.0116008 344.83
52 517   -0.00293467 -0.0115762 480.976
52 518   -0.00297123 -0.0115528 422.02
52 519   -0.00298651 -0.0115878 253.788
52 520   -0.00299335 -0.011567 312.369
52 521   -0.00300461 -0.0115993 87.5702
52 522   0.00655413 -0.00658236 954.528
52 523   0.00759358 -0.00654795 935.949
52 524   0.00564125 -0.00782378 968.81
52 531   -0.00337665 0.00807109 969.229
52 532   -0.00238699 0.00838265 968.969
52 533   -0.00392175 0.00923522 963.084
52 534   -0.00445995 0.00947164 951.954
52 535   -0.0055979 0.00865233 965.563
52 536   -0.00498684 0.0092076 950.598
52 537   -0.00624797 0.00877684 962.266
52 538   -0.00623924 0.00935201 924.732
52 539   -0.00670184 0.00946499 901.461
52 547   -0.00426596 -0.00539741 954.794
52 552   0.000255585 0.0101697 956.687
52 553   -0.000755683 0.00926156 964.482
52 554   5.62078e-05 0.00926573 960.9
52 555   -0.00260675 0.00962992 966.189
52 556   -0.00339236 0.00978845 964.067
52 557   -0.00364858 0.0105002 966.95
52 558   -0.00133672 0.0101123 961.247
52 559   -0.0021621 0.0101468 964.377
52 560   -0.0025878 0.0107859 967.058
52 561   -0.00222789 0.0112665 959.517
52 562   -0.00104166 0.0106186 955.508
52 563   -4.36634e-05 0.0106258 960.048
52 564   -0.000478842 0.0107178 957.206
52 565   -0.000446593 0.0111544 954.441
52 566   -0.000392281 0.0117626 952.036
52 567   -0.000666965 0.0117866 884.611
52 636   -0.00604856 0.0097637 886.35
52 649   0.00363974 -0.00565573 964.68
52 650   0.00193993 -0.00756642 969.522
52 651   0.00472823 -0.00784055 969.404
52 652   0.00402207 -0.00712767 968.758
52 653   0.00304929 -0.00794435 969.459
52 654   0.00329412 -0.00871988 968.226
52 655   0.00421678 -0.00859459 967.148
52 656   0.00431414 -0.00932804 956.759
52 657   0.00223922 -0.0100591 964.424
52 658   0.00371802 -0.00959473 961.095
52 659   0.00278152 -0.00975109 965.768
52 660   0.00305109 -0.00934301 966.078
52 661   0.00368604 -0.00995596 960.008
52 662   0.00321087 -0.0100497 965.434
52 663   0.00396623 -0.0102651 954.765
52 664   0.00412601 -0.0109717 967.081
52 666   0.00753588 0.00395274 905.488
52 667   0.00608535 0.0045525 927.499
52 668   0.00803892 0.00485338 903.532
52 673   -0.00746353 0.00759163 952.885
52 674   -0.00832441 0.00738231 930.141
52 676   -0.00831633 0.00821123 945.344
52 677   -0.00862697 0.00779904 932.572
52 696   0.00119759 -0.00391433 962.094
52 697   0.00176367 -0.00615975 968.206
52 698   0.00249069 -0.00506574 964.503
52 699   -0.00134418 -0.00480452 964.585
52 700   0.000738978 -0.00557329 967.332
52 701   0.000202153 -0.00444338 964.256
52 702   -0.000667945 -0.00707422 969.475
52 703   -0.000151279 -0.00606163 968.674
52 704   -0.0013341 -0.00587577 968.004
52 705   -0.0016519 -0.00720511 969.281
52 706   -0.00204964 -0.00657162 969.287
52 707   -0.00371754 -0.00662405 966.12
52 708   -0.0028182 -0.00678965 969.293
52 709   -0.0049777 -0.00734499 960.503
52 710   -0.00370476 -0.00758415 969.158
52 711   -0.00418026 -0.00704484 966.416
52 713   -0.00494163 -0.00801077 966.699
52 773   0.00401789 0.00661892 964.656
52 774   0.00494451 0.00799785 966.715
52 796   0.00296213 0.0114539 627.166
52 797   0.00298104 0.0113822 694.183
52 798   0.00307865 0.0114343 574.802
52 799   0.00305929 0.0113873 653.181
52 800   0.00306688 0.0115205 346.107
52 801   0.00300806 0.011501 476.746
52 802   0.00304633 0.0114763 503.287
52 803   0.00300707 0.0115631 295.473
52 804   0.00301666 0.0115415 363.648
52 805   0.00304294 0.0115437 291.128
52 806   0.00302499 0.0115687 193.509
52 807   0.00304172 0.0115617 184.303
52 809   -0.00911483 0.00230946 944.191
52 810   -0.00877713 9.8912e-05 908.411
52 811   -0.00812928 0.00119977 926.965
52 900   -0.0106484 0.00549008 686.3
52 909   0.006126 -0.00848765 968.022
52 911   0.00582098 -0.00901995 952.874
52 912   0.00633079 -0.00933812 922.73
52 913   0.00672568 -0.0094039 905.252
52 914   0.00700565 -0.00921729 933.443
52 925   -0.00411932 0.0105742 954.353
52 926   -0.00440129 0.0100989 937.467
52 927   -0.00424743 0.0109301 959.605
52 934   -0.003126 0.0110224 969.055
52 935   -0.00345134 0.0109392 968.103
52 936   0.00437052 -0.0109093 943.321
52 938   0.000103025 -0.0115256 966.614
52 939   -0.000146552 -0.0115036 968.409
52 968   0.00161834 -0.0112035 939.933
52 969   0.00105059 -0.0109067 950.104
52 970   0.00040654 -0.0114353 950.144
52 971   0.000763993 -0.0112327 939.782
52 972   0.000773069 -0.0118264 849.862
52 973   0.000523492 -0.0118043 929.091
52 976   -0.00560444 0.01027 842.842
52 977   -0.00523822 0.0096718 920.486
52 978   -0.00565423 0.0098158 892.201
52 979   -0.00501173 0.0100115 903.108
52 980   -0.0047017 0.0101745 912.426
52 981   -0.00524142 0.0102796 859.024
52 982   -0.00508159 0.0104804 842.53
52 983   -0.00474988 0.0104474 885.339
52 985   -0.00516513 0.0106571 805.452
52 987   -0.00170484 0.0112417 940.697
52 988   -0.00130943 0.0110257 945.913
52 989   -0.00093195 0.0116075 890.612
52 990   -0.000861887 0.0113084 937.243
52 992   -0.00159234 0.0116444 907.562
52 1033   0.0015656 -0.0116113 907.656
52 1052   -0.00530066 -0.00508093 941.12
52 1053   -0.00596912 -0.0041457 929.003
52 1054   -0.00704716 -0.00483487 915.444
52 1055   -0.00689605 -0.00561187 918.659
52 1056   -0.00585758 -0.00595525 934.537
52 1058   -0.00709329 -0.0064779 911.803
52 1059   -0.0074313 -0.00598337 914.146
52 1102   -0.00557885 -0.00724334 947.515
52 1103   -0.00588675 -0.00659087 935.077
52 1104   -0.00658721 -0.00674201 912.739
52 1105   -0.0060338 -0.00756602 937.173
52 1106   -0.00652482 -0.00722294 913.77
52 1148   0.00270438 0.0076637 965.341
52 1149   0.00347284 0.0072971 969.455
52 1155   0.00274716 0.00839961 942.801
52 1156   0.00237669 0.00901837 923.924
52 1157   0.00272629 0.0094653 890.899
52 1158   0.00344761 0.00965349 846.729
52 1159   0.00320217 0.0093256 869.323
52 1160   0.00357432 0.00909266 844.34
52 1162   0.00376506 0.00954341 830.192
52 1163   0.00387446 0.00929769 817.688
52 1251   0.00821533 0.000114814 909.524
52 1252   0.00640992 -0.000152069 928.907
52 1253   0.00609039 0.00116537 927.594
52 1254   0.00887818 0.00125626 898.38
52 1255   0.00843575 0.00307917 897.735
52 1256   0.00775447 0.00201435 909.017
52 1283   0.00586311 0.00575301 934.34
52 1284   0.00501029 0.00655618 953.442
52 1285   0.00529378 0.00728857 954.446
52 1286   0.00598361 0.00735452 937.539
52 1287   0.00647463 0.00701144 915.448
52 1289   0.00305007 0.0115736 84.5521
52 1296   0.00299756 0.0115837 213.483
52 1297   0.00297952 0.0115948 253.446
52 1420   -0.00328041 -0.0107917 792.592
52 1421   -0.00337546 -0.0105782 808.323
52 1451   -0.0106377 0.00552964 673.479
52 1460   0.00300904 0.0116022 72.7477
52 1464   0.00302449 0.0115838 99.4842
52 1465   0.00302665 0.0116054 11.8504
52 1466   0.00301806 0.0115967 62.9751
52 1467   0.00303344 0.0115988 13.2512
52 1468   0.00304205 0.0115833 52.9635
52 1469   0.00303321 0.0115866 60.9319
52 1486   0.0106586 -0.00550535 711.627
52 1487   0.0106624 -0.00550026 774.754
52 1497   -0.0106392 0.00551195 678.317
52 1498   -0.0106409 0.00552012 675.612
52 1499   -0.0106508 0.00551744 677.097
52 1500   -0.0106496 0.00550046 685.297
52 1501   -0.0106462 0.00550789 680.992
52 1502   -0.010652 0.00551064 681.682
52 1503   -0.0106579 0.00550887 700.766
52 1504   -0.0106563 0.00550278 690.141
52 1505   -0.00301606 -0.0115645 242.422
52 1506   -0.0030481 -0.0115726 79.5669
52 1507   -0.00304009 -0.0115492 262.9
52 1508   -0.00305566 -0.0115556 184.323
52 1509   -0.00302028 -0.0115776 139.641
52 1510   -0.00301567 -0.0115915 78.8367
52 1511   -0.00304075 -0.0115909 14.0218
52 1512   -0.00303675 -0.0115792 77.8056
52 1513   -0.00304043 -0.0116047 3.3622
52 1516   -0.00303399 -0.0115985 8.83204
52 1517   -0.00302537 -0.0116008 16.6277
52 1518   0.0102463 -0.00534121 713.121
52 1519   0.0103701 -0.00526119 709.549
52 1520   0.0104908 -0.00530712 699.691
52 1521   0.0104603 -0.00538136 694.524
52 1522   0.0102611 -0.0055434 703.041
52 1523   0.010368 -0.00542457 697.809
52 1524   0.0102748 -0.00543035 705.342
52 1525   0.010399 -0.00564408 689.686
52 1526   0.01038 -0.00550266 693.264
52 1527   0.0103288 -0.00557258 696.234
52 1528   0.0104368 -0.00553957 687.256
52 1529   0.0105321 -0.00562364 678.574
52 1530   0.0104605 -0.00561396 684.46
52 1531   0.0105298 -0.00549323 681.667
52 1532   0.0104917 -0.00552735 682.978
52 1533   0.0105377 -0.00557199 677.859
52 1534   0.0105764 -0.00551496 677.008
52 1535   0.0106089 -0.00555189 672.17
52 1536   0.0105741 -0.00555392 675.149
52 1537   0.0106383 -0.00551689 672.612
52 1538   0.0106034 -0.00550542 675.98
52 1539   0.010619 -0.00552045 673.29
52 1540   0.010645 -0.00550546 681.691
52 1541   0.0106421 -0.00551181 673.479
52 1542   0.0106397 -0.00548739 679.261
52 1543   0.0106192 -0.00548126 678.905
52 1547   0.00304503 0.0115919 14.8221
52 1550   0.00304048 0.0115996 7.53398
52 1551   0.00304131 0.011606 3.948
52 1586   0.00758651 -0.00745427 949.049
52 1587   0.00721728 -0.00799877 963.128
52 1588   0.00684635 -0.00830634 968.874
52 1589   0.00707619 -0.00881112 966.749
52 1590   0.00743636 -0.00872046 968.751
52 1591   0.0075524 -0.00825381 961.526
52 1592   0.00792575 -0.00875342 954.509
52 1593   0.00764579 -0.00894003 967.87
52 1631   -0.00118566 0.0117483 842.42
52 1632   -0.00134833 0.0117067 880.335
52 1639   0.00132109 -0.0116737 880.398
52 1641   0.000979361 -0.0118166 820.903
52 1642   0.00108724 -0.0115919 887.042
52 1664   0.00528569 -0.00931552 940.515
52 1665   0.00477506 -0.00953345 941.359
52 1666   0.00551554 -0.0098203 894.099
52 1667   0.0047498 -0.0100132 917.532
52 1668   0.00523537 -0.0101409 874.177
52 1669   0.00443428 -0.0103209 926.957
52 1670   0.00482419 -0.0107717 817.712
52 1671   0.00455838 -0.0106561 899.306
52 1673   0.00504568 -0.0106576 807.236
52 1674   0.00532564 -0.010471 826.603
52 1740   -0.00450008 0.0107684 909.33
52 1741   -0.00464547 0.0109255 855.559
52 1742   -0.00466756 0.0106075 879.725
52 1743   -0.00498122 0.0107215 805.052
52 1744   -0.00481055 0.0108243 806.525
52 1745   -0.00481536 0.010705 835.588
52 1748   -0.00502299 0.0108098 777.879
52 1749   -0.00492983 0.0108719 747.188
52 1860   0.00888715 -0.00754114 920.414
52 1861   0.00872502 -0.0071123 914.221
52 1862   0.0081972 -0.0073161 932.349
52 1863   0.00853227 -0.007764 934.435
52 1864   0.00818639 -0.00772587 940.572
52 1865   0.00807474 -0.00839913 947.265
52 1866   0.0079108 -0.00811909 952.041
52 1869   0.00834041 -0.0083413 947.704
52 1870   0.00852236 -0.00809938 942.596
52 1892   -0.00403696 -0.00799261 966.143
52 1893   -0.0044764 -0.00811907 969.284
52 1894   -0.00399314 -0.00856027 916.449
52 1897   -0.00455534 -0.00860097 963.953
52 1898   -0.00430983 -0.00877251 927.549
52 1915   0.00732164 0.00549364 913.689
52 1916   0.00667889 0.0064911 914.074
52 1917   0.00659638 0.00579352 920.88
52 1920   0.00757316 0.00594396 913.591
52 1921   0.00723515 0.00643849 912.526
52 1953   0.000234722 0.0110275 964.671
52 1954   0.000496439 0.0113245 968.591
52 1955   -9.81457e-05 0.011257 963.283
52 1956   -0.000111113 0.011578 966.814
52 1958   0.000403224 0.0116796 968.484
52 1959   0.00012854 0.0117036 969.204
52 2097   -0.00306655 -0.0114726 490.124
52 2098   -0.0030949 -0.0114089 602.656
52 2158   -0.00743422 0.00815183 961.414
52 2159   -0.00798446 0.0083547 948.124
52 2160   -0.00714226 0.00847429 968.575
52 2161   -0.00676421 0.00862164 968.743
52 2162   -0.00719717 0.00907107 958.559
52 2163   -0.0068684 0.00923782 932.593
52 2164   -0.00692205 0.00896964 960.585
52 2166   -0.00707365 0.00938579 909.247
52 2167   -0.00721339 0.00929272 930.994
52 2172   -0.00913443 -0.00169937 899.299
52 2173   -0.00885176 -0.00286355 897.554
52 2177   -0.00791833 0.00875919 953.889
52 2180   -0.00755276 0.00877023 967.657
52 2181   -0.00744983 0.00901901 967.928
52 2244   0.00447684 0.00805064 969.455
52 2245   0.00389381 0.00782489 968.352
52 2246   0.00382979 0.00872059 881.76
52 2247   0.00349227 0.00832331 941.92
52 2249   0.00430739 0.008717 939.315
52 2250   0.0045529 0.00854545 965.637
52 2277   0.00910568 -0.00057902 909.737
52 2281   0.00881012 -0.00287624 945.819
52 2282   0.00928699 -0.00208275 939.138
52 2283   0.00863 -0.00145317 925.546
52 2284   0.00741314 -0.00217491 933.059
52 2285   0.00766686 -0.00300351 934.494
52 2305   -0.00222751 -0.00850909 946.092
52 2306   -0.00222159 -0.00773988 965.448
52 2307   -0.00315565 -0.00782532 964.006
52 2308   -0.00273181 -0.00745162 968.433
52 2309   -0.00287107 -0.00922075 892.444
52 2310   -0.0026496 -0.00876529 926.717
52 2311   -0.00306752 -0.00836979 940.031
52 2312   -0.00348292 -0.00912326 852.059
52 2313   -0.0035728 -0.00869628 887.398
52 2563   -0.00111635 -0.0103247 942.56
52 2564   -0.000372618 -0.0104076 956.864
52 2565   -0.000388292 -0.0111235 966.221
52 2566   -0.000895285 -0.0114373 968.243
52 2567   -0.00195361 -0.0110226 912.61
52 2568   -0.00126323 -0.0112169 959.845
52 2569   -0.00149997 -0.0108202 936.841
52 2571   -0.00154775 -0.0115504 963.104
52 2572   -0.00205419 -0.0115774 935.063
52 2573   -0.00186877 -0.0114059 938.094
52 2722   0.00588578 -0.00996372 866.818
52 2723   0.00616575 -0.00977712 879.948
52 2766   -0.00501999 0.000373491 941.045
52 2767   -0.0044148 0.00161416 947.753
52 2768   -0.00676754 0.00130488 933.378
52 2769   -0.00614752 0.00381087 944.101
52 2770   -0.00670738 0.00243602 938.181
52 2771   -0.00561731 0.00265508 944.502
52 2772   -0.00792017 0.00451644 924.161
52 2773   -0.00736623 0.00321456 936.454
52 2774   -0.00710897 0.00396907 936.91
52 2775   -0.00874416 0.00300532 948.613
52 2776   -0.00915134 0.00338425 946.301
52 2777   -0.00811486 0.00329449 934.411
52 2778   -0.00891683 0.00395307 920.901
52 2779   -0.00838102 0.00395139 924.664
52 2840   0.0031549 -0.0112058 968.753
52 2841   0.00317197 -0.0104264 967.501
52 2842   0.00255563 -0.0109643 967.109
52 2843   0.00252687 -0.0105773 965.89
52 2844   0.00374648 -0.0104977 964.667
52 2845   0.00342739 -0.0105653 968.244
52 2846   0.00386367 -0.0108484 968.88
52 2847   0.0034134 -0.0108544 969.635
52 2848   0.00334974 -0.0110609 968.818
52 2849   0.00367229 -0.0109855 968.95
52 2851   0.00352712 -0.0112128 965.103
52 2852   0.00369013 -0.0111712 965.135
16 133   -0.0449783 0.00326162 961.292
16 134   -0.0451577 -0.00292013 961.236
16 135   -0.0411403 -0.00644404 959.456
16 136   -0.0384826 -0.00713478 956.848
16 137   0.00632699 0.0191891 915.058
16 138   0.00474999 0.0178386 928.168
16 139   0.00482299 0.0159101 927.047
16 140   0.00576622 0.0146924 910.226
16 141   0.00686623 0.0141845 900.204
16 142   -0.00685479 -0.0147327 946.733
16 143   0.00300711 0.0152803 950.267
16 144   -0.00596699 -0.01378 924.829
16 145   0.00313863 0.0140391 951.889
16 146   -0.00584173 -0.0129626 902.121
16 147   0.00465929 0.0135485 909.587
16 148   -0.00298522 -0.0135098 969.086
16 149   0.00173614 0.0136359 967.578
16 150   0.00384758 0.013525 934.643
16 151   0.00246928 0.0135346 964.951
16 152   0.00483431 0.0127677 888.132
16 153   0.00156526 0.0129135 969.429
16 154   0.00361043 0.0128196 946.393
16 155   0.00319704 0.0126682 965.756
16 156   0.00435496 0.0118753 814.976
16 157   -0.00267492 -0.0121949 904.812
16 309   -0.00304533 0.0161182 944.284
16 310   -0.00232762 0.0147308 954.77
16 312   -0.0511398 0.0239922 902.204
16 318   -0.00853505 -0.0271874 968.691
16 320   -0.0387366 0.0282591 964.905
16 326   -0.00912678 0.0274207 968.589
16 327   -0.0328797 -0.023077 945.486
16 331   -0.0048644 -0.0240887 956.181
16 333   -0.0432983 0.0168085 952.603
16 343   -0.00613834 -0.0116253 808.238
16 344   -0.00672954 -0.012383 884.004
16 345   -0.00661321 -0.0109984 798.858
16 359   -0.0501577 -0.00542333 963.349
16 361   -0.0489866 -0.00938535 965.862
16 362   -0.0513289 -0.0114617 968.477
16 363   -0.0435766 -0.0109093 960.289
16 364   -0.0464229 -0.0113474 965.319
16 365   -0.0421371 -0.0127166 955.344
16 366   -0.0433694 -0.0151931 956.44
16 367   -0.0397007 -0.0118691 951.058
16 368   -0.0387182 -0.0133453 942.764
16 389   -0.029679 -0.0245514 963.579
16 390   -0.0263206 -0.0225 966.05
16 391   -0.0314664 -0.0335257 967.719
16 392   -0.0280772 -0.0310257 969.646
16 393   -0.0294624 -0.028077 969.195
16 394   -0.0323429 -0.0291027 969.47
16 395   -0.0333603 -0.0320514 966.165
16 428   -0.00525155 -0.0115561 755.954
16 445   0.00301303 0.0121436 933.442
16 446   0.00327366 0.0121117 957.902
16 447   0.00317856 0.0122597 966.677
16 540   -0.0411625 0.0249993 967.727
16 541   -0.039227 0.0261919 967.957
16 542   -0.00158862 -0.0127666 968.371
16 543   -0.00114968 -0.01343 968.85
16 544   -0.0011764 -0.0124839 969.508
16 549   -0.042353 0.0186873 933.583
16 550   -0.0429407 0.0207032 949.525
16 568   -0.0423608 -0.0198178 928.828
16 569   -0.0420405 -0.0170646 936.416
16 572   0.00400054 -0.0278133 811.33
16 574   0.00581738 -0.0250521 877.393
16 575   0.00658363 -0.0208445 939.917
16 576   0.00306827 -0.0225209 934.483
16 577   0.00490101 -0.0232784 913.257
16 578   0.00357613 -0.0202843 955.56
16 579   0.00540886 -0.0196469 956.025
16 580   0.00678342 -0.0172024 969.02
16 581   0.00417548 -0.0176983 968.464
16 582   0.00560865 -0.0183199 965.54
16 583   0.00601185 -0.0163278 969.046
16 584   0.00457869 -0.0166264 969.539
16 585   0.00319647 -0.0153566 965.38
16 586   0.00416542 -0.0159072 968.196
16 587   0.00477204 -0.0150905 961.081
16 588   0.00349659 -0.0145664 957.71
16 589   0.00441056 -0.0145533 954.57
16 590   0.00318808 -0.013987 951.021
16 591   0.00209265 -0.0124983 928.269
16 592   0.00259615 -0.0136331 946.803
16 593   0.00289452 -0.0131792 944.97
16 594   0.00290252 -0.0122993 961.928
16 595   0.00262346 -0.0126825 946.74
16 596   0.00329969 -0.01237 959.642
16 598   0.00342769 -0.0120789 967.558
16 600   -0.00628795 0.012856 861.883
16 601   -0.00655409 0.0109123 851.541
16 602   -0.00662303 0.012172 838.185
16 603   -0.00615007 0.0117948 831.093
16 604   -0.00584466 0.0110757 835.266
16 605   -0.00631762 0.0112445 836.062
16 606   -0.00571159 0.0118392 823.515
16 607   -0.00564265 0.0114128 809.74
16 608   -0.00324081 0.0139792 943.438
16 610   -0.00468147 0.0162855 914.586
16 611   -0.00692844 0.0162245 883.727
16 612   -0.00521376 0.0153148 910.441
16 613   -0.00635688 0.0153657 895.368
16 614   -0.00549954 0.0142858 903.278
16 615   -0.00492799 0.014677 915.025
16 616   -0.00438065 0.0135277 922.729
16 617   -0.00420503 0.0141748 927.396
16 618   -0.00551842 0.0131192 882.871
16 619   -0.00490563 0.0134852 906.847
16 620   -0.00530157 0.0137412 901.064
16 621   -0.00477179 0.012584 887.975
16 622   -0.00495897 0.0129484 895.355
16 623   -0.00528597 0.012778 877.147
16 624   -0.00538594 0.0121481 837.45
16 625   -0.00525691 0.0124466 859.973
16 626   -0.0049407 0.0123805 865.257
16 627   -0.00515418 0.0119804 823.789
16 628   -0.00487244 0.0121275 843.607
16 629   -0.00528794 0.0113903 779.361
16 630   -0.00485417 0.0115596 766.997
16 631   -0.00512511 0.0116489 788.65
16 632   -0.0112094 -0.0229322 950.148
16 633   -0.00921821 -0.0246874 952.799
16 640   -0.000760562 -0.0125514 969.055
16 641   -0.00412881 -0.0187302 950.895
16 642   -0.00428434 -0.0205665 909.298
16 643   -0.0330019 0.0230874 944.852
16 644   -0.0349049 0.025299 952.788
16 646   -0.0118689 0.0230176 955.26
16 647   -0.00979128 0.024975 957.887
16 678   0.00109125 0.0127168 968.762
16 717   0.00386633 -0.0336339 691.602
16 728   -0.0220734 -0.0247274 968.784
16 729   -0.0141946 -0.0241822 965.646
16 736   -0.00467628 0.0190534 869.27
16 737   -0.00527266 0.0176424 882.074
16 738   -0.00637652 0.0175305 860.157
16 739   -0.00483419 -0.0118882 822.911
16 741   -0.00457007 -0.0116485 795.133
16 743   -0.0163226 -0.0222274 966.684
16 744   -0.0194988 -0.0222274 968.193
16 748   -0.00114927 0.0143148 964.569
16 749   -0.00132795 0.0134319 957.114
16 750   -0.00193999 0.0129371 949.373
16 751   -0.0017886 0.0124604 934.961
16 752   -0.000870538 0.0132025 958.166
16 753   -0.00136528 0.0126544 917.63
16 754   -0.00105926 0.0129018 942.079
16 755   -0.000851802 0.0126848 924.63
16 756   -0.00128958 0.0124161 878.578
16 757   -0.00102606 0.0124588 870.636
16 760   -0.0265202 0.0225 965.965
16 761   -0.0298329 0.0245582 963.508
16 768   -0.0334705 -0.0210257 918.971
16 775   -0.0399783 0.00576307 959.041
16 778   -0.0346155 -0.0252535 952.803
16 779   -0.0342954 -0.0277535 968.979
16 780   0.00654935 0.0128772 879.686
16 781   0.00718312 0.0122724 876.534
16 782   0.00619664 0.0113118 779.975
16 783   0.00685429 0.0114597 848.334
16 784   0.00590452 0.011893 801.5
16 785   0.00532029 0.0125629 853.981
16 786   0.00592841 0.0126457 860.055
16 788   0.00468969 0.0116999 773.72
16 789   0.00537375 0.0115422 752.845
16 790   0.00510641 0.0119097 789.399
16 903   -0.040877 -0.0207785 869.012
16 904   -0.00726352 0.0117906 824.829
16 905   -0.00702705 0.0110811 820.752
16 906   -0.00640741 -0.0234107 905.059
16 907   -0.00785868 -0.0236102 917.087
16 915   -0.00518306 0.0211547 830.209
16 916   -0.00519616 0.0198425 822.401
16 918   -0.00843765 0.023942 929.601
16 919   0.0072044 -0.010883 803.154
16 921   0.0073522 -0.0103201 654.427
16 922   0.00705661 -0.010475 791.93
16 923   -0.0072044 -0.0109555 875.139
16 928   -0.00429676 0.0119092 846.656
16 931   -0.00461769 0.0116835 787.05
16 932   -0.00460689 0.01192 824.532
16 941   -0.000616311 0.0125977 930.756
16 949   0.00261019 -0.0179123 968.729
16 950   0.00221062 -0.0191714 965.899
16 951   0.00224424 -0.0156603 967.311
16 952   0.000405026 -0.0167794 969.513
16 953   0.00170287 -0.0169888 969.619
16 954   0.00149939 -0.0148671 963.143
16 955   -2.45241e-05 -0.0147833 967.066
16 956   0.000508893 -0.0154614 967.983
16 957   0.000367483 -0.0139179 960.479
16 958   0.000951001 -0.0135913 945.375
16 959   0.00177009 -0.0128734 913.645
16 960   0.00200253 -0.0135115 940.58
16 961   0.00154949 -0.0138624 948.961
16 962   0.00136083 -0.0127633 887.55
16 963   0.000994777 -0.0131304 920.962
16 964   0.000739024 -0.0130029 915.166
16 965   0.000841551 -0.0126786 862.961
16 966   0.000607544 -0.0125552 847.592
16 967   0.000344021 -0.012598 891.799
16 974   -0.00547451 -0.0210963 831.001
16 975   -0.0061822 -0.0220444 830.418
16 994   0.0012881 -0.0124524 842.269
16 995   0.00102458 -0.0124951 824.987
16 1008   -0.0351898 -0.0215385 873.68
16 1034   -0.0115541 0.0210059 937.151
16 1036   0.0047069 -0.0116984 772.183
16 1037   0.004834 -0.0123127 855.665
16 1038   0.00453369 -0.0118947 802.776
16 1039   0.00448287 -0.0121324 845.689
16 1040   0.00414913 -0.0118612 808.607
16 1041   0.00429693 -0.0117838 788.873
16 1048   -0.0386398 0.0165032 900.945
16 1050   -0.0406433 0.0185159 885.549
16 1051   -0.0392097 0.0176714 869.797
16 1060   0.00631516 -0.0154594 963.654
16 1061   0.00548862 -0.0149412 957.268
16 1062   0.00569911 -0.0142412 941.339
16 1063   0.00534468 -0.0137163 927.486
16 1064   0.00546235 -0.0131848 903.204
16 1065   0.00451066 -0.0129043 913.247
16 1066   0.00493802 -0.0127281 887.713
16 1067   0.00455903 -0.0139673 942.947
16 1068   0.00492436 -0.0136749 931.353
16 1069   0.00461468 -0.0133197 926.107
16 1070   0.00379396 -0.0138095 946.708
16 1071   0.00425094 -0.0138029 942.578
16 1072   0.00424775 -0.0134211 935.255
16 1073   0.0033322 -0.0132433 944.881
16 1074   0.0036397 -0.0135198 943.978
16 1075   0.00394184 -0.0133356 938.422
16 1076   0.00345642 -0.0126825 948.188
16 1077   0.00348138 -0.0130164 943.911
16 1078   0.00378729 -0.0131019 938.53
16 1079   0.00371126 -0.0126278 942.051
16 1080   0.00409107 -0.0126746 923.966
16 1081   0.0038873 -0.0128696 934.694
16 1082   0.00380161 -0.0124308 940.823
16 1083   0.00402847 -0.0124349 923.285
16 1084   0.00415576 -0.0122185 891.632
16 1085   0.00405879 -0.0120582 879.653
16 1086   0.0036171 -0.012126 961.771
16 1087   0.00373242 -0.0122629 948.888
16 1088   0.00386229 -0.0121066 941.801
16 1090   0.0036811 -0.0119804 967.153
16 1091   0.00381286 -0.0119591 965.062
16 1092   -0.000706058 0.0335543 800.848
16 1093   7.01075e-05 0.0276687 898.353
16 1111   -0.0358214 -0.0321764 959.189
16 1112   -0.0380749 -0.0281287 967.35
16 1113   -0.0360639 -0.0293529 967.019
16 1126   -0.0335378 0.0210291 917.715
16 1128   -0.0223629 0.0247559 968.826
16 1129   -0.0148866 0.0242676 967.063
16 1130   -0.0492275 0.026008 880.789
16 1137   -0.0315298 0.0335291 967.564
16 1138   -0.0282019 0.0310291 969.639
16 1139   -0.0296357 0.0280874 969.24
16 1141   -0.0199889 0.0222559 968.303
16 1142   -0.0171197 0.0222559 967.43
16 1143   -0.00373897 -0.0125002 960.722
16 1144   -0.0035772 -0.0120234 966.483
16 1145   -0.00377804 -0.0119908 961.091
16 1164   -0.0511398 0.0177504 963.321
16 1165   -0.0457983 0.0168085 968.252
16 1178   0.00567805 0.0326661 680.1
16 1179   0.00292332 0.0283289 803.093
16 1180   0.00293785 0.0312204 722.234
16 1183   -0.0499783 0.00575842 963.568
16 1186   0.00568316 -0.0295354 715.434
16 1187   0.00568316 -0.0322677 683.135
16 1196   -0.0511075 -0.0172528 965.275
16 1197   -0.0499363 -0.0144619 969.578
16 1198   -0.0473727 -0.0139239 968.515
16 1199   -0.0457587 -0.0159622 967.443
16 1236   -0.00226321 0.0214934 963.127
16 1237   -0.00249019 0.0249958 961.036
16 1249   -0.0108455 -0.0209774 925.508
16 1264   -0.0438921 -0.020997 965.502
16 1265   -0.0459611 -0.0190129 969.374
16 1302   -0.00299432 -0.0180536 967.247
16 1303   -0.00124909 -0.0184932 969.351
16 1304   -0.000578961 -0.0172809 969.52
16 1305   -0.00296106 -0.0169008 969.464
16 1306   -0.00166497 -0.0166062 969.458
16 1307   -0.00272703 -0.0146037 969.409
16 1308   -0.00167284 -0.0145175 969.405
16 1309   -0.0012144 -0.0154266 969.313
16 1310   -0.00473029 -0.0157579 967.126
16 1311   -0.00374339 -0.0161984 969.595
16 1312   -0.00338598 -0.0154166 969.036
16 1313   -0.00497923 -0.0142586 948.793
16 1314   -0.00471543 -0.0150292 961.985
16 1315   -0.00403034 -0.014923 965.608
16 1316   -0.00368672 -0.0137419 964.09
16 1317   -0.00451539 -0.0139626 951.175
16 1318   -0.00407288 -0.0143422 961.859
16 1319   -0.00438346 -0.0134775 946.082
16 1320   -0.00387606 -0.0128257 955.136
16 1321   -0.00389733 -0.0133099 958.14
16 1322   -0.00483267 -0.0128612 911.547
16 1323   -0.00424092 -0.0128461 937.701
16 1324   -0.00448344 -0.0131405 934.647
16 1325   -0.00471217 -0.0122275 887.432
16 1326   -0.00471166 -0.0125518 904.816
16 1327   -0.0043518 -0.012589 921.413
16 1328   -0.00429142 -0.0123532 914.862
16 1329   -0.00441319 -0.0121761 899.305
16 1330   -0.00404346 -0.0122848 934.52
16 1331   -0.0039914 -0.0120854 932.882
16 1332   -0.00434837 -0.0117647 839.416
16 1334   -0.00431352 -0.0119529 884.187
16 1335   -0.00413969 -0.0119307 891.996
16 1338   -0.0399386 -0.029603 946.265
16 1339   -0.0445702 -0.0336508 794.647
16 1340   -0.0439907 -0.028339 914.085
16 1341   -0.0417901 -0.0282822 942.401
16 1342   -0.0415245 -0.0261909 965.728
16 1343   -0.0385725 -0.0260895 965.669
16 1344   -0.0401706 -0.0254726 966.291
16 1345   -0.0362517 -0.0247511 937.248
16 1346   -0.037689 -0.025337 948.493
16 1347   -0.0384416 -0.0240822 907.922
16 1384   0.00714557 -0.0121195 840.913
16 1385   0.00684997 -0.0113036 827.47
16 1386   0.00587563 -0.0127412 873.168
16 1387   0.00658449 -0.0128707 876.92
16 1388   0.00562311 -0.0112222 803.941
16 1389   0.00588998 -0.0120299 834.676
16 1390   0.00630326 -0.0113435 832.386
16 1391   0.0060665 -0.0109899 850.102
16 1392   0.00521018 -0.0121414 829.949
16 1393   0.0055352 -0.011975 822.714
16 1394   0.00550508 -0.0115209 795.318
16 1395   0.00494348 -0.0116929 777.449
16 1396   0.00512105 -0.0118367 797.893
16 1397   0.00525379 -0.0115322 779.46
16 1399   0.00515012 -0.0113497 751.654
16 1400   0.00500232 -0.0114271 741.601
16 1490   -0.00312441 -0.0125647 964.648
16 1491   -0.00317606 -0.0121322 907.68
16 1492   -0.00304861 -0.0121528 892.639
16 1493   -0.00294293 -0.012299 927.749
16 1494   -0.00344599 -0.0124874 969.175
16 1495   -0.00326552 -0.0121176 927.137
16 1496   -0.0034367 -0.0121938 964.752
16 1564   -0.0417147 0.0219435 928.674
16 1565   -0.0410408 0.0235477 941.321
16 1566   -0.0396932 0.0233363 893.862
16 1567   -0.0404103 0.0199221 840.369
16 1568   -0.0398402 0.0221304 830.843
16 1569   -0.040894 0.0213338 881.012
16 1570   -0.0387866 0.021217 672.13
16 1571   -0.0389766 0.019911 715.313
16 1603   -0.00738176 0.0102703 603.328
16 1604   -0.00726352 0.0107489 791.365
16 1605   -0.00714528 0.0103942 770.356
16 1610   -0.00663352 0.0205435 570.156
16 1611   -0.00606849 0.021495 780.381
16 1612   -0.00672698 0.022406 828.011
16 1613   -0.0387633 -0.0216766 760.259
16 1614   -0.0384085 -0.020755 565.176
16 1615   -0.037263 -0.0209736 654.609
16 1616   0.00717117 0.010911 872.031
16 1627   -0.00705661 -0.0104992 868.335
16 1637   -0.0073522 -0.0104778 904.692
16 1638   -0.0073522 -0.0102109 929.414
16 1677   -0.00701355 -0.017253 962.627
16 1678   -0.00524122 -0.018025 950.246
16 1679   -0.00539544 -0.0163612 968.698
16 1680   -0.00636834 -0.0161525 967.462
16 1681   -0.00710029 -0.0190143 827.9
16 1682   -0.00581441 -0.0187314 906.408
16 1683   -0.00661384 -0.0181682 920.992
16 1684   -0.0066916 -0.0200369 653.618
16 1685   -0.00589217 -0.0199664 801.811
16 1696   -0.00835911 -0.0223437 869.937
16 1697   -0.00872081 -0.0204887 811.392
16 1698   -0.00935471 -0.0214661 880.325
16 1699   -0.00731652 -0.0217552 784.564
16 1700   -0.00740826 -0.0208776 638.535
16 1704   -0.00399954 0.0129868 934.735
16 1705   -0.00412246 0.0122309 918.638
16 1706   -0.00433734 0.0125799 914.186
16 1707   -0.00246704 0.0128516 957.092
16 1708   -0.00288196 0.0132855 951.38
16 1709   -0.00284269 0.0122893 968.602
16 1710   -0.00346507 0.0129403 951.534
16 1711   -0.00373699 0.0122695 963.657
16 1712   -0.0034174 0.012572 961.63
16 1713   -0.00320994 0.0123551 968.238
16 1715   -0.00366129 0.0120312 967.906
16 1716   -0.00339777 0.0120739 969.254
16 1725   -0.0404347 -0.0163466 920.668
16 1726   -0.0393272 -0.0150131 931.169
16 1727   -0.0381091 -0.0161155 906.86
16 1728   -0.0380537 -0.0185834 794.324
16 1729   -0.0386628 -0.0171989 874.868
16 1730   -0.0397703 -0.017699 880.628
16 1731   -0.0398923 -0.0193777 823.376
16 1732   -0.0387848 -0.0197109 706.449
16 1759   -0.00191665 0.0172498 960.238
16 1760   0.000934662 0.0197731 959.184
16 1761   0.00202178 0.0184838 953.272
16 1762   -0.00295641 0.0188281 938.448
16 1763   -0.00172438 0.0198205 964.105
16 1764   0.00192248 0.0158901 960.935
16 1765   0.00101015 0.0171651 964.974
16 1766   -0.000205154 0.0167407 969.477
16 1767   -0.000456286 0.0146231 969.133
16 1768   3.75954e-05 0.015526 969.468
16 1769   0.00102005 0.0141803 968.259
16 1770   0.00101402 0.015108 967.493
16 1771   0.000407349 0.0138952 969.441
16 1772   -9.25623e-05 0.01392 969.527
16 1773   0.000556831 0.013352 968.942
16 1774   0.000742028 0.0129563 967.792
16 1775   0.000271163 0.0131873 968.968
16 1776   -0.000363843 0.0132053 968.126
16 1777   -7.13911e-05 0.0133976 969.572
16 1778   -0.000233338 0.0129167 968.964
16 1779   -0.000400812 0.0127183 962.834
16 1780   -1.23114e-05 0.0127549 967.48
16 1783   -0.000245667 0.0125458 966.924
16 1784   -0.000113905 0.0125671 967.256
16 1788   -0.00864564 0.0224875 880.775
16 1789   -0.00968446 0.0215088 890.202
16 1790   -0.00897038 0.0205029 818.507
16 1791   -0.00764905 0.0219574 801.786
16 1792   -0.00757452 0.0209787 656.288
16 1800   -0.0491226 0.031177 715.964
16 1801   -0.0505877 0.0286715 760.413
16 1813   -0.0517675 0.0337472 671.738
16 1814   -0.0503024 0.0337472 675.672
16 1835   0.00733559 0.0103324 911.544
16 1836   0.00700676 0.0105047 867.176
16 1842   -0.037482 0.0213222 691.076
16 1843   -0.0360467 0.0205146 799.641
16 1844   -0.035251 0.0215437 870.35
16 1857   0.000548957 0.0125938 964.659
16 1858   0.000328048 0.0128124 965.435
16 1859   0.000164024 0.0126562 958.227
16 1902   -0.04983 -0.0286728 771.154
16 1903   -0.0503022 -0.0337715 675.752
16 1904   -0.046768 -0.0324223 739.478
16 1905   -0.0462958 -0.0297806 833.564
16 1908   -0.0517674 -0.030086 706.97
16 1909   -0.0517674 -0.032543 678.57
16 1937   -0.00694807 0.0183893 813.799
16 1945   -0.0407162 -0.0219813 879.451
16 1946   -0.0395325 -0.0220854 819.418
16 1947   -0.0411853 -0.0232466 936.183
16 1948   -0.0394098 -0.0234027 889.836
16 1949   -0.0402552 -0.0240406 937.208
16 1979   -0.0381376 0.0253366 950.272
16 1980   -0.0387255 0.0239326 905.557
16 1981   -0.0365822 0.0247504 936.333
16 1982   -0.0363924 0.0230533 881.483
16 1983   -0.0375679 0.0228319 836.763
16 1984   -0.00608814 0.0195267 774.702
16 1985   -0.00664007 0.0198874 648.762
16 1986   -0.00667211 0.0190423 780.15
16 1987   -0.00722404 0.019403 707.096
16 2003   -0.0365521 -0.0205128 758.892
16 2004   -0.0354853 -0.0205128 838.536
16 2008   -0.00461803 0.0221062 894.952
16 2009   -0.00345009 0.0222417 946.283
16 2010   -0.00465592 0.0238738 951.334
16 2011   -0.00348797 0.0240093 968.184
16 2012   -0.0361131 0.0322883 957.262
16 2013   -0.0335355 0.0321349 965.628
16 2014   -0.0365418 0.0294999 965.551
16 2015   -0.0346811 0.0278757 969.173
16 2016   -0.0325809 0.0291932 969.417
16 2068   0.00424797 0.0121205 879.85
16 2069   0.00432343 0.0124593 896.419
16 2070   0.00391126 0.0125348 925.204
16 2071   0.00356076 0.0121366 960.146
16 2072   0.00391319 0.012112 914.071
16 2073   0.0037584 0.0122801 937.978
16 2075   0.00363558 0.0119815 954.133
16 2076   0.0037955 0.0119556 926.341
16 2089   -0.0364316 -0.0236056 899.784
16 2090   -0.0360387 -0.0225695 867.846
16 2091   -0.0376153 -0.0235015 876.465
16 2092   -0.037045 -0.0220046 796.169
16 2093   -0.0378142 -0.0224133 805.811
16 2142   0.00335386 0.0120987 967.216
16 2143   0.00343677 0.0120853 968.521
16 2198   -0.00859471 -0.0334774 948.4
16 2199   -0.00601029 -0.0334774 924.747
16 2203   0.00192736 0.0124609 967.942
16 2206   0.0022063 0.0125524 967.463
16 2207   0.0023294 0.0122588 952.42
16 2208   0.00295756 0.0128382 967.355
16 2209   0.00244616 0.0127877 969.573
16 2210   0.0027085 0.0130198 967.398
16 2211   0.00253184 0.0123606 958.319
16 2212   0.00278897 0.0125887 969.286
16 2213   0.00260146 0.0126235 969.174
16 2214   0.00289369 0.0122292 946.98
16 2215   0.00278232 0.0123819 963.392
16 2216   0.00265637 0.0122698 949.005
16 2218   0.00269595 0.0121288 920.064
16 2219   0.00283952 0.0121055 910.771
16 2238   -0.00692844 0.0133079 867.866
16 2239   -0.00692844 0.0145579 888.418
16 2240   -0.00635688 0.0141157 889.069
16 2259   -0.00871536 0.0334515 946.72
16 2268   -0.0497796 0.0215412 940.396
16 2269   -0.0497796 0.0194606 957.468
16 2270   -0.0470592 0.0187197 968.334
16 2271   -0.0444667 0.0210705 968.976
16 2272   -0.0477393 0.0215057 953.511
16 2273   -0.0463791 0.0200949 967.539
16 2331   0.00566352 0.0262737 804.97
16 2335   0.00215812 0.0214574 935.266
16 2336   0.00415877 0.024706 882.987
16 2337   0.00130555 0.0252127 909.227
16 2338   0.00482224 0.0215186 910.216
16 2339   0.00599525 0.0229296 891.987
16 2340   6.41047e-05 0.0224563 954.025
16 2341   -0.000124992 0.0241911 939.937
16 2423   -0.00277899 0.0320572 889.883
16 2424   -0.0019883 0.029063 907.237
16 2425   -0.00311804 0.0274117 940.587
16 2426   -0.00638103 0.0319544 931.755
16 2427   -0.00497536 0.0335029 909.523
16 2428   -0.00715839 0.0280862 964.51
16 2429   -0.00472459 0.0280832 950.199
16 2430   -0.00590423 0.0296317 944.938
16 2431   -0.00531441 0.0247848 960.901
16 2432   -0.0053392 0.0265105 967.373
16 2433   -0.0066183 0.0265649 969.028
16 2434   -0.00651899 0.0238604 919.15
16 2435   -0.00723307 0.0248663 950.746
16 2444   -0.0380699 0.0182516 819.783
16 2445   -0.0380699 0.0190849 765.018
16 2495   -0.0378492 0.0336825 939.614
16 2541   -0.0151404 0.0278956 969.611
16 2542   -0.0175267 0.0308838 969.531
16 2543   -0.0150242 0.0336279 967.479
16 2544   -0.0112593 0.0320795 962.069
16 2545   -0.0114582 0.0290912 967.925
16 2557   -0.00199297 -0.012701 964.253
16 2558   -0.0024794 -0.0124015 942.035
16 2559   -0.00279678 -0.0126451 962.492
16 2560   -0.00256459 -0.0129034 967.364
16 2561   -0.00198509 -0.0123527 957.54
16 2562   -0.00223933 -0.0123114 943.942
16 2607   0.00138564 -0.0228624 944.953
16 2608   -0.000146868 -0.0243028 946.214
16 2609   -0.00078201 -0.0200756 969.134
16 2610   0.000786393 -0.0203317 965.706
16 2611   -0.00264687 -0.0231689 966.585
16 2612   -0.00268276 -0.0214724 961.186
16 2613   -0.0495939 -0.0261235 874.678
16 2614   -0.0515313 -0.0238512 902.383
16 2615   -0.0472327 -0.0244264 925.878
16 2616   -0.0477775 -0.0209016 956.134
16 2617   -0.0501388 -0.0201416 951.121
16 2641   -0.0439777 -0.0232514 967.485
16 2642   -0.0448254 -0.0262762 930.868
16 2643   -0.0455019 -0.0247922 941.555
16 2644   -0.0425392 -0.023965 967.938
16 2645   -0.042963 -0.0254774 961.929
16 2680   -0.0460964 0.0121861 965.553
16 2681   -0.0512392 0.0116292 968.63
16 2682   -0.0487175 0.00988727 966.141
16 2683   -0.0472579 0.0145978 968.828
16 2684   -0.0498789 0.0147989 969.544
16 2697   -0.0376851 -0.0336508 941.521
16 2700   -0.0397912 -0.0323015 924.105
16 2701   -0.04175 -0.0336508 892.521
16 2710   -0.0259048 0.0325 969.648
16 2713   -0.0204409 0.0322559 969.639
16 2714   -0.0226617 0.0297559 969.607
16 2724   -0.00446819 -0.032033 914.637
16 2725   0.000482542 -0.0321895 790.533
16 2726   -0.00133429 -0.0335556 838.53
16 2727   -0.00406556 -0.0268665 957.385
16 2728   -0.00565104 -0.0287882 951.59
16 2729   -0.000931659 -0.027023 922.416
16 2730   0.000616754 -0.0291012 872.591
16 2731   -0.000552094 -0.0133925 968.434
16 2732   -4.63734e-05 -0.0135551 963.347
16 2733   -0.000575201 -0.0127966 969.552
16 2734   -0.000230477 -0.0126777 968.136
16 2735   0.000281392 -0.0131011 948.537
16 2736   0.000120396 -0.0128196 948.409
16 2756   -0.0258073 -0.0325 969.653
16 2759   -0.0224694 -0.0297274 969.578
16 2760   -0.0203014 -0.0322274 969.656
16 2761   -0.0428103 0.0251084 965.425
16 2762   -0.0441705 0.0265191 936.06
16 2763   -0.046635 0.0252379 921.9
16 2764   -0.0445947 0.0231218 965.275
16 2765   -0.046507 0.0231866 949.126
16 2784   -0.0148055 -0.0277959 969.584
16 2785   -0.0149392 -0.0336137 967.844
16 2786   -0.0173403 -0.0308411 969.582
16 2787   -0.0110874 -0.0320911 962.691
16 2788   -0.0111371 -0.0290459 968.04
16 2812   0.00708673 -0.0149537 954.132
16 2814   0.00652566 -0.0142993 938.967
16 2815   0.00693893 -0.0136382 911.922
16 2835   -0.0435964 0.0121861 960.122
16 2836   -0.0387392 0.0116307 949.931
16 2837   -0.0412175 0.00988881 957.744
16 2838   -0.0422579 0.0145978 950.586
16 2839   -0.0398789 0.0147989 935.039
16 2861   -0.0405672 0.02973 938.196
16 2862   -0.0433856 0.0284772 919.559
16 2863   -0.041909 0.0336825 889.401
16 2864   -0.0401085 0.032365 919.787
16 2865   -0.0447274 0.0336825 787.045
16 2866   -0.0457452 0.0311122 811.909
end
