967
16 1   -0.0445908 -0.00283223 968.565
16 2   -0.0449757 0.00375277 968.651
16 3   -0.0244469 0.032385 967.815
16 4   -0.0395908 -0.00642947 967.202
16 5   -0.0208963 0.0293378 968.489
16 6   -0.0479045 -0.022226 933.622
16 7   -0.0219627 0.0243378 969.61
16 8   0.00407958 -0.0183976 964.239
16 9   0.00131481 0.0181869 948.818
16 10   0.00325849 0.0195401 917.702
16 11   0.00677613 0.0222311 870.066
16 12   0.00539559 0.0179961 905.136
16 13   0.00661229 0.0149198 882.841
16 14   0.00523175 0.0162399 902.644
16 15   0.00677613 0.0189366 899.643
16 16   0.00337924 -0.014674 952.535
16 17   0.00538923 0.0138569 864.542
16 18   0.00354535 0.0156169 915.908
16 19   0.00533998 0.012943 814.532
16 20   0.00370282 0.0143254 907.788
16 21   0.00287883 0.013768 927.995
16 22   0.00203004 0.013773 955.867
16 23   0.00391815 0.0126794 834.629
16 24   0.00294075 0.0130946 927.615
16 25   -0.0013878 -0.0136228 968.397
16 26   0.00368735 0.0122275 822.814
16 27   0.00323062 0.0128206 908.93
16 28   -0.0020917 -0.0129854 966.039
16 29   0.00232741 0.0128543 961.391
16 30   -0.00133578 -0.0130529 960.043
16 31   0.0039268 0.0120238 748.024
16 32   -0.00114337 -0.0127569 953.118
16 33   0.00277216 0.0124056 938.952
16 34   0.00294278 0.0121873 918.689
16 35   -0.00227698 -0.0127264 959.866
16 36   0.00228918 0.0124687 967.957
16 37   -0.00166743 -0.0128343 945.338
16 38   -0.00161399 -0.0125158 895.241
16 39   -0.00135148 -0.0124265 908.456
16 40   0.00206138 0.012315 931.738
16 41   -0.00203882 -0.0123992 884.192
16 42   0.00244407 0.0122941 966.431
16 43   -0.00174655 -0.0123484 835.041
16 44   -0.00231297 -0.0122229 914.246
16 45   -0.0018952 -0.0123243 829.08
16 46   -0.00213314 -0.012252 854.627
16 378   0.00565889 -0.0205184 941.073
16 405   -0.0445057 -0.0231782 955.518
16 407   -0.0511414 0.0240077 889.299
16 408   -0.0451706 0.0218505 961.051
16 418   -0.00998622 -0.0304345 957.219
16 419   -0.00732326 -0.0334782 926.194
16 420   -0.00859566 -0.0271945 966.055
16 421   -0.00566241 -0.0268017 960.912
16 425   -0.0329107 -0.0230862 959.033
16 426   -0.00187316 0.0150304 961.753
16 427   0.00137204 0.0142649 960.913
16 428   -0.000450438 0.0150389 969.429
16 429   0.00206335 0.0155513 945.287
16 430   0.0010822 0.0160537 957.636
16 431   0.000623599 0.0139208 967.679
16 432   -0.000217734 0.0141924 969.371
16 433   0.000707376 0.0133086 968.291
16 434   0.000279225 0.0130215 966.04
16 436   0.000429182 0.0126087 959.425
16 450   -0.0048783 -0.0241053 965.751
16 461   -0.0495908 -0.00567744 969.163
16 464   -0.0481363 -0.00984135 969.513
16 465   -0.0510454 -0.0115995 969.384
16 466   -0.0453413 -0.0121746 969.242
16 467   -0.0417958 -0.0116079 966.37
16 468   -0.039705 -0.013366 959.659
16 469   -0.0408646 -0.0155025 952.865
16 470   -0.0431837 -0.0168841 963.628
16 471   -0.0486171 0.0140239 968.495
16 472   -0.0511414 0.0177625 955.444
16 473   -0.0497828 0.0205251 938.332
16 474   -0.0470657 0.019805 958.507
16 475   -0.042355 0.0131955 964.603
16 476   -0.0458035 0.0168948 969.294
16 477   -0.0459964 0.0138763 969.411
16 478   -0.0433035 0.0168948 964.082
16 479   -0.0410207 0.0155332 953.947
16 490   -0.00291888 -0.0321161 879.051
16 491   -0.00264859 -0.0286796 911.911
16 492   0.00063552 -0.0271212 891.577
16 493   0.00400019 -0.0278334 792.775
16 494   0.00397656 -0.0229523 916.165
16 495   0.00581767 -0.0250763 863.748
16 496   -0.000149889 -0.0243409 936.114
16 497   0.00137367 -0.0229291 936.022
16 498   -0.00263566 -0.0214958 968.041
16 499   -0.00264989 -0.023203 966.277
16 500   -0.00112114 -0.0187966 969.013
16 501   -0.0010491 -0.0207181 966.68
16 502   0.000460225 -0.0210135 959.589
16 503   0.00182156 -0.0184557 966.55
16 504   -2.87203e-05 -0.0184841 968.292
16 505   0.000805095 -0.0196998 963.978
16 506   0.000439937 -0.0173281 969.291
16 507   0.00153555 -0.017152 969.364
16 508   0.00107382 -0.0153848 967.822
16 509   0.00230592 -0.0150638 961.701
16 510   0.00187961 -0.015992 968.935
16 511   0.00115799 -0.0145731 961.53
16 512   0.00184227 -0.01434 951.707
16 513   0.000761163 -0.0139942 956.285
16 514   -0.00209507 -0.01801 969.515
16 515   -0.00403388 -0.0171662 968.658
16 516   -0.00359536 -0.018444 969.206
16 517   -0.00309061 -0.0165534 967.696
16 518   -0.00197657 -0.0169109 969.22
16 519   -0.00125627 -0.0162311 969.428
16 520   -0.000151443 -0.0163219 969.658
16 521   0.000138386 -0.0155386 969.323
16 522   -0.00102954 -0.014033 969.049
16 523   -0.00107776 -0.0148229 969.641
16 524   -0.000438981 -0.0148365 969.09
16 525   -0.000513306 -0.0138693 967.454
16 526   0.00029648 -0.0139334 961.557
16 527   -9.72174e-05 -0.0142744 966.966
16 528   -0.000312639 -0.013461 965.564
16 529   0.000177759 -0.0135183 959.684
16 530   -0.000856677 -0.0126576 965.582
16 531   -0.000490167 -0.0129555 967.993
16 532   -0.000188982 -0.0127077 968.811
16 538   0.00193667 0.0129053 968.28
16 539   0.00170123 0.0131507 967.548
16 540   0.00112701 0.0130304 969.318
16 541   0.0011301 0.0124949 962.643
16 542   0.000913962 0.0127083 969.549
16 543   0.00166147 0.0126473 963.425
16 544   0.00148472 0.0123482 900.333
16 545   0.00142809 0.0125357 948.732
16 546   0.00191381 0.0124136 929.597
16 547   0.00177919 0.0125246 950.64
16 548   0.00165701 0.012395 906.576
16 550   0.00184478 0.0122754 856.06
16 551   0.00173847 0.0122926 855.838
16 685   -0.000597456 0.0190926 965.739
16 687   -0.0066464 0.0183319 840.167
16 688   -0.00310638 0.0164087 947.92
16 689   -0.00260675 0.0181407 956.74
16 690   -0.00689621 0.0152556 888.426
16 691   -0.00604261 0.016903 892.097
16 692   -0.00483504 0.0162554 915.822
16 693   -0.00508485 0.0148368 909.391
16 694   -0.00629242 0.0143793 884.441
16 695   -0.00719811 0.0126412 820.409
16 696   -0.00659432 0.0134315 858.93
16 697   -0.00681068 0.0121204 800.608
16 698   -0.00691886 0.0116053 778.112
16 699   -0.00730629 0.0112838 764.434
16 700   -0.00268122 0.0141262 943.703
16 701   -0.00462455 0.0141851 911.756
16 702   -0.00370395 0.0139868 926
16 703   -0.00591133 0.0134132 870.181
16 704   -0.00514914 0.0137092 895.589
16 705   -0.00482024 0.0132194 896.738
16 706   -0.00397884 0.0132683 919.637
16 707   -0.00522427 0.0126989 867.436
16 708   -0.00585506 0.0127935 850.024
16 709   -0.00615063 0.0122911 818.436
16 710   -0.00590409 0.0118214 795.397
16 711   -0.00619308 0.0115535 777.596
16 712   -0.00654779 0.011508 775.564
16 713   -0.00610755 0.011199 753.556
16 714   -0.00660189 0.0112504 766.295
16 715   -0.00632264 0.0110567 754.161
16 716   -0.00709119 0.011005 762.199
16 717   -0.00675786 0.0110689 765.908
16 718   -0.00728491 0.0107038 750.096
16 720   -0.00738176 0.0102023 572.489
16 721   -0.00716667 0.010485 746.495
16 722   -0.00693019 0.0104686 792.309
16 724   -0.0137651 0.0255523 969.523
16 725   -0.0149681 0.0231526 969.35
16 726   -0.0106886 0.0247995 967.956
16 727   -0.0423591 -0.0187697 951.202
16 728   -0.0428008 -0.0207828 959.126
16 729   -0.0423681 0.018746 951.371
16 730   -0.042973 0.0207915 963.496
16 746   -0.006339 0.0107783 753.566
16 748   -0.00659686 0.0108132 769.843
16 749   -0.00669371 0.0105925 790.331
16 774   -0.00420443 -0.0193025 958.23
16 775   -0.00421155 -0.0207141 943.441
16 786   -0.0113821 -0.0229345 963.587
16 787   -0.00927818 -0.0246945 964.599
16 788   0.00594344 -0.0130857 875.987
16 807   -0.051038 0.0324968 680.366
16 809   0.00665936 -0.0141464 922.216
16 811   0.00508005 -0.0153003 960.613
16 812   0.00592069 -0.0167919 969.236
16 840   -0.0399757 0.0110265 964.557
16 841   -0.0399757 0.00639315 967.569
16 849   -0.0334187 0.0212233 940.078
16 894   0.00386504 -0.0336379 689.006
16 895   0.000230081 -0.0336379 760.73
16 915   -0.00074964 0.0324682 799.735
16 924   -0.0242719 -0.0325 967.969
16 925   -0.0297312 -0.0245574 968.721
16 926   -0.0264076 -0.0225 969.363
16 927   -0.0209555 -0.0297282 968.543
16 928   -0.0221791 -0.0247282 969.593
16 929   -0.013668 -0.0291845 965.847
16 930   -0.0161788 -0.0322282 965.307
16 931   -0.0143814 -0.0241845 969.362
16 933   -0.0196644 -0.0222282 969.657
16 934   -0.0165673 -0.0222282 969.555
16 947   -0.0314862 -0.0335287 962.455
16 948   -0.0281235 -0.0310287 967.797
16 949   -0.0295148 -0.0280862 969.181
16 950   -0.0323749 -0.0291149 967.75
16 951   -0.0333801 -0.0320574 959.776
16 959   -0.0110518 -0.0209782 948.698
16 960   -0.00911659 -0.0209782 876.929
16 969   -0.0505854 -0.0250536 870.21
16 970   -0.0491202 -0.0299686 730.375
16 971   -0.0510348 -0.0325425 679.957
16 972   -0.00376705 0.0311681 899.27
16 973   -0.00715642 0.0336999 919.943
16 974   -0.00958221 0.0310996 950.883
16 984   -0.0346536 -0.0252947 964.344
16 985   -0.0343342 -0.0277947 968.887
16 991   -0.0334931 -0.0210287 937.781
16 995   0.00381528 -0.0135756 926.021
16 996   0.00480017 -0.0131411 903.963
16 997   -0.0392979 0.0337121 910.333
16 998   -0.0410964 0.0311364 906.433
16 1017   -0.0352427 0.0261055 967.463
16 1018   -0.0362688 0.0285943 963.478
16 1019   -0.0389097 0.0285719 954.093
16 1020   -0.00689448 -0.0148249 926.792
16 1021   -0.0060697 -0.0164272 960.741
16 1022   -0.00485867 -0.0161219 959.114
16 1023   -0.00639363 -0.0136311 897.909
16 1024   -0.00539194 -0.0134757 891.305
16 1025   -0.00699915 -0.0126751 876.494
16 1026   -0.00640796 -0.0118837 809.2
16 1027   -0.00442913 -0.0120299 750.206
16 1029   -0.00552117 -0.0117978 743.982
16 1030   -0.00511067 -0.0124338 796.489
16 1036   -0.0288877 0.0260242 969.643
16 1037   -0.0284467 0.0211925 968.346
16 1038   -0.0313989 0.0224159 962.624
16 1039   -0.0322117 0.0248626 967.635
16 1040   -0.0255989 0.0211925 969.476
16 1041   -0.0252271 0.0235776 969.66
16 1051   -0.0499757 0.00590757 969.233
16 1052   -0.0499757 0.0108646 969.536
16 1064   -0.0386596 -0.0165241 922.565
16 1227   -0.00806461 -0.0218582 838.13
16 1228   -0.00642928 -0.0234217 935.25
16 1229   -0.00789591 -0.0236181 941.373
16 1230   -0.00577676 -0.0217377 862.057
16 1231   -0.00659442 -0.0209559 721.471
16 1235   -0.0386414 0.0165142 923.932
16 1238   -0.040656 0.0185581 907.289
16 1239   -0.0392121 0.0176879 894.395
16 1240   -0.0380707 0.0186737 813.282
16 1241   -0.0387373 0.0211599 702.064
16 1242   -0.0402365 0.0195624 864.042
16 1243   -0.0387926 0.0195255 766.376
16 1252   -0.00567862 0.0197726 800.45
16 1253   -0.00374307 0.0215489 942.476
16 1254   -0.00397142 0.0197519 911.09
16 1255   -0.00704963 0.0215355 746.087
16 1256   -0.00596768 0.0227696 902.036
16 1257   -0.0387746 -0.0215648 732.803
16 1258   -0.0403758 -0.0226021 910.829
16 1259   -0.0413666 -0.0215998 927.983
16 1285   0.00597185 0.0115939 766.392
16 1286   0.00656305 0.012371 816.436
16 1288   0.0072044 0.0106983 865.794
16 1289   0.00661321 0.0110081 797.475
16 1290   -0.0072044 -0.0107054 867.944
16 1291   -0.00661321 -0.0110152 790.157
16 1294   0.00308256 -0.0132057 916.423
16 1295   0.00348878 -0.0127812 919.66
16 1296   0.00324987 -0.0123009 942.728
16 1297   0.00312242 -0.0125963 916.046
16 1299   0.00270327 -0.0121987 875.742
16 1300   0.00296679 -0.0121559 932.685
16 1305   -0.00565095 0.0111684 746.353
16 1306   -0.00588743 0.0110445 727.661
16 1312   -0.0369421 0.0229765 889.252
16 1313   -0.0376576 0.0217532 764.701
16 1314   -0.0353048 0.021835 900.883
16 1315   -0.0360203 0.0206117 825.78
16 1324   -0.00398294 0.0121368 959.84
16 1325   -0.00364094 0.0126708 939.222
16 1326   -0.00295204 0.0124994 931.305
16 1327   -0.00251283 0.0125707 872.158
16 1340   -0.00217042 0.0129392 908.825
16 1341   -0.00192479 0.0136048 946.885
16 1342   -0.000884027 0.0136625 965.422
16 1345   -0.000690448 0.0130682 964.161
16 1346   -0.000154453 0.0128422 967.732
16 1348   -0.0011948 0.012619 927.69
16 1349   -0.00163401 0.0125477 880.948
16 1358   -0.0374786 -0.0215474 751.288
16 1359   -0.0360274 -0.0205144 820.741
16 1360   -0.0352053 -0.0215431 895.329
16 1370   0.00469166 -0.0125327 880.317
16 1371   0.00407388 -0.0121672 911.392
16 1372   0.00411299 -0.0125426 913.641
16 1374   0.00433388 -0.0118807 844.179
16 1375   0.00462948 -0.0117258 811.9
16 1379   -0.00504168 0.0114812 790.13
16 1380   -0.00510428 0.0122081 847.215
16 1381   -0.00543916 0.0114726 778.148
16 1382   -0.00548854 0.011833 804.659
16 1383   -0.00444563 0.0121605 893.956
16 1384   -0.00481181 0.0117883 828.935
16 1385   -0.00482503 0.0121548 859.017
16 1387   -0.00455065 0.011732 839.362
16 1388   -0.00431417 0.0118559 879.962
16 1389   0.00174828 -0.0136815 930.373
16 1390   0.00113831 -0.0135667 936.764
16 1391   0.00128262 -0.0125971 848.698
16 1392   0.000944783 -0.0129877 907.953
16 1393   0.00174594 -0.0126593 840.261
16 1394   0.00264385 -0.0126204 877.746
16 1395   0.00250778 -0.0123678 848.379
16 1396   0.00201808 -0.0131646 893.995
16 1397   0.00245268 -0.0130636 892.136
16 1399   0.0019127 -0.012327 789.992
16 1400   0.00217622 -0.0122842 791.318
16 1415   0.00714204 -0.0120535 799.826
16 1416   0.00642613 -0.0124024 827.173
16 1417   0.00671174 -0.0106479 780.287
16 1418   0.00694498 -0.0114521 775.161
16 1419   0.00710587 -0.0104414 765.714
16 1420   0.00730294 -0.0108079 741.945
16 1421   0.00656894 -0.0114077 771.208
16 1422   0.00653276 -0.01097 757.389
16 1423   0.00536847 -0.0113386 759.038
16 1424   0.00577257 -0.0120271 808.562
16 1425   0.00501051 -0.0117479 802.187
16 1426   0.00518138 -0.0121019 827.752
16 1427   0.00597369 -0.0117032 784.224
16 1428   0.0062512 -0.0115643 775.728
16 1429   0.00574046 -0.0113687 759.399
16 1430   0.00624621 -0.0109994 744.2
16 1431   0.00591039 -0.0111721 742.61
16 1432   0.00612554 -0.0112877 757.371
16 1434   0.00612959 -0.0108322 716.244
16 1435   0.00593253 -0.0109354 708.931
16 1451   0.000584498 -0.0127409 907.488
16 1453   0.000317157 -0.0130214 945.478
16 1454   0.000127944 -0.0127164 948.459
16 1477   0.00508507 0.0115152 713.107
16 1478   0.00449387 0.0118249 707.477
16 1505   0.00370888 -0.012089 964.963
16 1506   0.00344536 -0.0121318 963.682
16 1508   -0.0406198 -0.0185669 907.412
16 1509   -0.0392394 -0.0177028 891.971
16 1510   -0.0380798 -0.0186787 812.856
16 1511   -0.0389648 -0.0200439 730.883
16 1512   -0.0403452 -0.0200746 858.202
16 1533   -0.00667522 -0.017696 967.454
16 1536   -0.00544161 -0.0191312 920.798
16 1537   -0.00626639 -0.019761 814.521
16 1538   -0.00626283 -0.0184972 943.17
16 1539   -0.00708761 -0.019127 856.723
16 1571   -0.00362412 0.0261693 951.16
16 1572   -0.004528 0.0286351 929.475
16 1573   -0.00772673 0.0285666 955.735
16 1574   -0.00842222 0.0260666 968.635
16 1575   -0.00630544 0.024901 964.767
16 1578   0.00568252 -0.0322758 681.436
16 1579   0.00568252 -0.0295516 708.791
16 1662   -0.0492463 0.0260532 861.459
16 1663   -0.0491429 0.0299573 730.138
16 1664   -0.046219 0.0324605 740.024
16 1665   -0.0438908 0.0298848 879.74
16 1666   0.00479323 0.0335697 679.324
16 1667   0.00195714 0.0310379 739.082
16 1668   0.00234361 0.0283418 794.584
16 1669   0.0051797 0.028013 731.729
16 1670   0.00535808 0.0245209 833.331
16 1671   0.00322098 0.0227704 899.127
16 1709   -0.0390531 -0.0336798 913.94
16 1710   -0.035842 -0.0322086 949.196
16 1711   -0.0381251 -0.028248 961.054
16 1712   -0.0361004 -0.0294171 961.101
16 1733   0.00659774 0.0292789 698.869
16 1734   0.00659774 0.0321394 676.155
16 1748   -0.0124931 0.0211999 963.594
16 1751   -0.0107727 0.0223997 951.234
16 1752   -0.00913634 0.0211999 897.777
16 1774   -0.00457708 -0.0148473 940.292
16 1775   -0.00478642 -0.0138811 912.182
16 1776   -0.00292733 -0.0156948 965.83
16 1777   -0.00358902 -0.015033 956.821
16 1778   -0.00177969 -0.0150358 968.983
16 1779   -0.00198776 -0.0156539 968.568
16 1780   -0.00233156 -0.0145378 967.22
16 1781   -0.00320132 -0.0144941 957.625
16 1782   -0.00236013 -0.013496 968.134
16 1783   -0.00198788 -0.0139148 969.266
16 1784   -0.00403681 -0.0136158 922.67
16 1785   -0.00343978 -0.0140431 949.79
16 1786   -0.00294226 -0.0136681 959.442
16 1787   -0.00374957 -0.0131377 921.51
16 1788   -0.00314739 -0.0132457 951.498
16 1789   -0.00392231 -0.0125159 890.635
16 1790   -0.00349192 -0.0122302 909.35
16 1791   -0.00314639 -0.0124347 944.66
16 1792   -0.0029746 -0.0128285 957.067
16 1793   -0.0025579 -0.0123316 965.402
16 1794   -0.00261623 -0.012688 968.333
16 1796   -0.00299285 -0.0121628 953.673
16 1797   -0.00276272 -0.0122001 967.421
16 1806   -0.0169049 0.0219527 969.6
16 1807   -0.0195753 0.0219527 969.67
16 1829   -0.0416698 0.0216857 940.085
16 1830   -0.0407413 0.0227903 926.146
16 1831   -0.0406454 0.0206445 881.184
16 1832   -0.039717 0.0217491 841.697
16 1850   -0.00174073 0.0251309 940.251
16 1851   0.00145826 0.0241214 906.255
16 1852   0.000759269 0.0262007 894.184
16 1853   -0.000416497 0.0217968 953.971
16 1854   -0.00219744 0.022642 965.956
16 1867   -0.0173742 0.0306526 967.087
16 1868   -0.0145671 0.0280523 967.879
16 1869   -0.0150057 0.0336999 962.086
16 1870   -0.0121986 0.0310996 960.298
16 1877   -0.0298861 0.0285551 968.81
16 1878   -0.0284618 0.0311084 967.491
16 1879   -0.0319126 0.0337233 961.151
16 1880   -0.0342362 0.0298822 963.024
16 1881   -0.0350786 0.0324355 951.68
16 1886   -0.0442403 0.0266449 921.714
16 1887   -0.0453134 0.0239156 943.633
16 1888   -0.0466719 0.0253165 910.257
16 1889   -0.0412398 0.0239431 964.788
16 1890   -0.0426135 0.0259263 952.681
16 1891   -0.04315 0.0245617 961.028
16 1892   -0.0394618 0.0266427 966.499
16 1893   -0.0410505 0.0259491 965.032
16 1894   -0.0403561 0.0246663 965.722
16 1895   -0.0375022 0.0241533 933.865
16 1896   -0.0368762 0.0254473 963.371
16 1897   -0.0390804 0.0247129 958.617
16 1898   -0.0384543 0.0260069 969.231
16 1899   -0.0511596 -0.0174425 957.189
16 1900   -0.0484787 -0.018824 958.683
16 1901   -0.049705 -0.0148117 967.366
16 1902   -0.04691 -0.0146234 969.35
16 1903   -0.0456837 -0.0168841 969.347
16 1949   -0.0411684 -0.0323597 894.474
16 1950   -0.039982 -0.0297193 932.844
16 1951   -0.044581 -0.0336798 772.735
16 1952   -0.0455967 -0.0311059 794.946
16 1953   -0.0441709 -0.0258562 934.321
16 1954   -0.0440462 -0.0284987 902.976
16 1955   -0.0418441 -0.0284323 927.731
16 1956   -0.0407331 -0.0237687 956.765
16 1957   -0.0423278 -0.0251286 962.104
16 1958   -0.0416098 -0.026451 956.053
16 1959   -0.0386393 -0.0262645 969.133
16 1960   -0.0397683 -0.0244278 957.126
16 1961   -0.040262 -0.0257544 968.684
16 1962   -0.0363022 -0.024858 956.006
16 1963   -0.0377607 -0.0255256 965.076
16 1964   -0.0385307 -0.0243501 942.403
16 1965   -0.0362716 -0.0231639 911.608
16 1966   -0.0374832 -0.0231681 884.522
52 237   -0.00458891 0.00144124 936.511
52 238   0.00115772 -0.00445224 958.959
52 239   0.00140594 0.00240226 948.096
52 240   -0.000585989 0.00131128 948.611
52 241   0.00319859 0.00117709 939.074
52 242   -0.000626238 -0.000914129 947.636
52 243   -0.00441514 -0.000760731 932.363
52 244   0.00505749 0.0020929 924.521
52 245   -0.000714039 -0.00523601 960.929
52 246   -0.00243169 -0.00188484 943.658
52 247   -0.00640928 0.00248584 926.989
52 248   0.00508444 -0.00430558 945.738
52 249   0.0065228 0.000696007 915.353
52 250   -0.0024118 -0.00385954 948.435
52 251   0.00818913 0.00127078 898.407
52 252   -0.00588129 -0.0018233 918.709
52 253   -0.00400766 -0.00458813 938.199
52 254   -0.00110979 -0.00690546 967.99
52 255   -0.0070073 -0.00440794 902.074
52 256   -0.00572807 0.00546185 949.528
52 257   0.0091654 -0.000340422 909.801
52 258   -0.0054937 -0.00367599 920.055
52 259   0.0017452 -0.00864111 967.986
52 260   0.00667031 -0.00478688 932.018
52 261   -0.00655927 0.0041442 930.533
52 262   -0.00392051 -0.00609235 945.729
52 263   -0.000441855 -0.00812334 967.621
52 264   -0.00272041 -0.00703321 964.093
52 265   0.000514974 -0.00869816 965.143
52 266   0.00772724 -0.0036944 913.039
52 267   0.000900048 0.00855465 962.072
52 268   -0.00790104 0.00455546 911.971
52 269   -0.00795352 0.00566236 915.441
52 270   0.00877648 -0.00424523 894.909
52 271   -0.00916611 0.00292995 909.086
52 272   -0.00139329 -0.00905976 942.449
52 273   0.0087332 -0.00519442 896.315
52 274   -0.000368384 0.0102681 954.6
52 275   0.00973277 -0.00280289 896.363
52 276   -0.00871324 0.004213 897.63
52 277   -0.00901516 0.00707622 905.236
52 278   0.0092329 -0.00681971 900.813
52 279   0.000644963 0.00960831 940.878
52 280   -0.00873918 0.00584653 901.21
52 281   0.000147321 -0.00987423 951.616
52 282   -0.0011825 -0.00989491 913.875
52 283   -0.0100658 0.00298044 875.862
52 284   -0.00910994 0.00639952 898.198
52 285   -0.00905394 0.00367394 893.316
52 286   0.000267723 0.010127 942.101
52 287   -0.000260378 0.0111311 966.193
52 288   -0.000598716 -0.0101346 930.964
52 289   0.00947693 -0.00397398 862.225
52 290   0.0097944 -0.00345796 853.651
52 291   0.000455853 -0.0104617 954.691
52 292   -0.00987437 0.00601576 856.202
52 293   0.00133717 0.0100068 903.959
52 294   -0.00927736 0.00526899 877.462
52 295   -0.0093039 0.00474236 872.7
52 296   -0.00987482 0.00544473 827.386
52 297   0.00127817 0.0106202 881.377
52 298   0.000779085 0.0107685 917.953
52 299   -0.00062024 -0.0107731 927.722
52 300   -7.81357e-05 -0.0109255 956.735
52 301   -0.00983385 0.00388977 834.831
52 302   -0.00168343 -0.0102978 872.157
52 303   -0.0102475 0.00366796 798.775
52 304   -0.00217789 -0.0102167 855.2
52 305   0.00996628 -0.00439049 790.051
52 306   -0.0102243 0.00513261 771.296
52 307   -0.000955019 -0.0110881 902.912
52 308   -0.00979555 0.0045645 820.418
52 309   0.00191404 0.010904 810.681
52 310   -0.0099848 0.00425096 797.161
52 311   0.00157238 0.0109236 837.424
52 312   -0.00166771 -0.0107155 846.289
52 313   -0.00233225 -0.010616 823.113
52 314   -0.000854603 -0.0114952 927.546
52 315   -0.00127862 -0.0110963 855.487
52 316   -0.0015119 -0.0109594 837.94
52 317   -0.0105729 0.00512269 731.63
52 318   0.0103085 -0.00415324 745.827
52 319   -0.0101185 0.00477901 772.049
52 320   -0.000626006 -0.011639 964.783
52 321   -0.010664 0.00384333 737.998
52 322   -0.00205428 -0.0108212 813.854
52 323   0.010584 -0.00433379 708.689
52 324   -0.0103539 0.0043359 739.079
52 325   -0.00210165 -0.0110836 782.11
52 326   -0.0106976 0.00407705 714.472
52 327   -0.0010895 -0.011701 887.388
52 328   -0.010383 0.00460689 732.252
52 329   -0.0105762 0.00425057 715.284
52 330   -0.00136287 -0.0114262 818.515
52 331   -0.00127417 -0.0116237 824.831
52 332   -0.00172817 -0.0111989 788.996
52 333   -0.00193135 -0.0112173 770.053
52 334   -0.010671 0.00482791 708.56
52 335   -0.0105868 0.00466571 710.373
52 336   0.010771 -0.00425696 697.13
52 337   -0.00155605 -0.0114875 764.057
52 338   0.00172148 0.0114021 754.436
52 339   -0.00168807 -0.0113971 759.21
52 340   0.0108223 -0.00409405 700.984
52 341   -0.0108632 0.00475756 695.056
52 342   -0.0107533 0.00439688 697.54
52 343   -0.00198159 -0.0114066 719.221
52 344   -0.00184324 -0.0114987 690.059
52 345   -0.0107349 0.00454103 698.097
52 346   0.00172346 0.0115862 666.597
52 347   -0.00137951 -0.011773 781.122
52 348   -0.010881 0.00460025 689.322
52 349   -0.0109614 0.00426346 688.842
52 350   -0.00157534 -0.0116467 705.869
52 351   -0.0108943 0.00435951 688.677
52 352   -0.00186657 -0.0116195 563.96
52 353   -0.0014875 -0.0117347 726.014
52 354   -0.00166147 -0.0116989 592.11
52 355   0.00186898 0.0116146 569.128
52 356   -0.00180337 -0.0116809 482.556
52 357   -0.00154599 -0.011816 626.335
52 358   0.00180393 0.0116359 561.87
52 359   -0.011061 0.0042994 682.122
52 360   -0.00173416 -0.0117027 498.357
52 361   -0.00162783 -0.0117878 514.833
52 362   -0.00167632 -0.0118287 346.186
52 363   0.00178859 0.0117411 368.894
52 364   -0.00175413 -0.0117809 302.651
52 365   -0.0111095 0.00428106 682.122
52 366   -0.00185332 -0.0117419 323.143
52 367   -0.00172992 -0.011818 235.963
52 368   0.00182437 0.0117704 239.674
52 369   -0.0017548 -0.011848 78.4713
52 370   0.0111792 -0.00435522 702.487
52 371   -0.00181787 -0.0118591 2.56806
52 383   -0.00325397 0.00258177 947.507
52 384   -0.00187646 0.00250331 950.676
52 385   -0.00172323 0.00466656 959.842
52 386   -0.00450626 0.00547449 957.646
52 387   -0.00352638 0.00425377 954.032
52 388   -0.0026751 0.00523627 961.186
52 389   -0.00293088 0.00773338 969.378
52 390   -0.00422618 0.00655649 965.519
52 391   -0.00308378 0.00635749 965.98
52 392   -0.00363845 0.0082752 969.314
52 393   -0.00450811 0.00758956 969.174
52 394   -0.00516029 0.00819674 968.581
52 422   0.00330802 0.00542073 948.803
52 423   0.00506131 0.00400784 924.739
52 424   0.00350982 0.00676223 954.936
52 600   0.00182321 0.0118154 66.5589
52 602   -0.0111364 0.00432765 678.137
52 605   0.0107678 -0.00388612 717.243
52 606   0.0104162 -0.00358971 778.691
52 607   0.010441 -0.00386848 748.707
52 621   0.0109719 -0.00411734 693.19
52 623   0.0109865 -0.00419921 687.957
52 624   0.011043 -0.00430943 679.496
52 625   0.0110774 -0.0043485 675.925
52 654   0.0110438 -0.00418504 686.748
52 658   0.0110508 -0.00426744 681.46
52 659   0.0110858 -0.00422957 682.851
52 660   0.011051 -0.00422597 683.995
52 661   0.0111192 -0.00427999 678.773
52 662   0.0110919 -0.00426098 680.621
52 663   0.0110793 -0.00428108 679.621
52 664   0.0111012 -0.00432696 675.964
52 665   0.0110954 -0.00430153 677.795
52 666   0.0111179 -0.00429865 677.45
52 667   0.0111186 -0.00433321 674.947
52 668   0.0111289 -0.00431494 676.089
52 669   0.0111297 -0.0043495 673.413
52 673   -0.00646103 0.00653797 953.301
52 674   -0.00734471 0.00632723 935.849
52 675   -0.00837506 0.00748143 921.061
52 676   -0.00762098 0.00721808 943.537
52 677   -0.00716844 0.00777664 962.68
52 678   -0.00740554 0.00846868 968.113
52 679   -0.00602626 0.00820173 968.223
52 680   -0.00638713 0.00758868 966.616
52 681   -0.00705002 0.00885514 947.558
52 682   -0.00645206 0.00877615 949.631
52 683   -0.00691008 0.0094155 842.915
52 684   -0.00716857 0.00920116 893.507
52 686   -0.00071769 0.0114407 965.649
52 731   0.00073614 -0.0115709 966.724
52 734   -0.00438213 0.0106359 968.879
52 735   -0.00369835 0.00928355 966.242
52 736   -0.00463477 0.0100954 955.661
52 737   -0.00435286 0.00930617 961.647
52 738   -0.00494513 0.008905 958.8
52 739   -0.00550142 0.00932369 924.798
52 740   -0.00614238 0.00918985 909.538
52 741   -0.00648185 0.00948318 848.121
52 743   -0.00634725 0.00981695 798.843
52 750   0.00405846 -0.00550478 959.409
52 751   0.00248081 -0.0056528 963.413
52 752   0.00250722 -0.00759741 969.381
52 753   0.00450141 -0.00700645 966.98
52 754   0.00366833 -0.00789232 969.439
52 755   0.00538977 -0.00758953 968.613
52 756   0.00624357 -0.00747478 966.072
52 757   0.00687041 -0.00624026 943.657
52 758   0.00788407 -0.00609697 921.079
52 759   0.00829114 -0.00711594 920.7
52 760   0.00815201 -0.00791561 939.461
52 761   0.00772332 -0.00861683 968.452
52 762   0.00754499 -0.00807379 962.781
52 763   0.00676999 -0.00807449 968.728
52 764   0.00729035 -0.00880335 955.964
52 765   0.00677428 -0.0085892 962.526
52 766   0.00699112 -0.00939714 841.491
52 767   0.00725005 -0.00918229 896.94
52 768   0.000302077 0.0113602 964.95
52 769   0.000705434 0.0111388 928.737
52 771   0.000705109 0.011685 961.23
52 772   0.000379681 0.0116793 968.034
52 776   0.00212301 -0.00987764 959.689
52 777   0.00188248 -0.0114153 867.549
52 778   0.00129208 -0.0111775 941.712
52 779   0.00120131 -0.0105222 953.241
52 780   0.00283289 -0.0100285 960.631
52 781   0.00231821 -0.0111602 892.519
52 782   0.00264162 -0.0106606 948.199
52 784   0.00251144 -0.0114854 833.773
52 785   0.00282697 -0.0113686 908.852
52 791   0.00224279 0.0106134 826.631
52 792   0.00196013 0.0100196 875.448
52 793   0.00243471 0.0096996 866.879
52 794   0.00180444 0.0082358 964.439
52 795   0.0023292 0.00903052 916.278
52 796   0.00268305 0.00764572 968.079
52 797   0.00413548 0.00822771 956.927
52 798   0.00306672 0.00876065 954.764
52 799   0.00334891 0.00812023 967.429
52 800   0.00411539 0.00872319 961.47
52 801   0.00359119 0.00901307 968.282
52 825   0.00414 -0.00874865 967.106
52 826   0.0050726 -0.00851986 965.38
52 827   0.00453043 -0.0106743 968.244
52 828   0.00433521 -0.00971145 958.834
52 829   0.00392738 -0.00936487 963.6
52 830   0.00340358 -0.00970315 964.976
52 831   0.00411512 -0.010507 968.831
52 832   0.00360355 -0.0100678 965.491
52 833   0.00401928 -0.0100316 964.485
52 834   0.00385322 -0.0106762 969.272
52 835   0.00354557 -0.0104102 967.042
52 836   0.00315433 -0.0106777 960.755
52 837   0.00314644 -0.0110604 957.203
52 838   0.00347971 -0.0111354 969.11
52 839   0.00379524 -0.0110186 968.371
52 906   -0.00306575 -0.00794417 967.88
52 907   -0.0040472 -0.00810763 957.282
52 909   -0.00408596 -0.00868316 961.577
52 910   -0.00356177 -0.00897304 967.256
52 1001   -0.00513033 0.0101333 923.397
52 1002   -0.00540472 0.0097628 901.31
52 1004   -0.00535001 0.0104988 910.418
52 1005   -0.00566488 0.0103821 830.146
52 1067   -0.0109605 0.00453561 683.318
52 1068   -0.0110354 0.00453882 678.864
52 1069   -0.0109555 0.00443904 683.122
52 1070   -0.0110509 0.00437593 678.059
52 1071   -0.0110125 0.00441951 679.443
52 1072   -0.0110482 0.00446497 676.779
52 1073   -0.0110844 0.004399 675.133
52 1074   -0.0111145 0.00444486 672.42
52 1075   -0.0110833 0.00444418 674.46
52 1076   -0.0111094 0.0043881 673.85
52 1077   -0.0111216 0.00441124 672.121
52 1079   -0.0111429 0.00440209 670.836
52 1082   -0.0111368 0.0043483 676.153
52 1083   -0.0111248 0.00436735 674.317
52 1084   -0.0111581 0.00434637 676.837
52 1085   0.00116502 0.0117376 861.07
52 1086   0.000906787 0.0115742 922.987
52 1087   0.000984715 0.011347 899.181
52 1088   0.00145281 0.0112305 822.154
52 1089   0.00157534 0.0113584 786.445
52 1090   0.00124407 0.0113448 849.075
52 1091   0.00128473 0.0116312 822.098
52 1092   0.00144734 0.0114798 792.488
52 1093   0.00128585 0.0114655 832.677
52 1094   0.00150232 0.0118064 687.245
52 1095   0.00141503 0.0116963 770.025
52 1096   0.00147741 0.0115946 765.58
52 1097   0.00157372 0.0117578 632.655
52 1098   0.0016476 0.0116596 644.886
52 1099   0.00156718 0.011655 706.081
52 1100   0.00163281 0.0117862 507.64
52 1101   0.00167549 0.0117388 515.335
52 1102   0.00175682 0.0117733 323.943
52 1103   0.00171518 0.0117676 411.332
52 1105   0.0016557 0.0118364 392.634
52 1108   0.00171885 0.0118507 167.969
52 1109   0.00170626 0.0118048 344.84
52 1110   0.00168946 0.0118261 331.684
52 1111   0.00176058 0.0118108 201.907
52 1112   0.00173136 0.0118186 245.687
52 1113   0.00173993 0.0118403 141.715
52 1114   0.00178274 0.0118531 17.0621
52 1115   0.00176302 0.011842 86.3061
52 1116   0.00177527 0.0118231 117.599
52 1117   0.00179682 0.0118438 17.4341
52 1118   0.00180955 0.011825 50.2226
52 1119   0.00179364 0.0118247 75.2081
52 1120   0.00181214 0.0118592 3.50159
52 1123   0.00180988 0.0118491 7.26074
52 1124   0.00181649 0.0118398 12.7452
52 1134   0.0111452 -0.0043221 675.415
52 1137   0.011145 -0.00433984 673.972
52 1138   0.0111601 -0.00434792 673.557
52 1143   -0.00179391 -0.0117861 220.498
52 1144   -0.00183716 -0.0117939 123.637
52 1145   -0.00182389 -0.0117688 259.649
52 1146   -0.00182086 -0.0118289 23.9733
52 1147   -0.00179696 -0.0118116 108.014
52 1148   -0.0018174 -0.0118108 81.5972
52 1149   -0.00179071 -0.0118305 56.8276
52 1150   -0.0017794 -0.0118424 43.5597
52 1151   -0.0017843 -0.011854 14.1684
52 1152   -0.00181185 -0.0118459 7.38894
52 1153   -0.00180798 -0.0118352 21.0406
52 1154   -0.00181056 -0.0118589 3.0722
52 1156   -0.00179488 -0.0118542 8.55059
52 1157   -0.00180406 -0.0118528 5.72456
52 1160   0.0109105 -0.0045649 686.638
52 1161   0.0110009 -0.00457506 681.864
52 1162   0.0108969 -0.00445038 685.856
52 1163   0.0108827 -0.00436065 687.508
52 1164   0.0109486 -0.00427961 685.731
52 1165   0.010993 -0.004327 681.51
52 1166   0.0110095 -0.00448423 678.993
52 1167   0.0109875 -0.00439196 680.142
52 1168   0.0109572 -0.00443429 681.869
52 1169   0.0110323 -0.00441819 677.098
52 1170   0.0110473 -0.0044656 676.549
52 1171   0.0110809 -0.00437809 674.587
52 1172   0.0110636 -0.00440652 675.189
52 1173   0.00928028 -0.00558757 879.699
52 1174   0.00989249 -0.0061119 861.211
52 1175   0.0093729 -0.00619389 888.053
52 1176   0.0103332 -0.00538883 773.203
52 1177   0.00967645 -0.00533104 842.868
52 1178   0.0099233 -0.00568012 832.722
52 1179   0.0100175 -0.0047013 780.622
52 1180   0.00988105 -0.00497743 806.202
52 1181   0.010278 -0.00507622 758.361
52 1182   0.0105701 -0.00456964 708.884
52 1183   0.0103459 -0.0046999 734.586
52 1184   0.0104829 -0.00490028 727.157
52 1185   0.0107778 -0.0046522 696.329
52 1187   0.0107235 -0.00490368 708.049
52 1188   0.0107942 -0.00478585 699.784
52 1201   0.0110884 -0.00447347 674.362
52 1203   0.0110896 -0.00443555 673.575
52 1205   0.0111136 -0.00443169 672.11
52 1208   0.0111075 -0.00438817 672.665
52 1209   0.011135 -0.0044139 670.614
52 1210   0.0111142 -0.00441273 671.913
52 1211   0.0111343 -0.00439647 670.691
52 1212   0.0111221 -0.00438109 671.918
52 1213   0.0111305 -0.00436577 672.192
52 1214   0.0111419 -0.00437311 671.091
52 1215   0.0111548 -0.00438943 669.397
52 1216   0.0111439 -0.00438902 670.186
52 1217   0.0111583 -0.00436109 672.541
52 1218   0.0111562 -0.00437757 669.82
52 1219   0.0111494 -0.00436949 670.943
52 1222   0.0111754 -0.00436147 682.136
52 1223   0.0111674 -0.00436526 672.842
52 1224   0.011164 -0.00437386 669.61
52 1316   0.00558778 -0.00905594 940.057
52 1317   0.00634649 -0.0089685 928.417
52 1318   0.00660363 -0.00939749 854.358
52 1320   0.00613036 -0.00996295 781.069
52 1321   0.00638928 -0.0097481 805.573
52 1332   -0.00791182 0.00849319 964.164
52 1333   -0.00842881 0.0080645 931.231
52 1364   -0.00606851 0.00990438 804.801
52 1365   -0.00580208 0.0101968 798.155
52 1366   -0.00576159 0.00994297 842.049
52 1368   -0.00617363 0.0101046 759.191
52 1369   -0.00604438 0.0102118 727.956
52 1408   0.00579344 -0.00988508 837.426
52 1409   0.00537854 -0.00951449 916.124
52 1410   0.00495404 -0.0102553 940.458
52 1411   0.00485466 -0.00976793 940.777
52 1413   0.00531925 -0.0103822 910.625
52 1414   0.00563478 -0.0102654 839.049
52 1446   -0.000349849 -0.0115335 968.778
52 1447   -5.314e-05 -0.0112811 967.379
52 1448   0.000275911 -0.0114776 969.255
52 1449   0.000127054 -0.0117275 964.476
52 1450   -0.00016865 -0.0117324 964.864
52 1457   -0.00719118 -0.00555502 902.302
52 1576   -0.00828994 -0.00374527 892.998
52 1611   0.00115789 0.00414301 954.404
52 1612   0.00186521 0.00531891 957.973
52 1613   -0.000680814 0.00521528 962.391
52 1614   0.000354926 0.0077528 969.12
52 1615   -0.000590273 0.00633371 967.095
52 1616   0.000643279 0.00644865 967.021
52 1617   -0.00206391 0.00804946 969.431
52 1618   -0.0011744 0.00722229 969.294
52 1619   -0.000582856 0.00805344 969.059
52 1620   -0.000993639 0.00974801 959.41
52 1621   -0.00190451 0.00890736 967.582
52 1622   -0.00104023 0.00885386 966.511
52 1623   -0.00216546 0.00958896 963.482
52 1624   -0.00155037 0.010014 957.95
52 1625   -0.00330702 0.00996626 965
52 1626   -0.0026411 0.0099556 961.694
52 1627   -0.00171479 0.0105453 948.952
52 1628   -0.00237339 0.0104601 951.941
52 1629   -0.00249655 0.0113839 866.783
52 1630   -0.00276793 0.0109273 944.473
52 1631   -0.00197566 0.0113579 871.705
52 1632   -0.00125608 0.011285 940.094
52 1633   -0.00158844 0.0109865 934.961
52 1635   -0.00182939 0.0116531 831.859
52 1636   -0.00145719 0.0116596 906.9
52 1655   0.00866892 0.00259274 890.65
52 1656   0.00195521 0.0115082 666.341
52 1658   0.00188818 0.0113455 748.958
52 1659   0.00202243 0.0112183 767.206
52 1679   -0.00504981 -0.00637656 929.186
52 1680   -0.00626271 -0.00606078 913.222
52 1681   -0.00656824 -0.00687522 910.373
52 1682   -0.00464544 -0.00782944 940.475
52 1683   -0.00501687 -0.00713234 929.321
52 1684   -0.00584191 -0.00727304 907.967
52 1686   -0.00520839 -0.00811508 922.898
52 1687   -0.00573258 -0.0078252 906.368
52 1753   -0.00206628 -0.0088864 940.891
52 1754   -0.00307104 -0.00889131 938.162
52 1755   -0.00261379 -0.00843797 966.12
52 1756   -0.00236065 -0.00991118 863.436
52 1757   -0.00230561 -0.00938385 894.455
52 1758   -0.00274145 -0.00929565 864.083
52 1760   -0.0027097 -0.00997331 842.968
52 1761   -0.00288329 -0.00967265 833.197
52 1814   0.0077807 0.0053273 889.647
52 1815   0.0063133 0.00436784 911.146
52 1816   0.00777441 0.00359181 897.896
52 1817   0.00836996 0.00430668 879.978
52 1818   0.00667293 0.00670366 910.729
52 1819   0.00695693 0.00566149 905.99
52 1820   0.00608508 0.0054169 913.876
52 1821   0.00467584 0.00665747 936.077
52 1822   0.00539395 0.00613934 922.61
52 1823   0.00587795 0.00684043 912.54
52 1826   0.00566393 0.00756415 909.862
52 1827   0.00478068 0.0081131 937.881
52 1828   0.00489774 0.00750349 931.998
52 1942   0.00185449 0.011745 303.491
52 1943   0.00188375 0.0116944 431.505
52 2003   -0.00929836 -0.000104452 905.852
52 2004   -0.00724947 -0.00111403 910.623
52 2005   -0.00814452 -0.00230406 899.43
52 2006   -0.00911906 -0.00186639 880.935
52 2007   -0.00866699 0.00216395 923.514
52 2008   -0.00759264 0.00159204 917.939
52 2009   -0.00873908 0.000807399 918.512
52 2010   -0.00766473 0.000235482 913.856
52 2035   0.000960171 -0.00153485 948.81
52 2036   0.00157064 -0.00267527 951.102
52 2037   0.00279307 -0.000534603 942.277
52 2038   0.00451518 -0.00271281 940.625
52 2039   0.00369377 -0.001141 939.776
52 2040   0.0031133 -0.00220905 945.909
52 2041   0.00611293 -0.000792967 923.268
52 2042   0.00483756 -0.00114395 933.22
52 2043   0.00535374 -0.00214555 932.978
52 2044   0.00747249 -0.00273737 916.739
52 2045   0.00686359 -0.00138529 920.178
52 2046   0.00639463 -0.00220385 925.448
52 2047   0.00824972 -0.00150752 920.325
52 2048   0.00860054 -0.0023588 919.072
52 2130   -0.00388807 0.010641 969.236
52 2131   -0.0035297 0.0104178 966.76
52 2132   -0.00325832 0.0108743 964.211
52 2133   -0.00345926 0.0111559 969.104
52 2134   -0.00377413 0.0110392 968.303
52 2139   -0.0109657 0.00416849 694.474
52 2140   -0.0109181 0.00408613 701.388
52 2178   -0.0111632 0.00437939 671.162
52 2179   -0.0111456 0.0043868 671.412
52 2180   -0.0111398 0.00437519 672.865
52 2181   -0.0111582 0.00435682 675.456
52 2182   -0.0111519 0.00436659 673.513
52 2183   -0.0111634 0.00436871 673.174
52 2184   -0.0111777 0.0043624 682.123
52 2186   -0.0111713 0.00436172 677.079
52 2187   -0.011169 0.00435564 677.002
end
