667
16 1   -0.0449782 0.00325769 889.443
16 2   -0.0451573 -0.00292864 889.334
16 3   -0.0499782 0.00825754 898.556
16 4   -0.0399782 0.00825768 884.586
16 5   -0.0411393 -0.00646572 888.362
16 6   -0.0322861 -0.0324516 948.654
16 7   -0.0435134 -0.0297243 938.363
16 8   -0.038482 -0.00719712 885.075
16 9   -0.000328519 0.0236406 966.761
16 10   0.00482215 -0.0223368 948.212
16 11   -0.00134229 -0.021521 943.363
16 12   0.00232884 0.0221083 964.453
16 13   0.00468056 0.022284 952.283
16 14   -0.00214324 0.0214493 922.387
16 15   0.00134174 -0.0176452 963.747
16 16   -0.000690446 -0.0187189 944.5
16 17   0.00538273 -0.0174647 969.095
16 18   0.00340252 -0.0189239 969.311
16 19   -0.00122541 0.0186621 934.945
16 20   -0.00273644 -0.0172314 915.216
16 21   -0.00291186 0.017202 911.88
16 22   0.00680236 -0.0224788 939.98
16 23   0.00529582 -0.0153285 960.982
16 24   0.00680236 -0.0190238 967.598
16 25   0.00118689 -0.0154809 962.262
16 26   -0.00271461 -0.0153518 938.201
16 27   -0.00278823 0.0153304 937.695
16 28   0.00671545 -0.0143028 945.928
16 29   -0.00599796 -0.0152378 894.895
16 30   0.00612426 -0.0125733 908.168
16 31   -0.0060046 0.0152056 895.822
16 32   0.00381773 -0.0144704 959.119
16 33   0.00246722 -0.0145967 963.585
16 34   -0.000188834 -0.0146267 962.881
16 35   -0.000266223 0.0145992 962.739
16 36   -0.00148375 -0.014568 958.18
16 37   -0.00621478 0.0126432 895.734
16 38   -0.00396678 -0.0143888 933.649
16 39   -0.00155442 0.0145496 958.549
16 40   -0.0039796 0.0143765 933.487
16 41   -0.00696644 0.0141799 894.721
16 42   -0.00697175 -0.0142714 893.348
16 43   0.00494187 -0.0121372 906.773
16 44   -0.00500856 -0.0143987 915.606
16 45   -0.00501025 0.0143751 917.132
16 46   0.00405498 -0.0130085 948.689
16 47   -0.00291221 0.0126183 966.532
16 48   0.00102375 -0.012894 968.34
16 49   -0.00522042 0.012765 914.781
16 50   0.00204566 -0.0132417 964.944
16 51   0.00299833 -0.012527 963.445
16 52   -0.00188414 -0.013229 966.239
16 53   -0.00189895 0.0132221 966.945
16 54   0.00300704 0.0125003 966.604
16 55   -0.00674834 0.0119334 872.055
16 56   -0.00375905 0.012992 951.972
16 57   6.95887e-05 -0.0133946 968.687
16 58   -0.000963169 0.012783 969.357
16 59   4.80547e-05 0.0133786 968.495
16 60   -0.00649973 0.0110853 852.729
16 61   -0.00725139 0.0109191 795.229
16 444   -0.0429911 -0.0255738 958.85
16 445   0.00661321 0.0109865 860.714
16 446   0.0072044 0.0109376 816.642
16 447   -0.00721972 -0.0109326 814.935
16 457   -0.00999669 -0.030422 962.061
16 458   -0.00731024 -0.033474 964.336
16 459   -0.00864251 -0.0271631 940.687
16 460   -0.00574054 -0.0267492 951.35
16 461   -0.00707958 -0.0104822 789.314
16 463   -0.0473141 0.0259418 941.321
16 464   -0.0511397 0.023992 938.545
16 465   -0.044041 0.0244656 960.595
16 466   -0.045146 0.0217745 950.184
16 476   -0.00733018 0.0334726 964.4
16 477   -0.0100563 0.0304179 961.935
16 478   -0.00626301 0.0267071 945.339
16 479   -0.00888282 0.0271445 938.767
16 494   0.00690881 -0.0118932 871.87
16 496   -0.0410126 0.0310456 954.336
16 497   -0.0392005 0.0336819 957.382
16 498   -0.0387321 0.0282556 959.087
16 499   0.00651468 -0.0110441 848.475
16 505   -0.0073757 0.0104067 670.082
16 506   -0.00712709 0.0104231 752.554
16 508   -0.0360606 -0.0260351 902.509
16 509   -0.0327129 -0.0236774 884.036
16 510   -0.0342583 -0.0212258 824.87
16 511   0.00690881 -0.0105737 792.727
16 512   0.00710587 -0.0109982 813.716
16 513   -0.00415757 0.0220725 848.196
16 514   -0.00564018 0.0239884 862.641
16 515   -0.00356722 -0.022123 873.568
16 516   -0.00497666 -0.0240423 878.477
16 519   -0.047357 0.013056 910.872
16 520   -0.042357 0.013056 881.37
16 521   -0.0386397 0.0173364 801.916
16 522   -0.0432979 0.0168075 881.719
16 523   -0.0410185 0.0154681 861.827
16 554   -0.0501573 -0.00542879 892.109
16 557   -0.048986 -0.0093932 898.746
16 558   -0.0513287 -0.0114644 909.374
16 559   -0.043576 -0.0109343 890.694
16 560   -0.0464227 -0.0113616 899.605
16 561   -0.0421371 -0.0127397 884.27
16 562   -0.0433712 -0.0152106 887.034
16 563   -0.0397004 -0.0119315 878.765
16 564   -0.0387184 -0.0133944 868.577
16 565   0.00705661 0.0104932 789.654
16 566   -0.00660868 -0.0130425 891.717
16 567   -0.00713693 -0.0122809 873.185
16 568   -0.00685665 -0.0113832 857.249
16 569   -0.00613052 -0.0112398 882.506
16 570   -0.00447045 -0.0124632 924.824
16 571   -0.00555303 -0.0118343 886.216
16 572   -0.00512458 -0.0131292 917.674
16 573   -0.00575092 -0.0127394 899.217
16 575   -0.00496184 -0.0116218 874.542
16 576   -0.00450559 -0.0118609 876.53
16 580   -0.00461666 0.0178167 861.016
16 581   -0.00605725 0.0166032 864.513
16 582   -0.00701908 0.0179325 797.121
16 583   -0.00449112 -0.0178382 863.991
16 584   -0.0070131 -0.0179468 802.35
16 585   -0.00603931 -0.0166244 865.208
16 586   -0.040569 -0.0310366 957.254
16 587   -0.0390526 -0.0336789 958.808
16 588   -0.0369538 -0.0284882 950.451
16 589   -0.0354375 -0.0311305 961.394
16 590   0.00656813 0.0116445 873.304
16 591   0.00647798 0.0129589 913.76
16 592   0.00715933 0.0123767 888.368
16 593   0.00593186 0.0118296 884.368
16 594   0.00584171 0.0126238 907.226
16 595   0.00548428 0.0114297 878.739
16 597   -0.0242898 -0.0325 932.228
16 598   -0.0289393 -0.0299516 930.736
16 599   -0.0295012 -0.0249516 910.575
16 600   -0.0261086 -0.0225 915.568
16 617   -0.0242899 0.0325 932.208
16 618   -0.0264807 0.0225 913.938
16 619   -0.0298227 0.0245563 906.439
16 661   -0.0114803 0.0229179 885.48
16 662   -0.00956991 0.0246445 885.967
16 664   -0.00731355 0.0102115 505.805
16 675   -0.0114188 -0.022922 883.689
16 676   -0.0101066 -0.020974 822.555
16 677   -0.00932962 -0.0246631 887.651
16 734   -0.0330091 0.0230844 874.991
16 735   -0.0348955 0.0252944 886.545
16 867   -0.0371146 -0.0222635 725.808
16 868   -0.0379933 -0.0246212 854.6
16 869   -0.0403134 -0.0242449 870.299
16 870   -0.00502106 0.0191907 804.232
16 871   -0.00486803 0.0206093 777.189
16 872   -0.00646165 0.01938 679.971
16 873   -0.00630862 0.0207986 557.53
16 874   -0.0411594 0.0249961 922.586
16 875   -0.0392218 0.0261879 928.232
16 876   -0.0372495 0.0248522 858.564
16 877   -0.0374602 0.0226422 745.55
16 894   0.0072044 -0.0102868 657.962
16 895   0.00730294 -0.0104991 731.115
16 896   -0.00637222 -0.0193917 709.182
16 897   -0.00482404 -0.0192135 811.371
16 898   -0.00451607 -0.0206418 797.982
16 908   -0.040073 0.0190136 769.746
16 909   -0.0423524 0.0186864 855.508
16 910   -0.0429396 0.0207016 885.325
16 911   -0.0396914 0.0216247 692.076
16 912   -0.0414183 0.022643 842.356
16 917   -0.00808675 -0.0218445 737.698
16 918   -0.00649702 -0.0233787 816.733
16 919   -0.007948 -0.0235856 837.898
16 920   -0.00599488 -0.0216905 719.825
16 921   -0.00678975 -0.0209235 538.636
16 922   0.0073522 0.0104688 731.349
16 925   0.0074261 0.0101692 321.496
16 926   0.0072783 0.0102466 593.598
16 931   -0.00819697 0.0218359 741.341
16 932   -0.00688706 0.0216172 627.476
16 933   -0.00823899 0.0235625 840.967
16 934   -0.00692908 0.0233438 813.941
16 935   -0.00743785 0.0100895 91.9517
16 936   -0.00743785 0.0102033 378.678
16 939   0.00740147 -0.0102496 477.692
16 943   0.0073522 -0.0101434 337.473
16 944   0.00745073 -0.0100918 105.998
16 947   -0.00735986 -0.0104663 731.767
16 953   -0.00742993 -0.0101677 396.067
16 954   -0.00728979 -0.0102411 616.881
16 976   -0.0423716 -0.0198615 855.223
16 977   -0.0420425 -0.0170795 862.625
16 978   -0.0389954 -0.0207083 604.568
16 979   -0.0405428 -0.0215578 777.707
16 980   -0.0386081 -0.018004 787.392
16 981   -0.0398264 -0.0160715 842.359
16 1014   -0.0510349 0.0324945 690.55
16 1017   -0.0472093 0.0298582 855.471
16 1018   -0.044279 0.0323638 883.845
16 1027   -0.00271258 -0.0129495 966.009
16 1028   -0.00356437 -0.0133253 952.657
16 1029   -0.00395201 -0.0126693 953.131
16 1031   -0.00342962 -0.01224 969.092
16 1032   -0.00277082 -0.0123469 969.499
16 1045   -0.0461696 -0.0323665 830.311
16 1048   0.000296623 -0.0252797 954.288
16 1049   0.00370689 -0.0259064 912.863
16 1050   -0.00290772 -0.0320544 926.741
16 1051   -0.00269219 -0.0285886 953.444
16 1125   0.0038742 -0.0335804 702.988
16 1126   0.000248404 -0.0335804 836.114
16 1135   0.000413481 0.018277 958.429
16 1136   0.00215301 0.019532 969.086
16 1137   0.000386337 0.0154297 960.475
16 1138   0.00193835 0.0168666 964.591
16 1139   0.000613399 0.0168668 959.532
16 1140   0.00204042 0.0157955 963.524
16 1141   0.00138216 0.0150637 962.915
16 1142   0.00238094 0.0131189 964.737
16 1143   0.00240368 0.0140804 962.904
16 1144   0.00172548 0.0142479 963.675
16 1145   0.00068182 0.0129351 963.715
16 1147   0.00137334 0.01334 964.45
16 1148   0.00167973 0.0127444 964.935
16 1151   -0.00128356 -0.0127334 968.188
16 1152   -0.000624754 -0.0128403 967.975
16 1179   -0.050565 -0.0249956 926.13
16 1181   -0.0490999 -0.0299096 802.669
16 1182   -0.0510349 -0.032543 689.467
16 1188   -0.000662065 0.0270108 949.315
16 1189   -0.000624022 0.033501 871.181
16 1190   -0.00390625 0.0284815 963.442
16 1191   -0.00379999 0.0319736 939.635
16 1200   -0.0511397 0.0177503 959.451
16 1201   -0.0457979 0.0168075 917.592
16 1202   -0.0485185 0.0154681 928.828
16 1203   -0.0497794 0.0205005 968.198
16 1204   -0.0470588 0.0197593 954.921
16 1236   -0.00435624 0.0122263 931.003
16 1237   -0.00478696 0.0120006 912.07
16 1246   -0.0482056 -0.0233065 963.425
16 1247   -0.0439041 -0.0210448 911.372
16 1248   -0.044753 -0.02407 960.36
16 1276   -0.0222616 0.0247226 924.352
16 1277   -0.0210045 0.0297226 931.566
16 1278   -0.0144882 0.0241679 915.631
16 1279   -0.0137512 0.0291679 943.595
16 1280   -0.0162043 0.0322226 944.713
16 1282   -0.0166435 0.0222226 918.928
16 1283   -0.0197532 0.0222226 923.254
16 1289   -0.0209846 -0.029724 931.618
16 1290   -0.0161844 -0.032224 944.723
16 1291   -0.0136916 -0.029172 943.741
16 1292   -0.0197322 -0.022224 923.432
16 1293   -0.0222415 -0.024724 924.524
16 1294   -0.0144266 -0.024172 915.751
16 1295   -0.0166206 -0.022224 919.258
16 1296   -0.0111046 0.0209726 856.792
16 1297   -0.00915219 0.0209726 780.088
16 1311   -0.0511081 -0.0172567 955.78
16 1312   -0.0499367 -0.0144684 927.491
16 1313   -0.0487486 -0.0197773 964.913
16 1314   -0.0459647 -0.0190326 935.839
16 1315   -0.0473734 -0.0139368 913.276
16 1316   -0.0457609 -0.0159804 912.185
16 1338   0.00575531 0.0249617 908.94
16 1340   0.00568708 0.0326533 687.622
16 1341   0.00300182 0.0311542 777.437
16 1342   0.00307004 0.0281562 881.792
16 1358   -0.0315182 0.0335281 948.907
16 1359   -0.0281715 0.0310281 932.903
16 1360   -0.0296065 0.0280844 925.06
16 1361   -0.0348174 0.03221 962.47
16 1362   -0.0333801 0.0277944 924.446
16 1363   -0.0352444 0.02942 948.634
16 1373   0.00642525 0.0197863 965.847
16 1376   0.00568059 0.0185921 969.341
16 1377   0.00675534 0.0173184 969.199
16 1378   0.00334549 0.0172584 967.775
16 1379   0.00376007 0.0185135 969.465
16 1380   0.00604233 0.0162557 966.125
16 1381   0.00455301 0.0162743 966.275
16 1382   0.006787 0.014852 952.322
16 1383   0.00610565 0.0139208 939.539
16 1384   0.00501445 0.0143435 952.744
16 1385   0.00420648 0.0152932 961.91
16 1386   0.00312097 0.0143068 960.954
16 1387   0.00310103 0.0152063 962.799
16 1388   0.0046521 0.0136978 948.033
16 1389   0.00386406 0.0137482 956.196
16 1390   0.00381789 0.0125966 946.964
16 1391   0.00392491 0.0131063 951.966
16 1392   0.00532654 0.0127743 917.537
16 1393   0.00453845 0.0129153 936.39
16 1394   0.00488744 0.0131966 937.118
16 1395   0.00478051 0.0125509 915.824
16 1396   0.00517458 0.0124351 904.619
16 1397   0.00489312 0.0116941 858.951
16 1398   0.00524217 0.0118847 878.818
16 1399   0.00427944 0.0121117 894.622
16 1400   0.00467354 0.0119506 867.607
16 1401   0.00462852 0.012257 897.852
16 1404   0.00422593 0.0118569 857.286
16 1405   0.004423 0.0117536 832.474
16 1489   0.0056871 -0.0293218 758.454
16 1490   0.0056871 -0.0321609 691.4
16 1504   -0.0356535 0.0210281 783.135
16 1505   -0.0335564 0.0210281 843.779
52 297   -0.000908412 0.00447631 969.368
52 298   -0.00103715 -0.00455535 969.396
52 299   -0.00505556 1.19659e-05 963.71
52 300   -0.00467371 -0.00270583 967.964
52 301   0.000995613 0.00320761 969.607
52 302   0.000916016 -0.00331705 969.605
52 303   -0.0033136 -0.00428638 969.15
52 304   0.00205753 0.000969215 968.846
52 305   -0.00441486 0.00250281 967.815
52 306   0.00203668 -0.00114318 968.904
52 307   -0.00302925 0.00402654 969.216
52 308   -0.00787271 9.1672e-05 936.142
52 309   0.00476734 0.00202134 966.433
52 310   0.00472083 -0.00223918 966.829
52 311   -0.000631681 0.007657 967.492
52 312   0.00312196 0.00518149 969.141
52 313   -0.000852615 -0.00769188 967.661
52 314   0.00297018 -0.00528668 968.673
52 315   -0.00876315 -0.00180656 928.795
52 316   0.00484674 0.00401228 969.257
52 317   0.00472804 -0.00419175 969.374
52 318   0.00349584 0.0068315 966.083
52 319   0.000634201 0.00864167 967.618
52 320   0.000389129 -0.00865903 967.571
52 321   0.00288149 0.0080491 965.437
52 322   0.00323301 -0.00683296 964.349
52 323   0.00164527 -0.00866579 966.781
52 324   0.00186947 0.00865245 967.086
52 325   -0.00199157 0.00871552 966.073
52 326   0.00261952 -0.00800661 964.472
52 327   -0.00412566 0.00659198 960.92
52 328   -0.00224211 -0.00871327 966.511
52 329   -0.00322467 0.0086774 962.513
52 330   -0.00445693 -0.00685149 963.029
52 331   0.00619831 0.00669452 929.982
52 332   -0.00341498 -0.00858919 963.546
52 333   0.00383795 -0.0100923 960.775
52 334   -0.00394623 0.00796299 957.947
52 335   0.00277718 -0.01086 967.855
52 336   -0.00172488 0.0103153 968.292
52 337   0.00507604 0.00721304 958.232
52 338   0.00120467 0.0111567 966.102
52 339   -0.00618057 0.00653005 904.91
52 340   0.00182879 -0.0103515 968.306
52 341   -0.00274652 0.0109523 968.202
52 342   0.00386381 -0.00892461 959.605
52 343   -0.00409512 -0.00794198 961.962
52 344   -0.00362318 0.0101755 961.056
52 345   -0.00533152 0.00682587 943.943
52 346   0.00465585 -0.00721143 952.303
52 347   0.00398288 0.00905366 960.763
52 348   0.00477227 -0.00835073 950.92
52 349   0.00474216 -0.0104208 956.555
52 350   -0.00555918 -0.00717029 952.802
52 351   -0.00501898 0.00860912 949.208
52 352   0.00565664 -0.00861265 941.407
52 353   -0.00440174 0.0104957 953.934
52 354   -0.00543945 0.00944996 955.264
52 355   0.00713333 0.00733756 922.175
52 356   -0.00669442 -0.006934 926.634
52 357   -0.00517372 0.0100843 958.776
52 358   0.00528668 0.00818034 957.41
52 359   -0.00618595 -0.00714492 943.852
52 360   -0.00561486 0.00802001 934.191
52 361   -0.00698193 0.0075032 883.509
52 362   -0.00694672 -0.00653355 887.809
52 363   0.00480787 0.00880336 958.337
52 364   -0.00506823 -0.00854091 958.132
52 365   0.00535825 0.00986237 947.762
52 366   -0.00624834 0.00839413 925.599
52 367   -0.00676636 0.00817315 905.525
52 368   -0.00559853 -0.0081471 956.45
52 369   0.00692815 0.00798716 947.545
52 370   0.00535403 0.00928283 955.629
52 371   0.00598154 0.00842969 957.159
52 372   0.00649315 0.00832046 957.043
52 373   -0.00610932 -0.00852274 958.184
52 374   -0.00612003 0.00945416 955.279
52 375   0.00589397 0.00900716 958.777
52 376   -0.00737583 -0.00767609 929.23
52 377   -0.00633303 0.00898743 939.201
52 378   -0.00657874 -0.00799763 949.852
52 379   0.00742861 0.00824902 951.585
52 380   -0.00724665 -0.00807308 946.111
52 381   -0.00646276 -0.00839863 957.9
52 382   -0.00714736 0.00858795 899.289
52 383   -0.00644127 0.00977564 965.098
52 384   0.00626364 0.00918072 961.634
52 385   -0.00695802 -0.0081837 952.558
52 386   0.00674614 0.00872557 964.684
52 387   -0.00677363 -0.00871263 964.72
52 388   -0.00669384 0.00915094 939.828
52 389   0.0066042 0.00900836 965.944
52 390   -0.00682841 -0.00902172 968.375
52 391   0.00731988 0.00859847 963.905
52 392   0.0070724 0.00874172 967.475
52 393   0.0067543 0.00946465 966.898
52 394   -0.00670434 0.00949856 960.954
52 395   -0.00701742 -0.00857658 963.434
52 396   -0.00705852 0.00889017 906.015
52 397   -0.00690521 0.00905111 923.309
52 398   0.00682131 0.00918914 968.817
52 399   -0.00692536 0.00957632 967.524
52 400   0.00753932 0.0087661 966.3
52 401   -0.00708553 -0.00910642 969.391
52 402   -0.00721101 -0.00874767 967.747
52 403   0.00694523 0.00954869 968.302
52 404   -0.0071902 -0.00929109 965.449
52 405   -0.00710923 -0.00944293 968.127
52 406   0.00702944 0.00912921 969.59
52 407   0.0071386 0.00896458 969.608
52 408   -0.00705917 0.00941701 953.519
52 409   -0.00722433 -0.00896843 969.527
52 410   0.0074656 0.00895156 969.443
52 411   0.00714829 0.00938136 967.607
52 412   -0.0072602 0.00901614 890.451
52 413   -0.00704952 0.00923943 926.314
52 414   0.00716549 0.00923739 967.363
52 415   0.00731236 0.0090068 968.775
52 416   -0.00720113 0.00917575 898.747
52 417   -0.00737953 -0.0090454 967.656
52 418   0.007314 0.00915658 963.951
52 419   -0.00735976 -0.00926501 952.264
52 420   0.00728871 0.00939921 957.28
52 421   -0.00728326 0.00925805 880.972
52 422   -0.00718252 0.00945949 949.639
52 423   -0.00741028 -0.00915731 959.612
52 424   0.00741287 0.00919626 953.862
52 425   -0.00725501 0.00936421 887.455
52 426   -0.00744094 -0.00932323 927.755
52 427   0.00744197 0.00927339 935.204
52 428   0.00741219 0.00932776 934.569
52 429   -0.00750695 -0.00918249 950.978
52 430   0.00749887 0.0091475 958.151
52 431   0.00730908 -0.00938858 857.448
52 432   -0.00751467 -0.00925657 925.179
52 433   -0.00720811 0.00953384 968.72
52 434   -0.00731069 0.00939872 846.805
52 435   -0.00757133 -0.0092644 911.046
52 436   -0.00730972 0.00945417 797.798
52 437   0.00766609 0.00922894 20.9223
52 438   -0.00733933 0.00949086 4.81816
52 536   -0.00513349 -0.00918654 956.091
52 537   -0.00542844 -0.0102001 939.576
52 538   -0.00609232 -0.00900462 960.362
52 539   -0.00564679 -0.00927461 956.332
52 540   -0.00568613 -0.00978487 950.324
52 541   -0.0060913 -0.00987641 951.265
52 542   -0.00631213 -0.00955952 959.346
52 543   -0.00664859 -0.00918121 966.861
52 544   -0.0063525 -0.00919799 962.744
52 545   -0.00653251 -0.00969878 959.989
52 546   -0.00689707 -0.00956541 967.753
52 547   -0.00671649 -0.00948025 966.444
52 603   0.00804454 -0.00409069 950.646
52 604   0.00602175 -0.00479149 968.754
52 605   0.00755502 -0.00567131 961.457
52 606   0.00726234 -0.00454075 966.79
52 607   0.00537175 -0.00670171 944.566
52 608   0.00677576 -0.00605052 921.12
52 609   0.0058531 -0.00579359 958.863
52 610   0.00660825 -0.00678722 870.467
52 611   0.00598056 -0.00713006 918.643
52 613   0.00706347 -0.00726552 863.751
52 667   -0.0010001 -0.0114532 964.922
52 668   -0.000221957 -0.0100253 967.708
52 669   -0.00184051 -0.00990848 967.54
52 670   -0.00146077 -0.0109704 968.48
52 671   -0.0010621 -0.0102534 967.709
52 672   -0.00211463 -0.0109461 969.104
52 673   -0.00236371 -0.0103049 968.072
52 674   -0.00264396 -0.0112425 969.566
52 765   -0.00751058 -0.00833847 951.832
52 771   -0.00736679 -0.00869048 965.952
52 772   -0.00746429 -0.00854987 959.901
52 773   -0.00760287 -0.0086914 961.475
52 774   -0.00745481 -0.00896593 969.51
52 775   -0.00745539 -0.00883176 968.645
52 776   -0.00755536 -0.00883225 967.343
52 777   -0.00753014 -0.0089868 969.527
52 778   -0.00763263 -0.00896466 968.104
52 779   -0.00758194 -0.00892342 968.628
52 780   -0.00763315 -0.00907847 969.411
52 781   -0.00755458 -0.00903923 969.257
52 782   -0.00760709 -0.00901685 969.39
52 783   -0.00754909 -0.00914937 961.342
52 784   -0.00755214 -0.00909715 967.476
52 785   -0.00760537 -0.00911577 969.152
52 786   -0.00758731 -0.00917919 960.586
52 787   -0.00761733 -0.00915678 968.733
52 788   -0.00764609 -0.00917521 969.231
52 790   -0.00732172 0.00950024 287.395
52 793   -0.00729483 0.00948591 834.886
52 794   -0.00726513 0.00950346 951.086
52 795   0.00576588 -0.00922696 950.06
52 796   0.00600239 -0.00997862 962.331
52 797   0.0054268 -0.00982906 958.139
52 798   0.00631038 -0.00918214 946.886
52 799   0.00637257 -0.0095709 959.932
52 800   0.00672128 -0.0095532 963.705
52 801   0.00615954 -0.00813757 923.848
52 802   0.00613854 -0.00766582 916.907
52 803   0.00676012 -0.00767281 894.725
52 804   0.00721562 -0.00829027 894.051
52 805   0.00663775 -0.00829124 912.787
52 806   0.00692449 -0.0079979 898.417
52 807   0.0070692 -0.00861185 902.628
52 808   0.00678856 -0.00855536 913.621
52 809   0.0067309 -0.00881334 922.015
52 810   0.00662168 -0.00897948 932.614
52 811   0.00676664 -0.00936354 953.436
52 812   0.00672924 -0.00917857 940.709
52 813   0.00695001 -0.00932673 944.487
52 814   0.0068891 -0.0094192 957.256
52 815   0.00704378 -0.00937746 946.735
52 818   0.00680817 -0.00971792 968.995
52 820   0.00691974 -0.0096586 969.475
52 821   0.00704731 -0.00946329 961.938
52 822   0.0069893 -0.00958914 969.439
52 823   0.00696909 -0.00950974 966.501
52 824   0.00710919 -0.00948806 965.352
52 844   0.00706786 -0.00960747 969.155
52 846   0.00710953 -0.00955283 969.482
52 847   0.00715154 -0.00956298 968.587
52 957   -0.00375971 -0.00970678 961.011
52 958   -0.00289881 -0.010285 967.494
52 959   -0.00332126 -0.0101695 964.707
52 960   -0.00297973 -0.0108641 969.348
52 961   -0.00335307 -0.0109334 968.929
52 962   -0.00357007 -0.0105594 964.254
52 965   -0.0038423 -0.0111564 962.511
52 966   -0.00351231 -0.0112186 969.268
52 967   0.00226381 0.00997493 967.537
52 968   0.00199855 0.0106796 968.72
52 970   0.00265643 0.0112092 969.54
52 985   -0.00472884 -0.00960185 953.848
52 986   -0.00428136 -0.00980854 955.438
52 987   -0.00483488 -0.010517 931.904
52 988   -0.00498444 -0.0101052 943.83
52 989   -0.0042031 -0.0103161 951.636
52 990   -0.00450101 -0.0105212 938.324
52 991   -0.00404326 -0.010916 944.31
52 992   -0.00393025 -0.0106042 955.994
52 995   -0.00429783 -0.0109897 905.778
52 996   -0.00448274 -0.010883 920.263
52 997   0.00376137 0.00983421 960.616
52 998   0.00305432 0.0101521 966.496
52 999   0.00311968 0.0107944 969.053
52 1000   0.0036483 0.011022 966.441
52 1001   0.0048778 0.0101807 942.755
52 1002   0.00406814 0.0106869 948.164
52 1003   0.00424657 0.0101414 953.141
52 1005   0.00448275 0.0108515 915.155
52 1006   0.00491599 0.0106008 927.428
52 1113   -0.00091891 0.0106362 968.789
52 1114   0.000389039 0.0108614 966.749
52 1115   8.02794e-05 0.0100211 967.69
52 1117   -0.000277551 0.0115273 967.499
52 1118   -0.00094275 0.0114256 969.568
52 1127   0.00102372 -0.0108307 969.008
52 1128   -0.000150358 -0.0112221 966.332
52 1129   0.000229121 -0.0105112 967.947
52 1131   0.000312278 -0.0115921 967.494
52 1132   0.000976213 -0.011491 969.605
52 1209   0.007088 -0.00887455 904.001
52 1210   0.00689307 -0.00892937 918.321
52 1212   0.00722698 -0.00897907 894.204
52 1306   0.00817039 0.00379688 949.045
52 1307   0.00617091 0.00457865 968.862
52 1308   0.00651488 0.00570888 947.544
52 1309   0.00739836 0.00426867 965.835
52 1310   0.00774233 0.00539891 966.249
52 1409   -0.00791256 0.00499204 963.716
52 1410   -0.00769911 0.00351827 949.84
52 1411   -0.00646705 0.00550932 955.399
52 1412   -0.0062536 0.00403555 967.475
52 1486   -0.00855961 0.00265253 932.318
52 1487   -0.00879543 0.00147795 927.68
52 1508   0.00615745 0.000943621 958.293
52 1509   0.00613179 -0.0012045 958.673
52 1510   0.00776432 0.00210613 941.84
52 1511   0.00890302 0.00101736 922.737
52 1512   0.00886188 -0.00133931 923.42
52 1513   0.00769752 -0.00239866 942.821
52 1514   -0.00784547 -0.00331556 948.017
52 1515   -0.00809138 -0.00473556 963.056
52 1516   -0.00657317 -0.00413512 966.807
52 1517   -0.00681908 -0.00555513 948.751
52 1544   0.00581805 0.0100386 944.775
52 1547   0.00652526 0.00956556 962.12
52 1548   0.00625171 0.00946241 959.852
52 1549   0.00609126 0.00974977 953.766
52 1551   0.00626231 0.00991223 952.025
52 1552   0.0064673 0.00979361 956.93
52 1565   0.00717801 -0.00909087 899.364
52 1566   0.00729381 -0.00918389 881.535
52 1567   0.00727231 -0.0093414 883.061
52 1568   0.00725488 -0.00926007 888.646
52 1569   0.00693131 -0.00923424 935.341
52 1570   0.006833 -0.00914175 933.583
52 1571   0.00688761 -0.00905868 924.667
52 1572   0.0070718 -0.00911801 913.212
52 1573   0.00699685 -0.00919506 926.73
52 1574   0.006975 -0.00910728 921.628
52 1575   0.00718475 -0.00923707 904.163
52 1576   0.00711747 -0.00918803 911.522
52 1577   0.00706983 -0.00922355 921.192
52 1578   0.00710241 -0.0093338 931.996
52 1579   0.00710893 -0.00927001 920.9
52 1580   0.00716528 -0.00927516 911.514
52 1581   0.00721518 -0.00936175 907.931
52 1582   0.00713924 -0.00935939 930.092
52 1583   0.00717829 -0.00931851 913.495
52 1584   0.00719295 -0.00940489 927.243
52 1585   0.00713979 -0.00945052 954.984
52 1586   0.00714519 -0.0094051 940.289
52 1587   0.00720437 -0.00943771 934.455
52 1588   0.00717073 -0.0094629 954.74
52 1589   0.00723447 -0.0094574 930.526
52 1590   0.00727001 -0.00951441 958.849
52 1591   0.00723534 -0.00953284 968.91
52 1592   0.00719812 -0.00952015 968.24
52 1593   0.00720082 -0.00948258 957.561
52 1594   0.00729381 -0.00944349 853.897
52 1595   0.0072649 -0.00945914 905.115
52 1596   0.00730757 -0.0094943 818.756
52 1597   0.00728004 -0.00949087 906.85
52 1598   0.00733445 -0.0094899 332.354
52 1601   0.00732033 -0.00947863 741.897
52 1602   0.00732171 -0.00945955 797.617
52 1603   -0.00760234 -0.00923317 937.386
52 1604   -0.00760131 -0.00920712 955.736
52 1605   -0.00763184 -0.00924025 948.816
52 1606   -0.0076387 -0.00922247 968.365
52 1607   -0.00763897 -0.0091947 969.327
52 1608   -0.00762421 -0.00920419 966.34
52 1609   -0.00766122 -0.00923033 824.856
52 1610   -0.00765437 -0.00920559 964.352
52 1611   -0.00765358 -0.00922035 942.399
52 1689   0.00754138 0.00919831 945.976
52 1690   0.0075222 0.00925823 920.933
52 1691   0.00756386 0.00927127 906.307
52 1692   0.00759478 0.00923618 928.69
52 1693   0.00757972 0.00919607 950.561
52 1695   0.00755398 0.00909455 967.509
52 1696   0.00758176 0.00902672 969.311
52 1697   0.00763114 0.00910686 969.393
52 1701   0.00760011 0.00917051 964.201
52 1702   0.00761725 0.00914078 968.476
52 1703   0.0076465 0.00915686 969.577
52 1704   0.00765297 0.00920419 963.561
52 1705   0.00763811 0.00918222 969.006
52 1706   0.0076206 0.00919098 965.958
52 1707   0.00762116 0.00923001 951.842
52 1708   0.00764434 0.00921554 938.182
52 1709   0.00762659 0.00921036 965.973
52 1710   0.00763967 0.0092365 884.696
52 1711   0.0076541 0.0092264 662.94
end
