635
16 440   -0.044978 0.00332859 892.01
16 441   -0.0451567 -0.00285043 891.92
16 442   -0.049978 0.00827272 880.457
16 443   -0.039978 0.00832523 898.706
16 444   0.00165557 -0.0233499 709.776
16 445   -0.0477766 -0.0217741 758.535
16 446   -0.0397913 -0.0323011 720.377
16 447   -0.0322204 0.0320561 808.654
16 448   -0.0411382 -0.00636271 895.387
16 449   0.00511419 -0.0211458 705.135
16 450   -0.00177889 0.0290595 708.586
16 451   -0.043494 -0.0296588 703.51
16 452   -0.0497142 -0.0177497 807.037
16 453   -0.0384815 -0.00705961 898.813
16 454   0.00398335 -0.0170294 723.509
16 455   -0.00618383 0.0164493 868.535
16 456   0.00148335 -0.0150035 717.504
16 457   -0.000715591 -0.0150053 739.898
16 458   -0.00500145 0.0137355 760.923
16 459   -0.00385772 -0.0145022 894.167
16 460   -0.00700759 -0.0142054 956.059
16 461   0.00524774 0.0121964 965.039
16 462   0.00452133 0.0122204 958.266
16 463   0.00554701 0.0113799 938.356
16 464   -0.00641685 -0.0114863 883.001
16 465   0.0059545 0.0112766 879.922
16 466   0.00633137 0.010908 766.451
16 467   -0.00663886 -0.0107956 719.871
16 468   -0.00731318 -0.0104171 508.363
16 469   -0.00642588 -0.0107719 722.89
16 470   -0.00742458 -0.0102245 255.114
16 471   -0.00695232 -0.0105566 641.016
16 472   0.00590083 0.0109481 816.936
16 473   0.00642817 0.010747 710.501
16 474   -0.00716108 -0.0103119 497.037
16 475   -0.00701417 -0.0103889 577.152
16 476   0.00610199 0.0108427 771.253
16 477   -0.00677519 -0.0105151 629.949
16 478   -0.00665084 -0.0105802 637.424
16 487   0.00636916 -0.0157063 731.829
16 490   0.00690881 -0.0117394 809.232
16 491   0.00459559 -0.0123467 737.465
16 492   0.00577797 -0.0131568 752.733
16 493   -0.00148859 -0.012979 723.068
16 502   -0.0443147 -0.0225038 807.432
16 503   -0.0429625 -0.0254745 768.898
16 510   -0.049779 0.0184217 796.618
16 511   -0.0473123 0.0259428 706.527
16 512   -0.0511395 0.0239928 709.585
16 513   -0.0484185 0.0211728 764.245
16 514   -0.0440382 0.0244675 767.13
16 515   -0.0451444 0.0217781 802.55
16 530   -0.00999635 -0.0304761 779.502
16 531   -0.00734544 -0.033492 728.311
16 532   -0.00864837 -0.0273332 809.09
16 533   -0.00580918 -0.0270791 770.189
16 565   -0.0355237 0.030738 788.793
16 566   -0.0410091 0.0310458 714.691
16 567   -0.039197 0.0336819 718.849
16 568   -0.0359475 0.0279479 829.239
16 569   -0.038724 0.0282557 784.027
16 570   -0.00476062 0.0181062 880.528
16 571   -0.00203733 -0.0208591 804.604
16 572   -0.00355052 -0.016398 887.67
16 573   -0.0019085 -0.017215 817.561
16 579   -0.0358775 -0.0253781 885.515
16 580   -0.0345387 -0.0210257 933.951
16 581   -0.0328824 -0.023077 904.518
16 582   0.00362139 0.0233849 719.222
16 583   -0.000151305 0.0248837 728.274
16 584   -0.00186021 0.0222633 802.185
16 585   -0.000241082 0.0198521 804.915
16 586   0.00642321 0.0186853 808.693
16 587   0.00441249 0.0208967 756.191
16 588   0.00225892 0.0199843 783.613
16 589   0.00542108 0.0172312 854.267
16 590   0.00326751 0.0179704 823.413
16 591   0.00603413 0.0156356 897.071
16 592   0.00510665 0.0148352 905.623
16 593   0.00565281 0.0127982 959.528
16 594   0.00564505 0.0137486 933.889
16 595   0.00727201 0.0123142 961.825
16 596   0.00680828 0.0128072 967.125
16 597   0.0063523 0.0124344 968.215
16 598   0.00701789 0.011903 927.354
16 599   0.00656192 0.0119345 945.969
16 600   0.00650428 0.0112413 822.409
16 601   0.00632858 0.0115045 890.447
16 602   0.00735987 0.0112458 789.181
16 603   0.00710574 0.0115692 862.597
16 604   0.00682547 0.0113375 824.416
16 605   0.00721973 0.0109648 738.181
16 606   0.00693946 0.0110634 770.171
16 607   0.00721048 0.010595 624.236
16 608   0.00695637 0.0104944 624.828
16 609   0.00658802 0.010756 704.373
16 610   0.00683856 0.0106489 661.93
16 611   0.0068124 0.010848 728.598
16 612   0.00655897 0.0105858 630.19
16 613   0.00666937 0.0105279 612.783
16 629   -0.0139198 0.0319928 807.648
16 632   -0.00490835 0.0301446 730.006
16 633   -0.00735764 0.0333815 736.872
16 634   -0.0101115 0.0303743 789.584
16 635   -0.00635248 0.0270226 791.593
16 636   -0.00897197 0.0272523 820.467
16 646   -0.00511396 -0.0116049 968.649
16 647   -0.00659892 -0.0132041 965.559
16 648   -0.00340359 -0.0135858 874.135
16 649   -0.00256228 -0.013165 782.495
16 650   -0.00398267 -0.0130499 901.763
16 651   -0.00380018 -0.0125222 896.028
16 652   -0.00425983 -0.0120093 935.063
16 653   -0.00457479 -0.0129566 924.025
16 654   -0.00503069 -0.0121375 959.211
16 655   -0.00460803 -0.0123159 940.418
16 656   -0.00701392 -0.0179205 953.673
16 657   -0.00570682 -0.0190109 946.371
16 658   -0.00473465 -0.0176133 912.748
16 659   -0.00652151 -0.0151136 943.863
16 660   -0.00652783 -0.0165314 940.694
16 661   -0.00555566 -0.0165145 926.029
16 662   -0.00479565 -0.0146592 915.078
16 663   -0.00578922 -0.0147372 936.136
16 664   -0.00530946 -0.0154562 922.426
16 665   -0.00491978 -0.0132552 932.343
16 666   -0.00552915 -0.013975 939.298
16 667   -0.00502167 -0.0139054 926.48
16 668   -0.00537591 -0.0125697 959.154
16 669   -0.00529824 -0.0130467 948.199
16 670   -0.00597749 -0.0131068 961.025
16 671   -0.00564001 -0.0133375 951.354
16 672   -0.00622781 -0.0124654 969.27
16 673   -0.00567152 -0.0124718 966.091
16 674   -0.00593132 -0.0127182 965.991
16 675   -0.00622066 -0.0118151 947.054
16 676   -0.00613978 -0.0122094 968.506
16 677   -0.00579624 -0.0122285 969.316
16 678   -0.00551752 -0.0116678 967.773
16 679   -0.00598251 -0.0116986 949.53
16 680   -0.00577173 -0.0119698 968.979
16 681   -0.00590281 -0.0111279 868.403
16 682   -0.00587491 -0.0114168 926.811
16 683   -0.00558169 -0.0113765 951.615
16 685   -0.00550172 -0.011144 932.491
16 686   -0.00571746 -0.011031 877.006
16 696   -0.024238 -0.0325 833.255
16 697   -0.0296851 -0.0245513 887.789
16 698   -0.0263325 -0.0225 885.981
16 699   -0.0209162 -0.029742 843.863
16 700   -0.0221018 -0.024742 871.449
16 701   -0.0136602 -0.0292261 821.523
16 702   -0.0161678 -0.032242 813.189
16 703   -0.0143177 -0.0242261 879.443
16 704   -0.0164573 -0.022242 881.663
16 705   -0.0195647 -0.022242 877.523
16 761   -0.0471575 0.0161464 854.693
16 762   -0.0473565 0.0130746 870.793
16 763   -0.0423565 0.0130746 899.361
16 764   -0.0386395 0.0173372 938.321
16 765   -0.043297 0.0168169 895.571
16 766   -0.041018 0.0154758 908.31
16 907   -0.00676639 -0.0124016 966.244
16 908   -0.00709133 -0.0127517 969.269
16 909   -0.00671208 -0.0116418 891.725
16 910   -0.00733753 -0.0118465 903.548
16 911   -0.00701259 -0.0120396 941.043
16 912   -0.00683528 -0.0110436 771.233
16 913   -0.00718728 -0.0115117 845.443
16 914   -0.00688677 -0.0113855 832.077
16 916   -0.00734975 -0.0112613 793.098
16 917   -0.00738861 -0.0107165 653.134
16 918   -0.00717465 -0.010779 695.514
16 919   -0.00713579 -0.0110159 756.968
16 928   -0.00690881 0.0109859 845.353
16 929   -0.00631762 0.0126481 788.627
16 930   -0.00572642 0.0116055 757.072
16 931   0.00735062 0.0104288 512.384
16 935   0.00742531 0.010156 173.358
16 936   0.00727592 0.0102343 397.043
16 941   -0.0370268 -0.0219464 952.35
16 942   -0.0378888 -0.0242474 898.686
16 943   -0.0402551 -0.0240374 879.159
16 969   -0.0411539 0.0249975 828.953
16 970   -0.0392125 0.0261883 834.695
16 975   -0.0400722 0.0190154 940.685
16 976   -0.0423512 0.0186899 902.951
16 977   -0.0429376 0.0207051 881.941
16 978   -0.0396879 0.0216261 932.822
16 979   -0.0414138 0.0226452 889.281
16 988   -0.00546313 0.0205575 925.118
16 989   -0.00423583 0.0223206 867.5
16 990   -0.00574148 0.0245226 851.444
16 991   -0.00506613 -0.0244521 828.892
16 992   -0.00542221 -0.0205747 933.447
16 993   -0.00388083 -0.0223047 855.189
16 1007   -0.00602606 -0.0109663 813.819
16 1009   -0.0062915 -0.0108423 760.587
16 1010   -0.00626073 -0.0110524 806.628
16 1056   -0.00316026 0.0131095 712.11
16 1103   -0.0510348 0.0324945 671.176
16 1106   -0.0472076 0.0298583 685.488
16 1107   -0.0442771 0.0323638 688.905
16 1116   -0.0461668 -0.0323578 680.274
16 1119   -0.0501567 -0.00540463 886.951
16 1122   -0.0485426 -0.0149518 852.998
16 1123   -0.0489851 -0.00936281 881.104
16 1124   -0.0513284 -0.0114532 866.757
16 1125   -0.0435737 -0.0108719 893.157
16 1126   -0.0464206 -0.0113178 883.053
16 1127   -0.0459781 -0.0144052 876.908
16 1128   -0.0421347 -0.0126889 898.376
16 1129   -0.0433674 -0.015177 894.457
16 1130   -0.0396992 -0.0118421 903.047
16 1131   -0.0387177 -0.0133332 908.088
16 1132   -0.0423595 -0.0198112 898.101
16 1133   -0.0420391 -0.0170555 904.01
16 1134   -0.0389621 -0.0205858 942.018
16 1135   -0.0405002 -0.0214015 918.318
16 1136   -0.0386071 -0.0179985 947.281
16 1137   -0.0398249 -0.0160585 917.234
16 1182   0.00221794 -0.0275307 688.554
16 1183   0.00567655 -0.0308007 672.621
16 1184   -0.0029427 -0.0320923 698.743
16 1185   -0.00275442 -0.0288223 708.795
16 1188   0.0038531 -0.0336002 672.658
16 1189   0.000206204 -0.0336002 682.896
16 1195   0.00334559 -0.0127634 707.999
16 1196   0.00202797 -0.0129772 702.742
16 1208   0.000174645 0.0322964 687.628
16 1223   -0.0345924 0.021028 933.758
16 1224   -0.0329887 0.0230841 905.405
16 1225   -0.0348789 0.0252941 891.428
16 1226   -0.0374533 0.0226426 938.385
16 1227   -0.0372378 0.0248525 894.245
16 1256   0.00234692 0.0165348 843.825
16 1257   -0.00267932 0.0169973 818.748
16 1258   -0.00114906 0.0179191 823.622
16 1259   0.000430347 0.0166156 820.981
16 1260   -0.00119756 0.0130352 715.394
16 1261   -0.00238139 0.0139654 731.974
16 1262   -0.00214129 0.0154634 775.763
16 1263   -0.000556822 0.0138994 756.784
16 1264   -0.000975524 0.0152905 782.585
16 1265   6.58495e-05 0.015521 808.511
16 1266   0.00073586 0.0145661 813.309
16 1267   0.000233241 0.0136936 783.054
16 1268   0.00303806 0.0152752 873.215
16 1269   0.00410796 0.0147151 897.523
16 1270   0.00218463 0.0144793 863.119
16 1271   0.00139837 0.0143232 834.577
16 1274   0.000580713 0.0128828 788.809
16 1275   0.00163265 0.012854 834.89
16 1276   0.00122515 0.0133972 821.417
16 1283   0.00703626 0.0149492 911.685
16 1284   0.00703626 0.0134825 952.233
16 1285   0.00657252 0.0140601 932.962
16 1302   -0.00272072 -0.0124188 765.243
16 1303   -0.00337952 -0.0123119 834.599
16 1306   -0.0100326 -0.020992 923.705
16 1307   -0.0113304 -0.0229761 897.312
16 1308   -0.00932492 -0.0248332 879.225
16 1309   -0.00737821 -0.0218571 939.386
16 1310   -0.00725642 -0.0237141 895.734
16 1349   0.00563212 0.0251929 697.514
16 1350   0.00568084 0.0326322 671.176
16 1351   0.00381296 0.0299286 680.067
16 1374   -0.0505624 -0.0249868 703.126
16 1375   -0.0490972 -0.0299008 679.803
16 1376   -0.0510348 -0.032543 671.038
16 1386   0.00378769 0.0135941 907.176
16 1387   0.00406773 0.0127878 929.403
16 1388   0.0028596 0.0137961 886.896
16 1389   0.00248084 0.0130968 875.719
16 1392   0.00282461 0.012422 885.723
16 1393   0.00348342 0.0123151 909.91
16 1457   -0.0117644 0.0229892 892.963
16 1458   -0.0103722 0.0209964 916.127
16 1459   -0.00967072 0.0248671 877.865
16 1460   -0.00758244 0.0218779 935.394
16 1461   -0.00766488 0.0237559 894.789
16 1466   -0.0314686 -0.0335257 801.005
16 1467   -0.0294691 -0.028077 858.29
16 1468   -0.0280834 -0.0310257 834.699
16 1469   -0.0355574 -0.0278781 836.526
16 1470   -0.0365734 -0.0308267 771.129
16 1471   -0.0323463 -0.0291027 837.067
16 1472   -0.0333623 -0.0320513 794.512
16 1475   -0.0146723 0.0219928 885.771
16 1523   -0.0242668 0.0325 834.839
16 1524   -0.0288574 0.0295561 847.495
16 1525   -0.0221338 0.0225 877.898
16 1526   -0.026424 0.0225 886.069
16 1527   -0.0297883 0.0245561 888.137
16 1528   -0.018494 0.0244928 872.093
16 1529   -0.0186956 0.0294928 842.632
52 217   -0.00040988 0.00543919 735.471
52 218   -0.00445579 -0.00134302 741.276
52 219   -0.00633166 -0.00259435 743.922
52 220   0.00896186 0.00280579 716.056
52 221   -0.00250119 0.004235 733.201
52 222   -0.00243387 -0.00239537 748.141
52 223   0.00517376 0.00234152 744.618
52 224   0.00330416 0.00109576 740.478
52 225   -0.000554015 0.00104158 739.79
52 226   0.00156938 0.00437622 748.253
52 227   -0.00447562 0.000913104 730.422
52 228   -0.00245502 0.00203403 735.457
52 229   0.00137908 0.00217959 743.575
52 230   -0.000552696 -0.00113169 741.209
52 231   0.00320685 -0.00103584 733.518
52 232   0.00128309 -0.00212529 737.478
52 233   0.00693618 0.00150096 724.403
52 234   0.0012863 -0.00424108 735.221
52 235   -0.00222997 -0.00446081 755.291
52 236   -0.00621571 0.00198975 718.796
52 237   -0.00811462 -0.00161625 718.631
52 238   -0.000345586 -0.00531292 739.031
52 239   -0.00970741 -0.00287887 712.784
52 240   -0.0062198 -0.00466474 783.036
52 241   -0.00433413 0.00484694 731.7
52 242   0.00474621 -0.00209685 725.846
52 243   0.00295311 -0.00508747 731.751
52 244   0.00503187 0.00432613 773.769
52 245   0.00335258 0.00527701 772.896
52 246   -0.0109984 -0.00156115 701.792
52 247   0.00892913 0.00448295 735.995
52 248   0.00448927 -0.00403268 728.769
52 249   0.0101611 0.00165483 702.281
52 250   0.00715042 -0.000260422 712.859
52 251   -0.00602805 0.00372261 723.723
52 252   -0.00845471 0.000172517 707.035
52 253   -0.00781149 0.00148794 707.484
52 254   0.00627509 -0.00157208 716.545
52 255   -0.0034568 -0.00552367 777.86
52 256   0.00590063 -0.00617883 739.854
52 257   -0.00995093 -0.0044884 723.136
52 258   -0.00894841 -0.00537655 758.625
52 259   -0.00756594 -0.00559503 799.322
52 260   0.0112986 0.00137481 697.345
52 261   -0.00490506 -0.00552504 807.886
52 262   0.00620816 0.00537973 804.026
52 263   -0.00747339 0.0043726 724.249
52 264   0.00861613 -0.000847216 701.807
52 265   0.0057583 -0.0046718 728.795
52 266   0.00369552 0.00674963 799.671
52 267   0.00960116 -0.000236794 698.274
52 268   0.00742336 0.00532904 788.684
52 269   0.00727819 -0.0027108 709.591
52 270   0.00701834 -0.00387467 717.732
52 271   -0.00313243 -0.00696302 781.974
52 272   -0.0107438 0.000119172 694.91
52 273   0.00851317 -0.00224269 699.771
52 274   -0.00887425 0.00255895 697.732
52 275   -0.00979293 0.000590224 698.481
52 276   -0.0113825 0.001246 692.282
52 277   0.00581688 0.00668235 859.183
52 278   -0.00728394 -0.00691205 863.463
52 279   0.00792982 -0.00446321 723.322
52 280   -0.00516429 -0.00685616 857.527
52 281   -0.00937721 -0.00656282 773.237
52 282   -0.00419591 -0.00744559 839.005
52 283   0.00498353 0.00710137 861.954
52 284   0.0104008 -0.000919559 692.583
52 285   0.00861739 0.00684789 799.353
52 286   0.00920074 -0.00284962 693.047
52 287   0.00775761 0.00651332 828.644
52 288   0.0111786 -0.000356021 689.846
52 289   -0.00806127 -0.00753767 868.125
52 290   -0.00855282 0.00399611 704.931
52 291   0.00655457 0.00737445 892.16
52 292   0.00848086 0.00779749 852.433
52 293   -0.00584668 -0.00735132 889.372
52 294   0.00514025 0.00807651 898.881
52 295   -0.00890626 0.00338147 695.939
52 296   -0.00658097 -0.00737166 893.105
52 297   -0.0100439 0.00163623 694.068
52 298   -0.00434322 -0.00821125 872.11
52 299   0.0072801 0.00725611 881.181
52 300   -0.00877206 -0.00740692 803.867
52 301   -0.00976847 0.00228953 692.356
52 302   0.0105156 -0.00184093 689.711
52 303   -0.01085 0.00198684 690.798
52 304   0.00769697 0.00798871 902.176
52 305   -0.00569638 -0.0082379 916.553
52 306   -0.0051613 -0.0085084 913.415
52 307   0.00582349 0.00843066 927.159
52 308   0.0099132 -0.00272143 687.741
52 309   0.00640447 0.00814762 920.33
52 310   0.0087355 -0.00414892 702.92
52 311   -0.00392131 -0.00870161 854.732
52 312   0.0103254 -0.00242545 687.594
52 313   0.00905606 -0.00362194 693.473
52 314   -0.00450356 -0.00922854 911.254
52 315   -0.00718783 -0.00857188 943.85
52 316   -0.00515994 -0.00914356 937.441
52 317   -0.00674653 -0.00818289 923.08
52 318   -0.00624671 -0.00856793 943.042
52 319   -0.00924291 0.00448312 689.833
52 320   -0.0103277 0.00281932 686.87
52 321   0.0111594 -0.00203291 688.347
52 322   -0.0109308 0.00263278 687.783
52 323   -0.00971264 0.0036587 685.273
52 324   -0.00553121 -0.00952572 966.232
52 325   0.00592565 0.00899555 958.53
52 326   0.00916651 -0.00455313 692.919
52 327   -0.00635797 -0.00905132 967.156
52 328   -0.0103965 0.00325646 683.195
52 329   -0.00972387 0.00414777 682.846
52 330   0.0101261 -0.00339025 682.393
52 331   -0.0101677 0.00354311 681.818
52 332   0.0113193 -0.00263394 686.047
52 333   -0.0112758 0.00295576 686.519
52 334   0.0107757 -0.00291774 683.467
52 335   0.00536931 0.00936722 955.436
52 336   0.00957526 -0.00382967 685.868
52 337   -0.0101782 0.00425778 676.882
52 338   -0.00589907 -0.00951452 959.172
52 339   0.00993282 -0.00372618 681.991
52 340   0.0111257 -0.00293425 683.734
52 341   0.00990478 -0.00435555 679.93
52 342   -0.00617414 -0.00934526 961.33
52 343   0.0095466 -0.00425614 685.376
52 344   0.00636928 0.00917362 967.754
52 345   0.00569065 0.00925226 962.84
52 346   0.0104971 -0.00348173 679.408
52 347   -0.00707998 -0.00903789 968.413
52 348   0.0101493 -0.00406824 678.011
52 349   0.0107345 -0.0033052 680.359
52 350   0.0106028 -0.00388082 675.258
52 351   0.0104483 -0.00413141 674.762
52 352   -0.0108413 0.00341026 680.928
52 353   -0.0111176 0.0032961 683.204
52 354   -0.00716909 -0.00932292 950.768
52 355   -0.00674995 -0.00913228 967.521
52 356   0.0112857 -0.00331315 681.605
52 357   -0.0104805 0.00383827 677.104
52 358   0.00549427 0.00970698 968.415
52 359   0.00637081 0.00948811 926.608
52 360   -0.0104797 0.00406387 675.115
52 361   -0.010903 0.00368038 677.899
52 362   0.00593384 0.00954168 961.372
52 363   0.010835 -0.00392212 673.645
52 364   0.00617037 0.00959946 913.451
52 365   0.00580179 0.00972182 953.02
52 366   -0.0107709 0.00382174 675.926
52 367   -0.00641483 -0.00960204 873.985
52 368   0.0109556 -0.00350388 678.399
52 369   -0.00602183 -0.0098278 865.161
52 370   0.0111568 -0.00349533 679.361
52 371   -0.0112986 0.00348979 682.847
52 372   -0.0107717 0.00413308 672.345
52 373   0.00592155 0.00988006 880.421
52 374   0.00673895 0.0095966 855.802
52 375   -0.0109063 0.00400046 673.23
52 376   0.0109504 -0.00372172 675.916
52 377   0.0109288 -0.00408717 671.28
52 378   0.00655553 0.00960834 857.413
52 379   0.00622495 0.00978927 817.189
52 380   -0.0111107 0.00375392 678.202
52 381   -0.01123 0.0036775 680.664
52 382   -0.00634042 -0.00976342 804.606
52 383   0.00610817 0.00988973 803.67
52 384   0.00675264 0.00975986 790.557
52 385   0.0112185 -0.00368414 678.031
52 386   -0.00622249 -0.00981992 800.317
52 387   0.0110943 -0.00378168 675.769
52 388   -0.00599756 -0.0099573 815.764
52 389   0.00635318 0.00985939 747.548
52 390   0.00652067 0.00975929 789.024
52 391   -0.0110592 0.00403791 672.482
52 392   0.0110709 -0.00399988 672.114
52 393   0.00645038 0.00983897 746.746
52 394   0.0113033 -0.00375063 678.471
52 395   0.00616732 0.0100011 714.459
52 396   0.011121 -0.0038948 674.361
52 397   -0.011117 0.00397508 674.439
52 398   -0.0111431 0.0038858 676.766
52 399   0.00662148 0.00982179 760.074
52 400   -0.00644323 -0.00985738 735.298
52 401   -0.00626864 -0.00994501 701.696
52 402   0.00659449 0.00992154 662.932
52 403   -0.0113113 0.00377354 681.313
52 404   0.00633837 0.00997107 599.389
52 405   0.00650858 0.00993976 612.481
52 406   0.00626928 0.0100124 576.384
52 407   -0.00623127 -0.0100091 633.003
52 408   0.0111344 -0.0040599 671.09
52 409   -0.00641553 -0.0099413 618.371
52 410   -0.00616084 -0.0100135 706.473
52 411   0.0112072 -0.00390534 675.558
52 412   0.0112654 -0.00385871 677.287
52 413   -0.00635888 -0.00997243 569.247
52 414   -0.00630324 -0.0100739 349.719
52 415   -0.0111967 0.0040185 675.166
52 416   0.00649645 0.0100066 445.245
52 417   -0.011295 0.00386623 680.922
52 418   -0.0112275 0.0039063 678.656
52 419   0.00645075 0.0100197 393.141
52 420   0.00639581 0.0100143 437.572
52 421   0.0112212 -0.00397295 675.019
52 422   0.0111985 -0.00402243 672.921
52 423   -0.0112712 0.00389965 680.371
52 424   -0.00637741 -0.0100382 379.951
52 425   0.00629006 0.0100741 397.842
52 426   0.0113027 -0.00390268 678.053
52 427   -0.0112234 0.00405222 675.111
52 428   -0.00635915 -0.0100755 251.764
52 429   -0.0112334 0.00396915 678.363
52 430   0.0112693 -0.00398295 677.656
52 431   0.00645785 0.0100723 176.545
52 432   0.00638404 0.0100614 281.617
52 433   0.0112926 -0.00395931 678.36
52 434   0.00636137 0.0100847 218.887
52 435   0.0112312 -0.00404953 672.949
52 436   0.00633408 0.0100893 259.699
52 437   0.00642085 0.010083 131.357
52 438   0.00638454 0.0101166 31.9864
52 439   0.0112645 -0.00403807 675.842
52 516   -0.00664509 0.00636293 757.107
52 517   -0.00741424 0.00544443 745.272
52 518   0.0069152 -0.00634568 759.957
52 519   0.00768435 -0.00542718 746.058
52 563   -0.000631232 0.00710272 728.534
52 564   -0.00235452 0.00805426 724.47
52 640   0.0100709 0.00512625 730.994
52 718   0.00303542 0.00740847 776.435
52 719   0.000616627 0.00771101 726.865
52 720   0.00196107 0.00760711 735.612
52 780   -0.00676693 -0.00938087 938.151
52 781   -0.00691118 -0.00945377 911.758
52 782   -0.00686816 -0.00963294 838.933
52 783   -0.00674995 -0.00963826 837.352
52 784   -0.00666173 -0.00951491 893.867
52 785   -0.00656957 -0.00959845 859.131
52 786   -0.00659624 -0.00972667 798.913
52 787   -0.00670576 -0.00983001 759.756
52 788   -0.0067045 -0.00973002 798.704
52 789   -0.00651803 -0.00984799 736.744
52 790   -0.00657059 -0.00980044 767.73
52 791   -0.00661793 -0.00985866 735.75
52 792   -0.00654563 -0.00992398 646.908
52 793   -0.00659882 -0.00992643 658.383
52 794   -0.00647091 -0.00997468 523.334
52 795   -0.0065262 -0.00996675 554.515
52 796   -0.00653991 -0.0100047 466.872
52 797   -0.00648702 -0.0100566 261.546
52 798   -0.00646684 -0.0100077 436.953
52 799   -0.0065024 -0.0100176 419.189
52 800   -0.00641704 -0.0100492 312.586
52 801   -0.00644296 -0.010031 366.185
52 802   -0.00645628 -0.0100608 241.28
52 803   -0.00643575 -0.0101107 25.5047
52 804   -0.00641963 -0.0100758 197.12
52 805   -0.0064411 -0.0100824 142.393
52 806   -0.00638962 -0.0101053 78.3381
52 807   -0.00641048 -0.0100945 98.7368
52 808   -0.00641809 -0.0101136 23.9814
52 883   0.00523622 -0.00736098 737.668
52 884   0.00355774 -0.00690873 734.562
52 885   0.00314352 -0.00812207 736.467
52 886   -0.00357181 0.00816757 740.231
52 887   -0.00448821 0.00670905 736.727
52 888   -0.0057384 0.0071158 739.063
52 1057   -0.0019683 0.00913832 715.269
52 1061   0.000322341 0.00913621 717.477
52 1062   -0.000166866 0.00854915 720.243
52 1063   -0.000539301 0.00961198 718.839
52 1064   -0.00102851 0.00902492 717.649
52 1065   0.000859841 0.00936718 711.716
52 1066   0.00144563 0.00924205 707.006
52 1069   0.00116195 -0.00920563 717.612
52 1070   0.00171208 -0.00798601 722.705
52 1071   -2.32318e-06 -0.00694296 730.571
52 1072   -0.00239529 -0.00746586 749.315
52 1073   -0.00111035 -0.00748843 730.608
52 1074   -0.0014412 -0.0091963 709.613
52 1075   -0.00058034 -0.00871161 717.821
52 1076   -0.00335765 -0.00892525 741.594
52 1078   -0.00274397 -0.00850135 734.059
52 1079   -0.00231988 -0.00900861 711.022
52 1108   -0.00763116 -0.00853795 929.769
52 1109   -0.00796803 -0.00823459 903.4
52 1138   0.00496692 0.00934567 934.199
52 1140   0.00420253 0.00880569 884.504
52 1141   0.004703 0.00868128 902.108
52 1199   0.00689607 0.00846763 940.091
52 1200   0.00746304 0.00842706 927.374
52 1201   0.00748899 0.00891699 959.677
52 1202   0.00769902 0.00872824 940.914
52 1228   0.00350994 0.00806954 796.702
52 1229   0.00382629 0.00851024 829.869
52 1230   0.00187325 0.00889657 711.302
52 1231   0.0021427 0.00833074 726.216
52 1232   0.0024825 0.00927472 705.735
52 1233   0.00288666 0.00842596 741.403
52 1234   0.00291011 0.00892924 721.393
52 1237   0.00321474 0.00911831 718.261
52 1238   0.00350763 0.00905575 734.721
52 1382   0.00926338 0.00660207 773.548
52 1383   0.00958637 0.00601174 758.447
52 1406   0.00665732 0.0090604 968.372
52 1407   0.00686014 0.00879707 959.848
52 1408   0.00721708 0.00894525 965.015
52 1410   0.00719657 0.00922031 965.6
52 1413   0.00692316 0.00950655 891.776
52 1414   0.00692827 0.00928587 955.274
52 1579   -0.00638819 -0.0101224 29.7722
52 1582   -0.00640939 -0.010138 4.42708
52 1583   -0.00640592 -0.0101274 10.2914
52 1587   -0.0112658 0.00397601 680.591
52 1588   -0.0113017 0.00397881 683.513
52 1589   -0.0113057 0.00395602 682.511
52 1590   -0.0112891 0.00394886 681.465
52 1591   -0.0112951 0.00401445 687.967
52 1592   -0.01129 0.00399238 683.631
52 1593   -0.0112707 0.00399675 681.462
52 1594   -0.0112838 0.00402434 686.852
52 1595   -0.0112634 0.00403131 680.816
52 1596   -0.0112667 0.00401591 681.672
52 1597   -0.0112954 0.00404173 705.287
52 1598   -0.011286 0.00403784 690.277
52 1599   -0.0112753 0.00404263 682.635
52 1600   0.00640992 0.0101413 2.79462
52 1603   0.00641725 0.0101347 3.76418
52 1604   0.00640937 0.0101193 13.0343
52 1607   0.00641935 0.0101124 25.8545
52 1608   0.00642667 0.0101058 46.9918
52 1660   0.011461 -0.00161345 689.546
52 1661   0.011595 -0.000857935 689.234
52 1729   0.0112946 -0.00404594 886.911
52 1731   0.011296 -0.0040379 784.643
52 1733   0.0112784 -0.00402902 688.24
52 1735   0.0112816 -0.00401989 680.832
52 1736   0.011283 -0.00401185 679.949
end
