716
16 382   -0.0449782 0.00325295 955.36
16 383   -0.0451576 -0.00292933 955.405
16 384   -0.04114 -0.00645532 953.631
16 385   -0.0384824 -0.00714723 950.786
16 386   -0.000364636 0.0236532 956.66
16 387   0.00487589 -0.0224422 907.76
16 388   0.00228549 0.0221086 947.265
16 389   -0.00123439 -0.0215793 968.07
16 390   0.00466437 0.0222776 930.241
16 391   -0.0022047 0.0215107 965.533
16 392   -0.000445974 -0.0187289 968.106
16 393   0.00490219 0.0173855 968.571
16 394   0.0064148 0.0189746 960.404
16 395   0.00158102 -0.0179082 963.145
16 396   -0.00243612 -0.0171804 952.073
16 397   0.00350529 -0.0192766 944.765
16 398   0.00530148 0.0151822 963.177
16 399   0.00681566 -0.0225365 897.693
16 400   0.00504051 -0.0158456 940.208
16 401   -0.00243969 -0.015283 955.71
16 402   0.00174784 -0.0159847 965.196
16 403   0.00382303 0.0142998 956.865
16 404   0.00681409 0.0141945 941.773
16 405   -0.00686807 0.0147113 959.065
16 406   -0.00394311 -0.014325 937.497
16 407   0.00234709 0.0145042 963.514
16 408   0.00577979 -0.014681 928.973
16 409   -0.0059516 0.0159289 969.248
16 410   -0.00127876 -0.0144823 966.524
16 411   0.00326756 -0.0154827 956.212
16 412   0.000926374 -0.0148809 968.989
16 413   -0.00466077 0.0153634 968.759
16 414   -0.00596911 0.0137002 943.464
16 415   -6.96562e-05 -0.0144552 969.506
16 416   0.00415326 0.0128739 927.14
16 417   -0.0028776 -0.0126055 964.392
16 418   -0.00383082 -0.0129474 940.766
16 419   0.00305688 -0.0142263 960.305
16 420   0.000996958 0.0128676 945.374
16 421   0.00201851 0.0131852 953.893
16 422   -0.00467828 0.0141395 962.664
16 423   -0.00182897 -0.0131824 964.318
16 424   0.00299798 0.0124968 954.246
16 425   0.00195369 -0.0139345 967.57
16 426   -0.000927787 -0.0127561 966.463
16 427   -0.00587784 0.0128702 920.79
16 428   0.00177382 -0.013057 969.274
16 429   0.00626787 -0.0129007 903.371
16 430   0.00466314 -0.0137091 935.49
16 431   0.00371318 -0.0136174 954.484
16 432   9.68443e-05 0.0133325 963.264
16 433   -0.00395537 0.0135325 965.257
16 434   3.89463e-05 -0.0132622 969.554
16 435   0.00654788 -0.0122605 887.624
16 436   -0.00278608 0.0127807 969.439
16 437   0.00484774 -0.013 924.877
16 438   0.00233374 -0.012517 969.505
16 439   0.00536359 -0.0127366 907.691
16 440   0.0034697 -0.0128876 961.712
16 441   -0.00228581 0.0125287 968.496
16 442   0.0029542 -0.0125669 968.536
16 443   -0.0040592 0.0128237 962.781
16 444   -0.00486039 0.0125165 931.654
16 445   -0.00439658 0.0125487 952.198
16 446   -0.00513585 0.0117243 883.158
16 447   0.00524872 -0.0117817 872.973
16 448   0.00435959 -0.012569 937.178
16 449   0.00393151 -0.0125483 954.45
16 450   0.00512972 -0.0121855 901.117
16 451   -0.00321253 0.0124117 969.067
16 452   -0.00485322 0.012045 916.724
16 453   -0.00359733 0.0125189 968.966
16 454   0.00316873 -0.0121365 969.559
16 455   0.00445646 -0.0121937 929.555
16 456   0.00471073 -0.0120736 913.055
16 457   -0.00411315 0.0121151 958.781
16 458   -0.00489742 0.0114705 878.294
16 459   -0.00368174 0.012172 969.347
16 460   -0.00452291 0.0118394 930.094
16 461   0.00464044 -0.011769 910.048
16 462   0.00422463 -0.0119738 941.796
16 463   -0.00315765 0.0120874 965.713
16 464   -0.00386017 0.0120432 968.367
16 465   -0.00345902 0.0120385 965.409
16 466   -0.00419151 0.0119061 950.045
16 467   0.00441843 -0.0117181 927.005
16 468   -0.00457875 0.0116375 918.187
16 469   -0.00432039 0.0118386 946.686
16 470   0.00406203 -0.0119555 944.017
16 471   0.00425689 -0.0118028 943.214
16 485   -0.00999165 -0.0304241 965.866
16 486   -0.00730807 -0.0334747 939.089
16 487   -0.00862957 -0.0271706 968.635
16 488   -0.00571745 -0.0267646 967.763
16 489   -0.0114098 -0.0229241 944.635
16 490   -0.00931679 -0.0246706 945.044
16 492   -0.00912759 -0.0209747 838.431
16 493   -0.0110736 -0.0209747 920.984
16 500   -0.00642991 -0.0159666 897.775
16 502   -0.00661202 -0.0139589 896.258
16 503   -0.00554193 -0.0147804 912.661
16 545   -0.0473099 0.0259428 911.357
16 546   -0.0511395 0.0239919 908.017
16 547   -0.0440346 0.0244671 963.557
16 557   -0.00730182 0.0334742 941.441
16 558   -0.00999205 0.0304227 966.343
16 559   -0.00880733 0.0271559 968.512
16 560   -0.0410049 0.0310471 927.467
16 561   -0.0391939 0.0336824 929.788
16 562   -0.0387118 0.0282585 967.197
16 563   -0.0345639 -0.0210257 873.33
16 564   -0.0329241 -0.0230772 937.069
16 569   -0.00419348 0.0221375 922.707
16 570   -0.00562761 0.0240103 935.566
16 573   -0.00349313 -0.0221388 936.777
16 574   -0.0049486 -0.0240616 942.496
16 579   -0.0473568 0.0130547 964.653
16 580   -0.0423568 0.0130547 947.075
16 581   -0.0386395 0.0173364 860.265
16 582   -0.043297 0.0168071 944.897
16 583   -0.041018 0.0154677 928.855
16 595   -0.0501576 -0.00542597 957.905
16 598   -0.0489864 -0.00938858 961.42
16 599   -0.0513288 -0.0114629 965.923
16 600   -0.0435764 -0.0109151 954.708
16 601   -0.0464228 -0.0113517 960.868
16 602   -0.042137 -0.012721 949.138
16 603   -0.0433698 -0.0151956 950.221
16 604   -0.0397006 -0.0118754 944.88
16 605   -0.0387182 -0.0133492 935.994
16 606   0.00636339 -0.0109429 788.349
16 609   -0.0242868 -0.0325 969.342
16 610   -0.0297573 -0.0245515 959.5
16 611   -0.0264551 -0.0225 962.752
16 612   -0.0314954 -0.0335257 968.96
16 613   -0.0281465 -0.0310257 969.378
16 614   -0.029538 -0.0280772 967.947
16 615   -0.0323858 -0.029103 969.017
16 616   -0.0333879 -0.0320515 967.945
16 618   -0.0067768 0.0123468 903.353
16 619   -0.00713259 0.0107222 870.201
16 620   -0.00567456 0.0113352 797.195
16 621   -0.00640939 0.0114798 852.072
16 622   -0.00631642 -0.0129865 884.693
16 623   -0.00469005 -0.0123768 890.365
16 624   -0.00587363 -0.0117414 862.223
16 625   -0.00557684 -0.0124999 882.219
16 627   -0.00469124 -0.0117732 847.979
16 628   -0.00528243 -0.0114634 860.418
16 629   0.00656585 0.0116239 849.808
16 630   0.00647114 0.0129671 901.846
16 631   0.00715705 0.0123718 870.29
16 632   0.00499316 0.0124296 880.231
16 633   0.0059273 0.0118222 861.52
16 634   0.00583259 0.012616 889.917
16 636   0.00479228 0.0117908 833.06
16 637   0.00538347 0.011481 851.267
16 638   -0.00429247 -0.0178193 906.675
16 639   -0.00589487 -0.0169168 887.227
16 640   -0.00696496 -0.018253 818.218
16 643   -0.00446926 0.0187343 930.877
16 644   -0.0047534 0.0205496 867.604
16 655   -0.0242218 0.0325 969.284
16 656   -0.0263208 0.0225 962.74
16 657   -0.0297188 0.024558 959.402
16 658   -0.0220966 0.0247242 966.986
16 659   -0.0209074 0.0297242 969.003
16 660   -0.0142647 0.0241727 962.013
16 661   -0.0161465 0.0322242 969.473
16 662   -0.0136654 0.0291727 969.105
16 664   -0.0195227 0.0222242 965.965
16 665   -0.0163472 0.0222242 963.578
16 695   0.00352631 -0.0120784 969.27
16 696   0.00377359 -0.0121697 963.536
16 697   0.00392357 -0.0119947 957.649
16 887   -0.0370403 -0.0219476 776.373
16 888   -0.0402657 -0.0240414 927.148
16 889   -0.0411457 0.0249986 964.49
16 890   -0.0391973 0.0261912 966.227
16 901   0.0072044 0.0106631 769.616
16 902   0.00661321 0.0109729 831.762
16 906   -0.0072044 -0.0105762 768.573
16 908   -0.00631762 -0.0112073 855.368
16 909   -0.00690881 -0.0113189 828.52
16 922   -0.00629669 -0.0193837 759.543
16 923   -0.00469429 -0.0192073 862.769
16 924   -0.00442784 -0.0206472 861.224
16 925   -0.0400715 0.0190139 826.937
16 926   -0.0423505 0.0186867 921.276
16 927   -0.0429357 0.0207024 946.311
16 928   -0.0396826 0.0216259 775.507
16 929   -0.0414073 0.0226447 913.766
16 930   -0.00808111 -0.0218479 797.691
16 931   -0.00647813 -0.0233914 887.616
16 932   -0.00793419 -0.0235944 904.536
16 933   -0.00675827 -0.020925 621.718
16 934   -0.00595678 -0.0216967 784.356
16 951   0.00714867 -0.0120005 890.592
16 953   0.00688691 -0.0111583 862.821
16 954   0.00723824 -0.0106268 885.626
16 968   0.00209018 0.0195279 965.827
16 969   0.00295644 0.0181077 968.063
16 970   -0.00111299 0.0193936 968.129
16 971   0.000531753 0.0189554 969.376
16 972   -0.00342345 0.0180691 959.456
16 973   -0.00130141 0.0173357 968.76
16 974   -0.00198354 0.0185264 965.727
16 975   -0.00213709 0.0166499 968.721
16 976   -0.00377199 0.0158243 969.512
16 977   -0.00331225 0.0169239 967.719
16 978   -0.00219642 0.0158024 969.282
16 979   -0.00299723 0.0152982 969.613
16 980   0.00161505 0.0153775 967.897
16 981   0.00183115 0.0168251 969.582
16 982   0.000700146 0.017514 969.621
16 983   -0.000262471 0.0167615 969.253
16 984   0.000120948 0.0141069 966.369
16 985   0.000651766 0.0149398 967.416
16 986   -9.4746e-05 0.0156349 968.8
16 987   -0.00154196 0.015351 969.197
16 988   -0.000542036 0.0143961 968.339
16 989   -0.000709093 0.0152079 968.812
16 990   -0.00277868 0.0146837 969.641
16 991   -0.00189435 0.0147821 969.403
16 992   -0.00261864 0.013532 969.645
16 993   -0.00311508 0.0139135 969.388
16 994   -0.00197451 0.013864 969.447
16 995   -0.00158661 0.0143439 969.251
16 996   -0.00106717 0.0141011 968.794
16 997   -0.00121935 0.0136582 968.826
16 998   -0.00169078 0.0135842 969.208
16 999   -0.00154108 0.0126483 968.67
16 1000   -0.00183464 0.0130002 969.033
16 1001   -0.000571547 0.0130029 968.929
16 1002   -0.00104857 0.0133238 968.677
16 1003   -0.00122644 0.0128979 968.833
16 1004   -0.00053983 0.0126109 968.143
16 1005   -0.000959006 0.0125429 968.894
16 1012   0.000581515 -0.0128548 968.774
16 1013   0.00112869 -0.012766 969.63
16 1019   -0.0112796 0.0229227 941.071
16 1020   -0.00996565 0.0209742 873.712
16 1021   -0.00949549 0.0246559 947.22
16 1022   -0.00690459 0.0233589 888.023
16 1023   -0.00819389 0.0235741 907.281
16 1024   -0.00816927 0.0218408 802.212
16 1025   -0.00584674 0.0210687 782.987
16 1026   -0.00647908 0.0203097 624.585
16 1027   -0.00656381 0.0220052 796.143
16 1028   -0.00719614 0.0212461 650.685
16 1077   -0.042363 -0.0198191 922.046
16 1078   -0.042041 -0.0170661 929.214
16 1079   -0.0389677 -0.0205889 668.651
16 1080   -0.040508 -0.0214068 835.66
16 1081   -0.0386076 -0.0180004 838.885
16 1082   -0.0398258 -0.0160653 909.426
16 1083   -0.00679525 0.0192957 783.175
16 1084   -0.00658353 0.01704 957.797
16 1085   -0.00587877 0.0182393 908.767
16 1097   -0.0510347 0.0324944 683.194
16 1100   -0.0472052 0.0298592 803.621
16 1101   -0.0442746 0.0323648 834.288
16 1126   -0.0345574 0.021029 873.261
16 1127   -0.0329396 0.0230869 936.865
16 1128   -0.0348496 0.0252983 947.55
16 1129   -0.0374416 0.022644 813.297
16 1130   -0.037218 0.0248554 925.392
16 1136   -0.0072044 -0.0119625 845.952
16 1137   -0.0072044 -0.0127167 866.946
16 1164   0.000350435 -0.02534 926.444
16 1165   0.00374745 -0.0259652 861.033
16 1166   -0.00290569 -0.032059 893.494
16 1167   -0.00267715 -0.0286025 926.089
16 1170   0.00387444 -0.0335843 690.336
16 1171   0.000248879 -0.0335843 773.379
16 1184   -0.0505632 -0.0249875 895.61
16 1185   -0.0490981 -0.0299015 755.148
16 1186   -0.0510349 -0.032543 682.63
16 1200   -0.0390457 -0.0336508 931.78
16 1201   -0.0358372 -0.0321766 962.541
16 1212   0.00574957 0.0249547 880.181
16 1213   0.00568816 0.0326506 682.36
16 1237   -0.0209793 -0.0297247 969.088
16 1238   -0.0161812 -0.0322247 969.422
16 1239   -0.0136855 -0.0291741 969.074
16 1240   -0.0197211 -0.0222247 966.158
16 1241   -0.0222325 -0.0247247 967.114
16 1242   -0.0144164 -0.0241741 962.897
16 1243   -0.0166093 -0.0222247 964.193
16 1271   -0.0511395 0.0177503 966.065
16 1272   -0.045797 0.0168071 965.792
16 1273   -0.048518 0.0154677 968.988
16 1274   -0.0314853 0.033529 968.986
16 1275   -0.0280961 0.031029 969.335
16 1276   -0.0295218 0.0280869 967.853
16 1277   -0.0347938 0.0322114 965.087
16 1278   -0.0333279 0.0277983 967.203
16 1279   -0.0352107 0.0294227 968.676
16 1332   0.00568722 -0.0321686 682.933
16 1333   0.00568722 -0.0293372 715.274
16 1354   -0.000672809 0.0270224 923.969
16 1355   -0.00062257 0.0335014 821.254
16 1356   -0.00377953 0.0319757 911.484
16 1357   0.00300111 0.0311521 736.412
16 1358   0.00306252 0.0281549 837.051
16 1360   0.00496958 -0.011493 861.806
16 1361   0.00478029 -0.0115922 893.858
16 1364   -0.0511076 -0.0172531 967.4
16 1365   -0.0499364 -0.0144632 969.143
16 1366   -0.0473728 -0.0139264 966.141
16 1367   -0.0457592 -0.0159644 964.412
16 1383   -0.041151 -0.0323017 912.936
16 1384   -0.0399466 -0.0296034 951.225
16 1385   -0.0455656 -0.0310093 831.625
16 1386   -0.0445721 -0.0336508 804.432
16 1387   -0.0418698 -0.0254497 967.928
16 1388   -0.043995 -0.0283394 919.016
16 1389   -0.041797 -0.0282826 947.565
16 1390   -0.0497789 0.0215408 946.483
16 1391   -0.0497789 0.0194602 961.48
16 1392   -0.0470578 0.0187191 969.123
16 1393   -0.0458234 0.0224805 963.974
16 1394   -0.0444628 0.0210696 967.815
16 1395   -0.0477381 0.0215051 958.199
16 1396   -0.0463776 0.0200942 968.767
16 1435   -0.0499782 0.00575631 957.971
16 1436   -0.0499782 0.0107565 963.991
16 1544   -0.0482024 -0.0232908 937.638
16 1545   -0.0438946 -0.0209983 960.893
16 1546   -0.0487468 -0.0197661 963.611
16 1547   -0.045962 -0.0190142 969.02
16 1548   -0.0436437 -0.0239943 966.716
16 1549   -0.0451666 -0.0255349 942.657
16 1561   -0.034653 -0.0252538 947.499
16 1562   -0.0343341 -0.0277538 967.485
16 1563   -0.0383382 -0.0254001 942.871
16 1564   -0.036653 -0.0241242 900.675
16 1565   -0.0360877 -0.0293532 968.364
16 1566   -0.0380918 -0.0281291 968.612
16 1576   0.00597075 -0.0111486 777.268
16 1579   0.00545951 -0.0115041 819.913
16 1580   0.00589347 -0.011624 832.377
16 1600   -0.0399782 0.0107549 947.242
16 1601   -0.0399782 0.00575143 952.899
16 1610   -0.00561201 0.0257474 968.237
16 1611   -0.00684548 0.0277036 967.438
16 1612   -0.00327444 0.0275156 948.073
16 1613   -0.00450791 0.0294718 939.481
16 1624   0.00681566 -0.019847 920.529
16 1625   0.00612939 -0.0171337 934.74
16 1626   0.00544506 -0.0185434 934.475
16 1642   0.00686867 -0.0146388 921.024
16 1643   0.00686867 -0.0136332 911.78
52 231   -0.00288917 -0.0047386 963.98
52 232   -0.00284743 0.00240749 956.519
52 233   0.00103516 0.00466213 965.786
52 234   -0.00283834 -0.00232954 958.035
52 235   -0.00476957 0.00131281 945.374
52 236   -0.00475804 -0.00111668 948.571
52 237   -0.000877265 -0.0011631 959.247
52 238   0.00105703 0.0022687 960.549
52 239   -0.000874819 0.00114445 959.05
52 240   0.00504898 0.00450707 957.017
52 241   0.00101593 -0.00227449 960.316
52 242   0.00285402 0.00113136 955.702
52 243   0.00281537 -0.00110427 954.857
52 244   0.00464661 0.00218808 951.379
52 245   -0.000765149 0.00561985 968.246
52 246   -0.00271589 0.00448946 962.959
52 247   0.00452555 -0.00216726 946.77
52 248   0.00611946 -0.00105265 932.704
52 249   0.00620187 0.00106705 939.173
52 250   0.00778857 0.00228428 940.329
52 251   -0.00812825 -0.000925457 922.197
52 252   -0.00641504 -0.00205444 943.053
52 253   -0.00458371 -0.00567862 963.093
52 254   0.00458276 -0.00414673 951.875
52 255   -0.00570347 0.00568729 944.769
52 256   0.00898785 0.00127211 918.364
52 257   0.00675489 0.00507 947.843
52 258   -0.00398065 0.0056065 964.003
52 259   0.00181551 0.00890072 968.806
52 260   -0.00902905 -0.00218443 937.031
52 261   -0.00101257 0.00723268 969.275
52 262   -0.00662718 -0.00372632 948.175
52 263   -0.00484182 -0.00729038 968.216
52 264   -0.00601189 -0.00491036 953.596
52 265   0.000481774 0.00902773 967.453
52 266   -0.00223355 -0.0088785 969.01
52 267   -0.000435741 0.00843937 966.474
52 268   0.00793923 0.00396824 947.814
52 269   -0.00428906 -0.0083064 969.275
52 270   0.00744078 0.00620735 938.408
52 271   0.000209103 0.0106376 962.698
52 272   -0.00195311 -0.0103598 967.784
52 273   -0.0033639 -0.00879711 968.555
52 274   0.00114376 0.0112171 964.834
52 275   -0.0062877 -0.00743613 964.938
52 276   -0.00525527 -0.00933397 957.327
52 277   -0.00789762 -0.00408665 943.746
52 278   -0.00695949 -0.0058693 947.273
52 279   -0.0037455 -0.0101579 958.545
52 280   -0.0015278 0.00924769 953.88
52 281   -0.00243112 0.00876645 942.43
52 282   -0.00697719 -0.00678332 952.748
52 283   0.00231961 -0.00997332 934.852
52 284   -0.00858628 -0.00367374 956.23
52 285   -0.00126211 0.0107835 960.893
52 286   0.00904616 0.00450941 928.708
52 287   0.00179355 -0.0108118 957.68
52 288   -0.00164232 0.0100515 950.716
52 289   -0.00304845 0.00931492 910.484
52 290   -0.00781809 -0.00564729 930.413
52 291   -0.00814094 -0.00504868 929.727
52 292   -0.00190379 0.0113385 965.347
52 293   -0.00926046 -0.00441312 935.14
52 294   0.00307316 -0.0100714 900.833
52 295   0.00853833 0.00576351 910.005
52 296   -0.00779282 -0.00706647 938.375
52 297   0.00895939 0.00516732 908.089
52 298   -0.00808608 -0.00765703 941.77
52 299   -0.00235838 0.0102645 934.665
52 300   -0.00286119 0.0100092 909.537
52 301   -0.00245462 0.0109211 949.298
52 302   0.00220924 -0.0113201 964.66
52 303   -0.00833918 -0.00618118 913.609
52 304   0.009089 0.00681423 875.043
52 305   -0.00883506 -0.00525525 910.744
52 306   -0.00400668 0.0100552 841.604
52 307   -0.0082962 -0.00668634 916.172
52 308   -0.00926592 -0.00503261 907.076
52 309   -0.00888448 -0.00693686 894.689
52 310   0.00276186 -0.0110798 947.695
52 311   0.00309971 -0.0106696 903.852
52 312   0.00948132 0.00535491 880.068
52 313   0.00893899 0.00609344 889.824
52 314   -0.00288509 0.011045 938.501
52 315   -0.00925628 -0.00668857 849.764
52 316   0.00909613 0.00639312 867.295
52 317   -0.00367714 0.0103444 851.028
52 318   -0.00972672 -0.00539989 865.12
52 319   -0.00883175 -0.00606429 897.699
52 320   -0.00324162 0.0103361 886.779
52 321   -0.00900478 -0.00573697 894.767
52 322   0.00302096 -0.0113446 959.63
52 323   0.00350224 -0.0107482 861.388
52 324   -0.00963151 -0.00672553 765.613
52 325   -0.00967996 -0.00573909 817.399
52 326   -0.00316927 0.0107154 895.5
52 327   -0.00916057 -0.00632116 865.722
52 328   0.00979844 0.00532985 856.104
52 329   0.00380791 -0.0106002 831.127
52 330   0.00934335 0.00578879 859.279
52 331   0.00952307 0.00689119 801.335
52 332   -0.00300576 0.0113561 959.821
52 333   -0.00938888 -0.00585353 852.18
52 334   0.00955493 0.00623327 780.75
52 335   0.00960529 0.00594478 793.794
52 336   -0.003761 0.01068 829.022
52 337   -0.0094449 -0.00616282 816.582
52 338   -0.00345492 0.0108363 862.716
52 339   0.00986989 0.0058588 759.178
52 340   0.00977567 0.00660064 729.272
52 341   -0.00331695 0.0112342 918.1
52 342   0.00337099 -0.0112024 905.722
52 343   -0.00990269 -0.00593132 753.962
52 344   -0.00393954 0.0108056 798.635
52 345   -0.00975526 -0.00644303 728.815
52 346   -0.00966437 -0.00624772 756.315
52 347   -0.00348192 0.0110441 859.956
52 348   0.00976539 0.00631228 726.8
52 349   0.00351442 -0.0110162 856.452
52 350   0.00992507 0.00567776 788.549
52 351   0.00396438 -0.0107919 799.093
52 352   -0.0034519 0.0113578 919.596
52 353   0.00983515 0.00644039 713.654
52 354   -0.00983108 -0.00613066 731.184
52 355   0.0100388 0.00598558 720.983
52 356   -0.00994631 -0.00639405 699.548
52 357   -0.0100753 -0.00593801 737.932
52 358   -0.00367294 0.0110751 810.488
52 359   -0.00382448 0.010993 787.15
52 360   0.00370277 -0.0110579 807.778
52 361   0.0038978 -0.0109749 780.942
52 362   0.0100391 0.00610953 703.913
52 363   0.0099593 0.00620412 702.361
52 364   -0.00996685 -0.006222 703.101
52 365   -0.00368996 0.0112055 786.8
52 366   0.00382363 -0.0110459 778.789
52 367   0.0100549 0.00637287 687.004
52 368   -0.0100489 -0.00641563 688.121
52 369   -0.00363389 0.0112981 810.113
52 370   0.0100742 0.00628028 686.309
52 371   0.00369269 -0.0111859 791.805
52 372   -0.00390522 0.0110703 757.509
52 373   -0.0100655 -0.0061806 697.669
52 374   -0.0101024 -0.00609596 707.223
52 375   0.0101706 0.00613837 694.277
52 376   0.00386988 -0.0111634 726.269
52 377   -0.0037104 0.0113586 732.813
52 378   -0.0101424 -0.00630795 679.067
52 379   -0.010128 -0.00622904 687.618
52 380   -0.0101542 -0.00626635 680.864
52 381   0.00384955 -0.0113632 2.95804
52 533   0.00243469 0.00587946 967.297
52 534   0.00403434 0.00580811 965.094
52 535   0.00254495 0.00791686 969.575
52 536   0.00373833 0.00827262 969.334
52 537   0.00455086 0.0074184 968.827
52 538   0.00545568 0.00798399 969.323
52 539   0.00621907 0.00960634 933.69
52 540   -0.00603829 -0.00914427 958.032
52 541   -0.00651797 -0.00826245 969.033
52 542   -0.0064053 -0.00962143 929.876
52 607   0.00362588 -0.0112771 823.171
52 608   0.00349252 -0.0113352 909.978
52 641   -0.000353535 0.0112645 955.285
52 642   -0.000792706 0.0111949 964.927
52 654   0.00118412 -0.011215 965.089
52 716   -0.00152401 -0.00594832 968.156
52 717   -0.00153544 -0.00798575 969.491
52 718   0.000222668 -0.00934327 964.82
52 719   0.000313746 -0.00752592 969.332
52 720   -0.000457565 -0.00837257 968.767
52 721   0.00113739 -0.00807428 966.419
52 722   0.00204092 -0.0093498 943.927
52 723   0.00108585 -0.00906323 960.55
52 724   0.000771847 -0.004037 964.291
52 725   -0.000440413 -0.00531643 967.518
52 726   0.000319463 -0.0065072 969.455
52 727   0.00324868 -0.00481107 962.967
52 728   0.00177197 -0.0045972 965.209
52 729   0.00129148 -0.00585837 968.77
52 730   0.00395505 -0.00672691 969.058
52 731   0.00332397 -0.00587007 967.257
52 732   0.0022272 -0.00625159 969.292
52 733   0.0031821 -0.00729065 967.165
52 734   0.00184687 -0.00783318 965.151
52 735   0.00231078 -0.0070644 969.116
52 736   0.00307294 -0.00793888 954.617
52 737   0.00253907 -0.00880691 938.747
52 738   0.00229349 -0.00827924 955.45
52 739   0.00414095 -0.0083441 891.36
52 740   0.00346947 -0.00822473 936.65
52 741   0.00316756 -0.00870837 922.754
52 742   0.00441481 -0.00920389 828.716
52 743   0.0041316 -0.00879191 850.259
52 744   0.00358291 -0.00893638 893.616
52 745   0.00407871 -0.009519 850.648
52 746   0.00348457 -0.00976181 879.66
52 747   0.00364454 -0.00934885 878.937
52 749   0.00416934 -0.00986504 840.57
52 750   0.00398742 -0.0103516 832.022
52 751   0.00386777 -0.010072 850.173
52 787   0.00367309 -0.011356 796.217
52 788   0.00707357 0.00709132 953.033
52 789   0.00627786 0.0078206 967.798
52 790   0.00870058 0.00715812 907.733
52 791   0.00793984 0.00729103 938.402
52 792   0.00880413 0.00761525 915.68
52 793   0.00845931 0.00801188 943.158
52 821   -0.00387341 0.0111577 727.755
52 822   -0.00386283 0.0112545 590.912
52 823   -0.00378276 0.0112237 724.968
52 824   -0.00383662 0.0111977 710.569
52 825   -0.00376568 0.0113344 581.665
52 826   -0.00378197 0.0112921 643.397
52 827   -0.00381247 0.0112991 531.197
52 828   -0.00383947 0.0112874 507.534
52 829   0.010153 0.00624629 681.053
52 830   0.0101697 0.00619896 686.359
52 832   0.0101904 0.00627365 674.992
52 833   0.0102064 0.00620952 684.379
52 834   0.0102013 0.00624356 677.785
52 836   0.0102281 0.00620599 686.463
52 846   -0.00895698 -0.00732275 900.072
52 847   -0.00866196 -0.00766279 921.566
52 880   -0.0102511 -0.00623252 846.414
52 885   -0.0102139 -0.00624979 678.594
52 886   -0.0102065 -0.00625835 677.357
52 894   -0.0061331 0.00697817 950.244
52 912   0.00679394 0.00834017 969.02
52 913   0.00797114 0.00820233 959.517
52 914   0.00755522 0.00793861 959.737
52 915   0.00730955 0.00898122 968.44
52 916   0.00679829 0.00880706 968.006
52 917   0.00660667 0.00922911 950.823
52 920   0.00726381 0.00932017 954.615
52 921   0.00697203 0.00948637 922.432
52 935   -0.00777791 -0.00808119 959.031
52 936   -0.00712482 -0.00829871 967.734
52 937   -0.00682508 -0.00921055 953.505
52 938   -0.00706492 -0.00876964 969.261
52 939   -0.00739457 -0.00892491 969.462
52 942   -0.00730088 -0.0092825 960.845
52 943   -0.00700858 -0.00944913 929.643
52 961   -0.00772112 -0.00881615 969.416
52 962   -0.00804456 -0.00844336 963.794
52 1030   -0.00335796 -0.0108502 966.146
52 1031   -0.00269592 -0.0109707 968.822
52 1034   0.00200401 0.0107433 967.813
52 1035   0.00240309 0.0100368 967.379
52 1036   0.00338145 0.0104575 963.463
52 1038   0.00331272 0.0111038 967.836
52 1039   0.00265201 0.0112243 969.276
52 1048   0.00782892 0.00865405 969.038
52 1049   0.00761332 0.00890205 968.586
52 1055   -0.00435564 -0.0105332 924.39
52 1057   -0.00474537 -0.010311 933.829
52 1058   -0.00513511 -0.0100888 934.95
52 1062   0.00400359 0.0102311 951.978
52 1063   0.00414823 0.00921797 965.092
52 1064   0.00550468 0.00964574 946.068
52 1065   0.00506574 0.00896502 965.154
52 1067   0.00445974 0.0107063 911.811
52 1068   0.00484879 0.0104847 923.468
52 1069   0.00523784 0.0102631 925.297
52 1177   0.00373965 -0.0113262 695.745
52 1253   -0.00543427 0.00754292 967.82
52 1368   -0.00358238 0.0091439 886.812
52 1369   -0.00393447 0.00956123 856.972
52 1372   -0.00444072 0.00903543 826.885
52 1373   -0.00432826 0.00934441 836.812
52 1458   0.00591437 -0.00466665 939.161
52 1459   0.00764571 -0.00545104 914.272
52 1460   0.00825109 -0.00441723 907.255
52 1461   0.00747285 -0.00382679 912.9
52 1462   0.00686647 -0.00587097 921.15
52 1463   0.00591336 -0.00567703 944.266
52 1465   0.0068713 -0.0066129 921.393
52 1466   0.00640541 -0.0069894 944.179
52 1480   0.00473964 -0.00683278 967.426
52 1481   0.00592885 -0.00689243 954.672
52 1482   0.00544164 -0.00632199 957.005
52 1483   0.00558477 -0.00741154 965.719
52 1484   0.00464982 -0.00811059 934.05
52 1485   0.0048721 -0.00744887 968.538
52 1487   0.00512953 -0.00826152 955.016
52 1488   0.00559543 -0.00788502 968.806
52 1496   0.00382603 -0.0112118 703.092
52 1497   0.0037697 -0.0112224 740.942
52 1498   0.00376944 -0.0112838 683.484
52 1499   0.00385678 -0.0112961 437.84
52 1500   0.00380709 -0.0112884 588.555
52 1501   0.00386597 -0.0112708 538.308
52 1502   0.0038424 -0.0112635 599.363
52 1503   0.00381301 -0.0113082 499.413
52 1504   0.00383913 -0.0113085 413.92
52 1507   0.00375998 -0.0113598 570.846
52 1509   0.00378881 -0.0113468 438.675
52 1510   0.00380256 -0.0113276 451.143
52 1511   0.00383954 -0.0113254 304.887
52 1512   0.0038196 -0.0113348 322.136
52 1514   0.00385005 -0.0113326 193.025
52 1515   0.00384495 -0.0113466 44.7272
52 1550   -0.00331661 0.00680279 969.557
52 1551   -0.00262576 0.00802403 955.728
52 1552   -0.00229927 0.00729859 967.728
52 1553   -0.00385036 0.00724593 968.709
52 1554   -0.00343584 0.00781054 954.584
52 1555   -0.00476111 0.00820172 938.723
52 1556   -0.0047111 0.00752876 968.535
52 1557   -0.00423967 0.00849029 868.001
52 1558   -0.00377512 0.00838193 916.288
52 1604   0.00911723 -0.0004942 900.118
52 1606   0.00783553 -0.00160173 912.336
52 1607   0.00841638 -0.00275612 900.899
52 1614   -0.00621578 0.00250149 931.669
52 1615   -0.00834378 0.00399682 903.45
52 1616   -0.00654019 0.00463316 927.304
52 1617   -0.00773841 0.00503063 915.975
52 1618   -0.00820301 0.000592331 910.595
52 1619   -0.0091328 0.0016902 901.483
52 1620   -0.00725179 0.00183312 918.962
52 1621   -0.00818158 0.00293099 902.453
52 1650   -0.00385202 0.0113139 340.157
52 1656   0.00379909 -0.0113643 277.5
52 1658   0.0102199 0.00625724 674.101
52 1660   0.0102284 0.006225 683.109
52 1661   0.0102376 0.00624572 677.093
52 1662   0.0102254 0.0062422 677.528
52 1663   0.0102496 0.00623502 697.05
52 1664   0.0102398 0.00622306 686.243
52 1665   0.0102425 0.00623362 686.347
52 1677   3.26895e-05 -0.0101512 963.864
52 1678   -4.54812e-05 -0.0115697 947.912
52 1679   0.000565142 -0.0108979 962.655
52 1680   0.000236718 -0.0115247 962.681
52 1681   -0.00084862 -0.0114717 963.024
52 1682   -0.00109887 -0.0106801 966.254
52 1696   -0.0101724 -0.00610358 705.766
52 1699   -0.0101664 -0.00619037 691.81
52 1700   -0.010174 -0.00614956 698.778
52 1701   -0.0102061 -0.00615429 699.606
52 1702   -0.0102288 -0.00620566 693.885
52 1703   -0.0101903 -0.00620342 689.814
52 1704   -0.0102067 -0.00618678 694.562
52 1705   -0.0102079 -0.00622981 684.687
52 1706   -0.010234 -0.00622539 714.899
52 1707   -0.0102295 -0.00623289 686.04
52 1713   -0.003788 0.0113618 378.69
52 1718   -0.00381103 0.0113312 396.586
52 1719   -0.00380285 0.0113517 329.785
52 1720   -0.00381985 0.0113645 76.6605
52 1721   -0.00384052 0.0113291 256.201
52 1722   -0.00382653 0.0113348 291.104
52 1723   -0.00383002 0.0113534 85.4365
52 1724   0.00382021 -0.0113471 212.462
52 1725   0.00381345 -0.0113574 181.611
52 1726   0.00383504 -0.0113517 52.6076
52 1729   -0.00384725 0.0113419 106.625
52 1730   -0.00384176 0.0113539 31.3584
52 1731   -0.00384424 0.0113635 5.67667
52 1738   0.00382304 -0.0113644 63.7893
52 1741   0.00383378 -0.0113611 17.2068
52 1742   0.00384137 -0.0113645 4.06938
end
