697
16 248   -0.0449779 0.00318595 908.963
16 249   -0.045157 -0.00300326 908.972
16 250   -0.0477803 -0.0217979 799.311
16 251   -0.0411387 -0.00655281 911.371
16 252   -0.0435112 -0.0297251 719.401
16 253   -0.0497157 -0.0177642 854.049
16 254   -0.000142959 0.0239013 747.464
16 255   -0.0384817 -0.00727769 914.405
16 256   0.00451384 -0.0226625 763.104
16 257   -0.00181082 0.0214947 847.695
16 258   0.00389749 0.0184764 734.783
16 259   0.00111555 -0.0181012 879.048
16 260   -0.000881179 0.0185347 839.433
16 261   0.00313846 -0.019408 857.958
16 262   0.00114726 0.0175548 763.038
16 263   0.00538324 -0.0178015 891.411
16 264   0.00675863 -0.0226524 753.565
16 265   -0.00275342 0.0173171 900.625
16 266   0.00174586 -0.0157707 897.487
16 267   0.000621247 -0.0142968 879.628
16 268   0.00675863 -0.0191486 859.319
16 269   0.00533611 -0.0157287 925.912
16 270   0.00156189 0.0154984 738.398
16 271   -0.00287987 0.0156185 903.751
16 272   0.00372164 -0.0150047 925.177
16 273   0.00375364 0.0135572 718.432
16 274   0.00347665 0.0151298 727.978
16 275   -0.0057567 0.0156193 961.266
16 276   -0.00437095 0.0151622 941.925
16 277   0.00605943 -0.0130759 956.102
16 278   -0.00423111 0.0139436 948.681
16 279   0.00502511 -0.0130285 964.781
16 280   0.00638537 -0.0122316 867.365
16 281   -0.00488344 0.0134776 966.977
16 282   -0.00563008 0.0136179 969.059
16 283   0.00683484 -0.0119039 827.977
16 284   -0.00724133 0.0121912 853.915
16 285   -0.00686353 0.0128737 925.524
16 286   -0.00582874 0.0128691 946.81
16 287   -0.00475616 0.0127043 967.125
16 288   -0.00630349 0.0126155 910.403
16 289   -0.00430721 0.0123164 965.072
16 290   -0.00686407 0.0116867 810.467
16 291   -0.00532057 0.0124204 927.245
16 292   0.00729741 -0.0119075 829.324
16 293   -0.00630403 0.0119451 832.649
16 294   0.00729741 -0.0111326 773.17
16 295   -0.00532634 0.0119269 847.627
16 296   0.00569699 -0.0117863 797.56
16 297   -0.00597355 0.0116393 792.524
16 298   0.0065557 -0.0109528 780.473
16 299   0.00641791 -0.0113018 777.132
16 300   -0.00562316 0.0116807 791.799
16 301   -0.00472096 0.0116861 850.383
16 302   -0.00440596 0.0118511 921.454
16 303   -0.005019 0.0116626 811.849
16 304   0.0056817 -0.0113653 720.551
16 305   0.00602853 -0.011169 744.938
16 306   0.00577811 -0.011179 687.182
16 307   0.00626491 -0.0107683 784.856
16 308   -0.00547736 0.0113318 712.386
16 309   -0.00514199 0.0113681 738.467
16 310   0.00599773 -0.0109083 746.215
16 311   0.00539998 -0.0112361 638.465
16 312   -0.00556474 0.0111533 649.409
16 313   -0.00530353 0.0112835 681.968
16 500   0.00535685 0.0205018 719.222
16 502   0.00353692 0.0232348 709.758
16 503   0.00568006 0.0253855 692.202
16 513   -0.0051297 -0.0128389 747.534
16 514   -0.00631208 -0.0138861 815.63
16 515   -0.00572642 -0.0117626 752.691
16 516   -0.00690881 -0.0111431 835.46
16 517   0.00489096 0.0124845 740.362
16 518   0.00607334 0.0129618 763.868
16 519   -0.0443267 -0.0225631 852.17
16 520   -0.042988 -0.0255765 815.917
16 529   -0.0497787 0.0184183 842.806
16 530   -0.04731 0.0259417 724.547
16 531   -0.0511394 0.0239911 726.907
16 532   -0.0484181 0.0211677 806.388
16 533   -0.0440347 0.0244651 819.095
16 534   -0.0451427 0.0217716 853.98
16 535   0.00733761 -0.0102519 573.506
16 536   0.00681025 -0.0106983 790.519
16 537   0.00713503 -0.0106949 750.713
16 546   -0.00732625 0.0334772 757.887
16 547   -0.0100073 0.0304317 830.567
16 548   -0.00292769 0.0307225 714.257
16 549   -0.00297396 0.027273 751.37
16 550   -0.00615131 0.0267803 843.776
16 551   -0.00878614 0.0271842 868.254
16 553   -0.0410054 0.0310468 739.131
16 554   -0.0391945 0.0336823 744.988
16 555   -0.0387128 0.0282581 838.128
16 574   -0.00460332 -0.0304437 756.799
16 575   -0.0100802 -0.0305262 840.093
16 576   -0.00736385 -0.0335087 772.489
16 577   -0.00876681 -0.0275025 867.607
16 578   -0.00587253 -0.02742 832.645
16 588   0.00154434 -0.0128938 900.621
16 589   0.00264591 -0.0130372 926.735
16 590   0.0036986 -0.0136742 948.153
16 591   0.00427875 -0.0132346 965.469
16 593   0.00274859 -0.0123762 934.945
16 596   0.0032427 -0.012296 954.755
16 604   -0.0360478 -0.0260352 901.168
16 605   -0.0326876 -0.0236772 915.047
16 610   0.00484325 -0.0123497 923.212
16 611   0.00431293 -0.0121985 929.456
16 612   0.00479383 -0.0117501 820.67
16 613   0.00533019 -0.0118577 813.671
16 614   0.00504819 -0.0120459 862.107
16 615   0.00497737 -0.0115557 774.646
16 616   0.00528051 -0.0113767 709.006
16 617   0.00519542 -0.0115773 767.594
16 618   0.00514353 -0.0113127 691.716
16 619   0.00498138 -0.0113976 740.555
16 635   -0.00733179 0.0103183 634.188
16 653   -0.0242348 0.0325 881.625
16 654   -0.02633 0.0225 904.93
16 655   -0.0297239 0.024558 906.481
16 656   -0.0221074 0.0247272 897.703
16 657   -0.0209212 0.0297272 886.367
16 658   -0.014322 0.0241817 902.678
16 659   -0.0161661 0.0322272 865.311
16 660   -0.0136774 0.0291817 870.926
16 662   -0.0195601 0.0222272 900.419
16 663   -0.0164336 0.0222272 903.08
16 672   -0.00400761 0.0221646 900.94
16 673   -0.0055171 0.0240784 896.453
16 675   -0.00183027 -0.0224318 861.718
16 676   -0.00113146 -0.0192928 878.286
16 693   -0.047157 0.0161293 889.81
16 694   -0.0473562 0.013037 898.068
16 695   -0.0423562 0.013037 914.851
16 696   -0.0386394 0.0173355 955.75
16 697   -0.0432963 0.0167981 911.568
16 698   -0.0410176 0.0154604 926.2
16 737   -0.001819 0.0147224 862.558
16 738   0.000316967 0.0135409 717.488
16 739   6.67353e-05 0.0146314 751.699
16 740   -0.00337633 0.0135761 920.969
16 741   -0.00199985 0.0131515 838.895
16 742   -0.00245529 0.0138985 888.732
16 744   -0.00253355 0.0124993 869.232
16 761   0.00671149 -0.0149213 950.711
16 762   0.00671149 -0.0138051 968.047
16 926   0.00690881 0.0108582 854.405
16 927   0.00690881 0.0119551 805.141
16 931   -0.0403084 -0.024248 901.325
16 932   -0.0379856 -0.0246223 913.204
16 933   -0.0371086 -0.0222643 954.972
16 939   -0.0411462 0.0249969 880.197
16 940   -0.0391985 0.0261903 882.719
16 946   -0.00538871 -0.0212365 935.483
16 947   -0.0038518 -0.0231715 886.852
16 948   -0.00513964 -0.0249822 876.69
16 975   -0.0400714 0.0190122 955.834
16 976   -0.0423501 0.0186832 919.587
16 977   -0.0429354 0.0206988 903.453
16 978   -0.0396829 0.0216245 941.997
16 979   -0.0414075 0.0226423 909.272
16 987   -0.00562328 -0.0156355 853.816
16 988   -0.00543359 -0.019415 936.754
16 989   -0.0068112 -0.0175828 915.811
16 990   -0.00319787 -0.0182111 888.528
16 991   -0.00338756 -0.0160983 843.595
16 992   -0.00328851 -0.012732 708.454
16 995   -0.00223517 -0.0142419 772.212
16 996   -0.000923092 -0.0136892 780.075
16 1008   0.00143029 0.0129422 699.526
16 1009   0.00274791 0.0127284 701.401
16 1019   -0.050157 -0.00544882 906.114
16 1022   -0.0485442 -0.0149833 889.431
16 1023   -0.0489855 -0.00941734 902.974
16 1024   -0.0513285 -0.0114736 896.281
16 1025   -0.0435751 -0.0109743 909.701
16 1026   -0.0464218 -0.0113932 903.774
16 1027   -0.0459806 -0.0144608 900.472
16 1028   -0.0421362 -0.0127693 913.89
16 1029   -0.0433703 -0.0152277 910.418
16 1030   -0.0396999 -0.0119603 919.244
16 1031   -0.0387182 -0.0134074 926.622
16 1032   -0.04237 -0.0198685 914.851
16 1033   -0.0420418 -0.0170892 920.664
16 1034   -0.0389928 -0.0207109 931.553
16 1035   -0.0405392 -0.0215623 939.419
16 1036   -0.0386079 -0.0180057 961.258
16 1037   -0.039826 -0.0160778 938.524
16 1059   -0.00424709 0.018646 931.058
16 1060   -0.00608384 0.0206946 942.395
16 1061   -0.00457164 0.0205334 935.597
16 1062   -0.00575929 0.0174045 960.611
16 1063   -0.0067439 0.0185166 962.97
16 1074   -0.0510348 0.0324944 672.057
16 1077   -0.0472054 0.029859 691.488
16 1078   -0.0442751 0.0323646 696.716
16 1084   -0.0461689 -0.032367 684.347
16 1092   -0.0113351 0.0229317 915.065
16 1093   -0.0100204 0.0209772 946.11
16 1094   -0.00946933 0.0246842 905.46
16 1095   -0.00749457 0.023505 922.488
16 1096   -0.00749729 0.0217525 946.068
16 1098   0.0045788 -0.0117068 829.997
16 1099   0.00430284 -0.0118514 873.984
16 1119   -0.0345585 0.021029 951.544
16 1120   -0.0329419 0.023087 921.531
16 1121   -0.0348522 0.0252982 909.126
16 1122   -0.0374426 0.0226435 951.577
16 1123   -0.0372196 0.0248548 912.447
16 1124   -0.00142463 -0.0305492 713.464
16 1125   -2.83906e-05 -0.0258804 750.819
16 1126   0.0034347 -0.0261738 712.902
16 1129   0.00385898 -0.0336142 675.537
16 1130   0.000217953 -0.0336142 691.351
16 1149   0.00022966 0.0322452 688.674
16 1152   0.0056832 0.0322561 671.694
16 1153   0.00386326 0.0295013 680.93
16 1181   -0.011715 -0.0230262 910.124
16 1182   -0.0094463 -0.0250025 901.506
16 1183   -0.007445 -0.0220797 946.224
16 1184   -0.00735524 -0.0240559 908.403
16 1226   -0.0505646 -0.0249962 716.199
16 1227   -0.0490994 -0.0299101 683.37
16 1228   -0.0510348 -0.0325431 671.905
16 1269   -0.00144273 0.0128314 769.022
16 1270   -0.000783924 0.0129383 730.042
16 1287   -0.00926817 -0.0210087 950.212
16 1288   -0.0114471 -0.0210087 922.809
16 1316   0.00567949 -0.0322284 672.514
16 1317   0.00567949 -0.0294568 680.557
16 1322   -0.0329988 -0.0212257 934.509
16 1323   -0.035482 -0.0212257 960.002
16 1407   -0.0242685 -0.0325 882.953
16 1408   -0.0294626 -0.0249514 904.309
16 1409   -0.0260491 -0.0225 904.372
16 1430   -0.00387506 0.01246 959.269
16 1431   -0.00344397 0.0129405 928.338
16 1432   -0.00305662 0.0126107 906.922
16 1435   -0.00332301 0.012157 917.922
16 1436   -0.00365242 0.0121036 944.417
16 1459   -0.00695453 0.0112512 784.991
16 1460   -0.00733179 0.0110089 769.579
16 1461   -0.00682717 0.0105827 791.315
16 1462   -0.00716359 0.0106367 755.492
16 1463   -0.00627748 0.0107779 789.835
16 1464   -0.00659769 0.0111152 783.166
16 1465   -0.00663854 0.010819 789.875
16 1466   -0.00608032 0.0112954 762.448
16 1467   -0.00631264 0.0111718 773.726
16 1468   -0.00616063 0.0109766 767.17
16 1469   -0.00571137 0.0111462 692.846
16 1470   -0.00589838 0.0111856 736.29
16 1471   -0.00595826 0.0110149 742.725
16 1473   -0.00582676 0.0109464 720.714
16 1474   -0.00571576 0.0110045 678.069
16 1480   -0.0405655 -0.0310371 748.586
16 1481   -0.0390492 -0.033679 747.546
16 1482   -0.0369431 -0.0284885 858.809
16 1511   -0.0499779 0.00574039 905.97
16 1512   -0.0499779 0.0107438 899.35
16 1523   -0.0399779 0.0107174 916.482
16 1524   -0.0399779 0.00566125 911.865
16 1530   -0.0071222 0.0135736 959.606
16 1532   -0.00636351 0.0140642 969.354
16 1533   -0.00674131 0.0148518 968.778
16 1543   0.00666453 0.0146233 752.286
16 1545   0.00520517 0.0157185 738.345
16 1546   0.00604064 0.0170089 734.434
16 1555   -0.031488 0.033529 854.022
16 1556   -0.028102 0.031029 881.812
16 1557   -0.0295277 0.028087 892.404
16 1558   -0.0347955 0.0322113 826.256
16 1559   -0.033331 0.0277982 891.638
16 1560   -0.0352128 0.0294225 860.123
16 1581   -0.0209829 -0.0297587 887.46
16 1582   -0.0147143 -0.0242762 900.772
16 1583   -0.0169633 -0.0222587 901.545
16 1584   -0.0198179 -0.0222587 899.976
16 1585   -0.0222103 -0.0247587 897.748
16 1586   -0.0162079 -0.0322587 870.174
16 1587   -0.013759 -0.0292762 874.188
16 1615   -0.0315297 -0.0337257 854.003
16 1616   -0.0281676 -0.0312257 881.83
16 1617   -0.0296512 -0.0286772 890.001
16 1618   -0.0337714 -0.0298562 866.267
16 1619   -0.034685 -0.0324048 826.896
16 1638   0.00401857 -0.0121468 954.851
16 1641   0.00380252 -0.012504 967.668
16 1642   0.00348975 -0.0122559 963.777
52 314   -0.00466295 0.0010945 788.292
52 315   -0.00666937 0.00219033 776.313
52 316   0.00530652 -0.00234969 795.701
52 317   -0.00261208 0.00223035 810.021
52 318   -0.00466277 -0.00122606 770.081
52 319   0.00334795 -0.00112105 796.184
52 320   0.00142441 -0.00447637 819.862
52 321   -0.00261195 -0.00226728 782.646
52 322   -0.000635665 -0.0011507 796.434
52 323   -0.000635607 0.00102638 800.062
52 324   0.00133974 -0.00224356 806.037
52 325   -0.00260897 -0.00444757 774.144
52 326   0.00331542 0.00101942 781.123
52 327   0.00129378 0.0042441 784.821
52 328   0.00130726 0.00207399 791.311
52 329   0.003544 0.00707917 758.267
52 330   -0.00670094 0.00438348 823.815
52 331   0.00320017 0.00509121 767.409
52 332   0.00513013 0.00210661 760.878
52 333   -0.0104903 0.00316419 723.063
52 334   -0.000511896 0.00519976 805.76
52 335   -0.00247489 0.00423362 831.422
52 336   0.00701464 -0.0014137 756.032
52 337   -0.00842917 0.00102379 730.87
52 338   0.00509813 -0.00438343 840.847
52 339   -0.00637511 -0.0022874 749.467
52 340   -0.00841153 0.00544218 813.72
52 341   0.00931652 -0.00363842 739.88
52 342   0.00502836 0.00400828 760.891
52 343   0.00873122 -0.00505397 782.992
52 344   0.000239444 0.0081547 755.715
52 345   -0.0101566 0.00149228 711.457
52 346   -0.000750975 0.00681944 805.469
52 347   0.00849685 -0.00211937 738.106
52 348   -0.0053225 0.00542371 872.915
52 349   -0.00377842 0.00529534 863.599
52 350   -0.00791354 -0.00172476 726.384
52 351   -0.00975192 0.00501556 750.522
52 352   0.00665574 0.0015261 743.307
52 353   -0.00861473 -0.000630311 716.818
52 354   0.00720183 0.000286369 737.512
52 355   -0.00838651 0.00715804 876.768
52 356   0.006208 -0.00541651 864.513
52 357   -0.00238395 0.00734998 868.024
52 358   0.00803454 0.00423321 762.586
52 359   0.0096294 -0.000856895 709.867
52 360   -0.0034484 0.006792 888.926
52 361   0.0073133 -0.00550399 848.862
52 362   -0.00734063 0.00768358 909.317
52 363   0.0108043 -0.00108056 700.347
52 364   -0.00258486 0.00855881 886.591
52 365   -0.00557661 0.00685049 903.605
52 366   0.0078151 0.00240764 727.478
52 367   0.00948806 0.000270696 705.759
52 368   -0.011213 0.000240648 699.537
52 369   0.0085427 0.000708291 714.571
52 370   0.00827935 0.00328907 739.587
52 371   0.00790926 -0.00756275 896.254
52 372   -0.00998219 -0.00108689 699.527
52 373   0.00571627 -0.00677113 901.972
52 374   -0.00449345 0.00741517 910.76
52 375   -0.010853 -0.000684422 697.324
52 376   -0.00626708 0.00749832 917.991
52 377   -0.00887605 -0.00261386 713.24
52 378   0.00725533 -0.00690801 894.763
52 379   0.00870225 0.00176648 710.86
52 380   0.00646426 -0.00739416 913.731
52 381   -0.00352921 0.00902134 937.327
52 382   0.010261 0.000962815 696.27
52 383   -0.00886086 -0.00337503 734.047
52 384   -0.00460289 0.00827066 936.033
52 385   0.00510295 -0.00840274 947.35
52 386   0.0110379 0.000954059 692.484
52 387   0.00949981 0.00211421 699.83
52 388   0.0114129 0.000424901 694.716
52 389   0.00941358 0.00339669 708.402
52 390   -0.00987423 -0.00337717 695.059
52 391   0.0114697 -0.00038859 695.762
52 392   0.00974689 0.00286298 695.505
52 393   0.00632296 -0.00819745 943.596
52 394   0.0101132 0.00174813 693.055
52 395   -0.00420291 0.00880079 947.688
52 396   -0.00589011 0.00836215 951.032
52 397   -0.0101081 -0.00186986 694.127
52 398   0.00480058 -0.00898799 962.752
52 399   -0.00970313 -0.00230239 697.347
52 400   -0.00530907 0.00856981 955.989
52 401   0.00577784 -0.008541 957.352
52 402   -0.0114786 -0.00120851 692.885
52 403   0.0106348 0.00211004 685.388
52 404   0.0103537 0.0029278 684.492
52 405   -0.00532498 0.00916673 968.928
52 406   0.0112849 0.00157926 687.401
52 407   0.00584734 -0.00913077 968.816
52 408   -0.00578267 0.00993654 865.701
52 409   -0.0106671 -0.00210001 686.595
52 410   0.00451611 -0.00995007 954.199
52 411   -0.010333 -0.00295891 685.118
52 412   -0.00461138 0.00932777 968.153
52 413   -0.0114423 -0.00172107 688.46
52 414   -0.0101467 -0.0026453 689.429
52 415   0.0106282 0.00254093 682.121
52 416   -0.00502726 0.00939455 967.658
52 417   0.0110295 0.00194992 684.246
52 418   0.00521418 -0.00939986 966.622
52 419   -0.00433755 0.00989786 964.631
52 420   -0.0113 -0.00198057 685.345
52 421   -0.0110245 -0.00210063 684.175
52 422   0.010638 0.00317352 679.66
52 423   0.00558605 -0.00940438 960.697
52 424   -0.00455056 0.00969666 966.349
52 425   0.0116124 0.00172884 686.048
52 426   -0.0105599 -0.00248311 684.336
52 427   0.00492767 -0.00991823 914.46
52 428   0.0051455 -0.00974692 933.43
52 429   -0.0051126 0.00976351 934.505
52 430   -0.00535247 0.00995718 868.044
52 431   0.011278 0.00221737 680.438
52 432   -0.00592874 0.0101859 806.755
52 433   0.0109622 0.00266928 677.295
52 434   -0.0107751 -0.00293455 678.323
52 435   0.00441298 -0.0102234 926.089
52 436   -0.00486544 0.00990061 928.585
52 437   0.00587569 -0.0101977 799.04
52 438   -0.0108003 -0.00265949 679.907
52 439   -0.011153 -0.00245875 679.149
52 440   0.0115157 0.00209858 681.994
52 441   0.0109663 0.00292621 675.557
52 442   -0.0115746 -0.0022601 682.443
52 443   -0.0110079 -0.00303031 674.736
52 444   -0.0049148 0.0101398 861.677
52 445   -0.0110361 -0.00263451 677.647
52 446   0.00501796 -0.0101744 832.384
52 447   -0.00479737 0.0102905 836.748
52 448   -0.00529156 0.0101916 797.672
52 449   -0.00565129 0.010387 731.106
52 450   0.0112748 0.00244072 677.627
52 451   0.0111699 0.0025812 676.277
52 452   -0.0113653 -0.00253223 677.494
52 453   -0.0115114 -0.00245363 679.435
52 454   0.0116298 0.00225876 680.529
52 455   -0.0054871 0.0104312 664.193
52 456   -0.00537445 0.0103479 735.956
52 457   -0.00510105 0.0102371 801.78
52 458   -0.00491067 0.0104808 758.213
52 459   0.0114522 0.00253106 676.098
52 460   -0.00511895 0.0103973 744.445
52 461   -0.005046 0.0104903 707.428
52 462   0.011565 0.00253189 676.636
52 463   0.0116163 0.00245282 678.093
52 464   -0.00524304 0.0104516 672.36
52 465   0.0114372 0.00266819 673.896
52 466   -0.0116273 -0.00256445 678.882
52 467   -0.0052514 0.01055 525.889
52 468   -0.00509916 0.0105995 550.756
52 469   -0.00543857 0.0105709 470.054
52 470   0.0115169 0.00273361 672.857
52 471   0.00529096 -0.0105739 456.354
52 472   0.0116276 0.0026504 675.58
52 473   0.0115944 0.00271499 674.148
52 474   -0.00518047 0.0106048 467.961
52 475   0.00536426 -0.010626 324.699
52 476   -0.011595 -0.00270687 676.467
52 477   -0.0116208 -0.00265721 677.639
52 478   -0.00530965 0.0105893 422.628
52 479   -0.00536197 0.0105899 410.055
52 480   -0.00546283 0.0106282 364.021
52 481   -0.00520133 0.0106682 322.344
52 482   -0.0052533 0.0106746 240.987
52 483   -0.00529069 0.0106505 280.702
52 484   -0.0116408 -0.00275937 677.296
52 485   -0.00531297 0.0107571 2.61939
52 486   -0.0116555 -0.00284454 854.015
52 492   -0.00718671 0.00889182 962.145
52 493   -0.00767234 0.00853969 928.634
52 494   0.00776269 -0.00846373 923.115
52 521   -0.0040369 -0.00559163 764.059
52 522   -0.0039141 -0.0074772 758.551
52 523   -0.00591352 -0.00726363 763.338
52 524   -0.00493641 -0.00795681 781.208
52 525   0.00598711 0.0069092 760.128
52 526   0.00501 0.00760237 778.968
52 552   -0.000537851 0.00926422 733.93
52 584   0.000154209 -0.00559223 797.463
52 585   -0.00125021 -0.00553537 777.968
52 586   0.000496574 -0.00726278 789.888
52 587   0.00023626 -0.00937257 725.138
52 606   -0.00349693 0.00964332 956.929
52 607   -0.0039524 0.00985571 968.392
52 640   -0.00525943 0.01071 109.625
52 680   0.00957113 -0.00604931 788.742
52 699   0.0014049 -0.00776414 815.692
52 700   0.0010267 -0.00904129 748.284
52 701   0.00141624 -0.00850515 797.567
52 703   0.00153064 -0.00948262 742.745
52 730   -0.00608051 -0.00394299 756.515
52 731   -0.00597492 -0.00632085 758.64
52 732   -0.00512061 -0.00512845 762.809
52 734   -0.00706482 -0.00589042 768.534
52 735   -0.00836538 -0.00424079 767.899
52 736   -0.00726929 -0.00463846 761.663
52 774   0.0116369 0.00276133 674.393
52 776   0.0116205 0.00279156 673.532
52 777   -0.00537304 0.0106457 283.242
52 778   -0.00540405 0.0106598 251.073
52 779   -0.00539041 0.0106918 116.988
52 780   -0.0053622 0.010693 104.461
52 781   -0.00532118 0.0106698 203.488
52 782   -0.0053512 0.0106644 220.891
52 783   -0.00534292 0.0107074 61.058
52 784   -0.00531971 0.0106968 98.5689
52 785   -0.00529535 0.010713 67.0929
52 786   -0.00530184 0.0107339 12.9872
52 787   -0.011152 -0.00290342 673.649
52 788   -0.0111549 -0.00278268 674.835
52 789   -0.0113776 -0.00269998 674.659
52 790   -0.0112842 -0.00277467 673.77
52 791   -0.0115323 -0.0027311 674.591
52 792   -0.0114544 -0.00273837 673.866
52 795   -0.0112798 -0.00295578 671.74
52 796   -0.0113971 -0.00293094 670.648
52 797   -0.0113213 -0.00284689 672.45
52 798   -0.0113199 -0.00290726 671.727
52 799   -0.0114177 -0.00288385 671.065
52 800   -0.0114195 -0.00280799 672.434
52 801   -0.0113798 -0.00284182 672.042
52 802   -0.0115052 -0.0028878 670.367
52 803   -0.0114579 -0.00282719 671.892
52 804   -0.0114568 -0.00287286 670.958
52 805   -0.0115315 -0.00279974 672.864
52 806   -0.011492 -0.00282621 671.845
52 807   -0.0115205 -0.00285807 670.997
52 808   -0.0115652 -0.00281385 672.933
52 809   -0.0115548 -0.00284934 671.414
52 810   -0.0116267 -0.00279081 676.764
52 811   -0.0115995 -0.00280512 674.477
52 814   -0.0116481 -0.00280343 678.835
52 829   0.00466926 -0.0103429 851.159
52 830   0.00492429 -0.0103007 806.928
52 831   0.00480106 -0.0103507 817.866
52 832   0.00486066 -0.0104882 766.926
52 833   0.00501041 -0.0103969 765.308
52 834   0.00495737 -0.0104796 745.862
52 837   0.00500285 -0.0105545 677.089
52 838   0.00672241 -0.00857569 956.348
52 839   0.0072125 -0.00864886 953.4
52 840   0.00620559 -0.00922692 966.776
52 841   0.00653553 -0.00901538 969.136
52 842   0.00642652 -0.00983172 885.517
52 843   0.00652547 -0.00954518 937.032
52 844   0.00625562 -0.00949842 946.663
52 845   0.00596441 -0.0100118 843.629
52 846   0.00619588 -0.00987789 876.316
52 847   0.00611745 -0.00969203 916.185
52 848   0.00571865 -0.00967984 924.22
52 849   0.00583772 -0.00990453 867.467
52 850   0.00593425 -0.00974727 905.524
52 851   0.00538091 -0.00984281 896.324
52 852   0.00566205 -0.00990298 869.368
52 853   0.00558218 -0.00977121 906.746
52 854   0.00553728 -0.00997809 850.413
52 855   0.00538427 -0.00997106 859.564
52 856   0.00519728 -0.0101827 805.956
52 857   0.00530584 -0.0100848 828.778
52 858   0.00531723 -0.0102965 761.266
52 859   0.0052159 -0.0102882 772.044
52 860   0.00534306 -0.0104173 676.326
52 861   0.00527784 -0.0104732 626.066
52 862   0.00509008 -0.0104041 746.412
52 863   0.00516726 -0.0103669 747.893
52 864   0.00520337 -0.0104312 699.682
52 865   0.00506069 -0.0105246 671.825
52 866   0.00515749 -0.0104799 672.305
52 867   0.00509487 -0.0104569 715.99
52 868   0.00511318 -0.0106297 484.309
52 869   0.00509719 -0.0105654 600.208
52 870   0.00514943 -0.0105298 612.45
52 871   0.00522688 -0.0105904 456.039
52 872   0.00517308 -0.0105677 536.38
52 873   0.00515775 -0.0106205 460.272
52 874   0.00521293 -0.01069 242.381
52 875   0.00523306 -0.0106371 356.105
52 876   0.00519004 -0.0106494 374.981
52 877   0.00529452 -0.0106815 169.209
52 878   0.00526218 -0.0106645 267.302
52 879   0.00524971 -0.010691 193.549
52 880   0.00529253 -0.0107048 87.2116
52 881   0.00527771 -0.0107283 37.3714
52 882   0.00526923 -0.0107082 103.219
52 883   0.00530531 -0.0107198 43.0215
52 884   0.00529673 -0.01073 22.8423
52 885   0.00531861 -0.0107543 3.40234
52 886   0.00531431 -0.0107452 5.85373
52 887   0.00530527 -0.0107421 8.45661
52 890   0.00727067 -0.00912513 968.901
52 891   0.00681297 -0.00945771 946.061
52 892   0.00687306 -0.00919941 968.521
52 893   -0.0062451 0.00881536 965.352
52 894   -0.00671096 0.0089837 967.176
52 895   -0.0058504 0.00925481 967.488
52 896   -0.00607345 0.00959922 935.237
52 898   -0.00676688 0.00945166 950.507
52 899   -0.00652406 0.00962772 924.834
52 997   -0.00311289 -0.00838836 740.567
52 999   -0.00187693 -0.0075906 755.057
52 1000   -0.000862057 -0.00818359 752.953
52 1001   -0.000938941 -0.0092843 739.916
52 1010   0.0026692 0.00834476 741.881
52 1011   0.00151012 0.00864771 747.513
52 1065   0.00861613 -0.00743026 881.207
52 1066   0.00899813 -0.00687788 848.5
52 1101   -0.00143135 0.00916941 755.537
52 1102   -0.00202701 0.0091062 794.673
52 1299   0.00243147 -0.00735288 871.729
52 1300   0.00446918 -0.00778422 918.747
52 1301   0.00467543 -0.00700721 904.347
52 1302   0.00386127 -0.00551248 869.878
52 1303   0.00279335 -0.00573566 857.113
52 1304   0.00296536 -0.00786626 893.732
52 1305   0.00362091 -0.00794717 908.939
52 1306   0.00211496 -0.0086784 847.212
52 1307   0.00263751 -0.00845078 889.521
52 1308   0.00252152 -0.00925377 881.077
52 1309   0.00192586 -0.00931698 780.287
52 1310   0.00212063 -0.00904891 832.866
52 1313   0.00247567 -0.00950604 829.19
52 1314   0.00217784 -0.00953764 779.002
52 1371   0.010716 -0.00343369 720.831
52 1372   0.0110712 -0.0021383 705.685
52 1380   -0.00462807 0.010296 874.476
52 1381   -0.00444193 0.0102092 930.319
52 1410   0.0061756 0.00484413 758.355
52 1411   0.00719192 0.00476814 761.043
52 1412   0.00630197 0.00610367 756.651
52 1415   0.00715105 0.00627615 770.084
52 1416   0.00748552 0.00577921 774.451
52 1437   0.00362084 -0.00857214 922.864
52 1438   0.00416674 -0.00899445 952.598
52 1439   0.00409563 -0.0095629 965.378
52 1440   0.00306835 -0.0087277 909.215
52 1441   0.00294669 -0.00916018 917.746
52 1444   0.00323891 -0.00948486 947.391
52 1445   0.00361724 -0.00966128 960.018
52 1669   -0.00534319 0.0107265 18.2921
52 1672   -0.0053231 0.0107497 3.54488
52 1673   -0.00532647 0.0107367 8.32666
52 1679   0.0116487 0.00279794 674.9
52 1682   0.0116405 0.00281305 674.605
52 1683   0.0116542 0.00282101 676.728
52 1696   0.0111317 0.00299033 673.183
52 1700   0.0113018 0.00295813 671.244
52 1701   0.0112215 0.00290136 672.548
52 1702   0.0112638 0.00274916 673.571
52 1703   0.0113537 0.00274581 672.919
52 1704   0.0114526 0.00290708 669.967
52 1705   0.0113715 0.00289778 670.888
52 1706   0.0113812 0.00283764 671.472
52 1707   0.0114988 0.00280001 671.437
52 1708   0.0114779 0.00286747 670.231
52 1709   0.0114466 0.00282642 671.107
52 1710   0.0115665 0.00286682 669.837
52 1711   0.011522 0.00285975 670.106
52 1712   0.0115381 0.00282235 670.987
52 1713   0.0115855 0.00284276 670.614
52 1714   0.0115945 0.00280807 672.037
52 1715   0.0115727 0.00281881 671.255
52 1716   0.0116243 0.00284709 671.405
52 1717   0.0116068 0.00284002 671.156
52 1718   0.0116078 0.00282402 671.929
52 1719   0.0116255 0.00282264 672.965
52 1720   0.0116465 0.00283081 676.091
52 1721   0.011632 0.00283932 672.578
52 1722   0.0116323 0.00283085 673.233
52 1723   -0.0115839 -0.00285837 671.345
52 1727   -0.0116257 -0.00284653 673.944
52 1728   -0.0116065 -0.00282484 674.139
52 1729   -0.0116013 -0.00284259 672.685
52 1730   -0.0116404 -0.00281626 678.966
52 1731   -0.0116357 -0.00283421 678.447
52 1732   -0.0116261 -0.00282336 676.27
52 1735   -0.011656 -0.00283723 748.894
52 1736   -0.0116519 -0.00282262 682.919
52 1737   -0.0116497 -0.0028317 693.436
52 1760   0.0116429 0.002842 673.646
52 1763   0.01165 0.00283751 677.577
52 1764   0.0116575 0.0028382 684.945
52 1776   0.00565887 -0.0102204 783.274
52 1777   0.00553535 -0.0100953 815.653
52 1778   0.00540975 -0.0102494 772.427
52 1779   0.00541698 -0.0101432 804.283
52 1780   0.00564442 -0.010454 684.592
52 1781   0.00562615 -0.0103325 748.726
52 1782   0.00549539 -0.0103136 747.146
52 1783   0.00553477 -0.0104728 636.146
52 1784   0.00541482 -0.0104591 630.948
52 1785   0.00547463 -0.0104026 693.312
52 1786   0.00543591 -0.0106185 361.989
52 1788   0.00551787 -0.0105525 519.202
52 1789   0.00544893 -0.0105482 500.1
52 1798   0.00536739 -0.0106781 166.142
52 1799   0.00533261 -0.0106897 114.748
52 1803   0.00535759 -0.0107162 48.451
52 1804   0.00534383 -0.0107262 20.3957
52 1812   0.00532245 -0.0107437 6.32316
52 1813   0.00533355 -0.0107337 11.2926
52 1814   0.005322 -0.0107304 15.1816
end
