868
16 286   -0.0449783 0.00325656 941.923
16 287   -0.0451578 -0.00292542 941.932
16 288   -0.0477787 -0.0217784 871.358
16 289   -0.0397978 -0.0323018 818.668
16 290   -0.0411405 -0.00645034 945.26
16 291   -0.0434988 -0.0296603 774.027
16 292   -0.0497154 -0.0177533 902.866
16 293   -0.000155292 0.0240101 831.022
16 294   -0.0384827 -0.00714097 948.658
16 295   0.00449125 -0.0226806 844.283
16 296   -0.00184456 0.0215784 907.577
16 297   0.00109707 -0.0179279 922.828
16 298   0.00304867 -0.0194641 911.353
16 299   0.00674228 -0.0226966 827.196
16 300   0.00158403 -0.0157827 943.802
16 301   -0.00583476 0.015869 962.895
16 302   -0.000166223 0.0144947 879.141
16 303   0.000883592 -0.014633 945.899
16 304   -0.00452266 0.0152952 968.67
16 305   -0.00455009 0.0140112 955.658
16 306   -0.00542863 0.0135072 914.884
16 307   0.00541989 -0.0120914 812.938
16 308   0.000171328 0.0133333 819.813
16 309   -0.0030507 0.0135678 968.798
16 310   -0.00392062 0.013438 953.063
16 311   0.00184473 -0.0137117 967.617
16 312   0.00501912 -0.0115296 778.147
16 313   0.00323578 -0.0122596 828.131
16 314   0.00306879 -0.0121403 790.793
16 315   0.0033928 -0.0120958 836.666
16 320   -0.00678505 0.0149702 943.851
16 321   -0.00635148 0.0138923 915.23
16 322   -0.00706643 0.013028 855.245
16 323   -0.00730294 0.0104454 600.683
16 326   0.00689116 -0.0125612 834.873
16 327   0.00631593 -0.0118823 789.331
16 328   0.00654127 -0.0109925 716.545
16 329   -0.0443193 -0.0225103 902.706
16 330   -0.0429696 -0.0254782 887.066
16 334   -0.0497789 0.0184201 898.266
16 335   -0.0511395 0.023992 778.29
16 336   -0.0484184 0.0211704 878.543
16 337   -0.0451432 0.0217753 904.331
16 346   -0.00732537 0.0334786 831.627
16 347   -0.0100023 0.0304359 895.978
16 348   -0.00292902 0.03078 757.916
16 349   -0.00297901 0.0273497 831.652
16 350   -0.00615438 0.0268119 902.149
16 351   -0.00878131 0.0271994 910.337
16 359   -0.0410054 0.0310472 810.348
16 360   -0.0391945 0.0336824 812.432
16 361   -0.0387126 0.0282586 899.382
16 371   -0.00461971 -0.0304447 838.616
16 372   -0.0101109 -0.0305272 900.228
16 373   -0.00737898 -0.0335091 852.28
16 374   -0.00880498 -0.0275041 909.634
16 375   -0.00589826 -0.0274216 898.478
16 385   -0.00184458 -0.0224123 909.982
16 386   -0.00108586 -0.0190688 917.032
16 387   -0.0026895 -0.0172137 912.245
16 388   -0.00224131 -0.0150362 892.203
16 391   -0.0329269 -0.0230776 955.13
16 394   -0.00677084 0.0121564 800.856
16 395   -0.00621908 0.0110133 737.765
16 396   -0.0072044 0.0115235 754.246
16 397   -0.00548341 0.0126785 862.243
16 398   -0.00611066 0.012192 813.856
16 399   -0.00536184 0.0114942 785.448
16 400   -0.00595303 0.0115266 776.834
16 401   -0.00501216 0.0124275 855.736
16 402   -0.00504822 0.0119086 814.967
16 403   -0.00418011 0.0127604 912.545
16 404   -0.00461972 0.0125091 876.818
16 405   -0.00383956 0.0125743 912.804
16 406   -0.0040016 0.0122185 892.439
16 407   -0.00375704 0.0120551 930.72
16 409   -0.00352747 0.0120923 899.541
16 434   -0.00270305 0.0129831 967.195
16 435   -0.00234698 0.0123165 954.921
16 439   -0.00403772 0.0222243 943.558
16 440   -0.00552383 0.0241182 934.975
16 462   -0.0471575 0.0161379 919.789
16 463   -0.0473569 0.0130556 928.446
16 464   -0.0423569 0.0130556 948.569
16 465   -0.043297 0.0168076 946.233
16 466   -0.0410181 0.0154681 957.919
16 479   0.000615249 -0.0128265 957.909
16 493   -0.0242327 0.0325 915.963
16 494   -0.0263259 0.0225 938.161
16 495   -0.0297218 0.024558 939.793
16 496   -0.022101 0.0247286 929.39
16 497   -0.0209169 0.0297286 918.77
16 498   -0.0142925 0.0241859 936.201
16 499   -0.0161633 0.0322286 909.293
16 500   -0.0136713 0.0291859 911.194
16 502   -0.0195421 0.0222286 933.111
16 503   -0.0163948 0.0222286 936.911
16 643   -0.0402673 -0.0240416 941.636
16 645   -0.0411462 0.0249987 915.892
16 646   -0.0391982 0.0261913 917.048
16 647   -0.00386702 -0.0231624 924.446
16 648   -0.00516291 -0.0249804 916.702
16 652   -0.0423506 0.0186869 954.196
16 653   -0.0429359 0.0207026 940.441
16 660   -0.0501578 -0.00542479 937.865
16 663   -0.0485443 -0.0149629 919.322
16 664   -0.0489868 -0.00938713 933.888
16 665   -0.0513289 -0.0114624 925.752
16 666   -0.0435771 -0.0109124 943.287
16 667   -0.0464234 -0.0113498 935.25
16 668   -0.0459809 -0.0144256 931.072
16 669   -0.0421376 -0.0127189 948.391
16 670   -0.0433703 -0.0151945 944.776
16 671   -0.039701 -0.0118717 953.25
16 672   -0.0387183 -0.0133467 958.248
16 673   -0.0423636 -0.0198187 952.71
16 674   -0.0420414 -0.0170655 955.359
16 676   -0.00578199 -0.0160274 898.839
16 677   -0.0044075 -0.017853 924.637
16 678   -0.0113064 0.0229359 951.292
16 679   -0.00946423 0.0246994 942.552
16 680   -0.00431698 0.0187386 967.779
16 681   -0.00460933 0.0205893 967.627
16 683   -0.00467381 0.0117308 806.906
16 703   0.00682889 -0.0108418 684.71
16 719   -0.0510348 0.0324945 674.105
16 726   -0.046168 -0.0323585 694.196
16 728   -0.032941 0.023087 954.69
16 729   -0.0348512 0.0252984 944.501
16 744   -0.0117957 -0.0230272 945.72
16 745   -0.00948355 -0.0250041 935.664
16 784   -0.00306023 0.0126951 943.557
16 785   -0.00306832 0.0121669 840.758
16 786   -0.00345659 0.0125982 920.069
16 787   -0.00338905 0.0122796 889.174
16 788   -0.0031831 0.0121482 849.176
16 789   -0.00257365 0.0123785 933.561
16 790   -0.0028114 0.0125047 932.818
16 791   -0.00294442 0.0122857 875.935
16 792   -0.00277996 0.0121476 845.493
16 793   -0.00263337 0.0121714 877.897
16 807   -0.00143233 -0.0305529 759.682
16 808   -4.04996e-05 -0.0258707 832.551
16 809   0.00342754 -0.0261696 756.331
16 811   0.000214284 -0.0336173 705.138
16 812   0.00385714 -0.0336173 679.396
16 817   0.000226517 0.0323013 699.767
16 864   0.00437672 -0.0124487 856.481
16 865   0.00355626 -0.0121425 860.196
16 866   0.00377416 -0.0122847 864.478
16 867   0.00392385 -0.012114 861.893
16 868   0.00379197 -0.0119578 907.979
16 869   0.00361991 -0.0119858 884.493
16 889   0.000196809 -0.0132933 936.735
16 890   -1.25135e-05 -0.0143854 924.769
16 891   -0.00104683 -0.0144983 902.886
16 893   -0.000489578 -0.0128714 896.182
16 894   -0.00116691 -0.0133528 877.356
16 895   -0.00166554 -0.012821 802.177
16 901   -0.0505633 -0.0249875 755.977
16 902   -0.0490982 -0.0299015 691.99
16 903   -0.0510349 -0.032543 673.861
16 928   0.00568292 0.0323722 673.306
16 929   0.00386068 0.0296735 687.059
16 932   0.00261773 0.0234632 757.08
16 933   0.00658888 0.0231393 721.952
16 934   0.00476664 0.0256963 706.513
16 935   0.00551443 0.0207089 749.798
16 936   0.00336552 0.0211035 776.614
16 937   0.00251854 0.0194671 810.446
16 938   -0.00065364 0.0194089 902.259
16 939   0.00109976 0.0189257 861.12
16 940   -0.00323575 0.0180693 956.017
16 941   -0.00100531 0.0173271 911.389
16 942   -0.00167926 0.0185354 921.749
16 943   -0.00194329 0.0166326 933.3
16 944   -0.00366882 0.0157856 966.964
16 945   -0.00315546 0.0169053 957.352
16 946   -0.00107156 0.0147407 914.056
16 947   -0.00179115 0.0155878 933.02
16 948   -0.00241751 0.0141465 959.038
16 949   -0.00264149 0.0150721 956.631
16 950   -0.00119343 0.0138986 918.154
16 951   -0.00168904 0.01382 940.432
16 952   -0.00139165 0.0128654 936.141
16 953   -0.00171314 0.013208 948.474
16 954   -0.0020668 0.0125594 967.945
16 955   -0.00209396 0.0129498 964.898
16 957   -0.00175947 0.0124119 962.005
16 958   -0.00146514 0.0124596 945.592
16 986   -0.0243043 -0.0325 916.707
16 987   -0.0297673 -0.0245518 940.24
16 988   -0.0264774 -0.0225 938.554
16 989   -0.0314998 -0.0335259 905.718
16 990   -0.0281593 -0.0310259 915.973
16 991   -0.0295514 -0.0280776 923.245
16 992   -0.0365906 -0.0308277 892.915
16 993   -0.0323921 -0.0291035 915.864
16 994   -0.0333917 -0.0320518 902.354
16 1084   -0.0385953 -0.0212163 869.247
16 1085   -0.039342 -0.0199614 900.732
16 1086   -0.0401359 -0.0220341 966.99
16 1087   -0.0408826 -0.0207792 966.336
16 1098   0.005089 0.0119144 737.806
16 1099   0.00588832 0.0190981 760.37
16 1100   0.00696277 0.0180388 762.691
16 1101   0.00322694 0.0174195 787.241
16 1102   0.00351978 0.0187273 786.469
16 1103   0.00474066 0.0187529 768.353
16 1104   0.00489945 0.0176745 768.284
16 1105   0.0045334 0.0158241 761.348
16 1106   0.00406939 0.0168962 771.269
16 1107   0.00544287 0.0160631 763.238
16 1108   0.00558929 0.017148 765.265
16 1109   0.00650495 0.0171672 765.451
16 1111   0.00704217 0.0162066 768.944
16 1112   0.00583711 0.0141527 760.488
16 1113   0.00715818 0.0146457 774.72
16 1114   0.00670035 0.015498 769.06
16 1115   0.0060167 0.0153737 764.46
16 1116   0.00718129 0.0132002 789.215
16 1117   0.00620205 0.0136617 767.133
16 1118   0.00683947 0.0140304 775.203
16 1119   0.00595268 0.0121259 766.962
16 1120   0.00622516 0.0129856 770.84
16 1121   0.00686258 0.0126774 791.364
16 1122   0.0062945 0.0116341 785.742
16 1123   0.00688569 0.0120012 806.43
16 1126   0.0072044 0.0115087 837.106
16 1133   0.00730825 -0.0103455 526.058
16 1136   0.00721238 -0.0108859 668.673
16 1137   0.00702064 -0.0104962 619.869
16 1139   -0.0370669 0.0218365 921.777
16 1140   -0.0410323 0.0218373 961.409
16 1141   -0.040351 0.0234415 950.039
16 1142   -0.038403 0.024634 948.803
16 1143   -0.0368437 0.0240479 961.335
16 1160   -0.00690881 -0.0115598 825.341
16 1164   -0.0072044 -0.0105715 880.079
16 1165   -0.00661321 -0.0108813 807.291
16 1218   -0.00695807 0.0111393 724.187
16 1219   -0.00705661 0.0107455 671.043
16 1220   -0.00656395 0.0110037 724.887
16 1222   -0.00656395 0.0106615 685.529
16 1223   -0.00676101 0.0105583 667.757
16 1226   -0.00815435 0.0218604 936.5
16 1227   -0.00815196 0.0236239 958.402
16 1228   -0.00683849 0.0234302 959.491
16 1231   0.00631762 0.010958 794.111
16 1232   0.00690881 0.0109867 843.904
16 1233   0.0072044 0.0104933 885.199
16 1270   -0.00576886 0.0211121 948.648
16 1271   -0.00642679 0.0203273 813.685
16 1272   -0.00651192 0.0220591 963.693
16 1273   -0.00716984 0.0212742 851.911
16 1274   -0.0081678 -0.0220475 957.578
16 1275   -0.00667528 -0.0240832 941.14
16 1276   -0.00808921 -0.0240244 947.703
16 1277   -0.00471173 -0.0213062 954.381
16 1278   -0.00624009 -0.0193108 956.726
16 1279   -0.0048656 -0.0194697 953.222
16 1280   -0.00606664 -0.0221858 966.703
16 1281   -0.00679318 -0.0211179 905.872
16 1350   -0.00675575 0.0192946 871.309
16 1351   -0.00654972 0.0170136 958.269
16 1352   -0.00580547 0.0182288 957.531
16 1363   -0.0335054 -0.0210259 965.525
16 1365   -0.0366331 -0.0224607 968.171
16 1366   -0.0374517 -0.0214348 883.611
16 1367   -0.0352135 -0.0215388 969.376
16 1368   -0.036032 -0.0205129 936.486
16 1405   -0.0386077 -0.0188336 934.4
16 1407   -0.039826 -0.0168983 966.975
16 1408   -0.0387183 -0.0155647 965.442
16 1417   -0.0109151 0.0209786 963.358
16 1418   -0.00907541 0.0209786 959.362
16 1419   -0.0042214 0.0120928 853.036
16 1420   -0.004517 0.011938 824.34
16 1421   -0.00449897 0.0121974 852.917
16 1424   -0.00416553 0.0118721 819.805
16 1425   -0.00431333 0.0117947 809.181
16 1428   -0.00930414 -0.0210091 967.078
16 1429   -0.0115376 -0.0210091 956.671
16 1430   -0.00578199 -0.0147774 862.241
16 1431   -0.00692733 -0.0138147 854.347
16 1432   -0.00515375 -0.012244 732.55
16 1433   -0.00633614 -0.0124578 798.085
16 1434   -0.00336813 -0.0143185 833.74
16 1435   -0.00458108 -0.013142 748.693
16 1436   -0.00461813 -0.0143185 820.149
16 1437   -0.00365123 -0.0127944 723.921
16 1438   -0.00233361 -0.0130082 778.127
16 1439   -0.00301094 -0.0134896 785.875
16 1442   -0.0033033 -0.0122596 705.469
16 1443   -0.00264449 -0.0123665 724.436
16 1448   -0.0334914 0.021029 965.06
16 1449   -0.0356248 0.021029 962.233
16 1454   -0.0386395 0.0165031 967.755
16 1457   -0.0406413 0.0185156 967.519
16 1458   -0.0392092 0.0176713 969.352
16 1459   -0.0380697 0.0186682 958.606
16 1460   -0.0398773 0.02032 957.122
16 1461   -0.0384451 0.0203091 824.313
16 1462   0.00417422 0.0149209 749.298
16 1463   0.00440536 0.012898 722.864
16 1464   0.00490409 0.0139389 744.214
16 1465   0.000442972 0.0152838 859.504
16 1466   0.00227218 0.0166678 803.113
16 1467   6.67973e-05 0.0167092 890.351
16 1468   0.00114625 0.0174342 857.093
16 1469   0.00311569 0.0148981 749.944
16 1470   0.00228811 0.0155857 782.456
16 1471   0.00153835 0.0149266 788.556
16 1472   0.00184581 0.0133352 718.925
16 1473   0.00194483 0.0142464 747.7
16 1474   0.00278704 0.0142316 735.963
16 1475   0.00348476 0.0129227 707.558
16 1476   0.00240485 0.013037 707.81
16 1477   0.0029712 0.0136039 719.019
16 1480   0.00324781 0.0123024 694.832
16 1481   0.002589 0.0124093 697.519
16 1514   0.004108 -0.0120685 822.121
16 1515   0.00452128 -0.0118875 796.18
16 1516   0.00439435 -0.0121482 824.59
16 1518   0.00414855 -0.0118531 780.499
16 1519   0.00432132 -0.0117626 780.357
16 1553   0.00567857 -0.0322345 675.049
16 1554   0.00567857 -0.0294691 688.238
16 1608   0.00071235 0.0129213 724.085
16 1609   0.00137116 0.0128144 709.1
16 1612   0.00154556 -0.0131815 968.319
16 1613   0.00105201 -0.0129688 965.204
16 1614   0.00121156 -0.0125166 969.251
16 1617   0.00158746 -0.012602 967.085
16 1618   0.00182275 -0.0128565 966.522
16 1619   0.00183782 -0.0123482 943.936
16 1620   0.00219074 -0.01273 945.407
16 1621   0.00212604 -0.0124478 922.961
16 1623   0.00243485 -0.0122513 846.164
16 1624   0.00226427 -0.0122789 879.257
16 1633   -0.0499783 0.00575719 937.693
16 1634   -0.0499783 0.0107572 929.438
16 1654   -0.0399783 0.0107569 950.605
16 1655   -0.0399783 0.00575627 945.862
16 1658   -0.0346585 -0.0252544 944.855
16 1659   -0.0343396 -0.0277544 919.995
16 1660   -0.0368426 -0.0280045 910.386
16 1661   -0.038341 -0.0254005 936.22
16 1662   -0.0366567 -0.0241245 959.745
16 1682   -0.000404489 0.0128272 875.635
16 1685   -0.00103804 0.0127254 915.293
16 1686   -0.000863912 0.0131465 906.794
16 1705   -0.00692733 -0.0167314 918.493
16 1706   -0.00692733 -0.018398 960.813
16 1711   -0.0314873 0.033529 905.529
16 1712   -0.0280998 0.031029 915.619
16 1713   -0.0295254 0.028087 922.939
16 1714   -0.034795 0.0322114 894.67
16 1715   -0.0333299 0.0277984 921.902
16 1716   -0.0352121 0.0294228 906.258
16 1797   -0.0210319 -0.0297591 919.681
16 1798   -0.0148066 -0.0242772 933.462
16 1799   -0.017085 -0.0222591 934.597
16 1800   -0.0199244 -0.0222591 932.556
16 1801   -0.022293 -0.0247591 929.604
16 1802   -0.0162374 -0.0322591 911.238
16 1803   -0.0138004 -0.0292772 912.785
16 1839   -0.0492248 0.0260077 744.478
16 1840   -0.0491201 0.0299241 691.968
16 1841   -0.0434808 0.0258132 874.133
16 1842   -0.0459496 0.0245321 849.961
16 1843   -0.0461897 0.0324296 693.889
16 1844   -0.0438256 0.0297944 762.235
16 1850   0.00674228 -0.0200157 900.546
16 1853   0.00677871 -0.0176131 938.112
16 1854   0.00602099 -0.0189678 914.735
16 1855   0.0045784 -0.0184322 923.307
16 1856   0.00624585 -0.0165341 955.851
16 1857   0.00491369 -0.0153966 966.981
16 1858   0.00525812 -0.0165068 954.879
16 1859   0.0043484 -0.0170503 944.629
16 1860   0.00291745 -0.01565 957.779
16 1861   0.0036938 -0.0162238 954.576
16 1862   0.00407066 -0.0153814 965.52
16 1863   0.00295964 -0.0147384 966.674
16 1864   0.00365798 -0.0147415 968.79
16 1865   0.00239326 -0.0138063 969.136
16 1866   0.00274105 -0.014242 968.929
16 1867   0.00308021 -0.0138229 967.372
16 1868   0.00257079 -0.0133459 963.501
16 1869   0.00289407 -0.0134286 959.591
16 1870   0.00342938 -0.0138245 964.937
16 1871   0.00378856 -0.0142466 969.084
16 1876   0.00696714 -0.0154585 968.045
16 1879   0.00719558 -0.0138411 937.687
16 1880   0.00658675 -0.0133883 910.625
16 1881   0.00666272 -0.0146687 967.609
16 1882   0.00533056 -0.0147663 969.43
16 1883   0.0060159 -0.0138573 945.868
16 1884   0.00609187 -0.0145745 966.999
16 1885   0.00502615 -0.0142582 965.676
16 1886   0.00548304 -0.01384 948.623
16 1887   0.0046635 -0.0126844 871.552
16 1888   0.00514536 -0.0128153 876.129
16 1889   0.00520412 -0.0134159 925.931
16 1890   0.00459555 -0.013115 911.133
16 1891   0.00484897 -0.013455 932.697
16 1892   0.00422497 -0.0139367 961.529
16 1893   0.00463301 -0.0139387 958.612
16 1894   0.00366178 -0.0135136 951.347
16 1895   0.00427731 -0.0132185 923.907
16 1896   0.00412269 -0.0135566 947.58
16 1897   0.00364929 -0.013239 934.444
16 1898   0.0039835 -0.013112 919.508
16 1899   0.00377359 -0.0126032 879.122
16 1900   0.00401496 -0.0127728 890.604
16 1901   0.00327798 -0.0125399 864.536
16 1902   0.00343881 -0.0130486 921.582
16 1903   0.00353164 -0.012752 890.628
16 1904   0.00306105 -0.0126781 884.262
16 1905   0.00250757 -0.0127816 928.152
16 1906   0.00261627 -0.0129779 942.006
16 1907   0.00314761 -0.0129536 918.117
16 1908   0.00293955 -0.0130606 935.897
16 1909   0.00255909 -0.0123734 856.215
16 1910   0.00283618 -0.0125697 874.342
16 1911   0.0026524 -0.0126076 893.244
16 1912   0.00291259 -0.0122348 804.872
16 1913   0.00267745 -0.012277 823.835
16 1914   0.0028083 -0.0123941 841.56
16 1916   0.00285337 -0.0121061 774.705
16 1917   0.00271012 -0.0121294 787.864
52 175   -0.00483662 -0.00114491 859.009
52 176   -0.00276329 -0.00237875 875.779
52 177   -0.00465017 0.00128017 876.763
52 178   0.00523058 -0.0023057 878.517
52 179   -0.000744036 0.00108143 889.184
52 180   -0.000721164 -0.00117351 887.312
52 181   0.00125682 -0.00231078 892.597
52 182   -0.0025997 0.00230127 892.808
52 183   0.0031277 -0.00122708 885.65
52 184   0.00111802 0.00429041 887.933
52 185   0.00115351 0.00209799 885.945
52 186   0.00304727 0.000926762 877.277
52 187   -0.00627223 0.00258725 869.885
52 188   0.00129599 -0.00438659 901.136
52 189   0.00290654 0.00513174 866.758
52 190   -0.000433852 -0.00558428 895.238
52 191   0.00482758 0.00185558 854.087
52 192   0.00691171 -0.00117591 832.812
52 193   0.00472234 0.00386814 845.631
52 194   -0.00591906 0.0047779 900.421
52 195   -0.00706043 -0.00380997 812.37
52 196   0.00658914 0.000831522 827.317
52 197   -0.00652965 -0.00193506 829.656
52 198   0.0081972 0.0015574 806.121
52 199   0.00968356 -0.00285569 752.734
52 200   0.00862418 -0.00165474 778.092
52 201   -0.00784997 0.00203246 817.226
52 202   -0.000137138 -0.00721636 902.762
52 203   0.00950971 0.000701651 751.693
52 204   -0.00845306 0.000811891 781.779
52 205   -0.00783087 -0.0010178 805.909
52 206   -0.00295137 0.00860811 960.705
52 207   -0.00878178 0.00319732 800.464
52 208   0.00122649 -0.00771691 926.803
52 209   0.00961413 -0.000503055 731.451
52 210   -0.008363 -0.000141139 784.829
52 211   0.0110719 -0.00239971 716.525
52 212   -0.00880932 -0.00178148 815.423
52 213   -0.00975192 0.00269639 753.797
52 214   -0.0105286 0.00327595 733.222
52 215   -0.00968068 0.001108 736.778
52 216   -0.0112065 0.0026246 719.393
52 217   0.0104531 0.00105727 709.722
52 218   -0.0100477 0.00182763 733.512
52 219   -0.00961006 -0.00121497 776.233
52 220   0.010605 -0.000764927 704.93
52 221   0.0110035 -0.00146064 707.412
52 222   0.00251717 -0.00924284 967.372
52 223   -0.0104272 -0.00119212 720.65
52 224   -0.00947622 -0.000461815 747.49
52 225   -0.0109097 0.00180064 715.624
52 226   -0.0102303 0.000524157 714.415
52 227   -0.0113553 0.00126682 705.131
52 228   -0.0110429 0.00070997 700.241
52 229   -0.0101159 -9.26224e-05 715.803
52 230   0.00314383 -0.0101568 960.05
52 231   0.0026908 -0.00988552 967.298
52 232   0.0110369 -0.000259631 692.766
52 233   0.00215836 -0.0103112 953.239
52 234   -0.0113545 0.000319121 690.709
52 235   0.0109738 0.000530085 690.284
52 236   0.0115703 -0.00124504 700.802
52 237   -0.0106694 -0.000306909 699.584
52 238   0.00220864 -0.0107439 911.672
52 239   -0.0108468 -0.000653251 695.619
52 240   0.0110793 0.00015532 688.283
52 241   0.00298628 -0.0106936 917.925
52 242   0.011508 -0.00043453 688.555
52 243   -0.0110953 -8.09789e-05 689.852
52 244   0.00258352 -0.010855 881.668
52 245   0.011643 -0.000724228 692.62
52 246   -0.0117462 0.000311461 686.171
52 247   0.00339116 -0.0110817 905.552
52 248   0.00315411 -0.0109654 884.97
52 249   -0.011289 -0.000568743 683.809
52 250   -0.0113535 -0.000273815 682.761
52 251   0.00256832 -0.0111551 816.391
52 252   0.0114816 0.000176482 679.743
52 253   0.0116899 -0.000173475 682.444
52 254   0.0112938 0.000745668 683.593
52 255   -0.0117294 -2.68349e-05 679.524
52 256   -0.0115958 -0.000212011 678.192
52 257   -0.0114988 -0.000633333 679.213
52 258   0.003298 -0.011382 828.162
52 259   0.0114921 0.000596276 678.387
52 260   0.0116211 2.25854e-05 679.538
52 261   0.00294861 -0.0111965 801.746
52 262   0.00276558 -0.0112247 787.761
52 263   0.0115863 0.000339871 676.263
52 264   0.0115867 0.000471889 675.925
52 265   0.0118684 -0.000151122 680.982
52 266   -0.0118935 -8.45514e-05 677.031
52 267   0.00274746 -0.0113824 724.104
52 268   0.00298523 -0.0113398 750.986
52 269   0.00313352 -0.0114256 729.19
52 270   0.0117549 0.000297279 673.29
52 271   0.00304933 -0.011401 708.23
52 272   0.00286686 -0.0114167 670.384
52 273   -0.0118935 -0.000229892 673.491
52 274   0.0117415 0.00049009 672.719
52 275   0.0118273 0.000375136 671.064
52 276   0.00286918 -0.0114975 508.95
52 277   0.0118134 0.000435928 671.124
52 278   0.00310917 -0.0115328 536.887
52 279   0.0029308 -0.0115167 424.67
52 280   0.00299258 -0.0114971 503.16
52 281   0.0119005 0.00035767 669.835
52 282   -0.0119621 -0.000259669 672.594
52 283   0.0119322 0.000384139 668.829
52 284   0.0119922 0.00035906 687.323
52 285   0.00296035 -0.0116266 2.71828
52 467   0.00916188 -0.00407892 797.542
52 469   0.0101636 -0.0047791 779.109
52 519   0.0117605 0.000109234 676.326
52 520   0.0117897 0.000220539 673.886
52 521   0.0119095 9.98504e-05 675.628
52 522   0.0118468 3.82341e-05 677.133
52 523   0.011954 0.000218991 672.913
52 524   0.0118672 0.000231975 672.835
52 525   0.0119008 0.000182286 673.801
52 526   0.0119087 0.000312954 670.593
52 527   0.0119006 0.000271819 671.66
52 528   0.0119402 0.000265541 671.712
52 529   0.0119409 0.000317959 670.285
52 530   0.0119557 0.000295391 670.995
52 602   -0.00221866 0.00403282 901.539
52 603   -0.00039848 0.00500539 899.628
52 604   -0.001286 0.00681303 915.902
52 605   -0.000108527 0.00663298 903.407
52 606   -0.00452617 0.00523947 911.401
52 607   -0.00311774 0.00468333 906.547
52 608   -0.00247504 0.00583596 914.857
52 609   -0.00352257 0.00773992 950.043
52 610   -0.00444324 0.00636346 927.543
52 611   -0.00332369 0.00642073 926.151
52 612   -0.00573419 0.00765149 952.767
52 613   -0.00503251 0.00715792 942.213
52 614   -0.00443319 0.00795807 956.25
52 615   -0.00476426 0.0085906 966.101
52 616   -0.00550548 0.00831267 965.112
52 617   -0.00574197 0.00889004 969.108
52 618   -0.00618353 0.00901218 962.458
52 619   -0.00674452 0.00957238 829.352
52 620   -0.00707019 0.00926512 905.115
52 621   0.00562561 -0.00401284 892.42
52 622   0.00729921 -0.00593386 901.505
52 623   0.00740209 -0.00463073 878.919
52 624   0.00551306 -0.00770623 954.288
52 625   0.006452 -0.0065905 922.764
52 626   0.00565623 -0.00659558 928.474
52 627   0.00606403 -0.00793197 958.822
52 628   0.00655364 -0.00747035 944.376
52 629   0.00628859 -0.00846547 968.295
52 630   0.00714571 -0.00914776 925.292
52 631   -0.00300771 -0.00416261 869.014
52 632   -0.00202259 -0.00526483 878.351
52 633   -0.00314114 -0.00662504 850.829
52 634   -0.00373809 -0.00863028 819.568
52 635   0.00315903 0.00669615 850.297
52 636   0.00480179 0.00719642 814.133
52 637   0.00472039 0.0081708 802.244
52 638   0.00364963 0.00870812 819.372
52 640   0.00596998 0.00684004 822.3
52 641   0.00614303 0.00507616 820.588
52 642   0.00740865 0.00490071 792.277
52 684   -0.00475148 0.00927897 969.54
52 685   -0.00537835 0.00933163 966.658
52 686   -0.00564159 0.00982586 946.753
52 687   -0.00539931 0.0102395 954.399
52 688   -0.00444853 0.00970657 969.269
52 689   -0.00483312 0.0101728 966.897
52 690   -0.00459084 0.0105864 968.853
52 691   -0.00328879 0.00957352 969.609
52 692   -0.00292315 0.0100186 964.676
52 693   -0.00388811 0.00976546 969.345
52 694   -0.00373972 0.0102209 966.1
52 695   -0.00330642 0.0103773 954.123
52 696   -0.00419972 0.0106365 968.859
52 697   -0.00391601 0.0105146 965.466
52 699   -0.00414274 0.0109806 969.608
52 704   -0.00628573 -0.00496572 815.292
52 705   -0.00461882 -0.00497171 842.739
52 706   -0.00705426 -0.00595143 805.543
52 707   -0.00624262 -0.00683261 825.083
52 708   -0.00601899 0.00981068 915.989
52 709   -0.0061973 0.00943858 925.328
52 710   -0.00645356 0.0096302 864.064
52 712   -0.00615061 0.0100578 893.884
52 713   -0.00639988 0.0099468 844.263
52 730   -0.00107395 -0.00790972 884.583
52 731   -0.00248922 -0.00763786 848.574
52 732   -0.00276629 -0.00849925 815.821
52 733   0.00021124 -0.0091121 919.174
52 734   -0.00054391 -0.00858837 893.862
52 735   -0.000966544 -0.00907788 862.316
52 737   -0.000509288 -0.0095706 873.74
52 738   8.64992e-05 -0.00963262 905.532
52 746   0.00291986 -0.0115641 255.073
52 772   -0.010533 0.00428352 752.659
52 802   -0.00199158 0.0084854 952.564
52 803   -0.00113532 0.0080466 929.246
52 804   -0.00170692 0.00939597 966.835
52 805   -0.00116045 0.00953798 966.395
52 806   -0.00121985 0.0100333 965.329
52 824   0.00126939 -0.00869155 945.508
52 825   0.000820271 -0.00917643 949.771
52 826   0.00189383 -0.00918837 964.611
52 827   0.00176125 -0.0101261 963.925
52 828   0.00167035 -0.0096459 969.294
52 829   0.00121907 -0.00970061 969.22
52 831   0.00115224 -0.0100619 965.898
52 832   0.0014677 -0.0102996 959.01
52 969   0.000291606 0.00903716 895.76
52 970   -0.000422525 0.00873777 922.884
52 971   -0.000732314 0.00931858 950.443
52 973   0.00027971 0.00958697 888.436
52 974   -0.000316077 0.00964898 922.823
52 995   -0.00324715 0.0107231 929.495
52 996   -0.00371719 0.0107978 958.634
52 997   -0.00348163 0.0108498 938.206
52 998   -0.00376884 0.0111471 965.566
52 999   -0.00387626 0.0109752 966.85
52 1000   -0.00346318 0.0110442 925.66
52 1001   -0.00359132 0.0111641 945.156
52 1002   -0.00351999 0.01132 925.662
52 1003   -0.00334303 0.0111378 891.514
52 1004   -0.00338263 0.0112972 878.201
52 1005   -0.00314498 0.0113173 792.753
52 1006   -0.00327828 0.0113638 823.345
52 1007   -0.00313369 0.011474 685.56
52 1008   -0.00308894 0.0113881 746.551
52 1009   -0.00308232 0.0115579 414.219
52 1010   -0.00309245 0.0115153 553.799
52 1011   -0.00303997 0.0115046 517.386
52 1012   -0.00301682 0.0115359 402.203
52 1013   -0.00304286 0.0115584 348.106
52 1014   -0.00302457 0.0115856 182.224
52 1016   -0.00319427 0.0114851 730.7
52 1017   -0.00328282 0.0114457 800.928
52 1037   0.0119772 0.000304782 670.961
52 1039   0.0029511 -0.011574 169.686
52 1042   -0.00247882 0.0100977 961.345
52 1043   -0.00203956 0.00982032 969.117
52 1044   -0.00175308 0.0104351 950.24
52 1045   -0.00167083 0.0100963 965.064
52 1046   -0.00222608 0.0109032 883.687
52 1047   -0.00246633 0.0104768 936.742
52 1048   -0.00210932 0.0105383 936.208
52 1049   -0.00265547 0.010731 905.654
52 1050   -0.00251071 0.0109524 864.016
52 1051   -0.00285956 0.0108172 893.06
52 1052   -0.00305549 0.0108297 901.63
52 1053   -0.00307611 0.011163 829.367
52 1054   -0.00316981 0.0110501 873.366
52 1055   -0.00294051 0.0111161 827.203
52 1056   -0.00283829 0.0109906 855.247
52 1057   -0.00265577 0.0112512 785.656
52 1058   -0.00266795 0.0110951 826.832
52 1059   -0.00277008 0.01142 683.929
52 1060   -0.00288757 0.0112505 780.567
52 1061   -0.00277317 0.0112812 770.471
52 1062   -0.00290622 0.0113585 732.881
52 1063   -0.00285202 0.0114345 647.238
52 1064   -0.00298413 0.0114734 574.522
52 1065   -0.00299186 0.0113983 706.322
52 1066   -0.00292121 0.0114856 523.851
52 1067   -0.0028707 0.0115307 422.452
52 1068   -0.00287473 0.0114865 537.108
52 1069   -0.00293156 0.0115226 418.666
52 1070   -0.00290279 0.0115369 379.168
52 1071   -0.00299951 0.0115825 153.52
52 1072   -0.00298669 0.011554 295.401
52 1073   -0.00295928 0.0115499 305.28
52 1074   -0.00298677 0.0115981 69.0432
52 1075   -0.011959 -0.000310402 671.086
52 1077   -0.0119801 -0.000315494 671.25
52 1144   0.007023 -0.00777303 948.998
52 1145   0.00723743 -0.00868867 968.417
52 1146   0.00684967 -0.00830905 965.511
52 1148   0.00804332 -0.00830145 947.795
52 1149   0.00771692 -0.0086092 965.866
52 1194   -0.00732366 0.00544427 894.014
52 1195   -0.00955896 0.00607354 839.987
52 1196   -0.00958313 0.00492512 807.908
52 1197   -0.00860864 0.00441848 836.641
52 1198   -0.0064107 0.00759102 948.64
52 1199   -0.00719654 0.00663983 914.319
52 1200   -0.00846473 0.00762135 906.377
52 1201   -0.00845734 0.00676247 887.901
52 1202   -0.00774245 0.00797476 941.202
52 1203   -0.00694921 0.00806707 957.984
52 1204   -0.00716207 0.00885039 964.525
52 1205   -0.0066945 0.00863544 968.787
52 1207   -0.00804718 0.00834334 947.959
52 1208   -0.00772152 0.0086506 966.01
52 1246   0.00609651 -0.00896912 965.331
52 1247   0.00682437 -0.00926444 901.52
52 1248   0.00681424 -0.00964659 799.207
52 1249   0.00640774 -0.0092346 936.711
52 1250   0.00606514 -0.0098051 906.548
52 1251   0.0062709 -0.00952489 905.677
52 1252   0.00652433 -0.00970861 832.929
52 1254   0.00641892 -0.00994425 833.59
52 1255   0.00621822 -0.0100334 879.86
52 1286   -0.00207154 -0.00922961 787.699
52 1287   -0.00147576 -0.00929163 810.388
52 1288   0.00106608 0.00758513 886.726
52 1289   0.00282825 0.00845798 817.641
52 1290   0.00225626 0.00742039 859.58
52 1291   0.000887394 0.00897514 868.538
52 1292   0.00119718 0.00839433 872.63
52 1293   0.00207897 0.00885111 811.962
52 1295   0.00147129 0.00946293 801.466
52 1296   0.00206707 0.00940091 777.71
52 1555   -0.00406134 -0.00651153 836.219
52 1556   -0.0045539 -0.00596042 835.488
52 1557   -0.00540916 -0.00683561 813.146
52 1558   -0.0044719 -0.00801195 809.358
52 1559   -0.00525356 -0.00746774 800.909
52 1560   -0.00457965 -0.0073057 817.017
52 1563   -0.00487812 -0.00830832 796.124
52 1564   -0.0054135 -0.00803966 785.544
52 1566   0.00848598 0.00279328 817.952
52 1567   0.00803831 0.0039045 804.244
52 1627   -0.00890628 -0.00268825 830.299
52 1628   -0.00845861 -0.00379948 815.052
52 1687   0.00885934 -0.00753207 889.679
52 1688   0.00804353 -0.00658036 899.893
52 1689   0.00766569 -0.00753968 928.828
52 1690   0.00813505 -0.00784235 925.977
52 1691   0.00937275 -0.00565035 835.429
52 1692   0.00866608 -0.00625077 877.925
52 1693   0.00901252 -0.0068998 863.988
52 1695   0.00987359 -0.00600044 827.178
52 1696   0.0095648 -0.00659832 840.736
52 1744   0.00394915 -0.00975206 969.421
52 1745   0.00359999 -0.010061 967.287
52 1746   0.00284688 -0.0050256 908.913
52 1747   0.00446126 -0.00468251 905.626
52 1748   0.00499265 -0.00595958 918.522
52 1749   0.00216384 -0.00720686 931.438
52 1750   0.0039608 -0.00645817 928.486
52 1751   0.00279574 -0.00614715 919.094
52 1752   0.00368582 -0.00737799 943.995
52 1753   0.00287192 -0.00867277 961.612
52 1754   0.00278822 -0.00779917 946.93
52 1755   0.00506857 -0.00811559 961.126
52 1756   0.00422173 -0.00794032 955.71
52 1757   0.00417035 -0.00919076 968.978
52 1758   0.00372291 -0.00865841 964.166
52 1759   0.00558054 -0.00907326 968.215
52 1760   0.00517503 -0.00875069 968.782
52 1761   0.00477564 -0.00910777 969.346
52 1762   0.00498095 -0.00956418 968.33
52 1763   0.00543307 -0.00947994 963.19
52 1764   0.00573823 -0.00984708 937.968
52 1765   0.00559027 -0.010209 943.871
52 1766   0.00440648 -0.010031 968.74
52 1767   0.00483299 -0.00992615 967.309
52 1768   0.00513715 -0.0102039 961.917
52 1769   0.00498868 -0.0105211 965.863
52 1770   0.00386967 -0.0104618 965.134
52 1771   0.00427057 -0.0103363 968.385
52 1772   0.00439965 -0.0108212 969.533
52 1773   0.00454862 -0.0105486 968.778
52 1774   0.00363087 -0.0109422 952.042
52 1775   0.00407299 -0.0108368 968.799
52 1776   0.00382106 -0.0106898 963.125
52 1778   0.00399724 -0.0110384 969.392
52 1779   0.00376838 -0.01114 966.881
52 1924   -0.0116692 -0.000356696 675.203
52 1925   -0.0116367 -0.000483091 675.515
52 1926   -0.011751 -0.000489618 672.997
52 1927   -0.0118453 -0.000280283 672.637
52 1928   -0.0117983 -0.000403064 671.936
52 1929   -0.0117689 -0.000323382 673.338
52 1930   -0.0119129 -0.000398087 669.378
52 1931   -0.0118651 -0.000383147 670.582
52 1932   -0.0118844 -0.000336784 670.887
52 1933   -0.0119329 -0.000366747 669.313
52 1934   -0.0119399 -0.000328967 670.345
52 1935   -0.0119191 -0.000345285 670.104
52 1936   -0.011955 -0.000357728 669.212
52 1937   -0.0119523 -0.00034313 669.79
52 1938   -0.0119916 -0.000353377 670.967
52 1939   -0.0119726 -0.000360716 668.929
52 1960   0.0119705 0.000362905 668.471
52 1961   0.0119538 0.000360202 668.858
52 1962   0.0119543 0.000338739 669.602
52 1963   0.0119761 0.000348382 669.685
52 1964   0.0119749 0.000323007 670.478
52 1965   0.0119667 0.000334396 669.889
52 1977   0.00302143 -0.0115317 414.881
52 1978   0.00305382 -0.0115426 421.076
52 1979   0.0030396 -0.0115784 244.861
52 1980   0.00297633 -0.0115696 210.094
52 1981   0.00301464 -0.0115768 206.296
52 1982   0.00299977 -0.011558 290.401
52 1983   0.00299837 -0.0116051 44.5477
52 1984   0.00299952 -0.0115919 100.57
52 1985   0.00298319 -0.0115856 113.323
52 1986   0.00298591 -0.0116038 35.7865
52 1987   0.00297817 -0.0115938 72.9389
52 1988   0.00296714 -0.0116236 3.21423
52 1991   0.00297185 -0.0116148 7.50105
52 1992   0.00298105 -0.0116123 12.6414
52 1994   -0.00290962 0.0115656 263.131
52 1997   -0.00294656 0.0115672 226.517
52 1998   -0.00292567 0.0115687 233.466
52 1999   -0.00292898 0.0115892 105.377
52 2000   -0.00296891 0.0115931 77.8911
52 2001   -0.0029559 0.0115836 125.192
52 2002   -0.00294386 0.0115918 84.9414
52 2003   -0.00296239 0.0116011 43.9438
52 2004   -0.00295003 0.0116097 17.2973
52 2005   -0.00295103 0.0116019 43.2089
52 2006   -0.0029697 0.0116136 10.2045
52 2007   -0.00295822 0.0116113 13.7609
52 2008   -0.00296455 0.0116068 22.9538
52 2009   -0.00296772 0.0116261 3.31798
52 2010   -0.00296022 0.0116171 7.65383
52 2011   -0.00296587 0.01162 5.37956
52 2012   -0.011977 -0.000328664 670.756
52 2013   -0.0119684 -0.000337735 670.114
52 2014   -0.0119855 -0.000348446 670.259
52 2015   -0.0119756 -0.000348882 669.663
52 2017   -0.0119888 -0.000339844 670.924
52 2018   -0.0119876 -0.00033121 671.08
52 2022   0.00294074 -0.0115934 75.1585
52 2024   0.00296095 -0.0115972 56.3535
52 2025   0.0029595 -0.0116097 11.9396
52 2046   -0.00297878 0.0116159 9.53728
52 2047   -0.00299201 0.01161 29.4654
52 2055   0.0119849 0.000330519 670.648
52 2058   0.0119851 0.000343259 671.219
52 2059   0.011991 0.000350095 676.144
end
