711
16 1   -0.0449783 0.0032574 934.963
16 2   -0.0233037 0.03 913.718
16 3   -0.0177458 0.0270157 915.875
16 4   -0.0451577 -0.0029245 934.852
16 5   -0.02789 0.0270582 918.832
16 6   -0.0499783 0.00825739 926.219
16 7   -0.0399783 0.0082574 941.946
16 8   -0.0477775 -0.0217781 858.451
16 9   -0.0397912 -0.0323015 803.045
16 10   -0.0322178 0.0320582 901.176
16 11   -0.0411403 -0.00644911 938.316
16 12   -0.00181716 0.0290207 782.886
16 13   0.00223227 -0.0239659 754.954
16 14   -0.0434941 -0.0296599 760.743
16 15   -0.0287988 0.0220582 938.065
16 16   -0.0161193 0.0220157 929.463
16 17   0.00560912 -0.0220934 730.244
16 18   -0.0497149 -0.0177531 896.311
16 19   -0.0384826 -0.00713938 941.981
16 20   -0.000794534 0.0243079 869.854
16 21   0.00190898 0.0224689 866.426
16 22   -0.00121781 -0.0215427 887.835
16 23   0.00452805 0.0224947 837.506
16 24   0.00105041 -0.0171865 832.155
16 25   0.000707718 0.0178748 914.45
16 26   -0.000782795 -0.0187311 895.313
16 27   0.00220526 0.0193511 906.74
16 28   -0.00656943 -0.0176946 955.914
16 29   -0.00296135 -0.0175975 943.094
16 30   -0.00323429 -0.0159268 953.742
16 31   0.00156715 0.0158218 933.02
16 32   -0.000806256 0.013489 868.567
16 33   0.00285955 -0.0130153 705.911
16 34   -0.00686995 -0.0147202 948.439
16 35   -0.00593938 -0.0159663 967.698
16 36   0.000320575 0.0138923 924.94
16 37   -0.00243248 -0.0148604 942.507
16 38   0.00106093 0.0146264 938.118
16 39   -0.00140113 -0.014611 911.006
16 40   -0.0046624 -0.0154463 969.261
16 41   -0.00599157 -0.01377 932.029
16 42   0.00637726 0.0117588 795.87
16 43   -0.00581834 -0.0128931 885.539
16 44   -0.00471459 -0.0142611 965.901
16 45   0.00696083 0.0124697 842.982
16 46   0.00220084 0.0137226 965.179
16 47   0.00547708 0.0119592 814.234
16 48   -0.00401416 -0.0136845 966.328
16 49   -0.00316016 -0.0138034 966.091
16 50   0.000879816 0.0127295 949.785
16 51   -0.00240606 -0.012792 962.105
16 52   -0.0041511 -0.0129163 937.062
16 53   -0.0046783 -0.012616 889.544
16 54   -0.0028952 -0.0130976 967.59
16 55   0.00498644 0.0115185 784.589
16 56   -0.00505324 -0.0115892 804.418
16 57   -0.00444619 -0.0120849 833.938
16 58   -0.00368139 -0.0125605 927.557
16 59   -0.00327949 -0.0126228 954.727
16 60   -0.00463302 -0.0118094 808.218
16 61   0.00376678 0.0122921 847.23
16 62   -0.00256899 -0.0122425 968.373
16 63   -0.00373906 -0.0121662 885.01
16 64   -0.00317875 -0.0122542 918.467
16 65   -0.00295738 -0.0121795 930.383
16 66   0.00393756 0.0121378 844.243
16 67   0.00350849 0.0120572 812.526
16 68   -0.00390476 -0.0120287 883.941
16 69   -0.00406709 -0.0119763 817.105
16 70   -0.00337126 -0.0120635 861.061
16 71   -0.00352967 -0.0120378 863.583
16 464   -0.00600645 -0.0116158 798.482
16 465   -0.00669672 -0.0123062 829.857
16 466   -0.0064646 -0.0110685 766.104
16 467   0.00662465 0.0109314 738.705
16 488   -0.0443159 -0.0225097 894.474
16 489   -0.0429629 -0.0254775 877.444
16 498   -0.00993802 -0.0304344 887.32
16 499   -0.0073039 -0.0334781 815.261
16 500   -0.00854226 -0.0271943 903.434
16 501   -0.00565076 -0.0268018 890.7
16 502   -0.0497792 0.0184201 890.939
16 504   -0.047312 0.0259431 767.905
16 505   -0.0511396 0.0239921 765.389
16 506   -0.0484188 0.0211705 866.289
16 507   -0.0440378 0.0244675 880.563
16 508   -0.0451446 0.0217755 896.737
16 509   -0.0355204 0.0307407 891.536
16 510   -0.0410086 0.0310474 792.99
16 511   -0.039197 0.0336825 797.997
16 512   -0.0359423 0.0279522 907.242
16 513   -0.0387217 0.028259 891.891
16 522   -0.0358749 -0.0253786 933.119
16 523   -0.0345371 -0.0210257 965.129
16 524   -0.0328791 -0.023077 948.908
16 536   -0.013937 0.0320157 901.772
16 539   -0.00503392 0.0303667 832.15
16 540   -0.0074047 0.0334556 836.824
16 541   -0.0101691 0.0304713 893.974
16 542   -0.00652197 0.0273301 896.323
16 543   -0.00907467 0.0274347 905.262
16 544   -0.0242292 -0.0325 910.145
16 545   -0.0296779 -0.0245514 932.305
16 546   -0.0263184 -0.0225 930.418
16 547   -0.0208913 -0.0297281 912.273
16 548   -0.0220713 -0.0247281 921.14
16 549   -0.0136058 -0.0291844 905.063
16 550   -0.0161399 -0.0322281 903.562
16 551   -0.0141929 -0.0241844 928.363
16 552   -0.0194956 -0.0222281 924.867
16 553   -0.0163185 -0.0222281 928.964
16 596   -0.00278203 0.0223418 911.184
16 597   -0.00303639 0.0174361 908.931
16 598   -0.00157606 0.0190267 911.647
16 601   -0.00351536 -0.0222261 925.19
16 602   -0.00488789 -0.0241055 918.875
16 605   -0.0471579 0.016138 913.273
16 606   -0.047357 0.0130559 920.541
16 607   -0.042357 0.0130559 942.866
16 608   -0.0386396 0.0173364 967.179
16 609   -0.0432975 0.0168078 939.174
16 610   -0.0410183 0.0154683 953.085
16 669   -0.000531858 -0.0129051 850.718
16 671   -0.00129948 -0.0133036 907.802
16 672   -0.00178819 -0.0127329 932.628
16 681   -0.0501577 -0.00542451 930.507
16 684   -0.0485438 -0.0149627 912.888
16 685   -0.0489866 -0.00938676 926.152
16 686   -0.0513289 -0.0114623 918.442
16 687   -0.0435766 -0.0109116 936.091
16 688   -0.0464229 -0.0113492 927.466
16 689   -0.0459801 -0.0144251 922.965
16 690   -0.042137 -0.0127183 941.611
16 691   -0.0433694 -0.0151941 937.436
16 692   -0.0397007 -0.0118706 946.885
16 693   -0.0387182 -0.013346 952.523
16 755   -0.0314661 -0.0335257 899.526
16 756   -0.0280762 -0.0310257 909.848
16 757   -0.0294612 -0.028077 915.595
16 758   -0.0355548 -0.0278786 909.169
16 759   -0.0365724 -0.0308272 884.297
16 760   -0.0323423 -0.0291027 909.601
16 761   -0.0333599 -0.0320514 895.703
16 857   0.00720822 0.0108621 680.9
16 860   0.00690881 -0.010958 833.088
16 889   -0.00715487 -0.0109699 727.942
16 893   -0.0069823 -0.0105343 678.45
16 894   -0.00732743 -0.0103534 554.573
16 895   -0.0370257 -0.0219473 937.215
16 896   -0.0378876 -0.0242489 948.597
16 897   -0.040255 -0.0240408 933.954
16 900   0.00735411 0.0103128 434.496
16 901   0.00706232 0.0104657 587.185
16 918   -0.00690881 0.010944 829.639
16 958   -0.0411524 0.0249991 909.493
16 959   -0.0392093 0.0261917 910.18
16 969   -0.0400723 0.0190141 957.903
16 970   -0.0423515 0.018687 948.771
16 971   -0.0429377 0.0207028 929.06
16 972   -0.0396869 0.0216263 933.774
16 973   -0.0414127 0.0226452 940.582
16 1021   -0.00993964 -0.0209781 964.754
16 1022   -0.011208 -0.0229344 945.52
16 1023   -0.00922514 -0.0246943 932.72
16 1024   -0.0073226 -0.02176 924.794
16 1025   -0.00714521 -0.0235199 953.81
16 1026   -0.00590987 0.0248301 915.944
16 1027   -0.00458965 0.0230103 927.432
16 1028   -0.00573624 0.0210991 945.069
16 1033   -0.00424455 -0.0187857 963.407
16 1034   -0.00579447 -0.0189051 937.548
16 1035   -0.00436355 -0.0206027 962.54
16 1036   -0.00591347 -0.0207221 908.682
16 1053   -0.0510348 0.0324945 673.663
16 1056   -0.0472072 0.0298594 706.15
16 1057   -0.0442768 0.0323649 715.052
16 1058   -0.0423608 -0.0198182 944.957
16 1059   -0.0420405 -0.0170652 948.842
16 1060   -0.0389622 -0.0205885 898.287
16 1061   -0.0405006 -0.0214062 965.84
16 1062   -0.0386074 -0.0180002 964.159
16 1063   -0.0398256 -0.0160648 960.835
16 1069   -0.046167 -0.0323584 691.85
16 1079   -0.0345693 0.0210291 965.995
16 1080   -0.0329623 0.0230873 949.26
16 1081   -0.0348722 0.0252989 935.793
16 1082   -0.0374507 0.0226443 949.041
16 1083   -0.0372334 0.0248559 942.241
16 1085   -0.00584924 0.0194918 960.464
16 1086   -0.00492864 0.0181884 927.876
16 1087   -0.0070397 0.0183158 955.264
16 1088   -0.00611911 0.0170123 915.326
16 1186   0.00230602 -0.0275194 711.442
16 1187   0.00568288 -0.0309557 675.805
16 1188   -0.00290266 -0.03213 735.195
16 1189   -0.00264527 -0.0286937 776.401
16 1192   0.00386576 -0.0336519 675.708
16 1193   0.000231517 -0.0336519 694.107
16 1194   0.000215391 0.0321096 707.082
16 1213   -0.0117893 0.0230236 938.433
16 1214   -0.0103832 0.0210079 959.521
16 1215   -0.00973892 0.024987 926.228
16 1216   -0.00762976 0.0219634 950.065
16 1217   -0.00775952 0.0239268 942.019
16 1228   -0.00192536 0.0140339 840.707
16 1229   -0.00284596 0.0153373 877.676
16 1230   -0.00309553 0.0127241 726.147
16 1231   -0.00424627 0.0133209 749.125
16 1232   -0.00450806 0.0147313 831.729
16 1233   -0.00588896 0.015654 883.492
16 1234   -0.00680955 0.0148925 873.935
16 1235   -0.00498635 0.0127593 739.558
16 1236   -0.00626799 0.0117605 780.042
16 1237   -0.00685918 0.0127191 823.386
16 1238   -0.00616873 0.0134082 810.379
16 1241   -0.00479001 0.0119007 709.006
16 1242   -0.0053812 0.0115909 726.365
16 1305   -0.0505626 -0.0249874 745.772
16 1308   -0.0490974 -0.0299014 689.885
16 1309   -0.0510348 -0.032543 673.352
16 1310   0.0019835 -0.0136471 718.887
16 1311   0.000249895 -0.0133783 778.118
16 1312   -0.000191941 -0.0146305 855.718
16 1313   0.000882856 -0.0150062 807.047
16 1316   0.000770968 -0.0128646 708.675
16 1317   0.00142978 -0.0127577 702.739
16 1318   0.00318381 -0.017448 774.467
16 1319   0.00480069 -0.0188032 761.84
16 1320   0.00669156 -0.016668 759.79
16 1321   0.00389231 -0.0137718 725.219
16 1322   0.00426626 -0.0154992 749.523
16 1323   0.00588313 -0.0151264 758.332
16 1324   0.00480937 -0.0129988 733.191
16 1325   0.00620899 -0.0118543 779.439
16 1326   0.00680019 -0.0128411 783.389
16 1327   0.00599175 -0.0136757 759.614
16 1330   0.00473101 -0.0119805 728.022
16 1331   0.00532221 -0.0116707 746.944
16 1340   0.00210209 0.0130706 968.349
16 1341   0.00186857 0.0123829 968.267
16 1342   0.00152142 0.0128116 964.278
16 1343   0.00253789 0.0128041 963.853
16 1344   0.0023606 0.0124797 956.149
16 1345   0.0063501 0.0198699 895.105
16 1348   0.00673712 0.0173796 934.071
16 1349   0.00406146 0.0183022 917.116
16 1350   0.00558722 0.0187952 910.568
16 1351   0.00619545 0.0162884 953.489
16 1352   0.00484126 0.0152166 965.185
16 1353   0.00417765 0.0169227 938.063
16 1354   0.00516173 0.0163244 950.963
16 1355   0.00398625 0.0152864 961.629
16 1356   0.00281791 0.0156892 948.616
16 1357   0.00354385 0.0161477 947.392
16 1358   0.00281132 0.0141085 966.596
16 1359   0.00359847 0.014776 965.231
16 1360   0.00292217 0.0148796 959.601
16 1361   0.00369971 0.014224 969.295
16 1362   0.00327553 0.0137857 969.095
16 1363   0.00370566 0.012617 887.311
16 1364   0.00376339 0.0130879 936.028
16 1365   0.00338079 0.0132264 957.175
16 1366   0.00337439 0.0126398 903.35
16 1367   0.00294008 0.0127985 946.818
16 1368   0.00322002 0.0128915 940.556
16 1369   0.00321704 0.0124732 887.379
16 1370   0.00297402 0.0125627 919.879
16 1371   0.00329002 0.0122156 836.099
16 1372   0.00315221 0.0121114 820.653
16 1373   0.00295623 0.0122046 860.096
16 1374   0.0026398 0.0123097 919.055
16 1375   0.00285102 0.0123983 907.012
16 1377   0.00284192 0.0121003 854.764
16 1378   0.00264807 0.0121317 891.403
16 1392   0.00695832 0.01522 967.572
16 1393   0.00669124 0.0132386 914.102
16 1394   0.00723041 0.0137616 946.434
16 1395   0.00668874 0.0144719 968.194
16 1396   0.00533455 0.0145442 969.453
16 1397   0.00615082 0.0135756 940.926
16 1398   0.00614832 0.0143222 966.913
16 1399   0.00560915 0.0135558 943.249
16 1400   0.00506497 0.0140393 966.076
16 1401   0.00426836 0.0133536 945.268
16 1402   0.00430995 0.0139304 967.195
16 1403   0.00520493 0.0126011 864.451
16 1404   0.00529385 0.0131499 916.34
16 1405   0.00470808 0.0130566 913.886
16 1406   0.00418012 0.0122866 831.268
16 1407   0.00473154 0.0124009 844.551
16 1408   0.00450678 0.0126147 870.575
16 1409   0.00454882 0.0118726 788.415
16 1410   0.00456608 0.0121131 810.077
16 1411   0.00428387 0.0120594 794.784
16 1414   0.00434291 0.0117789 770.654
16 1415   0.00419033 0.0118589 765.849
16 1423   0.00567795 0.025079 745.244
16 1425   0.00567915 0.0326565 673.924
16 1426   0.0038571 0.0297661 692.953
52 322   -0.00460695 -0.00103988 860.87
52 323   -0.000727091 0.00137427 876.351
52 324   0.00122251 0.00244207 883.424
52 325   -0.000738597 -0.000837243 878.135
52 326   -0.002558 -0.00199756 881.655
52 327   0.00477113 -0.00375976 826.332
52 328   0.00306811 0.00129376 874.829
52 329   0.00653878 -0.00468017 796.874
52 330   0.0030051 -0.000806096 863.551
52 331   0.00114799 -0.00186929 874.039
52 332   -0.00623196 -0.00234834 851.878
52 333   0.00488759 -0.00173582 834.819
52 334   -0.00580959 -0.00457716 891.974
52 335   0.0032156 0.00558636 907.781
52 336   -0.00404546 -0.0053293 906.545
52 337   -0.00241888 -0.00405816 895.058
52 338   0.00663572 0.00122561 822.276
52 339   -0.00696174 0.0040465 798.376
52 340   0.00661291 -0.000698615 807.991
52 341   -0.00368514 -0.00702161 928.98
52 342   -0.00783002 -0.00183047 798.534
52 343   0.00354196 0.00722763 931.136
52 344   0.00789835 0.0045976 851.934
52 345   -0.00449683 -0.00819008 954.655
52 346   0.00808242 -0.00112623 774.367
52 347   0.0102196 0.0031926 734.411
52 348   0.00185075 0.00882892 950.801
52 349   0.00508377 0.00751895 943.549
52 350   -0.00779964 0.00122195 788.308
52 351   -0.00880139 -0.00295849 783.018
52 352   -0.00842237 -0.000625995 766.257
52 353   0.00285417 0.00829976 948.427
52 354   0.00861093 -0.00198892 791.839
52 355   -0.00833888 0.000324066 767.773
52 356   0.00519061 0.00866438 965.017
52 357   -0.00876208 0.00203827 797.556
52 358   -0.0106332 -0.00289024 722.768
52 359   -0.00980816 -0.00237574 740.185
52 360   0.0110482 0.00238079 711.895
52 361   -0.00963997 0.00148936 752.989
52 362   -0.00378153 -0.00919166 966.937
52 363   -0.00951774 0.000676371 731.291
52 364   0.00987701 -0.00144987 733.063
52 365   0.0108802 0.00162743 709.98
52 366   -0.0112906 -0.00228617 712.68
52 367   0.00368822 0.0091308 966.479
52 368   -0.00296888 -0.00922479 965.689
52 369   0.00448284 0.0092041 968.143
52 370   -0.00954235 -0.000894789 731.506
52 371   0.00592374 0.0099228 947.549
52 372   -0.00995677 -0.00151651 726.962
52 373   0.00465264 0.0100543 968.197
52 374   0.0100768 -0.000621703 709.621
52 375   -0.0101121 0.00026635 709.385
52 376   0.0105437 -0.00151058 703.559
52 377   -0.00184025 -0.010048 968.345
52 378   -0.00405194 -0.00991505 968.739
52 379   -0.0111365 -0.0014998 709.44
52 380   -0.0100532 -0.000354749 713.696
52 381   0.00350829 0.00980738 969.126
52 382   0.0040998 0.0103294 964.461
52 383   -0.0106278 -0.00124464 711.459
52 384   -0.0102745 0.00164906 717.629
52 385   0.0051367 0.0103067 964.845
52 386   0.0115205 0.0012096 702.335
52 387   0.00307475 0.0100335 965.554
52 388   -0.00285283 -0.00991995 968.534
52 389   -0.00242072 -0.010204 963.753
52 390   -0.0106335 -0.000616367 705.395
52 391   -0.0106995 0.000442586 695.829
52 392   -0.00446094 -0.0101424 967.649
52 393   -0.0115413 -0.00111125 704.166
52 394   -0.00485664 -0.0101865 967.702
52 395   -0.011022 -0.000357496 698.02
52 396   0.0114088 0.000636029 696.161
52 397   -0.0114211 -0.00059722 698.015
52 398   0.00324275 0.0105743 933.053
52 399   -0.0107742 0.00129913 695.089
52 400   0.00403294 0.0107443 956.359
52 401   -0.00256326 -0.0107002 927.149
52 402   -0.00361637 -0.0102628 960.613
52 403   -0.0110292 8.03572e-05 692.753
52 404   -0.00322992 -0.0102346 959.29
52 405   -0.0116854 -0.000324167 692.951
52 406   -0.0109048 0.000754072 690.074
52 407   -0.0109393 0.0010409 689.38
52 408   0.0110742 -0.0007112 685.251
52 409   -0.00435589 -0.0106583 964.936
52 410   0.0111002 -0.00100045 684.542
52 411   0.00360942 0.0107631 922.766
52 412   -0.0029087 -0.0107794 902.275
52 413   -0.0113523 0.000209167 686.561
52 414   -0.00314326 -0.0105978 929.389
52 415   -0.0116095 4.4366e-05 686.979
52 416   -0.00464478 -0.0107543 967.054
52 417   -0.00338066 -0.0107936 905.325
52 418   -0.0118015 0.000219399 683.002
52 419   0.00422764 0.0109935 964.231
52 420   -0.011328 0.00108122 680.773
52 421   -0.0049116 -0.0106245 965.91
52 422   0.0114475 -0.00101968 677.504
52 423   -0.011269 0.000635707 682.85
52 424   0.00323961 0.0111839 792.138
52 425   -0.0113869 0.00045303 682.698
52 426   -0.00334156 -0.0110155 855.568
52 427   -0.00297859 -0.0110264 849.841
52 428   -0.011463 0.0009162 677.56
52 429   -0.0114386 0.000757514 678.581
52 430   -0.0117459 0.000428592 678.979
52 431   -0.0115886 0.000497423 679.092
52 432   0.0118362 -0.000193654 681.743
52 433   -0.00317403 -0.0110668 831.496
52 434   -0.0116024 0.000660105 676.472
52 435   -0.00317318 -0.011229 778.556
52 436   -0.00292546 -0.011152 818.944
52 437   0.00320348 0.0113437 708.147
52 438   -0.0116274 0.000943765 674.231
52 439   -0.0117235 0.000697237 673.994
52 440   -0.0118448 0.000519721 676.658
52 441   -0.0117677 0.000791734 671.878
52 442   -0.00325787 -0.0112961 743.117
52 443   -0.0117333 0.000869594 672.087
52 444   -0.0033581 -0.0112732 761.484
52 445   -0.00307497 -0.0112567 775.032
52 446   0.0117339 -0.000891364 671.794
52 447   -0.0118086 0.000625684 674.381
52 448   0.0118283 -0.000777405 670.574
52 449   -0.0119222 0.000520241 676.715
52 450   0.00331929 0.0114106 525.81
52 451   0.011813 -0.00083598 670.367
52 452   -0.0118623 0.000779277 670.366
52 453   -0.0119324 0.000618473 674.524
52 454   0.0118988 -0.000761978 669.806
52 455   -0.00342795 -0.0114621 325.955
52 456   0.011923 -0.000720707 670.889
52 457   -0.0118973 0.00080857 669.198
52 458   0.00331746 0.0114645 299.371
52 459   0.0119602 -0.000741221 670.753
52 460   -0.011936 0.000781492 669.165
52 461   -0.0119724 0.000777363 699.684
52 470   0.00435014 0.00232243 876.718
52 471   0.00559669 0.00225408 861.89
52 472   0.00436326 0.00428935 896.505
52 473   0.00679762 0.0047054 882.727
52 474   0.00528276 0.00470384 896.85
52 475   0.00593688 0.00373817 878.82
52 476   0.00579564 0.00679287 925.786
52 477   0.0056977 0.00565319 906.28
52 478   0.00658929 0.00568893 901.222
52 479   0.00645393 0.00713915 929.606
52 480   0.00692052 0.00651805 910.354
52 481   0.00680207 0.007816 948.44
52 482   0.00753995 0.00789173 940.988
52 483   0.00780848 0.00851685 960.399
52 486   0.00575683 -0.00698633 812.542
52 487   0.00659873 -0.00613401 797.341
52 520   0.0020134 0.00995731 969.164
52 521   0.0025666 0.0101069 965.902
52 561   0.00301757 -0.00653167 832.431
52 562   0.00459151 -0.00727278 800.132
52 563   0.00208604 -0.00718996 841.999
52 565   0.00162905 -0.00911119 784.771
52 636   0.00444696 -0.00830162 786.419
52 641   -0.00615387 0.00519366 801.289
52 795   0.00335334 0.0114825 129.435
52 797   0.0119232 -0.000792795 668.81
52 798   0.00358249 0.0110266 883.689
52 799   0.0034055 0.0111532 815.89
52 800   0.00352996 0.0114071 703.956
52 801   0.00344893 0.0112868 767.442
52 802   0.00354946 0.0113037 796.714
52 803   0.00337553 0.0114019 555.354
52 804   0.00342219 0.0113669 682.449
52 805   0.00345636 0.0114162 594.075
52 806   0.00337407 0.011475 201.517
52 807   0.00339443 0.0114483 376.162
52 808   0.00342499 0.0114541 387.246
52 810   0.00342022 0.0114833 216.95
52 812   -0.0119133 0.000661202 673.32
52 813   -0.0118668 0.000668932 673.021
52 814   -0.0118764 0.000728028 671.398
52 815   -0.011938 0.000757256 670.544
52 816   -0.0119322 0.000707511 672.255
52 817   -0.0119134 0.000733086 671.216
52 843   -0.00337334 -0.0115118 3.88932
52 844   -0.00336569 -0.0115156 2.96434
52 849   -0.00552089 -0.0081732 957.148
52 850   -0.00694652 -0.00577417 898.248
52 851   -0.00864592 -0.00734514 893.767
52 852   -0.00651381 -0.00729649 932.52
52 853   -0.00746202 -0.00780735 936.43
52 855   -0.00746292 -0.00854122 962.433
52 856   -0.00698973 -0.00901965 947.46
52 913   -0.00601545 0.00705018 814.609
52 914   -0.00685735 0.00619786 796.109
52 921   0.00628033 0.00940735 950.476
52 922   0.00601456 0.00885396 968.935
52 923   0.00670166 0.00840325 965.08
52 924   0.00691584 0.0092144 927.334
52 925   0.00738795 0.00873674 968.543
52 926   0.00701901 0.00869888 968.851
52 928   0.00740281 0.00913285 944.625
52 929   0.00716675 0.00937168 871.997
52 981   -0.00323494 -0.0113765 663.451
52 985   -0.00327656 -0.0114278 500.675
52 986   -0.00328534 -0.0113895 610.893
52 987   -0.00413321 -0.0107888 960.273
52 988   -0.00410755 -0.011038 962.429
52 989   -0.00365365 -0.0107883 928.448
52 990   -0.0038027 -0.0106207 949.049
52 991   -0.00378437 -0.0112427 915.835
52 992   -0.00376793 -0.0109908 921.236
52 993   -0.00389132 -0.0110724 940.725
52 994   -0.00364386 -0.011105 884.351
52 995   -0.00367313 -0.0112324 874.221
52 996   -0.00349048 -0.0111244 843.954
52 997   -0.00345308 -0.0112261 802.841
52 998   -0.00356784 -0.0113898 767.364
52 999   -0.00354071 -0.0112804 802.669
52 1000   -0.00360738 -0.0113061 826.049
52 1001   -0.00345024 -0.0114222 563.718
52 1002   -0.00349617 -0.0113374 758.944
52 1003   -0.00350618 -0.0113907 715.347
52 1004   -0.00339218 -0.0113364 718.086
52 1005   -0.00344262 -0.0113463 725.096
52 1006   -0.00342002 -0.0113906 625.809
52 1007   -0.00332754 -0.0113794 624.055
52 1008   -0.00335715 -0.0113652 661.709
52 1009   -0.00337999 -0.0113927 592.183
52 1010   -0.003364 -0.0114111 519.351
52 1011   -0.00333677 -0.0114027 553.772
52 1012   -0.00331757 -0.011429 466.505
52 1013   -0.00336646 -0.0114361 414.429
52 1014   -0.00336954 -0.0114935 41.3922
52 1015   -0.00335197 -0.0114864 70.555
52 1016   -0.00337923 -0.0114904 58.3955
52 1017   -0.00333484 -0.0114469 388.581
52 1018   -0.00332855 -0.01147 250.218
52 1019   -0.00338539 -0.0114626 261.708
52 1020   -0.00338688 -0.0114867 88.7022
52 1029   0.00245789 0.0106391 938.968
52 1030   0.00289226 0.0107581 908.911
52 1031   0.00296974 0.0110501 844.767
52 1072   0.00274337 -0.00811102 810.275
52 1073   0.00239888 -0.00875034 794.82
52 1074   0.00353035 -0.00848157 799.103
52 1077   0.00345807 -0.00899599 798.599
52 1078   0.00291364 -0.0092458 807.784
52 1108   -0.00513146 0.000674754 838.349
52 1109   -0.00680958 0.00146865 807.38
52 1110   -0.00616141 0.00280186 814.098
52 1111   -0.00238243 0.00198225 866.051
52 1112   -0.00484778 0.0026209 832.265
52 1113   -0.0041188 0.00139502 848.884
52 1114   -0.00186081 0.00484192 864.32
52 1115   -0.00381755 0.00324782 843.548
52 1116   -0.00240527 0.00316845 862.637
52 1117   -0.00474701 0.00495337 821.875
52 1118   -0.0038996 0.00419851 837.332
52 1119   -0.00299065 0.00525904 844.552
52 1120   -0.00436316 0.00584123 819.844
52 1121   -0.00331294 0.00618657 829.965
52 1122   -0.00452496 0.00789882 790.009
52 1123   -0.00492813 0.00693384 802.62
52 1124   -0.00300995 0.00721917 820.991
52 1125   -0.003657 0.00783881 804.379
52 1126   0.000985913 0.00417569 890.514
52 1127   0.00172783 0.00535982 901.172
52 1128   -0.000783707 0.0053943 878.622
52 1129   -0.00066441 0.00655631 880.341
52 1130   0.000580831 0.00660055 899.374
52 1131   -0.00129121 0.00755946 857.499
52 1132   -0.00223736 0.00784716 822.419
52 1133   -0.00233998 0.00871661 795.004
52 1134   -0.000625098 0.00937921 816.85
52 1135   -0.000497446 0.00849069 871.905
52 1138   -0.00350673 0.00875603 797.487
52 1139   -0.0029623 0.00900583 804.366
52 1140   0.0104848 0.00421633 748.558
52 1145   0.00877563 0.0053954 839.354
52 1146   0.00980641 0.00500758 789.447
52 1147   0.0100136 0.00585313 799.282
52 1148   0.00861112 0.00613136 866.641
52 1149   0.00935453 0.00635055 821.721
52 1150   0.00773801 0.00664551 902.606
52 1151   0.00800931 0.00734235 911.988
52 1153   0.00874995 0.00748981 896.66
52 1154   0.00922206 0.00701215 845.165
52 1208   0.00111965 0.00901961 927.272
52 1211   0.000649709 0.0080899 906.286
52 1212   0.000198231 0.0089769 889.309
52 1220   -0.00182028 0.00929683 768.718
52 1221   -0.00122269 0.00933802 784.841
52 1222   -0.0106654 -0.0039248 738.24
52 1225   -0.0093387 -0.00408128 786.534
52 1226   -0.00940686 -0.00625841 827.302
52 1227   -0.00865567 -0.0051983 842.072
52 1244   0.00802365 -0.00405942 795.623
52 1245   0.00850983 -0.00296449 805.38
52 1256   0.00141963 -0.00342211 871.862
52 1257   0.00316029 -0.00438285 846.638
52 1258   0.00251209 -0.00541447 852.141
52 1259   -0.000935233 -0.00446713 892.567
52 1260   0.00105473 -0.00495306 876.809
52 1261   0.000488132 -0.00395439 880.42
52 1262   0.000180995 -0.00546734 887.405
52 1263   -0.000918271 -0.00546427 897.407
52 1264   0.000935834 -0.00696996 874.172
52 1265   0.000143659 -0.00634807 890.163
52 1266   0.000927393 -0.00870213 840.614
52 1267   0.000719264 -0.00780162 874.123
52 1268   -0.000164546 -0.00794407 897.466
52 1269   -0.000370196 -0.00859532 902.759
52 1270   -3.6163e-05 -0.00958527 867.413
52 1271   0.000158567 -0.00911442 871.983
52 1272   -0.00236223 -0.007129 921.667
52 1273   -0.00150524 -0.00634347 906.551
52 1274   -0.000818244 -0.00749228 906.741
52 1275   -0.000726609 -0.00672794 901.818
52 1276   -0.00251495 -0.00872413 954.47
52 1277   -0.00152156 -0.00788428 921.118
52 1278   -0.00228691 -0.00790547 934.428
52 1279   -0.00160677 -0.00960542 966.133
52 1280   -0.00192063 -0.00905572 954.809
52 1281   -0.000965923 -0.00887925 923.674
52 1282   -0.00146359 -0.00862 934.284
52 1283   -0.000541847 -0.00948123 906.174
52 1284   -0.000942844 -0.00929432 931.617
52 1285   -0.00112665 -0.00958477 956.46
52 1288   -0.00057626 -0.00976138 904.565
52 1289   -0.000875055 -0.00978197 932.628
52 1438   -0.00832926 0.00407708 803.272
52 1439   -0.00881544 0.00298215 814.636
52 1457   -0.00534022 -0.0100917 963.277
52 1458   -0.00569817 -0.00930736 968.099
52 1459   -0.0064554 -0.00940373 941.393
52 1478   0.00398522 0.0111118 954.778
52 1480   0.00376358 0.011126 911.069
52 1481   0.00368712 0.0112696 873.896
52 1532   0.0113532 -0.000557831 680.893
52 1533   0.00780452 0.00202179 798.517
52 1534   0.00816245 0.00339112 810.398
52 1535   0.00916556 0.00298097 765.675
52 1536   0.00910131 0.00190371 751.312
52 1537   0.00851396 0.00131957 764.259
52 1538   0.00954298 6.12549e-05 724.256
52 1539   0.00881467 9.57701e-05 748.275
52 1540   0.0103515 0.00134473 713.206
52 1541   0.00967335 0.0013893 728.106
52 1542   0.00981431 0.000770643 719.074
52 1543   0.0110313 0.000576215 698.178
52 1544   0.0106143 0.000867083 705.683
52 1545   0.0103707 0.000585065 706.522
52 1546   0.010961 0.000303427 695.879
52 1547   0.0106145 0.000284967 700.401
52 1548   0.0106289 -2.96129e-05 697.722
52 1549   0.0105549 -0.000395215 697.279
52 1550   0.0108538 -0.000566727 690.4
52 1551   0.0110753 8.12776e-05 692.083
52 1552   0.0109907 -0.000291496 689.49
52 1553   0.010865 -0.000110754 693.194
52 1554   0.0112248 -4.47842e-06 689.189
52 1555   0.0111772 -0.000194451 687.457
52 1574   0.0116778 0.000428839 692.327
52 1577   0.0117365 -6.35195e-05 684.236
52 1578   0.0117939 0.000142034 687.596
52 1579   0.0116147 0.000211663 689.271
52 1580   0.0114248 6.0309e-05 688.067
52 1581   0.0115996 -0.000115978 683.987
52 1582   0.0114672 -6.17775e-05 685.906
52 1583   0.0113854 -0.000343414 682.769
52 1584   0.01133 -0.000216936 685.144
52 1585   0.0115716 -0.000469634 678.595
52 1586   0.0115801 -0.000266489 681.685
52 1587   0.0115031 -0.000338766 681.339
52 1588   0.0116474 -0.000345473 679.812
52 1589   0.0116497 -0.000449241 678.032
52 1590   0.0117666 -0.000325096 679.488
52 1591   0.0119027 -0.000491868 675.992
52 1592   0.0117317 -0.000492041 676.575
52 1593   0.0118937 -0.000406259 677.688
52 1594   0.0118101 -0.000404035 677.858
52 1595   0.011562 -0.000579039 677.239
52 1596   0.0114613 -0.000662588 678.048
52 1597   0.0116415 -0.000829108 673.689
52 1598   0.0115297 -0.000835184 675.741
52 1599   0.0117656 -0.000730421 672.208
52 1600   0.0116468 -0.000649266 675.056
52 1601   0.0116579 -0.00072674 673.98
52 1602   0.0117615 -0.000566653 674.977
52 1603   0.0117832 -0.000675676 672.781
52 1604   0.0117258 -0.00063022 674.234
52 1605   0.0118357 -0.000647105 672.82
52 1606   0.0118196 -0.000576819 674.352
52 1607   0.0118783 -0.000551694 674.73
52 1609   0.011927 -0.00059755 673.819
52 1610   0.0119312 -0.000679686 671.98
52 1611   0.0118969 -0.000645403 672.671
52 1628   0.0119699 -0.000773098 669.948
52 1629   0.0119564 -0.00076832 669.507
52 1630   0.0119435 -0.000778622 668.927
52 1638   -0.0119569 0.000717585 672.461
52 1641   -0.0119706 0.000760713 679.704
52 1642   -0.0119583 0.000745621 672.356
52 1649   0.00335359 0.0114969 46.5471
52 1652   0.00336854 0.0115132 4.78367
52 1653   0.00336557 0.011504 13.6824
52 1654   0.00337608 0.0115001 24.5034
52 1655   0.00340041 0.0114879 126.721
52 1656   0.00338483 0.0114855 128.187
52 1658   0.00338566 0.0115055 15.6273
52 1659   0.00339767 0.0114996 53.1323
end
