1295
52 174   0.00282245 -0.00109827 951.086
52 175   -0.00288698 0.00227973 952.137
52 176   0.00469145 -0.0020526 940.032
52 177   0.00102051 -0.00226203 957.399
52 178   0.000948132 0.00223484 958.125
52 179   -0.000877298 -0.00106204 956.256
52 180   -0.00475774 0.00129529 940.475
52 181   -0.000922251 0.00112356 955.977
52 182   0.00279502 0.00121299 952.724
52 183   0.00467964 0.00453068 956.097
52 184   -0.00292417 0.00429507 957.785
52 185   0.00449717 0.00233172 948.638
52 186   0.000945191 -0.00430623 963.034
52 187   0.00476339 -0.00408346 943.19
52 188   -0.000833114 -0.00529761 966.567
52 189   0.00608658 0.001565 937.183
52 190   0.0063262 0.00511133 946.589
52 191   -0.00669579 -0.00369976 940.503
52 192   0.00221067 -0.00543363 965.312
52 193   -0.00588233 -0.0049364 950.491
52 194   -0.000617135 -0.00691942 969.517
52 195   -0.00156622 -0.00801179 969.196
52 196   0.00354498 -0.00534979 959.708
52 197   0.000837903 -0.00759266 967.993
52 198   0.00188741 -0.00709825 969.124
52 199   -0.000593681 -0.00919754 964.175
52 200   0.00698406 0.00618828 943.531
52 201   -0.000558116 0.00792112 966.885
52 202   -0.00688863 -0.00609506 945.612
52 203   0.000736952 -0.00890793 958.083
52 204   0.00742608 0.0040255 932.233
52 205   -0.00562649 -0.00771052 968.51
52 206   -0.00804949 -0.00413841 925.768
52 207   -0.00666362 -0.00713619 958.642
52 208   -0.00151846 0.00880812 948.829
52 209   0.00846363 0.00449046 914.295
52 210   0.00145079 -0.00950216 939.055
52 211   0.00833384 0.00580978 910.94
52 212   -0.00784873 -0.00585953 924.11
52 213   0.00904779 0.00627148 886.539
52 214   0.00922212 0.00413709 907.184
52 215   -0.00819614 -0.00513952 915.36
52 216   0.00932776 0.00354621 932.023
52 217   -0.00871327 -0.00376325 924.979
52 218   -0.008676 -0.00691931 912.141
52 219   -0.00894791 -0.00319463 947.872
52 220   0.0013634 -0.0102823 935.782
52 221   0.00871353 0.00519778 902.194
52 222   -0.0084471 -0.00633252 911.293
52 223   -0.00280909 0.0096909 877.111
52 224   -0.00887306 -0.00535326 898.305
52 225   -0.00935474 -0.00683568 887.342
52 226   -0.00962616 -0.00368209 923.796
52 227   -0.00927804 -0.00441311 901.131
52 228   0.00203455 -0.0104243 902.655
52 229   0.00967568 0.00599544 810.855
52 230   -0.00894879 -0.00592362 894.237
52 231   0.0024461 -0.0100736 884.956
52 232   0.00940279 0.00524722 860.862
52 233   0.00973748 0.00456358 869.817
52 234   -0.00969045 -0.00424375 896.129
52 235   -0.00925106 -0.00516823 881.643
52 236   -0.00939571 -0.00485016 881.372
52 237   0.00174733 -0.0113038 943.017
52 238   -0.00935339 -0.00603907 864.174
52 239   -0.0100668 -0.00458825 845.403
52 240   0.00281125 -0.0102799 856.073
52 241   0.00316966 -0.0102597 837.758
52 242   -0.00953045 -0.00636434 849.306
52 243   0.00965099 0.00558318 808.844
52 244   0.00216355 -0.0107778 891.562
52 245   0.00966825 0.00496639 838.437
52 246   0.0101244 0.0046044 827.142
52 247   -0.00962687 -0.00547769 822.023
52 248   -0.00965347 -0.00577817 810.942
52 249   -0.00991949 -0.00625294 779.468
52 250   0.0100596 0.00608908 746.159
52 251   0.00279331 -0.0106714 836.125
52 252   -0.0100797 -0.00492175 793.856
52 253   -0.00982101 -0.0050143 818.555
52 254   0.00202822 -0.0110478 906.907
52 255   0.00255716 -0.0108186 850.11
52 256   -0.00996396 -0.00592602 752.029
52 257   -0.00989789 -0.00533072 776.496
52 258   0.0100086 0.00511224 770.437
52 259   0.00257824 -0.0110946 835.511
52 260   0.00233912 -0.0114282 883.532
52 261   0.00232535 -0.0111982 873.672
52 262   -0.0101815 -0.00580165 713.699
52 263   0.00999253 0.00551538 742.905
52 264   -0.0101421 -0.00543083 725.503
52 265   -0.0103505 -0.00511272 739.083
52 266   0.0101973 0.00497774 762.925
52 267   0.00276714 -0.0112288 793.801
52 268   0.0100847 0.00532527 737.448
52 269   -0.0027692 0.0112131 789.603
52 270   -0.0103361 -0.00530538 713.772
52 271   0.0102071 0.00580873 710.84
52 272   0.0103916 0.00510988 726.981
52 273   0.0101647 0.0056473 712.645
52 274   -0.0102198 -0.00560207 708.079
52 275   -0.00314072 0.0112119 731.901
52 276   -0.0103453 -0.0058517 699.086
52 277   -0.00284933 0.0113819 746.031
52 278   0.0103781 0.00579985 695.54
52 279   -0.010399 -0.00558779 690.699
52 280   -0.00304331 0.0113587 676.783
52 281   -0.00295423 0.0114056 680.674
52 282   -0.0104695 -0.00551267 687.316
52 283   -0.0104473 -0.00571604 686.915
52 284   -0.0104627 -0.00565172 684.524
52 285   -0.0105635 -0.00553634 678.19
52 286   -0.00295605 0.0114962 576.041
52 287   -0.010569 -0.00558326 675.509
52 288   -0.00303513 0.011519 384.696
52 289   -0.00299852 0.0115226 446.698
52 290   -0.0105387 -0.00562352 678.014
52 291   -0.0106585 -0.00550551 765.689
52 292   0.00304752 -0.0116041 2.66637
52 293   -0.0106627 -0.0054999 868.763
52 294   0.00359249 0.00565205 964.761
52 295   0.00381976 0.00723223 969.049
52 338   -0.00103607 -0.0100465 960.923
52 339   -0.000428902 -0.0105854 956.882
52 351   -0.00644495 0.00200723 923.374
52 352   -0.00814335 0.00103814 907.255
52 353   -0.00800267 0.00334814 900.688
52 354   -0.00658694 0.00315304 920.162
52 355   -0.00808958 0.00446435 900.289
52 377   0.00901457 0.00691869 902.094
52 378   -0.0042693 0.00538938 954.744
52 379   0.0011794 0.00390468 962.094
52 380   0.00245424 0.00505243 964.53
52 381   0.00171264 0.00613428 968.199
52 382   -0.00135913 0.00479047 964.534
52 383   0.000177641 0.00442731 964.222
52 384   0.000697957 0.00554573 967.293
52 385   -0.00135337 0.00584361 967.915
52 386   -0.000696186 0.00700924 969.522
52 387   -0.000187396 0.00602138 968.605
52 388   -0.00206067 0.00652826 969.212
52 389   -0.00166365 0.00713469 969.406
52 390   -0.0037209 0.00661073 966.049
52 391   -0.00282293 0.00676028 969.244
52 392   -0.00497855 0.00733799 960.457
52 393   -0.00370368 0.00756748 969.214
52 394   -0.00418147 0.0070321 966.347
52 396   -0.00494149 0.00800629 966.695
52 398   0.00401218 -0.006624 964.74
52 400   0.00494272 -0.00799944 966.737
52 451   -0.00304999 0.0115576 193.247
52 455   -0.0105028 -0.00544322 691.152
52 456   -0.0104991 -0.00536698 698.657
52 457   0.0102667 0.00533998 711.439
52 458   0.0103849 0.00525909 708.972
52 459   0.0102871 0.00554817 700.703
52 460   0.010297 0.00543097 703.592
52 461   0.0103611 0.00557942 693.384
52 462   0.0104097 0.00566967 689.325
52 463   0.0104734 0.00566983 684.258
52 464   0.0105424 0.00562237 677.74
52 465   0.0104804 0.00561643 682.815
52 466   0.0105361 0.005307 698.328
52 467   0.0104619 0.00530451 701.195
52 468   0.010376 0.00540361 698.551
52 469   0.0104227 0.00535805 698.522
52 470   0.0103861 0.00550771 692.803
52 471   0.0103911 0.0054491 694.914
52 472   0.0104405 0.00544647 691.248
52 473   0.010454 0.0055615 685.305
52 474   0.0104232 0.00552333 689.046
52 475   0.010448 0.00548682 688.465
52 476   0.0104758 0.00550524 685.367
52 477   0.010482 0.00554472 683.368
52 478   0.0105461 0.00557254 677.239
52 479   0.010512 0.00554983 680.67
52 481   0.0106359 0.00548087 679.668
52 485   0.00662498 0.00706596 957.702
52 486   0.00454475 0.00798536 969.3
52 487   0.00560495 0.00786351 968.876
52 494   -0.00563396 -0.00863537 965.817
52 495   -0.00486681 -0.00922975 952.163
52 496   -0.00625366 -0.0093443 925.135
52 497   -0.00626512 -0.00876779 962.587
52 498   -0.00670635 -0.00946134 901.689
52 538   -0.0050221 -0.000372834 940.996
52 539   -0.00616623 -0.00254386 941.441
52 540   -0.00676924 -0.00130414 933.341
52 541   -0.00247525 -0.00161913 954.662
52 542   -0.00408945 -0.00103783 947.852
52 543   -0.00474873 -0.00218729 947.577
52 544   -0.00202904 -0.00436594 963.049
52 545   -0.00247818 -0.00274931 957.212
52 546   -0.00379088 -0.00278788 953.763
52 547   -0.00466188 -0.00492132 958.245
52 548   -0.00295235 -0.00492546 963.318
52 549   -0.00373113 -0.00388356 957.634
52 550   -0.00476824 -0.00716355 968.087
52 551   -0.00335651 -0.00597493 966.301
52 552   -0.00440969 -0.00595151 963.935
52 553   -0.00269009 -0.00781599 969.484
52 554   -0.00408903 -0.00753252 969.391
52 555   -0.00334109 -0.00684143 968.703
52 556   -0.00318592 -0.00855358 968.741
52 557   -0.00430198 -0.00906591 961.629
52 558   -0.00405827 -0.00828182 968.992
52 559   -0.00305859 -0.00925428 966.597
52 560   -0.00380068 -0.00942106 962.094
52 561   -0.00197818 -0.010079 963.445
52 562   -0.00253233 -0.00973496 965.961
52 563   -0.00193799 -0.0108507 956.996
52 564   -0.00240691 -0.0111118 964.076
52 565   -0.00277554 -0.010726 968.166
52 566   -0.00286076 -0.0101209 966.466
52 567   -0.00371571 -0.00992269 960.052
52 568   -0.00330205 -0.0101419 965.756
52 569   -0.00408121 -0.0102385 950.837
52 600   -0.00156937 -0.0112365 937.646
52 601   -0.00100239 -0.0110037 948.817
52 602   -0.000698806 -0.0112731 942.697
52 603   -0.000939775 -0.0115891 890.75
52 604   -0.00071746 -0.0117913 872.83
52 605   -0.000455929 -0.0117681 942.146
52 606   0.00407306 0.00893685 964.315
52 609   0.0044316 0.009601 948.782
52 610   0.00394235 0.0101054 954.788
52 611   0.00412162 0.0104375 949.377
52 618   -0.00746963 -0.00758727 952.71
52 619   -0.00832698 -0.00737986 930.044
52 621   -0.00862965 -0.00779629 932.424
52 622   -0.00832077 -0.008207 945.038
52 631   0.00753617 -0.00395291 905.502
52 632   0.00608531 -0.00455297 927.52
52 633   0.00803901 -0.00485343 903.549
52 661   -0.00154928 -0.0116223 907.803
52 696   0.00266419 -0.0077058 964.854
52 697   0.00345466 -0.0073154 969.438
52 699   -0.00610794 -0.00972586 888.699
52 700   -0.00582797 -0.00991247 875.612
52 775   -0.0105974 -0.00543045 689.248
52 777   -0.00228891 0.0115001 894.326
52 778   -0.00239372 0.0116073 888.972
52 779   -0.000611972 0.00996259 952.279
52 780   -0.00133055 0.00945313 940.348
52 781   -0.00238642 0.00984383 892.735
52 782   -0.00182703 0.0097004 921.685
52 783   -0.00165227 0.0101141 922.821
52 784   -0.00238908 0.0102158 881.355
52 785   -0.00203424 0.0102994 901.72
52 786   -0.00129298 0.0103689 937.758
52 787   -0.000749166 0.0104646 953.453
52 788   -0.00122982 0.011584 968.499
52 789   -0.00133665 0.0108174 944.645
52 790   -0.00160991 0.0110102 937.896
52 791   -0.00156006 0.0114052 956.58
52 792   -0.00202866 0.0106363 899.825
52 793   -0.0018526 0.0109188 917.124
52 794   -0.0020162 0.0111787 910.055
52 795   -0.00332121 0.0106837 800.236
52 796   -0.00316434 0.0104437 826.218
52 797   -0.00311063 0.0109833 778.776
52 798   -0.00289308 0.01097 799.874
52 799   -0.0026262 0.0104523 858.331
52 800   -0.00288206 0.0105305 836.977
52 801   -0.00282138 0.0107572 826.157
52 802   -0.00226445 0.0106869 879.925
52 803   -0.00262389 0.0107715 842.622
52 804   -0.00250715 0.0105866 861.396
52 805   -0.00220282 0.0110746 884.979
52 806   -0.00227501 0.0108652 876.308
52 807   -0.00248737 0.0108783 852.833
52 808   -0.00260188 0.0111721 824.159
52 809   -0.00248047 0.0110292 848.934
52 810   -0.0023499 0.0111461 865.81
52 811   -0.00253016 0.0112866 834.801
52 812   -0.00237149 0.0113792 869.307
52 813   -0.00238437 0.0112671 862.571
52 814   -0.00251656 0.0115254 849.605
52 815   -0.00256399 0.0113816 825.747
52 816   -0.00247059 0.0114157 850.552
52 817   -0.00267268 0.011599 810.562
52 818   -0.00263045 0.0114474 809.57
52 819   -0.00258946 0.0115351 830.028
52 820   -0.00278473 0.011457 755.465
52 821   -0.00269934 0.0114684 787.939
52 822   -0.00273587 0.0115494 777.215
52 823   -0.0028532 0.0116023 666.71
52 824   -0.00283544 0.0115137 712.146
52 825   -0.00280707 0.0115622 730.491
52 826   -0.00292081 0.0115277 586.849
52 827   -0.0028829 0.0115307 647.061
52 828   -0.00288634 0.0115765 608.299
52 832   -0.0029322 0.0115613 512.868
52 833   -0.00292516 0.0116076 447.471
52 834   -0.00291191 0.0115858 526.894
52 835   -0.00296379 0.0116042 294.157
52 836   -0.0029483 0.0115714 449.44
52 837   -0.00294259 0.0115947 415.38
52 838   -0.00299018 0.0115608 344.877
52 839   -0.00296858 0.0115674 395.917
52 840   -0.00297744 0.0115894 286.303
52 841   -0.00300399 0.0115744 244.508
52 842   -0.0029941 0.0115913 200.153
52 843   -0.0030351 0.011574 118.245
52 844   -0.00301777 0.0115789 152.879
52 845   0.00344212 -0.0100027 837.693
52 858   0.00335233 -0.0105551 812.527
52 860   0.00302488 -0.0107587 812.149
52 861   0.00331821 -0.0108092 791.137
52 862   0.00322548 -0.0106626 809.203
52 863   0.00319508 -0.011086 760.158
52 864   0.00319779 -0.0109024 786.395
52 865   0.00303742 -0.0109082 796.41
52 866   0.003085 -0.0111548 757.321
52 867   0.00291391 -0.0111823 773.963
52 868   0.00297371 -0.0110503 785.717
52 869   0.0031053 -0.0113751 638.557
52 870   0.00307065 -0.0112745 722.878
52 871   0.00297975 -0.0112991 733.317
52 872   0.00304829 -0.0114214 609.749
52 873   0.00298374 -0.0113869 689.389
52 874   0.00304577 -0.011476 510.534
52 875   0.00300354 -0.0114973 507.419
52 876   0.00303644 -0.0115419 298.395
52 877   0.0030068 -0.0115349 403.393
52 879   0.00183886 -0.0115825 953.738
52 880   0.00213352 -0.0115565 928.229
52 889   0.00250373 -0.0115436 864.383
52 893   0.002708 -0.0113902 791.431
52 894   0.00259934 -0.0114801 828.385
52 895   0.00267404 -0.0115836 816.132
52 896   0.00280379 -0.0114517 756.059
52 897   0.0027616 -0.0115357 769.582
52 900   0.00282649 -0.011585 730.619
52 902   0.00289855 -0.0115987 565.312
52 903   0.00286457 -0.0115616 673.477
52 904   0.00294469 -0.0114311 677.777
52 905   0.00288971 -0.0114513 705.487
52 906   0.00296702 -0.0114869 584.923
52 907   0.00293428 -0.0115114 596.765
52 908   0.00288037 -0.0115262 669.567
52 909   0.00289086 -0.0114975 675.532
52 910   0.00292231 -0.0115753 525.822
52 911   0.00291057 -0.0115424 600.67
52 912   0.00293699 -0.0115377 550.794
52 913   0.00296477 -0.0116017 297.217
52 914   0.00295345 -0.011559 468.532
52 915   0.00294402 -0.0115823 444.559
52 916   0.00297926 -0.011586 293.813
52 917   0.00297171 -0.0115642 401.148
52 918   0.00299125 -0.011556 367.53
52 919   0.00300243 -0.0115687 280.911
52 920   0.00299516 -0.011587 217.93
52 921   0.00303632 -0.0116051 4.42466
52 924   0.00300614 -0.0116004 78.1821
52 927   0.00610551 0.00852636 967.348
52 928   0.0071751 0.00843819 966.601
52 929   0.00741565 0.00894214 967.855
52 930   0.00581126 0.0090744 950.21
52 944   0.00180204 0.0101894 961.948
52 945   0.000150474 0.0102229 957.473
52 946   0.000820957 0.00976446 961.301
52 947   0.00052882 0.0109156 955.083
52 948   0.000387542 0.0116877 953.936
52 949   0.000695018 0.0117146 891.431
52 953   0.00442228 0.0109283 936.416
52 955   -0.00114176 -0.0117263 846.919
52 956   -0.00130477 -0.0116847 881.378
52 963   0.00492537 0.00963433 931.188
52 964   0.00533277 0.00939637 935.03
52 965   0.00553975 0.0101949 852.984
52 966   0.00565708 0.0098046 891.895
52 967   0.0052084 0.0102428 863.776
52 968   0.00491833 0.0100905 901.948
52 969   0.00460383 0.0103893 909.426
52 970   0.00462624 0.0106864 885.778
52 971   0.00484079 0.0107831 813.608
52 972   0.00520161 0.0105761 816.999
52 973   0.00501529 0.0107002 798.068
52 1024   -0.00545013 -0.00992141 888.051
52 1025   -0.00497441 -0.00975266 925.858
52 1026   -0.0053429 -0.0104117 834.795
52 1057   0.0016916 0.0107626 955.483
52 1058   0.00108887 0.0110303 945.89
52 1060   0.00165319 0.0115752 917.47
52 1136   -0.0059702 0.00414363 928.996
52 1137   -0.00530257 0.00507658 941.099
52 1138   -0.00704791 0.00483327 915.434
52 1139   -0.00585945 0.00595067 934.514
52 1140   -0.00689693 0.00560981 918.652
52 1142   -0.00743159 0.00598268 914.141
52 1143   -0.00709358 0.00647721 911.81
52 1156   -0.00447561 0.00811138 969.293
52 1157   -0.00403488 0.00797847 966.411
52 1158   -0.0039912 0.00855061 917.57
52 1160   -0.00455469 0.00859775 963.963
52 1161   -0.00430918 0.00876929 927.956
52 1162   -0.00658765 0.00674098 912.751
52 1163   -0.00557999 0.00724047 947.502
52 1164   -0.00588818 0.00658732 935.061
52 1165   -0.00652497 0.0072226 913.789
52 1166   -0.00603395 0.00756568 937.213
52 1168   0.00586272 -0.00575351 934.368
52 1169   0.00529183 -0.00729031 954.478
52 1170   0.00500801 -0.00655822 953.503
52 1171   0.00647447 -0.00701158 915.431
52 1172   0.00598345 -0.00735467 937.541
52 1216   0.00447416 -0.00805303 969.493
52 1217   0.00387832 -0.00784079 967.866
52 1219   0.004552 -0.00854625 964.995
52 1220   0.00430649 -0.00871779 929.063
52 1226   0.00732179 -0.00549373 913.693
52 1227   0.00659636 -0.00579375 920.913
52 1228   0.00667877 -0.00649128 914.089
52 1230   0.00757321 -0.00594399 913.54
52 1231   0.0072352 -0.00643852 912.723
52 1287   -0.00304475 0.0115838 45.064
52 1294   0.00822015 -0.000116431 909.483
52 1295   0.00609219 -0.00116632 927.595
52 1296   0.00641468 0.000150193 928.887
52 1298   0.00887985 -0.00125684 898.368
52 1299   0.00843594 -0.00307928 897.759
52 1300   0.00775633 -0.00201504 909.013
52 1376   0.000892769 -0.0106253 953.439
52 1377   0.000256697 -0.0106737 960.415
52 1378   0.00123207 -0.0111847 960.337
52 1379   0.000878087 -0.0115028 969.285
52 1380   0.000438865 -0.0113943 969.075
52 1381   0.000156774 -0.0111246 965.281
52 1382   -0.00020468 -0.0115986 963.346
52 1383   -0.000225241 -0.0113057 960.076
52 1385   0.000328662 -0.0116987 968.531
52 1386   6.71314e-05 -0.0117219 969.393
52 1407   -0.00300294 0.0116042 89.2158
52 1408   0.00633162 0.009186 937.808
52 1409   0.00670721 0.00958004 884.106
52 1410   0.00686642 0.00914192 942.299
52 1411   0.00698669 0.00939389 907.091
52 1412   0.00598844 0.00975665 887.288
52 1413   0.00618449 0.00946002 914.224
52 1414   0.00643981 0.00960209 891.273
52 1417   0.00615059 0.00996076 861.281
52 1418   0.00633691 0.00983666 869.348
52 1454   -0.00309611 0.0114135 591.884
52 1455   -0.00306737 0.011478 478.306
52 1492   0.0106027 0.00556407 672.588
52 1493   0.0105726 0.00555896 675.294
52 1494   0.010534 0.00536178 693.133
52 1495   0.0104797 0.00538138 693.546
52 1496   0.0104825 0.00542431 689.973
52 1499   0.0105797 0.00538245 690.163
52 1500   0.0106159 0.00543463 684.573
52 1501   0.0105814 0.00541663 686.648
52 1502   0.010594 0.00547783 679.729
52 1503   0.0106166 0.00546775 680.711
52 1504   0.0105255 0.0054396 686.36
52 1505   0.0105616 0.00543209 685.452
52 1506   0.0105735 0.00546017 682.269
52 1507   0.0105028 0.0054906 684.061
52 1508   0.0105229 0.00546406 684.521
52 1509   0.010552 0.0054713 682.206
52 1510   0.010522 0.00552383 680.785
52 1511   0.0105189 0.00550409 682.073
52 1512   0.010545 0.00549159 680.998
52 1513   0.0105588 0.00553181 677.375
52 1514   0.0105423 0.00551939 679.368
52 1515   0.0105538 0.00550327 679.553
52 1516   0.0105889 0.00550191 677.393
52 1517   0.0105721 0.00552503 676.727
52 1518   0.0105686 0.00550635 678.287
52 1519   0.0106037 0.00554 673.257
52 1520   0.0105979 0.00551306 675.805
52 1521   0.0105869 0.00552811 675.355
52 1523   0.010624 0.00553556 671.787
52 1524   0.0106352 0.00549637 677.411
52 1525   0.0106473 0.00551585 673.225
52 1526   0.0106272 0.00551976 673.234
52 1527   0.010618 0.00550915 675.175
52 1528   0.0106599 0.0055056 685.416
52 1529   0.0106488 0.00549535 679.179
52 1530   0.0106517 0.00550421 678.794
52 1531   -0.0106406 -0.00550099 690.518
52 1532   -0.0105992 -0.00546857 684.723
52 1533   -0.0106308 -0.00551656 675.985
52 1534   -0.0105987 -0.00550501 679.117
52 1539   -0.0106373 -0.00548622 684.661
52 1540   -0.010628 -0.00546535 686.36
52 1543   -0.00301828 0.0115908 85.3788
52 1544   -0.00301334 0.0115993 68.0846
52 1545   -0.00302424 0.0116063 13.3793
52 1546   -0.00303683 0.0115918 26.0244
52 1547   -0.00302769 0.011594 42.6878
52 1548   -0.00303067 0.0116018 12.064
52 1551   -0.00304088 0.0116069 3.8564
52 1552   -0.00304213 0.0115969 9.54322
52 1553   -0.00303844 0.0116026 6.44708
52 1612   0.00910884 0.000577981 909.728
52 1770   0.00140918 0.0116376 891.306
52 1772   0.00111858 0.011447 911.494
52 1773   0.000930092 0.0117072 852.147
52 1833   -0.00513292 -0.0105516 823.445
52 1851   -0.0044042 -0.0102874 930.005
52 1852   -0.0046476 -0.0101393 916.743
52 1853   -0.00491335 -0.010448 860.88
52 1854   -0.0044159 -0.0108198 928.058
52 1855   -0.00449931 -0.0105813 912.84
52 1856   -0.00485019 -0.0108545 782.365
52 1857   -0.00477059 -0.0106575 851.751
52 1860   -0.00469869 -0.0109219 828.768
52 1861   -0.00453569 -0.0109635 906.037
52 1969   0.00843678 0.00729779 925.97
52 1970   0.00764025 0.00734688 946.329
52 1971   0.00768982 0.00805626 953.831
52 1973   0.00834809 0.00819061 948.469
52 1974   0.0086246 0.00782372 934.824
52 2017   -0.0037788 0.0094322 825.331
52 2224   0.00267952 -0.00844922 941.666
52 2225   0.00229298 -0.00910675 923.6
52 2226   0.00261714 -0.00953617 894.164
52 2241   -0.00913453 0.00169941 899.287
52 2242   -0.00885186 0.00286359 897.543
52 2261   -0.00798929 -0.00835021 947.794
52 2262   -0.00744082 -0.00814691 961.227
52 2263   -0.00714931 -0.00846921 968.5
52 2264   -0.00677215 -0.00861631 968.805
52 2265   -0.0068735 -0.00923378 933.046
52 2266   -0.00692783 -0.00896528 960.876
52 2267   -0.00720207 -0.00906693 958.952
52 2269   -0.00721773 -0.00928878 931.718
52 2270   -0.00707775 -0.00938208 909.835
52 2284   -0.00222027 0.00843149 948.536
52 2285   -0.00222739 0.00766993 966.283
52 2286   -0.00273525 0.00740803 968.682
52 2287   -0.00315543 0.00779387 964.676
52 2288   -0.00306559 0.00833257 942.133
52 2289   -0.00285563 0.00917926 894.893
52 2290   -0.00263829 0.00870829 929.528
52 2291   -0.00357016 0.00867833 889.446
52 2292   -0.00347815 0.00910799 852.831
52 2333   -0.00792342 -0.00875441 953.536
52 2336   -0.0075578 -0.00876582 967.542
52 2337   -0.00745487 -0.00901457 968.062
52 2484   0.00883904 0.00286752 946.831
52 2485   0.00863473 0.00145161 925.539
52 2486   0.00928857 0.00208223 939.135
52 2487   0.00769586 0.00299344 934.527
52 2488   0.00741795 0.002172 933.098
52 2499   -0.00911501 -0.00230934 944.175
52 2502   -0.00812968 -0.00119957 926.973
52 2503   -0.00877735 -9.88348e-05 908.374
52 2647   -0.00176594 0.0115705 955.24
52 2648   -0.0021179 0.0115732 927.203
52 2649   -0.0019794 0.0114355 929.51
52 2736   0.00339806 -0.00963254 849.431
52 2737   0.00311145 -0.00933815 875.325
52 2738   0.00400203 -0.00862308 902.933
52 2739   0.00324338 -0.00845732 931.818
52 2740   0.0036517 -0.0082393 950.938
52 2741   0.00338158 -0.00878872 894.91
52 2742   0.00332072 -0.00904493 877.274
52 2743   0.00376744 -0.0088602 844.845
52 2746   0.00376985 -0.00950317 828.279
52 2747   0.00365696 -0.00922786 838.348
52 2748   0.00389952 -0.00915214 804.945
52 2769   0.00305755 -0.0115313 307.799
52 2770   0.00307013 -0.011503 413.194
52 2800   -0.00340114 -0.0105541 968.339
52 2801   -0.0031517 -0.0109663 969.537
52 2802   -0.00327209 -0.0112272 967.846
52 2803   -0.00375262 -0.0109446 969.404
52 2804   -0.00394247 -0.0105192 960.068
52 2805   -0.00367605 -0.0106156 967.822
52 2806   -0.00405732 -0.0110126 969.042
52 2807   -0.00418204 -0.0108066 957.626
52 2810   -0.0035166 -0.0111648 966.062
52 2811   -0.0036796 -0.0111232 966.399
52 2823   -0.000517371 0.0109492 963.223
52 2824   -1.8311e-06 0.0111399 962.928
52 2825   6.22527e-05 0.011488 966.534
52 2826   -0.000900302 0.011075 962.875
52 2827   -0.000843331 0.0114465 969.098
52 2829   -0.000535826 0.0116567 968.759
52 2830   -0.000256807 0.0116811 968.815
52 2842   0.00301648 -0.0115739 179.967
52 2843   0.00304319 -0.0115864 24.1618
52 2844   0.00304712 -0.0115776 64.4109
52 2845   0.00303493 -0.0115682 144.933
52 2846   0.00301769 -0.0115914 74.7107
52 2847   0.00303089 -0.0115975 13.9974
52 2848   0.00304056 -0.0115923 12.033
52 2906   -0.00328947 0.0101988 834.469
52 2907   -0.00319274 0.00989618 850.533
52 2908   -0.00353993 0.00970874 839.518
52 2910   -0.00358904 0.0101184 826.686
52 2911   -0.00368429 0.00990444 829.605
52 3028   0.0008539 0.00889944 965.889
52 3029   0.000425188 0.00796145 968.471
52 3030   0.00155619 0.0071442 969.578
52 3031   0.001822 0.00853651 968.558
52 3032   0.00290234 0.00765721 969.625
52 3033   0.00214781 0.00762786 969.612
52 3034   0.00242213 0.00881444 968.16
52 3035   0.00340803 0.00890131 967.178
52 3036   0.0029623 0.00837479 969.081
52 3037   0.00233017 0.00986468 965.223
52 3038   0.00254005 0.00934003 966.658
52 3039   0.0031487 0.00941222 965.741
52 3040   0.00275135 0.0100748 965.774
52 3041   0.00346482 0.010091 963.955
52 3042   0.00318411 0.00981337 964.746
52 3043   0.00283924 0.0103447 966.611
52 3044   0.00322489 0.0103601 967.209
52 3045   0.0023528 0.0114193 960.568
52 3046   0.00204005 0.0109085 957.39
52 3047   0.00189059 0.0113253 944.886
52 3048   0.00256131 0.0111106 967.141
52 3049   0.00265298 0.0105763 966.755
52 3050   0.00238542 0.010777 964.556
52 3051   0.00309991 0.0112568 968.898
52 3052   0.0028204 0.0110728 969.209
52 3053   0.00283734 0.0107469 968.454
52 3054   0.00328613 0.0110769 969.013
52 3055   0.0031404 0.0107925 969.367
52 3056   0.0033417 0.0106372 969.005
52 3057   0.00375151 0.0109769 969.238
52 3058   0.00388586 0.0106588 964.462
52 3059   0.00363594 0.0107418 969.206
52 3060   0.00405331 0.0110321 969.153
52 3061   0.00416411 0.0108523 960.926
52 3063   0.00368434 0.011136 966.076
52 3064   0.00352167 0.0111775 965.975
16 1   -0.0449782 0.00325316 961.217
16 2   -0.0451576 -0.00292912 961.27
16 3   -0.04114 -0.00645506 959.56
16 4   -0.0384824 -0.00714694 956.989
16 5   0.00297629 -0.019389 939.642
16 6   0.00525146 -0.0178656 924.115
16 7   0.00672675 -0.0226711 887.081
16 8   0.00672675 -0.0192115 913.82
16 9   0.00493537 -0.0159151 925.674
16 10   0.00577759 -0.0146929 910.092
16 11   0.00686693 -0.0141845 900.309
16 12   -0.00685533 0.0147343 946.749
16 13   0.0031348 -0.0152859 948.671
16 14   -0.00595918 0.0137848 925.025
16 15   -0.0057715 0.0129334 901.474
16 16   0.00316573 -0.0140402 951.366
16 17   0.00467082 -0.0135491 909.245
16 18   -0.00302236 0.0135872 968.923
16 19   0.00175955 -0.0136367 967.472
16 20   0.00385952 -0.0135257 934.117
16 21   0.00248712 -0.0135354 964.731
16 22   0.00483516 -0.0127679 888.026
16 23   0.0015734 -0.0129138 969.422
16 24   0.0036072 -0.0128207 946.339
16 25   0.00319307 -0.0126692 965.705
16 26   -0.00323842 0.0125782 967.139
16 27   0.00435496 -0.0118753 815.016
16 28   -0.00311919 0.0122385 929.908
16 29   -0.00271232 0.0121943 900.925
16 30   -0.00293087 0.0121589 884.523
16 31   -0.00326122 0.012081 910.483
16 32   0.0033634 -0.0120972 967.847
16 317   -0.00239482 -0.0149284 954.163
16 318   -0.00153101 0.0126102 968.314
16 320   -0.0511395 0.023992 902.46
16 326   -0.00881889 -0.0274907 968.361
16 333   -0.00876657 0.0271856 968.655
16 334   -0.038712 0.0282585 965.107
16 340   -0.0329419 -0.0230774 945.137
16 341   -0.00551398 0.0240831 947.87
16 349   -0.043297 0.0168072 952.269
16 358   0.00109799 -0.012717 968.774
16 362   -0.00666766 0.0123507 880.441
16 363   -0.00597187 0.0116477 800.997
16 364   -0.00645632 0.0110806 785.006
16 366   -0.0501576 -0.00542592 963.412
16 368   -0.0489864 -0.00938851 965.951
16 369   -0.0513288 -0.0114629 968.523
16 370   -0.0435765 -0.010915 960.448
16 371   -0.0464229 -0.0113516 965.433
16 372   -0.0421371 -0.012721 955.561
16 373   -0.0433701 -0.0151956 956.678
16 374   -0.0397006 -0.0118752 951.301
16 375   -0.0387182 -0.0133491 943.084
16 402   -0.029793 -0.0245516 963.54
16 403   -0.0265202 -0.0225 965.951
16 404   -0.0315098 -0.0335258 967.584
16 405   -0.0281819 -0.0310258 969.64
16 406   -0.0295757 -0.0280774 969.234
16 407   -0.0324063 -0.0291033 969.462
16 408   -0.033401 -0.0320516 966.005
16 420   -0.00511352 0.0115637 756.233
16 499   -0.0411458 0.0249986 967.572
16 500   -0.0391975 0.0261912 967.803
16 503   -0.0423505 0.0186867 933.076
16 504   -0.0429358 0.0207024 949.046
16 507   -0.0423641 -0.0198192 929.346
16 508   -0.0420413 -0.0170662 936.785
16 513   0.00476683 0.0260276 864.605
16 514   0.00658894 0.0246462 881.027
16 515   0.00642381 0.0208216 940.708
16 516   0.00551276 0.0228928 914.689
16 517   0.00514431 0.019634 956.761
16 518   0.00299194 0.0202688 957.914
16 519   0.00675859 0.0172024 969.022
16 520   0.00547908 0.0183155 965.677
16 521   0.00399626 0.0176938 968.562
16 522   0.00597211 0.0163278 969.046
16 523   0.00448929 0.0166263 969.537
16 524   0.00310986 0.0153566 965.427
16 525   0.0047248 0.0150904 961.158
16 526   0.00407352 0.0159071 968.199
16 527   0.00436332 0.0145532 954.745
16 528   0.00344473 0.0145664 957.833
16 529   0.00315749 0.0139871 951.13
16 530   0.00257566 0.0136333 946.708
16 531   0.00288062 0.0131793 944.983
16 532   0.00261562 0.0126826 946.381
16 533   0.00289949 0.0122993 961.918
16 534   0.00329515 0.0123701 959.738
16 536   0.00342617 0.0120789 967.615
16 571   -0.00580726 -0.0160028 898.43
16 572   -0.00127659 -0.0144904 964.268
16 573   -0.00160304 -0.0197911 965.302
16 574   -0.00230481 -0.0163584 956.171
16 575   -0.00399755 -0.0170222 923.055
16 576   -0.00376363 -0.018722 914.672
16 577   -0.000766097 -0.0170816 969.015
16 578   0.00141675 -0.018448 959.196
16 579   -0.000298252 -0.0188145 968.371
16 580   0.000357518 -0.0163834 968.616
16 581   0.00215746 -0.0157805 959.026
16 582   0.00162523 -0.0168103 961.346
16 583   -0.000453746 -0.0147683 969.18
16 584   0.000232839 -0.0154146 969.269
16 585   -0.000173339 -0.014134 969.42
16 586   -0.00142373 -0.0136424 958.585
16 587   -0.00197129 -0.0124548 944.204
16 588   -0.00182415 -0.0133028 951.011
16 589   -0.00150244 -0.0129429 941.669
16 590   -0.00163933 -0.012646 929.048
16 591   -0.0011756 -0.0128586 935.763
16 592   -0.00428179 0.018731 947.501
16 593   -0.00458278 0.0205648 892.303
16 594   -0.0112647 0.0229319 950.452
16 595   -0.00944974 0.0246856 953.25
16 596   -0.0117959 -0.0230211 954.89
16 597   -0.00949693 -0.0249907 957.365
16 598   -0.0329397 0.023087 945.152
16 599   -0.0348498 0.0252983 952.726
16 623   -0.00138093 -0.0124133 887.749
16 624   -0.00118073 -0.0125831 902.118
16 625   -0.000985647 -0.0124774 876.492
16 641   -0.0263206 0.0225 966.043
16 642   -0.029719 0.024558 963.52
16 643   -0.0220919 0.0247273 968.78
16 644   -0.01425 0.0241819 965.696
16 664   0.000212185 -0.0336143 763.708
16 668   -0.0163411 0.0222273 966.686
16 669   -0.0195172 0.0222273 968.187
16 681   -0.0335178 -0.0210258 918.05
16 683   0.00655039 -0.0128772 879.832
16 684   0.00718346 -0.0122724 876.746
16 685   0.00685464 -0.0114597 848.814
16 686   0.00619699 -0.0113118 780.117
16 687   0.00532116 -0.012563 854.006
16 688   0.00592962 -0.0126458 860.193
16 689   0.00590505 -0.011893 801.642
16 690   0.00468969 -0.0116999 774.33
16 691   0.00510658 -0.0119098 789.736
16 692   0.00537393 -0.0115422 752.841
16 715   -0.000608793 0.0193518 969.256
16 716   0.00227617 0.0179072 968.921
16 717   0.00160662 0.0191636 967.103
16 718   -0.00316711 0.0180551 966.46
16 719   -0.00086493 0.0172818 969.479
16 720   -0.0015892 0.0184927 969.018
16 721   -0.00180808 0.0166128 969.458
16 722   -0.00307686 0.0169074 969.44
16 723   -0.00475273 0.0157659 967.135
16 724   -0.00343918 0.0154363 968.969
16 725   -0.00380206 0.0162098 969.589
16 726   -0.00497511 0.0142688 949.059
16 727   -0.00405045 0.0149432 965.647
16 728   -0.00472925 0.0150415 962.032
16 729   -0.0037132 0.0138182 963.932
16 730   -0.00408267 0.0143635 962.062
16 731   -0.00450997 0.0139775 951.606
16 732   -0.00391182 0.0133772 958.234
16 733   -0.00436919 0.0134873 946.833
16 734   -0.00352423 0.0126738 967.906
16 735   -0.00376651 0.0129755 960.682
16 736   -0.00396336 0.0127784 951.762
16 737   -0.00361585 0.012452 966.669
16 738   -0.00382629 0.0125015 956.915
16 739   -0.00378901 0.0120372 959.621
16 740   -0.00389902 0.0122132 947.823
16 741   -0.00341708 0.0121108 956.807
16 742   -0.00355404 0.0122406 969.214
16 743   -0.00365448 0.0121141 968.391
16 745   -0.00345142 0.011995 949.31
16 746   -0.0035836 0.0119736 968.6
16 878   0.0019288 -0.0124609 968.093
16 925   -0.0408839 -0.0207795 869.958
16 931   -0.00814145 0.0236079 918.7
16 932   -0.00682953 0.0234071 900.494
16 933   -0.00473902 -0.0212771 863.588
16 934   -0.00489212 -0.0194423 855.604
16 935   -0.00810365 -0.0240091 930.054
16 938   0.0072044 0.010883 803.187
16 940   0.00705661 0.010475 789.869
16 941   0.0073522 0.0103201 634.208
16 942   -0.00715211 0.0109829 867.527
16 950   -0.00575807 0.0210941 807.187
16 951   -0.00650699 0.0220415 818.22
16 974   -0.00580726 -0.0147528 902.214
16 975   -0.00718158 -0.0118779 827.419
16 976   -0.00349638 -0.0142354 939.273
16 977   -0.00465182 -0.0142858 918.088
16 978   -0.00540277 -0.013165 887.026
16 979   -0.00488417 -0.0135254 909.005
16 980   -0.00235119 -0.0132172 952.615
16 981   -0.00304207 -0.0134149 948.556
16 982   -0.00236145 -0.0126662 956.771
16 983   -0.00276186 -0.0123265 967.43
16 984   -0.00317062 -0.0125524 964.478
16 985   -0.00346109 -0.0130897 948.027
16 986   -0.00440916 -0.0130384 917.553
16 987   -0.00400462 -0.01295 934.843
16 988   -0.00533383 -0.0121569 837.305
16 989   -0.0047084 -0.0125512 888.205
16 990   -0.00511082 -0.0125709 870.844
16 991   -0.00530791 -0.0115276 791.17
16 992   -0.00516115 -0.0118683 812.327
16 993   -0.00488837 -0.0117585 795.509
16 994   -0.0049169 -0.0114798 758.306
16 995   -0.00515338 -0.0113559 763.264
16 999   0.00214031 0.0156609 967.33
16 1000   0.000141115 0.0167804 969.5
16 1001   0.00142894 0.0169885 969.61
16 1002   0.000342236 0.0157505 968.75
16 1003   0.00136275 0.0151551 965.551
16 1004   0.00208968 0.0136208 943.722
16 1005   0.00121046 0.0134188 935.72
16 1006   0.00106077 0.0141101 955.939
16 1007   0.00155907 0.014259 956.507
16 1008   0.00149612 0.0127593 894.043
16 1009   0.00191957 0.0132538 932.276
16 1010   0.00153866 0.0132007 924.562
16 1011   0.00189738 0.0124718 915.301
16 1012   0.00214055 0.0127696 932.181
16 1014   0.00104811 0.0125522 836.221
16 1015   0.00131164 0.0125095 853.416
16 1016   -0.00351189 -0.0123684 965.252
16 1017   -0.00391854 -0.0125256 943.202
16 1019   -0.00349842 -0.0120784 969.346
16 1027   -0.035221 -0.0215387 872.988
16 1038   -0.0016603 0.0155559 969.54
16 1039   -0.00236089 0.0141108 969.593
16 1040   -0.0025662 0.015077 969.51
16 1041   -0.00121907 0.0130485 969.23
16 1042   -0.00142685 0.01379 969.094
16 1043   -0.000153725 0.0152719 968.462
16 1044   -0.000878337 0.0151181 969.094
16 1045   -0.000850192 0.0143184 968.718
16 1046   0.000555618 0.0143428 963.015
16 1047   0.000181356 0.0147125 966.749
16 1048   -0.000300756 0.0142104 967.254
16 1049   0.000320539 0.0138685 960.952
16 1050   -0.000173528 0.013813 965.894
16 1051   0.000766659 0.0132648 935.317
16 1052   0.000381886 0.0134818 954.808
16 1053   0.000778614 0.0128183 888.573
16 1054   0.000521069 0.0126378 870.32
16 1072   -0.000640969 0.0129775 969.347
16 1073   -0.000359215 0.0133985 967.21
16 1074   4.53409e-06 0.012876 961.467
16 1075   9.06818e-06 0.0132521 961.586
16 1077   -0.000259859 0.0126517 967.69
16 1078   -0.000537078 0.0126067 968.919
16 1079   0.00470565 0.0116984 772.322
16 1080   0.004829 0.0123127 855.918
16 1081   0.00447975 0.0121324 846.057
16 1082   0.00453182 0.0118947 802.987
16 1083   0.00429631 0.0117838 789.101
16 1084   0.00414851 0.0118612 808.905
16 1085   -0.0115298 -0.021007 936.641
16 1089   -0.0334905 0.021029 918.381
16 1093   -0.0386395 0.016503 900.345
16 1095   -0.0406413 0.0185155 884.918
16 1096   -0.0392092 0.0176712 869.197
16 1102   0.00708423 0.0144937 941.007
16 1103   0.00546621 0.0149412 957.283
16 1104   0.00629775 0.0154594 963.621
16 1105   0.00568912 0.0142412 941.407
16 1106   0.00652066 0.0138393 921.953
16 1107   0.00545361 0.0131849 903.395
16 1108   0.00533344 0.0137164 927.734
16 1109   0.00493052 0.0127281 887.999
16 1110   0.00450317 0.0129044 913.594
16 1111   0.00453537 0.0139673 943.171
16 1112   0.00460469 0.0133197 926.355
16 1113   0.00491187 0.013675 931.572
16 1114   0.00376428 0.0138095 946.919
16 1115   0.0042328 0.0134211 935.527
16 1116   0.00422357 0.0138029 942.857
16 1117   0.00331883 0.0132434 944.977
16 1118   0.00392636 0.0133356 938.69
16 1119   0.00362066 0.0135198 944.163
16 1120   0.00344911 0.0126826 948.358
16 1121   0.00377775 0.013102 938.754
16 1122   0.00347131 0.0130165 944.048
16 1123   0.00370498 0.0126278 942.346
16 1124   0.00388003 0.0128696 934.98
16 1125   0.00408532 0.0126746 924.359
16 1126   0.00379671 0.0124308 941.224
16 1127   0.00402383 0.0124349 923.806
16 1128   0.00415251 0.0122185 892.265
16 1129   0.00405678 0.0120582 880.278
16 1130   0.00386022 0.0121066 942.328
16 1131   0.0036149 0.012126 961.949
16 1132   0.00372883 0.0122629 949.253
16 1134   0.00381217 0.0119591 965.202
16 1135   0.00368041 0.0119804 967.231
16 1144   0.000748739 -0.0129713 967.886
16 1146   0.000548997 -0.0126085 964.785
16 1185   -0.0358443 -0.0321767 958.833
16 1186   -0.0199645 -0.022257 968.299
16 1187   -0.0223386 -0.024757 968.825
16 1188   -0.0148136 -0.0242711 967.006
16 1189   -0.0170954 -0.022257 967.413
16 1205   -0.0492247 0.0260077 881.181
16 1206   -0.0314864 0.033529 967.713
16 1207   -0.0280972 0.031029 969.646
16 1208   -0.0295224 0.028087 969.197
16 1212   -0.0108639 0.0209773 925.996
16 1221   -0.0511395 0.0177503 963.447
16 1222   -0.045797 0.0168072 968.169
16 1225   0.00567805 -0.0294571 708.447
16 1243   -0.0499782 0.00575636 963.472
16 1254   -0.0511077 -0.0172531 965.183
16 1255   -0.0499365 -0.0144632 969.577
16 1256   -0.047373 -0.0139264 968.568
16 1257   -0.0457595 -0.0159644 967.536
16 1258   0.00362949 -0.027796 797.862
16 1259   0.00467819 -0.0242923 877.142
16 1260   0.00240303 -0.022356 923.731
16 1261   -0.00128831 -0.0215471 967.489
16 1262   0.00030071 -0.0233542 942.544
16 1263   -0.000900101 -0.0249872 941.685
16 1340   -0.0438959 -0.0209984 965.669
16 1341   -0.0459625 -0.0190142 969.368
16 1348   -0.00449848 0.0313358 919.524
16 1349   -0.00139858 0.026651 933
16 1350   -0.00134615 0.0328585 847.479
16 1355   -0.0346707 -0.0252542 952.898
16 1356   -0.0343523 -0.0277542 969.016
16 1394   -0.0399782 0.00575171 958.906
16 1423   0.00220836 -0.0125525 967.661
16 1424   0.00232996 -0.0122589 953.377
16 1425   0.00244914 -0.0127879 969.562
16 1426   0.00271193 -0.0130202 967.272
16 1427   0.00295897 -0.0128387 967.228
16 1428   0.00253246 -0.0123608 959.114
16 1429   0.00260306 -0.0126237 969.242
16 1430   0.0027893 -0.0125891 969.339
16 1431   0.00289258 -0.0122294 948.284
16 1432   0.00265598 -0.01227 950.285
16 1433   0.00278142 -0.0123822 963.965
16 1435   0.0026954 -0.0121289 922.532
16 1436   0.00283887 -0.0121056 913.186
16 1466   -0.00693575 -0.0167232 874.624
16 1479   -0.0399502 -0.0296036 946.008
16 1480   -0.0445731 -0.0336509 794.159
16 1481   -0.043997 -0.0283396 913.81
16 1482   -0.0418003 -0.0282828 941.969
16 1704   -0.0417068 0.0219428 927.927
16 1705   -0.0410253 0.023547 940.521
16 1706   -0.0396759 0.0233358 892.92
16 1707   -0.0404055 0.0199216 839.537
16 1708   -0.039829 0.0221299 829.712
16 1709   -0.0408858 0.0213333 880.021
16 1710   -0.038779 0.0212168 670.869
16 1711   -0.0389734 0.0199107 714.348
16 1712   -0.00642134 -0.0226431 851.128
16 1713   -0.00575394 -0.0216837 808.332
16 1714   -0.00647128 -0.0206258 614.569
16 1725   -0.00738176 -0.0102703 603.233
16 1726   -0.00714528 -0.0103942 770.319
16 1739   -0.0387792 -0.0216773 761.564
16 1740   -0.0384165 -0.0207554 567.562
16 1741   -0.0376362 -0.0218957 776.713
16 1742   -0.0372735 -0.0209739 651.523
16 1745   0.00717117 -0.010911 872.519
16 1753   0.00700676 -0.0105047 868.134
16 1754   0.00733559 -0.0103324 911.163
16 1757   -0.00701971 0.0172536 962.694
16 1758   -0.00530659 0.0180266 949.241
16 1759   -0.00637504 0.0161546 967.469
16 1760   -0.00541446 0.0163646 968.699
16 1761   -0.00712373 0.0190143 833.804
16 1762   -0.0058909 0.0187319 904.1
16 1763   -0.00664344 0.0181688 921.245
16 1764   -0.00604139 0.0199656 786.143
16 1765   -0.00679393 0.0200361 622.166
16 1777   -0.00697816 0.0105403 852.528
16 1781   -0.00732605 0.0102246 921.587
16 1782   -0.00732605 0.0104915 901.411
16 1790   0.00714432 0.0121196 840.677
16 1791   0.00658075 0.0128708 876.74
16 1792   0.00586938 0.0127412 873.117
16 1793   0.00684872 0.0113036 827.068
16 1794   0.00588561 0.0120299 834.543
16 1795   0.00562248 0.0112222 803.865
16 1796   0.00606587 0.0109899 849.821
16 1797   0.00630138 0.0113435 832.105
16 1798   0.00550352 0.0115209 795.249
16 1799   0.0052055 0.0121414 829.986
16 1800   0.00553114 0.011975 822.62
16 1801   0.00511839 0.0118367 797.902
16 1802   0.00494176 0.0116929 777.544
16 1803   0.00525238 0.0115322 779.471
16 1804   0.00500185 0.0114271 742.279
16 1805   0.00514965 0.0113497 751.477
16 1839   -0.040435 -0.0163478 921.083
16 1840   -0.0393274 -0.0150141 931.566
16 1841   -0.0381091 -0.0161158 907.374
16 1842   -0.0380538 -0.0185835 794.606
16 1843   -0.038663 -0.0171993 875.393
16 1844   -0.0397706 -0.0176997 881.095
16 1845   -0.0398967 -0.0193784 824.114
16 1846   -0.038789 -0.0197114 707.623
16 1862   -0.00847487 0.0223428 873.874
16 1863   -0.00938236 0.021466 881.199
16 1864   -0.00873003 0.0204886 810.505
16 1865   -0.00749274 0.0217537 788.804
16 1866   -0.00749637 0.0208769 647.01
16 1887   -0.0491201 0.0311769 716.207
16 1888   -0.0505853 0.0286713 760.856
16 1896   -0.0517674 0.0337472 671.751
16 1897   -0.0503022 0.0337472 675.697
16 1917   0.00139848 -0.0141518 967.191
16 1918   0.00150373 -0.0149644 965.515
16 1919   0.000846828 -0.0150254 968.146
16 1920   0.000284117 -0.0141734 969.604
16 1921   0.000617698 -0.0144184 969.119
16 1922   0.000903234 -0.0140597 968.657
16 1923   0.000674827 -0.0133964 968.801
16 1924   0.000714985 -0.0137731 968.998
16 1925   0.00042432 -0.0138563 969.444
16 1926   2.50526e-05 -0.0134143 969.648
16 1927   0.000320846 -0.0136067 969.5
16 1928   0.000447479 -0.0133525 969.075
16 1929   1.31385e-05 -0.0131703 969.554
16 1930   0.000290232 -0.0131501 968.873
16 1931   0.000317839 -0.0128312 965.861
16 1932   0.000153807 -0.0126602 958.363
16 1933   -0.000144108 -0.0129678 969.607
16 1934   -3.10461e-05 -0.0127767 968.257
16 1935   -0.00039903 -0.0137831 968.719
16 1936   -0.000258827 -0.013466 969.097
16 1937   -0.000826585 -0.0135694 964.017
16 1938   -0.000968604 -0.012997 948.441
16 1939   -0.000824929 -0.0132624 960.056
16 1940   -0.000547835 -0.0132422 965.603
16 1941   -0.000770134 -0.0128755 948.525
16 1942   -0.000556356 -0.0129824 961.888
16 1943   -0.00058697 -0.0125258 923.652
16 1944   -0.000782048 -0.0126315 921.294
16 1945   -0.000361278 -0.0128767 966.624
16 1946   -0.000379978 -0.0126642 961.397
16 1949   -0.000122412 -0.0125849 967.959
16 1950   -0.000254173 -0.0125635 966.329
16 1951   -0.00420177 -0.0118656 844.287
16 1952   -0.00455284 -0.0122203 873.287
16 1953   -0.00443824 -0.0117417 801.223
16 1954   -0.00464619 -0.0118965 818.979
16 1955   -0.0041193 -0.0120399 905.573
16 1956   -0.00407259 -0.0123265 934.089
16 1957   -0.00426242 -0.0122398 906.658
16 1958   -0.00373237 -0.0121135 967.725
16 1959   -0.0038999 -0.0122045 953.262
16 1960   -0.00395904 -0.0120487 947.519
16 1962   -0.00385739 -0.0119471 968.965
16 1963   -0.00372563 -0.0119685 969.096
16 1967   -0.0374709 0.021322 692.684
16 1968   -0.0352198 0.0215435 872.823
16 1998   0.00294512 -0.0329214 700.755
16 1999   0.00658902 -0.0329214 673.534
16 2000   0.00476707 -0.0315357 691.436
16 2003   0.00385609 -0.0343071 686.4
16 2004   0.00567805 -0.0343071 673.756
16 2013   0.000323426 0.0126698 903.925
16 2014   0.000191665 0.0126912 934.519
16 2027   -0.049831 -0.028673 770.732
16 2028   -0.0503024 -0.0337715 675.729
16 2029   -0.0467707 -0.0324224 739.16
16 2030   -0.0462993 -0.0297809 833.042
16 2033   -0.0517675 -0.030086 706.842
16 2034   -0.0517675 -0.032543 678.541
16 2085   -0.0415359 -0.0261918 965.578
16 2086   -0.0407282 -0.0219824 880.618
16 2087   -0.0395498 -0.0220863 820.77
16 2088   -0.0411969 -0.0232478 936.918
16 2093   -0.0085208 -0.022543 879.024
16 2094   -0.00895822 -0.0205035 818.136
16 2095   -0.00964795 -0.0215105 889.047
16 2096   -0.00748356 -0.0220887 807.349
16 2097   -0.00749736 -0.0210563 666.717
16 2098   -0.0381028 0.0253359 949.723
16 2099   -0.0387017 0.0239321 904.781
16 2100   -0.0365434 0.0247498 936.045
16 2101   -0.0363626 0.0230529 880.836
16 2102   -0.0375467 0.0228315 836.334
16 2103   -0.00461336 0.0116691 797.104
16 2104   -0.00480194 0.0118836 824.303
16 2105   -0.00450041 0.0130833 932.414
16 2106   -0.00479291 0.0127713 909.726
16 2107   -0.00423987 0.012776 935.764
16 2108   -0.00469608 0.0124497 901.144
16 2109   -0.00466731 0.0122287 890.138
16 2110   -0.00437174 0.0125095 917.36
16 2111   -0.0040789 0.0121756 925.035
16 2112   -0.00441763 0.0122262 902.758
16 2113   -0.00426831 0.012351 916.931
16 2115   -0.00437006 0.0117966 845.454
16 2116   -0.00413394 0.0119436 895.055
16 2117   -0.00430896 0.0120085 891.369
16 2118   0.00476947 0.028098 779.536
16 2119   0.00477475 0.0336194 682.561
16 2120   0.0013791 0.0314779 774.506
16 2121   0.00137383 0.0287176 854.145
16 2124   0.00659158 0.0294778 708.711
16 2125   0.00659158 0.0322389 678.104
16 2126   0.00432365 -0.0124596 896.305
16 2127   0.00424804 -0.0121206 879.695
16 2128   0.00390699 -0.0125358 925.386
16 2129   0.00352661 -0.0121422 962.468
16 2130   0.00375174 -0.0122813 938.424
16 2131   0.00391102 -0.0121124 914.161
16 2133   0.00359223 -0.0119886 958.832
16 2134   0.00377955 -0.0119582 929.179
16 2138   -0.0365644 -0.0205129 758.087
16 2139   -0.0355089 -0.0205129 838.232
16 2147   -0.0360921 0.0322881 957.588
16 2148   -0.0334967 0.0321347 965.829
16 2149   -0.0365089 0.0294995 965.736
16 2150   -0.0346261 0.027875 969.135
16 2151   -0.0325193 0.0291927 969.431
16 2163   -0.0385993 -0.0260903 965.983
16 2164   -0.0401855 -0.0254735 966.47
16 2165   -0.0394293 -0.0234037 890.416
16 2166   -0.0402706 -0.0240416 937.869
16 2167   -0.0362922 -0.0247518 937.311
16 2168   -0.0384677 -0.024083 909.447
16 2169   -0.0377227 -0.0253378 948.902
16 2170   -0.0362667 -0.023088 883.135
16 2171   -0.0374451 -0.0229841 850.331
16 2310   -0.00867747 -0.033507 946.298
16 2311   -0.00609216 -0.033507 921.484
16 2352   -0.00536776 0.0256127 969.231
16 2353   -0.00377066 0.0267175 957.802
16 2354   -0.0066561 0.0275372 966.211
16 2355   -0.005059 0.0286419 949.807
16 2356   -0.00693575 -0.0142232 884.562
16 2366   -0.00243065 -0.0241173 966.803
16 2367   -0.00399934 -0.0222873 929.341
16 2368   -0.00259226 -0.0223382 964.938
16 2370   -0.0365621 0.0205145 763.662
16 2371   -0.0354953 0.0205145 837.506
16 2372   -0.0497789 0.0215408 940.654
16 2373   -0.0497789 0.0194603 957.646
16 2374   -0.0470579 0.0187191 968.387
16 2375   -0.0444629 0.0210697 968.927
16 2376   -0.0477381 0.0215051 953.729
16 2377   -0.0463776 0.0200942 967.616
16 2387   0.00301215 -0.0121437 935.853
16 2389   0.00317337 -0.0122606 966.873
16 2390   0.00326904 -0.0121125 958.286
16 2405   -0.00602873 0.0334773 924.928
16 2406   -0.00861315 0.0334773 948.689
16 2445   -0.00471554 -0.0319696 913.599
16 2446   -0.0015258 -0.0320769 854.534
16 2447   -0.00158447 -0.0273411 920.944
16 2448   6.95469e-05 -0.0290301 872.703
16 2449   -0.00668325 -0.0281928 962.149
16 2450   -0.00531546 -0.0296858 938.459
16 2451   -0.00377975 -0.028104 939.683
16 2452   -0.0058734 -0.0266332 967.893
16 2453   -0.00442166 -0.0265888 962.632
16 2454   -0.00375693 -0.024956 968.814
16 2455   -0.00456361 -0.0240886 959.463
16 2456   -0.00655409 -0.0107039 859.556
16 2457   -0.0069451 -0.0113768 822.615
16 2458   -0.00726352 -0.0109572 803.111
16 2459   -0.00702705 -0.0106645 807.991
16 2460   -0.00654942 -0.011398 830.289
16 2461   -0.00639488 -0.0110179 846.403
16 2462   -0.00601679 -0.0132155 875.834
16 2463   -0.00721788 -0.0131533 861.238
16 2464   -0.00665363 -0.0136264 877.828
16 2465   -0.00688131 -0.0123101 840.237
16 2466   -0.0069176 -0.0127522 852.492
16 2467   -0.00628076 -0.0127579 858.234
16 2468   -0.0057124 -0.012178 838.225
16 2469   -0.00608526 -0.0124215 848.339
16 2470   -0.00640368 -0.0122103 839.663
16 2471   -0.00558302 -0.0114987 805.934
16 2472   -0.00581482 -0.0118605 824.836
16 2473   -0.00625148 -0.0115874 827.204
16 2474   -0.00616954 -0.011883 830.296
16 2476   -0.00566497 -0.0112031 817.369
16 2479   -0.00597871 -0.0112692 829.726
16 2480   -0.00604017 -0.0109954 852.239
16 2518   -0.0380697 0.0182515 819.217
16 2519   -0.0380697 0.0190849 764.436
16 2548   9.81977e-06 0.0249687 936.882
16 2549   0.00277958 0.0249648 907.748
16 2550   0.00352551 0.0232105 922.376
16 2551   0.0022842 0.0217741 949.235
16 2552   -0.00106388 0.0208042 969.089
16 2553   0.000443789 0.0221214 959.396
16 2554   -0.00108466 0.0235617 961.69
16 2555   -0.00325192 0.0214681 950.411
16 2556   -0.00343783 0.0231621 961.349
16 2596   -0.0378394 0.0336824 940.009
16 2619   -0.0439828 -0.0232525 967.416
16 2620   -0.0448309 -0.0262769 930.538
16 2621   -0.0455052 -0.0247931 941.278
16 2622   -0.0425473 -0.0239661 968.016
16 2623   -0.0429714 -0.0254783 961.717
16 2641   -0.00200781 0.0127121 963.776
16 2642   -0.00252178 0.0124046 940.532
16 2643   -0.00259984 0.0129751 968.213
16 2644   -0.00285957 0.0127088 964.362
16 2645   -0.00199002 0.0123564 956.878
16 2646   -0.00224426 0.0123151 943.017
16 2749   -0.0495952 -0.0261238 874.318
16 2750   -0.0515317 -0.0238513 902.147
16 2751   -0.0472347 -0.0244271 925.629
16 2752   -0.0477789 -0.0209024 955.962
16 2753   -0.0501394 -0.0201421 950.933
16 2819   -0.00597242 -0.0189078 813.076
16 2820   -0.00653667 -0.0196846 705.695
16 2821   -0.00665363 -0.0180014 838.257
16 2822   -0.00721788 -0.0187783 778.146
16 2838   -0.00701911 -0.0245159 941.485
16 2839   -0.00637404 -0.0236041 910.709
16 2840   -0.00623476 -0.0254308 966.269
16 2841   -0.00558969 -0.0245191 954.834
16 2884   -0.046096 0.012183 965.41
16 2885   -0.0512391 0.0116282 968.579
16 2886   -0.0487174 0.0098849 966.028
16 2887   -0.0472572 0.0145961 968.775
16 2888   -0.0498786 0.014798 969.553
16 2897   -0.0376949 -0.0336509 941.156
16 2900   -0.0398 -0.0323018 923.762
16 2901   -0.0417548 -0.0336509 892.198
16 2924   -0.0259048 -0.0325 969.648
16 2927   -0.0226374 -0.029757 969.607
16 2928   -0.0204166 -0.032257 969.639
16 2932   -0.0174902 -0.0308855 969.529
16 2933   -0.015012 -0.0336285 967.474
16 2934   -0.0150552 -0.0278996 969.612
16 2935   -0.0113595 -0.0291496 967.698
16 2936   -0.0112092 -0.0321355 961.805
16 2942   -0.0428003 0.0251077 965.593
16 2943   -0.0441608 0.0265186 936.446
16 2944   -0.0466297 0.0252374 922.218
16 2945   -0.0445889 0.0231211 965.416
16 2946   -0.0465037 0.023186 949.397
16 2948   -0.0258073 0.0325 969.654
16 2951   -0.0203199 0.0322273 969.656
16 2952   -0.0224878 0.0297273 969.576
16 2972   -0.0149484 0.0336136 967.861
16 2973   -0.0173679 0.030841 969.585
16 2974   -0.0148701 0.0277956 969.582
16 2975   -0.0112017 0.0290456 968.066
16 2976   -0.0111151 0.032091 962.811
16 2995   -0.043596 0.012183 959.907
16 2996   -0.0412174 0.00988335 957.532
16 2997   -0.0387391 0.0116267 949.611
16 2998   -0.0422572 0.0145961 950.259
16 2999   -0.0398786 0.014798 934.595
16 3000   -0.0363474 -0.0300905 964.195
16 3001   -0.0358501 -0.0286163 969.044
16 3002   -0.0383483 -0.0288665 963.479
16 3003   -0.0378509 -0.0273923 969.45
16 3004   -0.0405557 0.0297296 938.602
16 3005   -0.0433759 0.0284768 919.895
16 3006   -0.0419043 0.0336824 889.807
16 3007   -0.0400998 0.0323648 920.156
16 3008   -0.0447245 0.0336824 787.619
16 3009   -0.0457401 0.031112 812.589
end
