1017
16 1   -0.0449736 0.00276411 966.496
16 2   -0.0451552 -0.00345235 966.572
16 3   -0.0244347 -0.0323835 969.01
16 4   -0.0477901 -0.0218374 942.675
16 5   -0.0208927 -0.0293265 969.356
16 6   -0.0411368 -0.00708089 965.131
16 7   -0.0435496 -0.0297404 894.643
16 8   -0.0219651 -0.0243265 969.602
16 9   -0.0384816 -0.00785816 962.872
16 10   0.00396779 0.018371 965.251
16 11   0.00111518 -0.0181046 956.909
16 12   0.00529677 -0.0179843 911.856
16 13   0.00305618 -0.0195467 927.573
16 14   0.00136605 0.0175286 969.167
16 15   -0.000656287 0.0187397 969.059
16 16   0.00674262 -0.0226999 873.309
16 17   0.00674262 -0.0192538 904.889
16 18   0.00495503 -0.0161507 911.4
16 19   0.00159084 -0.0159806 956.773
16 20   0.00669593 -0.014172 880.812
16 21   0.00111302 0.0154824 967.104
16 22   0.00559682 -0.0148357 897.254
16 23   -0.00193268 0.0173846 969.658
16 24   -0.0034837 0.0174261 969.396
16 25   -0.0069174 0.0146475 930.089
16 26   -0.00607015 0.0158832 958.574
16 27   -0.00376906 0.015861 966.305
16 28   0.0031901 -0.0155891 932.96
16 29   0.00185226 0.0143374 951.272
16 30   -0.00480768 0.0153176 954.892
16 31   -0.00617708 0.01354 901.325
16 32   0.00417084 -0.0138397 902.183
16 33   0.00320998 -0.0143099 931.74
16 34   -0.00326585 0.0135306 960.156
16 35   0.00254099 -0.0137733 952.723
16 36   0.00186466 -0.0137824 963.66
16 37   0.00263133 -0.0130825 959.62
16 38   -0.00294603 0.0128795 967.535
16 39   0.00324995 -0.0128062 928.653
16 40   -0.00309563 0.0124554 966.121
16 41   0.00287591 -0.0128128 954.827
16 42   -0.00145348 0.0124791 947.16
16 43   0.00220074 -0.0128696 969.218
16 44   -0.00253622 0.0127785 963.896
16 45   -0.00197463 0.0125315 908.032
16 46   0.00217996 -0.0124854 947.176
16 47   0.00190984 -0.0123666 911.377
16 48   0.00265229 -0.0123897 968.216
16 49   -0.00175197 0.0124307 904.216
16 50   -0.00281216 0.0121968 953.947
16 51   0.00278339 -0.0122059 967.631
16 52   0.00234568 -0.0122819 903.085
16 53   -0.00216848 0.0122851 831.476
16 54   -0.00251092 0.0124435 931.159
16 55   -0.00263726 0.012286 921.749
16 56   -0.00234641 0.0123171 863.376
16 57   0.00248497 -0.0122593 940.078
16 58   -0.0025313 0.01215 848.511
16 59   -0.00239567 0.012172 812.368
16 432   0.00607017 0.0169663 968.967
16 434   0.00678508 0.014537 936.588
16 435   0.00535525 0.0153391 961.136
16 436   0.00291895 0.0141857 943.502
16 437   0.00406654 0.014546 949.838
16 438   0.00278383 0.0133369 920.647
16 441   -0.0443506 -0.022619 961.082
16 442   -0.0430343 -0.02561 953.706
16 444   -0.051138 0.0239837 896.567
16 445   -0.0451375 0.0217466 964.846
16 460   -0.00732927 0.0334764 930.851
16 461   -0.0100234 0.0304293 960.522
16 462   -0.00879942 0.0271764 967.744
16 463   -0.0410071 0.0310441 915.031
16 464   -0.0391969 0.0336814 918.038
16 465   -0.0387192 0.0282545 961.9
16 475   -0.00436317 -0.0306531 914.161
16 476   -0.00717595 -0.0336659 924.832
16 477   -0.00822936 -0.0281573 963.222
16 478   -0.00552148 -0.0278127 953.763
16 481   -0.00192269 -0.0147706 958.174
16 482   0.000636355 -0.0151617 966.718
16 483   0.00123241 -0.0142591 965.253
16 484   -0.000527306 -0.0149872 969.325
16 485   0.000547169 -0.0139124 968.651
16 486   -0.000279105 -0.0141632 969.347
16 487   -0.000593057 -0.0136902 968.124
16 488   -0.00105926 -0.0192121 967.926
16 489   -0.00549408 0.0240587 956.778
16 497   -0.0473484 0.0129235 969.207
16 498   -0.0432886 0.0167385 960.126
16 502   -0.0150087 -0.023109 968.479
16 503   -0.0138883 -0.0254409 969.356
16 504   -0.0125236 -0.0211659 959.167
16 511   -0.0501552 -0.00560718 967.904
16 514   -0.0489828 -0.00958559 968.949
16 515   -0.0513276 -0.0115429 969.546
16 516   -0.0435738 -0.011256 965.804
16 517   -0.0464198 -0.0116059 968.718
16 518   -0.042137 -0.0129842 961.966
16 519   -0.0433742 -0.0153535 963.362
16 520   -0.0397 -0.0122624 958.051
16 521   -0.0387185 -0.0135909 950.808
16 524   0.00640034 -0.0126999 840.783
16 525   0.00631762 -0.011107 775.228
16 526   0.00570271 -0.0124212 802.456
16 527   0.00591558 -0.0116483 766.117
16 528   0.00532439 -0.0114706 724.667
16 535   -0.024267 0.0325 969.112
16 536   -0.0263974 0.0225 968.587
16 537   -0.0297635 0.0245579 967.318
16 538   -0.0221817 0.0247264 969.611
16 539   -0.0209633 0.0297264 969.386
16 540   -0.0143901 0.0241793 968.555
16 541   -0.0161877 0.0322264 967.226
16 542   -0.0137053 0.0291793 967.495
16 544   -0.0165299 0.0222264 968.986
16 545   -0.0196518 0.0222264 969.445
16 579   -0.040635 -0.0310478 918.657
16 580   -0.0391438 -0.0336826 917.392
16 707   -0.0403753 -0.0242798 953.871
16 713   -0.0411475 0.0249844 968.773
16 714   -0.0392057 0.0261837 968.923
16 715   -0.00485421 -0.0253124 967.816
16 717   0.0072044 -0.0121048 856.631
16 718   0.00690881 -0.0112847 839.153
16 719   -0.00270159 -0.0137847 941.068
16 720   -0.00262429 -0.0124437 922.264
16 737   -0.0423446 0.018659 944.588
16 738   -0.0429303 0.0206737 954.935
16 739   -0.00560588 -0.0156147 900.925
16 740   -0.00330425 -0.0159782 941.997
16 741   -0.00312881 -0.0181211 942.195
16 763   -0.00632855 -0.024405 951.155
16 765   -0.0423887 -0.0199309 940.532
16 766   -0.0420466 -0.0171654 947.744
16 767   0.00101909 0.0135912 936.614
16 768   0.00104985 0.0128071 871.495
16 769   0.00135794 0.0131086 897.671
16 770   0.00130696 0.0124637 808.004
16 771   -0.004331 0.0185154 962.048
16 772   -0.00451108 0.0203513 920.663
16 786   -0.0113925 0.0229293 958.979
16 787   -0.00948376 0.0246764 960.663
16 788   -0.0329645 0.0230869 954.159
16 789   -0.0348702 0.0252972 959.9
16 822   -0.0333984 -0.0212202 932.758
16 829   -0.0461851 -0.0323752 749.765
16 873   -0.0013066 -0.0306008 860.642
16 875   0.00389911 -0.0336136 686.996
16 876   0.000298212 -0.0336136 750.526
16 889   0.00365412 -0.0121237 870.611
16 890   0.00331299 -0.0123366 919.456
16 891   0.00307005 -0.0121594 944.263
16 898   -0.0505713 -0.0250072 878.497
16 931   -0.0399736 0.00512376 965.02
16 974   -0.0288399 -0.0260155 969.352
16 975   -0.0284438 -0.0211917 966.409
16 976   -0.0321485 -0.0248522 965.192
16 977   -0.0313762 -0.0224119 958.62
16 978   -0.0255953 -0.0211917 968.785
16 979   -0.0252191 -0.0235752 969.325
16 1009   -0.0499736 0.00560927 967.8
16 1010   -0.0499736 0.0106522 969.276
16 1013   -0.0315033 0.033529 965.236
16 1014   -0.0295656 0.0280869 969.603
16 1015   -0.0281373 0.031029 969.027
16 1078   -0.0335102 0.021029 931.995
16 1079   -0.0356342 0.021029 855.116
16 1084   -0.038638 0.0164963 917.322
16 1087   0.00402383 -0.0123259 830.698
16 1088   0.00500508 -0.0126299 799.824
16 1089   0.00378024 -0.0128248 896.878
16 1090   0.00427672 -0.013052 877.925
16 1091   0.00438438 -0.0121284 751.702
16 1092   0.00497558 -0.0118187 730.978
16 1093   0.00486914 -0.0122051 760.379
16 1095   0.00434302 -0.0118194 714.944
16 1096   0.00463862 -0.0116646 713.146
16 1109   -0.01958 -0.0219431 969.428
16 1110   -0.0169059 -0.0219431 969.112
16 1128   -0.0435852 0.0120104 965.512
16 1129   -0.0412104 0.00957726 964.097
16 1130   -0.0387368 0.0114035 958.306
16 1131   -0.0398748 0.0147498 946.057
16 1132   -0.0422495 0.0144996 958.574
16 1133   -0.00569359 -0.0141266 892.667
16 1134   -0.00689786 -0.0135977 860.77
16 1296   -0.0370725 0.0218343 791.709
16 1297   -0.0410307 0.0218199 898.534
16 1298   -0.0403526 0.0234269 929.1
16 1299   -0.0384108 0.0246263 938.285
16 1300   -0.0368542 0.0240446 917.838
16 1301   -0.0386733 -0.0214109 696.609
16 1302   -0.0393703 -0.0200531 748.407
16 1303   -0.0402338 -0.0222806 880.212
16 1304   -0.0409308 -0.0209227 887.985
16 1310   -0.00490492 -0.0219202 887.535
16 1311   -0.00616422 -0.0228282 873.86
16 1312   -0.00697447 -0.0216626 742.555
16 1313   -0.00640502 -0.0198354 679.643
16 1314   -0.00502532 -0.0200071 835.245
16 1320   0.00607291 0.013389 892.735
16 1321   0.00643174 0.0126608 846.66
16 1322   0.00702705 0.0107681 791.82
16 1323   0.00726352 0.0111645 782.301
16 1324   0.00738176 0.0103221 692.163
16 1325   0.00714528 0.010446 783.063
16 1331   -0.00738176 -0.0102703 628.984
16 1332   -0.00714528 -0.0103942 772.515
16 1333   -0.00816051 0.02185 834.864
16 1334   -0.00815608 0.023597 932.885
16 1335   -0.00682619 0.0233911 918.915
16 1336   -0.00118658 -0.0135364 957.178
16 1337   -0.00194956 -0.0134749 942.771
16 1338   -0.00217977 -0.0128231 908.546
16 1339   -0.00163906 -0.0126949 888.227
16 1340   -0.00119455 -0.0130743 943.388
16 1342   -0.00158947 -0.0123957 824.92
16 1343   -0.00126006 -0.0124491 872.106
16 1360   -0.00311839 -0.0123635 959.955
16 1361   -0.0034478 -0.01231 962.571
16 1364   0.0072044 -0.0103986 898.484
16 1365   0.0072044 -0.0108861 872.274
16 1367   -0.0072044 0.010671 869.268
16 1373   -0.0110665 -0.0222888 949.704
16 1374   -0.0110629 -0.0246206 965.507
16 1375   -0.00815606 -0.0222026 848.654
16 1376   -0.00939322 -0.0211229 876.086
16 1377   -0.00791526 -0.0243622 949.384
16 1378   -0.00914881 -0.0256142 967.38
16 1379   -0.0063925 0.0202455 693.734
16 1380   -0.00572534 0.0210161 828.639
16 1381   -0.0071642 0.0212588 696.074
16 1382   -0.00649704 0.0220294 832.908
16 1386   0.00236947 0.0129356 897.098
16 1387   0.00191787 0.0128723 874.176
16 1389   0.00260865 0.0122329 920.352
16 1390   0.00227925 0.0122863 854.291
16 1442   -0.0375445 -0.021655 743.294
16 1443   -0.0368087 -0.0228751 875.212
16 1444   -0.0360102 -0.0206101 814.651
16 1445   -0.0352744 -0.0218302 891.249
16 1446   0.00507247 0.0134325 911.596
16 1447   0.00449593 0.0137873 930.946
16 1448   0.00336364 0.0132946 929.201
16 1449   0.00392815 0.0133847 927.866
16 1450   0.00363768 0.0125146 943.391
16 1451   0.00325511 0.012889 929.142
16 1452   0.0028879 0.0123892 934.659
16 1453   0.00283473 0.0127102 916.87
16 1455   0.00357329 0.0121218 966.802
16 1456   0.00324388 0.0121752 964.334
16 1482   -0.00672608 0.0192207 834.647
16 1483   -0.00665276 0.0170161 968.907
16 1484   -0.00587884 0.0181554 950.348
16 1521   -0.0510348 0.0337469 673.021
16 1544   0.000553819 -0.01334 968.424
16 1545   0.00135736 -0.0124591 962.866
16 1546   0.00167523 -0.012584 959.337
16 1547   0.00160608 -0.013165 969.017
16 1548   0.00185183 -0.012943 969.409
16 1549   0.000795389 -0.0131049 968.104
16 1550   0.00116558 -0.0130337 969.269
16 1551   0.00109346 -0.0126868 969.611
16 1552   0.000624795 -0.0128663 967.075
16 1553   0.00071544 -0.0124763 966.59
16 1554   0.000844056 -0.0126403 968.57
16 1555   0.00024085 -0.0127465 958.368
16 1556   0.000524418 -0.0126025 963.345
16 1557   0.000467941 -0.0128021 965.057
16 1560   0.000215936 -0.0125602 943.914
16 1561   0.000378719 -0.0125337 957.2
16 1562   -0.00129379 0.0161815 969.674
16 1563   -0.000270417 0.0154904 969.115
16 1564   -0.00035877 0.014708 968.226
16 1565   -0.00102816 0.0147697 969.385
16 1566   0.000335538 0.0137378 957.992
16 1567   -9.15598e-05 0.0140853 965.31
16 1568   -0.0003058 0.0133014 966.639
16 1569   0.000167913 0.0133552 957.743
16 1570   -0.00109564 0.0141779 969.039
16 1571   -0.000663523 0.0135296 967.534
16 1572   -0.000616909 0.0139309 967.702
16 1573   -0.00281808 0.0153827 967.683
16 1574   -0.00153984 0.0151153 969.669
16 1575   -0.00189382 0.0157447 969.56
16 1576   -0.0029747 0.0140648 965.515
16 1577   -0.00210774 0.0147464 969.353
16 1578   -0.00282047 0.0147602 966.774
16 1579   -0.00159595 0.0140184 969.423
16 1580   -0.00209636 0.0142414 969.513
16 1581   -0.00242758 0.0138607 969.239
16 1582   -0.0021713 0.0134999 969.442
16 1583   -0.00169604 0.0136645 969.025
16 1584   -0.00194673 0.0129252 954.986
16 1585   -0.00224338 0.013062 965.237
16 1586   -0.00108752 0.0134098 967.769
16 1587   -0.00165429 0.0131868 964.758
16 1588   -0.00147569 0.0134881 967.97
16 1589   -0.00131169 0.0127335 961.59
16 1590   -0.0011048 0.0131511 967.14
16 1591   -0.00142745 0.0130658 963.505
16 1592   -0.000782751 0.0124969 969.275
16 1593   -0.000930253 0.0129522 968.171
16 1594   -0.00104784 0.0126853 967.681
16 1595   -0.000444573 0.0130007 968.912
16 1596   -0.000717049 0.0128793 969.276
16 1597   -0.000613286 0.0126483 969.319
16 1598   -0.000115445 0.0127443 969.011
16 1599   -0.000300276 0.0128382 969.452
16 1600   -0.000410197 0.0126193 968.211
16 1603   -0.000158891 0.0125362 958.385
16 1604   -0.000291841 0.0125146 963.691
16 1615   -8.41914e-07 -0.0128094 965.467
16 1616   -0.000873103 -0.0126656 939.092
16 1617   -0.000757994 -0.0129915 958.994
16 1618   -0.000271614 -0.0132814 969.479
16 1619   4.89863e-05 -0.0131821 968.829
16 1621   -0.000601253 -0.0125561 954.337
16 1622   -0.000271849 -0.0126095 968.561
16 1627   -0.0406377 0.018498 900.246
16 1628   -0.038069 0.0186648 850.068
16 1629   -0.0392069 0.017661 887.997
16 1630   -0.0398761 0.0203071 815.854
16 1631   -0.0384453 0.0203034 632.675
16 1632   0.000684904 0.0128414 901.018
16 1633   9.5471e-05 0.0128289 957.485
16 1634   0.000332471 0.0130922 947.704
16 1636   0.000283202 0.0126049 919.936
16 1637   0.000612606 0.0125514 872.074
16 1703   0.00569955 -0.0322271 680.294
16 1704   0.00569955 -0.0294542 704.03
16 1707   -0.0492236 0.0259984 873.376
16 1708   -0.0434805 0.025802 948.535
16 1709   -0.0459472 0.0245156 934.575
16 1710   -0.0491205 0.0311751 712.25
16 1711   -0.0505856 0.0286688 752.76
16 1712   -0.0461901 0.0324282 750.162
16 1713   -0.0438265 0.029791 890.53
16 1719   -0.0110192 0.0209764 940.154
16 1720   -0.00911488 0.0209764 857.601
16 1741   -0.0059629 -0.011222 758.179
16 1742   -0.00654315 -0.0125336 827.729
16 1743   -0.00714528 -0.0118525 796.899
16 1744   -0.00637673 -0.0112135 785.948
16 1745   -0.00684969 -0.0113824 787.22
16 1746   -0.0072044 -0.0109882 781.316
16 1747   -0.00696793 -0.0106954 794.611
16 1749   -0.00661321 -0.010673 828.919
16 1750   -0.00637673 -0.0107969 807.668
16 1753   0.00572094 0.0122594 825.379
16 1754   0.00578486 0.0111621 740.067
16 1755   0.00590035 0.0118953 798.065
16 1756   0.00554701 0.0115535 768.125
16 1767   0.00714391 0.0125345 833.119
16 1770   0.00708548 0.0115212 790.506
16 1771   0.00732196 0.0119176 801.589
16 1772   0.00696587 0.0121108 811.614
16 1773   0.00631487 0.0118049 796.301
16 1774   0.00666959 0.0118792 801.72
16 1775   0.0067892 0.0115497 791.441
16 1776   0.00610967 0.0112537 769.579
16 1777   0.00640595 0.0110952 783.703
16 1778   0.00628634 0.0115547 784.841
16 1779   0.00658262 0.0113962 785.665
16 1781   0.00667233 0.0106938 821.969
16 1782   0.00643585 0.0108177 804.19
16 1786   0.0038769 0.0296597 743.512
16 1787   0.00568434 0.0323678 682.874
16 1817   -0.0483782 -0.0311472 720.933
16 1818   -0.0498403 -0.0286912 758.746
16 1819   -0.0503069 -0.033772 674.93
16 1822   -0.051769 -0.032544 677.649
16 1823   -0.051769 -0.0300881 703.328
16 1824   -0.0386094 -0.0188537 804.477
16 1826   -0.0398279 -0.016958 910.959
16 1827   -0.0387185 -0.0156042 930.9
16 1838   -0.051138 0.0177431 959.773
16 1839   -0.0457886 0.0167385 969.408
16 1840   -0.0485127 0.0154127 969.076
16 1841   -0.0497759 0.0204862 944.68
16 1842   -0.0470518 0.0197319 962.567
16 1862   -0.0146892 -0.0279409 969.106
16 1863   -0.0174112 -0.030609 968.56
16 1864   -0.0150274 -0.0336659 964.795
16 1865   -0.0109443 -0.0296637 963.189
16 1866   -0.0110492 -0.0323319 956.038
16 1910   -0.0511094 -0.0172751 961.081
16 1911   -0.0483281 -0.0183159 963.492
16 1912   -0.049937 -0.0145418 968.834
16 1913   -0.047374 -0.0140835 969.561
16 1914   -0.0457651 -0.016103 969.305
16 1918   -0.00681015 -0.0184192 849.692
16 1919   -0.00681015 -0.0167525 874.445
16 1930   0.000273776 -0.0275793 882.815
16 1931   0.00367903 -0.0278192 780.718
16 1932   0.00472211 -0.0243445 862.844
16 1933   0.00248152 -0.022461 914.659
16 1934   -0.00118381 -0.0216807 965.325
16 1935   0.000415967 -0.0234874 932.605
16 1936   -0.000748701 -0.0251311 931.203
16 1937   -0.00291793 -0.0243182 965.049
16 1938   -0.00313297 -0.0225028 961.931
16 1968   -0.0284357 -0.0311036 968.822
16 1969   -0.0298202 -0.0285439 969.498
16 1970   -0.0318912 -0.0337202 964.109
16 1971   -0.0349041 -0.0324028 956.706
16 1972   -0.0340213 -0.0298431 966.029
16 1997   -0.00465353 0.0142675 937.202
16 1998   -0.00517569 0.0137256 911.4
16 1999   -0.00390844 0.0136541 942.295
16 2000   -0.00413691 0.0131127 918.934
16 2001   -0.00472429 0.0131119 900.707
16 2002   -0.00712984 0.0122798 874.051
16 2003   -0.00638953 0.0127106 868.043
16 2004   -0.00683425 0.0114025 832.582
16 2005   -0.00624305 0.0111961 760.288
16 2006   -0.00591018 0.0116393 760.962
16 2007   -0.00539355 0.0113725 715.305
16 2008   -0.00576106 0.0122764 812.388
16 2009   -0.00483823 0.0126386 864.703
16 2010   -0.00524376 0.0122894 800.757
16 2011   -0.00469118 0.0117512 728.685
16 2012   -0.00509729 0.0118072 740.106
16 2013   -0.0040301 0.0126783 911.013
16 2014   -0.00447035 0.0124751 871.037
16 2015   -0.00446977 0.0120699 792.026
16 2016   -0.00417483 0.011945 788.69
16 2017   -0.00342288 0.0124014 948.625
16 2018   -0.00380907 0.0125146 918.154
16 2019   -0.00395438 0.0121865 895.371
16 2021   -0.00341219 0.0120986 944.543
16 2022   -0.00372419 0.0120479 910.656
16 2054   0.00484011 0.0127539 885.809
16 2055   0.00512975 0.012309 841.035
16 2056   0.00408764 0.0124217 909.686
16 2057   0.00426958 0.0128863 913.655
16 2058   0.00442443 0.0118782 828.473
16 2059   0.00525141 0.0115783 770.154
16 2060   0.00477846 0.0118261 804.297
16 2061   0.00501356 0.0119697 812.538
16 2063   0.00513455 0.0113728 746.615
16 2064   0.00489807 0.0114967 768.514
16 2067   -0.00447945 -0.0119738 862.397
16 2068   -0.00480133 -0.0133185 899.398
16 2069   -0.00388074 -0.0132651 925.639
16 2070   -0.00390262 -0.0125224 937.029
16 2071   -0.00591966 -0.0124308 830.467
16 2072   -0.00538212 -0.0126869 860.768
16 2073   -0.00581237 -0.0117048 785.733
16 2074   -0.00538238 -0.0117154 789.171
16 2075   -0.00487713 -0.0119673 829.576
16 2076   -0.00519955 -0.0122023 836.619
16 2078   -0.00494173 -0.0115424 784.415
16 2079   -0.0051782 -0.0114185 762.811
16 2098   0.00434643 0.0211085 941.068
16 2099   0.00644881 0.0233502 899.504
16 2100   0.00464137 0.0259066 859.492
16 2101   7.19779e-05 0.025042 929.875
16 2102   0.00239153 0.022582 934.476
16 2103   0.00268646 0.0247478 906.971
16 2104   -0.000938568 0.0206802 968.006
16 2105   0.000558688 0.0221687 954.282
16 2106   -0.00100461 0.0235838 956.654
16 2107   -0.00316903 0.0213247 960.813
16 2108   -0.00338254 0.0231453 965.625
16 2113   -0.00450262 0.0313606 913.838
16 2114   -0.00136603 0.0267172 925.931
16 2115   -0.00133989 0.0328842 836.605
16 2116   0.000483989 0.0301761 833.286
16 2117   -0.00455416 0.0261723 961.802
16 2118   -0.00586687 0.0281076 953.66
16 2176   0.00155401 0.0124236 791.505
16 2179   0.00203219 0.0123264 805.706
16 2180   0.00185683 0.0125306 827.134
16 2185   -0.035008 -0.0260632 965.119
16 2186   -0.0359006 -0.0285257 966.652
16 2187   -0.0382745 -0.0284505 962.123
16 2188   -0.0385301 -0.0258129 964.055
16 2189   -0.036892 -0.0246678 940.355
16 2190   -0.0335114 0.0321341 962.641
16 2191   -0.0360994 0.0322865 952.375
16 2192   -0.0365201 0.0294969 962.751
16 2193   -0.0325426 0.029192 968.787
16 2194   -0.0346462 0.0278734 969.318
52 295   -0.00479857 -0.00138678 939.512
52 296   -0.00284063 -0.00250083 951.681
52 297   0.001048 0.00466881 962.427
52 298   -0.0046454 0.00103355 935.238
52 299   -0.000833381 0.00110289 951.497
52 300   -0.00266457 0.00223464 947.487
52 301   0.00108335 0.0022864 954.188
52 302   -0.000841804 0.00570941 965.453
52 303   0.00454895 -0.00206703 934.242
52 304   -0.000779183 -0.00590025 966.743
52 305   0.00287721 0.00120873 947.74
52 306   0.0027784 -0.00100403 945.648
52 307   -0.00263764 0.00445875 954.266
52 308   0.00497232 0.00443009 950.48
52 309   -0.0066065 -0.00245377 930.619
52 310   0.00463933 0.00227268 942.536
52 311   -0.00798263 0.00147153 903.963
52 312   -0.00616137 0.00218693 919.81
52 313   0.00620193 0.00138181 929.336
52 314   0.00911142 0.00060442 913.906
52 315   -0.00111337 0.00745425 969.229
52 316   0.00658839 0.00490318 937.606
52 317   -0.000392355 -0.00749748 969.507
52 318   -0.00616517 -0.00527318 945.946
52 319   -0.00680253 -0.00405986 931.782
52 320   0.00052255 0.00883881 963.269
52 321   0.00766153 0.00380132 918.885
52 322   -0.000363087 0.00841487 963.039
52 323   0.00109548 -0.00761765 968.683
52 324   -0.00733908 -0.00605659 933.947
52 325   0.00874501 0.00434249 899.555
52 326   -0.00810377 -0.00438795 912.422
52 327   0.00869798 0.00526368 898.821
52 328   0.00116526 -0.00870655 954.219
52 329   -0.00819129 -0.00534804 911.275
52 330   0.00038951 -0.00921307 953.091
52 331   0.000154942 0.0100461 951.875
52 332   -0.00931175 -0.00348868 901.109
52 333   -0.00887049 -0.0040653 900.336
52 334   -0.00934786 -0.00291116 921.746
52 335   0.00183195 -0.00914465 926.814
52 336   0.000545254 -0.00997108 940.283
52 337   0.00959905 0.00299065 912.989
52 338   -0.00894059 -0.00553871 894.15
52 339   -0.00927146 -0.00613307 888.277
52 340   -0.000586288 0.0102595 937.726
52 341   -0.00118041 0.00926881 937.593
52 342   0.0094449 0.00405546 875.31
52 343   0.00938414 0.00553948 866.896
52 344   -0.001036 0.0099062 924.564
52 345   0.00967257 0.0035492 884.994
52 346   -0.00181572 0.00936048 915.326
52 347   -0.0094138 -0.0045751 870.036
52 348   0.00954207 0.00600899 867.31
52 349   -0.00990888 -0.00599619 834.678
52 350   -0.0100963 -0.00365849 860.628
52 351   -0.00939638 -0.00508841 866.311
52 352   -0.0024099 0.0102048 848.081
52 353   -0.000724368 0.010869 940.833
52 354   -0.00156287 0.0102225 890.404
52 355   -0.000450106 0.0112943 966.28
52 356   -0.00194778 0.00994474 882.912
52 357   0.00996374 0.00443161 796.606
52 358   -0.0101422 -0.00410115 807.108
52 359   0.00993094 0.00526065 792.158
52 360   -0.00115175 0.0110636 913.419
52 361   -0.00238272 0.0106116 821.777
52 362   -0.00990096 -0.00444114 813.575
52 363   -0.00146503 0.0109427 875.547
52 364   -0.00164717 0.0106146 870.259
52 365   -0.000744379 0.0116349 968.011
52 366   -0.00984516 -0.00523474 808.028
52 367   -0.0100268 -0.00554815 792.035
52 368   0.0101198 0.00498549 755.432
52 369   0.0101389 0.00471928 754.676
52 370   -0.00111296 0.0114845 935.095
52 371   -0.00256083 0.0108854 788.661
52 372   -0.0105314 -0.00418751 753.395
52 373   0.00146959 -0.01152 870.376
52 374   -0.0101536 -0.00471664 758.654
52 375   -0.00200491 0.0107435 833.572
52 376   0.00119866 -0.0116547 936.715
52 377   -0.0101153 -0.00499692 760.293
52 378   0.0102195 0.00552856 764.267
52 379   -0.00172849 0.0111831 829.389
52 380   0.0105208 0.00508001 707.218
52 381   0.0100723 0.00594827 813.555
52 382   -0.00199191 0.0110371 808.274
52 383   0.00172429 -0.0116714 800.013
52 384   -0.00164554 0.0115817 822.943
52 385   -0.00176177 0.0114046 805.009
52 386   0.0102029 0.00574667 783.399
52 387   -0.0105519 -0.00445391 721.602
52 388   -0.00146113 0.0116605 880.268
52 389   -0.0104155 -0.00464305 722.455
52 390   -0.00127511 0.0116639 924.578
52 391   0.00193971 -0.0116132 704.281
52 392   -0.00215025 0.0111683 775.863
52 393   -0.00234136 0.0111485 763.598
52 394   0.0105623 0.00525983 711.318
52 395   0.0105013 0.00465322 708.647
52 396   0.0104499 0.00543322 731.835
52 397   0.00241685 -0.0112369 744.669
52 398   -0.0105599 -0.00478245 703.294
52 399   0.0106806 0.00495518 693.017
52 400   -0.00198479 0.0114495 746.438
52 401   -0.0107274 -0.00451939 704.035
52 402   -0.00210986 0.0113592 743.744
52 403   -0.00224078 0.0114526 668.561
52 404   -0.0107031 -0.00469768 695.121
52 405   0.0106246 0.00475404 696.571
52 406   0.00206346 -0.0117411 443.254
52 407   0.0106673 0.00483745 692.494
52 408   -0.00202 0.0115824 676.064
52 409   -0.0108063 -0.00474727 685.967
52 410   -0.0108391 -0.00484875 681.144
52 411   -0.0108266 -0.00447827 703.04
52 412   0.0108193 0.00498508 684.821
52 413   -0.00212758 0.011617 549.781
52 414   0.0108035 0.00481089 682.894
52 415   0.0108748 0.00483925 677.806
52 416   0.0108772 0.0048957 678.685
52 417   0.0110204 0.00474271 723.383
52 418   -0.00223063 0.0117884 2.60139
52 447   -0.00421732 0.00514631 944.438
52 448   -0.00576022 0.00407558 922.705
52 449   -0.00558703 0.00667119 924.442
52 450   -0.00427703 0.0063529 949.727
52 451   -0.00543063 0.00766205 929.783
52 506   0.00721804 -0.00440124 902.978
52 507   0.00767286 -0.0053798 901.415
52 591   0.00938611 0.00650987 892.028
52 622   -0.0108753 -0.00456984 694.434
52 623   -0.0108659 -0.00468117 686.011
52 624   -0.010877 -0.00461889 690.485
52 625   -0.0109341 -0.00463455 687.944
52 626   -0.01091 -0.00471375 681.486
52 627   -0.0109361 -0.00467991 683.784
52 628   -0.0109719 -0.0047013 681.569
52 631   -0.00176061 0.0117232 786.978
52 632   -0.00195554 0.0116405 688.148
52 633   -0.00199286 0.0117152 608.759
52 634   -0.00186627 0.0116836 742.764
52 635   -0.00190359 0.0117583 701.556
52 638   -0.00203636 0.011752 498.803
52 639   -0.00212018 0.0116909 439.577
52 640   -0.00207476 0.0117306 449.689
52 641   -0.00209732 0.0117716 319.009
52 642   -0.00215303 0.0117124 344.78
52 643   -0.00213245 0.0117516 281.305
52 645   -0.00215948 0.0117718 120.674
52 646   0.00215474 -0.0117122 337.077
52 647   0.0021761 -0.0117527 143.568
52 649   0.00217887 -0.0117799 65.2354
52 652   -0.0103482 -0.00551889 748.033
52 658   -0.010327 -0.0051307 729.957
52 659   -0.0105612 -0.00532425 713.936
52 660   -0.0103783 -0.00533927 732.89
52 661   -0.0105452 -0.00492482 703.286
52 662   -0.0105659 -0.00517318 706.741
52 663   -0.0104538 -0.00505818 712.758
52 664   -0.0108091 -0.00494987 684.427
52 666   -0.0106892 -0.00511652 696.905
52 667   -0.0106892 -0.00499067 693.365
52 673   -0.0109442 -0.00481293 673.6
52 674   -0.0109167 -0.00485518 675.541
52 721   -0.00232413 -0.00576743 965.669
52 722   -0.00314949 -0.00441881 958.327
52 723   -0.00495113 -0.00555595 957.938
52 724   -0.00459836 -0.00679279 966.599
52 725   -0.00332397 -0.00710478 968.884
52 726   -0.00344378 -0.00822984 969.119
52 727   -0.00434722 -0.00829922 968.449
52 728   -0.00508912 -0.00753648 968.969
52 729   -0.00485885 -0.00889644 958.619
52 730   -0.00621743 -0.00966633 844.716
52 731   -0.00592298 -0.00893681 938.271
52 732   -0.00648324 -0.00946114 867.618
52 733   -0.00475415 -0.00950319 942.421
52 734   -0.0047299 -0.0105813 949.877
52 735   -0.00440991 -0.0100601 953.172
52 746   -0.000928792 -0.0104856 952.322
52 747   -0.00143085 -0.011183 910.243
52 748   -0.00128336 -0.0116293 868.007
52 750   -0.000884032 -0.0116224 947.741
52 751   -0.000484706 -0.0116154 967.853
52 752   0.00278465 0.0105696 957.261
52 753   0.00332686 0.0106941 967.785
52 755   0.00239818 0.00583635 965.765
52 756   0.00395151 0.00566074 962.513
52 757   0.00441439 0.00719063 968.454
52 758   0.00419495 0.00891611 963.373
52 759   0.00375546 0.0103038 966.415
52 760   0.00418679 0.00966413 955.509
52 761   0.00457167 0.0106985 962.939
52 762   0.00414578 0.0108394 967.938
52 773   0.000145923 -0.0104237 950.34
52 774   -0.000388282 -0.0106114 956.942
52 775   -0.000291349 -0.0112983 967.172
52 776   0.000821712 -0.0110235 941.875
52 777   0.000431603 -0.0108725 954.098
52 778   0.000170807 -0.01128 968.296
52 779   0.000887303 -0.0114253 955.768
52 780   0.000340307 -0.0115907 967.231
52 781   0.000666694 -0.011585 968.713
52 790   -0.0022198 0.0117143 216.645
52 791   -0.00218967 0.0117136 271.769
52 793   -0.00223517 0.011743 67.896
52 795   0.00499991 0.00839882 966.372
52 796   0.00600111 0.00739775 966.831
52 797   0.00519361 0.00750893 968.877
52 798   0.00560898 0.00864496 958.765
52 799   0.00620899 0.00810558 969.255
52 800   0.0064934 0.00947091 855.973
52 801   0.00675967 0.00926523 885.643
52 802   0.00612339 0.0094625 873.225
52 803   0.00564962 0.00923999 921.68
52 804   0.00606244 0.00996991 802.075
52 805   -0.00577832 -0.00976609 852.019
52 806   -0.00524625 -0.00974591 900.055
52 807   -0.005992 -0.0100796 794.389
52 838   -0.00245515 0.00771819 968.075
52 839   -0.00346562 0.00718463 964.778
52 840   -0.00393437 0.00773134 964.77
52 841   -0.00458937 0.00789048 955.265
52 843   -0.00447374 0.00851162 962.938
52 852   0.00282026 -0.0100068 842.302
52 906   0.000580301 0.0105246 954.868
52 907   -9.07522e-05 0.0113102 968.287
52 908   0.000310751 0.0109939 961.122
52 909   0.00058799 0.0113451 962.257
52 910   0.000354506 0.0116645 969.166
52 911   1.84683e-05 0.0116583 966.149
52 924   -0.002814 0.0100536 839.527
52 934   0.00445316 -0.00831538 961.787
52 935   -0.000540396 -0.000618208 951.351
52 936   -0.00117215 -0.00180629 953.001
52 937   0.00127753 -0.00164745 951.268
52 938   0.000341491 -0.00439416 961.109
52 939   0.0012392 -0.00277856 953.49
52 940   5.23429e-05 -0.00289249 955.93
52 941   0.00181926 -0.00376945 955.009
52 942   0.00123743 -0.00479101 961.046
52 943   0.00177738 -0.00693704 968.934
52 944   0.00264013 -0.00578256 960.777
52 945   0.00171273 -0.00576459 964.371
52 946   0.00364525 -0.00696053 962.094
52 947   0.00309036 -0.00652173 962.958
52 948   0.00251853 -0.00716542 968.572
52 949   0.00340493 -0.00749729 967.508
52 950   0.00274191 -0.00771116 969.036
52 951   0.00398493 -0.00830794 968.485
52 952   0.00356222 -0.00798506 969.099
52 953   0.00236641 -0.00890238 926.836
52 954   0.002605 -0.00832941 959.186
52 955   0.00317078 -0.00935938 832.712
52 956   0.00276636 -0.00945548 868.204
52 957   0.0031666 -0.00892602 894.006
52 958   0.00300077 -0.00844914 956.095
52 959   0.00329496 -0.00831867 967.07
52 961   0.00394769 -0.00881475 969.014
52 962   0.00354371 -0.00903399 917.784
52 963   0.00358923 -0.00871855 961.093
52 980   -0.00225123 0.0116839 291.095
52 981   -0.0022595 0.011567 540.574
52 982   -0.00220693 0.0116083 491.69
52 984   -0.00234791 0.01141 677.06
52 985   -0.0024081 0.0112968 726.057
52 1016   -0.0085006 0.00367438 892.582
52 1017   -0.0088638 0.00253274 895.942
52 1019   0.00166117 -0.00975944 904.89
52 1020   0.00115023 -0.0100794 917.54
52 1021   0.00107489 -0.0108623 918.168
52 1022   0.00156139 -0.0104627 883.146
52 1023   0.00119913 -0.0104463 908.923
52 1024   0.00157297 -0.0107715 871.796
52 1025   0.00148911 -0.0112588 866.587
52 1026   0.00133372 -0.011 892.507
52 1027   0.00243889 -0.0100879 854.481
52 1028   0.00196554 -0.00996641 882.609
52 1029   0.00181686 -0.0103027 873.709
52 1030   0.00262756 -0.0107156 804.556
52 1031   0.00245222 -0.0104092 835.372
52 1032   0.00209389 -0.0104753 848.047
52 1033   0.00180971 -0.0108825 842.142
52 1034   0.00207515 -0.0107463 829.65
52 1035   0.00227404 -0.011105 777.051
52 1036   0.00232483 -0.0108845 800.115
52 1037   0.00203929 -0.0111435 791.643
52 1038   0.0017433 -0.0112071 825.869
52 1039   0.00182464 -0.0110592 826.692
52 1040   0.00196701 -0.0114614 745.42
52 1041   0.00202642 -0.0112689 775.66
52 1042   0.00188947 -0.0113139 790.71
52 1043   0.00211333 -0.011357 746.184
52 1044   0.00209459 -0.0114756 703.334
52 1045   0.00226901 -0.0113635 720.042
52 1046   0.00232273 -0.0114556 658.017
52 1047   0.00229083 -0.0116121 455.058
52 1048   0.00225301 -0.0115318 594.47
52 1049   0.00218055 -0.0115583 584.67
52 1050   0.00224361 -0.0116455 421.159
52 1051   0.00217443 -0.0116647 453.997
52 1052   0.00219642 -0.0116245 485.128
52 1053   0.00220127 -0.0117223 225.706
52 1054   0.00220514 -0.0116887 350.449
52 1055   0.00223809 -0.0116827 326.507
52 1057   0.00225355 -0.0117091 215.914
52 1058   0.00222772 -0.0117286 148.401
52 1059   0.00223119 -0.0117501 60.117
52 1064   0.00222463 -0.0117893 3.55918
52 1097   0.00820859 -0.000569336 904.634
52 1098   0.00598738 -0.00140051 921.78
52 1099   0.00643334 -8.9767e-05 922.055
52 1101   0.00877074 -0.00181808 893.068
52 1102   0.00818457 -0.00361509 894.958
52 1103   0.00758104 -0.0024509 905.728
52 1152   -0.0109498 -0.00477848 674.375
52 1153   -0.0109336 -0.00475183 677.34
52 1154   -0.0109843 -0.00478023 671.747
52 1155   -0.0109608 -0.00473989 677.219
52 1156   -0.010973 -0.0047232 679.242
52 1157   -0.0109969 -0.00472662 679.709
52 1158   -0.00218004 0.011762 97.5172
52 1159   -0.00218964 0.0117431 147.187
52 1160   -0.00222004 0.0117886 3.58667
52 1163   -0.00220909 0.0117794 10.0573
52 1164   -0.00219337 0.0117812 24.2055
52 1165   0.0109637 0.00480288 671.65
52 1166   0.0109248 0.00480267 674.418
52 1167   0.0109244 0.00475805 675.618
52 1168   0.0109714 0.00476843 671.86
52 1169   0.0109552 0.00474808 674.211
52 1178   0.0102156 0.00365764 839.897
52 1182   0.0102006 0.00415277 782.657
52 1183   0.0102248 0.00388506 810.58
52 1184   0.01045 0.00388828 788.172
52 1185   0.0106564 0.00422306 728.927
52 1186   0.0103832 0.00423259 751.711
52 1187   0.0104683 0.00407939 761.048
52 1188   0.0105366 0.00451265 711.964
52 1189   0.010481 0.00437808 727.035
52 1190   0.0106417 0.00436694 714.776
52 1191   0.0106659 0.00453607 701.66
52 1192   0.0107285 0.00446696 702.695
52 1193   0.0107178 0.00468462 691.781
52 1194   0.0107239 0.00460723 694.682
52 1195   0.0108037 0.00475277 683.766
52 1196   0.0107606 0.00470991 688.077
52 1197   0.0107957 0.0046748 687.189
52 1198   0.0108985 0.00473845 678.111
52 1199   0.0108453 0.00473715 681.476
52 1200   0.0108324 0.00469816 683.911
52 1201   0.0109034 0.00470888 679.402
52 1202   0.0108678 0.00469003 682.347
52 1204   0.0108365 0.00449846 696.381
52 1207   0.0107988 0.0046361 688.957
52 1208   0.0107697 0.00459381 692.828
52 1209   0.0108198 0.00455416 693.061
52 1210   0.010911 0.00458562 687.907
52 1211   0.0108588 0.00457468 690.224
52 1212   0.0108389 0.0046182 688.033
52 1213   0.0108752 0.00466436 683.5
52 1214   0.0108674 0.00463318 685.864
52 1215   0.010905 0.00462297 685.267
52 1216   0.0109538 0.00465408 681.849
52 1217   0.0109227 0.00464434 683.218
52 1218   0.0109029 0.00466397 682.363
52 1219   0.0109479 0.00467351 680.383
52 1220   0.0109207 0.00467937 680.637
52 1221   0.0109287 0.00469861 678.955
52 1222   0.010981 0.00469322 678.417
52 1223   0.0109511 0.00470039 678.141
52 1224   0.0109604 0.00468511 679.24
52 1225   0.0109668 0.00472708 675.477
52 1226   0.0109634 0.00470926 677.137
52 1227   0.01098 0.00470775 677.134
52 1228   0.0110014 0.00472904 675.625
52 1229   0.0109877 0.00471972 676.088
52 1230   0.0109792 0.00473141 674.856
52 1231   0.0109897 0.00475756 671.616
52 1232   0.0109998 0.00473992 675.17
52 1233   0.0109859 0.00474154 673.722
52 1346   -0.000456493 -0.008979 962.93
52 1347   -0.00116858 -0.00835232 968.344
52 1348   -0.00110836 -0.00970508 959.373
52 1349   -0.00195559 -0.00974086 961.18
52 1350   -0.0036413 -0.0107084 968.453
52 1351   -0.00374632 -0.0100464 965.616
52 1352   -0.00310634 -0.00900408 966.967
52 1353   -0.0022178 -0.00886668 967.357
52 1354   -0.00207518 -0.0113075 882.265
52 1355   -0.00311004 -0.0108845 965.929
52 1356   -0.00242036 -0.0106459 950.187
52 1394   -0.00661371 0.00636058 914.182
52 1395   -0.00794733 0.00471494 891.551
52 1396   -0.00684661 0.00497157 910.627
52 1411   0.000949267 0.0113629 942.486
52 1412   0.00107373 0.0116889 916.975
52 1417   0.00478733 0.0103786 930.361
52 1418   0.00479277 0.00987996 929.503
52 1419   0.00524532 0.00967139 903.882
52 1420   0.00581087 0.0100171 809.954
52 1421   0.00546751 0.00994111 860.485
52 1424   0.00584805 0.0102826 763.828
52 1425   0.00571492 0.0103855 732.871
52 1426   -0.00502847 -0.0103716 894.703
52 1427   -0.00520058 -0.0100932 878.946
52 1428   -0.00570599 -0.0101807 796.299
52 1429   -0.00548702 -0.0104226 787.409
52 1430   -0.00544664 -0.0102145 829.308
52 1433   -0.00581283 -0.0103375 755.056
52 1434   -0.00567992 -0.0104401 726.349
52 1470   0.00510538 0.0103976 882.887
52 1471   0.00533302 0.0101686 852.284
52 1472   0.00554324 0.0103475 786.43
52 1475   0.00542208 0.0105412 795.152
52 1476   0.00520913 0.0106117 865.302
52 1479   -0.00540096 -0.0105618 799.809
52 1480   -0.00518846 -0.0106322 871.667
52 1660   0.00469957 -0.00370476 933.957
52 1661   0.00595659 -0.00441777 919.586
52 1662   0.00353877 -0.00526621 951.152
52 1663   0.0031932 -0.00422668 949.044
52 1664   0.00554243 -0.00530518 926.811
52 1665   0.00463098 -0.0056317 941.172
52 1666   0.00596542 -0.00746375 911.396
52 1667   0.00545166 -0.00777175 930.52
52 1668   0.00484671 -0.00764993 947.604
52 1669   0.00440744 -0.0069443 951.511
52 1670   0.00477197 -0.00635123 941.8
52 1671   0.00690871 -0.00595722 911.981
52 1672   0.00620151 -0.00694767 911.74
52 1673   0.00603973 -0.00586607 920.125
52 1674   0.00570421 -0.00638678 924.802
52 1677   0.00713612 -0.0064465 912.687
52 1678   0.00676444 -0.00691625 912.177
52 1793   0.00794951 0.00574307 917.076
52 1794   0.00692341 0.00592374 940.711
52 1795   0.00657771 0.00686935 956.864
52 1796   0.00740672 0.00705588 946.201
52 1797   0.00802652 0.00652469 923.217
52 1798   0.00872958 0.00682857 910.832
52 1799   0.00878234 0.0075046 915.072
52 1800   0.00742751 0.00887749 961.014
52 1801   0.00668275 0.00832809 968.41
52 1802   0.00682279 0.00888429 945.235
52 1803   0.00753384 0.00837835 966.546
52 1804   0.00748023 0.00758575 953.642
52 1805   0.00712754 0.00802783 966.435
52 1806   0.00792329 0.0082012 954.259
52 1807   0.00836591 0.00777447 922.898
52 1808   0.0079397 0.00768669 942.692
52 1810   0.00848263 0.00818613 922.048
52 1811   0.00821636 0.00839181 946.567
52 1843   -0.00221208 0.00906306 918.968
52 1844   -0.00246829 0.00847791 952.607
52 1845   -0.0031457 0.00937807 833.769
52 1846   -0.00274824 0.00949609 866.606
52 1847   -0.00349123 0.00827291 968.937
52 1848   -0.00303563 0.00848591 954.38
52 1849   -0.00317687 0.00895305 889.242
52 1850   -0.00405311 0.00862583 969.284
52 1851   -0.00372561 0.00854626 967.489
52 1852   -0.00353935 0.00893383 928.137
52 1855   -0.00399529 0.0089364 968.666
52 1856   -0.00373841 0.0090904 941.602
52 1954   -0.00741368 -0.00689804 943.155
52 1955   -0.00813071 -0.0081419 941.062
52 1956   -0.00773198 -0.00844968 964.122
52 1957   -0.00746617 -0.00865488 963.842
52 1958   -0.00631785 -0.00753263 965.328
52 1959   -0.00664008 -0.00833574 966.431
52 1960   -0.0091883 -0.00672676 901.507
52 1963   -0.00856113 -0.00768325 920.608
52 1964   -0.00843215 -0.0070373 919.979
52 2049   -0.00221917 0.0117735 10.1632
52 2052   -0.00221306 0.0117564 49.6095
52 2053   -0.00222845 0.0117556 30.4792
52 2137   -0.00771126 -0.00159218 923.594
52 2138   -0.00871013 -0.0022981 931.761
52 2139   -0.00925988 -0.001368 928.618
52 2140   -0.00829296 -6.39275e-05 910.473
52 2141   -0.00932378 -0.000171692 909.317
52 2148   0.00134828 0.00845529 967.696
52 2149   0.00208439 0.00745405 969.597
52 2150   0.00321078 0.00857573 968.276
52 2151   0.00323652 0.00774013 969.605
52 2152   0.00246503 0.00997583 960.145
52 2153   0.00174403 0.00928591 963.907
52 2154   0.0024544 0.00912025 965.968
52 2155   0.00116124 0.0103888 951.645
52 2156   0.00158189 0.00998346 957.122
52 2157   0.00192742 0.0102995 953.116
52 2158   0.00121245 0.0110406 936.395
52 2159   0.00129349 0.0107114 945.073
52 2160   0.00170449 0.0107049 940.631
52 2161   0.00175035 0.0109485 928.071
52 2162   0.00149654 0.0111197 919.881
52 2163   0.00222165 0.0115728 844.279
52 2164   0.00196857 0.0110923 914.947
52 2165   0.00242474 0.0112017 925.736
52 2166   0.00254107 0.0114671 908.392
52 2167   0.00159807 0.0113239 889.481
52 2168   0.00185681 0.0113031 883.775
52 2169   0.00189202 0.0117037 771.789
52 2170   0.00199357 0.0115181 837.282
52 2172   0.00169059 0.0117372 769.894
52 2173   0.0015334 0.0115725 846.042
52 2174   0.00135862 0.0116941 854.871
52 2181   0.00779536 0.00286595 921.373
52 2182   0.00742075 0.00200876 923.462
52 2183   0.0089296 0.00256813 930.496
52 2184   0.00855498 0.00171094 928.199
52 2336   0.0110013 0.00476225 670.377
52 2339   0.0110153 0.00475048 684.88
52 2340   0.0110071 0.00475046 675.052
52 2341   -0.0109859 -0.0047654 673.143
52 2342   -0.0109787 -0.00475172 675.359
52 2343   -0.0110043 -0.00476277 672.882
52 2344   -0.0110038 -0.00475172 676.078
52 2345   -0.0109975 -0.00473761 678.393
52 2346   -0.0109914 -0.00474601 676.318
52 2347   -0.0110183 -0.00474928 687.272
52 2349   -0.011009 -0.00473943 679.987
52 2350   -0.0110117 -0.0047467 680.7
52 2368   0.00219825 -0.0117727 44.1978
52 2369   0.00222015 -0.011782 6.57222
52 2370   0.00222585 -0.0117735 10.4616
52 2371   0.00221542 -0.011764 37.0889
52 2373   0.0022111 -0.0117861 7.59387
52 2374   0.00219963 -0.0117863 13.4811
end
