1143
16 254   -0.0449782 0.00325309 958.51
16 255   -0.0451576 -0.00292919 958.563
16 256   -0.04114 -0.00645515 956.764
16 257   -0.0384824 -0.00714702 953.999
16 258   0.000989179 -0.0182278 964.371
16 259   0.00299903 -0.0194675 943.307
16 260   0.00673657 -0.0226478 892.154
16 261   0.00138586 -0.0158882 965.504
16 262   0.00306445 -0.0151597 954.444
16 263   -0.00686572 0.014728 953.339
16 264   -0.00463067 0.0154024 967.605
16 265   -0.00598565 0.0137738 934.814
16 266   0.00310955 -0.013762 958.591
16 267   -0.00582173 0.0128983 909.984
16 268   -0.00469156 0.0142352 958.727
16 269   0.00189486 -0.0128052 969.202
16 270   0.00471298 -0.0135955 920.6
16 271   -0.00168861 0.0130358 968.975
16 272   -0.00399124 0.0136543 962.3
16 273   0.00253389 -0.0129924 968.423
16 274   0.00552489 -0.0125812 881.125
16 275   0.00389363 -0.0133991 944.422
16 276   -0.00114645 0.0126446 969.338
16 277   0.00492457 -0.012889 905.816
16 278   -0.0041466 0.012907 955.429
16 279   -0.004683 0.0126123 923.883
16 280   -0.00237834 0.0127473 967.366
16 281   -0.00508715 0.0115728 805.592
16 282   0.00373708 -0.0127206 953.239
16 283   -0.00367721 0.0125518 967.592
16 284   0.00291592 -0.0123177 966.808
16 285   0.00442762 -0.0124858 911.603
16 286   0.00343592 -0.0123926 967.665
16 287   -0.00254538 0.0122409 957.192
16 288   0.00405947 -0.0125139 934.974
16 289   0.00320184 -0.0122713 965.679
16 290   -0.00374605 0.0121634 968.344
16 291   -0.00391313 0.0120267 963.492
16 292   -0.00406971 0.0119748 932.593
16 293   -0.00336107 0.0120641 934.018
16 306   -0.0511395 0.023992 904.715
16 313   -0.00881316 -0.0274997 968.662
16 321   -0.00876896 0.0271811 968.681
16 322   -0.038712 0.0282585 966.186
16 324   -0.0329419 -0.0230774 941.558
16 325   -0.00116931 -0.019388 967.162
16 326   -0.00404093 0.0221716 935.768
16 327   -0.00552149 0.0240693 944.429
16 340   -0.043297 0.0168072 948.897
16 342   0.000222743 -0.0150553 969.464
16 343   0.00138154 -0.0131948 968.974
16 344   0.000812346 -0.0139467 969.165
16 346   0.000965158 -0.0126497 968.98
16 349   -0.00670181 0.0123169 891.888
16 350   -0.00603253 0.0116075 822.753
16 351   -0.00649608 0.011056 796.026
16 358   -0.0501576 -0.00542594 960.937
16 360   -0.0489864 -0.00938853 963.992
16 361   -0.0513288 -0.0114629 967.526
16 362   -0.0435765 -0.010915 957.752
16 363   -0.0464229 -0.0113516 963.426
16 364   -0.0421371 -0.012721 952.462
16 365   -0.0433701 -0.0151956 953.631
16 366   -0.0397006 -0.0118753 947.943
16 367   -0.0387182 -0.0133491 939.281
16 392   -0.029793 -0.0245516 961.575
16 393   -0.0265202 -0.0225 964.419
16 394   -0.0315098 -0.0335258 968.313
16 395   -0.0281819 -0.0310258 969.602
16 396   -0.0295757 -0.0280774 968.76
16 397   -0.0324063 -0.0291033 969.378
16 398   -0.033401 -0.0320516 966.975
16 432   -0.00433033 0.0187238 941.441
16 433   -0.00461354 0.0205516 885.02
16 435   -0.0242301 0.0325 969.56
16 436   -0.0263207 0.0225 964.503
16 437   -0.0297191 0.024558 961.559
16 490   0.00679057 0.0108388 830.181
16 499   -0.00631762 -0.0114528 849.837
16 500   -0.00702705 -0.0114978 833.885
16 501   -0.00679057 -0.0107884 831.368
16 511   -0.0411459 0.0249986 966.491
16 512   -0.0391975 0.0261912 966.777
16 531   -0.000586717 0.0127354 969.484
16 532   0.00726352 0.0108246 788.204
16 534   0.00714528 0.0104194 755.306
16 537   -0.0423505 0.0186867 928.612
16 538   -0.0429358 0.0207024 945.304
16 546   -0.0423641 -0.0198192 924.651
16 547   -0.0420413 -0.0170662 932.544
16 548   -0.00619938 -0.0123481 857.965
16 549   -0.00409843 -0.0140388 930.654
16 550   -0.00284248 -0.0142392 951.469
16 551   -0.00106277 -0.0150554 967.191
16 552   -0.00194667 -0.0152643 960.838
16 561   -0.00468962 -0.0153957 919.289
16 562   -0.00616908 -0.0153384 898.48
16 563   -0.00305409 -0.0164495 943.202
16 564   -0.00316556 -0.0182337 932.492
16 565   -0.0112655 0.022931 946.718
16 566   -0.0094523 0.0246811 949.745
16 567   -0.0117947 -0.0230235 952.004
16 568   -0.00949162 -0.0249997 954.673
16 578   -0.0329397 0.023087 941.567
16 579   -0.0348498 0.0252983 949.49
16 583   -0.00814465 0.0236022 913.091
16 584   -0.00683438 0.0233982 896.257
16 585   -0.00577046 0.0210858 799.597
16 586   -0.00651075 0.0220347 810.163
16 590   -0.00111592 -0.0139469 965.554
16 593   -0.000655833 -0.0127016 943.809
16 637   -0.0220922 0.024727 968.059
16 638   -0.0209108 0.029727 969.404
16 639   -0.0142508 0.024181 964.061
16 650   0.000213828 -0.0336149 768.23
16 652   -0.0195176 0.022227 967.207
16 653   -0.0163417 0.022227 965.241
16 660   -0.0335178 -0.0210258 913.57
16 672   -0.0399782 0.00575162 956.048
16 686   -0.0346707 -0.0252542 949.595
16 687   -0.0343523 -0.0277542 968.45
16 694   -0.0499782 0.00575634 961.013
16 699   -0.0314864 0.033529 968.423
16 700   -0.0295225 0.028087 968.719
16 701   -0.0280972 0.031029 969.589
16 706   -0.0199643 -0.0222579 967.382
16 707   -0.022338 -0.0247579 968.143
16 708   -0.0148124 -0.0242735 965.724
16 709   -0.0170958 -0.0222579 966.218
16 716   0.00607113 0.0134315 915.308
16 717   -0.0334906 0.021029 913.809
16 721   -0.0386395 0.016503 895.294
16 728   -0.0115302 -0.0210079 932.799
16 731   0.00595703 -0.0112279 765.922
16 733   0.00546847 -0.0119928 838.41
16 734   0.00571555 -0.0115642 786.693
16 735   0.00535048 -0.011336 757.649
16 736   0.00508587 -0.0119234 842.934
16 737   0.00512094 -0.0116058 797.729
16 738   0.00453108 -0.0121684 898.936
16 739   0.00477155 -0.0120279 876.668
16 740   0.0043229 -0.0120604 904.102
16 741   0.00435241 -0.0118808 893.67
16 743   0.00420277 -0.0118096 896.904
16 744   -0.043596 0.012183 957.18
16 745   -0.0412174 0.00988331 954.593
16 746   -0.0387391 0.0116266 946.19
16 747   -0.0398786 0.014798 930.426
16 748   -0.0422572 0.0145961 946.793
16 757   0.00358094 -0.0120781 967.303
16 866   -0.040884 -0.0207795 864.322
16 868   -0.00726352 -0.0107489 784.486
16 869   -0.00809702 -0.0240257 926.095
16 870   -0.00714528 -0.0103942 752.986
16 876   -0.00472616 -0.0213378 861.79
16 877   -0.00470829 -0.0194576 861.235
16 881   0.00493483 0.0119269 810.691
16 882   0.00517131 0.011803 823.377
16 883   -0.00716536 0.0109704 874.215
16 886   0.00446188 0.0121747 846.659
16 887   0.00469835 0.0120508 818.174
16 888   0.00641828 0.020783 941.851
16 889   0.00459457 0.0249262 891.405
16 890   0.00641828 0.0235479 902.483
16 891   0.00298048 0.0200458 959.793
16 892   0.00514391 0.0194491 958.522
16 893   0.00224697 0.0189082 967.078
16 894   0.00173751 0.0151336 966.236
16 895   0.00205627 0.0165118 969.41
16 896   0.000709591 0.0148507 966.331
16 897   -1.23072e-05 0.015552 968.722
16 898   0.000423162 0.0141053 963.212
16 899   -0.000204629 0.0139492 966.682
16 900   0.0024425 0.0144753 961.063
16 901   0.00219482 0.0135815 952.38
16 902   0.0021029 0.0124701 946.034
16 903   0.00288291 0.0129662 951.847
16 904   0.00262995 0.0123846 957.742
16 905   0.00159782 0.0133075 945.174
16 906   0.00175886 0.0127777 935.903
16 907   0.0005531 0.0125976 874.968
16 908   0.000289577 0.0126403 907.38
16 914   -0.00699804 0.010528 858.876
16 915   -0.00702952 0.0172541 957.228
16 916   -0.00534565 0.0180271 940.171
16 917   -0.00639524 0.016157 968.668
16 918   -0.00545427 0.01637 968.987
16 919   -0.00712855 0.0190123 803.229
16 920   -0.00591516 0.018728 885.01
16 921   -0.00665807 0.018168 909.25
16 941   -0.0046911 -0.0131961 913.596
16 942   -0.00436668 -0.0120584 862.605
16 943   -0.00460316 -0.0119345 822.989
16 944   -0.00531259 -0.0123961 866.216
16 945   -0.00417417 -0.0123964 922.829
16 946   -0.00402564 -0.0129487 934.541
16 947   -0.00273588 -0.0134643 955.748
16 948   -0.00256096 -0.0123485 967.567
16 949   -0.00332637 -0.0130165 953.882
16 950   -0.0031455 -0.0125177 964.853
16 952   -0.00338447 -0.0122148 968.078
16 953   -0.00371388 -0.0121614 965.628
16 954   -0.035221 -0.0215387 867.703
16 978   -0.0108645 0.020977 920.427
16 980   -0.00847615 0.0223406 862.1
16 981   -0.00938277 0.0214655 875.511
16 1010   -0.0406413 0.0185155 879.758
16 1011   -0.0392092 0.0176712 864.169
16 1013   0.00017464 -0.0136918 969.629
16 1014   -0.000468117 -0.0136918 968.366
16 1015   -0.000441281 -0.0129922 965.767
16 1016   -0.000114852 -0.0127372 967.729
16 1017   0.00041689 -0.01312 969.294
16 1018   0.000638217 -0.0128299 968.524
16 1019   0.000100563 -0.012865 968.425
16 1021   0.000213751 -0.0125924 961.321
16 1022   0.000430028 -0.0125573 966.715
16 1032   -0.0358443 -0.0321767 960.676
16 1033   -0.0380996 -0.0281294 967.932
16 1034   -0.0360988 -0.0293534 967.658
16 1079   -0.0492247 0.0260077 884.739
16 1080   -0.0511395 0.0177503 964.727
16 1081   -0.045797 0.0168072 967.112
16 1084   -0.049831 -0.028673 774.676
16 1085   -0.0503024 -0.0337715 675.944
16 1087   -0.0517675 -0.032543 678.911
16 1088   -0.0517675 -0.030086 708.314
16 1090   0.00567846 -0.0294594 710.441
16 1102   0.00599898 0.01207 853.444
16 1103   0.00670841 0.0126326 875.946
16 1104   0.00702705 0.0114156 832.601
16 1105   0.00631762 0.0113202 846.394
16 1110   -0.00472916 0.0117604 872.382
16 1112   -0.00422481 0.0118935 915.385
16 1113   -0.0045358 0.0120392 907.389
16 1132   -0.0511077 -0.0172531 966.277
16 1133   -0.0499365 -0.0144632 969.498
16 1134   -0.047373 -0.0139264 967.643
16 1135   -0.0457595 -0.0159644 966.228
16 1142   0.00363568 -0.0278268 803.251
16 1143   0.00469379 -0.0243151 881.441
16 1144   0.00242977 -0.0224351 926.205
16 1145   -0.00126321 -0.0216677 967.495
16 1146   0.000326022 -0.0234751 943.944
16 1147   -0.000880287 -0.0250621 943.338
16 1184   -0.00676027 -0.0166953 877.794
16 1187   -0.0438959 -0.0209985 964.036
16 1188   -0.0459625 -0.0190142 969.342
16 1195   -0.00449892 0.0313311 921.538
16 1196   -0.00140465 0.0266313 935.097
16 1197   -0.0013464 0.0328541 850.603
16 1332   -0.0399502 -0.0296036 948.373
16 1333   -0.0418003 -0.0282828 944.533
16 1334   -0.0415359 -0.0261918 966.477
16 1335   -0.0385993 -0.0260903 964.206
16 1336   -0.0401855 -0.0254735 964.953
16 1337   -0.0362923 -0.0247518 933.073
16 1338   -0.0377227 -0.0253378 945.16
16 1339   -0.0384677 -0.024083 903.263
16 1348   -0.0334967 0.0321347 966.842
16 1349   -0.0360921 0.0322881 959.45
16 1350   -0.0365089 0.0294995 966.703
16 1351   -0.0325194 0.0291927 969.373
16 1352   -0.0346261 0.027875 968.674
16 1489   0.00686281 0.0170333 969.208
16 1490   0.00558844 0.0180164 966.913
16 1491   0.00622554 0.0157292 966.463
16 1492   0.00303969 0.0178895 968.664
16 1493   0.00284703 0.0169484 969.598
16 1494   0.00421774 0.0175943 968.744
16 1495   0.00517343 0.015996 968.179
16 1496   0.00361016 0.0164285 969.467
16 1497   0.00444 0.016878 969.644
16 1498   0.00352434 0.0149031 963.148
16 1499   0.00475846 0.0153408 964.867
16 1500   0.0039287 0.0157523 968.111
16 1501   0.0040695 0.0143435 955.752
16 1502   0.0048887 0.0145565 955.125
16 1503   0.00514926 0.0138488 937.684
16 1504   0.00440199 0.0127593 909.899
16 1505   0.0046625 0.0134913 933.136
16 1506   0.00399763 0.0137803 948.094
16 1507   0.00387944 0.0124026 946.95
16 1508   0.00347359 0.0130911 948.424
16 1509   0.00361592 0.0124453 951.041
16 1588   -0.0417068 0.0219428 923.036
16 1589   -0.0410253 0.023547 936.083
16 1590   -0.0396759 0.0233358 887.208
16 1591   -0.0404055 0.0199216 834.265
16 1592   -0.039829 0.0221299 823.865
16 1593   -0.0408858 0.0213333 874.314
16 1594   -0.038779 0.0212168 664.341
16 1595   -0.0389734 0.0199107 708.659
16 1596   -0.00641159 -0.0226817 848.779
16 1597   -0.00574397 -0.0217275 806.674
16 1598   -0.00646582 -0.020652 611.597
16 1599   -0.00682096 0.0204029 532.685
16 1600   -0.00677838 0.0196625 703.558
16 1601   -0.00607806 0.0203291 758.282
16 1602   -0.00603548 0.0195887 812.467
16 1619   -0.00483964 -0.0118106 809.042
16 1620   -0.00507611 -0.0116867 821.75
16 1623   0.00738176 0.0104123 670.311
16 1628   0.00732264 0.0102097 503.131
16 1629   0.00744088 0.0101478 306.73
16 1630   -0.00738176 -0.0103745 653.678
16 1635   -0.00732264 -0.0101971 486.998
16 1636   -0.00744088 -0.0101351 274.81
16 1637   -0.0387792 -0.0216773 755.958
16 1638   -0.0384165 -0.0207554 559.272
16 1639   -0.0372735 -0.0209739 646.894
16 1640   0.00673657 -0.0199024 916.049
16 1641   0.00676324 -0.0173875 923.897
16 1642   0.00599981 -0.018837 923.29
16 1643   0.00452628 -0.0183673 933.999
16 1644   0.0052489 -0.0143428 919.222
16 1645   0.00621589 -0.0162975 923.928
16 1646   0.00438445 -0.015544 937.59
16 1647   0.00474237 -0.0166585 935.153
16 1665   0.00695266 -0.0152004 916.376
16 1668   0.00603905 -0.0141907 910.628
16 1669   0.00664812 -0.0145296 912.026
16 1670   0.00719546 -0.0137863 905.446
16 1671   0.00610344 -0.0128849 888.972
16 1672   0.00628186 -0.0135286 902.397
16 1673   0.00689093 -0.0133662 900.374
16 1674   0.00725852 -0.012305 888.536
16 1675   0.00647104 -0.0125666 881.324
16 1676   0.00695399 -0.0128784 893.675
16 1677   0.00635156 -0.011477 816.748
16 1678   0.00701705 -0.011903 878.198
16 1679   0.0065341 -0.0120833 864.86
16 1681   0.00725852 -0.0113206 882.113
16 1683   0.007288 -0.0103572 906.034
16 1686   0.00704652 -0.0109395 874.624
16 1687   0.00662251 -0.0109156 811.513
16 1694   0.00107444 0.0134265 947.232
16 1695   0.000471831 0.0133308 952.353
16 1696   0.000680018 0.0136133 955.976
16 1697   0.000723508 0.0127895 906.321
16 1698   0.000721893 0.0131352 939.511
16 1699   0.0010106 0.0131528 936.422
16 1700   0.00132859 0.0126621 917.25
16 1701   0.00110372 0.0129182 922.946
16 1702   0.000920717 0.012696 899.436
16 1704   0.00127735 0.0124186 902.956
16 1705   0.00101383 0.0124614 878.881
16 1710   -0.00733268 0.0102202 929.11
16 1711   -0.00733268 0.0104852 904.197
16 1719   -0.00716719 0.0216991 774.313
16 1720   -0.00782233 0.0218011 806.652
16 1721   -0.00716981 0.0208241 573.714
16 1722   -0.00782495 0.020926 704.751
16 1774   -0.040435 -0.0163478 916.393
16 1775   -0.0393274 -0.0150141 927.245
16 1776   -0.0381091 -0.0161158 902.376
16 1777   -0.0380538 -0.0185835 790.609
16 1778   -0.038663 -0.0171993 870.262
16 1779   -0.0397706 -0.0176998 875.962
16 1780   -0.0398967 -0.0193784 819.125
16 1781   -0.038789 -0.0197114 701.813
16 1839   -0.0517674 0.0337472 671.899
16 1867   -0.0352199 0.0215435 867.838
16 1868   -0.0374709 0.021322 686.899
16 1887   0.00294614 -0.0329223 702
16 1888   0.00658923 -0.0329223 673.732
16 1889   0.00476769 -0.0315371 692.303
16 1892   0.00385691 -0.0343074 686.982
16 1893   0.00567846 -0.0343074 673.925
16 1939   -0.0407282 -0.0219824 874.862
16 1940   -0.0395498 -0.0220863 815.168
16 1941   -0.0411969 -0.0232478 932.381
16 1942   -0.0394294 -0.0234037 885.276
16 1943   -0.0402706 -0.0240416 933.485
16 1991   -0.00964737 -0.0215118 884.131
16 1992   -0.00895826 -0.0205039 814.115
16 1993   -0.0085173 -0.0225535 874.349
16 1994   -0.007478 -0.0221101 804.472
16 1995   -0.00749437 -0.0210685 663.66
16 2000   -0.0381028 0.0253359 945.978
16 2001   -0.0387017 0.0239321 899.352
16 2002   -0.0365434 0.0247498 931.708
16 2003   -0.0363626 0.0230529 875.683
16 2004   -0.0375467 0.0228315 831.096
16 2005   0.00476795 0.0280839 782.963
16 2006   0.00477502 0.0336176 682.819
16 2007   0.00137858 0.0314716 777.255
16 2008   0.00137151 0.0287027 857.113
16 2011   0.00659167 0.0294704 709.789
16 2012   0.00659167 0.0322352 678.322
16 2037   -0.0365644 -0.0205129 754.089
16 2038   -0.0355089 -0.0205129 832.833
16 2060   -0.0364657 -0.0236062 894.388
16 2061   -0.0360677 -0.0225698 862.125
16 2062   -0.0376441 -0.0235023 871.263
16 2063   -0.0370647 -0.022005 791.233
16 2064   -0.0378352 -0.0224139 801.085
16 2065   -0.00219294 -0.0126942 962.292
16 2066   -0.00159947 -0.0134505 960.581
16 2067   -0.00218699 -0.0133112 959.54
16 2068   -0.0017182 -0.0125072 956.253
16 2069   -0.000928849 -0.0128113 949.619
16 2070   -0.00132943 -0.0130323 957.799
16 2071   -0.00144221 -0.012706 952.122
16 2074   -0.00115143 -0.0124672 934.215
16 2075   -0.000931824 -0.0125028 924.612
16 2118   -0.00867536 -0.0335079 948.758
16 2119   -0.00608967 -0.0335079 924.167
16 2148   -0.00537485 0.0255983 968.89
16 2149   -0.00377653 0.0267023 959.536
16 2150   -0.00665953 0.0275292 967.016
16 2151   -0.00506121 0.0286331 951.848
16 2152   0.00482416 -0.0115516 807.158
16 2153   0.00469238 -0.0117702 853.72
16 2154   0.00448142 -0.0117312 869.815
16 2212   -0.0354953 0.0205145 832.959
16 2213   -0.0365621 0.0205145 759.992
16 2242   -0.00602808 0.033477 927.037
16 2243   -0.00861268 0.033477 950.683
16 2294   -0.0497789 0.0215408 943.203
16 2295   -0.0497789 0.0194603 959.422
16 2296   -0.0470579 0.0187191 968.833
16 2297   -0.0444629 0.0210697 968.34
16 2298   -0.0477381 0.0215051 955.833
16 2299   -0.0463776 0.0200942 968.265
16 2300   -0.00241017 -0.0241891 967.31
16 2301   -0.00398281 -0.0223597 927.467
16 2302   -0.00257185 -0.0224273 964.124
16 2324   0.00397327 -0.0122191 938.618
16 2325   0.00391526 -0.0119329 939.673
16 2326   0.0037959 -0.0121115 957.889
16 2327   0.00381424 -0.0119493 959.81
16 2328   0.00413324 -0.0120831 915.534
16 2329   0.00414245 -0.0118823 902.891
16 2330   0.00401133 -0.0119418 915.682
16 2331   0.00410244 -0.0119761 911.769
16 2334   0.00407781 -0.0118341 900.85
16 2335   0.00402487 -0.0118618 897.744
16 2346   -0.00471045 -0.0319762 915.854
16 2347   -0.00152134 -0.0320832 859.7
16 2348   -0.00156982 -0.0273872 922.798
16 2349   7.89672e-05 -0.0290654 876.262
16 2350   -0.00667543 -0.0282063 963.495
16 2351   -0.00530786 -0.0296984 941.025
16 2352   -0.00376753 -0.0281272 942.042
16 2353   -0.00586208 -0.0266548 968.417
16 2354   -0.00440813 -0.0266153 963.863
16 2355   -0.00374029 -0.0250024 969.052
16 2356   -0.00454811 -0.0241412 958.113
16 2378   -0.00690881 -0.0140598 886.989
16 2379   -0.00690881 -0.0132264 873.703
16 2394   -0.0380697 0.0190849 760.755
16 2395   -0.0380697 0.0182515 814.906
16 2398   -0.00827826 0.0204885 755.672
16 2399   -0.00918226 0.0204885 840.324
16 2402   -1.78146e-06 0.0249263 938.771
16 2403   0.00260099 0.0238401 923.646
16 2404   0.00226128 0.021676 951.35
16 2405   -0.0001712 0.0210684 965.962
16 2406   -0.00169226 0.0225476 967.722
16 2453   -0.0405557 0.0297296 941.379
16 2454   -0.0433759 0.0284768 922.042
16 2455   -0.0455154 0.0298268 867.505
16 2456   -0.0500774 0.032462 685.804
16 2457   -0.0486122 0.0337148 688.671
16 2458   -0.0488953 0.0286389 800.068
16 2459   -0.05081 0.0299565 715.902
16 2460   -0.0444997 0.0323972 828.475
16 2461   -0.0464145 0.0337148 727.148
16 2507   0.00686272 0.0147703 953.391
16 2508   0.00686272 0.0138355 926.377
16 2520   -0.000687289 0.0192756 969.105
16 2521   0.00101168 0.0187457 968.901
16 2522   -2.70236e-05 0.0166135 969.348
16 2523   0.00101364 0.0172903 969.615
16 2568   -0.0495952 -0.0261238 877.724
16 2569   -0.0515317 -0.0238513 904.693
16 2570   -0.0472347 -0.0244271 928.232
16 2571   -0.0477789 -0.0209024 957.772
16 2572   -0.0501394 -0.0201421 953.067
16 2611   -0.0378394 0.0336824 942.579
16 2613   -0.0419043 0.0336824 892.301
16 2614   -0.0400998 0.0323648 922.692
16 2635   -0.0439828 -0.0232525 967.925
16 2636   -0.0448309 -0.0262769 933.489
16 2637   -0.0455052 -0.0247931 943.965
16 2638   -0.0425473 -0.0239661 967.338
16 2639   -0.0429714 -0.0254783 963.121
16 2645   -0.00570641 -0.0188804 822.87
16 2646   -0.00644614 -0.0196851 708.188
16 2647   -0.0063904 -0.0179597 844.675
16 2648   -0.00713013 -0.0187643 779.319
16 2649   -0.0481703 -0.0324827 704.24
16 2650   -0.0476989 -0.0298412 787.047
16 2651   -0.0459727 -0.0337112 741.552
16 2652   -0.0439061 -0.0323621 853.626
16 2653   -0.0453966 -0.0283999 897.924
16 2654   -0.0438014 -0.0296922 901.837
16 2663   -0.0376949 -0.0336509 943.734
16 2666   -0.0398 -0.0323018 926.523
16 2667   -0.0417548 -0.0336509 894.631
16 2684   -0.0150528 -0.0279025 969.482
16 2685   -0.015011 -0.0336289 968.233
16 2686   -0.017489 -0.0308868 969.645
16 2687   -0.0112072 -0.0321368 963.304
16 2688   -0.0113567 -0.0291525 968.326
16 2689   -0.00700912 -0.0245437 938.351
16 2690   -0.00636299 -0.023643 907.678
16 2691   -0.0062228 -0.0254584 965.02
16 2692   -0.00557666 -0.0245577 952.778
16 2693   -0.00349823 0.0120419 942.547
16 2694   -0.00357877 0.0120288 953.452
16 2711   -0.046096 0.012183 963.422
16 2712   -0.0487174 0.00988488 964.1
16 2713   -0.0512391 0.0116282 967.62
16 2714   -0.0472572 0.0145961 968.003
16 2715   -0.0498786 0.014798 969.551
16 2721   -0.0259048 -0.0325 969.599
16 2724   -0.0226368 -0.0297579 969.388
16 2725   -0.0204159 -0.0322579 969.639
16 2753   -0.0428003 0.0251077 966.577
16 2754   -0.0441608 0.0265186 938.797
16 2755   -0.0466297 0.0252374 924.742
16 2756   -0.0445889 0.0231211 966.41
16 2757   -0.0465037 0.023186 951.721
16 2758   -0.00325827 0.0180465 964.039
16 2759   -0.00105061 0.0172508 969.227
16 2760   -0.0017089 0.0184575 968.034
16 2761   -0.0149482 0.0336135 968.503
16 2762   -0.0173681 0.0308405 969.649
16 2763   -0.0148706 0.0277946 969.396
16 2764   -0.011202 0.0290446 968.567
16 2765   -0.0111149 0.0320905 964.076
16 2779   -0.00198642 0.016613 969.2
16 2780   -0.00371042 0.0158519 969.59
16 2781   -0.00318956 0.0169127 968.91
16 2782   -0.00157791 0.0138951 969.3
16 2783   -0.00185871 0.0156149 969.452
16 2784   -0.000814074 0.0143338 968.634
16 2785   -0.000908182 0.0151912 969.016
16 2786   -0.00219774 0.0143264 969.633
16 2787   -0.00303301 0.0151261 969.541
16 2788   -0.00238444 0.0151888 969.639
16 2789   -0.00335367 0.0138984 968.479
16 2790   -0.00262275 0.0140977 969.644
16 2791   -0.00306988 0.0144297 969.277
16 2792   -0.0026724 0.0131278 969.376
16 2793   -0.00270322 0.0136504 969.658
16 2794   -0.00310985 0.0134824 969.357
16 2795   -0.0033744 0.0127049 969.495
16 2796   -0.00297208 0.0128656 969.338
16 2797   -0.00318597 0.0130541 969.545
16 2798   -0.00325838 0.0122126 953.132
16 2799   -0.00306101 0.0125547 967.089
16 2800   -0.00326002 0.012478 967.798
16 2801   -0.00286577 0.0122548 953.183
16 2802   -0.00299097 0.0123663 960.094
16 2803   -0.00309628 0.0121952 947.567
16 2805   -0.00303658 0.0120731 931.88
16 2806   -0.00290558 0.0120944 938.99
16 2862   -5.51786e-05 0.0126699 967.392
16 2863   -0.000210706 0.013333 965.698
16 2864   0.000156791 0.0128404 949.633
16 2865   0.000208898 0.0132066 956.162
16 2866   -0.000163488 0.0126523 969.303
16 2867   -0.000371122 0.0129492 968.452
52 1   -0.00273327 -0.00236318 956.998
52 2   -0.0026424 -0.00473452 963.663
52 3   -0.000780757 -0.00118588 957.93
52 4   0.00115642 0.00222996 959.135
52 5   0.00101888 0.00445822 964.638
52 6   -0.000809477 0.00111365 957.594
52 7   0.00109762 -0.00233671 958.908
52 8   0.00295683 0.0010586 953.629
52 9   0.00286931 -0.00120854 952.794
52 10   -0.0042821 -0.00587553 964.128
52 11   0.00266514 0.00550211 965.841
52 12   0.00472101 0.001947 948.41
52 13   0.00452818 -0.00232296 944.371
52 14   0.00611536 -0.00127292 929.828
52 15   -0.000815442 0.00537565 967.288
52 16   0.00245649 0.00740826 969.438
52 17   0.00622067 0.000729888 935.146
52 18   0.00449588 -0.00426028 950.039
52 19   -0.00587485 -0.00520475 953.625
52 20   0.00432788 0.00485968 959.898
52 21   0.00508171 0.00357308 951.758
52 22   0.0055493 0.00702825 965.328
52 23   -0.00104518 0.00693519 969.543
52 24   0.00556027 0.0058245 958.124
52 25   0.00657096 0.00396951 943.853
52 26   -0.00687302 -0.00624623 948.368
52 27   0.00673844 0.00737921 960.363
52 28   0.00672361 0.00519327 945.059
52 29   -0.00678271 -0.00733282 959.827
52 30   0.00143562 -0.0112162 963.445
52 31   0.00868264 0.00424458 930.842
52 32   0.00773453 0.00677112 935.623
52 33   0.00758204 0.0054882 931.53
52 34   -0.00781684 -0.00581977 926.832
52 35   -0.00858177 -0.00694591 912.77
52 36   -0.0081925 -0.0051264 919.855
52 37   0.00791867 0.00612591 923.623
52 38   0.00853523 0.00712864 917.505
52 39   -0.00942427 -0.00420118 921.837
52 40   0.0094465 0.00422805 915.695
52 41   0.00208621 -0.010799 935.675
52 42   0.00829168 0.00500145 917.487
52 43   0.00236411 -0.0101433 913.171
52 44   -0.00841162 -0.00627348 911.339
52 45   -0.00927699 -0.00693055 878.96
52 46   -0.00277338 0.0097933 895.616
52 47   -0.00887832 -0.0053156 901.955
52 48   -0.00215702 0.0111667 944.173
52 49   0.00921565 0.00687143 884.527
52 50   0.00366183 -0.0100049 844.228
52 51   0.00866733 0.00592073 903.298
52 52   0.00878347 0.00536464 903.133
52 53   -0.00893009 -0.00591344 894.038
52 54   -0.00952017 -0.00483066 892.454
52 55   0.00333501 -0.0102374 851.512
52 56   -0.00929669 -0.00515368 887.317
52 57   0.00926925 0.00647255 863.029
52 58   0.00254995 -0.0111006 914.26
52 59   0.00949635 0.00485058 889.552
52 60   0.0029013 -0.010269 879.66
52 61   -0.00317779 0.0101265 865.214
52 62   0.00905483 0.00611075 884.154
52 63   -0.00935371 -0.0060382 850.223
52 64   -0.00356354 0.0100852 845.099
52 65   0.00922427 0.00523031 887.785
52 66   -0.00953045 -0.00638289 817.444
52 67   0.00271027 -0.0114183 926.869
52 68   0.00989426 0.00496731 850.101
52 69   -0.0024495 0.0114689 949.308
52 70   0.00948163 0.00552401 844.533
52 71   -0.00313544 0.0105699 851.782
52 72   0.00942833 0.00584837 837.947
52 73   0.00286568 -0.0107275 873.815
52 74   -0.00993037 -0.00629992 733.782
52 75   0.00345708 -0.0106443 823.61
52 76   0.00968032 0.00636672 788.067
52 77   -0.00995983 -0.00502257 848.569
52 78   -0.00962442 -0.00549721 828.244
52 79   -0.00962966 -0.0057839 803.338
52 80   -0.00342443 0.0107681 813.962
52 81   0.00314647 -0.0108307 840.033
52 82   0.00968424 0.00601707 778.667
52 83   0.00306085 -0.0112725 842.534
52 84   0.00363244 -0.0107867 798.405
52 85   -0.0100192 -0.00603854 712.947
52 86   -0.00989525 -0.00586721 740.006
52 87   0.00988804 0.00644227 752.046
52 88   0.00318131 -0.011058 821.925
52 89   -0.0099871 -0.00528767 802.267
52 90   -0.00987516 -0.00543929 790.847
52 91   0.0098941 0.00593436 733.72
52 92   0.0100543 0.00608097 707.656
52 93   0.0100521 0.00623923 713.434
52 94   -0.0101854 -0.00538624 768.524
52 95   -0.0100269 -0.00572798 728.241
52 96   -0.010012 -0.00558675 749.026
52 97   0.0101795 0.00598702 694.107
52 98   -0.0101653 -0.00553742 740.523
52 99   0.0102774 0.00558462 715.862
52 100   -0.0101675 -0.00576288 707.878
52 101   -0.010223 -0.00585014 696.274
52 102   0.0102782 0.0060205 684.757
52 103   0.0102852 0.00568963 702.78
52 104   -0.00328216 0.0114225 735.173
52 105   0.0103254 0.00592945 680.559
52 106   0.0103693 0.00572964 696.003
52 107   -0.0103138 -0.00583616 690.44
52 108   -0.0103617 -0.00592134 678.807
52 109   -0.00335348 0.0114822 504.999
52 110   0.0103827 0.00593932 674.799
52 111   -0.0103533 -0.00587811 683.456
52 112   0.0104643 0.00586867 841.51
52 323   0.00852086 0.00769099 932.924
52 331   -0.000110147 0.0103752 960.712
52 332   2.18923e-06 0.0109349 961.1
52 352   -0.00613038 0.00264323 929.585
52 353   -0.00820486 0.00427229 902.377
52 355   -0.00493822 0.00750603 967.442
52 356   -0.00518867 0.00804352 968.68
52 411   0.0033654 -0.0114474 544.153
52 412   0.00332131 -0.0114686 674.808
52 413   0.000694236 -0.0109594 963.801
52 414   0.000274303 -0.0103154 960.261
52 415   -0.00404928 -0.00759715 969.319
52 416   -0.00295782 -0.00838133 969.226
52 417   -0.00238953 -0.0112093 968.268
52 418   -0.00171285 -0.00991912 966.247
52 419   -0.00168688 -0.0109706 962.87
52 420   -0.0012851 -0.010375 963.747
52 421   -0.000592111 -0.0104966 961.406
52 422   -0.000642565 -0.0109728 957.639
52 423   -0.00130086 -0.0116285 945.065
52 424   -0.00125431 -0.0112464 954.663
52 425   8.71457e-05 -0.011386 964.076
52 426   -0.000383241 -0.0112182 955.056
52 427   0.000104957 -0.0117316 967.732
52 439   -0.0103334 -0.00598134 679.426
52 441   -0.0102108 -0.0060366 691.456
52 442   -0.0102343 -0.00595209 689.952
52 450   0.0104079 0.0058918 675.059
52 453   -0.0102178 -0.00568582 712.351
52 454   -0.0103088 -0.00559457 723.259
52 455   -0.0102305 -0.00560159 725.027
52 456   -0.010367 -0.00569596 706.748
52 457   -0.0103109 -0.00565761 712.497
52 458   -0.0102813 -0.00569997 707.411
52 459   -0.0103302 -0.00578398 695.694
52 460   -0.0103142 -0.00573857 701.746
52 461   -0.0103607 -0.00573807 701.175
52 462   -0.0104182 -0.00579662 694.712
52 463   -0.0103689 -0.00579585 693.509
52 464   -0.0103845 -0.00577111 697.032
52 465   -0.0103904 -0.00585093 685.314
52 466   -0.0103895 -0.00582084 689.992
52 467   -0.0104155 -0.00582186 690.875
52 468   -0.0104078 -0.0058603 683.726
52 469   -0.0104251 -0.0058436 688.137
52 488   -0.00344431 0.0114914 3.67136
52 497   0.00671591 0.00817085 967.933
52 502   -0.00603838 -0.00794156 968.803
52 503   -0.00506505 -0.00808436 969.377
52 504   -0.00334224 -0.00938459 966.325
52 505   -0.00480241 -0.00895315 964.255
52 506   -0.00417106 -0.0094692 959.775
52 507   -0.0053103 -0.00919676 955.643
52 508   -0.00535274 -0.00982677 923.862
52 509   -0.00620961 -0.00865713 968.181
52 510   -0.00574417 -0.00904354 958.531
52 513   0.00241546 0.0111732 968.207
52 514   0.00182345 0.0100706 965.674
52 515   0.00284166 0.0106351 968.629
52 516   0.00325576 0.00965451 964.975
52 517   0.0026266 0.009868 967.065
52 518   0.00368391 0.0101525 960.371
52 519   0.00338142 0.0107017 967.608
52 520   0.00361266 0.0110963 968.961
52 521   -0.00172569 0.011198 959.065
52 522   -0.00142553 0.0115736 968.715
52 523   -0.0013011 0.0108867 958.2
52 524   -0.000511177 0.0111282 965.41
52 525   -0.000955477 0.011086 964.963
52 526   -0.00104642 0.0114386 968.608
52 527   -0.000455008 0.0114081 967.776
52 528   -0.000749231 0.0115536 969.354
52 530   -0.000670327 0.0117453 969.634
52 555   -0.00244629 -0.010047 967.245
52 556   -0.00294713 -0.00990181 966.517
52 557   -0.0027212 -0.0107416 968.893
52 558   -0.00329438 -0.0103741 966.338
52 559   -0.00314969 -0.0108187 969.149
52 560   -0.00347412 -0.011143 968.826
52 569   0.00463432 0.00763929 969.329
52 570   0.00359587 0.0079032 969.491
52 571   0.00357885 0.00899957 967.188
52 572   0.00487775 0.00849476 968.496
52 573   0.00435685 0.00897656 964.485
52 574   0.00460711 0.00963369 948.89
52 576   0.00519087 0.0104282 879.095
52 611   0.00804025 0.0079933 952.479
52 612   0.00743861 0.00815326 963.033
52 614   0.00822592 0.00834826 957.909
52 615   0.00544911 0.00891363 962.265
52 616   0.00518698 0.00950437 943.974
52 617   0.00544407 0.00996316 911.247
52 618   0.00589371 0.00995429 900.094
52 628   -0.00372033 0.0104188 822.499
52 629   -0.00362358 0.0106583 809.798
52 648   0.00303293 -0.00714869 968.912
52 710   -0.00377395 0.00819348 942.22
52 711   -0.00470715 0.00822416 964.267
52 712   -0.00423558 0.00827415 938.523
52 714   -0.00483238 0.00849291 956.752
52 715   -0.00459301 0.00867291 909.548
52 724   0.00341052 -0.0114764 255.95
52 725   0.003388 -0.0114868 347.678
52 837   0.010428 0.00589962 672.395
52 839   0.00336704 -0.0110589 790.56
52 840   0.00350756 -0.010974 785.641
52 841   0.00356365 -0.0110788 764.14
52 842   0.0033234 -0.0112702 762.996
52 843   0.00347587 -0.0111646 755.848
52 844   0.0033704 -0.0111628 775.174
52 845   0.00349823 -0.0112969 673.936
52 846   0.00346686 -0.011243 729.676
52 847   0.00339182 -0.0112981 724.514
52 848   0.00338349 -0.0114053 605.981
52 849   0.00345003 -0.0113508 628.696
52 850   0.00339636 -0.011353 675.39
52 851   0.00346344 -0.011416 415.09
52 852   0.00344706 -0.0113912 538.914
52 853   0.00341851 -0.0114166 499.405
52 854   0.00342209 -0.0114605 287.628
52 855   0.00344394 -0.0114417 322.9
52 856   0.00342584 -0.0114412 384.865
52 857   0.00343421 -0.0114644 190.541
52 858   0.00344616 -0.0114575 204.673
52 859   0.00345231 -0.0114649 107.757
52 860   0.00343506 -0.0114822 37.6295
52 861   0.00344489 -0.011472 82.7693
52 862   0.00343584 -0.0114717 113.8
52 863   0.00344429 -0.0114933 4.06888
52 864   0.00344266 -0.011486 11.335
52 865   0.00344652 -0.0114792 31.3988
52 871   -0.00756276 -0.00767914 953.915
52 872   -0.00823059 -0.00747842 935.217
52 874   -0.00846581 -0.00803105 944.331
52 922   -0.00437735 -0.0100057 944.337
52 923   -0.00505115 -0.0101196 912.639
52 925   -0.00512516 -0.0105165 875.343
52 926   -0.00474408 -0.0107515 860.941
52 927   0.0017887 0.0111011 962.313
52 928   0.00141174 0.0107656 961.711
52 930   0.00145793 0.0115804 949.77
52 956   -0.00340929 0.0110082 791.48
52 957   -0.00330525 0.0113482 745.782
52 958   -0.0034644 0.0113774 542.704
52 959   -0.00342664 0.0113332 670.897
52 960   -0.00338179 0.0113602 673.849
52 961   -0.00345192 0.0114352 326.565
52 962   -0.00343751 0.011402 498.757
52 963   -0.00340158 0.011407 556.586
52 1002   -0.00580783 -0.00998855 901.777
52 1005   -0.00596557 0.0043329 933.471
52 1006   -0.0075111 0.00478842 913.6
52 1007   -0.00676467 0.00480862 922.45
52 1008   -0.00777672 0.00552725 913.746
52 1009   -0.00745618 0.00603328 914.097
52 1023   0.00400608 -0.00719289 967.932
52 1024   0.00519894 -0.00790876 968.19
52 1092   -0.00353319 0.0110845 766.564
52 1093   -0.00348131 0.0112667 708.482
52 1094   -0.00343279 0.0111953 755.116
52 1119   0.00576852 -0.00481997 937.379
52 1120   0.00809953 -0.00469906 906.483
52 1121   0.00735763 -0.00407492 911.552
52 1122   0.00666389 -0.00608363 920.644
52 1123   0.00571586 -0.00581663 942.607
52 1124   0.00544305 -0.00723524 958.878
52 1125   0.00497377 -0.00660822 959.875
52 1126   0.00663519 -0.00682872 919.889
52 1127   0.00615644 -0.00718873 942.249
52 1136   -0.00383465 0.00980828 841.201
52 1202   -0.00544894 0.00708185 957.125
52 1203   -0.0055018 0.00623601 949.112
52 1204   -0.0064177 0.00573757 929.037
52 1205   -0.00684359 0.00622339 916.711
52 1207   -0.00665689 0.00689932 919.227
52 1208   -0.00617814 0.00725933 941.968
52 1209   0.00375451 -0.00804549 950.845
52 1210   -0.000916325 -0.00535488 966.969
52 1211   0.00087118 -0.00413437 963.63
52 1212   0.00261057 -0.00494352 963.209
52 1213   0.00216797 -0.0062506 968.641
52 1214   0.000517629 -0.00665663 969.498
52 1215   -0.000827275 -0.00657006 969.259
52 1216   -0.00115681 -0.00881399 968.196
52 1217   -0.00175626 -0.00786601 969.54
52 1218   0.000437066 -0.00956268 960.082
52 1219   0.00052565 -0.00771657 968.724
52 1220   -0.00021981 -0.00857798 967.308
52 1221   0.00211078 -0.00794779 961.92
52 1222   0.00125384 -0.00810964 964.883
52 1223   0.00123827 -0.00905106 955.313
52 1224   0.00188076 -0.00918748 942.379
52 1225   0.0023088 -0.00962217 920.846
52 1226   0.00238054 -0.00851492 946.862
52 1227   0.00282242 -0.00916596 911.422
52 1228   0.00282284 -0.00865035 931.65
52 1229   0.00327939 -0.0084865 926.117
52 1230   0.0035081 -0.00954218 864.521
52 1231   0.0031577 -0.00919272 894.899
52 1232   0.00340023 -0.00881153 899.265
52 1233   0.0040523 -0.00883595 831.237
52 1234   0.00368893 -0.00889212 874.461
52 1235   0.00381105 -0.00932351 851.126
52 1237   0.00423441 -0.00911886 806.863
52 1238   0.00411443 -0.00941582 827.991
52 1277   0.00625017 0.00866781 968.111
52 1278   0.00592908 0.00890608 961.653
52 1279   0.00611575 0.00966287 917.817
52 1280   0.00614775 0.00931434 942.7
52 1282   0.0065306 0.00971554 899.624
52 1283   0.00633973 0.00983335 897.45
52 1315   0.00755008 0.00906624 968.475
52 1316   0.00732345 0.00858819 968.505
52 1317   0.00798562 0.00849941 962.569
52 1318   0.00772223 0.00882541 964.006
52 1319   0.00768479 0.00857939 965.484
52 1321   0.00796766 0.00881397 965.784
52 1322   0.00807845 0.00867689 964.852
52 1361   -0.00816046 0.000827549 909.155
52 1362   -0.00807433 0.00318454 902.01
52 1363   -0.00717216 0.0020211 917.226
52 1405   -0.00438121 -0.0017327 950.145
52 1406   -0.00498644 -0.000454004 943.672
52 1407   -0.00668368 -0.00136859 936.383
52 1408   -0.00609357 -0.00392575 947.638
52 1409   -0.00556536 -0.00279416 947.618
52 1410   -0.00659154 -0.00250043 941.937
52 1411   -0.00788281 -0.00451998 931.379
52 1412   -0.00702207 -0.004025 942.244
52 1413   -0.00721743 -0.00323903 941.637
52 1414   -0.00861266 -0.00394202 941.099
52 1415   -0.00826501 -0.00330017 947.269
52 1417   -0.00918356 0.00140432 901.174
52 1418   -0.00894169 0.00257767 898.714
52 1424   0.0034288 -0.0114899 30.345
52 1425   0.00341494 -0.0114916 111.387
52 1434   -0.0104054 -0.00592303 674.512
52 1440   0.00977025 0.00544767 798.21
52 1441   0.00991081 0.0052707 802.258
52 1442   0.0101441 0.00551724 735.249
52 1443   0.0101481 0.00535876 762.559
52 1444   0.00992485 0.00576856 735.963
52 1445   0.00989796 0.0056111 756.212
52 1446   0.0100346 0.00559261 736.191
52 1447   0.0101362 0.00586565 700.634
52 1448   0.0100418 0.0057938 714.859
52 1449   0.0100812 0.00570634 716.94
52 1450   0.0101903 0.00581949 697.917
52 1451   0.010233 0.00573355 701.053
52 1452   0.0101642 0.0057384 705.703
52 1453   0.0103037 0.0058685 685.234
52 1454   0.0102476 0.00583575 692.088
52 1455   0.0102705 0.00579354 693.52
52 1456   0.0103623 0.00578872 689.437
52 1457   0.0103375 0.00584387 684.503
52 1458   0.0103158 0.0058087 689.247
52 1459   0.0103751 0.00584008 683.042
52 1460   0.0104191 0.0058055 687.203
52 1461   0.0103885 0.00580604 686.971
52 1462   0.0103951 0.00584842 681.361
52 1463   0.0104043 0.00586565 678.7
52 1467   0.0104404 0.00583752 684.299
52 1468   0.0104204 0.00585595 680.209
52 1469   0.0104111 0.00583872 682.625
52 1470   0.0104218 0.00582983 684.258
52 1471   0.0104324 0.00585923 680.39
52 1472   0.0104519 0.00585718 683.234
52 1473   0.0104417 0.00584969 683.053
52 1474   0.0104352 0.0058813 675.24
52 1475   0.0104363 0.00586751 679.329
52 1476   0.0104488 0.00586593 684.979
52 1477   -0.0104133 -0.00587917 680.068
52 1478   -0.0104155 -0.00589918 676.235
52 1479   -0.0104286 -0.00587391 681.572
52 1480   -0.0104477 -0.00585427 690.172
52 1481   -0.0104362 -0.00585555 687.271
52 1482   -0.0104615 -0.00587502 711.963
52 1483   -0.010452 -0.00586487 690.782
52 1484   -0.0104539 -0.00587233 693.057
52 1516   0.0104453 0.00588521 674.026
52 1519   0.0104514 0.00587517 685.865
52 1520   0.0104589 0.00587534 718.058
52 1535   -0.0104319 -0.00590393 674.165
52 1577   -0.010437 -0.00589201 676.537
52 1578   -0.0104359 -0.005882 679.806
52 1579   -0.0104482 -0.00587817 683.771
52 1581   -0.0104465 -0.00589163 676.42
52 1582   -0.0104521 -0.00588471 680.069
52 1727   -0.00368411 -0.0104586 961.421
52 1728   -0.00410743 -0.0103281 945.439
52 1729   -0.00440015 -0.0106771 907.222
52 1730   -0.00372547 -0.0109753 968.767
52 1731   -0.00379078 -0.0107355 961.861
52 1732   -0.00415583 -0.0108622 931.959
52 1733   -0.00398118 -0.0111259 967.249
52 1734   -0.00419988 -0.0110781 920.623
52 1740   0.00408318 0.0102403 948.278
52 1741   0.00443135 0.0100691 938.523
52 1742   0.00393835 0.010914 959.678
52 1743   0.00410639 0.0106071 942.214
52 1745   0.00405397 0.0111113 961.239
52 1746   0.00427311 0.0110634 904.493
52 1755   0.00487901 0.0104754 888.04
52 1756   0.00463703 0.0103343 916.2
52 1757   0.00445257 0.0108511 879.702
52 1758   0.00440146 0.0105921 917.289
52 1760   0.0046606 0.0108789 838.613
52 1761   0.00485147 0.0107611 856.645
52 1792   -0.000600623 -0.0114799 942.17
52 1793   -0.000711069 -0.0118556 879.652
52 1794   -0.000929769 -0.0118078 915.898
52 1795   -0.000906495 -0.0116167 931.382
52 1796   -0.000235768 -0.0116865 949.17
52 1797   -0.000470961 -0.0116026 935.545
52 1798   -0.000558133 -0.0117872 894.403
52 1800   -0.000226862 -0.0118593 944.846
52 1801   -0.000419018 -0.0118829 882.308
52 1806   0.000947293 0.0110651 955.163
52 1807   0.000494202 0.0111215 955.687
52 1808   0.000964861 0.011688 928.201
52 1809   0.0011051 0.0114485 945.068
52 1810   0.000413405 0.0114312 949.661
52 1811   0.000406856 0.0118505 896.153
52 1812   0.000640803 0.011842 881.361
52 1813   0.000726257 0.0116144 926.61
52 1814   0.000164124 0.0115475 955.006
52 1815   0.000243028 0.0117392 945.323
52 1816   -0.000260087 0.0115232 967.635
52 1817   -7.35239e-05 0.0115462 964.678
52 1818   -0.000118995 0.0117225 967.752
52 1820   -0.000266106 0.0117953 969.546
52 1821   -0.000483763 0.0117684 969.623
52 1822   -0.000367746 0.0116918 969.433
52 1846   -0.00596654 -0.00939852 940.775
52 1847   -0.00598776 -0.00971352 918.62
52 1849   -0.00648533 -0.00973472 902.55
52 1850   -0.00629479 -0.00985225 899.895
52 1859   -0.00757547 -0.00901267 967.806
52 1860   -0.00746406 -0.00833215 964.927
52 1861   -0.0081239 -0.00829726 957.261
52 1862   -0.007774 -0.00872931 963.734
52 1863   -0.00778998 -0.00839762 962.181
52 1865   -0.00802045 -0.00873696 965.496
52 1866   -0.0081954 -0.00852093 961.532
52 1915   -0.00662252 -0.00889459 964.3
52 1916   -0.00656999 -0.00951846 920.974
52 1917   -0.00635823 -0.00932098 942.255
52 1918   -0.00705639 -0.00874137 968.859
52 1919   -0.00718378 -0.00909021 962.036
52 1922   -0.00705694 -0.00938216 928.18
52 1923   -0.00686641 -0.00949968 912.15
52 1959   0.00472256 -0.00802201 968.394
52 1960   0.00423635 -0.00856111 877.273
52 1961   0.00424108 -0.00806759 952.33
52 1963   0.00483752 -0.00842553 960.981
52 1964   0.00459814 -0.00860553 916.683
52 1984   0.00761872 -0.0054581 914.087
52 1985   0.00729817 -0.00596412 914.148
52 2024   0.0066294 0.00895695 962.678
52 2025   0.00716917 0.00912695 959.846
52 2026   0.00697998 0.00889492 967.118
52 2027   0.00646801 0.009251 944.864
52 2028   0.00662688 0.00948171 920.561
52 2030   0.0070729 0.00936077 929.132
52 2031   0.00688202 0.00947859 911.508
52 2197   -0.00344254 0.0114875 7.10161
52 2225   0.00325232 -0.0114771 774.534
52 2226   0.00324086 -0.0113757 780.968
52 2227   0.00313934 -0.0114303 840.059
52 2246   -0.00504115 0.00202632 940.923
52 2247   -0.00435557 0.000752086 945.653
52 2248   -0.00243373 0.00178179 955.163
52 2249   -0.00197937 0.00436558 963.257
52 2250   -0.00378489 0.0031431 951.953
52 2251   -0.00245375 0.00296895 957.374
52 2252   -0.0037191 0.00415997 955.733
52 2253   -0.00290193 0.00491949 962.864
52 2254   -0.00469375 0.00570703 956.005
52 2255   -0.00481055 0.00473287 948.993
52 2256   -0.00380088 0.00608806 965.484
52 2257   -0.00310051 0.0058734 966.665
52 2258   -0.00409821 0.00704122 969.079
52 2259   -0.00364489 0.00749868 966.785
52 2260   -0.00218103 0.00710776 969.076
52 2261   -0.0030625 0.00726133 968.452
52 2262   -0.00281545 0.00658922 969.418
52 2263   -0.0019876 0.00851256 952.304
52 2264   -0.00269373 0.007803 961.62
52 2265   -0.00216244 0.00775675 964.946
52 2266   -0.00272006 0.00926992 911.054
52 2267   -0.00266807 0.00834893 946.168
52 2268   -0.0023697 0.00876867 938.609
52 2269   -0.0033566 0.00846214 924.042
52 2270   -0.00297522 0.00854199 931.174
52 2271   -0.00305994 0.00902012 905.25
52 2272   -0.00370322 0.00942038 854.867
52 2273   -0.00336758 0.00911432 885.697
52 2274   -0.00351506 0.00876622 895.829
52 2275   -0.00378498 0.00887833 868.508
52 2276   -0.00392993 0.00922431 841.951
52 2277   -0.00408815 0.00865492 871.677
52 2278   -0.00432035 0.00878494 813.079
52 2281   -0.00427949 0.00907229 800.789
52 2282   -0.00419224 0.00928826 818.999
52 2336   0.00909742 -0.000823294 897.528
52 2337   0.00779311 -0.00187853 910.64
52 2338   0.00833033 -0.00304128 899.545
52 2371   0.00912406 0.000354916 904.284
52 2373   0.00906791 0.00231814 940.248
52 2374   0.00847741 0.00112448 921.956
52 2375   0.0073727 0.00148052 930.988
52 2376   0.0073623 0.00309406 938.937
52 2377   0.00837271 0.00332956 944.707
52 2591   -0.00899148 -0.00252365 946.243
52 2594   -0.00803603 -0.00133068 929.826
52 2595   -0.00875912 -0.00035561 910.244
52 2604   7.59261e-05 0.0118376 961.676
52 2605   -4.84494e-05 0.0118222 967.603
52 2815   -0.00276024 0.0113568 912.529
52 2816   -0.00288619 0.0114884 918.995
52 2817   0.00112669 0.00796997 969.348
52 2818   -0.000214746 0.00760712 969.031
52 2819   0.000162697 0.0095141 963.59
52 2820   0.00113984 0.00932242 966.64
52 2821   -0.00153981 0.00876669 953.952
52 2822   -0.000760695 0.00834677 965.231
52 2823   -0.000396402 0.00890129 963.42
52 2824   -0.00147412 0.00927695 947.986
52 2825   -0.000876909 0.00936547 956.745
52 2826   -0.00126775 0.010325 951.213
52 2827   -0.000785705 0.00999534 956.445
52 2828   -0.00233271 0.00994402 914.762
52 2829   -0.0018316 0.00967478 935.847
52 2830   -0.00171643 0.010093 938.536
52 2831   -0.00228237 0.0107801 921.795
52 2832   -0.00237638 0.0103099 909.52
52 2833   -0.0020587 0.0104146 927.062
52 2834   -0.00291533 0.0106808 868.058
52 2835   -0.00261826 0.0105448 894.366
52 2836   -0.00258184 0.0108059 900.369
52 2837   -0.00283634 0.0111746 882.849
52 2838   -0.00296623 0.0109055 857.572
52 2839   -0.00279158 0.0109783 880.832
52 2840   -0.00325487 0.0110637 806.887
52 2841   -0.00311902 0.0110286 833.12
52 2842   -0.00324941 0.0112437 787.961
52 2843   -0.00330523 0.0111843 782.023
52 2844   -0.00296368 0.0111854 860.903
52 2845   -0.00307171 0.0111122 838.258
52 2846   -0.00315174 0.0112066 818.192
52 2847   -0.00299012 0.0114045 878.683
52 2848   -0.0030959 0.0112759 833.813
52 2849   -0.00299152 0.0112837 860.436
52 2850   -0.00320197 0.0114202 797.316
52 2851   -0.00311521 0.0113599 832.124
52 2852   -0.0030738 0.0114335 857.815
52 2854   -0.00319855 0.0114891 820.877
52 2855   -0.00312257 0.0114985 860.574
52 2868   -0.00339943 0.0114431 456.807
52 2869   -0.0033933 0.0114661 371.161
52 2870   -0.00341416 0.0114856 117.487
52 2871   -0.00343881 0.0114716 74.0131
52 2872   -0.00343044 0.0114794 65.7576
52 2873   -0.00343089 0.0114492 311.118
52 2874   -0.00344216 0.0114633 124.815
end
