571
16 1   -0.0449783 0.0032575 842
16 2   -0.0451575 -0.00292462 841.492
16 3   -0.0399783 0.00825749 859.913
16 4   0.00177933 -0.0235277 695.451
16 5   -0.0477784 -0.0217784 719
16 6   -0.0397976 -0.0323017 699.411
16 7   -0.0360881 -0.0293532 740.617
16 8   -0.0321922 -0.0320515 747.531
16 9   -0.0322466 0.0320582 747.702
16 10   -0.0411398 -0.0064498 851.985
16 11   0.00522406 -0.0212921 695.805
16 12   -0.00179339 0.0291781 692.042
16 13   -0.0434985 -0.0296601 690.709
16 14   0.00343342 0.0222432 699.958
16 15   -0.000348754 0.0237793 705.231
16 16   -0.0497151 -0.0177533 749.993
16 17   -0.0384823 -0.00714201 862.028
16 18   -0.00586577 -0.0146798 854.125
16 19   0.00657718 0.0142914 813.111
16 20   -0.00701513 -0.013937 886.947
16 21   -0.00641981 -0.0118226 901.955
16 22   -0.00701513 -0.0125294 901.606
16 23   -0.006646 -0.0109399 930.071
16 405   0.00408609 -0.017889 709.716
16 406   0.00169812 -0.0168714 713.211
16 407   0.000826855 -0.0139197 705.48
16 408   0.00218889 -0.0152379 712.577
16 409   0.00520185 -0.0149714 727.037
16 410   0.00341668 -0.0147724 716.557
16 411   0.00337226 -0.0132403 715.972
16 413   0.00633982 -0.013537 755.476
16 414   0.00515744 -0.0127222 753.618
16 415   0.00572642 -0.0116464 786.29
16 416   0.00690881 -0.0110269 847.619
16 417   -0.00500633 0.0130046 744.671
16 418   -0.00618872 0.0140517 792.833
16 419   -0.00572642 0.0117626 765.407
16 420   -0.00690881 0.0111431 848.715
16 422   -0.00724132 -0.0108742 960.582
16 423   -0.00711198 -0.0104495 968.746
16 430   -0.0443186 -0.0225102 743.814
16 431   -0.0429688 -0.0254779 719.457
16 451   -0.0497796 0.0184202 742.644
16 453   -0.0473151 0.0259432 693.334
16 454   -0.0511398 0.0239921 695.925
16 455   -0.0484193 0.0211706 721.645
16 456   -0.0440425 0.0244677 719.028
16 457   -0.0451468 0.0217756 740.256
16 462   -0.0355411 0.0307407 733.605
16 463   -0.0410145 0.0310475 696.948
16 464   -0.0392025 0.0336825 699.399
16 465   -0.0359697 0.0279523 757.262
16 466   -0.0387365 0.0282591 727.59
16 474   -0.0138563 -0.0319897 743.491
16 477   -0.0100214 -0.0304845 729.116
16 478   -0.00734617 -0.0334948 705.169
16 479   -0.00867477 -0.0273648 741.935
16 480   -0.00580349 -0.027146 719.367
16 483   -0.00207085 0.0212226 738.946
16 484   -0.00185864 -0.0210741 731.689
16 485   -0.00237658 -0.0167137 748.137
16 486   -0.000801876 -0.0178209 727.181
16 487   -0.0359059 -0.025379 819.685
16 488   -0.034564 -0.0210258 907.982
16 489   -0.0329244 -0.0230773 869.536
16 501   -0.00492302 0.030231 702.292
16 502   -0.00736619 0.0334103 706.805
16 503   -0.0101423 0.0304091 731.927
16 504   -0.00638364 0.0271407 726.759
16 505   -0.00901471 0.0273188 746.84
16 581   -0.0142607 -0.0219897 822.713
16 613   -0.00191394 -0.0149101 724.196
16 614   -0.000563291 -0.0139819 704.195
16 615   -0.0046999 -0.0139703 798.588
16 616   -0.0033601 -0.0142495 740.546
16 617   -0.00558618 -0.012149 865.058
16 618   -0.00501563 -0.0130276 814.677
16 619   -0.00431812 -0.0126289 763.978
16 622   -0.0051822 -0.0115965 838.347
16 623   -0.00459514 -0.0119041 785.595
16 647   -0.0471585 0.0161381 784.442
16 648   -0.0473572 0.0130559 805.318
16 649   -0.0423572 0.0130559 858.724
16 650   -0.0386398 0.0173365 910.867
16 651   -0.0432983 0.0168079 844.509
16 652   -0.0410187 0.0154683 879.566
16 653   0.00611577 0.0131823 851.353
16 654   0.00703859 0.0125627 889.452
16 655   0.00562261 0.0119582 882.175
16 656   0.0045729 0.0125763 828.204
16 657   0.00529387 0.0128483 844.203
16 660   0.00519579 0.0115322 879.283
16 661   0.00460749 0.0118404 851.706
16 664   -0.0505632 -0.0249875 691.712
16 806   -0.00737066 -0.0104371 941.349
16 807   -0.00737066 -0.0101909 764.611
16 809   0.00640467 0.0108647 927.983
16 810   0.00614747 0.0116492 901.022
16 811   0.00674155 0.0119196 904.893
16 812   0.00685023 0.01089 947.661
16 813   0.00735148 0.0109675 958.096
16 814   0.00735148 0.0113224 938.046
16 815   0.00705444 0.0113647 929.14
16 816   0.00724938 0.0107301 966.842
16 817   0.00704517 0.0106104 966.769
16 820   0.00739789 0.0105069 954.839
16 827   -0.0370404 -0.0219475 928.992
16 828   -0.0379058 -0.0242492 846.857
16 829   -0.0402658 -0.0240413 803.162
16 833   0.00709158 0.0103273 961.106
16 836   0.00739789 0.0101668 747.874
16 837   0.00729579 0.0103337 908.042
16 864   -0.0411624 0.0249992 751.131
16 865   -0.0392269 0.0261919 755.815
16 867   -0.00133413 -0.0128572 697.569
16 868   -0.00266826 -0.0132144 712.13
16 869   -0.00331055 -0.0125365 709.982
16 875   0.00640377 0.0180861 727.688
16 876   0.00421132 0.0190201 717.006
16 877   0.00548095 0.0156694 765.574
16 878   0.00241321 0.0170527 731.458
16 879   0.00368284 0.0153193 751.837
16 881   0.0013607 0.0132102 723.938
16 882   0.0035536 0.0125472 764.414
16 883   0.00293787 0.0135782 749.975
16 896   -0.00122926 0.0183118 740.829
16 897   0.000568854 0.0168283 730.188
16 898   -0.00184959 0.0153332 725.762
16 899   4.10132e-05 0.0154319 725.119
16 900   0.000481596 0.0140221 717.702
16 902   -0.000879099 0.013098 700.452
16 903   -0.00316514 0.0128977 703.042
16 904   -0.00206781 0.0138164 709.646
16 911   0.00269125 -0.0125812 707.525
16 912   0.00137363 -0.0127951 704.263
16 918   -0.0400734 0.0190142 914.84
16 919   -0.0423529 0.0186871 861.716
16 920   -0.0429406 0.0207029 806.943
16 921   -0.0396933 0.0216263 901.368
16 922   -0.0414207 0.0226453 817.37
16 948   -0.0510349 0.0324945 670.229
16 951   -0.0472102 0.0298595 679.678
16 952   -0.0442801 0.032365 681.708
16 953   -0.00548731 0.020711 881.231
16 954   -0.00426948 0.0225317 775.621
16 955   -0.00577097 0.0246407 758.716
16 966   -0.0461681 -0.0323585 676.108
16 969   -0.051035 -0.032543 670.128
16 970   -0.0490982 -0.0299015 676.078
16 976   -0.00504748 -0.0245367 745.374
16 977   -0.00536034 -0.0206532 881.612
16 978   -0.00380507 -0.0224241 762.67
16 997   0.00223489 -0.0276029 682.312
16 998   0.00567962 -0.030832 671.305
16 999   -0.00293952 -0.0321055 689.464
16 1000   -0.0027435 -0.0288764 694.731
16 1003   0.00385924 -0.0336107 671.519
16 1004   0.000218482 -0.0336107 678.85
16 1010   0.000170237 0.0323574 680.641
16 1013   -0.0501575 -0.00542469 828.803
16 1016   -0.0485439 -0.0149629 784.206
16 1017   -0.0489863 -0.00938704 818.107
16 1018   -0.0513288 -0.0114623 801.121
16 1019   -0.0435761 -0.0109125 843.699
16 1020   -0.0464226 -0.0113497 820.291
16 1021   -0.0459802 -0.0144256 808.056
16 1022   -0.0421368 -0.0127191 857.552
16 1023   -0.0433696 -0.0151945 843.778
16 1024   -0.0397004 -0.0118734 871.437
16 1025   -0.0387182 -0.0133482 881.801
16 1026   -0.0423629 -0.0198187 845.173
16 1027   -0.0420408 -0.0170655 868.352
16 1028   -0.0389678 -0.0205887 935.832
16 1029   -0.040508 -0.0214065 885.205
16 1030   -0.0386076 -0.0180003 920.156
16 1031   -0.0398257 -0.0160649 893.47
16 1041   -0.00548683 0.0156187 797.95
16 1042   -0.00679811 0.0174003 876.385
16 1043   -0.00539434 0.0188676 877.544
16 1044   -0.00342741 0.0161952 757.082
16 1045   -0.00333492 0.0177775 776.202
16 1051   0.00562587 0.0252842 684.536
16 1053   0.00568146 0.0326423 670.02
16 1054   0.00380733 0.0299997 675.359
16 1071   -0.0345932 0.0210291 906.613
16 1072   -0.0330018 0.0230874 870.746
16 1073   -0.0349047 0.025299 829.053
16 1074   -0.0374639 0.0226444 909.268
16 1075   -0.0372559 0.024856 830.888
16 1142   -0.00681898 -0.017734 901.065
16 1143   -0.00545695 -0.018935 893.302
16 1144   -0.00566963 -0.0161622 859.446
16 1145   -0.0043076 -0.0173632 818.602
16 1150   -0.0101017 -0.0209948 887.428
16 1151   -0.0114177 -0.0229845 835.553
16 1152   -0.00935439 -0.0248648 794.853
16 1153   -0.00738037 -0.0218803 903.612
16 1154   -0.00726075 -0.0237606 819.347
16 1184   -0.0243234 0.0325 766.994
16 1185   -0.0289183 0.0295582 774.934
16 1186   -0.0265194 0.0225 827.733
16 1187   -0.0298326 0.0245582 829.616
16 1188   -0.0223546 0.0247494 800.993
16 1189   -0.0210728 0.0297494 774.812
16 1190   -0.0148672 0.0242481 804.382
16 1191   -0.0162631 0.0322494 753.938
16 1192   -0.0138627 0.0292481 757.45
16 1194   -0.0171166 0.0222494 810.82
16 1195   -0.0199821 0.0222494 808.977
16 1202   -0.0242966 -0.0325 765.874
16 1203   -0.0288437 -0.0295515 774.908
16 1204   -0.0220729 -0.0225 810.772
16 1205   -0.029758 -0.0245515 828.89
16 1206   -0.0264558 -0.0225 827.251
16 1207   -0.0183308 -0.0244897 799.596
16 1208   -0.0186431 -0.0294897 769.797
16 1209   -0.0118497 0.0229981 830.432
16 1210   -0.00971758 0.0249078 798.126
16 1211   -0.00759771 0.0219097 901.972
16 1212   -0.00769542 0.0238194 824.448
16 1365   0.00636203 -0.0157374 724.884
16 1366   0.00636203 -0.0171717 712.825
16 1445   -0.00932154 0.0209994 899.131
16 1446   -0.0115514 0.0209994 862.827
16 1456   -0.0499783 0.00575742 828.25
16 1457   -0.0499783 0.0107574 808.468
52 241   -0.000729204 -0.00540462 703.97
52 242   0.00693482 0.0012218 695.259
52 243   0.00129015 -0.00429206 703.435
52 244   -0.00069828 0.00546659 704.613
52 245   0.00127602 0.00448654 702.998
52 246   -0.00273114 0.002227 701.282
52 247   -0.000718187 -0.00103379 701.55
52 248   0.00120755 0.0022594 701.704
52 249   -0.000727371 0.00114872 701.561
52 250   0.00122366 -0.0020466 701.621
52 251   -0.00263113 -0.00213879 701.533
52 252   0.00501468 0.00239648 699.466
52 253   0.00313236 0.00121334 700.182
52 254   0.00331641 -0.00500893 704.316
52 255   -0.004586 0.0011214 698.902
52 256   -0.00277053 0.00431773 703.473
52 257   0.00313928 -0.000910135 699.872
52 258   -0.00449517 -0.00106188 699.682
52 259   -0.00270864 -0.00426416 702.821
52 260   0.00321953 0.00542017 703.051
52 261   0.00684662 -0.000911119 693.546
52 262   0.00493341 -0.00185992 697.657
52 263   -0.00639928 0.00205535 695.512
52 264   0.00503339 0.00437615 702.335
52 265   0.00840655 0.00232171 694.264
52 266   0.0100582 0.0018028 688.762
52 267   0.00504405 -0.00371325 699.546
52 268   -0.00794769 0.00106932 692.481
52 269   -0.00438067 0.00516969 705.028
52 270   -0.00448423 0.00692708 713.86
52 271   0.0105746 0.00381468 692.684
52 272   0.00813942 -0.00204242 689.759
52 273   -0.0067285 0.0036409 694.975
52 274   0.00838043 0.00431365 699.445
52 275   0.00639964 0.00539838 706.217
52 276   0.00662101 -0.0042928 695.876
52 277   -0.00896952 -0.00504206 701.188
52 278   -0.00588949 0.00465413 700.494
52 279   0.0103278 -0.00160191 684.831
52 280   -0.00922034 0.00199746 688.94
52 281   -0.0104694 0.00170316 686.441
52 282   0.00764918 0.00529749 706.216
52 283   0.00934994 -0.0020239 686.947
52 284   0.00780318 -0.00357077 689.732
52 285   0.00958001 0.0050596 696.886
52 286   0.00702701 -0.00545254 699.696
52 287   -0.00689643 0.00562465 702.23
52 288   -0.00810067 0.00407662 688.826
52 289   0.0110612 -0.0029036 683.768
52 290   -0.0110807 0.00277753 685.504
52 291   0.00872952 -0.00421974 685.044
52 292   -0.00741869 -0.00645538 720.061
52 293   -0.00924304 0.00314861 687.448
52 294   0.00830956 -0.00565726 682.85
52 295   0.00814446 0.00649792 719.23
52 296   0.00882991 -0.00514647 680.969
52 297   0.00975447 -0.00332474 684.773
52 298   -0.0088378 0.00376365 686.846
52 299   0.0094703 -0.00399222 683.76
52 300   0.00936282 0.00654539 708.705
52 301   -0.00786369 0.00548443 690.112
52 302   0.00882403 0.00679545 721.542
52 303   -0.00701252 -0.00705221 730.619
52 304   0.0104894 -0.00360828 684.23
52 305   0.00718737 0.00729857 737.856
52 306   -0.00822892 0.00494964 686.41
52 307   -0.0105937 0.00348322 686.353
52 308   -0.00657474 -0.00733052 728.859
52 309   -0.00823444 -0.00665815 724.818
52 310   0.007755 0.00713607 738.874
52 311   -0.0100051 0.00356001 685.983
52 312   0.00975354 0.00606283 698.964
52 313   -0.00943083 0.004366 683.844
52 314   -0.00821874 -0.00727356 746.759
52 315   0.00949466 -0.00534843 677.208
52 316   -0.0108545 0.00410248 686.816
52 317   0.0107002 -0.0043038 684.246
52 318   0.00727509 0.00796142 768.745
52 319   -0.00889132 0.00519367 680.843
52 320   0.00880131 0.00751348 748.702
52 321   0.00711241 0.00834418 783.272
52 322   -0.00991982 0.00417856 684.709
52 323   -0.00864554 -0.00746459 750.945
52 324   0.0098793 -0.00452857 681.741
52 325   0.0103743 -0.00455661 682.897
52 326   -0.00852055 -0.00798712 790.888
52 327   -0.00949575 0.0048252 681.594
52 328   -0.00747367 -0.00759213 758.26
52 329   -0.00930004 0.00510809 679.946
52 330   0.00808238 0.00764939 767.77
52 331   -0.00892716 0.00565774 677.829
52 332   -0.00786414 -0.00761071 766.839
52 333   0.00980327 -0.00495804 679.582
52 334   0.00971093 -0.00572932 673.916
52 335   -0.0102285 0.00451561 684.378
52 336   -0.00678639 -0.00802254 753.117
52 337   0.00844913 0.00772927 770.982
52 338   -0.0105746 0.00451632 685.842
52 339   -0.00738611 -0.00803017 781.86
52 340   -0.00662037 -0.008372 759.33
52 341   -0.0071366 -0.00818228 778.4
52 342   -0.00934438 0.00580594 674.942
52 343   0.00771973 0.00816947 807.008
52 344   -0.00689137 -0.00867868 790.799
52 345   -0.00793843 -0.00802652 801.402
52 346   -0.00816805 -0.0082119 825.631
52 347   0.010462 -0.00493648 682.315
52 348   0.00746842 0.00875971 834.858
52 349   0.0079594 0.00801994 798.66
52 350   -0.00991638 0.00500187 681.09
52 351   -0.0071857 -0.00856967 804.119
52 352   -0.00767628 -0.00824838 815.736
52 353   -0.0101601 0.00487973 682.919
52 354   0.0101405 -0.0051228 679.629
52 355   -0.0106909 0.00488385 686.379
52 356   -0.00959302 0.00543201 677.185
52 357   -0.00999721 0.0052997 679.316
52 358   -0.00771514 -0.00852431 852.258
52 359   0.00779371 0.00849721 852.178
52 360   -0.00960151 0.00566578 675.214
52 361   0.0101769 -0.00536659 678.208
52 362   0.00770508 0.00870469 868.639
52 363   0.0106534 -0.00507447 683.452
52 364   0.0100559 -0.00558273 675.268
52 365   -0.00986955 0.00544695 677.331
52 366   -0.0103621 0.00507344 683.583
52 367   -0.0102327 0.00538876 680.75
52 368   -0.0105468 0.00507686 685.398
52 369   -0.00986686 0.00578109 673.905
52 370   -0.00999525 0.00566006 675.477
52 371   0.0105276 -0.00530341 682.438
52 372   -0.0103539 0.00528464 682.978
52 373   0.0103726 -0.00540921 680.104
52 374   -0.0106129 0.00528204 686.537
52 375   0.010177 -0.00573546 673.815
52 376   -0.010257 0.00566787 677.993
52 377   -0.0103066 0.00555443 680.735
52 378   -0.010152 0.00572723 675.375
52 379   -0.010507 0.00537961 685.484
52 380   0.0106003 -0.00541374 683.725
52 381   0.0103788 -0.00556582 679.423
52 382   0.0103041 -0.00567594 676.256
52 383   0.00783213 0.00886552 901.353
52 384   -0.0105463 0.0054899 687.167
52 385   -0.0103623 0.00574769 679.116
52 386   -0.0104345 0.00557745 684.925
52 387   0.0103646 -0.00575103 676.026
52 388   -0.0105013 0.00554262 686.985
52 389   0.00782691 0.00895077 906.464
52 390   -0.0105514 0.00560665 690.409
52 391   -0.0104364 0.00571887 685.439
52 392   -0.0104676 0.00564746 687.696
52 393   0.0104403 -0.00572527 680.648
52 394   -0.0104628 0.00568539 688.768
52 395   0.00781471 0.00898306 904.069
52 396   -0.0105226 0.0056468 691.656
52 397   -0.0105106 0.00570542 697.755
52 398   -0.010533 0.00569432 697.779
52 399   -0.0105401 0.00567361 694.949
52 421   -0.00661768 0.00651051 716.226
52 424   0.00564284 -0.00713123 729.553
52 425   0.0065462 -0.00634436 713.97
52 427   0.0021984 0.00808403 705.733
52 428   0.00327435 0.00684912 703.447
52 429   0.00290281 0.00888662 706.692
52 436   -0.000563683 -0.0070741 705.241
52 437   -0.00165463 -0.00813433 705.582
52 438   0.000976919 -0.008243 706.913
52 439   -0.000114026 -0.00930323 705.305
52 440   -0.00275911 -0.00844922 706.009
52 529   -0.00818661 -0.000366222 693.44
52 530   -0.00602555 -0.00162419 698.5
52 531   -0.00807713 -0.00214341 696.227
52 532   -0.00745435 -0.00103958 695.652
52 533   -0.00603913 -0.00271401 699.995
52 534   -0.0072575 -0.00274204 698.715
52 535   -0.00760047 -0.00416893 702.354
52 536   -0.00427014 -0.00477618 703.287
52 537   -0.00542521 -0.00375103 702.278
52 538   -0.00665209 -0.00566628 709.608
52 539   -0.00667516 -0.00465403 704.799
52 540   -0.00429026 -0.00580889 703.941
52 541   -0.00542226 -0.00579599 706.233
52 542   -0.00384252 -0.00680486 703.161
52 543   -0.00349291 -0.00775761 702.191
52 545   -0.00398881 -0.00859631 699.56
52 551   -0.00155501 0.00815509 708.101
52 552   -0.000502416 0.00712991 706.079
52 553   -1.21936e-05 0.00932812 705.442
52 554   0.0010404 0.00830294 705.763
52 555   -0.00264291 0.00845935 712.788
52 556   -0.00376614 0.00804269 711.7
52 557   0.00457602 -0.0071992 714.366
52 558   0.00334575 -0.00654826 708.074
52 559   0.00213753 -0.00803835 710.029
52 560   0.00280618 -0.00889762 714.368
52 561   0.00392941 -0.00848096 712.395
52 668   0.00667264 0.00843951 762.162
52 669   0.00601729 0.00832396 721.068
52 694   0.0104637 -0.00575825 681.699
52 696   0.00787405 0.00899352 931.996
52 709   -0.0105227 0.00576271 957.57
52 713   -0.0105255 0.00575443 887.255
52 714   -0.0105114 0.0057419 745.141
52 717   -0.0105162 0.00573255 708.844
52 718   -0.0105191 0.00572427 704.412
52 723   -0.010463 0.00575504 687.622
52 724   -0.010493 0.00574976 696.253
52 734   -0.00792189 -0.00900826 278.961
52 735   -0.00791687 -0.00901445 11.1313
52 738   -0.00742381 -0.00884426 838.761
52 739   -0.0073813 -0.00867586 826.197
52 740   -0.00757455 -0.00863075 847.7
52 741   -0.00766847 -0.00892827 875.081
52 742   -0.00758131 -0.00883244 859.969
52 743   -0.00765282 -0.00876587 870.917
52 744   -0.00773718 -0.00890079 889.742
52 745   -0.00774278 -0.00882259 888.157
52 746   -0.00781599 -0.00897407 907.07
52 747   -0.00778541 -0.00892909 899.9
52 748   -0.00785661 -0.00896616 925.813
52 749   -0.00787111 -0.00893857 926.97
52 750   -0.0080961 -0.00848142 864.253
52 751   -0.00790535 -0.00857196 875.743
52 752   -0.00790979 -0.00870389 893.385
52 755   -0.00819592 -0.00856807 875.888
52 756   -0.00800015 -0.00868466 894.316
52 757   -0.00809553 -0.00863939 887.707
52 758   -0.00812388 -0.00870928 895.909
52 759   -0.00803669 -0.00883303 913.318
52 760   -0.00800237 -0.00875063 902.525
52 761   -0.00805464 -0.00875849 903.152
52 762   -0.00799449 -0.0088489 916.791
52 763   -0.00797435 -0.00880144 908.533
52 764   -0.00780327 -0.00881278 896.601
52 765   -0.00785834 -0.00878154 899.227
52 766   -0.00786082 -0.00889177 913.764
52 767   -0.00781576 -0.00887437 903.467
52 768   -0.00789188 -0.00885771 912.911
52 769   -0.00793948 -0.00881719 909.641
52 770   -0.00790188 -0.00880908 906.051
52 771   -0.00796839 -0.00888115 925.091
52 772   -0.00793952 -0.00885337 915.967
52 773   -0.00791945 -0.00887827 921.259
52 776   -0.00796935 -0.0089161 937.437
52 777   -0.00790686 -0.00894411 945.462
52 778   -0.00794708 -0.00896163 959.825
52 779   -0.00792414 -0.00891786 937.151
52 780   -0.00794518 -0.00892791 943.826
52 781   -0.00792556 -0.00899058 962.557
52 782   -0.00790795 -0.00896319 955.774
52 783   -0.00791857 -0.00899679 860.955
52 784   -0.00792713 -0.00897066 964.76
52 785   -0.00793058 -0.00898439 969.494
52 787   -0.00790563 -0.00899842 967.489
52 790   -0.00788036 -0.00899015 946.644
52 791   -0.00789595 -0.00898164 959.751
52 923   0.00566859 0.00786395 708.014
52 924   0.00451674 0.00703424 702.799
52 925   0.00634831 0.00716354 717.288
52 926   0.00582817 0.00662752 708.94
52 927   0.00370497 0.00830933 701.472
52 928   0.00424294 0.00769187 701
52 929   0.00487465 0.00798556 697.291
52 931   0.00461617 0.0084954 693.988
52 932   0.00405717 0.00871063 699.748
52 1077   -0.00914363 -0.00713638 726.099
52 1078   -0.00890713 -0.00654612 714.53
52 1079   -0.0094835 -0.00620423 703.906
52 1104   -0.00569537 -0.0078813 709.559
52 1105   -0.00605197 -0.00713732 715.015
52 1106   -0.0054502 -0.00658949 707.679
52 1107   -0.00447156 -0.00717355 702.441
52 1108   -0.00494724 -0.00697109 704.425
52 1109   -0.00515664 -0.00770862 701.477
52 1110   -0.00435572 -0.00825051 698.03
52 1111   -0.00448886 -0.00778051 699.936
52 1112   -0.00487306 -0.00804167 696.148
52 1115   -0.00460017 -0.00856547 694.945
52 1116   -0.00487967 -0.00845786 689.066
52 1174   -0.0110365 0.000752147 687.768
52 1175   -0.0100263 -0.000389091 690.434
52 1176   -0.0108186 -0.0012063 689.303
52 1313   -0.00594016 0.00710066 728.124
52 1314   -0.00548847 0.0074941 740.462
52 1318   -0.00992448 -0.00439261 697.748
52 1320   -0.0105883 -0.0025128 690.68
52 1321   -0.00937505 -0.00292086 695.165
52 1375   0.010861 -0.000678015 685.787
52 1376   0.0108532 0.000665165 687.026
52 1407   -0.00863825 0.00587078 678.279
52 1408   -0.00823717 0.0059415 681.102
52 1461   -0.00627625 -0.00846348 743.453
52 1462   -0.00582801 -0.00838444 715.527
52 1511   0.0104898 -0.00575364 687.028
52 1512   0.00852337 0.00805292 796.086
52 1515   0.0081725 0.00817998 819.266
52 1516   0.00836973 0.00813309 809.537
52 1517   0.00841776 0.00829293 827.471
52 1518   0.00824156 0.00852179 867.83
52 1519   0.00815433 0.00832324 839.121
52 1520   0.00828674 0.0083564 841.294
52 1521   0.00798061 0.00853367 870.355
52 1522   0.00807753 0.00842931 855.62
52 1523   0.00814075 0.00854794 873.831
52 1524   0.00807545 0.00876843 903.641
52 1525   0.00799685 0.00865346 888.997
52 1526   0.00809079 0.00865114 889.045
52 1527   0.00791353 0.00880682 905.404
52 1528   0.00795802 0.00874291 899.094
52 1529   0.00800501 0.00879857 907.582
52 1530   0.00798318 0.00891529 935.362
52 1531   0.00793827 0.00886602 918.247
52 1532   0.00798278 0.00885894 918.143
52 1533   0.00792796 0.00891166 931.276
52 1534   0.00794937 0.0089331 942.671
52 1535   0.00789107 0.00898372 948.267
52 1536   0.00789212 0.00894946 936.565
52 1537   0.00791053 0.00893769 939.448
52 1538   0.00793195 0.00895913 954.807
52 1540   0.00793709 0.00897673 964.664
52 1541   0.00790633 0.00899006 963.629
52 1542   0.00792867 0.00899683 962.451
52 1543   0.00792323 0.00898413 967.601
52 1544   0.0079199 0.00901113 828.722
52 1547   0.00791735 0.00900375 947.493
52 1548   0.00790602 0.00900281 967.976
52 1556   0.0104709 -0.00557472 682.191
52 1557   0.0105374 -0.00552844 683.643
52 1558   0.0105607 -0.00559697 685.645
52 1559   0.0104589 -0.00569128 682.774
52 1560   0.0105188 -0.00564531 685.785
52 1561   0.0104696 -0.00564118 682.659
52 1563   0.0105363 -0.00569917 691.042
52 1564   0.010516 -0.00568473 687.842
52 1565   0.0104936 -0.00570056 686.894
52 1566   0.0105289 -0.00573287 700.549
52 1567   0.010523 -0.00571327 692.392
52 1568   0.0105049 -0.00571673 689.951
52 1569   0.010518 -0.0057412 701.387
52 1570   0.0105004 -0.0057455 691.814
52 1571   0.0105041 -0.00573228 691.997
52 1573   0.0105255 -0.00575872 760.752
52 1574   0.0105186 -0.00575365 714.552
52 1575   0.0105101 -0.00575621 697.889
end
