634
16 374   -0.0449779 0.00318583 906.74
16 375   -0.045157 -0.00300339 906.742
16 376   -0.0499779 0.00824205 900.249
16 377   -0.0399779 0.0081892 911.621
16 378   -0.0477803 -0.0217979 792.723
16 379   -0.0322021 0.032058 852.086
16 380   -0.0411387 -0.00655296 909.105
16 381   -0.00183539 0.0287906 715.162
16 382   -0.0322715 -0.0324514 848.984
16 383   -0.0435112 -0.0297251 716.317
16 384   -0.0497157 -0.0177642 847.38
16 385   -0.0384817 -0.00727782 911.959
16 386   0.00451405 -0.0226625 756.549
16 387   0.0011159 -0.0181015 872.089
16 388   0.00313871 -0.0194081 848.817
16 389   0.00538336 -0.0178013 885.748
16 390   -0.00225414 0.0156562 878.024
16 391   0.00675871 -0.0226523 747.769
16 392   0.0017457 -0.0157714 892.769
16 393   -0.00654877 0.017175 964.158
16 394   0.000621047 -0.0142973 871.135
16 395   0.00675871 -0.0191482 850.62
16 396   0.00533503 -0.0157286 920.822
16 397   0.00372018 -0.0150054 919.718
16 398   -0.00610004 0.0150595 963.895
16 399   -0.00393125 0.0140992 930.787
16 400   -0.00516073 0.0140639 962.114
16 401   -0.00705126 0.0141786 968.489
16 402   0.00605309 -0.0130719 961.785
16 403   -0.00148059 0.0128128 765.579
16 404   0.00636957 -0.0121965 874.68
16 405   0.0050152 -0.0130272 967.394
16 406   -0.00554746 0.012939 964.723
16 407   -0.00677761 0.0129906 944.345
16 408   0.00682427 -0.0118626 826.371
16 409   -0.00722635 0.0122358 866.72
16 410   0.00488485 -0.0121457 914.311
16 411   -0.00621311 0.0127466 936.832
16 412   -0.00677394 0.0111277 779.73
16 413   -0.00684276 0.011727 815.359
16 414   -0.00479309 0.0121092 943.638
16 415   -0.00522558 0.012337 940.711
16 416   0.00435975 -0.0119975 924.206
16 417   -0.00438132 0.012113 965.478
16 418   0.00729741 -0.0118895 829.944
16 419   -0.00627826 0.012014 852.341
16 420   0.00522857 -0.0117426 824.831
16 421   -0.00594398 0.0117102 811.341
16 422   0.00567541 -0.0117488 807.087
16 423   -0.00555696 0.0118408 844.877
16 424   -0.00597508 0.0112396 739.828
16 425   0.00657037 -0.0109274 767.391
16 426   0.00641745 -0.0112477 765.8
16 427   -0.00536135 0.0114889 786.016
16 428   0.00567035 -0.0113281 725.116
16 429   0.00607879 -0.0110975 725.224
16 430   0.00513496 -0.0113683 761.376
16 431   -0.00570321 0.0110978 655.873
16 432   0.0062917 -0.0107457 766.77
16 433   -0.0054765 0.0112166 709.022
16 434   0.00576427 -0.0111497 663.41
16 435   0.00588537 -0.0110863 669.93
16 436   0.00539258 -0.0112333 690.543
16 437   0.00607067 -0.0108615 721.124
16 446   0.00630821 0.0162823 736.818
16 447   0.00512582 0.0140388 737.648
16 449   0.00631762 0.0127747 767.657
16 460   -0.00512954 -0.0128389 747.182
16 461   -0.00631193 -0.0138861 813.771
16 462   -0.00572642 -0.0117626 752.698
16 463   -0.00690881 -0.0111431 835.802
16 464   0.00572642 0.0116477 771.854
16 465   0.00690881 0.0110282 842.342
16 470   -0.0443267 -0.0225631 846.135
16 471   -0.042988 -0.0255765 808.065
16 476   0.00733989 -0.010245 495.277
16 477   0.00681709 -0.0106855 779.569
16 479   -0.0497787 0.0184183 836.333
16 480   -0.0473101 0.0259417 721.222
16 481   -0.0511394 0.0239911 723.888
16 482   -0.0484181 0.0211677 799.841
16 483   -0.0440348 0.0244651 810.834
16 484   -0.0451428 0.0217716 847.126
16 488   0.00465802 0.0251809 694.345
16 489   0.00536088 0.018994 723.18
16 490   0.00297729 0.0186591 734.4
16 491   -0.00033075 0.0244384 737.124
16 492   0.00202996 0.0206578 736.574
16 493   0.00251889 0.0235639 710.899
16 494   -0.0355091 0.0307403 830.851
16 495   -0.0410056 0.0310469 734.885
16 496   -0.0391946 0.0336823 739.934
16 497   -0.0359268 0.0279516 869.476
16 498   -0.0387134 0.0282581 830.055
16 523   -0.00493204 0.0301802 744.291
16 524   -0.00735959 0.0334904 753.081
16 525   -0.0100547 0.0304711 822.75
16 526   -0.0063562 0.0270155 831.955
16 527   -0.00889809 0.0273064 860.022
16 532   -0.00509072 0.0114744 805.396
16 533   -0.00485385 0.0115985 862.232
16 549   -0.0138872 -0.0320175 853.085
16 552   -0.00460327 -0.0304437 750.9
16 553   -0.0100802 -0.0305262 832.435
16 554   -0.00736384 -0.0335087 766.1
16 555   -0.00876676 -0.0275025 861.324
16 556   -0.00587246 -0.02742 823.795
16 578   -0.0360478 -0.0260352 898.254
16 579   -0.0326876 -0.0236772 912.57
16 631   -0.024239 0.0325 875.971
16 632   -0.0288179 0.029558 883.149
16 633   -0.0263356 0.0225 902.523
16 634   -0.0297268 0.024558 904.128
16 635   -0.0221258 0.0247404 894.704
16 636   -0.0209381 0.0297404 881.88
16 637   -0.0143838 0.0242211 899.766
16 638   -0.016187 0.0322404 858.244
16 639   -0.0137206 0.0292211 864.707
16 641   -0.0195906 0.0222404 897.697
16 642   -0.0164853 0.0222404 900.412
16 672   -0.00183003 -0.0224318 853.185
16 673   -0.00113108 -0.019293 872.003
16 680   0.00655267 0.0212422 709.417
16 681   0.00655267 0.0239773 696.311
16 693   -0.047157 0.0161293 886.193
16 694   -0.0473562 0.013037 894.707
16 695   -0.0423562 0.013037 912.737
16 696   -0.0386394 0.0173355 953.317
16 697   -0.0432964 0.0167981 909.235
16 698   -0.0410177 0.0154604 922.916
16 832   -0.00715753 0.0108741 768.814
16 849   0.00729741 -0.0112871 776.067
16 850   0.0071373 -0.0108559 759.724
16 851   0.00733989 -0.0105832 708.085
16 881   -0.0403084 -0.024248 898.201
16 882   -0.0379856 -0.0246223 910.117
16 883   -0.0371086 -0.0222643 954.478
16 891   -0.00698629 0.0105007 771.005
16 892   -0.00732876 0.0103213 663.179
16 895   -0.0411466 0.0249969 874.454
16 896   -0.0391993 0.0261904 877.261
16 908   -0.00538859 -0.0212365 933.15
16 909   -0.00385165 -0.0231715 881.815
16 910   -0.00513953 -0.0249822 870.404
16 930   -0.0400714 0.0190122 953.903
16 931   -0.0423501 0.0186832 916.606
16 932   -0.0429355 0.0206988 900.998
16 933   -0.0396831 0.0216245 941.29
16 934   -0.0414079 0.0226423 906.686
16 935   -0.00200565 0.0226615 822.474
16 936   -0.00059227 0.0201664 807.948
16 937   -0.00511833 0.0188656 946.241
16 938   -0.00250192 0.0180603 889.575
16 941   -0.00562309 -0.0156356 850.581
16 942   -0.00543349 -0.0194151 934.196
16 943   -0.00681116 -0.0175828 913.869
16 944   -0.00319759 -0.0182113 884.294
16 945   -0.00338719 -0.0160984 837.398
16 959   -0.050157 -0.00544885 903.841
16 962   -0.0485442 -0.0149833 885.573
16 963   -0.0489855 -0.00941738 900.509
16 964   -0.0513285 -0.0114736 893.156
16 965   -0.0435751 -0.0109743 907.491
16 966   -0.0464218 -0.0113933 901.379
16 967   -0.0459806 -0.0144609 897.871
16 968   -0.0421362 -0.0127693 911.518
16 969   -0.0433703 -0.0152278 908.226
16 970   -0.0396999 -0.0119604 916.28
16 971   -0.0387182 -0.0134075 923.293
16 972   -0.04237 -0.0198685 912.202
16 973   -0.0420418 -0.0170892 917.663
16 974   -0.0389928 -0.0207109 933.718
16 975   -0.0405392 -0.0215623 935.701
16 976   -0.0386079 -0.0180057 959.663
16 977   -0.039826 -0.0160778 935.364
16 978   0.00327993 0.0140098 717.932
16 979   0.00207872 0.0159184 734.766
16 980   -5.12626e-05 0.015189 762.352
16 981   -0.000167675 0.0134943 728.538
16 983   0.00131291 0.0129676 698.806
16 984   0.00263053 0.0127538 701.148
16 994   -0.00328835 -0.012732 707.511
16 995   -0.00223483 -0.0142421 766.606
16 996   -0.000922906 -0.0136893 771.987
16 1045   -0.0510348 0.0324944 671.914
16 1048   -0.0472056 0.029859 690.421
16 1049   -0.0442752 0.0323646 695.299
16 1055   -0.0461689 -0.032367 683.671
16 1067   -0.00576337 0.02437 890.863
16 1068   -0.00546805 0.0211688 945.932
16 1069   -0.00426502 0.0228586 894.769
16 1102   -0.00255028 0.0129158 863.216
16 1103   -0.00394801 0.0125269 953.206
16 1104   -0.00345217 0.0131605 920.121
16 1106   -0.00337552 0.0122288 911.32
16 1107   -0.00271672 0.0123357 862.622
16 1118   -0.0345591 0.021029 949.144
16 1119   -0.0329432 0.023087 918.671
16 1120   -0.0348536 0.0252983 906.852
16 1121   -0.0374431 0.0226435 950.072
16 1122   -0.0372206 0.0248548 909.743
16 1123   -0.00142459 -0.0305492 710.888
16 1124   -2.82194e-05 -0.0258804 744.969
16 1125   0.00343484 -0.0261738 710.232
16 1128   0.00385898 -0.0336142 675.252
16 1129   0.000217956 -0.0336142 690.409
16 1145   0.000139702 0.0321008 688.57
16 1148   0.00567812 0.0322648 671.555
16 1149   0.00378346 0.0293657 681.071
16 1151   0.00671038 -0.0149203 946.065
16 1152   0.00671038 -0.0138032 966.91
16 1175   -0.0117149 -0.0230262 907.536
16 1176   -0.00944625 -0.0250025 898.602
16 1177   -0.00744495 -0.0220797 943.863
16 1178   -0.00735516 -0.0240559 905.793
16 1192   -0.0113961 0.0229711 911.746
16 1193   -0.0100572 0.0209904 942.108
16 1194   -0.00957621 0.0248064 901.888
16 1195   -0.00756792 0.0218353 950.99
16 1196   -0.00763583 0.0236706 916.672
16 1225   -0.0505646 -0.0249962 713.859
16 1226   -0.0490994 -0.0299101 682.776
16 1227   -0.0510348 -0.0325431 671.764
16 1228   0.00154395 -0.0128942 894.253
16 1231   0.00388111 -0.0124924 966.115
16 1232   0.00264533 -0.0130379 919.443
16 1233   0.0036969 -0.013675 941.905
16 1234   0.00427387 -0.0132365 961.6
16 1236   0.00340721 -0.0122695 954.796
16 1237   0.0027484 -0.0123764 926.343
16 1294   -0.00926813 -0.0210087 947.379
16 1295   -0.011447 -0.0210087 919.602
16 1308   0.00567949 -0.0322284 672.324
16 1309   0.00567949 -0.0294568 679.998
16 1314   -0.0329988 -0.0212257 931.383
16 1315   -0.035482 -0.0212257 958.225
16 1416   -0.0242685 -0.0325 877.381
16 1417   -0.0289094 -0.0299514 881.509
16 1418   -0.0186622 -0.0295175 881.199
16 1419   -0.0294626 -0.0249514 901.948
16 1420   -0.0260491 -0.0225 901.98
16 1425   -0.0146425 -0.0220175 902.927
16 1427   -0.0221385 -0.0225 897.839
16 1428   -0.0184623 -0.0245175 895.119
16 1460   -0.0405655 -0.0310371 743.501
16 1461   -0.0390492 -0.033679 742.724
16 1462   -0.0369431 -0.0284885 851.131
16 1463   -0.0354268 -0.0311305 826.445
16 1464   -0.006336 0.0108941 772.317
16 1465   -0.00614507 0.0109941 741.113
52 241   0.00541025 -0.00232151 785.959
52 242   -0.000467188 0.00543548 794.091
52 243   -0.002587 0.00209054 798.648
52 244   -0.000591399 0.00100853 790.227
52 245   -0.00255269 -0.00232136 774.356
52 246   -0.000582567 -0.00118728 787.01
52 247   0.00140657 -0.00225297 796.166
52 248   -0.00252466 -0.00448998 766.945
52 249   0.00137453 0.00208486 781.652
52 250   0.00146326 0.00421575 774.551
52 251   0.00362239 0.00707839 754.508
52 252   -0.0105208 0.00298394 719.357
52 253   0.00522873 -0.00439128 831.902
52 254   0.00336693 0.00506843 760.718
52 255   0.00711346 -0.00136744 748.518
52 256   -0.00839893 0.000918736 727.251
52 257   -0.00631188 -0.00235962 744.305
52 258   0.00941364 -0.00351943 733.61
52 259   -0.010146 0.00135034 709.591
52 260   0.00650609 -0.00555932 859.189
52 261   0.00895838 -0.0048338 765.581
52 262   0.0085862 -0.00204525 732.389
52 263   -0.00785424 -0.00178604 723.034
52 264   0.00728352 0.000334208 731.581
52 265   -0.00856816 -0.000696265 714.727
52 266   0.00800014 0.00435975 758.609
52 267   0.00967106 -0.000768871 707.861
52 268   0.00770509 -0.00548174 830.119
52 269   0.0079346 0.00249457 721.56
52 270   0.00507211 -0.00755023 915.577
52 271   0.010831 -0.000941656 699.094
52 272   -0.00603257 0.00785076 929.453
52 273   0.00604956 -0.00701297 903.511
52 274   0.00953242 0.000329567 704.126
52 275   -0.0112078 0.00012485 698.515
52 276   0.00834152 0.00341082 733.237
52 277   0.00861762 0.000754836 711.185
52 278   -0.0107918 -0.000722968 697.325
52 279   -0.00989931 -0.00111248 699.609
52 280   -0.00882075 -0.00265892 710.407
52 281   0.00882019 0.0018368 706.859
52 282   -0.00880284 -0.00346511 727.516
52 283   0.0114109 0.000555074 694.042
52 284   -0.00987339 -0.00348641 692.049
52 285   -0.00580503 0.00887283 964.961
52 286   0.010257 0.000991771 695.97
52 287   0.00524815 -0.00851773 949.86
52 288   0.0110047 0.00105595 692.297
52 289   0.00960636 0.00214516 696.799
52 290   0.0114831 -0.000271424 694.634
52 291   -0.00654054 0.0091415 966.799
52 292   -0.0114193 -0.00129918 693.059
52 293   0.00937338 0.00357781 705.372
52 294   -0.0100212 -0.00187083 694.699
52 295   0.0101284 0.0017254 692.846
52 296   -0.00965656 -0.0023275 696.604
52 297   0.00595723 -0.00872599 962.722
52 298   -0.0053057 0.00929532 966.415
52 299   0.0111737 0.00177236 687.093
52 300   0.00972839 0.00321529 693.795
52 301   0.00982561 0.00273297 692.377
52 302   0.0106695 0.00205063 686.411
52 303   -0.0103605 -0.0030257 683.447
52 304   -0.01124 -0.00185325 688.556
52 305   0.0107221 0.00251092 682.001
52 306   -0.0105936 -0.00208855 688.093
52 307   0.00595889 -0.00925202 966.111
52 308   -0.0101258 -0.00267297 688.844
52 309   0.00638772 -0.00946829 942.135
52 310   0.0104002 0.0027735 683.502
52 311   0.0102553 0.00343936 684.036
52 312   0.0115135 0.00203115 684.702
52 313   0.00525559 -0.00945996 964.767
52 314   -0.0109544 -0.00206901 686.451
52 315   0.00632555 -0.00982524 870.087
52 316   0.00564064 -0.00947026 952.591
52 317   0.0105462 0.00314754 679.887
52 318   -0.00485044 0.0100263 921.241
52 319   -0.0105407 -0.00249002 684.973
52 320   -0.0115545 -0.00215235 686.058
52 321   -0.0108486 -0.00300237 677.139
52 322   0.00571243 -0.00983226 871.727
52 323   0.00596851 -0.00997097 828.067
52 324   0.0110711 0.00266429 677.82
52 325   -0.0108338 -0.00268326 680.323
52 326   -0.00522023 0.0100275 853.593
52 327   0.0108277 0.00322665 675.885
52 328   -0.0110889 -0.00313922 673.316
52 329   0.0114157 0.00238388 680.878
52 330   -0.0111243 -0.00240754 682.212
52 331   -0.0110565 -0.00262032 679.611
52 332   0.0112838 0.00254825 678.601
52 333   -0.00474088 0.0102343 889.03
52 334   0.00593501 -0.0102167 766.25
52 335   0.0109901 0.00308821 674.476
52 336   -0.0114653 -0.00244292 682.352
52 337   0.00513393 -0.0103786 751.104
52 338   0.0110817 0.00291711 674.957
52 339   0.00530081 -0.0103991 649.667
52 340   -0.0113207 -0.00248235 681.191
52 341   -0.0112203 -0.0027578 677.149
52 342   0.0115897 0.00249385 680.205
52 343   -0.0112369 -0.00301947 673.063
52 344   0.0111539 0.00317758 672.085
52 345   -0.0115796 -0.00262421 680.917
52 346   0.0114162 0.00271301 676.473
52 347   -0.0112635 -0.00289235 674.898
52 348   -0.0113436 -0.002673 678.552
52 349   0.0112597 0.00295338 673.058
52 350   0.0114293 0.00284614 674.473
52 351   0.011539 0.00265237 677.991
52 352   0.0113709 0.00292537 672.96
52 353   -0.0114395 -0.00274804 677.839
52 354   0.0112683 0.00307988 671.525
52 355   -0.00565872 0.0105025 413.384
52 356   -0.0115309 -0.00273869 678.951
52 357   0.00537245 -0.0105479 391.057
52 358   0.0113735 0.00309917 670.329
52 359   -0.011395 -0.00291116 674.565
52 360   0.0115433 0.00288659 674.85
52 361   0.0115986 0.00273737 677.447
52 362   0.0114356 0.00302689 671.05
52 363   -0.0114477 -0.00285166 676.164
52 364   -0.0115854 -0.00283904 678.529
52 365   -0.0115349 -0.00288934 676.884
52 366   -0.0114264 -0.00304317 671.647
52 367   -0.0114354 -0.00298301 673.19
52 368   0.0115897 0.00283846 676.191
52 369   -0.0115501 -0.00295024 676.403
52 370   -0.0115033 -0.0029844 674.053
52 371   -0.0115944 -0.00297013 678.207
52 372   -0.0116041 -0.00304752 868.257
52 373   -0.0054999 0.0106627 2.93316
52 450   0.00689915 -0.00758564 913.072
52 451   0.00801095 -0.0083489 909.315
52 452   0.00741801 -0.00842737 937.29
52 453   0.00644667 -0.00852819 955.689
52 454   0.0068149 -0.00813411 934.262
52 455   0.00734558 -0.00890863 962.854
52 456   0.00681688 -0.00936537 953.209
52 457   0.00687749 -0.0089513 967.248
52 458   -0.0064763 0.00963429 915.557
52 466   -0.00393534 -0.00565372 758.646
52 467   -0.00378457 -0.00754438 753.824
52 468   -0.00578637 -0.00736573 759.837
52 469   -0.00479731 -0.00804175 775.826
52 472   0.00590948 0.00699905 757.118
52 473   0.00492042 0.00767506 774.262
52 509   0.00978623 -0.00578891 769.102
52 557   -0.000597085 0.00715676 785.801
52 558   0.00042463 0.00822966 743.919
52 559   -0.000530523 0.00937342 722.407
52 560   -0.00599774 -0.00401274 751.74
52 561   -0.00586176 -0.0064204 755.374
52 562   -0.00502348 -0.00520576 757.989
52 563   -0.00695849 -0.00600906 766.484
52 564   -0.00828442 -0.00436164 762.718
52 565   -0.00717911 -0.00473636 757.484
52 566   -0.00115464 -0.00556773 769.733
52 567   0.00545053 -0.0105558 292.54
52 569   0.0054486 -0.0106087 123.864
52 604   -0.00290247 0.00378995 817.892
52 605   -0.00220055 0.00498326 826.91
52 606   -0.00489881 0.00486276 849.532
52 607   -0.00522132 0.00730089 909.911
52 608   -0.00477234 0.00607324 881.225
52 609   -0.00341676 0.00618526 868.852
52 610   -0.00423708 0.00788435 913.293
52 611   -0.00343713 0.00725336 889.319
52 612   -0.00414521 0.00864553 933.715
52 613   -0.00351249 0.00894026 923.948
52 614   -0.00466124 0.00916362 963.019
52 615   -0.0044858 0.00966195 966.882
52 617   -0.00353701 0.00949634 946.543
52 618   -0.0039943 0.00969993 963.334
52 652   0.00113499 -0.00392276 801.31
52 653   -0.000125093 -0.00504816 784.313
52 654   0.000619918 -0.00617713 791.891
52 655   0.00361871 -0.00484124 842.185
52 656   0.00215952 -0.00447781 816.033
52 657   0.00160047 -0.00562567 816.398
52 658   0.00418243 -0.00701993 896.782
52 659   0.003603 -0.00588857 864.873
52 660   0.00251632 -0.00608963 843.569
52 661   0.00352523 -0.00749971 894.576
52 662   0.00266627 -0.00694227 861.238
52 663   0.000561103 -0.00723016 778.457
52 664   0.000344431 -0.00932528 722.413
52 665   0.00123445 -0.00889128 748.972
52 666   0.00225686 -0.00768193 845.829
52 667   0.00139606 -0.00789175 791.918
52 669   0.00180139 -0.00936548 745.25
52 720   0.0115527 0.00295951 673.837
52 721   0.0115257 0.00305531 670.547
52 722   0.0115034 0.00302057 671.369
52 724   0.0115944 0.0029655 675.048
52 725   0.0115616 0.00302731 672.48
52 726   0.0115809 0.00299856 674.366
52 728   0.0115729 0.00304515 672.159
52 729   -0.00497386 0.010338 806.4
52 733   -0.00521088 0.0104481 674.454
52 734   -0.00512194 0.0103222 777.455
52 735   -0.00525876 0.0102197 785.967
52 736   -0.00605962 0.00979966 878.246
52 737   -0.00562452 0.00972936 909.639
52 738   -0.00549078 0.00994983 850.664
52 740   -0.00614755 0.0100295 822.497
52 741   -0.00571754 0.0101028 790.395
52 742   -0.00592993 0.0102672 751.383
52 743   -0.00593921 0.0101122 793.775
52 744   -0.00567075 0.0104054 582.677
52 745   -0.00576585 0.0103025 712.565
52 746   -0.00565067 0.0102131 757.171
52 747   -0.00541721 0.010265 746.594
52 748   -0.00556793 0.0103734 615.571
52 749   -0.00554321 0.0102585 736.234
52 750   -0.00548795 0.0104264 550.936
52 751   -0.00532531 0.0104433 605.002
52 752   -0.00539482 0.0103627 679.498
52 754   -0.00536965 0.0105447 393.446
52 756   0.00341305 -0.00820257 902.625
52 757   0.00268803 -0.00828426 872.756
52 758   0.00355048 -0.00951144 947.481
52 759   0.00362948 -0.00866554 917.134
52 760   0.00320338 -0.00903404 914.063
52 761   0.00404608 -0.0089068 939.73
52 762   0.00396539 -0.00942909 955.454
52 763   0.00466289 -0.00893156 955.974
52 764   0.00485356 -0.00931961 968.479
52 765   0.00436902 -0.0100275 965.231
52 766   0.00450479 -0.00956578 968.689
52 767   0.00423344 -0.00970001 967.744
52 768   0.00467352 -0.00978045 965.791
52 769   0.00460724 -0.010006 952.039
52 770   0.00496437 -0.0101756 852.277
52 771   0.00478268 -0.0102116 885.324
52 772   0.00510021 -0.00973375 944.55
52 773   0.0048669 -0.00980807 952.758
52 774   0.00498232 -0.00999756 900.932
52 775   0.00548517 -0.00993592 853.112
52 776   0.005258 -0.00984772 905.96
52 777   0.00517325 -0.00999875 871.892
52 778   0.00536454 -0.0102695 738.681
52 779   0.00548515 -0.0100837 802.116
52 780   0.00531569 -0.0100902 819.47
52 781   0.00557312 -0.0102078 756.598
52 782   0.00549488 -0.0103181 687.288
52 783   0.00567163 -0.0102687 723.568
52 784   0.00577743 -0.0102866 719.92
52 785   0.00555479 -0.0104081 560.756
52 786   0.00564681 -0.0103619 636.034
52 787   0.0055463 -0.0104699 454.727
52 788   0.00550074 -0.0105174 364.535
52 791   0.00580551 -0.0103888 648.79
52 792   0.00574045 -0.0104134 591.199
52 793   0.00568756 -0.0104045 583.907
52 794   0.00571615 -0.0104806 477.494
52 795   0.00560687 -0.0104718 454.265
52 796   0.0056704 -0.0104906 441.431
52 797   0.0056561 -0.0104526 499.533
52 798   0.00562107 -0.0105555 267.746
52 799   0.00560263 -0.0105027 396.447
52 800   0.00563971 -0.0105171 379.681
52 801   0.00553703 -0.0105409 294.115
52 802   0.00558964 -0.0105581 250.866
52 803   0.00557835 -0.0105243 338.681
52 804   0.00553128 -0.0105697 211.909
52 805   0.00556535 -0.0105797 169.434
52 806   0.00548017 -0.0106088 89.5906
52 807   0.005507 -0.0105913 131.143
52 808   0.00547921 -0.0106353 25.4524
52 809   -0.00395036 0.000945534 784.825
52 810   -0.00392489 -0.00127056 769.706
52 811   -0.00529914 -0.00133811 756.913
52 812   -0.00700549 0.00140185 753.712
52 813   -0.00567852 0.000292833 761.567
52 814   -0.00497071 0.00146313 781.765
52 815   -0.0059236 0.00425235 827.654
52 816   -0.0069715 0.00255839 771.113
52 817   -0.00562385 0.0025859 791.227
52 818   -0.00761825 0.00367044 780.54
52 819   -0.00692425 0.00477924 825.83
52 820   -0.00906657 0.00424953 753.929
52 821   -0.00946784 0.00540232 767.205
52 822   -0.00892205 0.00709858 852.367
52 823   -0.00854699 0.00594026 819.552
52 824   -0.00745171 0.00589628 855.155
52 825   -0.00811615 0.00740512 882.482
52 826   -0.00687758 0.00745828 909.766
52 827   -0.00739409 0.00680121 887.161
52 828   -0.00721903 0.00892722 963.346
52 830   -0.00801948 0.00819093 902.495
52 831   -0.00732855 0.00826607 929.836
52 939   -0.00547592 0.0105027 411.043
52 940   -0.00542712 0.0105406 342.164
52 948   -0.00279192 0.00774014 874.564
52 949   -0.00190972 0.00780515 820.285
52 950   -0.00295914 0.00866585 894.574
52 952   -0.00245779 0.00915693 817.014
52 955   -0.00177971 0.00876766 782.258
52 956   -0.00142223 0.00926303 736.37
52 985   0.00268177 0.00834211 737.548
52 986   0.00151758 0.00862478 742.741
52 997   -0.00296705 -0.00844141 736.335
52 999   -0.000832132 -0.00925754 736.518
52 1000   -0.00174781 -0.0076285 749.31
52 1001   -0.000777074 -0.00816195 747.339
52 1026   0.00829021 -0.00773164 884.867
52 1027   0.00901192 -0.00652242 824.714
52 1028   0.00778152 -0.00726165 891.818
52 1029   0.00813093 -0.00661139 861.343
52 1031   0.00925749 -0.00701177 840.397
52 1032   0.00888518 -0.00757073 872.054
52 1280   0.00224639 -0.00914848 794.561
52 1281   0.00254194 -0.00878807 859.855
52 1282   0.00284086 -0.00907489 892.903
52 1285   0.00269393 -0.00941689 830.427
52 1286   0.0023967 -0.00945369 776.857
52 1340   0.00273521 -0.0011294 790.467
52 1341   0.00410434 -0.00109285 783.283
52 1342   0.00271201 0.00101264 777.619
52 1343   0.00371496 0.00155871 767.899
52 1344   0.00444731 0.000539659 766.442
52 1345   0.00637179 0.00209105 740.674
52 1346   0.00592328 0.00101265 747.525
52 1347   0.00450541 0.00402282 758.408
52 1348   0.0042576 0.00262572 760.699
52 1349   0.00543846 0.00268507 751.754
52 1350   0.00696687 0.00448131 753.222
52 1351   0.00540283 0.00449629 754.608
52 1352   0.0059697 0.00366806 749.187
52 1353   0.00623046 0.0062308 753.606
52 1354   0.00588336 0.00537032 756.394
52 1355   0.00685699 0.00532566 760.635
52 1358   0.00703254 0.00643165 767.93
52 1359   0.00737563 0.00594063 772.187
52 1404   0.0107801 -0.00326487 716.869
52 1405   0.0111126 -0.00196349 704.017
52 1529   -0.0113885 -0.00308544 670.937
52 1530   -0.0113301 -0.00311145 671.032
52 1542   -0.0114765 -0.00307473 670.813
52 1545   -0.0115158 -0.00302226 673.185
52 1546   -0.0115238 -0.00306636 671.37
52 1547   -0.011498 -0.00305243 671.602
52 1548   -0.01157 -0.00304737 674.292
52 1549   -0.0115413 -0.00304745 672.721
52 1550   -0.0115419 -0.00302494 673.959
52 1551   -0.0115816 -0.00300345 677.938
52 1552   -0.0115782 -0.0030326 677.549
52 1553   -0.011563 -0.00301713 675.907
52 1556   -0.0116051 -0.00303579 736.166
52 1557   -0.011596 -0.00302793 686.601
52 1558   -0.0115991 -0.00301004 680.398
52 1560   -0.00544198 0.0106029 141.552
52 1564   -0.00547939 0.0106345 20.4897
52 1565   -0.00547071 0.0106008 115.576
52 1566   -0.00556704 0.0105928 115.048
52 1567   -0.00556786 0.0105496 271.593
52 1568   -0.00552263 0.0105415 293.055
52 1569   -0.00553598 0.0105945 109.161
52 1570   -0.00549274 0.0105843 162.398
52 1571   -0.00551239 0.0105702 208.439
52 1572   -0.00550121 0.0106288 20.4049
52 1573   -0.0055067 0.0106049 84.9565
52 1574   -0.00552595 0.0106124 66.464
52 1575   -0.00550646 0.0106468 4.83039
52 1576   -0.00552137 0.0106375 9.72296
52 1577   0.0116018 0.00300155 675.702
52 1580   0.0115856 0.00303294 674.016
52 1581   0.0115951 0.00301809 675.581
52 1582   0.011605 0.00302452 677.397
52 1584   0.0116055 0.00304153 679.084
52 1587   0.0116001 0.00303736 676.547
52 1588   0.0115915 0.00304233 674.073
52 1589   0.0055581 -0.0106063 79.1009
52 1592   0.00552794 -0.0106379 11.1192
52 1593   0.00551966 -0.0106085 72.8229
52 1594   0.00553669 -0.0106135 58.8055
52 1595   0.00549521 -0.0106348 17.9011
52 1596   0.00551298 -0.0106403 10.1158
52 1597   0.00550883 -0.0106256 32.258
52 1598   0.00550541 -0.0106598 3.67821
52 1601   0.00549451 -0.0106485 7.78234
52 1602   0.00550376 -0.0106515 5.74424
end
