1178
52 180   -0.00282268 0.00223169 955.817
52 181   -0.00292818 -0.00221844 952.883
52 182   0.000896988 -0.00215264 958.637
52 183   0.00273412 0.00127917 952.53
52 184   0.00096473 0.00235577 958.444
52 185   -0.000909095 0.0011266 957.074
52 186   -0.000962421 -0.00105729 956.669
52 187   -0.00479327 -0.00122117 941.474
52 188   0.0027197 -0.00104535 953.525
52 189   0.00443526 0.00238256 943.899
52 190   0.00605656 0.00107724 929.819
52 191   -0.00297671 -0.0042389 958.405
52 192   0.0044089 -0.00210804 949.437
52 193   0.00604462 -0.00108883 936.827
52 194   0.000914338 0.00437267 963.828
52 195   -0.000807673 0.00532388 966.856
52 196   0.00452466 0.00434067 948.304
52 197   0.000548705 -0.00853596 967.313
52 198   0.00219339 0.00548982 966.159
52 199   -0.00589683 0.00489723 951.144
52 200   0.00724546 -0.00218778 934.42
52 201   -0.00132609 0.00805365 969.15
52 202   -0.000532182 0.00691253 969.535
52 203   0.00349862 0.0054306 961.767
52 204   -0.000641034 -0.00802581 966.36
52 205   0.00194346 0.00707996 969.104
52 206   0.000939902 0.00755144 968.14
52 207   -0.000260152 0.00906239 964.643
52 208   -0.00677573 0.00696928 955.9
52 209   -0.0068855 0.00593824 945.352
52 210   0.000360949 -0.00990385 961.023
52 211   0.000947217 0.00869149 959.818
52 212   -0.00160701 -0.00892752 947.579
52 213   0.00836559 -0.00586059 910.938
52 214   -0.00167608 -0.00979645 932.92
52 215   0.00867964 -0.00509802 905.904
52 216   -0.00860086 0.0068542 912.302
52 217   0.0016502 0.0092515 942.06
52 218   0.00904545 -0.00643794 888.221
52 219   -0.00782658 0.00569967 925.07
52 220   -0.00060708 -0.010366 957.535
52 221   0.00959244 -0.00414422 909.798
52 222   -0.00125839 -0.0103043 945.826
52 223   -0.00818881 0.00510118 917.502
52 224   0.00105266 0.010267 950.445
52 225   0.00900342 -0.00704389 903.383
52 226   -0.00929008 0.0068963 885.846
52 227   -0.0084138 0.00618203 910.935
52 228   0.00154331 0.00992463 936.821
52 229   -0.00165144 -0.0110571 949.709
52 230   -0.00239962 -0.0100794 898.065
52 231   -0.00961549 0.00392728 923.698
52 232   -0.00286651 -0.00974877 881.885
52 233   0.00941026 -0.00515762 867.378
52 234   -0.00886247 0.00533545 900.066
52 235   0.00259027 0.0100007 889.811
52 236   -0.00926916 0.00450512 904.867
52 237   -0.00892635 0.00588531 894.471
52 238   -0.00209092 -0.0111945 932.519
52 239   -0.00137954 -0.0114537 966.936
52 240   0.0021208 0.0102198 911.881
52 241   0.00971945 -0.0048322 857.931
52 242   0.0036003 0.0100434 837.088
52 243   -0.00926683 0.00519703 882.579
52 244   0.00962082 -0.00620074 813.198
52 245   0.00295346 0.0102952 859.875
52 246   -0.0025192 -0.0105956 882.149
52 247   0.00333474 0.0103061 836.656
52 248   0.00192757 0.011513 958.059
52 249   -0.00934728 0.00602734 857.65
52 250   -0.00952395 0.00636616 835.236
52 251   -0.00319171 -0.0100838 853.386
52 252   -0.0094094 0.00491247 884.659
52 253   -0.00238688 -0.0109331 892.532
52 254   -0.00969155 0.00446694 895.215
52 255   0.00219882 0.0105984 906.268
52 256   -0.00351689 -0.0100599 838.749
52 257   0.0019649 0.0108394 926.383
52 258   0.00969537 -0.00554565 799.245
52 259   0.0097078 -0.00583655 785.928
52 260   0.00285219 0.0106982 849.674
52 261   -0.00356039 -0.0104954 814.34
52 262   0.00256702 0.0107822 875.346
52 263   -0.00990728 0.00630303 761.415
52 264   -0.00961234 0.00551365 823.662
52 265   0.00224784 0.0113669 929.929
52 266   -0.00962891 0.0057941 807.562
52 267   -0.00289993 -0.0106674 846.072
52 268   0.00222702 0.0111161 915.987
52 269   -0.00310555 -0.0104863 840.066
52 270   0.00345765 0.0106861 805.885
52 271   0.0101285 -0.00505518 785.306
52 272   -0.00269254 -0.0111836 857.002
52 273   -0.00333491 -0.0106881 810.89
52 274   0.00255092 0.011067 876.923
52 275   0.00307287 0.0109216 813.244
52 276   -0.00221662 -0.0115489 946.793
52 277   -0.00990258 0.00545212 770.577
52 278   -0.00981382 0.00505005 832.588
52 279   -0.0100231 0.00477869 851.643
52 280   0.0100294 -0.00545814 740.736
52 281   -0.00253551 -0.0115151 915.142
52 282   0.00329706 0.0108986 793.614
52 283   -0.0100052 0.00495445 824.752
52 284   0.0101533 -0.00529307 744.894
52 285   -0.00271547 -0.0114111 864.478
52 286   0.0027366 0.0112288 850.894
52 287   -0.00996149 0.00527308 781.764
52 288   0.00254535 0.0115149 914.122
52 289   -0.00989409 0.00589178 748.012
52 290   0.00987267 -0.00642981 778.914
52 291   -0.00297097 -0.0109396 823.331
52 292   0.0100516 -0.00620031 732.257
52 293   -0.0099958 0.00606188 731.901
52 294   -0.00330194 -0.0109322 788.829
52 295   -0.0100958 0.00562142 721.821
52 296   0.0100236 -0.00588839 722.052
52 297   -0.0028959 -0.0111182 821.096
52 298   -0.0102294 0.00512215 778.777
52 299   0.00271021 0.0114258 868.611
52 300   -0.0101998 0.00528818 750.83
52 301   0.00303782 0.0111403 795.076
52 302   -0.0100708 0.00578062 717.447
52 303   0.0101798 -0.00562032 707.471
52 304   0.00292095 0.0112298 810.112
52 305   -0.0102085 0.00602056 702.998
52 306   0.0101155 -0.00602309 713.21
52 307   0.0101616 -0.00575968 704.594
52 308   -0.00314362 -0.0110026 795.443
52 309   -0.00291529 -0.0115012 820.252
52 310   0.01035 -0.00536778 717.551
52 311   -0.00304155 -0.0112562 779.867
52 312   -0.0103418 0.00550678 707.971
52 313   -0.0102739 0.00560712 702.805
52 314   -0.0102333 0.00587295 697.742
52 315   -0.0103353 0.00538938 724.801
52 316   0.00286465 0.0115221 843.198
52 317   0.0102859 -0.00595043 694.836
52 318   -0.00315504 -0.0111804 769.362
52 319   0.0103081 -0.00582436 690.112
52 320   0.00332902 0.0111863 742.774
52 321   0.00338163 0.0110624 766.205
52 322   -0.00324849 -0.0112628 725.398
52 323   0.00316828 0.0112516 752.877
52 324   -0.00306249 -0.0113732 753.421
52 325   -0.00301887 -0.0114544 759.583
52 326   0.0103236 -0.00558474 697.146
52 327   0.00326159 0.0112586 724.74
52 328   0.00299286 0.0113766 781.482
52 329   0.00296296 0.0114717 791.272
52 330   0.0103699 -0.00549726 702.093
52 331   -0.010348 0.00585394 687.1
52 332   -0.0104646 0.00556041 697.996
52 333   0.0104257 -0.00572891 680.4
52 334   -0.0103597 0.00570857 689.112
52 335   -0.0103665 0.00578668 685.497
52 336   0.0104037 -0.00565323 686.532
52 337   0.00314638 0.0113624 714.8
52 338   -0.0032601 -0.0113807 614.523
52 339   0.00308783 0.0113978 733.834
52 340   0.0104045 -0.00579611 681.442
52 341   0.0104618 -0.00553433 695.351
52 342   0.00328489 0.0113695 627.225
52 343   -0.00316142 -0.0114217 648.338
52 344   -0.00321917 -0.0114218 560.36
52 345   0.0104691 -0.00561066 687.182
52 346   -0.0104469 0.00579959 677.878
52 347   -0.0104806 0.00564009 688.251
52 348   0.00320213 0.0114146 622.291
52 349   -0.010434 0.00570088 683.263
52 350   0.0104951 -0.00573731 673.841
52 351   0.00324734 0.0114146 569.149
52 352   -0.0104636 0.00567764 683.474
52 353   0.0105129 -0.00563138 684.342
52 354   -0.0104629 0.00575059 677.511
52 355   0.00326161 0.0114675 400.355
52 356   -0.0105023 0.00574385 674.217
52 357   -0.0105058 0.00571027 677.083
52 358   0.0105651 -0.00568515 828.352
52 359   -0.00324957 -0.0115491 2.81121
52 363   -0.00307315 0.00389051 959.679
52 364   -0.00226858 0.00493363 964.659
52 365   -0.00466699 0.00490877 958.694
52 366   -0.00440682 0.005925 964.012
52 367   -0.00331803 0.00597879 966.387
52 368   -0.00590097 0.00729238 965.893
52 369   -0.00492301 0.00676754 966.231
52 370   -0.00458239 0.00751707 969.136
52 371   -0.00594745 0.00794301 969.093
52 372   -0.00517326 0.00814081 969.448
52 380   -0.000834467 -0.0115115 968.966
52 381   -0.000455062 -0.0111766 966.556
52 399   -0.00648708 -0.00190922 924.385
52 400   -0.00817054 -0.000909086 908.114
52 401   -0.00664105 -0.00304433 921.003
52 402   -0.0080622 -0.00321314 901.229
52 403   -0.00816515 -0.00432326 900.756
52 423   -0.00433824 -0.00532282 955.545
52 424   -0.00415139 -0.00663307 965.393
52 425   -0.00508533 -0.00726273 961.441
52 426   -0.00506735 -0.00792917 967.318
52 470   -0.00325155 -0.0114794 363.563
52 480   -0.0105266 0.00564624 688.333
52 489   -0.00308708 -0.011532 689.154
52 491   -0.00315538 -0.0114809 562.866
52 492   -0.00315086 -0.0115432 442.025
52 493   -0.00312466 -0.0115101 603.413
52 494   -0.00317889 -0.0115272 373.507
52 495   -0.00318427 -0.0115007 442.527
52 496   -0.00320161 -0.0115428 161.308
52 497   0.0105105 -0.0056964 675.735
52 498   0.0105144 -0.00566452 680.339
52 500   0.0105324 -0.00570836 672.623
52 572   0.000920945 -0.0104954 959.358
52 573   5.26842e-05 -0.0113946 962.716
52 574   0.000460662 -0.0111755 951.839
52 575   0.000157226 -0.0117808 962.998
52 576   0.000479858 -0.011815 903.384
52 580   0.00169733 -0.00763672 969.486
52 581   0.00263018 -0.00848931 968.973
52 582   0.00406461 -0.0094295 959.779
52 583   0.00256357 -0.00971818 966.416
52 584   0.00179417 -0.0103835 962.608
52 585   0.00188908 -0.011104 958.072
52 586   0.00354155 -0.00987819 962.633
52 587   0.00306672 -0.00997725 966.222
52 604   -0.00234837 0.00838984 969.092
52 605   -0.00315748 0.00735313 969.305
52 606   -0.00390564 0.00804887 969.309
52 607   -0.00246735 0.010051 967.133
52 608   -0.00323916 0.0102207 966.206
52 610   -0.00540415 0.010339 861.579
52 634   0.00149999 -0.0115676 935.508
52 638   0.00847566 -0.00739747 926.924
52 639   0.00762553 -0.00749591 949.606
52 640   0.00827351 -0.00830322 953.608
52 641   0.00861548 -0.00786466 936.733
52 686   -0.00825116 0.00734383 931.967
52 687   -0.00755659 0.00746195 950.051
52 689   -0.008518 0.0079265 939.566
52 693   0.00782707 0.00423615 904.834
52 793   0.00402626 0.00664386 966.248
52 794   0.0050662 0.0079231 967.406
52 802   -0.00413216 -0.00794459 964.633
52 803   -0.00459396 -0.00805151 968.899
52 805   -0.00469464 -0.00852608 961.604
52 806   -0.00445216 -0.00870189 922.116
52 839   0.00274571 0.00766175 964.696
52 840   0.00352327 0.00728488 969.419
52 841   0.00280936 0.00838833 941.832
52 842   0.00243203 0.00901445 926.182
52 843   0.00279461 0.00946842 895.471
52 844   0.00355562 0.00966869 849.371
52 845   0.0032911 0.0093319 873.349
52 847   0.00389221 0.00954534 832.147
52 888   -0.010525 0.00569981 678.043
52 889   -0.0105287 0.00567334 684.296
52 890   -0.0105453 0.00567065 687.268
52 896   0.00320449 0.0115437 168.466
52 899   0.00322648 0.0115486 24.2379
52 900   0.00321739 0.0115351 142.798
52 908   0.00302434 0.011537 767.286
52 911   0.00309654 0.011469 693.74
52 912   0.00309311 0.0115498 655.884
52 913   0.00306295 0.011513 722.782
52 914   0.00312533 0.0115292 577.049
52 915   0.00313207 0.011488 618.747
52 916   0.00315786 0.0115458 415.183
52 917   0.00318367 0.0115287 354.695
52 918   0.00319001 0.0114576 552.227
52 919   0.0031825 0.0115013 454.852
52 920   0.00316343 0.0114773 564.854
52 921   0.00323855 0.0114814 383.715
52 922   0.00320602 0.0114918 423.572
52 923   0.00321215 0.0114716 474.884
52 924   0.00325123 0.0115166 124.159
52 925   0.00322398 0.0115028 318.793
52 926   0.00324084 0.0115006 280.935
52 927   0.00322546 0.0115197 211.13
52 928   0.00323512 0.0115405 26.7125
52 929   0.00324337 0.0115251 87.2926
52 930   0.00323446 0.0115259 116.689
52 931   -0.00321138 -0.0115015 352.603
52 932   -0.003234 -0.0114965 306.269
52 933   -0.00321781 -0.0115197 232.063
52 934   -0.00321342 -0.0115344 141.147
52 935   -0.00324205 -0.0115499 3.56044
52 938   -0.00322516 -0.0115461 28.676
52 943   0.0105377 -0.00566007 681.685
52 946   0.0105364 -0.00569139 676.058
52 947   0.0105377 -0.00567498 679.982
52 948   0.010551 -0.0056767 682.27
52 951   0.0105605 -0.0056911 718.056
52 952   0.0105526 -0.00568931 686.586
52 953   0.0105479 -0.00569783 674.718
52 1018   -0.00396397 0.0106334 958.15
52 1019   -0.00406597 0.0109989 964.307
52 1020   -0.00439271 0.0109214 904.874
52 1024   8.7083e-05 0.0103679 958.969
52 1025   -0.000641089 0.00995873 961.934
52 1026   -0.001826 0.0106112 962.946
52 1027   -0.00188295 0.01134 957.741
52 1028   -0.000215152 0.0109767 959.457
52 1052   -0.00398888 0.0090134 965.896
52 1053   -0.00374782 0.00949718 962.835
52 1054   -0.00423303 0.0102203 941.699
52 1055   -0.00463625 0.00979712 937.586
52 1056   -0.00422088 0.00981499 950.192
52 1057   -0.00509262 0.0103524 874.198
52 1058   -0.00484648 0.0101375 910.367
52 1059   -0.00456379 0.0103187 916.575
52 1060   -0.00503685 0.0106366 840.354
52 1061   -0.00465032 0.0108223 836.728
52 1062   -0.0047157 0.010594 873.787
52 1105   -0.0012969 0.0112933 942.104
52 1106   -0.00074097 0.0111722 950.153
52 1108   -0.00132537 0.0116577 920.54
52 1114   0.00469021 -0.0095956 945.101
52 1115   0.00530074 -0.00932108 945.429
52 1116   0.00570901 -0.0100584 880.178
52 1117   0.0058089 -0.0096612 913.689
52 1118   0.00471736 -0.0100778 921.688
52 1119   0.00522799 -0.0102005 882.203
52 1121   0.00519889 -0.0105522 843.028
52 1220   -0.00375582 -0.0098086 836.193
52 1267   -0.00537646 -0.00498881 942.027
52 1268   -0.00603398 -0.00404272 929.925
52 1269   -0.00712581 -0.00471189 915.963
52 1270   -0.00567996 -0.00705249 948.254
52 1271   -0.00578423 -0.00608882 939.358
52 1272   -0.00614693 -0.00736732 937.943
52 1273   -0.00663189 -0.00701572 914.628
52 1279   0.00789866 0.00304419 903.415
52 1280   0.00738317 0.00166097 914.037
52 1281   0.00869413 0.000663537 901.133
52 1282   0.00907846 0.00263123 897.222
52 1283   0.00934077 0.00146229 895.828
52 1366   0.00574931 0.00501014 936.098
52 1367   0.00691494 0.00482771 918.646
52 1368   0.00660638 0.00647152 917.236
52 1369   0.00577009 0.00615359 939.961
52 1370   0.00507307 0.00669738 956.427
52 1371   0.00542441 0.00736692 956.724
52 1372   0.00613243 0.00740807 939.452
52 1373   0.00661739 0.00705646 916.109
52 1459   0.00112458 -0.00384054 962.382
52 1460   0.00164857 -0.00612895 968.252
52 1461   -0.00141128 -0.00475573 964.885
52 1462   0.000639554 -0.00553155 967.444
52 1463   0.000125667 -0.00439101 964.509
52 1464   -0.000757956 -0.00703293 969.49
52 1465   -0.000244901 -0.00602541 968.728
52 1466   -0.00141087 -0.00582976 968.134
52 1467   -0.00172594 -0.00715373 969.294
52 1468   -0.0021219 -0.00652084 969.344
52 1469   -0.00347361 -0.00750903 968.451
52 1470   -0.00324395 -0.00681049 969.186
52 1471   -0.00229327 -0.00847122 947.177
52 1472   -0.00229528 -0.00769031 965.416
52 1473   -0.0029209 -0.00775596 962.794
52 1474   -0.0029408 -0.00926226 894.258
52 1475   -0.00271766 -0.00875679 926.98
52 1476   -0.0031473 -0.00835797 938.837
52 1503   -0.00325082 -0.0115122 152.995
52 1534   -0.00890393 -0.00271308 898.19
52 1535   -0.00916624 -0.00154413 900.149
52 1613   0.00324669 0.011536 25.5048
52 1615   0.00324338 0.0115512 3.93912
52 1616   0.00324233 0.0115436 9.98581
52 1617   -0.0105392 0.00571057 675.126
52 1620   -0.0105458 0.0056844 685.112
52 1621   -0.0105435 0.00569784 679.337
52 1622   -0.0105529 0.00570035 679.654
52 1623   -0.0105624 0.00569141 710.298
52 1624   -0.0105568 0.00569056 692.222
52 1625   -0.0105546 0.00568285 689.426
52 1696   -0.00327978 0.0109904 969.346
52 1697   -0.00360653 0.0109129 968.17
52 1709   -0.00108031 0.0117158 898.436
52 1710   -0.000916937 0.0117545 866.338
52 1722   0.0049865 -0.0106885 833.705
52 1781   -0.000248916 0.0117464 956.196
52 1784   -0.000738683 0.0117637 871.652
52 1785   -0.0005095 0.0115652 936.529
52 1789   0.000769193 -0.0114521 931.672
52 1790   0.000683847 -0.0117055 893.195
52 1791   0.00110611 -0.0115443 919.497
52 1793   0.0011299 -0.0117718 892.822
52 1794   0.000911627 -0.0118234 855.27
52 1879   -0.00528365 0.00869908 965.767
52 1880   -0.00477602 0.00903987 960.909
52 1881   -0.00495033 0.00950578 943.391
52 1882   -0.00588746 0.00981489 899.364
52 1883   -0.00547209 0.00983276 908.693
52 1884   -0.0063362 0.00844703 969.225
52 1885   -0.00584271 0.00882834 962.887
52 1886   -0.0060453 0.00937528 933.34
52 1887   -0.00677239 0.00858043 968.917
52 1888   -0.0074839 0.00804863 960.311
52 1889   -0.0071857 0.00833999 967.254
52 1890   -0.00819138 0.00812924 950.201
52 1891   -0.00785185 0.00813324 955.448
52 1892   -0.00788544 0.00847566 956.666
52 1894   -0.00830339 0.00837128 954.001
52 1895   -0.00814654 0.00857202 957.995
52 1931   0.00734028 -0.00801232 961.802
52 1932   0.00784845 -0.00835244 957.331
52 1952   -0.00742523 0.00871396 968.408
52 1953   -0.00775701 0.00876502 960.476
52 1969   0.00746959 0.00574976 914.368
52 1970   0.00714027 0.00625011 913.063
52 1971   -0.00698739 -0.00549097 919.116
52 1972   -0.00668402 -0.00653388 914.518
52 1973   -0.00630334 -0.00592181 928.044
52 1976   -0.00720341 -0.00635322 911.574
52 1977   -0.00753274 -0.00585286 914.242
52 1993   0.00365488 -0.0103853 962.96
52 1994   0.00245856 -0.0112024 967.74
52 1997   0.00295221 -0.010535 968.073
52 1998   0.00276225 -0.0109448 969.038
52 1999   0.00342684 -0.0106134 968.216
52 2000   0.003199 -0.010664 968.831
52 2001   0.00322731 -0.0110221 969.463
52 2003   0.00380151 -0.0110736 968.927
52 2006   0.00346932 -0.0111506 967.65
52 2007   0.0035643 -0.0109457 969.51
52 2108   -0.00337949 -0.00911477 876.523
52 2109   -0.00346916 -0.00864211 907.72
52 2110   -0.00412063 -0.00875838 850.105
52 2111   -0.0039013 -0.00847566 916.775
52 2112   -0.00377794 -0.00949309 838.884
52 2113   -0.0036525 -0.00926181 848.809
52 2114   -0.0039615 -0.00907188 815.712
52 2117   -0.00412936 -0.00920322 802.231
52 2118   -0.00404452 -0.00940309 819.624
52 2148   0.00149516 0.011384 964.422
52 2149   0.00100645 0.0116146 969.442
52 2150   0.00155331 0.0109612 950.56
52 2151   0.00113669 0.0108352 957.276
52 2152   0.000342066 0.011161 966.345
52 2153   0.000728332 0.0111204 966.655
52 2154   0.000656232 0.0114769 969.455
52 2155   -3.7758e-05 0.011637 966.832
52 2156   0.000348508 0.0115964 969.537
52 2157   0.000191425 0.0114385 967.877
52 2159   2.27584e-05 0.0118051 969.509
52 2160   0.000215891 0.0117848 969.323
52 2258   0.00913022 -0.00040689 906.187
52 2259   0.00909428 -0.00258414 946.62
52 2260   0.0084844 -0.00161222 927.693
52 2261   0.00459095 0.00799042 969.35
52 2262   0.0039791 0.00778611 967.159
52 2263   0.00338113 0.00840842 930.022
52 2264   0.00377331 0.00818306 948.762
52 2265   0.00414267 0.00856318 897.742
52 2266   0.00346837 0.00903856 874.86
52 2267   0.0035322 0.00875748 890.687
52 2268   0.00391467 0.0088164 841.693
52 2269   0.00387153 0.0093214 831.341
52 2270   0.00371221 0.00915141 847.949
52 2271   0.00396241 0.00904193 814.276
52 2274   0.00415122 0.00914246 792.624
52 2275   0.00409225 0.00928139 809.497
52 2289   -0.00908854 0.00244638 946.345
52 2292   -0.00878117 0.000243192 909.406
52 2293   -0.0081296 0.00131076 928.655
52 2301   -0.00339917 -0.0110416 767.443
52 2302   -0.0033343 -0.0111945 736.202
52 2344   0.00445029 0.00864688 924.335
52 2345   0.00469277 0.00847107 963.579
52 2561   -0.00504549 0.000437303 942.156
52 2562   -0.0044367 0.00165285 948.744
52 2563   -0.00678231 0.00137602 934.871
52 2564   -0.00615465 0.00380863 945.45
52 2565   -0.00671556 0.00249229 939.966
52 2566   -0.00563149 0.00269083 945.688
52 2567   -0.00791932 0.00450616 927.58
52 2568   -0.00736698 0.0032558 938.965
52 2569   -0.00711046 0.00396437 939.22
52 2570   -0.0087236 0.00312262 952.008
52 2571   -0.00912895 0.00352616 950.506
52 2572   -0.00811169 0.00335829 938.002
52 2573   -0.00891212 0.00404861 925.383
52 2574   -0.00837851 0.00399936 929.274
52 2657   0.00422314 -0.00382264 955.67
52 2658   0.0039048 -0.00621036 966.135
52 2659   0.00277164 -0.00559572 965.961
52 2660   0.00276153 -0.00444785 962.338
52 2661   0.00523468 -0.00440694 953.391
52 2662   0.00490624 -0.00564679 960.698
52 2663   0.0057955 -0.00657441 961.709
52 2664   0.00721464 -0.00563414 937.118
52 2665   0.00684299 -0.00656818 950.698
52 2666   0.00697605 -0.00346511 939.163
52 2667   0.0062199 -0.00407756 945.387
52 2668   0.00677128 -0.00472349 941.26
52 2669   0.00822199 -0.00456375 921.191
52 2670   0.00759028 -0.00380642 935.022
52 2671   0.00746458 -0.00441566 933.284
52 2672   0.00871043 -0.00341356 945.905
52 2673   0.00906646 -0.00384792 932.334
52 2674   0.00816968 -0.00373732 933.064
52 2675   0.0085257 -0.00417169 922.235
52 2748   -0.00323212 -0.0115233 129.723
52 2749   -0.00324251 -0.0115208 111.845
52 2750   -0.00324758 -0.011533 21.8518
52 2751   -0.00323255 -0.0115375 35.5268
52 2752   -0.00323982 -0.0115423 9.79007
52 2813   0.0065086 -0.00971189 889.651
52 2814   0.00618372 -0.00958725 911.444
52 2815   0.00624822 -0.00921278 943.245
52 2816   0.00653455 -0.00919561 942.652
52 2817   0.00661164 -0.00947923 911.566
52 2818   0.00739354 -0.00914409 960.79
52 2819   0.00767672 -0.0089624 967.225
52 2820   0.00756423 -0.00870149 965.535
52 2821   0.00388076 -0.00713605 968.853
52 2822   0.00400333 -0.00866502 967.582
52 2823   0.00330945 -0.00793437 969.461
52 2824   0.00551703 -0.00751688 968.361
52 2825   0.00454553 -0.00821845 969.183
52 2826   0.00460373 -0.00751494 969.238
52 2827   0.00606179 -0.00883278 962.285
52 2828   0.00575971 -0.00802734 969.509
52 2829   0.00548913 -0.00886712 961.398
52 2830   0.00519335 -0.00839073 968.559
52 2831   0.00681969 -0.00817995 968.286
52 2832   0.00630642 -0.00850927 969.067
52 2833   0.00630012 -0.00818023 969.456
52 2834   0.00718626 -0.00861092 969.322
52 2835   0.00694988 -0.00842951 969.245
52 2836   0.00670209 -0.00858849 969.314
52 2837   0.00673651 -0.00898276 959.62
52 2838   0.00705509 -0.00877835 969.108
52 2839   0.00682186 -0.00876146 968.215
52 2840   0.00690416 -0.00908337 954.885
52 2841   0.00709885 -0.00895845 965.54
52 2842   0.00720092 -0.00914278 954.727
52 2843   0.0068256 -0.00942522 913.03
52 2844   0.0070963 -0.00929317 932.414
52 2845   0.00691616 -0.00924221 938.628
52 2847   0.00707654 -0.00943076 906.195
52 2848   0.00693495 -0.00952161 893.416
52 2861   -0.00671391 0.00897626 960.811
52 2862   -0.00648032 0.0093898 927.616
52 2863   -0.00665228 0.00961796 896.848
52 2864   -0.00734977 0.00920809 956.449
52 2865   -0.00730068 0.00897579 968.609
52 2866   -0.00705177 0.00922994 944.312
52 2867   -0.00700268 0.00899765 962.59
52 2869   -0.00700564 0.0093914 918.501
52 2870   -0.0068643 0.00948203 906.641
52 2990   0.00437837 -0.0103811 926.852
52 2991   0.00395145 -0.0105009 955.645
52 2992   0.00441134 -0.0109326 893.624
52 2993   0.00396063 -0.0108569 964.483
52 2994   0.00419306 -0.0109843 955.159
52 2995   0.00467662 -0.0106401 873.073
52 2996   0.00459127 -0.0108614 837.54
52 3006   0.00291884 -0.0112792 969.54
52 3007   0.00313712 -0.0112275 968.718
16 1   -0.0449783 0.00326166 959.923
16 2   -0.0451577 -0.00292009 959.861
16 3   -0.0411403 -0.006444 958.026
16 4   -0.0384826 -0.00713474 955.314
16 5   0.00041284 0.0182881 966.768
16 6   0.00208441 0.0195283 950.42
16 7   0.00122207 0.0160328 965.597
16 8   0.00575559 0.0146824 913.958
16 9   0.00686223 0.0141839 904.157
16 10   0.00295626 0.0152982 953.346
16 11   -0.00685387 -0.0147303 949.992
16 12   -0.00454688 -0.0153686 966.678
16 13   -0.00596054 -0.0137666 929.406
16 14   0.00310684 0.0139042 956.074
16 15   -0.00579058 -0.0129067 905.381
16 16   -0.00462838 -0.0141966 956.181
16 17   0.0046291 0.0134738 914.445
16 18   -0.00391148 -0.0135374 960.987
16 19   0.00253813 0.0131207 967.803
16 20   0.00383446 0.013376 941.095
16 21   0.00480641 0.0126937 896.313
16 22   -0.00464493 -0.0126324 917.677
16 23   -0.00409798 -0.0128331 952.272
16 24   -0.00504559 -0.0115965 784.27
16 25   0.00426179 0.0122234 901.272
16 26   0.00291498 0.0123589 961.531
16 27   0.00360924 0.0126619 954.099
16 28   0.00325848 0.0124282 968.181
16 29   0.00379081 0.0123004 948.018
16 30   -0.0036756 -0.0124639 966.924
16 31   0.00394029 0.0121512 925.639
16 32   -0.00339706 -0.0120407 921.907
16 373   -0.0511398 0.0239922 903.223
16 387   -0.0091225 0.027445 968.687
16 389   0.000134652 0.0151722 969.394
16 390   -0.0328797 -0.023077 943.473
16 391   -0.00279789 0.0167254 947.417
16 395   -0.00486103 -0.0240812 954.385
16 406   -0.00600115 -0.011629 810.883
16 407   -0.00668391 -0.0123375 886.153
16 408   -0.00647586 -0.0110697 789.446
16 412   -0.0501577 -0.00542332 962.098
16 414   -0.0489866 -0.00938534 964.88
16 415   -0.0513289 -0.0114617 967.996
16 416   -0.0435766 -0.0109093 958.908
16 417   -0.0464229 -0.0113474 964.307
16 418   -0.0421371 -0.0127166 953.748
16 419   -0.0433694 -0.0151931 954.869
16 420   -0.0397007 -0.011869 949.324
16 421   -0.0387182 -0.0133453 940.796
16 427   -0.0314664 -0.0335257 968.113
16 428   -0.0280772 -0.0310257 969.632
16 429   -0.0323429 -0.0291027 969.446
16 430   -0.0333603 -0.0320514 966.704
16 443   -0.00412212 -0.0187235 948.179
16 444   -0.00427878 -0.0205586 907.652
16 446   -0.011869 0.023022 953.745
16 447   -0.00978841 0.0249908 956.81
16 449   0.00654335 0.0128653 886.068
16 450   0.00718112 0.0122677 881.786
16 451   0.00685289 0.0114552 853.946
16 452   0.00619644 0.0113069 784.479
16 453   0.00590056 0.0118819 811.226
16 454   0.00530879 0.0125396 869.51
16 455   0.00591924 0.0126278 870.583
16 456   0.00468075 0.0116931 804.409
16 457   0.00537065 0.0115356 764.273
16 458   0.00509777 0.0118945 810.366
16 461   -0.0220733 -0.0247272 968.453
16 462   -0.0141943 -0.0241814 964.798
16 463   -0.0194987 -0.0222272 967.713
16 464   -0.0163227 -0.0222272 965.958
16 475   0.00338024 0.0120765 961.326
16 476   0.00326917 0.0120945 950.783
16 568   0.00679057 -0.0107182 828.526
16 570   -0.0411625 0.0249993 967.225
16 571   -0.039227 0.0261919 967.58
16 579   -0.0429407 0.0207032 947.704
16 588   -0.0423608 -0.0198178 926.37
16 589   -0.0420405 -0.0170646 934.211
16 590   -0.0059629 0.011222 843.256
16 591   -0.00655409 0.0125789 855.754
16 592   -0.00714528 0.0118525 831.42
16 593   -0.00690881 0.0111431 824.814
16 594   -0.00643585 0.0109742 856.081
16 595   -0.00412259 0.0140514 929.022
16 596   -0.00469915 0.0132003 911.327
16 597   -0.00540127 0.0127663 876.854
16 598   -0.00593334 0.0124875 858.091
16 599   -0.0058151 0.0117161 832.862
16 600   -0.00520913 0.012242 851.208
16 601   -0.00538649 0.0117324 821.311
16 602   -0.00494309 0.011548 779.444
16 603   -0.00517957 0.0114241 792.991
16 613   -0.0112091 -0.0229314 948.275
16 614   -0.00921678 -0.0246846 951.391
16 615   0.000798431 0.0140859 968.959
16 616   0.00155991 0.0125972 968.998
16 617   0.00179349 0.0132599 968.724
16 618   -0.00250971 0.0132531 955.581
16 619   -0.00288755 0.0142591 949.576
16 620   -0.00118502 0.0150937 966.329
16 621   -0.00205125 0.0153007 959.284
16 622   -0.00166947 0.0131691 954.57
16 623   -0.00118108 0.0139682 964.052
16 624   0.000145564 0.0137683 969.611
16 625   -0.000514271 0.0137291 967.977
16 627   0.00094143 0.0126976 968.384
16 631   -0.033002 0.0230874 942.816
16 632   -0.0349049 0.025299 951.051
16 635   -0.00163002 -0.012621 968.508
16 643   0.00620688 -0.0148189 953.779
16 644   0.00400157 -0.0278015 813.69
16 645   0.00314884 -0.0233874 923.511
16 646   0.00665909 -0.0244926 884.599
16 647   0.00497727 -0.0255492 874.921
16 648   0.00574488 -0.0227057 916.562
16 649   0.00391645 -0.0219558 936.057
16 650   0.00358534 -0.0202307 956.281
16 656   0.00658579 -0.0214714 932.009
16 659   0.00482775 -0.0200291 953.91
16 660   0.00599978 -0.02052 946.023
16 661   0.00691399 -0.0194829 955.949
16 662   0.0040966 -0.0176803 968.541
16 663   0.00494043 -0.0187477 963.583
16 664   0.00611245 -0.0185326 963.915
16 665   0.00626743 -0.0173682 968.822
16 666   0.00527644 -0.0155496 965.341
16 667   0.00433819 -0.0168099 969.627
16 668   0.00533699 -0.0167129 969.596
16 669   0.00318573 -0.0153008 965.559
16 670   0.00399376 -0.0160471 968.774
16 671   0.00456152 -0.0152462 963.545
16 672   0.0034656 -0.0145247 958.576
16 673   0.00433395 -0.0137671 942.732
16 674   0.00434198 -0.0145186 955.515
16 675   0.00316533 -0.0139518 952.721
16 676   0.0037498 -0.0135946 945.712
16 677   0.00209367 -0.0124907 939.445
16 678   0.00259136 -0.0136004 949.818
16 679   0.00345371 -0.0131325 945.092
16 680   0.00288375 -0.013157 947.955
16 681   0.00289859 -0.0122945 961.755
16 682   0.00262055 -0.01267 950.492
16 683   0.00358571 -0.0127139 944.303
16 684   0.0032938 -0.0123627 958.529
16 685   0.00342572 -0.0120765 965.976
16 695   -0.000508558 0.0130103 963.143
16 696   -0.000171671 0.0127516 966.355
16 698   -0.000830993 0.0126785 923.881
16 699   -0.0011604 0.012625 921.042
16 700   -0.0014898 0.0125716 940.698
16 702   -0.00640516 -0.0234057 902.901
16 703   -0.00785708 -0.0236069 914.19
16 704   -0.00547172 -0.0210915 825.525
16 705   -0.00618051 -0.0220406 822.06
16 708   -0.0115554 0.0210073 934.737
16 710   0.00620688 -0.0137793 925.333
16 711   0.00603625 -0.0125186 865.036
16 712   0.00715576 -0.0117672 832.507
16 713   0.00594046 -0.0120395 841.666
16 714   0.00579078 -0.0111692 836.473
16 715   0.00662893 -0.0116238 831.916
16 716   0.00650021 -0.011144 834.901
16 717   0.00558574 -0.0118788 827.196
16 718   0.00556478 -0.0114883 815.374
16 720   0.00502747 -0.0114962 771.12
16 721   0.00526395 -0.0113723 792.445
16 724   0.00386678 -0.0336314 691.861
16 777   -0.0334705 -0.0210257 916.405
16 779   0.00706896 -0.0155335 963.555
16 780   0.00706896 -0.0169195 969.408
16 787   -0.0399783 0.00576311 957.594
16 789   -0.0346155 -0.0252535 951.091
16 790   -0.0342954 -0.0277535 968.714
16 796   -0.0499783 0.00575843 962.338
16 807   -0.0315298 0.0335291 967.974
16 808   -0.0282019 0.0310291 969.642
16 812   -0.0223627 0.0247573 968.508
16 813   -0.0148867 0.024272 966.427
16 821   -0.0386398 0.0165032 898.313
16 834   -0.0435964 0.0121861 958.773
16 835   -0.0412175 0.00988884 956.254
16 836   -0.0387392 0.0116307 948.152
16 837   -0.0398789 0.0147989 932.848
16 838   -0.0422579 0.0145978 948.757
16 849   -0.017121 0.0222573 966.826
16 850   -0.0199892 0.0222573 967.854
16 855   -0.00472911 -0.0119176 865.813
16 856   -0.00453902 -0.0122089 906.062
16 857   -0.00447623 -0.0117396 859.687
16 858   -0.000703315 0.0335652 803.292
16 859   7.9103e-05 0.0277224 898.679
16 1013   -0.040877 -0.0207785 866.046
16 1014   -0.00726352 0.0107489 784.896
16 1015   -0.00714528 0.0103942 760.804
16 1022   -0.00715862 -0.0109786 869.637
16 1030   0.0026212 -0.0178579 968.851
16 1031   0.00222262 -0.0191268 966.215
16 1032   0.00225405 -0.0156068 967.386
16 1033   0.000419979 -0.0167524 969.479
16 1034   0.00171558 -0.0169414 969.607
16 1035   0.0015083 -0.0148292 963.677
16 1036   0.000955737 -0.0135724 948.008
16 1037   0.00200671 -0.0134826 945.208
16 1038   0.00155507 -0.0138325 951.543
16 1039   0.00177223 -0.0128598 926.913
16 1040   0.00102513 -0.0124921 849.914
16 1041   0.000997656 -0.0131171 927.464
16 1042   0.00128866 -0.0124494 876.137
16 1043   0.0013625 -0.0127544 905.356
16 1044   0.000741391 -0.0129934 920.106
16 1045   0.000842712 -0.0126735 873.716
16 1046   0.000608148 -0.0125531 850.488
16 1047   0.000344625 -0.0125958 889.758
16 1048   0.00717177 0.0109103 874.405
16 1049   0.00726352 -0.0106437 774.174
16 1050   0.00714528 -0.0103591 745.218
16 1065   0.00470865 -0.0134413 929.354
16 1066   0.00560521 -0.0128543 886.014
16 1067   0.0054316 -0.0134566 918.386
16 1068   0.00464949 -0.0129645 912.373
16 1069   0.00511501 -0.0127133 883.877
16 1070   0.00495672 -0.0123417 856.06
16 1071   0.00492157 -0.0117543 790.56
16 1072   0.005179 -0.0120208 825.429
16 1073   0.00455638 -0.0117449 777.221
16 1074   0.0043199 -0.0118688 800.08
16 1075   -0.00121249 -0.0129837 969.31
16 1076   0.000796245 -0.0151406 966.963
16 1077   0.000246394 -0.0157292 968.794
16 1078   0.000592451 -0.0138945 958.806
16 1079   4.26003e-05 -0.0144831 966.647
16 1080   0.000479729 -0.014466 964.654
16 1081   -0.000302305 -0.013756 966.661
16 1082   1.78599e-05 -0.0140588 965.24
16 1083   0.000292785 -0.0137645 960.622
16 1084   -0.000215642 -0.0134531 965.963
16 1085   0.000160884 -0.0134702 959.922
16 1086   0.000349006 -0.0131631 947.933
16 1087   0.000186803 -0.0128859 944.746
16 1088   -0.000637407 -0.0128389 969.52
16 1089   -0.000133221 -0.0128987 966.701
16 1090   -0.000347544 -0.0131588 967.814
16 1092   -0.000581046 -0.0125532 969.291
16 1093   -0.000265123 -0.0126044 967.878
16 1095   -0.00282415 0.0125753 964.498
16 1096   -0.00701258 -0.0172527 960.501
16 1097   -0.00523672 -0.0180221 946.009
16 1098   -0.00539161 -0.0163593 968.982
16 1099   -0.00636645 -0.016151 968.17
16 1100   -0.00709949 -0.0190133 816.728
16 1101   -0.00661207 -0.0181669 917.102
16 1102   -0.00581106 -0.0187281 895.462
16 1110   -0.0108455 -0.0209772 922.92
16 1112   -0.00835839 -0.0223423 861.381
16 1113   -0.00935454 -0.0214657 878.25
16 1131   -0.0351898 -0.0215385 870.952
16 1162   -0.0392097 0.0176714 866.721
16 1172   -0.0358214 -0.0321764 960.048
16 1174   -0.0335378 0.0210291 915.139
16 1176   -0.0492275 0.026008 882.807
16 1186   -0.04983 -0.0286728 773.077
16 1187   -0.0503022 -0.0337715 675.857
16 1189   -0.0517674 -0.032543 678.808
16 1190   -0.0517674 -0.030086 707.809
16 1202   -0.00430611 -0.0118287 889.407
16 1203   0.00441779 0.0118309 848.943
16 1204   0.00427653 0.0119049 861.68
16 1209   -0.00255312 0.018223 948.681
16 1210   -0.00129604 0.019132 968.023
16 1213   -0.0511075 -0.0172528 965.859
16 1214   -0.0499363 -0.0144619 969.553
16 1215   -0.0473727 -0.0139238 968.066
16 1216   -0.0457587 -0.0159622 966.788
16 1218   0.00568339 -0.0322628 683.336
16 1219   0.00568339 -0.0295255 716.332
16 1256   -0.0438921 -0.020997 964.664
16 1257   -0.0459611 -0.0190129 969.381
16 1306   -0.0399386 -0.029603 947.647
16 1307   -0.0417901 -0.0282822 943.618
16 1308   -0.0415245 -0.0261909 966.177
16 1309   -0.0385725 -0.0260895 964.918
16 1310   -0.0401706 -0.0254726 965.433
16 1311   -0.0362517 -0.0247511 935.015
16 1312   -0.037689 -0.025337 946.739
16 1313   -0.0384416 -0.0240822 905.228
16 1314   -0.00212014 -0.0127343 966.338
16 1315   -0.00298484 -0.018045 966.449
16 1316   -0.00123662 -0.018476 969.218
16 1317   -0.000564088 -0.017264 969.457
16 1318   -0.00355778 -0.0158098 969.526
16 1319   -0.00295165 -0.0168959 969.258
16 1320   -0.00165193 -0.016598 969.364
16 1321   -0.00154407 -0.0155579 969.432
16 1322   -0.00135041 -0.0137439 969.13
16 1323   -0.00078089 -0.0140405 968.462
16 1324   -0.000629809 -0.0152006 968.888
16 1325   -0.000517087 -0.0146291 968.365
16 1326   -0.00194694 -0.0141697 969.539
16 1327   -0.00212947 -0.0151008 969.626
16 1328   -0.00284347 -0.0150547 969.508
16 1329   -0.00322986 -0.0137372 968.647
16 1330   -0.00290374 -0.0143176 969.308
16 1331   -0.00241814 -0.0139296 969.649
16 1332   -0.00292756 -0.0133398 969.636
16 1333   -0.00235385 -0.0131022 968.743
16 1334   -0.00247284 -0.0135091 969.559
16 1335   -0.00264311 -0.0129111 968.118
16 1336   -0.00297402 -0.0129546 969.475
16 1337   -0.00339915 -0.0124971 969.252
16 1338   -0.00318637 -0.012681 969.09
16 1340   -0.00221875 -0.0123327 957.955
16 1344   -0.00264551 -0.0126012 962.547
16 1345   -0.00257867 -0.0121779 936.564
16 1346   -0.00245486 -0.0123908 954.461
16 1347   -0.00302233 -0.0125492 964.459
16 1348   -0.00281239 -0.0125129 959.382
16 1349   -0.00277074 -0.0122783 940.18
16 1350   -0.00292228 -0.0122231 931.765
16 1351   -0.00307032 -0.0123658 953.911
16 1352   -0.00326986 -0.0121272 930.433
16 1353   -0.00328169 -0.0122919 957.76
16 1355   -0.00308354 -0.0120654 894.62
16 1356   -0.00294732 -0.0120875 903.217
16 1383   -0.0335356 0.0321349 966.198
16 1384   -0.0361131 0.0322883 958.269
16 1385   -0.0365418 0.0294999 966.096
16 1386   -0.0325809 0.0291932 969.434
16 1387   -0.0346811 0.0278757 969.005
16 1546   -0.00600911 -0.0334772 925.984
16 1549   0.00360879 0.0120394 966.626
16 1550   0.00349344 0.0120581 968.984
16 1577   -0.00871301 0.0334615 947.893
16 1596   -0.00258826 0.0253044 960.209
16 1597   -0.00138485 0.0237325 960.733
16 1649   -0.0417147 0.0219435 926.166
16 1650   -0.0410408 0.0235477 939.022
16 1651   -0.0396932 0.0233363 890.867
16 1652   -0.0404103 0.0199221 837.208
16 1653   -0.0398403 0.0221304 827.719
16 1654   -0.040894 0.0213338 877.972
16 1655   -0.0387866 0.021217 668.649
16 1656   -0.0389766 0.019911 712.194
16 1666   0.00738176 -0.0103218 607.616
16 1670   0.00744088 -0.0101176 169.631
16 1671   0.00732264 -0.0101796 446.38
16 1672   -0.00738176 0.0103744 664.81
16 1676   -0.00744088 0.0101351 225.513
16 1677   -0.00732264 0.0101971 488.96
16 1678   -0.0058851 -0.020333 786.322
16 1679   -0.00589368 -0.0195919 827.338
16 1680   -0.0066947 -0.0196644 736.276
16 1681   -0.00777076 -0.0209269 708.513
16 1682   -0.00695258 -0.0217029 777.37
16 1683   -0.00767854 -0.0218034 804.448
16 1684   -0.00664 -0.0208438 683.764
16 1685   -0.00704909 -0.0204558 518.248
16 1693   -0.0387633 -0.0216766 757.393
16 1694   -0.0384085 -0.020755 560.99
16 1695   -0.037263 -0.0209736 651.281
16 1717   -0.00968451 0.021511 889.077
16 1718   -0.00837431 0.0223559 856.784
16 1719   -0.00665229 0.0216087 760.922
16 1720   -0.00756238 0.0217711 787.063
16 1721   -0.00775871 0.0209261 673.789
16 1726   -0.00403772 0.012955 931.839
16 1727   -0.0035532 0.0121902 967.958
16 1728   -0.00341272 0.0127467 957.813
16 1729   -0.004326 0.0125294 914.119
16 1730   -0.0040304 0.0122677 927.845
16 1731   -0.00486181 0.011799 806.12
16 1732   -0.00492092 0.0121846 850.442
16 1733   -0.00466967 0.0123163 875.547
16 1734   -0.00421888 0.0119275 855.057
16 1737   -0.00449231 0.0119926 841.494
16 1738   -0.00458099 0.0117378 793.761
16 1744   -0.00698793 -0.0105349 853.987
16 1751   0.00733589 0.0103321 916.96
16 1752   0.00700766 0.0105041 869.686
16 1753   -0.0066836 0.0198917 587.153
16 1754   -0.00613039 0.020233 726.06
16 1755   -0.00712523 0.0205931 461.68
16 1756   -0.00657202 0.0209344 663.659
16 1797   -0.00732931 -0.0104893 901.115
16 1798   -0.00732931 -0.0102227 915.274
16 1811   -0.0404347 -0.0163465 918.227
16 1812   -0.0393272 -0.0150131 928.925
16 1813   -0.0381091 -0.0161155 904.257
16 1814   -0.0380537 -0.0185834 792.242
16 1815   -0.0386628 -0.0171989 872.188
16 1816   -0.0397703 -0.017699 877.944
16 1817   -0.0398923 -0.0193777 820.766
16 1818   -0.0387848 -0.0197109 703.442
16 1834   0.000628705 0.0128869 967.786
16 1835   0.000415575 0.0131986 969.12
16 1836   9.26265e-05 0.0129007 968.116
16 1839   0.000202676 0.0126057 957.21
16 1840   0.000408836 0.0125722 964.232
16 1848   -0.0517675 0.0337472 671.839
16 1854   -0.037482 0.0213222 687.99
16 1855   -0.0360467 0.0205146 797.468
16 1856   -0.035251 0.0215437 867.631
16 1857   0.00386359 -0.0126032 935.179
16 1858   0.00425658 -0.0127176 916.168
16 1859   0.00421586 -0.0121277 865.573
16 1860   0.00447701 -0.012396 879.684
16 1861   0.00362332 -0.0121106 959.531
16 1862   0.00376928 -0.0122862 941.705
16 1863   0.00390112 -0.0121324 932.268
16 1866   0.00382105 -0.0119461 965.193
16 1867   0.00368928 -0.0119675 965.966
16 1924   -0.00696021 0.0184711 806.312
16 1925   -0.00696021 0.0193044 733.189
16 1985   -0.0407162 -0.0219813 876.397
16 1986   -0.0395325 -0.0220854 816.427
16 1987   -0.0411853 -0.0232466 933.769
16 1988   -0.0394098 -0.0234027 886.906
16 1989   -0.0402552 -0.0240406 934.821
16 2021   -0.0381376 0.0253366 948.497
16 2022   -0.0387255 0.0239326 902.791
16 2023   -0.0365822 0.0247504 933.966
16 2024   -0.0363924 0.0230533 878.708
16 2025   -0.0375679 0.0228319 833.995
16 2052   -0.0365521 -0.0205128 756.888
16 2053   -0.0354853 -0.0205128 836.042
16 2057   -0.00474736 0.0210862 851.749
16 2058   -0.00361929 0.0194011 913.676
16 2059   -0.00531399 0.0201247 803.81
16 2060   -0.00478762 0.0192255 859.747
16 2075   -0.00584907 0.0252758 965.877
16 2076   -0.00407364 0.0246616 968.613
16 2077   -0.00410048 0.0234212 952.826
16 2090   -0.0364316 -0.0236056 897.067
16 2091   -0.0360387 -0.0225695 865.125
16 2092   -0.0376153 -0.0235015 873.662
16 2093   -0.037045 -0.0220046 793.841
16 2094   -0.0378142 -0.0224133 803.223
16 2174   -0.0497796 0.0215412 941.787
16 2175   -0.0470592 0.0187197 968.613
16 2176   -0.0444667 0.0210705 968.738
16 2177   -0.0477393 0.0215057 954.71
16 2178   -0.0463791 0.0200949 967.919
16 2203   0.00566709 0.0262987 807.474
16 2207   0.00216632 0.021603 935.762
16 2208   0.00416601 0.0247588 884.006
16 2209   0.00048576 0.0235053 939.786
16 2210   0.00131619 0.0252846 909.684
16 2211   0.00482966 0.0215864 911.225
16 2212   0.00599892 0.022963 893.598
16 2213   -0.00690881 0.0132264 869.51
16 2214   -0.00690881 0.0140598 884.294
16 2279   -0.0380699 0.0190849 763.323
16 2280   -0.0380699 0.0182516 817.914
16 2320   -0.0433856 0.0284772 920.575
16 2321   -0.0455215 0.0298271 864.831
16 2322   -0.0500788 0.0324621 685.482
16 2323   -0.0486137 0.0337149 688.278
16 2324   -0.048899 0.0286391 796.891
16 2325   -0.0508113 0.0299566 714.802
16 2326   -0.0445037 0.0323974 825.136
16 2327   -0.0464161 0.0337149 725.618
16 2371   0.00139372 -0.0228348 945.921
16 2372   -0.000141502 -0.0242859 947.25
16 2373   -0.000770943 -0.0200534 969.2
16 2374   0.000798608 -0.0202993 966.086
16 2375   -0.0026415 -0.0231545 966.182
16 2376   -0.00267583 -0.0214575 960.069
16 2389   -0.0495939 -0.0261235 876.364
16 2390   -0.0515313 -0.0238512 903.697
16 2391   -0.0472327 -0.0244264 927.264
16 2392   -0.0477775 -0.0209015 957.09
16 2393   -0.0501388 -0.0201416 952.24
16 2413   -0.00952769 0.0205037 859.206
16 2414   -0.00841382 0.0205037 766.947
16 2415   -0.00383452 -0.0122373 962.558
16 2416   -0.00398782 -0.0119215 928.922
16 2417   -0.00417096 -0.0119808 914.322
16 2418   -0.00415099 -0.012183 930.306
16 2419   -0.00359496 -0.0119626 955.119
16 2420   -0.00354184 -0.0120633 958.698
16 2421   -0.00369102 -0.0121282 969.207
16 2422   -0.00388014 -0.0120041 960.349
16 2423   -0.00377338 -0.0120675 967.834
16 2424   -0.00371491 -0.0119878 969.413
16 2427   -0.00386178 -0.0119179 963.828
16 2428   -0.00378157 -0.0119309 969.201
16 2432   -0.0378492 0.0336825 940.949
16 2434   -0.041909 0.0336825 890.498
16 2435   -0.0401085 0.032365 921.022
16 2459   -0.0439777 -0.0232514 967.772
16 2460   -0.0448254 -0.0262762 932.552
16 2461   -0.0455019 -0.0247922 943.061
16 2462   -0.0425392 -0.023965 967.596
16 2463   -0.042963 -0.0254774 962.636
16 2489   -0.0481688 -0.0324826 703.707
16 2490   -0.0476966 -0.029841 785.242
16 2491   -0.045971 -0.0337111 740.277
16 2492   -0.043902 -0.0323619 851.78
16 2493   -0.0453915 -0.0283994 896.985
16 2494   -0.0437947 -0.0296918 900.988
16 2508   -0.0376851 -0.0336508 942.837
16 2511   -0.0397912 -0.0323015 925.592
16 2512   -0.04175 -0.0336508 893.66
16 2518   -0.0150237 0.0336287 967.885
16 2519   -0.0175261 0.030886 969.61
16 2520   -0.0151392 0.0279006 969.562
16 2521   -0.0114556 0.0291048 968.216
16 2522   -0.011257 0.0320902 962.799
16 2528   -0.0460964 0.0121861 964.553
16 2529   -0.0487175 0.00988728 965.196
16 2530   -0.0512392 0.0116292 968.202
16 2531   -0.0472579 0.0145978 968.46
16 2532   -0.0498789 0.0147989 969.577
16 2556   -0.0259048 0.0325 969.645
16 2559   -0.0204406 0.0322573 969.66
16 2560   -0.0226615 0.0297573 969.515
16 2575   0.00691537 0.0185612 917.741
16 2576   0.00574611 0.0199093 916.804
16 2577   0.00416311 0.0186275 933.761
16 2578   0.00580873 0.0163763 922.493
16 2579   0.00422573 0.0166527 937.061
16 2580   -0.00173366 0.0207646 967.709
16 2581   -0.00304373 0.0225541 959.519
16 2582   -0.00181349 0.0222226 969.404
16 2583   -0.00357903 0.0212617 922.281
16 2584   -0.00297733 0.0204758 939.19
16 2590   -0.0258073 -0.0325 969.634
16 2593   -0.0224692 -0.0297272 969.472
16 2594   -0.0203013 -0.0322272 969.656
16 2595   -0.0428103 0.0251084 965.978
16 2596   -0.0441705 0.0265191 937.163
16 2597   -0.046635 0.0252379 923.213
16 2598   -0.0445947 0.0231218 965.827
16 2599   -0.046507 0.0231866 950.406
16 2600   0.00706896 -0.0134544 906.013
16 2602   0.00672472 -0.0127959 876.86
16 2603   0.00715576 -0.0124602 859.147
16 2606   -0.0148049 -0.027795 969.498
16 2607   -0.0149388 -0.0336136 968.246
16 2608   -0.0173399 -0.0308407 969.636
16 2623   -0.00446705 -0.0320314 915.602
16 2624   0.000483302 -0.0321857 792.444
16 2625   -0.00133331 -0.0335543 840.45
16 2626   -0.00406269 -0.0268594 958.171
16 2627   -0.00564939 -0.0287846 952.434
16 2628   -0.000928947 -0.0270137 923.396
16 2629   0.000618089 -0.029093 874.298
16 2644   -0.00609908 0.02195 804.727
16 2645   -0.00518899 0.0217876 843.695
16 2646   -0.00598749 0.0229927 878.531
16 2647   -0.0050774 0.0228303 900.757
16 2648   0.00476743 0.0338337 680.639
16 2649   0.00658914 0.031501 682.542
16 2650   0.00202926 0.0323989 725.715
16 2651   0.00201807 0.0295293 794.152
16 2652   0.00475624 0.0286314 743.957
16 2689   -0.00833629 0.024383 940.352
16 2690   -0.00799283 0.0232592 895.39
16 2691   -0.00695773 0.0247597 949.676
16 2692   -0.00661427 0.0236358 907.565
16 2703   -0.00277461 0.0320786 891.17
16 2704   -0.00497264 0.0335134 910.556
16 2705   -0.00637705 0.0319749 933.014
16 2706   -0.001981 0.0291053 907.687
16 2707   -0.00310957 0.0274631 941.103
16 2708   -0.00715227 0.0281226 964.818
16 2709   -0.00597116 0.0265841 968.525
16 2710   -0.00589815 0.0296671 945.848
16 2711   -0.00471704 0.0281286 950.72
16 2783   -0.043348 0.0160381 952.505
16 2784   -0.0457486 0.0175789 968.355
16 2785   -0.045848 0.0160381 967.142
16 2786   -0.0429229 0.0190223 941.666
16 2787   -0.0438185 0.0179138 955.953
16 2788   -0.0426787 0.0172439 941.917
16 2789   -0.0404964 0.0180119 888.067
16 2790   -0.0407902 0.0190198 878.282
16 2791   -0.0416362 0.0178484 920.39
16 2792   -0.04193 0.0188564 918.293
16 2793   -0.00441727 0.0167289 915.48
16 2794   -0.00696021 0.0163877 880.567
16 2795   -0.00490566 0.0150965 915.8
16 2796   -0.00636902 0.0150308 895.635
16 2797   -0.00642042 0.0177754 849.619
16 2798   -0.00534083 0.0180509 868.53
16 2856   -0.0306269 -0.0233014 958.061
16 2857   -0.0272685 -0.02125 963.051
16 2858   -0.0253727 -0.02375 967.174
16 2859   -0.0280385 -0.0272757 968.545
16 2860   -0.0304103 -0.026827 967.533
16 2873   -0.0123207 -0.0321589 966.093
16 2874   -0.0123703 -0.0291132 969.165
16 2875   -0.00856027 -0.0320225 953.122
16 2876   -0.00982778 -0.0335454 956.54
16 2877   -0.00919195 -0.0264232 968.374
16 2878   -0.00787482 -0.027946 967.679
16 2879   -0.0105608 -0.0282154 969.278
16 2880   -0.00924364 -0.0297382 964.787
16 2894   -0.0378206 -0.0273915 969.483
16 2895   -0.0383292 -0.0288658 964.4
16 2896   -0.0358096 -0.0286157 969.24
16 2897   -0.0363182 -0.03009 965.064
16 2925   -0.0274471 0.02125 962.858
16 2926   -0.0255935 0.02375 967.168
16 2927   -0.0307598 0.0233082 957.832
16 2928   -0.0305625 0.0268374 967.591
16 2929   -0.0281893 0.0272791 968.596
16 2930   -0.00917277 -0.0204886 844.322
16 2931   -0.00826883 -0.0204886 767.405
16 2941   -0.0511398 0.0167101 967.586
16 2942   -0.0497796 0.0184203 964.248
16 2943   -0.0511398 0.019831 953.26
16 2948   -0.0382836 0.0289179 963.551
16 2949   -0.0391896 0.0276004 967.271
16 2950   -0.0401142 0.0303887 937.664
16 2951   -0.0410202 0.0290712 942.422
end
