714
52 324   -0.00466517 0.00109473 788.405
52 325   -0.00667203 0.00219078 776.355
52 326   0.00530634 -0.00234959 795.581
52 327   -0.0026148 0.00223044 810.144
52 328   -0.00466344 -0.00122577 770.204
52 329   0.00334773 -0.00112095 796.118
52 330   0.00142429 -0.00447635 819.794
52 331   -0.0026124 -0.00226716 782.736
52 332   -0.000636192 -0.0011506 796.48
52 333   -0.000636859 0.0010265 800.141
52 334   0.00133948 -0.0022435 806.012
52 335   -0.0026091 -0.00444749 774.243
52 336   0.00331503 0.00101953 781.08
52 337   0.00129197 0.00424422 784.88
52 338   0.00130612 0.00207409 791.347
52 339   0.00354306 0.00707923 758.154
52 340   -0.00670753 0.00438284 823.87
52 341   0.00319903 0.0050913 767.359
52 342   0.00512988 0.00210673 760.802
52 343   -0.000516881 0.00520002 806.141
52 344   -0.00248067 0.00423382 831.605
52 345   0.00701455 -0.00141333 755.924
52 346   -0.00843031 0.00102491 731.031
52 347   0.00509791 -0.00438344 840.686
52 348   -0.00637549 -0.00228706 749.583
52 349   -0.00841744 0.0054406 813.826
52 350   0.00931648 -0.00363769 739.767
52 351   0.00502803 0.00400836 760.805
52 352   0.000235645 0.00815494 755.667
52 353   0.00873059 -0.00505444 782.864
52 354   -0.000758158 0.00681985 806.066
52 355   0.00849685 -0.00211836 738.002
52 356   -0.00533348 0.00542263 873.136
52 357   -0.00378857 0.00529532 863.601
52 358   -0.00791381 -0.00172426 726.475
52 359   -0.00975361 0.00501488 750.561
52 360   0.00665576 0.00152632 743.226
52 361   -0.00861508 -0.000629251 716.869
52 362   0.00720189 0.000286831 737.43
52 363   -0.00839353 0.00715428 876.927
52 364   0.00620755 -0.00541674 864.353
52 365   0.00803453 0.00423325 762.448
52 366   0.00962959 -0.000855268 709.811
52 367   0.00731239 -0.00550467 848.73
52 368   -0.00736248 0.00767757 908.919
52 369   0.0108047 -0.00107656 700.289
52 370   -0.00559452 0.00684782 903.684
52 371   0.00781535 0.00240793 727.414
52 372   0.00948846 0.000271939 705.716
52 373   0.00854307 0.00070901 714.517
52 374   0.00827953 0.00328923 739.459
52 375   0.00790622 -0.00756566 896.412
52 376   -0.00998206 -0.00108607 699.651
52 377   0.00571572 -0.00677154 901.876
52 378   -0.00452007 0.00741438 910.96
52 379   -0.00629561 0.00749262 917.83
52 380   -0.00887574 -0.00261336 713.342
52 381   0.00725388 -0.00690922 894.715
52 382   0.00870277 0.00176705 710.819
52 383   0.00646315 -0.00739502 913.628
52 384   0.0102621 0.000964307 696.234
52 385   -0.00886059 -0.00337473 734.026
52 386   0.00510258 -0.00840295 947.16
52 387   -0.00463372 0.00823386 935.374
52 388   0.00950163 0.00211527 699.782
52 389   0.0110384 0.00095541 692.46
52 390   0.0114127 0.000425879 694.681
52 391   0.00941387 0.00339678 708.483
52 392   0.0114701 -0.000385134 695.696
52 393   0.00974854 0.00286369 695.445
52 394   -0.0059255 0.00838592 952.03
52 395   0.00632175 -0.00819826 943.434
52 396   0.0101156 0.00174959 693.007
52 397   -0.010107 -0.00186972 694.166
52 398   0.0048004 -0.00898806 962.625
52 399   -0.00533806 0.0085606 955.959
52 400   -0.00970193 -0.002302 697.392
52 401   0.00577714 -0.00854133 957.189
52 402   0.0106418 0.00211266 685.301
52 403   0.0103604 0.00293027 684.355
52 404   -0.00529026 0.00914177 968.836
52 405   0.011286 0.00158038 687.393
52 406   0.00584655 -0.00913092 968.862
52 407   -0.0106636 -0.00210121 686.602
52 408   0.00451623 -0.00995013 954.616
52 409   -0.0101431 -0.00264495 689.424
52 410   -0.00560802 0.00945201 957.601
52 411   0.0106396 0.00254492 681.945
52 412   0.0110358 0.00195234 684.198
52 413   0.00521391 -0.00939987 966.812
52 414   0.00558551 -0.00940434 961.136
52 415   0.0106424 0.00317578 679.569
52 416   -0.00614243 0.00994785 864.116
52 417   0.0116121 0.00172939 686.057
52 418   -0.0052901 0.00993921 874.856
52 419   0.00492768 -0.00991823 915.491
52 420   -0.0105541 -0.00248408 684.392
52 421   0.00514531 -0.00974684 934.397
52 422   -0.00553828 0.00980033 902.012
52 423   0.0109982 0.00268012 676.813
52 424   0.0112847 0.00221934 680.414
52 425   -0.00580281 0.0100218 840.272
52 426   -0.010769 -0.00293418 678.439
52 427   0.0044135 -0.0102237 926.733
52 428   0.00587504 -0.0101962 801.131
52 429   -0.010791 -0.00266063 680.019
52 430   -0.0111491 -0.0024635 679.083
52 431   0.0109966 0.00293598 675.116
52 432   0.011517 0.00209905 682.014
52 433   0.00561644 -0.0102706 769.155
52 434   -0.0110283 -0.00263839 677.675
52 435   -0.00535529 0.0102022 791.329
52 436   0.00501802 -0.0101744 833.639
52 437   -0.00575168 0.0102157 791.381
52 438   0.0112872 0.0024415 677.589
52 439   0.0112071 0.00258937 675.926
52 440   0.0116296 0.00225873 680.56
52 441   0.0112028 0.00297676 672.337
52 442   0.00559179 -0.0104437 688.202
52 443   -0.00555234 0.0102571 770.551
52 444   -0.00557014 0.0104169 698.245
52 445   0.0114615 0.00252858 676.196
52 446   -0.0058204 0.0103385 768.079
52 447   0.00545222 -0.0104913 594.368
52 448   0.0116158 0.00245284 678.132
52 449   0.0115671 0.0025302 676.723
52 450   0.0113509 0.0027096 673.476
52 451   0.0113605 0.00290321 670.926
52 452   -0.00548911 0.0104852 610.749
52 453   -0.00538037 0.0104677 625.795
52 454   -0.00567632 0.0104432 707.693
52 455   0.00545995 -0.0105988 415.042
52 456   0.0114503 0.00265112 674.226
52 457   0.0113898 0.00278937 672.058
52 458   0.0114022 0.00285145 671.057
52 459   0.0115255 0.00271726 673.296
52 460   0.00529204 -0.010574 456.614
52 461   -0.00550174 0.0105794 475.82
52 462   0.0116276 0.00264896 675.666
52 463   0.0115972 0.00271347 674.315
52 464   0.00536454 -0.0106254 326.991
52 465   0.0115031 0.00278214 671.847
52 466   -0.00542487 0.0106051 392.918
52 467   0.0115445 0.00283068 670.814
52 468   0.0115125 0.00287467 669.88
52 469   0.00534852 -0.0106794 153.471
52 470   -0.0054143 0.0106585 254.611
52 471   0.0116367 0.00276795 674.537
52 472   0.00529523 -0.010697 103.364
52 473   0.0115933 0.00284024 670.867
52 474   0.00536816 -0.0107078 61.2868
52 475   0.00531297 -0.0107571 2.53823
52 481   -0.00759845 0.00860091 935.108
52 483   0.00775884 -0.0084672 923.181
52 509   -0.00403699 -0.00559157 764.209
52 510   -0.00391412 -0.00747719 758.738
52 511   -0.00591353 -0.00726363 763.551
52 512   -0.00493642 -0.0079568 781.461
52 513   0.00598699 0.00690921 759.971
52 514   0.00500988 0.00760239 778.778
52 541   -0.000540833 0.00926442 734.203
52 597   0.000154114 -0.00559221 797.448
52 598   -0.00125029 -0.00553534 778.03
52 599   0.000496526 -0.00726279 789.846
52 600   0.000236248 -0.00937257 725.202
52 606   -0.00216801 0.00700438 856.813
52 607   -0.00323463 0.00644604 880.009
52 608   -0.00370509 0.00713991 898.057
52 609   -0.00302354 0.00769978 893.987
52 610   -0.00225339 0.00769672 864.811
52 611   -0.0031223 0.00830412 904.296
52 612   -0.00284936 0.00881892 907.265
52 613   -0.00400079 0.00989345 969.096
52 614   -0.00318329 0.00943869 943.033
52 658   0.00956966 -0.00605076 788.683
52 678   0.00140486 -0.00776415 815.545
52 679   0.00102668 -0.00904129 748.238
52 680   0.00141621 -0.00850515 797.406
52 682   0.00153064 -0.00948262 742.642
52 704   0.00466999 -0.0103433 851.953
52 705   0.00492456 -0.0103008 807.916
52 706   0.00480155 -0.0103509 818.713
52 707   0.00486119 -0.0104884 767.602
52 708   0.00501067 -0.010397 766.224
52 709   0.00495772 -0.0104797 746.881
52 712   0.00500342 -0.0105548 678.408
52 713   0.00672055 -0.00857696 956.231
52 714   0.00720966 -0.00865104 953.31
52 715   0.00620432 -0.00922723 966.953
52 716   0.00653371 -0.00901634 969.107
52 717   0.00642481 -0.0098316 887.216
52 718   0.00652347 -0.0095457 937.663
52 719   0.00625415 -0.00949866 947.422
52 720   0.00596361 -0.0100109 845.761
52 721   0.0061947 -0.00987729 878.429
52 722   0.00611629 -0.00969183 917.681
52 723   0.00571799 -0.00967962 925.569
52 724   0.00583698 -0.00990394 869.499
52 725   0.00593341 -0.00974686 907.246
52 726   0.00538058 -0.0098426 897.886
52 727   0.00566145 -0.0099025 871.369
52 728   0.00558166 -0.00977091 908.365
52 729   0.00549293 -0.0101462 801.921
52 730   0.00553679 -0.00997761 852.622
52 731   0.00538392 -0.00997076 861.275
52 732   0.00519712 -0.0101825 807.416
52 733   0.00537462 -0.0101941 791.47
52 734   0.0053055 -0.0100845 830.045
52 735   0.00531677 -0.0102962 762.905
52 736   0.0052157 -0.0102881 773.307
52 737   0.00534259 -0.0104169 680.802
52 738   0.00527781 -0.010473 630.627
52 739   0.00509033 -0.0104041 747.679
52 740   0.00516734 -0.0103668 749.177
52 741   0.00520364 -0.0104312 702.358
52 742   0.00506128 -0.0105249 673.385
52 743   0.00515801 -0.0104799 674.975
52 744   0.00509524 -0.010457 717.751
52 745   0.00511444 -0.0106302 482.767
52 746   0.00509801 -0.0105657 601.348
52 747   0.00515011 -0.0105299 614.68
52 748   0.00522854 -0.0105908 456.032
52 749   0.00517402 -0.0105679 537.288
52 750   0.00515906 -0.010621 458.684
52 751   0.00526197 -0.0106801 196.297
52 752   0.00523529 -0.0106377 357.562
52 753   0.00519187 -0.01065 370.297
52 755   0.00520147 -0.0106845 275.772
52 756   0.00523563 -0.0107004 169.215
52 762   0.00529401 -0.0107291 25.01
52 803   -0.0116405 -0.00275097 677.132
52 804   -0.0110099 -0.00194455 686.078
52 805   -0.0111635 -0.00217795 682.828
52 809   -0.0103132 0.00381481 730.527
52 810   -0.00972396 0.00163178 717.69
52 811   -0.0102352 0.00265534 721.679
52 812   -0.0113305 0.00196887 705.078
52 813   -0.0115574 0.000432474 697.879
52 814   -0.0104748 0.000757381 704.876
52 815   -0.0111637 0.00113325 699.421
52 816   -0.0105284 -0.00058873 698.751
52 817   -0.0105439 0.000151106 702.288
52 818   -0.0111933 -3.78884e-05 698.806
52 819   -0.0116392 -0.00102646 694.678
52 820   -0.0110176 -0.000959178 694.972
52 821   -0.011338 -0.000596269 696.866
52 822   -0.0111552 -0.00161995 689.179
52 823   -0.0111731 -0.0013634 691.537
52 824   -0.0114701 -0.00133619 691.955
52 827   -0.0114459 -0.00168144 688.709
52 828   -0.0116006 -0.00157914 690.171
52 829   -0.011371 -0.00201917 684.759
52 830   -0.0115081 -0.00184726 687.141
52 831   -0.0116504 -0.00192235 686.876
52 832   -0.0116409 -0.00221938 683.414
52 833   -0.0114479 -0.00213587 683.454
52 834   -0.0115788 -0.00205266 685.054
52 835   -0.011449 -0.00227961 681.519
52 836   -0.0115709 -0.00232557 681.549
52 837   -0.0114012 -0.00239633 679.703
52 838   -0.0113144 -0.00250059 677.978
52 839   -0.0115693 -0.00243336 680.073
52 840   -0.0114709 -0.00254891 677.536
52 841   -0.011465 -0.00246251 678.911
52 842   -0.0115439 -0.00256162 677.895
52 843   -0.011599 -0.0024982 679.426
52 845   -0.0116548 -0.00250974 679.922
52 846   -0.0116504 -0.00257324 679.094
52 862   -0.0116384 -0.00278104 677.116
52 868   -0.00633164 0.00880061 965.098
52 869   -0.00693772 0.00883065 963.639
52 870   -0.00633184 0.00955987 937.329
52 871   -0.00606196 0.00928554 964.815
52 873   -0.00674626 0.00947047 947.294
52 874   -0.00708246 0.00922618 968.355
52 878   0.00726737 -0.00912746 968.889
52 879   0.00681044 -0.00945878 946.555
52 880   0.00687051 -0.00920086 968.562
52 965   -0.0031129 -0.00838835 740.726
52 967   -0.00187696 -0.00759059 755.174
52 968   -0.000862085 -0.00818359 753.042
52 969   -0.000938954 -0.0092843 740.051
52 978   0.00266838 0.00834481 741.787
52 979   0.0015093 0.00864776 747.446
52 1029   0.00861233 -0.0074341 881.382
52 1030   0.00899526 -0.00688076 848.604
52 1076   -0.00608064 -0.00394282 756.655
52 1077   -0.00512072 -0.00512837 762.969
52 1078   -0.00597497 -0.00632082 758.829
52 1080   -0.00706486 -0.0058904 768.74
52 1083   -0.0083654 -0.00424069 768.115
52 1084   -0.00726935 -0.00463833 761.831
52 1086   -0.00143433 0.00916961 758.005
52 1087   -0.00191786 0.00859006 825.419
52 1088   -0.00241506 0.00910793 856.009
52 1320   0.00243139 -0.00735291 871.569
52 1321   0.00446889 -0.00778442 918.593
52 1322   0.00467509 -0.00700742 904.244
52 1323   0.00386109 -0.00551255 869.744
52 1324   0.00279323 -0.00573568 856.97
52 1325   0.00296528 -0.00786631 893.61
52 1326   0.0036208 -0.00794724 908.827
52 1327   0.00211494 -0.00867841 846.935
52 1328   0.00263747 -0.0084508 889.372
52 1329   0.00252151 -0.00925377 880.802
52 1330   0.00192585 -0.00931698 780.021
52 1331   0.00212062 -0.00904891 832.538
52 1334   0.00247566 -0.00950604 828.582
52 1335   0.00217783 -0.00953764 778.652
52 1370   0.0107162 -0.00343166 720.757
52 1371   0.0110717 -0.00213362 705.628
52 1401   0.00617542 0.00484419 758.239
52 1402   0.00719185 0.00476818 760.923
52 1403   0.00630179 0.00610369 756.509
52 1406   0.00715099 0.00627615 769.904
52 1407   0.00748546 0.00577922 774.291
52 1457   0.00530607 -0.0107347 11.3408
52 1458   0.00531411 -0.0107384 7.8684
52 1466   0.00362076 -0.0085722 922.689
52 1467   0.00416666 -0.0089945 952.43
52 1468   0.00409564 -0.00956294 965.305
52 1469   0.0030683 -0.00872773 909.088
52 1470   0.00294666 -0.0091602 917.564
52 1472   0.00323891 -0.00948488 947.206
52 1473   0.00361729 -0.00966132 959.87
52 1527   -0.00434418 0.00992984 964.838
52 1529   -0.00436558 0.0101873 943.138
52 1601   -0.00959989 -0.00350476 702.8
52 1602   -0.0104452 -0.00319902 682.776
52 1603   -0.0100562 -0.00308633 690.141
52 1609   -0.0109357 -0.00306209 675.603
52 1611   -0.0111041 -0.00280944 675.127
52 1612   -0.011131 -0.00302792 673.148
52 1613   -0.0110334 -0.00295959 674.765
52 1614   -0.011203 -0.00293576 672.819
52 1615   -0.0112004 -0.00281977 673.977
52 1616   -0.0112881 -0.00277721 673.712
52 1617   -0.0114236 -0.00260353 676.358
52 1618   -0.0113311 -0.0026214 675.988
52 1619   -0.0113292 -0.00271278 674.466
52 1620   -0.0114473 -0.00266636 675.275
52 1621   -0.0113962 -0.00272348 674.077
52 1622   -0.0114288 -0.00277452 673.018
52 1623   -0.0114447 -0.00284233 671.588
52 1624   -0.0115142 -0.00286857 670.75
52 1625   -0.0116176 -0.00271628 676.691
52 1626   -0.0116466 -0.00267041 677.924
52 1627   -0.0116218 -0.00261956 678.06
52 1628   -0.0115712 -0.00261947 677.273
52 1629   -0.0115684 -0.00270858 675.648
52 1630   -0.0115467 -0.00266263 676.182
52 1631   -0.0114968 -0.00267654 675.336
52 1632   -0.0114708 -0.00275944 673.373
52 1633   -0.0114877 -0.00271857 674.386
52 1634   -0.011535 -0.00273597 674.48
52 1635   -0.0115258 -0.00282641 671.869
52 1636   -0.0114984 -0.00278509 672.89
52 1637   -0.0115376 -0.00276858 673.705
52 1638   -0.0115634 -0.0028286 672.214
52 1639   -0.0115667 -0.0027912 673.584
52 1640   -0.0116112 -0.00279635 675.339
52 1641   -0.0116473 -0.00284294 683.578
52 1642   -0.0115936 -0.00285123 671.849
52 1643   -0.0116476 -0.00283197 679.234
52 1644   -0.0116218 -0.00282724 674.981
52 1645   -0.00532529 0.0106644 222.945
52 1646   -0.00533623 0.0107258 18.4605
52 1647   -0.00536412 0.0106754 170.014
52 1648   -0.00536141 0.0107075 66.9265
52 1649   -0.00419081 0.00856407 939.389
52 1650   -0.0036442 0.00856339 923.994
52 1651   -0.00396697 0.00942954 961.557
52 1652   -0.00359306 0.00918162 944.48
52 1653   -0.00490972 0.00919673 968.035
52 1654   -0.0043419 0.009193 962.397
52 1655   -0.0045146 0.00894576 958.334
52 1656   -0.00455822 0.00971519 966.748
52 1657   -0.00488427 0.00944566 968.566
52 1658   -0.00458976 0.00944228 969.322
52 1659   -0.00475298 0.00981698 951.526
52 1660   -0.00499269 0.00967108 954.646
52 1661   -0.00508772 0.00987127 911.49
52 1662   -0.00475427 0.00999088 924.488
52 1663   -0.00494175 0.0100435 884.733
52 1664   -0.00463571 0.0102958 872.65
52 1665   -0.00458091 0.0101466 918.554
52 1666   -0.00487157 0.0104677 767.01
52 1667   -0.00492292 0.0101919 842.084
52 1668   -0.00479025 0.0102886 839.641
52 1669   -0.00501546 0.0102975 794.143
52 1670   -0.00500305 0.0104503 742.543
52 1671   -0.00519922 0.0103136 766.406
52 1672   -0.00526316 0.0104239 698.763
52 1673   -0.00511468 0.0106213 501.329
52 1674   -0.00517151 0.010491 650.656
52 1675   -0.00509515 0.0105335 638.816
52 1676   -0.00531071 0.0106268 338.054
52 1677   -0.00523798 0.0105496 533.412
52 1678   -0.00536011 0.0105844 428.789
52 1679   -0.00532824 0.0105412 514.52
52 1680   -0.00517328 0.0106171 456.02
52 1681   -0.00522023 0.0105878 474.486
52 1682   -0.00526108 0.0106219 375.585
52 1685   -0.00518122 0.0106598 371.119
52 1686   -0.00524343 0.010649 325.589
52 1687   -0.00521341 0.0106906 252.407
52 1688   -0.00521052 0.0106577 341.015
52 1689   -0.00525437 0.0107134 100.424
52 1690   -0.00525509 0.0106739 249.195
52 1691   -0.00523755 0.0106898 222.541
52 1692   -0.00527415 0.0107065 99.8453
52 1693   -0.00527631 0.0106834 190.274
52 1694   -0.00529832 0.0106855 156.555
52 1695   -0.00531528 0.0107223 24.928
52 1696   -0.00528846 0.0107151 63.3885
52 1697   -0.00530387 0.010702 94.8336
52 1698   -0.00531522 0.0107527 4.09082
52 1701   -0.00529174 0.0107328 22.0261
52 1702   -0.00530755 0.010739 9.57726
52 1706   0.00533779 -0.0107298 13.5055
52 1709   0.00532114 -0.0107511 3.38384
52 1710   0.00532498 -0.0107372 7.83627
52 1722   0.0116559 0.00283828 740.193
52 1724   0.0116342 0.00280201 674.522
52 1727   0.0116212 0.00282198 673.455
52 1728   0.0116442 0.00284032 678.948
52 1766   -0.011292 -0.00295119 671.65
52 1767   -0.0114125 -0.00289498 670.97
52 1768   -0.0113309 -0.00287446 672.013
16 255   -0.0449779 0.00318595 908.974
16 256   -0.045157 -0.00300326 908.983
16 257   -0.0477803 -0.0217979 799.348
16 258   -0.0411387 -0.00655281 911.38
16 259   -0.0322715 -0.0324514 856.595
16 260   -0.0435112 -0.0297251 719.436
16 261   -0.0497157 -0.0177642 854.082
16 262   -0.000142952 0.0239013 747.478
16 263   -0.0384817 -0.00727769 914.416
16 264   0.00451391 -0.0226624 763.064
16 265   -0.00181081 0.0214947 847.755
16 266   0.0038975 0.0184764 734.695
16 267   0.00111601 -0.0181009 878.985
16 268   -0.000881148 0.0185346 839.504
16 269   0.00313881 -0.0194078 857.871
16 270   0.00114728 0.0175547 762.992
16 271   0.00538356 -0.017801 891.337
16 272   0.00675866 -0.0226523 753.516
16 273   -0.00275336 0.0173169 900.703
16 274   0.0017472 -0.0157702 897.437
16 275   0.000622294 -0.0142964 879.542
16 276   0.00675866 -0.0191483 859.213
16 277   0.00533825 -0.0157283 925.818
16 278   0.00156192 0.0154984 738.306
16 279   -0.00287969 0.015618 903.857
16 280   0.0037247 -0.0150043 925.113
16 281   0.00375364 0.0135572 718.248
16 282   -0.00575652 0.0156182 961.365
16 283   0.00347667 0.0151298 727.818
16 284   -0.00437063 0.015161 942.079
16 285   0.00607193 -0.0130785 956.52
16 286   -0.00423014 0.0139419 948.787
16 287   0.00504295 -0.013032 964.819
16 288   -0.00488183 0.0134747 966.996
16 289   0.0064292 -0.0122794 875.16
16 290   -0.00562912 0.0136142 969.029
16 291   -0.00724124 0.0121845 851.95
16 292   0.00686759 -0.0119541 834.38
16 293   -0.00686341 0.0128695 924.227
16 294   -0.0058268 0.0128643 945.81
16 295   -0.00630224 0.0126101 908.683
16 296   -0.00475059 0.0127023 966.947
16 297   -0.00686251 0.0116799 808.615
16 298   -0.0043024 0.0123158 965.163
16 299   -0.00531455 0.0124171 926.109
16 300   0.00729697 -0.0119119 830.456
16 301   -0.00630134 0.0119402 830.635
16 302   0.00729697 -0.0111387 773.873
16 303   0.00576933 -0.0118297 806.397
16 304   -0.00531493 0.0119257 846.674
16 305   -0.00596791 0.0116368 790.659
16 306   0.00653234 -0.0109762 779.974
16 307   0.00642798 -0.0113703 781.803
16 308   -0.00561283 0.0116798 790.423
16 309   -0.00499211 0.0116721 815.351
16 310   -0.00439472 0.011855 923.265
16 311   -0.00469312 0.0116986 855.958
16 312   0.00606464 -0.0113294 757.336
16 313   0.00584437 -0.0114636 755.807
16 314   0.00624207 -0.0107846 783.23
16 315   -0.00546139 0.0113363 710.982
16 316   -0.00510739 0.0113837 745.146
16 317   0.00590992 -0.011071 722.04
16 318   0.00561671 -0.0112434 681.934
16 319   0.005983 -0.0109203 745.053
16 320   0.00545798 -0.0112142 635.372
16 321   -0.00554699 0.0111614 643.935
16 322   0.00569249 -0.0110595 658.461
16 323   -0.00527877 0.0112939 686.826
16 489   0.00535686 0.0205018 719.176
16 491   0.00353692 0.0232348 709.744
16 492   0.00568006 0.0253855 692.197
16 501   -0.00512968 -0.0128389 747.786
16 502   -0.00631207 -0.0138861 815.933
16 503   -0.00572642 -0.0117626 753.014
16 504   -0.00690881 -0.0111431 835.909
16 505   0.00489096 0.0124845 740.049
16 506   0.00607334 0.0129618 763.519
16 507   -0.0443267 -0.0225631 852.194
16 508   -0.042988 -0.0255765 815.944
16 517   -0.0497787 0.0184183 842.846
16 518   -0.04731 0.0259417 724.568
16 519   -0.0511394 0.0239911 726.926
16 520   -0.0484181 0.0211677 806.429
16 521   -0.0440347 0.0244651 819.145
16 522   -0.0451427 0.0217716 854.02
16 524   0.00733749 -0.0102516 571.828
16 525   0.00680944 -0.0107055 790.456
16 526   0.00713446 -0.0107017 750.819
16 535   -0.00732625 0.0334772 757.915
16 536   -0.0100074 0.0304317 830.622
16 537   -0.00292769 0.0307225 714.265
16 538   -0.00297396 0.027273 751.4
16 539   -0.00615131 0.0267803 843.842
16 540   -0.00878614 0.0271842 868.304
16 542   -0.0410054 0.0310468 739.16
16 543   -0.0391945 0.0336823 745.018
16 544   -0.0387128 0.0282581 838.179
16 557   -0.0073289 0.0103179 614.626
16 567   -0.0138872 -0.0320175 860.681
16 570   -0.00460332 -0.0304437 756.866
16 571   -0.0100802 -0.0305262 840.592
16 572   -0.00736385 -0.0335087 772.339
16 573   -0.00876681 -0.0275025 868.193
16 574   -0.00587253 -0.02742 832.919
16 580   0.00154525 -0.0128935 900.546
16 581   0.00264728 -0.0130368 926.619
16 582   0.00370182 -0.0136738 948.1
16 583   0.0042864 -0.0132333 965.492
16 585   0.00274905 -0.012376 934.839
16 588   0.00324316 -0.0122958 954.79
16 589   0.00394155 -0.0121589 962.952
16 590   0.00372597 -0.012516 966.26
16 604   -0.0360478 -0.0260352 901.122
16 605   -0.0326876 -0.0236772 915.12
16 628   -0.0242348 0.0325 881.66
16 629   -0.02633 0.0225 904.945
16 630   -0.0297239 0.024558 906.496
16 631   -0.0221074 0.0247272 897.723
16 632   -0.0209212 0.0297272 886.397
16 633   -0.014322 0.0241817 902.7
16 634   -0.0161661 0.0322272 865.359
16 635   -0.0136774 0.0291817 870.969
16 637   -0.0195601 0.0222272 900.438
16 638   -0.0164336 0.0222272 903.101
16 647   -0.0040076 0.0221646 900.981
16 648   -0.0055171 0.0240784 896.489
16 649   -0.00183021 -0.0224317 861.713
16 650   -0.00113127 -0.0192927 878.254
16 672   -0.047157 0.0161293 889.831
16 673   -0.0473562 0.013037 898.084
16 674   -0.0423562 0.013037 914.867
16 675   -0.0386394 0.0173355 955.763
16 676   -0.0432963 0.0167981 911.583
16 677   -0.0410176 0.0154604 926.219
16 768   -0.00695017 0.0112461 783.793
16 769   -0.0073289 0.0110027 769.005
16 770   -0.0068156 0.0105869 791.46
16 771   -0.0071578 0.0106358 756.888
16 772   -0.00626438 0.010784 788.035
16 773   -0.0065897 0.011115 782.087
16 774   -0.00662624 0.0108227 789.155
16 775   -0.00607324 0.0112955 760.324
16 776   -0.00630495 0.0111726 772.078
16 777   -0.00615073 0.0109802 764.898
16 778   -0.00569702 0.0111518 685.841
16 779   -0.0058894 0.0111876 732.754
16 780   -0.00594863 0.0110185 738.783
16 782   -0.00581388 0.0109525 713.688
16 783   -0.00569861 0.0110129 667.062
16 888   0.00690881 0.0108582 853.965
16 889   0.00690881 0.0119551 804.701
16 897   -0.0403084 -0.024248 901.314
16 898   -0.0379856 -0.0246223 913.188
16 899   -0.0371086 -0.0222643 954.971
16 906   -0.0411462 0.0249969 880.229
16 907   -0.0391985 0.0261903 882.749
16 913   -0.00538868 -0.0212365 935.475
16 914   -0.00385177 -0.0231715 886.863
16 915   -0.00513963 -0.0249821 876.746
16 942   -0.0400714 0.0190122 955.844
16 943   -0.0423501 0.0186832 919.605
16 944   -0.0429354 0.0206988 903.468
16 945   -0.0396829 0.0216245 942
16 946   -0.0414075 0.0226423 909.287
16 955   -0.00562325 -0.0156355 853.986
16 956   -0.00543356 -0.019415 936.762
16 957   -0.00681119 -0.0175828 915.856
16 958   -0.00319771 -0.018211 888.527
16 959   -0.0033874 -0.0160982 843.654
16 960   -0.00328849 -0.012732 708.53
16 963   -0.00223503 -0.0142418 772.253
16 964   -0.000922959 -0.0136891 780.013
16 976   0.0014303 0.0129422 699.435
16 977   0.00274791 0.0127284 701.294
16 1006   -0.050157 -0.00544882 906.125
16 1009   -0.0485442 -0.0149833 889.448
16 1010   -0.0489855 -0.00941734 902.985
16 1011   -0.0513285 -0.0114736 896.295
16 1012   -0.0435751 -0.0109743 909.71
16 1013   -0.0464218 -0.0113932 903.784
16 1014   -0.0459806 -0.0144608 900.483
16 1015   -0.0421362 -0.0127693 913.9
16 1016   -0.0433703 -0.0152277 910.427
16 1017   -0.0396999 -0.0119603 919.255
16 1018   -0.0387182 -0.0134074 926.633
16 1019   -0.04237 -0.0198685 914.858
16 1020   -0.0420418 -0.0170892 920.674
16 1021   -0.0389928 -0.0207109 931.546
16 1022   -0.0405392 -0.0215623 939.424
16 1023   -0.0386079 -0.0180057 961.262
16 1024   -0.039826 -0.0160778 938.534
16 1033   -0.00424705 0.0186458 931.145
16 1034   -0.00608383 0.0206946 942.343
16 1035   -0.00457162 0.0205333 935.664
16 1036   -0.00575925 0.0174042 960.681
16 1037   -0.0067439 0.0185165 962.946
16 1043   -0.0510348 0.0324944 672.058
16 1046   -0.0472054 0.029859 691.495
16 1047   -0.0442751 0.0323646 696.725
16 1053   -0.0461689 -0.032367 684.359
16 1061   -0.0113352 0.0229317 915.094
16 1062   -0.0100205 0.0209772 946.143
16 1063   -0.00946934 0.0246842 905.485
16 1064   -0.00749458 0.023505 922.531
16 1065   -0.00749729 0.0217525 946.052
16 1066   0.00487141 -0.0123476 921.838
16 1067   0.00433045 -0.0121917 927.859
16 1069   0.00432453 -0.0118408 872.189
16 1070   0.00461952 -0.0116863 823.828
16 1105   -0.00181884 0.0147221 862.738
16 1106   0.00031698 0.0135409 717.475
16 1107   6.67667e-05 0.0146314 751.707
16 1108   -0.00337545 0.013575 921.322
16 1109   -0.00199978 0.0131513 839.212
16 1110   -0.00245508 0.0138981 888.915
16 1112   -0.00253348 0.0124992 870.646
16 1113   -0.0036807 0.0122945 946.049
16 1114   -0.00324955 0.0127748 917.09
16 1115   -0.0345585 0.021029 951.558
16 1116   -0.0329419 0.023087 921.55
16 1117   -0.0348522 0.0252982 909.141
16 1118   -0.0374426 0.0226435 951.585
16 1119   -0.0372196 0.0248548 912.464
16 1121   0.00671335 -0.0149199 950.63
16 1122   0.00671335 -0.0138018 968.037
16 1126   -0.00142463 -0.0305492 713.479
16 1127   -2.83498e-05 -0.0258803 750.834
16 1128   0.00343474 -0.0261738 712.896
16 1131   0.00385898 -0.0336142 675.539
16 1132   0.000217953 -0.0336142 691.355
16 1147   0.000229661 0.0322452 688.674
16 1150   0.0056832 0.0322561 671.693
16 1151   0.00386326 0.0295013 680.929
16 1189   -0.011715 -0.0230262 909.858
16 1190   -0.0094463 -0.0250025 901.354
16 1191   -0.00744499 -0.0220796 946.18
16 1192   -0.00735523 -0.0240559 908.374
16 1249   -0.0505646 -0.0249962 716.219
16 1250   -0.0490994 -0.0299101 683.377
16 1251   -0.0510348 -0.0325431 671.907
16 1271   -0.00144272 0.0128314 769.364
16 1272   -0.000783915 0.0129383 730.185
16 1303   -0.00926817 -0.0210087 950.157
16 1304   -0.0114471 -0.0210087 922.839
16 1337   0.00567949 -0.0322284 672.514
16 1338   0.00567949 -0.0294568 680.557
16 1343   -0.0329988 -0.0212257 934.559
16 1344   -0.035482 -0.0212257 960.017
16 1396   -0.0242685 -0.0325 882.747
16 1397   -0.0289094 -0.0299514 886.083
16 1398   -0.0186622 -0.0295175 885.849
16 1399   -0.0294626 -0.0249514 904.377
16 1400   -0.0260491 -0.0225 904.376
16 1412   -0.0146426 -0.0220175 905.312
16 1414   -0.0221386 -0.0225 900.479
16 1415   -0.0184623 -0.0245175 898.024
16 1474   -0.0405655 -0.0310371 748.698
16 1475   -0.0390492 -0.033679 747.567
16 1476   -0.0369431 -0.0284885 858.487
16 1477   -0.0354268 -0.0311305 834.315
16 1500   -0.0499779 0.00574039 905.982
16 1501   -0.0499779 0.0107438 899.365
16 1512   0.00484538 -0.0117285 814.063
16 1513   0.00538967 -0.0118499 811.658
16 1514   0.00509136 -0.0120389 859.271
16 1515   0.0050365 -0.0115317 767.39
16 1516   0.00534796 -0.0113521 699.173
16 1517   0.00526402 -0.0115568 762.17
16 1519   0.00520159 -0.0112846 673.991
16 1520   0.00503928 -0.0113696 726.855
16 1540   -0.0399779 0.0107174 916.498
16 1541   -0.0399779 0.00566126 911.878
16 1544   -0.00712216 0.0135711 959.17
16 1546   -0.00636332 0.0140616 969.338
16 1547   -0.00674116 0.0148506 968.817
16 1560   0.00666453 0.0146233 752.025
16 1562   0.00520517 0.0157185 738.159
16 1563   0.00604064 0.0170089 734.292
16 1572   -0.031488 0.033529 854.072
16 1573   -0.028102 0.031029 881.845
16 1574   -0.0295277 0.028087 892.426
16 1575   -0.0347955 0.0322113 826.307
16 1576   -0.033331 0.0277982 891.659
16 1577   -0.0352128 0.0294225 860.165
end
