574
16 231   -0.0449783 0.00325629 829.991
16 232   -0.0451575 -0.00292589 829.621
16 233   -0.0399783 0.00825633 848.681
16 234   -0.0477788 -0.0217785 714.435
16 235   -0.0398003 -0.0323018 697.283
16 236   -0.0322463 0.0320583 739.211
16 237   -0.0411399 -0.00645133 840.383
16 238   -0.00185071 0.0289003 690.129
16 239   -0.0435004 -0.0296603 689.034
16 240   -0.0497153 -0.0177534 742.263
16 241   -0.0384823 -0.00714353 851.442
16 242   -0.00504429 0.0133668 772.518
16 243   0.00528235 0.0132621 751.686
16 244   0.00230484 0.0159555 713.8
16 245   0.00353185 0.0137784 721.265
16 440   0.00560523 0.0252956 681.818
16 445   -0.00572642 0.0119601 807.092
16 447   -0.00690881 0.011856 879.248
16 448   -0.00572642 -0.0117626 772.46
16 458   0.00572642 0.011869 787.435
16 459   -0.0443199 -0.0225104 735.682
16 460   -0.0429715 -0.0254782 714.024
16 469   -0.00661321 0.01098 888.473
16 473   -0.0497796 0.0184202 735.44
16 474   -0.047315 0.0259432 691.596
16 475   -0.0511398 0.0239921 694.12
16 476   -0.0484193 0.0211706 716.664
16 477   -0.0440424 0.0244677 713.908
16 478   -0.0451467 0.0217756 732.32
16 487   -0.0139098 -0.0319548 737.011
16 490   -0.0100883 -0.0304323 724.455
16 491   -0.00736382 -0.0334774 703.367
16 492   -0.00871766 -0.0270927 737.922
16 493   -0.00571118 -0.0265039 720.083
16 504   -0.0355406 0.0307408 726.546
16 505   -0.0410146 0.0310475 694.83
16 506   -0.0392027 0.0336825 697.128
16 507   -0.0359688 0.0279524 747.148
16 508   -0.0387361 0.0282591 720.992
16 509   0.0062953 0.0205726 697.032
16 510   0.00440053 0.0232131 689.439
16 511   0.00526004 0.0180571 708.026
16 512   0.00285064 0.0180071 708.889
16 513   -0.000355422 0.0247089 696.571
16 514   0.00173382 0.0204461 703.619
16 515   0.00224845 0.0231367 693.526
16 516   -0.00156964 0.0231598 708.758
16 517   -0.000170468 0.0208768 709.851
16 520   -0.0345733 -0.0210258 902.627
16 521   -0.032942 -0.0230775 858.185
16 532   -0.00497734 0.0301196 699.238
16 533   -0.00740299 0.0333732 703.123
16 534   -0.0101668 0.0303611 724.097
16 535   -0.00643985 0.0269867 720.365
16 536   -0.00904249 0.0272282 737.407
16 538   0.00568172 -0.0308985 671.211
16 539   -0.00295366 -0.0321103 688.753
16 540   -0.00267166 -0.0284763 694.55
16 541   0.000649871 -0.0268147 687.836
16 542   0.00400443 -0.0277143 678.242
16 543   0.00424582 -0.0210635 699.35
16 544   0.00582272 -0.0239663 686.632
16 545   2.42185e-06 -0.0235463 700.562
16 546   0.00178008 -0.0215431 701.897
16 547   -0.0016472 -0.0219213 718.907
16 548   -0.00159189 -0.0195709 730.59
16 586   0.00220401 -0.0163574 718.743
16 587   -0.00060443 -0.0180502 722.467
16 588   0.00111792 -0.0183974 714.514
16 589   0.00309678 -0.0130038 725.236
16 590   0.000819361 -0.0135632 710.738
16 591   0.00193972 -0.0143877 719.193
16 604   0.0008854 0.0160676 712.328
16 605   0.0007948 0.0141043 706.898
16 606   -0.00315763 0.0136109 714.159
16 607   -0.000568039 0.0139232 703.35
16 608   -0.00179472 0.0148064 715.396
16 609   -0.00258976 0.0126208 699.045
16 610   -0.00127215 0.0128347 696.153
16 613   -0.0471585 0.016138 773.53
16 614   -0.0473572 0.0130556 793.821
16 615   -0.0423572 0.0130556 846.741
16 616   -0.0386398 0.0173365 906
16 617   -0.0432982 0.0168078 830.298
16 618   -0.0410187 0.0154682 870.245
16 622   -0.0147539 -0.0219548 805.448
16 637   -0.0243294 0.0325 756.445
16 638   -0.0289162 0.0295583 763.704
16 639   -0.0265134 0.0225 813.972
16 640   -0.0298297 0.0245583 815.709
16 641   -0.0223472 0.0247439 787.72
16 642   -0.0210766 0.0297439 763.225
16 643   -0.0148385 0.0242318 790.098
16 644   -0.0162775 0.0322439 743.976
16 645   -0.0138677 0.0292318 746.726
16 647   -0.0199622 0.0222439 795.18
16 648   -0.0170757 0.0222439 796.526
16 652   -0.0505635 -0.0249876 690.196
16 813   0.00690881 0.0117193 830.072
16 821   -0.0072044 0.0104126 948.129
16 822   -0.0072044 0.010928 915.185
16 824   -0.00690881 -0.0115598 843.473
16 825   -0.00690881 -0.0107264 878.149
16 827   0.00690881 -0.0133924 804.563
16 828   0.00434678 -0.0133157 759.844
16 829   0.00513523 -0.0119676 808.167
16 830   0.00602202 -0.0119514 841.405
16 831   0.00661321 -0.0125385 835.264
16 832   0.00631762 -0.0108437 886.467
16 833   0.00631762 -0.0112921 875.519
16 834   0.00705661 -0.0104006 944.704
16 835   0.00705661 -0.0109612 911.648
16 836   0.00676101 -0.0107796 906.824
16 838   0.0073522 -0.0107504 933.984
16 839   0.0073522 -0.0104139 958.836
16 850   0.0072044 0.0106247 896.337
16 851   0.00661321 0.0109345 850.874
16 855   -0.0370471 -0.0219477 923.578
16 856   -0.0402707 -0.0240415 788.145
16 875   -0.0411621 0.0249992 740.955
16 876   -0.0392263 0.0261919 745.167
16 877   -0.00664963 -0.0178412 879.395
16 878   -0.00327578 -0.0187143 767.004
16 879   -0.0040985 -0.0171979 779.652
16 880   -0.00579925 -0.0165156 825.842
16 881   -0.00664963 -0.0145078 812.256
16 882   -0.00546724 -0.0134607 767.604
16 883   -0.00350731 -0.015841 746.353
16 884   -0.00402567 -0.0141116 731.076
16 885   -0.00089788 -0.014321 708.854
16 886   -0.00169713 -0.0158366 723.162
16 888   -0.00171724 -0.013044 699.546
16 889   -0.00303486 -0.0128302 701.129
16 903   0.00140831 0.0130157 707.062
16 904   0.00272592 0.0128019 710.382
16 914   -0.0400734 0.0190142 909.395
16 915   -0.0423529 0.0186871 848.09
16 916   -0.0429405 0.0207029 792.252
16 917   -0.0396931 0.0216263 892.458
16 918   -0.0414205 0.0226453 801.266
16 948   -0.051035 0.0324945 670.09
16 951   -0.0472103 0.0298595 678.867
16 952   -0.0442803 0.032365 680.705
16 953   -0.00143622 0.0195622 725.84
16 954   -0.000781931 0.017439 721.181
16 955   -0.00209921 0.0163588 731.872
16 961   -0.0461686 -0.0323585 675.529
16 964   -0.051035 -0.032543 669.999
16 965   -0.0490985 -0.0299015 675.553
16 1021   0.000226864 -0.0336328 678.622
16 1022   0.00386343 -0.0336328 671.509
16 1028   0.000134176 0.0321539 679.494
16 1031   0.00567631 0.0322567 670.046
16 1032   0.00378155 0.0294106 675.333
16 1038   -0.00382184 0.0232244 735.892
16 1039   -0.00582274 0.0244867 749.604
16 1040   -0.0034311 0.020972 763.696
16 1041   -0.00532212 0.0203672 867.763
16 1042   -0.0501575 -0.00542502 817.209
16 1045   -0.0485441 -0.0149631 773.99
16 1046   -0.0489863 -0.00938746 806.822
16 1047   -0.0513288 -0.0114625 790.802
16 1048   -0.0435763 -0.0109133 831.259
16 1049   -0.0464228 -0.0113503 808.416
16 1050   -0.0459805 -0.014426 796.24
16 1051   -0.042137 -0.0127197 845.675
16 1052   -0.04337 -0.0151949 830.264
16 1053   -0.0397005 -0.011874 861.688
16 1054   -0.0387182 -0.0133486 874.08
16 1055   -0.0423641 -0.0198189 830.023
16 1056   -0.0420412 -0.0170657 856.735
16 1057   -0.0389704 -0.0205889 932.317
16 1058   -0.0405115 -0.0214067 875.675
16 1059   -0.0386077 -0.0180003 915.638
16 1060   -0.0398259 -0.0160651 887.69
16 1070   0.00646474 0.0164428 719.147
16 1071   0.00646474 0.0145358 743.074
16 1078   -0.00488965 -0.0237095 749.524
16 1079   -0.00335875 -0.0222398 742.696
16 1080   -0.00582691 -0.0201908 899.081
16 1081   -0.00415381 -0.0203817 801.849
16 1130   -0.0345925 0.0210291 901.209
16 1131   -0.0330004 0.0230874 858.857
16 1132   -0.0349034 0.025299 813.988
16 1133   -0.0374634 0.0226444 901.824
16 1134   -0.037255 0.0248561 815.071
16 1165   0.0072044 -0.0121168 868.992
16 1166   0.0072044 -0.0113322 900.809
16 1167   0.00690881 -0.011599 885.807
16 1168   -0.0104105 -0.0209774 871.571
16 1169   -0.0117716 -0.0229323 816.908
16 1170   -0.00939938 -0.0245927 787.254
16 1171   -0.00735781 -0.0216604 900.072
16 1172   -0.00721561 -0.0233209 820.661
16 1222   -0.0243311 -0.0325 756.555
16 1223   -0.0222938 -0.0225 797.941
16 1224   -0.0297931 -0.0245516 815.487
16 1225   -0.02652 -0.0225 814.254
16 1226   -0.0185593 -0.0244548 786.8
16 1227   -0.0187168 -0.0294548 760.155
16 1228   -0.0118219 0.0229818 814.733
16 1229   -0.00972669 0.0248489 784.376
16 1230   -0.00760989 0.0218671 895.956
16 1231   -0.00771977 0.0237343 812.236
16 1232   -0.00622668 0.0149294 828.535
16 1233   -0.00591783 0.0183427 875.745
16 1234   -0.00464451 0.0167259 797.615
16 1311   -0.0115132 0.0209939 848.642
16 1312   -0.00930814 0.0209939 892.413
16 1425   -0.0499783 0.00575716 816.523
16 1426   -0.0499783 0.0107572 797.513
16 1470   0.00523328 -0.0183524 711.365
16 1471   0.00385363 -0.0167921 720.902
16 1472   0.00621899 -0.0149336 757.583
16 1473   0.00483934 -0.0151342 741.031
16 1475   0.00681018 -0.0179939 714.893
16 1476   0.00681018 -0.0162329 735.477
16 1494   -0.0315108 -0.0335258 735.863
16 1495   -0.0281828 -0.0310258 756.731
16 1496   -0.0295762 -0.0280775 772.515
16 1497   -0.0365963 -0.0308276 717.129
16 1498   -0.0324068 -0.0291033 755.9
16 1499   -0.0334015 -0.0320516 730.924
16 1500   -0.0346708 -0.0252542 817.075
16 1501   -0.0368507 -0.0280043 739.702
16 1502   -0.0343525 -0.0277542 762.642
16 1503   -0.0383474 -0.0254003 783.254
16 1504   -0.0366648 -0.0241244 855.982
52 246   0.00143368 0.0022465 698.43
52 247   -0.000625801 0.00110834 698.238
52 248   -0.00263712 -0.00227727 698.09
52 249   -0.00065019 -0.00111487 698.254
52 250   -0.00461918 0.00104853 695.809
52 251   0.00155074 0.00439969 700.564
52 252   0.00324247 -0.00113895 696.495
52 253   0.00331483 0.00112526 696.44
52 254   -0.0045207 -0.00124847 695.755
52 255   -0.00659887 0.00193269 694.001
52 256   -0.00257706 -0.00440913 700.474
52 257   -0.0104857 0.00287243 689.602
52 258   -0.000689753 -0.00542652 702.087
52 259   -0.00995345 0.00089149 687.946
52 260   -0.00807355 0.000466712 691.098
52 261   0.00682967 0.000898817 691.145
52 262   0.00676686 -0.00093412 691.84
52 263   0.00510261 0.00204523 694.355
52 264   0.00496745 -0.00205192 694.988
52 265   -0.00620528 -0.00223476 693.386
52 266   0.00820068 0.00209996 688.404
52 267   0.00327161 0.00532838 701.944
52 268   0.00353549 0.00720453 708.468
52 269   0.0102125 -0.00130555 685.799
52 270   -0.00408806 -0.00537511 701.843
52 271   -0.0039956 -0.00721711 710.025
52 272   -0.00777844 -0.00140375 690.802
52 273   -0.00694727 0.0036077 694.93
52 274   -0.00649992 -0.00387886 693.027
52 275   0.00791532 -0.00196534 690.736
52 276   -0.00567005 -0.00495264 697.117
52 277   0.00540766 0.00365409 694.986
52 278   0.00516593 -0.00364698 695.891
52 279   0.00439227 -0.00488961 697.982
52 280   -0.00616444 0.00486916 696.777
52 281   0.00469514 0.00478015 698.849
52 282   -0.00950365 0.00426842 691.344
52 283   -0.0102273 -0.00249008 686.079
52 284   -0.00891463 -0.00249451 688.602
52 285   0.00906045 -0.00199113 688.917
52 286   0.00786465 0.00372572 688.486
52 287   0.00658528 -0.00416342 694.792
52 288   -0.00831332 0.00421679 694.284
52 289   0.00753525 -0.00359959 692.975
52 290   0.01055 0.00375409 684.416
52 291   0.00679868 0.00413344 691.419
52 292   0.00542177 -0.00586752 697.37
52 293   -0.0065461 -0.0060895 697.705
52 294   0.0100667 -0.00419133 688.399
52 295   -0.00788696 -0.00425656 689.014
52 296   0.00846478 -0.00429297 692.704
52 297   0.00655065 -0.00536619 696.064
52 298   0.0100257 -0.00544566 691.197
52 299   -0.00872851 -0.00370323 688.225
52 300   0.0092547 -0.00357746 690.169
52 301   -0.0107545 -0.00368179 685.71
52 302   -0.00718665 0.00581422 697.572
52 303   0.00853071 -0.00537611 695.401
52 304   -0.010005 0.00546725 692.779
52 305   -0.00811498 0.00542406 697.178
52 306   0.00654947 -0.00723582 693.852
52 307   0.00927957 -0.00591494 697.011
52 308   0.00990474 0.00443944 685.787
52 309   0.00722148 -0.00591162 696.723
52 310   0.00856901 0.00446487 686.212
52 311   -0.00819652 -0.0051431 686.565
52 312   0.00798106 -0.00591415 697.66
52 313   -0.0094633 -0.00433406 687.159
52 314   -0.0101766 -0.00431705 687.421
52 315   -0.00750458 -0.00607898 686.405
52 316   -0.00936647 0.00599178 698.493
52 317   -0.00866678 0.00600023 699.522
52 318   0.00922633 0.00453368 685.462
52 319   0.00712451 -0.00669663 697.417
52 320   0.00831739 0.00522607 685.049
52 321   -0.00796202 -0.00566433 685.25
52 322   0.0103311 0.00511627 686.832
52 323   0.00930537 -0.00672222 704.13
52 324   -0.0104337 -0.00498661 688.884
52 325   -0.0080455 0.00689331 703.49
52 326   -0.00935277 -0.00499223 686.59
52 327   -0.00892754 -0.00524794 685.392
52 328   -0.00849017 0.00662782 703.728
52 329   -0.00756233 0.00789722 701.68
52 330   0.00817377 -0.00663446 701.047
52 331   -0.00952387 0.00661291 703.759
52 332   -0.00790008 -0.00662375 678.693
52 333   0.00770706 -0.00695547 700.283
52 334   0.00880463 0.00549915 683.266
52 335   0.00923124 0.00521526 684.419
52 336   0.00894672 -0.00693996 707.387
52 337   0.00759964 -0.00774566 700.868
52 338   0.00853931 -0.0069009 704.858
52 339   0.00782052 -0.00739098 702.339
52 340   -0.00799143 0.00777078 706.635
52 341   -0.00817223 0.007402 707.984
52 342   -0.00851193 -0.00605051 681.467
52 343   0.0086491 0.00629237 679.047
52 344   0.00996114 0.00544355 686.206
52 345   -0.00843522 -0.00643185 679.022
52 346   -0.00909536 -0.00572056 683.705
52 347   0.00885591 0.00591221 681.212
52 348   -0.0097455 -0.00532115 687.182
52 349   -0.0101132 -0.00533254 688.808
52 350   -0.00883371 -0.00661072 677.08
52 351   0.00953971 0.00544829 684.449
52 352   0.00892777 0.00657288 676.676
52 353   -0.00891424 -0.0060019 681.66
52 354   0.00905301 -0.0074193 719.218
52 355   -0.00882648 0.00694733 708.588
52 356   -0.00916049 0.00694087 709.185
52 357   0.00788527 -0.0080546 702.415
52 358   -0.0102212 -0.00575003 690.613
52 359   0.00922242 0.00600011 681.121
52 360   0.00821927 -0.00749477 707.546
52 361   0.00947961 0.00582009 683.144
52 362   0.00847134 -0.00732571 709.63
52 363   0.00875467 -0.00754875 721.409
52 364   -0.00853609 0.00749256 717.291
52 365   -0.00946663 -0.00582978 684.795
52 366   0.0100577 0.00577227 686.934
52 367   -0.00969154 -0.00568609 686.707
52 368   -0.0091962 0.00730821 717.955
52 369   -0.00996594 -0.00590645 689.212
52 370   -0.00874567 0.00730338 715.464
52 371   -0.00917653 -0.00625985 680.361
52 372   0.00974626 0.00594455 684.555
52 373   -0.0091727 -0.00648734 678.261
52 374   0.00816862 -0.00797084 707.254
52 375   0.00871304 -0.00778882 733.445
52 376   -0.00896031 0.00747353 724.063
52 377   -0.00821008 0.00803888 710.288
52 378   -0.00993859 -0.00613961 689.927
52 379   0.00828174 -0.00776568 710.77
52 380   -0.00860791 0.00775863 730.599
52 381   0.0102293 0.00589066 688.539
52 382   -0.00953837 -0.00608909 684.203
52 383   0.00977503 0.00614712 684.506
52 384   -0.009441 -0.00660894 677.985
52 385   -0.00942939 -0.00623782 682.107
52 386   -0.00894616 0.00770415 737.44
52 387   -0.0100502 -0.00630498 693.89
52 388   0.00849218 -0.0078367 722.26
52 389   0.0101237 0.00612784 689.148
52 390   0.0099809 0.00621203 687.945
52 391   0.00882078 -0.00794198 755.523
52 392   -0.00973594 -0.00617857 686.443
52 393   -0.00880333 0.00780008 744.264
52 394   0.00832296 -0.00810289 711.338
52 395   -0.00841193 0.00798172 724.179
52 396   -0.00958888 -0.00652415 680.86
52 397   -0.00853085 0.00791139 735.32
52 398   -0.00957345 -0.00638051 682.484
52 399   0.00848287 -0.00800557 726.691
52 400   -0.0097301 -0.00634014 685.934
52 401   0.00995858 0.00636148 688.881
52 402   -0.00882023 0.00795876 765.073
52 403   0.00858206 -0.00807923 748.312
52 404   -0.00816282 0.00819873 706.678
52 405   0.00965978 0.00662426 677.83
52 406   0.00869911 -0.00806352 772.651
52 407   0.0083423 -0.00821314 709.223
52 408   -0.00973029 -0.00657969 683.158
52 409   -0.00994034 -0.00642113 693.996
52 410   -0.0098229 -0.00641734 688.57
52 411   -0.0083303 0.00821338 711.783
52 412   -0.00864102 0.0080192 761.379
52 413   -0.00846253 0.0081216 730.908
52 414   -0.00873498 0.00802512 775.864
52 415   0.0100343 0.00642784 692.377
52 416   0.00975542 0.00658609 680.76
52 417   -0.00980766 -0.00651326 687.853
52 418   -0.00842816 0.00819341 722.515
52 419   -0.00996552 -0.00651216 699.137
52 420   -0.00874718 0.00812246 805.971
52 421   0.00873045 -0.00815274 807.401
52 422   -0.00977179 -0.00664792 682.985
52 423   0.00983297 0.00663857 682.48
52 424   -0.00850894 0.00824456 734.702
52 425   -0.00857085 0.00822224 766.58
52 426   -0.010008 -0.00654698 705.685
52 427   -0.00860995 0.00825419 796.877
52 428   -0.0086717 0.00829119 459.335
52 429   -0.0099797 -0.00665941 962.767
52 495   -0.00343111 0.00225158 697.44
52 496   -0.0019913 0.00223431 698.344
52 497   -0.00196519 0.0045036 700.168
52 498   -0.00495526 0.00496729 697.838
52 499   -0.00379763 0.00395941 698.248
52 500   -0.00301239 0.00508231 700.104
52 501   -0.00551592 0.00701403 696.602
52 502   -0.00478151 0.00602836 698.808
52 503   -0.00355854 0.00615202 701.061
52 571   0.00665004 -0.00782649 691.195
52 572   0.00717223 -0.00787218 698.105
52 690   0.00996141 0.00653689 695.082
52 691   0.00999987 0.00650527 694.733
52 695   0.00854556 -0.00816467 745.182
52 696   0.00853352 -0.00825255 732.087
52 697   0.00846572 -0.00820126 720.83
52 698   0.00847635 -0.00824755 719.178
52 699   0.00859612 -0.00819267 767.197
52 700   0.00857344 -0.00823426 754.603
52 703   0.00860955 -0.0082601 778.87
52 704   -0.00860402 0.00808949 766.394
52 705   -0.00857199 0.00817106 766.048
52 706   -0.00854445 0.00812157 750.466
52 707   -0.00869129 0.00814791 813.106
52 708   -0.00864209 0.00812087 785.462
52 709   -0.00862102 0.00815711 789.007
52 710   -0.00868793 0.00818529 835.107
52 711   -0.0086525 0.008183 819.54
52 712   -0.00865805 0.00825799 873.434
52 713   -0.00864257 0.0082289 836.961
52 714   -0.00986613 -0.00655352 691.474
52 715   -0.00990655 -0.00654863 695.946
52 716   -0.00984968 -0.00661462 689.059
52 717   -0.00988081 -0.00663771 691.667
52 718   -0.00994375 -0.0066451 706.973
52 719   -0.00991335 -0.00662128 698.896
52 720   -0.00992264 -0.00659331 700.543
52 721   -0.00996158 -0.00662619 728.198
52 722   -0.00997776 -0.00659006 713.654
52 723   -0.00995139 -0.00659992 709.882
52 724   -0.00997779 -0.00663909 876.765
52 725   -0.00998933 -0.00661695 744.608
52 768   0.00999232 0.00658665 703.018
52 770   0.00997309 0.00660246 704.875
52 771   0.00998695 0.00662608 723.297
52 772   0.00920063 0.00645655 677.481
52 773   0.00928847 0.00626394 679.471
52 774   0.00939335 0.00661438 676.207
52 775   0.00953264 0.00654293 677.841
52 776   0.00964407 0.00625077 682.392
52 777   0.00954368 0.00641987 679.55
52 778   0.00949222 0.00629871 680.271
52 779   0.0098324 0.00638133 685.375
52 780   0.0096673 0.00640833 681.363
52 781   0.00972377 0.00633553 683.031
52 782   0.00976721 0.00652356 682.363
52 783   0.00973658 0.00646286 682.208
52 784   0.00981947 0.00644808 684.941
52 785   0.00991235 0.00652047 690.025
52 786   0.00983809 0.00652833 685.285
52 787   0.00986212 0.00648925 686.628
52 788   0.00987753 0.00660683 686.956
52 789   0.00987086 0.00655912 687.084
52 790   0.00990578 0.00655999 690.301
52 791   0.00994496 0.0066063 698.387
52 792   0.00990434 0.00662135 689.99
52 793   0.00992057 0.00659406 692.925
52 797   0.00991449 0.0066483 690.315
52 800   0.00994171 0.00662599 699.033
52 801   0.00992747 0.0066407 694.015
52 802   0.00993721 0.00665279 696.311
52 803   0.00997122 0.00663504 721.195
52 804   0.00994879 0.00664504 702.25
52 805   0.0099541 0.00663112 704.173
52 808   0.00998175 0.00665431 798.013
52 809   0.00995983 0.00665055 709.309
52 810   0.00997207 0.00664843 737.95
52 842   0.00489978 0.00770132 724.737
52 890   -0.00313146 -0.00830824 707.902
52 905   0.00287968 0.00831964 707.382
52 906   0.00172442 0.00863682 708.242
52 919   -0.000439187 -0.00707133 704.305
52 920   -0.00112939 -0.00923246 709.521
52 921   -0.0016564 -0.00805453 706.376
52 922   0.00100401 -0.00762249 704.374
52 923   0.00200235 -0.0022569 698.037
52 924   0.000671517 -0.00222495 698.656
52 925   0.000571897 -0.00440473 700.495
52 926   0.00323884 -0.00494945 699.397
52 927   0.00228296 -0.0039157 699.047
52 928   0.00152249 -0.00495766 700.69
52 929   0.00184927 -0.0070395 703.741
52 930   0.0019529 -0.0060035 701.935
52 931   0.00300384 -0.00597932 701.163
52 932   0.003432 -0.00687771 702.674
52 933   0.00265767 -0.00741691 704.727
52 934   0.00350013 -0.00871094 712.915
52 935   0.0026854 -0.00845904 708.957
52 936   0.00412546 -0.0073304 703.047
52 937   0.00416585 -0.0081215 706.614
52 938   0.00568554 -0.00741692 696.126
52 939   0.00510703 -0.00688895 698.769
52 941   0.00471783 -0.00837944 707.06
52 942   0.00525596 -0.00811631 702.179
52 966   4.46318e-05 -0.00933518 705.85
52 969   0.00183382 -0.00916755 706.19
52 970   0.00096082 -0.0087084 704.489
52 983   0.000225981 0.00547865 702.055
52 984   -0.00119125 0.00558297 701.771
52 985   -0.000158221 0.0087917 705.207
52 986   0.000713404 0.00768104 705.474
52 987   -0.00178682 0.00923527 705.888
52 988   -0.00102742 0.00823265 704.503
52 989   -0.00157302 0.00722631 703.975
52 990   -0.00346038 0.00705714 703.1
52 991   -0.00257609 0.00762214 705.277
52 992   -0.0034886 0.00875677 712.785
52 993   -0.00262688 0.0085726 709.139
52 994   -0.00489315 0.00745044 699.96
52 995   -0.00403801 0.00811906 706.404
52 996   -0.00406058 0.0073699 703.061
52 998   -0.00460152 0.00833117 706.544
52 999   -0.00513964 0.00806804 701.425
52 1175   -0.011026 -0.000303872 687.071
52 1176   -0.0109161 -0.00164521 686.788
52 1181   0.0107783 -0.00358424 688.076
52 1182   0.0111183 -0.0022848 686.057
52 1202   -0.00626846 0.00724267 693.351
52 1203   -0.00713247 0.00758148 698.243
52 1204   -0.00743484 0.00694635 699.657
52 1205   -0.00694887 0.00664062 697.649
52 1208   -0.00673959 0.00784015 694.523
52 1209   -0.00636155 0.00780708 688.063
52 1368   0.0108239 -4.69645e-05 684.75
52 1369   0.00989436 0.00149982 685.927
52 1370   0.0108609 0.00250905 683.454
52 1392   0.00548237 0.00582548 701.196
52 1393   0.00631346 0.00712186 713.674
52 1394   0.00542313 0.00687049 710.676
52 1395   0.00665444 0.00636062 699.775
52 1396   0.00683323 0.00510221 692.02
52 1397   0.00622944 0.00566818 697.181
52 1398   0.00722264 0.00611249 691.08
52 1399   0.00791388 0.00549055 685.623
52 1400   0.00738127 0.00542083 688.947
52 1403   0.00758544 0.00650196 683.242
52 1404   0.00829081 0.0064984 678.781
52 1405   0.00797478 0.006163 682.343
52 1430   -0.00607662 -0.00702015 711.309
52 1431   -0.00510811 -0.00772529 725.723
52 1618   -0.00870348 0.00821952 865.591
52 1621   -0.00868257 0.00827511 883.764
52 1622   -0.00868354 0.00824632 896.276
52 1623   0.0086824 -0.00819654 828.976
52 1624   0.00864551 -0.00819636 805.606
52 1625   0.00869281 -0.00823998 876.003
52 1626   0.00866772 -0.00825096 873.565
52 1627   0.00863268 -0.00825047 813.907
52 1628   0.00864597 -0.00822832 824.676
52 1629   0.00867252 -0.00828635 938.432
52 1632   0.00864609 -0.00827343 843.541
52 1633   0.00866267 -0.00827383 888.811
end
