1135
52 156   -0.00274951 0.00236732 956.974
52 157   -0.000784249 0.00118886 957.904
52 158   0.00115787 -0.00222896 959.147
52 159   -0.000809747 -0.00111124 957.574
52 160   0.00110627 0.0023555 958.935
52 161   0.00296097 -0.00105386 953.615
52 162   0.00288387 0.00123051 952.79
52 163   0.00472452 -0.00194412 948.366
52 164   0.00455375 0.00235948 944.212
52 165   0.00613159 0.00129517 929.604
52 166   -0.000649441 0.00796144 969.077
52 167   -0.000814522 -0.00537742 967.303
52 168   0.00459593 0.00439743 949.657
52 169   0.00622526 -0.000724062 935.09
52 170   0.00433158 -0.00487403 959.941
52 171   0.000624988 0.00899183 962.326
52 172   0.00508362 -0.00357618 951.749
52 173   -0.00104404 -0.00692941 969.55
52 174   -0.000387701 -0.00806917 967.314
52 175   0.0065731 -0.00397279 943.874
52 176   -0.00702213 0.00633287 946.669
52 177   0.00673256 -0.00520393 944.869
52 178   -0.00135197 -0.00899032 953.635
52 179   -0.00149166 -0.00989671 944.174
52 180   0.00868078 -0.00424724 930.809
52 181   0.00759082 -0.00549852 931.395
52 182   -0.00792249 0.00586719 924.04
52 183   -0.00826996 0.00509725 918.605
52 184   0.00199444 0.0107908 939.457
52 185   -0.00865478 0.00699202 911.124
52 186   0.00859195 -0.00717145 916.867
52 187   0.00226124 0.0101346 918.644
52 188   0.00944402 -0.0042296 915.688
52 189   0.00829072 -0.00500607 917.483
52 190   -0.00229669 -0.0101571 915.384
52 191   -0.00850412 0.00632037 908.754
52 192   -0.0027729 -0.00978175 896.005
52 193   0.00857416 -0.00772539 932.691
52 194   -0.00894034 0.00527618 900.762
52 195   -0.00951803 0.00431323 914.854
52 196   0.00365074 0.0100044 844.381
52 197   0.00922162 -0.00687669 884.468
52 198   0.00867043 -0.00593089 903.085
52 199   0.00877812 -0.0053711 903.177
52 200   -0.00896837 0.00591381 892.189
52 201   0.00332088 0.0102399 852.273
52 202   -0.009345 0.00510791 886.298
52 203   0.00253602 0.0111173 916.658
52 204   -0.00956023 0.00478997 892.872
52 205   0.00927308 -0.00647993 863.082
52 206   0.00287328 0.0102734 882.092
52 207   0.00947693 -0.00486093 890.034
52 208   -0.0031718 -0.0101211 865.47
52 209   0.00905489 -0.00612107 884.322
52 210   -0.00355995 -0.0100857 845.196
52 211   -0.00937471 0.00603797 846.842
52 212   -0.00244117 -0.0106639 909.326
52 213   -0.00207946 -0.0112359 951.463
52 214   -0.00954315 0.00638781 814.874
52 215   0.00920109 -0.00524359 888.767
52 216   -0.00933858 0.00386909 939.744
52 217   -0.00311174 -0.0105753 853.455
52 218   0.00284871 0.0107472 875.643
52 219   0.00980409 -0.00501549 851.694
52 220   -0.00230784 -0.0109854 927.34
52 221   -0.00285732 -0.0107427 873.366
52 222   0.00944658 -0.00554324 849.321
52 223   0.00265689 0.0114396 934.58
52 224   0.00940808 -0.00586093 841.683
52 225   0.0034542 0.0106483 823.799
52 226   -0.00340313 -0.0107794 815.044
52 227   0.00967572 -0.00637014 789.262
52 228   -0.0099656 0.005017 848.656
52 229   -0.00964238 0.0054858 825.818
52 230   -0.00964406 0.00577823 800.239
52 231   0.00314355 0.0108495 839.587
52 232   0.00973601 -0.00541485 808.873
52 233   0.00966529 -0.00602798 782.784
52 234   -0.00288146 -0.0110565 870.734
52 235   -0.00262551 -0.0111739 910.725
52 236   0.010021 -0.0050024 833.189
52 237   0.00993673 -0.00556712 755.401
52 238   -0.00265269 -0.0113927 929.241
52 239   -0.00307517 -0.011199 838.916
52 240   0.00363261 0.0107877 798.385
52 241   -0.002462 -0.0115095 953.333
52 242   -0.00990431 0.0058685 737.9
52 243   0.00988558 -0.00644356 752.628
52 244   0.00987266 -0.00594561 737.642
52 245   -0.00988826 0.0054324 789.432
52 246   -0.00999626 0.00528155 801.825
52 247   -0.00220643 -0.0115412 961.468
52 248   0.00296532 0.011351 876.433
52 249   0.00318621 0.0110635 820.869
52 250   -0.00287794 -0.0114698 916.716
52 251   0.00996195 -0.00577615 729.192
52 252   0.0101289 -0.00547501 743.321
52 253   0.0100472 -0.00608472 708.534
52 254   0.0100497 -0.00624052 713.815
52 255   0.00309451 0.0112226 830.94
52 256   -0.00304446 -0.0113935 858.678
52 257   0.0101451 -0.00530965 771.803
52 258   -0.0101887 0.00538568 768.12
52 259   -0.0100486 0.00573092 724.695
52 260   -0.0100342 0.00558725 745.644
52 261   0.0101722 -0.00599169 694.838
52 262   0.0101364 -0.00583346 702.27
52 263   0.0102652 -0.00559167 715.461
52 264   -0.0101836 0.00553869 738.621
52 265   0.00323638 0.0113023 787.079
52 266   -0.00318822 -0.011469 815.627
52 267   -0.0101906 0.00577603 704.664
52 268   0.0102714 -0.00570169 702.246
52 269   -0.0102884 0.00560954 721.049
52 270   0.0102279 -0.00578744 697.008
52 271   0.0102755 -0.00602271 685.046
52 272   -0.010231 0.0058645 694.432
52 273   -0.0102811 0.00570322 707.106
52 274   0.00300257 0.0114991 899.69
52 275   0.00310602 0.0114864 864.672
52 276   0.00324236 0.0113929 774.97
52 277   0.00318785 0.0114553 812.295
52 278   -0.00329034 -0.0114401 721.942
52 279   0.0103186 -0.00593574 681.013
52 280   0.0103068 -0.00585869 685.712
52 281   -0.0103616 0.00573676 701.313
52 282   0.00333468 0.0114135 682.894
52 283   -0.0103177 0.00585186 688.462
52 284   -0.0103579 0.00579694 693.565
52 285   -0.0103553 0.00593154 678.793
52 286   0.00334161 0.0114683 590.581
52 287   0.0103761 -0.0059465 675.303
52 288   0.00324147 0.0114995 786.365
52 289   0.00330291 0.011492 695.54
52 290   -0.0103495 0.00588693 682.733
52 291   -0.00334384 -0.0114891 547.311
52 292   -0.0103911 0.00586191 683.546
52 293   -0.00338059 -0.0114846 366.507
52 294   -0.00345064 -0.0114907 2.82231
52 343   -0.00233328 0.0085476 969.065
52 365   -0.000979333 -0.010322 955.645
52 370   0.0014313 0.0111971 963.732
52 388   0.00130339 -0.0114713 949.908
52 394   -0.00613252 -0.00264324 929.521
52 395   -0.00820497 -0.00427226 902.35
52 396   -0.00493833 -0.00750572 967.431
52 397   -0.00518871 -0.00804342 968.676
52 452   -0.00371703 -0.0104202 822.556
52 453   -0.00362028 -0.0106596 809.988
52 464   -0.00914497 0.00711125 896.712
52 465   -0.00942996 0.00675934 855.63
52 474   -0.00986616 0.00638211 748.707
52 477   -0.00994332 0.00602475 724.222
52 478   -0.00991734 0.00620303 730.898
52 479   -0.0100783 0.00623604 708.413
52 480   -0.0101886 0.00594364 694.475
52 481   -0.0100844 0.00600927 704.001
52 482   -0.0101242 0.00610626 700.26
52 484   -0.010231 0.00609026 689.941
52 485   -0.0103273 0.00599159 680.017
52 486   -0.0102547 0.00600812 686.875
52 492   0.00337205 0.0110501 790.873
52 493   0.00356373 0.0110793 763.98
52 494   0.0035078 0.0109755 785.222
52 495   0.00333365 0.0112409 767.029
52 496   0.00337763 0.0111478 776.653
52 497   0.00347833 0.01116 757.102
52 498   0.00339849 0.0112764 734.251
52 499   0.00349942 0.0112943 676.893
52 500   0.00347044 0.0112353 732.764
52 501   0.00338274 0.011382 649.678
52 502   0.00340219 0.0113295 698.229
52 503   0.00345277 0.0113413 645.281
52 504   0.00341661 0.0114009 551.742
52 505   0.00346772 0.0114039 463.03
52 506   0.00345055 0.0113779 569.492
52 507   0.00342087 0.0114283 460.112
52 508   0.00344669 0.0114254 409.87
52 509   0.00345121 0.0114485 251.047
52 513   -0.0104336 0.00582935 691.008
52 515   -0.0104045 0.00580064 693.23
52 516   -0.010406 0.00583054 688.977
52 541   0.0104026 -0.00591377 673.658
52 543   0.0104613 -0.0058724 736.019
52 546   -0.00305561 0.004152 961.001
52 547   -0.00230498 0.00529936 965.817
52 548   -0.00525221 0.00465779 954.752
52 549   -0.00559785 0.00582678 957.993
52 550   -0.00340802 0.00772512 969.546
52 551   -0.00345625 0.00646906 967.671
52 552   -0.00455252 0.00649068 966.139
52 553   -0.00411969 0.00807712 969.445
52 554   -0.00488889 0.00741636 968.587
52 555   -0.00550177 0.00792245 969.288
52 560   -0.00217836 0.00969445 966.98
52 561   -0.00297688 0.00993255 966.763
52 562   -0.00434799 0.0089136 965.716
52 563   -0.00518193 0.00874812 965.79
52 564   -0.00569603 0.00940832 942.477
52 565   -0.00365598 0.00974504 962.351
52 566   -0.00416048 0.00952094 958.374
52 598   -0.00557024 0.0100211 904.579
52 604   -0.00690898 0.00721062 956.711
52 605   -0.00627041 0.00779511 967.507
52 606   -0.00829348 0.00741805 931.708
52 607   -0.0076265 0.00741512 948.481
52 609   -0.00846623 0.00792924 941.14
52 635   0.00023446 0.0102366 960.864
52 636   0.000823762 0.0109988 964.216
52 658   0.00790093 0.00415052 905.604
52 669   -0.00338228 -0.011023 794.083
52 670   -0.00323118 -0.0111559 802.231
52 672   -0.00352419 -0.0110895 766.828
52 689   -0.000196095 0.00659682 969.367
52 690   -0.000949722 0.00534171 966.949
52 691   0.000871589 0.00415 963.537
52 692   0.00330045 0.00504654 961.868
52 693   0.00139294 0.00604907 968.779
52 694   0.00185749 0.00476114 964.55
52 695   0.00230283 0.00650554 969.308
52 696   0.00336898 0.00616338 966.928
52 807   -0.00377449 -0.00819129 942.457
52 808   -0.00470721 -0.00822401 964.295
52 809   -0.0042358 -0.0082733 938.7
52 811   -0.0048324 -0.00849286 956.792
52 812   -0.00459303 -0.00867286 909.578
52 829   0.00338453 0.0114841 367.004
52 855   -0.0103973 0.00593251 674.673
52 857   -0.0104108 0.0058766 680.668
52 858   -0.0104112 0.00590259 676.097
52 859   -0.0104366 0.00585105 688.163
52 860   -0.0104286 0.00586693 683.321
52 861   0.0103625 -0.00572163 696.916
52 864   0.0103524 -0.00582538 685.593
52 865   0.0103645 -0.00577407 691.042
52 867   0.0104136 -0.00580088 687.645
52 868   0.0104018 -0.00577161 690.967
52 877   0.00341918 0.0114894 73.081
52 878   0.00341184 0.0114527 378.896
52 879   0.00340245 0.0114726 324.666
52 880   0.00343065 0.0114788 79.0334
52 881   0.00344037 0.0114592 193.659
52 882   0.00342683 0.0114605 259.232
52 883   0.00344488 0.0114918 4.92708
52 884   0.00344217 0.0114825 22.0101
52 885   0.00344719 0.0114728 71.0395
52 886   -0.00330954 -0.011371 733.531
52 887   -0.00329565 -0.0112719 772.122
52 888   -0.00341989 -0.0112055 754.667
52 889   -0.00347742 -0.011272 706.239
52 890   -0.00337717 -0.0113737 662.529
52 891   -0.00342081 -0.011341 666.588
52 892   -0.00340618 -0.0114085 542.158
52 893   -0.00345724 -0.0114285 346.446
52 894   -0.00347064 -0.0113953 482.869
52 895   -0.00344981 -0.0113758 570.569
52 896   -0.00339597 -0.0114685 354.07
52 897   -0.00340742 -0.0114388 448.369
52 898   -0.00343766 -0.0114393 342.97
52 899   -0.00344026 -0.0114919 4.64237
52 900   -0.00341425 -0.0114825 139.554
52 903   0.0104075 -0.00582653 684.201
52 904   0.0103836 -0.00584858 681.556
52 905   0.01044 -0.00586883 682.949
52 906   0.0104355 -0.00584839 682.24
52 907   0.0104335 -0.00587936 675.005
52 908   0.010424 -0.00589105 673.71
52 909   0.0104002 -0.00588681 676.079
52 924   -0.0104483 0.00585395 690.433
52 929   -0.0104292 0.00590592 674.129
52 931   -0.0104359 0.00587797 681.065
52 932   -0.0104361 0.00589096 676.82
52 933   -0.0104484 0.00588859 678.16
52 934   -0.0104493 0.005865 689.47
52 935   -0.0104448 0.00587313 684.562
52 936   -0.0104516 0.00587806 685.065
52 937   -0.010457 0.00586953 694.672
52 938   -0.0104587 0.00587648 703.68
52 951   -0.00657409 0.0093088 936.839
52 952   -0.00628828 0.00948508 926.526
52 957   0.00143098 -0.00392042 962.759
52 958   0.000609631 -0.00500285 966.307
52 959   0.00307948 -0.00497538 963.744
52 960   0.00283267 -0.00603552 967.242
52 961   0.0016836 -0.0060801 968.175
52 962   0.000652601 -0.00805871 968.862
52 963   0.00158428 -0.0070633 969.513
52 964   0.00176524 -0.0088981 968.448
52 965   0.000785388 -0.00898725 967.016
52 966   0.00178826 -0.00960248 966.927
52 967   0.00121158 -0.0101273 964.119
52 968   0.00323596 -0.0098238 964.697
52 969   0.00243529 -0.0098989 966.991
52 970   0.00364923 -0.0102585 960.73
52 971   0.00377255 -0.0110583 968.382
52 972   0.00410127 -0.0109865 941.338
52 1040   -0.00451784 0.00994184 941.483
52 1041   -0.0050289 0.0101122 914.125
52 1042   -0.00509717 0.0105122 877.192
52 1043   -0.00380707 0.01015 958.21
52 1044   -0.00421959 0.0101819 944.311
52 1045   -0.00426158 0.0104486 935.183
52 1046   -0.00473123 0.0106165 884.532
52 1047   -0.0044527 0.0105953 912.445
52 1048   -0.00442243 0.0108568 883.063
52 1049   -0.00460569 0.0109367 833.398
52 1050   -0.00479623 0.0108192 851.662
52 1051   0.00359821 -0.00911218 966.596
52 1052   0.00356406 -0.00709008 968.939
52 1053   0.00277452 -0.0084829 969.156
52 1054   0.00272634 -0.00757665 969.61
52 1055   0.00437251 -0.00905084 963.505
52 1056   0.00489646 -0.00855356 968.187
52 1057   0.00462166 -0.00970242 946.598
52 1058   0.00439121 -0.0106213 914.066
52 1059   0.00426062 -0.0101984 943.032
52 1061   0.00519348 -0.0104435 879.117
52 1062   0.00481173 -0.0106791 862.284
52 1063   -0.00218816 0.0110384 966.988
52 1064   -0.00255984 0.011352 969.118
52 1065   -0.00268072 0.0105538 967.85
52 1066   -0.00342936 0.0111708 968.711
52 1067   -0.00307998 0.0106728 968.689
52 1068   -0.00302482 0.0110619 969.609
52 1069   -0.0039824 0.0105913 951.358
52 1070   -0.00361786 0.0109564 969.308
52 1071   -0.00368815 0.0104366 961.444
52 1072   -0.00345432 0.0106152 967.111
52 1073   -0.00429794 0.0110114 897.577
52 1074   -0.00391832 0.0110792 967.852
52 1075   -0.00404903 0.0108926 950.448
52 1077   -0.00175832 -0.0112201 959.115
52 1078   -0.00143641 -0.0115809 968.745
52 1079   -0.00132988 -0.0108881 957.544
52 1080   -0.000503471 -0.0110869 964.885
52 1081   -0.000960573 -0.0110623 964.607
52 1082   -0.00105537 -0.0114356 968.568
52 1083   -0.000450192 -0.0113822 967.585
52 1084   -0.000746341 -0.0115381 969.291
52 1086   -0.000669363 -0.0117401 969.637
52 1094   -0.00125896 0.0102546 964.141
52 1095   -0.000447646 0.0104487 962.26
52 1096   -0.00175076 0.0111341 962.19
52 1097   -0.00137908 0.0108205 961.282
52 1099   -0.00146634 0.0115911 950.831
52 1100   0.00511506 -0.00587853 961.246
52 1101   0.00602657 -0.00581181 955.145
52 1102   0.00510427 -0.007653 968.934
52 1103   0.00459435 -0.00703444 967.79
52 1104   0.00625209 -0.00812958 969.153
52 1105   0.00622358 -0.00668573 959.39
52 1106   0.00582199 -0.007371 966.644
52 1107   0.0080946 -0.00685485 927.005
52 1108   0.00763669 -0.00610673 932.188
52 1109   0.00822889 -0.00617406 915.462
52 1110   0.00684242 -0.00687443 954.418
52 1111   0.00766547 -0.00700957 941.447
52 1112   0.00733932 -0.00656546 942.956
52 1113   0.00671636 -0.00783768 966.012
52 1114   0.0069051 -0.0072678 957.941
52 1115   0.00743205 -0.00736928 951.813
52 1116   0.00706741 -0.00811307 966.094
52 1117   0.00741923 -0.00776524 958.072
52 1118   0.00771888 -0.00799152 957.363
52 1119   0.00814304 -0.00799477 950.911
52 1121   0.00827923 -0.0083106 956.523
52 1122   0.0080551 -0.00858792 963.731
52 1138   0.000912733 -0.0113808 944.538
52 1140   0.00092704 -0.0117293 922.835
52 1168   0.00546746 -0.00896299 961.073
52 1169   0.00519968 -0.00955393 941.581
52 1170   0.00545004 -0.00998987 909.16
52 1171   0.00589708 -0.00996571 899.295
52 1174   -0.00596598 -0.00433276 933.432
52 1175   -0.00751126 -0.00478837 913.574
52 1176   -0.00676493 -0.00480853 922.414
52 1177   -0.00745623 -0.00603326 914.074
52 1178   -0.00777677 -0.00552723 913.722
52 1181   -0.00674153 0.00825971 968.515
52 1182   -0.00739431 0.00796892 960.888
52 1183   -0.00677281 0.00887096 965.312
52 1184   -0.00726627 0.00910182 960.175
52 1185   -0.00808881 0.00816657 954.834
52 1186   -0.00768387 0.00820917 960.625
52 1188   -0.00815988 0.00849206 961.042
52 1299   -0.00383435 -0.00980742 841.241
52 1303   0.002579 0.00745739 966.933
52 1304   0.0024474 0.00934949 922.549
52 1305   0.00196359 0.00856264 953.07
52 1325   -0.00544906 -0.00708163 957.101
52 1326   -0.00550202 -0.00623576 949.083
52 1327   -0.00684369 -0.00622335 916.683
52 1328   -0.0064179 -0.00573749 929.001
52 1330   -0.00617819 -0.00725931 941.94
52 1331   -0.00665694 -0.0068993 919.2
52 1332   0.00586377 0.00494909 936.419
52 1333   0.0070552 0.00460576 918.068
52 1335   0.00730421 0.00597239 914.179
52 1336   0.00762475 0.00546637 914.037
52 1447   0.00556351 0.00689818 953.547
52 1448   0.00583761 0.00598135 941.327
52 1449   0.0067085 0.00614406 919.336
52 1450   0.00619501 0.00724088 941.803
52 1451   0.00667376 0.00688087 919.016
52 1462   -0.00816321 -0.000827733 909.099
52 1463   -0.00717501 -0.00202124 917.157
52 1464   -0.00807534 -0.00318457 901.965
52 1477   -0.00344361 -0.0114601 144.357
52 1487   0.00361252 0.00960868 856.61
52 1488   0.00326141 0.00907904 892.342
52 1490   0.00404826 0.00951088 832.316
52 1491   0.00416824 0.00921392 816.26
52 1610   -0.00113829 0.0116628 937.189
52 1612   -0.000733751 0.0115539 917.173
52 1613   -0.00098531 0.0113015 948.741
52 1621   9.291e-05 0.0116342 967.57
52 1623   -0.000509935 0.0115637 925.52
52 1624   -0.000201741 0.0112531 958.021
52 1714   -0.000266247 -0.0101541 960.096
52 1715   0.000721652 -0.0101718 962.686
52 1716   0.000318477 -0.0097362 963.049
52 1717   0.000385797 -0.0106207 960.27
52 1718   -0.000207205 -0.0109312 962.393
52 1719   -0.000112174 -0.0105583 961.168
52 1720   0.000142399 -0.011071 959.724
52 1721   0.000439017 -0.0109159 958.344
52 1722   0.000640487 -0.0111336 954.187
52 1723   0.000468362 -0.0113042 951.559
52 1724   0.000219376 -0.011273 957.501
52 1725   0.000483034 -0.0114984 942.76
52 1726   0.000669466 -0.0116763 919.577
52 1727   0.000621834 -0.0118625 872.179
52 1729   0.000450074 -0.0118787 868.797
52 1730   0.000325699 -0.0118634 920.72
52 1762   0.0062663 -0.00869994 967.672
52 1763   0.00594445 -0.00894208 960.568
52 1764   0.0061208 -0.00968 916.471
52 1765   0.00615655 -0.00934096 940.869
52 1767   0.00653229 -0.00972125 899.256
52 1768   0.00634141 -0.00983906 897.078
52 1776   0.000109615 -0.0114517 958.826
52 1777   0.000225022 -0.0117546 946.009
52 1778   0.000272538 -0.0115682 949.274
52 1779   -6.96708e-05 -0.0115256 964.495
52 1780   -0.000256234 -0.0115025 967.5
52 1781   -0.000117069 -0.0117122 967.693
52 1782   -0.000268841 -0.0117416 969.391
52 1783   -0.000486498 -0.0117146 969.631
52 1784   -0.000369517 -0.0116328 969.199
52 1786   -0.000323633 -0.011831 969.654
52 1787   -0.000448009 -0.0118156 969.581
52 1824   0.0040127 0.00690209 968.559
52 1825   0.00345499 0.00755214 966.186
52 1826   0.00493791 0.00725373 965.642
52 1827   0.00509067 0.00795645 968.868
52 1840   0.00399268 0.0089491 834.64
52 1841   0.00352159 0.00871641 899.855
52 1842   0.00366591 0.00814744 944.8
52 1843   0.00456015 0.00809355 965.007
52 1844   0.00408523 0.00815721 943.924
52 1845   0.00418877 0.00860304 866.629
52 1847   0.00478338 0.00844937 956.941
52 1848   0.004544 0.00862938 903.594
52 1945   0.00663934 -0.00897775 961.707
52 1946   0.00663063 -0.00949119 919.604
52 1947   0.0064755 -0.00926997 943.31
52 1949   0.00688409 -0.00948236 911.063
52 1950   0.00707496 -0.00936455 928.894
52 1989   0.00716705 -0.00856496 969.095
52 1990   0.00698824 -0.00891002 966.83
52 1991   0.0071733 -0.00913449 959.518
52 1992   0.00755503 -0.00839267 964.878
52 1993   0.00775507 -0.00867325 963.912
52 1995   0.00764758 -0.0090111 967.333
52 1996   0.00745671 -0.00912892 967.53
52 2029   -0.00499635 0.000455882 943.579
52 2030   -0.00440096 0.00173785 950.035
52 2031   -0.00670011 0.00136584 936.216
52 2032   -0.0061387 0.00393359 947.248
52 2033   -0.0066159 0.0024973 941.76
52 2034   -0.00559355 0.00279833 947.326
52 2035   -0.00795656 0.00449057 930.821
52 2036   -0.0072508 0.00323492 941.503
52 2037   -0.00707129 0.00403022 941.855
52 2038   -0.00828862 0.00329655 947.343
52 2039   -0.00866272 0.00390742 942.192
52 2049   -0.00344026 -0.0114684 89.7114
52 2052   -0.00343053 -0.0114764 80.9497
52 2053   -0.00344119 -0.0114877 7.71267
52 2082   -0.00894261 -0.00257773 898.666
52 2083   -0.00918448 -0.00140439 901.113
52 2113   -0.00766708 0.00901225 965.492
52 2114   -0.00743709 0.00883883 969.224
52 2115   -0.00755247 0.00855597 966.247
52 2116   -0.00797117 0.00861072 963.552
52 2117   -0.00779622 0.00882675 962.149
52 2118   -0.0077687 0.00863203 964.478
52 2121   -0.00804243 0.00875144 965.333
52 2122   -0.00795496 0.00885945 964.828
52 2158   -0.00435948 -0.000751441 945.599
52 2159   -0.00504395 -0.00202609 940.864
52 2160   -0.00243583 -0.00178108 955.133
52 2161   -0.00197961 -0.0043649 963.243
52 2162   -0.00245464 -0.00296871 957.348
52 2163   -0.00378596 -0.00314274 951.922
52 2164   -0.0029023 -0.00491836 962.848
52 2165   -0.00371957 -0.00415949 955.709
52 2166   -0.00481101 -0.00473236 948.962
52 2167   -0.00469409 -0.0057064 955.978
52 2168   -0.00310086 -0.00587182 966.649
52 2169   -0.0038012 -0.00608699 965.466
52 2170   -0.00364535 -0.00749672 966.833
52 2171   -0.00409841 -0.00704045 969.073
52 2172   -0.00218116 -0.00709848 969.112
52 2173   -0.00281587 -0.00658697 969.413
52 2174   -0.00306315 -0.00725841 968.48
52 2175   -0.00198968 -0.00849583 952.724
52 2176   -0.00216253 -0.00774375 965.148
52 2177   -0.00269435 -0.0077961 961.817
52 2178   -0.00272325 -0.00926119 911.256
52 2179   -0.00237325 -0.00875635 938.993
52 2180   -0.00266974 -0.00834 946.548
52 2181   -0.00306163 -0.00901428 905.525
52 2182   -0.00335782 -0.00845816 924.378
52 2183   -0.00297755 -0.00853562 931.518
52 2184   -0.00370286 -0.00941875 854.974
52 2185   -0.00336794 -0.0091108 885.91
52 2186   -0.00351588 -0.00876285 896.126
52 2187   -0.00378505 -0.00887646 868.727
52 2188   -0.00392983 -0.00922314 842.04
52 2189   -0.00432034 -0.0087845 813.317
52 2190   -0.00408831 -0.00865378 871.964
52 2193   -0.00427946 -0.0090719 800.774
52 2194   -0.00419221 -0.00928787 819.04
52 2244   0.00909891 0.000825317 897.535
52 2245   0.00834241 0.00305783 899.29
52 2246   0.00780667 0.00189709 910.472
52 2272   0.00912554 -0.000352894 904.252
52 2273   0.00847911 -0.00112239 921.932
52 2274   0.00737484 -0.00147831 930.968
52 2275   0.00906812 -0.00231808 940.257
52 2276   0.00837355 -0.0033306 944.716
52 2277   0.00736358 -0.00309498 938.944
52 2485   0.000321842 0.0116061 968.956
52 2486   0.000550774 0.011578 969.241
52 2492   -0.00899932 0.00251951 946.179
52 2495   -0.00876095 0.000355487 910.213
52 2496   -0.00804571 0.00132642 929.686
52 2556   -4.74861e-05 -0.0118171 967.575
52 2557   7.68893e-05 -0.0118325 961.879
52 2676   0.00216693 -0.0113589 966.887
52 2677   0.00228386 -0.010407 966.871
52 2678   0.00160476 -0.01113 960.753
52 2679   0.00155008 -0.0105908 963.552
52 2680   0.00247188 -0.0111047 968.75
52 2681   0.00264349 -0.010692 968.25
52 2682   0.00320819 -0.0106185 967.69
52 2683   0.00336529 -0.0109595 969.378
52 2685   0.00310187 -0.0112428 968.992
52 2686   0.00277315 -0.0113145 969.616
16 295   -0.0449783 0.00326169 958.589
16 296   -0.0451577 -0.00292005 958.521
16 297   -0.0411403 -0.00644395 956.647
16 298   -0.0384826 -0.00713469 953.847
16 299   0.00421815 -0.0180852 967.075
16 300   0.00634698 0.0190488 920.448
16 301   0.00481096 0.0177617 933.66
16 302   0.00487282 0.0158683 933.883
16 303   -0.00686448 -0.0147279 953.232
16 304   0.00688214 0.0141278 907.739
16 305   0.00579098 0.0146635 918.245
16 306   0.00310678 0.0155083 953.27
16 307   -0.00461367 -0.0154005 967.59
16 308   -0.00598409 -0.0137737 934.72
16 309   0.00315165 0.014221 955.713
16 310   -0.0058214 -0.0128983 909.93
16 311   -0.00468598 -0.0142346 958.707
16 312   0.00634442 0.0128336 889.552
16 313   0.00221886 0.0139389 965.505
16 314   0.00469581 0.013676 921.812
16 315   -0.00398651 -0.0136545 962.304
16 316   0.00382252 0.0135936 945.839
16 317   0.00673357 0.0121744 873.146
16 318   0.00545079 0.012616 884.299
16 319   0.00489334 0.0129227 907.391
16 320   -0.00414587 -0.0129077 955.398
16 321   -0.00468265 -0.0126124 923.828
16 322   -0.00237563 -0.0127529 967.408
16 323   0.00727129 0.0119938 885.271
16 324   0.00362123 0.0128529 955.399
16 325   -0.00508714 -0.0115728 805.513
16 326   0.00287201 0.0125417 968.836
16 327   0.00439687 0.0125097 913.443
16 328   -0.00367677 -0.0125526 967.573
16 329   0.00324991 0.0126223 967.26
16 330   0.00399806 0.0125223 939.263
16 331   -0.00254524 -0.0122416 957.288
16 332   -0.003746 -0.0121636 968.343
16 333   0.00335665 0.0122007 968.715
16 334   0.00287785 0.0121364 960.977
16 335   -0.00391311 -0.0120268 963.457
16 336   -0.00406968 -0.0119749 932.514
16 337   -0.00336105 -0.0120643 934.041
16 338   0.00316377 0.01209 957.89
16 339   -0.00353848 -0.0120355 948.261
16 344   0.00606467 -0.0165532 969.285
16 345   0.00540983 -0.0150718 961.208
16 346   0.00684516 -0.014126 935.601
16 348   -0.0511398 0.0239922 904.471
16 354   -0.00853771 -0.0271835 968.752
16 356   -0.0387366 0.0282591 966.018
16 362   -0.00654571 0.0273318 967.226
16 363   -0.00911304 0.0274325 968.784
16 364   -0.0328797 -0.023077 941.898
16 368   -0.00487258 -0.0240769 952.549
16 384   -0.0432983 0.0168085 949.241
16 386   0.00643864 0.0109335 790.999
16 391   -0.00603251 -0.0116075 822.688
16 392   -0.0067018 -0.0123169 891.83
16 393   -0.00649608 -0.011056 795.993
16 399   -0.0501577 -0.00542331 960.861
16 401   -0.0489866 -0.00938533 963.88
16 402   -0.0513289 -0.0114617 967.456
16 403   -0.0435766 -0.0109092 957.574
16 404   -0.0464229 -0.0113474 963.289
16 405   -0.0421371 -0.0127166 952.231
16 406   -0.0433694 -0.0151931 953.378
16 407   -0.0397007 -0.011869 947.689
16 408   -0.0387182 -0.0133453 938.956
16 411   -0.0296791 -0.0245514 961.616
16 412   -0.0263207 -0.0225 964.53
16 413   -0.0314664 -0.0335257 968.419
16 414   -0.0280772 -0.0310257 969.579
16 415   -0.0294625 -0.028077 968.695
16 416   -0.0323429 -0.0291027 969.354
16 417   -0.0333603 -0.0320514 967.122
16 431   -0.00417912 -0.018721 944.303
16 432   -0.00431644 -0.0205519 902.117
16 433   -0.011867 0.0230199 952.403
16 434   -0.00978232 0.0249828 955.532
16 435   -0.0220738 -0.0247272 968.072
16 436   -0.0141956 -0.0241814 964.028
16 437   -0.0163233 -0.0222272 965.263
16 438   -0.0194992 -0.0222272 967.221
16 447   -0.0265202 0.0225 964.433
16 448   -0.029833 0.0245582 961.533
16 557   0.00679057 -0.010839 829.698
16 558   -0.0411625 0.0249993 966.703
16 559   -0.039227 0.0261919 966.989
16 572   -0.042353 0.0186873 929.115
16 573   -0.0429407 0.0207032 945.795
16 574   0.00726352 -0.0108248 787.186
16 575   0.00410097 -0.0144526 956.122
16 578   0.00188497 -0.0179659 969.069
16 579   0.000219394 -0.0165763 969.38
16 580   0.0016039 -0.0164889 969.33
16 581   0.00297431 -0.0146399 961.759
16 582   0.00215558 -0.015314 966.856
16 583   0.0027303 -0.0138562 954.992
16 584   0.0019115 -0.0137452 953.36
16 585   0.00212517 -0.0123534 948.326
16 586   0.00186733 -0.0131577 944.953
16 587   0.00102838 -0.0128822 916.083
16 588   0.00149685 -0.0130044 936.459
16 589   0.00165253 -0.0126131 930.966
16 591   0.00134514 -0.0124647 909.961
16 592   0.001023 -0.012517 882.371
16 593   -0.0423608 -0.0198178 924.129
16 594   -0.0420405 -0.0170646 932.174
16 595   -0.0112103 -0.0229314 946.516
16 596   -0.00922105 -0.0246835 949.23
16 602   -0.0330019 0.0230874 941.225
16 603   -0.0349049 0.025299 949.533
16 629   0.00130571 0.01277 969.288
16 631   0.00203801 0.0130555 968.763
16 632   0.00239161 0.0125162 969.322
16 641   -0.00407054 0.0139984 931.889
16 642   -0.0046818 0.0131827 914.533
16 643   -0.00631762 0.0127028 867.353
16 644   -0.00543083 0.0127508 881.088
16 645   -0.00513523 0.0122807 862.757
16 649   -0.00641271 -0.023403 899.827
16 650   -0.0078622 -0.0236053 911.88
16 651   -0.00548753 -0.0210881 820.426
16 652   -0.00618629 -0.0220384 818.085
16 656   -0.0115543 0.0210066 932.993
16 660   0.00386669 -0.0336347 692.101
16 666   -0.00146795 -0.0131161 969.183
16 667   -0.00186961 -0.0126803 968.526
16 732   -0.0334706 -0.0210257 914.382
16 757   0.00368558 0.0120439 967.813
16 758   0.00396851 0.0119909 932.259
16 759   0.00385845 0.0121508 951.445
16 762   0.00348733 0.0120761 965.844
16 763   0.00358457 0.0120603 968.856
16 785   -0.0399783 0.00576316 956.193
16 791   -0.0346156 -0.0252535 949.569
16 792   -0.0342954 -0.0277535 968.371
16 796   -0.0499783 0.00575843 961.12
16 798   -0.0315298 0.0335291 968.3
16 799   -0.0296357 0.0280874 968.771
16 800   -0.0282019 0.0310291 969.603
16 805   -0.0223621 0.0247566 968.144
16 806   -0.0148847 0.0242699 965.791
16 817   -0.0386398 0.0165032 895.871
16 950   -0.040877 -0.0207785 863.375
16 955   -0.0072044 0.0107799 795.077
16 956   0.00714528 -0.0104195 754.66
16 973   0.00727129 0.0112656 883.251
16 974   0.00699374 0.0108987 866.604
16 975   -0.00285662 0.0141524 951.721
16 976   -0.00264524 0.0131604 959.012
16 977   -0.00196467 0.0130459 960.259
16 978   -0.00179682 0.0124967 958.978
16 979   0.0027286 0.0187779 948.874
16 980   0.00208169 0.0162093 961.361
16 981   0.00176537 0.0175855 961.106
16 982   0.00119459 0.0156765 967.07
16 983   -0.000349597 0.0153453 969.44
16 984   0.000264153 0.0161306 969.296
16 985   -3.00952e-05 0.0146011 969.595
16 986   0.00133304 0.0142018 967.934
16 987   0.000933863 0.0147923 968.514
16 988   -0.000221971 0.0139072 969.312
16 989   0.000126367 0.0195115 967.398
16 990   0.00063881 0.0180874 966.937
16 991   2.46937e-05 0.0171652 969.363
16 992   -0.00312254 0.0167983 941.95
16 993   -0.00113141 0.0173382 967.671
16 994   -0.00102568 0.0154058 967.631
16 995   -0.00156804 0.0163641 964.307
16 996   -0.00237352 0.0159802 955.461
16 997   -0.00224821 0.0151791 957.635
16 998   -0.00234389 0.0145871 956.667
16 999   -0.00147626 0.0149179 964.55
16 1000   -0.00163654 0.0137073 961.603
16 1001   -0.00180439 0.0142565 961.356
16 1002   -0.00133949 0.0143952 965.003
16 1003   -0.00063372 0.0138208 968.064
16 1004   -0.000981165 0.0140527 966.68
16 1005   -0.00123037 0.0136607 963.889
16 1006   -0.000700824 0.0134742 966.716
16 1007   -0.00106503 0.0133835 963.173
16 1008   -0.000601364 0.0131863 965.841
16 1010   -0.000584546 0.0125651 933.859
16 1011   -0.000321023 0.0126078 961.728
16 1012   -0.00716536 -0.0109704 874.18
16 1018   0.000952395 0.0130891 969.004
16 1019   0.00079887 0.0136375 969.239
16 1020   0.000365212 0.0134981 969.567
16 1021   5.04232e-05 0.01357 969.612
16 1022   -0.000261865 0.0131957 968.808
16 1023   0.000576236 0.0127991 968.448
16 1024   0.00034208 0.0131093 969.301
16 1025   -8.93664e-05 0.0127439 969.155
16 1026   -4.69712e-05 0.0130092 969.312
16 1027   0.000514723 0.0125473 967.363
16 1028   0.000238171 0.0125922 961.869
16 1029   0.00461769 -0.0135432 935.735
16 1030   0.00402691 -0.0131556 935.584
16 1031   0.00304932 -0.0133622 950.435
16 1032   0.00348304 -0.0132003 946.846
16 1033   0.00253252 -0.0130344 949.317
16 1034   0.00263467 -0.0126214 953.228
16 1035   0.00369221 -0.0122058 951.996
16 1036   0.00308055 -0.0123508 959.575
16 1037   0.00341211 -0.0126019 950.257
16 1039   -0.00699804 -0.010528 858.842
16 1087   -0.00702365 -0.0172535 957.712
16 1088   -0.00528155 -0.0180248 941.858
16 1089   -0.00543543 -0.016368 969.013
16 1090   -0.00638813 -0.0161562 968.653
16 1091   -0.0071053 -0.019012 812.723
16 1092   -0.00662895 -0.0181671 911.674
16 1093   -0.00583956 -0.0187266 889.405
16 1126   -0.0108461 -0.0209772 920.588
16 1128   -0.00836053 -0.0223418 860.278
16 1129   -0.00872105 -0.0204886 803.811
16 1130   -0.00935516 -0.0214657 873.553
16 1142   -0.0351899 -0.0215385 868.638
16 1179   -0.0406433 0.0185159 880.361
16 1180   -0.0392097 0.0176714 864.74
16 1225   -0.0358214 -0.0321764 960.933
16 1226   -0.0380749 -0.0281287 968.019
16 1227   -0.0360639 -0.0293529 967.759
16 1229   -0.0335378 0.0210291 913.1
16 1234   -0.0492275 0.026008 884.388
16 1236   -0.0199884 0.0222566 967.386
16 1237   -0.0171199 0.0222566 966.231
16 1238   -0.0511398 0.0177504 964.621
16 1239   -0.0457983 0.0168085 967.226
16 1242   -0.000698378 0.0335565 805.835
16 1243   -0.00413673 0.0289253 936.203
16 1244   -0.00392075 0.0320128 907.11
16 1245   0.000100102 0.0276822 900.307
16 1246   -0.00193455 0.0274818 928.178
16 1257   0.00568335 -0.0322695 683.458
16 1258   0.00568335 -0.0295389 716.777
16 1263   0.00616978 0.0112799 788.359
16 1264   0.00618716 0.0116818 824.571
16 1265   0.00555046 0.011227 749.482
16 1266   0.00537578 0.0120282 843.83
16 1267   0.0054127 0.0115047 777.804
16 1268   0.005723 0.0117532 807.829
16 1269   0.00508828 0.0116184 800.396
16 1270   0.00504267 0.0119409 847.841
16 1271   0.00450697 0.0121756 900.234
16 1272   0.00475047 0.0120378 879.079
16 1273   0.00410787 0.0120167 912.592
16 1274   0.00434299 0.0118832 894.417
16 1275   0.00430518 0.0120626 905.036
16 1277   0.00409275 0.011865 899.398
16 1278   0.00419862 0.0118096 896.905
16 1279   -0.0022208 0.0207979 959.224
16 1280   -0.00102974 0.0196845 968.973
16 1281   -0.00285906 0.0182775 942.405
16 1282   -0.0016734 0.0184334 963.811
16 1283   -0.0511075 -0.0172528 966.358
16 1284   -0.0499363 -0.0144619 969.486
16 1285   -0.0473727 -0.0139238 967.562
16 1286   -0.0457587 -0.0159622 966.11
16 1287   -0.00472915 -0.0117604 872.298
16 1289   -0.00453576 -0.0120392 907.34
16 1290   -0.00422479 -0.0118936 915.331
16 1320   -0.0438921 -0.020997 963.84
16 1321   -0.0459611 -0.0190129 969.328
16 1436   -0.0399386 -0.029603 948.614
16 1437   -0.0445702 -0.0336508 799.172
16 1438   -0.0439907 -0.028339 916.216
16 1439   -0.0417901 -0.0282822 944.895
16 1440   -0.0415245 -0.0261909 966.643
16 1441   -0.0385725 -0.0260895 963.931
16 1442   -0.0401706 -0.0254726 964.66
16 1443   -0.0362517 -0.0247511 932.974
16 1444   -0.037689 -0.025337 944.702
16 1445   -0.0384416 -0.0240822 902.555
16 1457   -0.0335355 0.0321349 966.672
16 1458   -0.0361131 0.0322883 959.151
16 1459   -0.0365418 0.0294999 966.552
16 1460   -0.0325809 0.0291932 969.389
16 1461   -0.0346811 0.0278757 968.745
16 1537   -0.0417147 0.0219435 923.785
16 1538   -0.0410408 0.0235477 936.899
16 1539   -0.0396932 0.0233363 888.124
16 1540   -0.0404103 0.0199221 835.058
16 1541   -0.0398403 0.0221304 824.951
16 1542   -0.040894 0.0213338 875.276
16 1543   -0.0387866 0.021217 665.561
16 1544   -0.0389766 0.019911 709.585
16 1556   -0.0073522 0.0102858 589.81
16 1557   -0.00705661 0.0104406 777.46
16 1563   -0.00590172 -0.0203298 781.104
16 1564   -0.00591471 -0.0195882 821.924
16 1565   -0.00670411 -0.0196626 731.537
16 1566   0.00738176 -0.0104124 670.076
16 1571   0.00744088 -0.0101478 279.314
16 1572   0.00732264 -0.0102097 491.757
16 1576   -0.00777174 -0.0209266 701.57
16 1577   -0.00695635 -0.0217015 773.674
16 1578   -0.0076811 -0.0218026 801.345
16 1579   -0.0066458 -0.0208422 677.61
16 1580   -0.00705349 -0.0204547 511.637
16 1581   0.00546724 -0.013246 913.221
16 1582   0.00638585 -0.0132096 903.472
16 1583   0.00704069 -0.0123546 861.811
16 1584   0.00547859 -0.0126169 879.964
16 1585   0.00531941 -0.0114986 818.348
16 1586   0.00567413 -0.0113127 844.222
16 1587   0.00638356 -0.0114083 840.342
16 1588   0.00639721 -0.0121132 853.596
16 1589   0.00500564 -0.0123974 867.026
16 1590   0.00479416 -0.0116625 786.029
16 1591   0.00509658 -0.0118601 821.141
16 1592   0.00424682 -0.0127396 919.831
16 1593   0.00456019 -0.0125382 891.562
16 1594   0.00398305 -0.0123882 918.09
16 1595   0.00455769 -0.0117864 788.24
16 1598   0.00416453 -0.0120111 836.396
16 1599   0.00441465 -0.0121248 843.343
16 1600   -0.0387633 -0.0216766 754.733
16 1601   -0.0384085 -0.020755 557.18
16 1602   -0.037263 -0.0209736 648.254
16 1603   -0.00137762 0.0127088 951.213
16 1604   -0.00114768 0.0130502 958.232
16 1605   -0.000824149 0.0126703 942.857
16 1606   -0.000857729 0.0129689 958.355
16 1608   -0.0012937 0.0124342 940.895
16 1609   -0.00103017 0.0124769 928.592
16 1619   -0.00692412 0.0188536 776.658
16 1620   -0.00635094 0.0200085 661.748
16 1625   0.00736122 0.0103288 922.43
16 1626   0.00708367 0.0104743 882.977
16 1628   -0.00733268 -0.0104852 904.18
16 1629   -0.00733268 -0.0102202 929.072
16 1630   -0.00968349 0.0215099 886.968
16 1631   -0.00835322 0.0223349 852.776
16 1648   -0.00661321 0.0121313 849.427
16 1649   -0.0072044 0.0118215 835.425
16 1650   -0.00690881 0.0111431 827.973
16 1651   -0.00631762 0.0110362 857.14
16 1652   -0.00602202 0.0118161 846.825
16 1653   -0.00602202 0.0113994 849.107
16 1654   -0.00543083 0.0119175 843.298
16 1655   -0.00513523 0.0116557 821.212
16 1657   -0.00557863 0.011215 848.531
16 1658   -0.00528303 0.0113699 824.586
16 1674   -0.00476574 0.011641 794.255
16 1682   -0.00660196 0.021559 753.811
16 1683   -0.00681854 0.0207341 547.991
16 1684   -0.00753173 0.0217407 782.238
16 1685   -0.00774831 0.0209158 668.092
16 1695   -0.0404347 -0.0163465 915.985
16 1696   -0.0393272 -0.0150131 926.847
16 1697   -0.0381091 -0.0161155 901.877
16 1698   -0.0380537 -0.0185834 790.372
16 1699   -0.0386628 -0.0171989 869.77
16 1700   -0.0397703 -0.017699 875.522
16 1701   -0.0398923 -0.0193777 818.437
16 1702   -0.0387849 -0.0197109 700.715
16 1761   -0.0517675 0.0337472 671.886
16 1802   -0.037482 0.0213222 685.24
16 1803   -0.0360467 0.0205146 795.624
16 1804   -0.035251 0.0215437 865.367
16 1832   -0.04983 -0.0286728 775.414
16 1833   -0.0503022 -0.0337715 675.992
16 1834   -0.046768 -0.0324223 742.27
16 1835   -0.0462958 -0.0297806 838.038
16 1838   -0.0517674 -0.030086 708.292
16 1839   -0.0517674 -0.032543 678.843
16 1853   -0.00401169 0.0129285 933.795
16 1854   -0.00374217 0.0121493 964.918
16 1855   -0.00347865 0.0121921 967.815
16 1856   -0.00318905 0.0127522 960.343
16 1857   -0.00308336 0.0122562 968.512
16 1858   -0.00469184 0.0123047 877.165
16 1859   -0.00402173 0.0122588 928.783
16 1860   -0.00431732 0.0125206 915.967
16 1861   -0.00424844 0.0120162 867.518
16 1862   -0.00454404 0.0120696 855.404
16 1863   -0.00461794 0.0118226 814.222
16 1864   -0.00447014 0.0116917 788.221
16 1867   -0.00417454 0.0118465 835.004
16 1868   -0.00432234 0.0117691 805.024
16 1883   -0.0407162 -0.0219813 873.629
16 1884   -0.0395325 -0.0220853 813.717
16 1885   -0.0411853 -0.0232466 931.526
16 1886   -0.0394098 -0.0234027 884.217
16 1887   -0.0402552 -0.0240406 932.635
16 1904   -0.0381376 0.0253366 946.54
16 1905   -0.0387255 0.0239326 900.105
16 1906   -0.0365822 0.0247504 931.978
16 1907   -0.0363924 0.0230533 876.29
16 1908   -0.0375679 0.0228319 831.478
16 1938   -0.0365521 -0.0205128 755.095
16 1939   -0.0354853 -0.0205128 833.927
16 1943   -0.00453395 0.0239245 953.47
16 1944   -0.00582303 0.0252442 964.39
16 1953   0.00567559 0.0262567 812.57
16 1955   0.00418687 0.0246958 887.052
16 1956   0.00277591 0.0208466 935.996
16 1957   0.00130024 0.0210783 951.141
16 1958   0.00485827 0.0214917 913.379
16 1959   0.00601129 0.0228978 896.341
16 1960   -0.00171755 0.0221174 967.41
16 1961   0.00064738 0.0225708 948.557
16 1962   -0.00294792 0.0237181 966.765
16 1963   -0.00193601 0.0250877 956.713
16 1964   0.00145166 0.0243719 919.325
16 1965   9.86376e-05 0.0252881 927.032
16 1999   -0.0364316 -0.0236056 894.538
16 2000   -0.0360387 -0.0225695 862.711
16 2001   -0.0376153 -0.0235015 870.942
16 2002   -0.037045 -0.0220046 791.724
16 2003   -0.0378142 -0.0224133 800.824
16 2095   -0.00859428 -0.0334772 950.509
16 2096   -0.00600968 -0.0334772 927.027
16 2138   -0.00612294 0.0334563 924.535
16 2139   -0.00870863 0.0334563 949.065
16 2195   0.00481889 0.0115541 808.147
16 2196   0.00447614 0.0117336 870.67
16 2197   0.00468183 0.0117752 855.661
16 2213   -0.0497796 0.0215412 942.965
16 2214   -0.0497796 0.0194606 959.264
16 2215   -0.0470592 0.0187197 968.799
16 2216   -0.0444667 0.0210705 968.425
16 2217   -0.0477393 0.0215057 955.637
16 2218   -0.0463791 0.0200949 968.21
16 2302   -0.00690881 0.0132264 874.263
16 2303   -0.00690881 0.0140598 887.744
16 2338   -0.0380699 0.0190849 761.33
16 2339   -0.0380699 0.0182516 815.439
16 2365   -0.0405672 0.02973 940.995
16 2366   -0.0433856 0.0284772 921.71
16 2367   -0.0455215 0.0298271 866.917
16 2368   -0.0500788 0.0324621 685.739
16 2369   -0.0486137 0.0337149 688.593
16 2370   -0.048899 0.0286391 799.427
16 2371   -0.0508113 0.0299566 715.695
16 2372   -0.0445037 0.0323974 827.765
16 2373   -0.0464161 0.0337149 726.852
16 2405   -0.0150231 0.0336283 968.232
16 2406   -0.0175252 0.0308849 969.645
16 2407   -0.0151371 0.0278982 969.479
16 2408   -0.0114501 0.0290979 968.498
16 2409   -0.0112525 0.0320846 963.507
16 2410   0.00565348 -0.0204081 948.305
16 2440   -0.00427431 0.0165912 920.21
16 2441   -0.00692412 0.0163536 882.628
16 2442   -0.00483488 0.0150271 918.768
16 2443   -0.00633293 0.0149967 898.252
16 2444   -0.00519647 0.0179143 876.694
16 2445   -0.00634824 0.0177072 852.781
16 2452   -0.00602878 0.0218806 798.737
16 2453   -0.00509901 0.0216989 844.655
16 2454   -0.0059232 0.0229277 872.981
16 2455   -0.00499343 0.022746 896.409
16 2473   -0.00952715 0.0205033 857.415
16 2474   -0.00841345 0.0205033 767.081
16 2480   -0.0495939 -0.0261235 878.255
16 2481   -0.0515313 -0.0238512 904.966
16 2482   -0.0472327 -0.0244264 928.412
16 2483   -0.0477775 -0.0209015 957.929
16 2484   -0.0501388 -0.0201416 953.254
16 2522   -0.0378492 0.0336825 942.203
16 2524   -0.041909 0.0336825 891.93
16 2525   -0.0401085 0.032365 922.316
16 2546   -0.0439777 -0.0232514 967.958
16 2547   -0.0448254 -0.0262762 933.506
16 2548   -0.0455019 -0.0247922 944.028
16 2549   -0.0425392 -0.023965 967.203
16 2550   -0.042963 -0.0254773 963.355
16 2564   -0.00308904 -0.0180382 965.081
16 2565   -0.000773546 -0.0172285 969.336
16 2566   -0.00137492 -0.0184453 968.873
16 2567   -0.00366039 -0.0158468 969.594
16 2568   -0.00307903 -0.0169021 968.986
16 2569   -0.00185157 -0.0165926 969.249
16 2570   -0.00156062 -0.0139361 969.3
16 2571   -0.00176907 -0.0155974 969.44
16 2572   -0.0021642 -0.0143264 969.628
16 2573   -0.00231919 -0.0151806 969.632
16 2574   -0.00298305 -0.0151205 969.549
16 2575   -0.00334595 -0.0139007 968.486
16 2576   -0.00305089 -0.0144295 969.287
16 2577   -0.00260522 -0.014103 969.645
16 2578   -0.00266821 -0.0131362 969.391
16 2579   -0.00310469 -0.013488 969.353
16 2580   -0.00269588 -0.0136602 969.657
16 2581   -0.00337372 -0.0127063 969.493
16 2582   -0.00318383 -0.0130582 969.539
16 2583   -0.00297019 -0.0128697 969.353
16 2584   -0.00325828 -0.0122131 953.274
16 2585   -0.00325965 -0.0124792 967.831
16 2586   -0.00306051 -0.0125564 967.144
16 2587   -0.00309615 -0.0121958 947.806
16 2588   -0.00286558 -0.0122557 953.318
16 2589   -0.0029907 -0.0123676 960.218
16 2591   -0.00290553 -0.0120946 939.098
16 2592   -0.00303654 -0.0120733 932.194
16 2626   -0.0376851 -0.0336508 944.093
16 2629   -0.0397912 -0.0323015 926.849
16 2630   -0.04175 -0.0336508 895.275
16 2635   -0.00446778 -0.0320331 916.539
16 2636   0.000482984 -0.0321907 794.158
16 2637   -0.00133367 -0.0335559 842.258
16 2638   -0.00407167 -0.0268579 958.974
16 2639   -0.0056532 -0.0287852 953.423
16 2650   0.00399873 -0.0278138 815.173
16 2651   0.00396887 -0.0228474 925.29
16 2652   0.00581538 -0.025049 879.538
16 2653   0.000615021 -0.0291003 875.65
16 2654   -0.000937559 -0.0270154 924.387
16 2661   -0.00463142 0.0209733 855.599
16 2662   -0.00343764 0.0192252 921.619
16 2663   -0.00344306 0.0204946 918.958
16 2664   -0.00520189 0.020017 809.799
16 2665   -0.0046233 0.0190693 872.726
16 2671   -0.0460964 0.0121861 963.588
16 2672   -0.0487175 0.00988728 964.236
16 2673   -0.0512392 0.0116292 967.699
16 2674   -0.0472579 0.0145978 968.083
16 2675   -0.0498789 0.0147989 969.558
16 2718   -0.0259048 0.0325 969.6
16 2721   -0.02044 0.0322566 969.639
16 2722   -0.0226609 0.0297566 969.388
16 2723   -0.000161726 -0.0242683 948.502
16 2724   0.00136099 -0.0227863 947.356
16 2725   -0.00266173 -0.0231336 965.685
16 2726   -0.0027137 -0.0214351 958.062
16 2727   -0.000862267 -0.0200113 969.241
16 2728   0.000712427 -0.0202278 966.825
16 2729   -0.0428103 0.0251084 966.441
16 2730   -0.0441705 0.0265191 938.427
16 2731   -0.046635 0.0252379 924.432
16 2732   -0.0445947 0.0231218 966.296
16 2733   -0.046507 0.0231866 951.474
16 2763   -0.0258074 -0.0325 969.574
16 2766   -0.0224696 -0.0297272 969.331
16 2767   -0.0203017 -0.0322272 969.615
16 2768   -0.008319 0.0243635 938.008
16 2769   -0.0079597 0.0232255 890.789
16 2770   -0.00692704 0.0247256 946.735
16 2771   -0.00656774 0.0235876 903.004
16 2772   -0.0148062 -0.027795 969.397
16 2773   -0.014939 -0.0336136 968.499
16 2774   -0.0173405 -0.0308407 969.648
16 2775   -0.0110873 -0.0320907 964.009
16 2776   -0.0111376 -0.029045 968.56
16 2790   -0.0435964 0.0121861 957.409
16 2791   -0.0387392 0.0116307 946.507
16 2792   -0.0412175 0.00988886 954.816
16 2793   -0.0422579 0.0145978 947.124
16 2794   -0.0398789 0.0147989 930.858
16 2795   0.00476769 0.0338287 680.848
16 2796   0.00658923 0.0314862 682.938
16 2797   0.00203394 0.0323852 727.194
16 2798   0.00203107 0.0294982 797.891
16 2799   0.00476482 0.0285992 746.838
16 2848   0.000105591 -0.0154342 968.561
16 2849   -0.000751385 -0.0142841 968.499
16 2850   -0.00080485 -0.0150912 968.919
16 2851   0.00114385 -0.0141909 960.753
16 2852   0.00114393 -0.014976 966.286
16 2853   0.000478334 -0.0138311 960.427
16 2854   -0.000160377 -0.0138528 966.216
16 2855   0.000155916 -0.0127998 941.418
16 2856   0.000631188 -0.0130887 934.341
16 2857   0.000361789 -0.0127664 903.383
16 2858   -0.000328033 -0.012632 969.247
16 2859   -0.000374419 -0.0133029 967.099
16 2860   -0.000495042 -0.0126049 969.557
16 2861   -0.000216693 -0.0126501 966.594
16 2862   -0.000108043 -0.0129756 965.634
16 2863   -0.000872758 -0.0129142 969.344
16 2864   -0.000829062 -0.0125507 969.659
end
