939
16 1   -0.0449779 0.00318613 969.138
16 2   -0.045157 -0.00300306 969.171
16 3   -0.0399779 0.00818949 967.573
16 4   -0.0477798 -0.0217977 935.681
16 5   -0.0411386 -0.00655254 968.709
16 6   -0.0435091 -0.0297249 885.211
16 7   -0.000167169 0.0239602 937.999
16 8   -0.0384817 -0.00727739 967.757
16 9   -0.00125347 -0.0213384 962.546
16 10   -0.00180864 0.0215766 967.163
16 11   -0.000872584 0.0189544 967.921
16 12   -0.000657209 -0.01879 965.163
16 13   0.00559924 -0.0178675 900.22
16 14   0.0036432 -0.0190796 911.68
16 15   0.00684578 -0.0222359 862.043
16 16   -0.0024875 -0.0172962 962.02
16 17   0.00225289 -0.0179399 931.581
16 18   0.00684578 -0.0189977 894.906
16 19   0.000703866 -0.0178556 954.744
16 20   -0.00591534 0.0153771 938.406
16 21   0.00525016 -0.0161541 897.521
16 22   0.00579791 -0.0148784 876.534
16 23   0.00177137 0.0146205 957.679
16 24   -0.00212596 -0.0157432 963.116
16 25   0.00132744 -0.0153086 953.706
16 26   -0.00266506 -0.0146421 949.531
16 27   0.00447301 -0.0138065 864.356
16 28   0.00129397 -0.0142401 958.969
16 29   -0.00393585 0.0126701 883.249
16 30   -0.00169071 -0.0139096 957.049
16 31   -0.000134626 0.0133457 964.478
16 32   0.000629304 -0.0137408 967.222
16 33   0.00164609 -0.0129805 968.202
16 34   -0.00074294 0.0126385 963.825
16 35   0.00228641 0.0125172 826.151
16 36   0.000884327 -0.0131098 968.643
16 37   0.00125332 -0.012935 969.127
16 38   -0.00037565 0.0126981 965.863
16 39   0.00098145 -0.0124807 962.571
16 40   0.00123176 -0.012563 956.156
16 41   0.00139392 -0.0123967 909.347
16 42   0.00158382 -0.0123659 890.932
16 321   0.00567645 0.0294917 717.868
16 329   -0.00689317 -0.0145598 879.942
16 330   -0.00567951 -0.0154535 904.339
16 331   -0.00348492 -0.0143543 933.128
16 332   -0.00454342 -0.0146 917.014
16 335   -0.00700498 0.0148403 923.631
16 337   -0.0443252 -0.0225629 957.997
16 338   -0.0429849 -0.0255762 948.408
16 348   -0.00995758 -0.0304163 953.196
16 349   -0.00730877 -0.0334721 918.494
16 350   -0.00857633 -0.0271363 964.604
16 351   -0.00568622 -0.0266879 958.994
16 353   -0.0511394 0.0239911 886.927
16 364   -0.00732656 0.0334781 923.801
16 365   -0.0100079 0.0304343 955.358
16 366   -0.00293158 0.0307279 896.176
16 367   -0.00297721 0.0272901 929.665
16 368   -0.00615082 0.0267994 961.651
16 369   -0.00878651 0.0271934 965.206
16 370   -0.0410055 0.0310468 905.985
16 371   -0.0391945 0.0336823 909.148
16 372   -0.038713 0.0282581 956.278
16 374   -0.0360304 -0.0260347 968.048
16 375   -0.0326499 -0.0236768 965.635
16 401   -0.003984 0.0222096 961.646
16 402   -0.00551614 0.0241024 963.62
16 403   -0.00283376 0.0126407 954.941
16 404   -0.00237608 0.0123146 965.065
16 405   -0.00267573 0.012266 962.906
16 409   -0.00586554 0.016763 964.354
16 410   -0.00239597 0.0180563 969.306
16 411   -0.00455323 0.0172008 967.905
16 412   -0.00225777 0.0169769 968.601
16 413   -0.00342486 0.0166708 966.287
16 414   -0.00235262 0.0153077 966.307
16 415   -0.00321589 0.0158056 963.055
16 416   -0.00513957 0.0137163 898.6
16 417   -0.00493032 0.0147045 926.854
16 418   -0.00390406 0.0151584 950.981
16 419   -0.00375051 0.0144636 942.403
16 420   -0.00387504 0.0133229 914.999
16 421   -0.0043914 0.0137243 909.799
16 422   -0.00251448 0.0145824 964.02
16 423   -0.00324411 0.0137389 945.537
16 424   -0.0032242 0.0143855 952.271
16 425   -0.00230794 0.0140501 965.98
16 426   -0.00275949 0.0136525 958.999
16 427   -0.00261552 0.013154 963.062
16 428   0.00260037 0.0239543 912.2
16 429   0.00476467 0.026048 840.45
16 430   0.00658822 0.0246609 865.38
16 431   0.00641785 0.0208519 932.825
16 432   0.00550607 0.0229245 907.034
16 433   0.00334178 0.0222099 926.717
16 434   0.00506525 0.0196083 952.048
16 435   0.00290095 0.0202728 951.792
16 436   0.0024764 0.0176317 968.106
16 437   0.000544499 0.0183677 967.169
16 438   0.00193516 0.0190469 963.38
16 439   0.00130471 0.0156958 968.906
16 440   0.00164584 0.016849 969.5
16 441   0.000525635 0.017056 969.24
16 442   0.00036161 0.0154961 969.253
16 443   7.40642e-06 0.0163096 969.617
16 444   -0.00113624 0.01626 969.206
16 445   -0.00144006 0.015456 969.045
16 446   -0.000352699 0.0139769 967.59
16 447   -0.0001733 0.0147908 968.979
16 448   -0.00083132 0.0148003 969.638
16 449   -0.000859959 0.013778 968.397
16 450   -0.00116148 0.0141947 969.589
16 451   -0.00152766 0.0139536 969.634
16 452   -0.00190352 0.0138786 969.119
16 453   -0.00228083 0.0131639 968.834
16 454   -0.00202038 0.0134909 969.384
16 455   -0.00223568 0.0125544 963.028
16 456   -0.00220884 0.0129146 969.545
16 457   -0.00191983 0.0129952 966.954
16 458   -0.00186816 0.0127562 953.581
16 459   -0.00200324 0.0125004 931.725
16 460   -0.00174416 0.0123255 826.125
16 461   -0.0019106 0.0122985 858.739
16 489   -0.00349333 -0.0220537 960.255
16 490   -0.0049246 -0.0239637 964.268
16 494   0.00128618 0.0135181 930.025
16 495   0.000502686 0.013257 943.721
16 496   0.0018505 0.0127821 862.855
16 497   0.00151718 0.0124479 830.651
16 501   0.00106701 0.012521 863.505
16 502   0.000616835 0.012594 898.892
16 581   -0.00679057 -0.010861 749.29
16 585   0.00680122 -0.0143201 863.815
16 589   -0.0403025 -0.0242476 960.587
16 590   -0.0379755 -0.024622 953.025
16 595   -0.0411462 0.0249969 968.077
16 596   -0.0391987 0.0261903 968.136
16 597   -0.0047021 0.0206964 922.641
16 598   -0.00504029 0.018616 957.069
16 599   -0.00405013 0.0191654 962.867
16 606   -0.050157 -0.00544876 969.521
16 609   -0.0489854 -0.00941726 969.667
16 610   -0.0513285 -0.0114735 969.037
16 611   -0.0435749 -0.0109741 968.933
16 612   -0.0464217 -0.0113931 969.638
16 613   -0.042136 -0.0127691 967.255
16 614   -0.0433699 -0.0152276 967.96
16 615   -0.0396998 -0.0119602 965.057
16 616   -0.0387181 -0.0134073 959.819
16 617   -0.0423687 -0.0198683 951.428
16 618   -0.0420414 -0.0170891 957.369
16 619   -0.0473562 0.0130371 969.169
16 620   -0.0423562 0.0130371 965.9
16 621   -0.0386394 0.0173355 894.883
16 622   -0.0432964 0.0167981 965.696
16 623   -0.0410177 0.0154604 956.53
16 624   -0.00299894 -0.0128403 921.872
16 625   -0.00337464 -0.0134698 926.044
16 626   -0.00623504 -0.0133024 859.788
16 627   -0.00518653 -0.0117659 815.626
16 628   -0.00684187 -0.0123663 810.27
16 629   -0.00565949 -0.011518 777.883
16 630   -0.00636892 -0.0116356 780.1
16 631   -0.00404895 -0.0132334 916.662
16 632   -0.00476605 -0.013671 903.516
16 633   -0.00524401 -0.013267 884.264
16 634   -0.00490493 -0.0123373 866.634
16 635   -0.00341112 -0.0124643 947.257
16 636   -0.00393187 -0.0127345 927.15
16 637   -0.00407342 -0.0123663 936.875
16 638   -0.00371737 -0.0120694 967.8
16 639   -0.00338797 -0.0121228 965.832
16 641   -0.0112833 -0.0229163 963.872
16 642   -0.00925977 -0.0246363 964.783
16 647   0.00533586 0.0182112 964.164
16 648   0.0037128 0.0174605 968.203
16 650   0.00668847 0.0171327 968.672
16 651   0.00665505 0.0141064 920.03
16 652   0.00423717 0.0163793 969.4
16 653   0.0058268 0.0150466 955.487
16 654   0.00586023 0.0161871 968.767
16 655   0.00292643 0.0148444 956.822
16 656   0.0045928 0.0148562 954.492
16 657   0.00381469 0.0156214 966.516
16 658   0.00414031 0.0141826 940.218
16 659   0.00326876 0.0139759 935.158
16 660   0.00263462 0.0127418 874.716
16 661   0.00302623 0.0132406 909.655
16 662   0.00292376 0.0123067 887.23
16 665   -0.00389474 -0.0176651 934.203
16 666   -0.00548914 -0.0166777 903.635
16 667   -0.0067028 -0.0181389 836.275
16 679   -0.0113378 0.0229343 965.226
16 680   -0.00946967 0.0246934 966.442
16 681   -0.0329421 0.023087 961.488
16 682   -0.0348525 0.0252982 965.331
16 686   0.00593697 0.0130378 871.926
16 687   0.00530395 0.0115798 786.16
16 723   -0.0329605 -0.0212256 950.195
16 730   -0.0510348 0.0324944 680.081
16 738   -0.0461687 -0.032367 739.531
16 743   0.00655942 -0.0116621 802.972
16 744   0.00715061 -0.0124293 842.882
16 745   0.00645183 -0.0129801 828.871
16 746   0.00591443 -0.0118232 766.021
16 747   0.00580684 -0.0126027 792.372
16 748   0.00453573 -0.0130256 810.368
16 749   0.00521565 -0.0126432 772.821
16 750   0.00398087 -0.0127871 819.583
16 751   0.00412339 -0.0123246 747.772
16 752   0.00347475 -0.0128147 877.487
16 753   0.00281518 -0.0123874 914.622
16 755   0.00238077 -0.0122382 957.126
16 756   0.00258918 -0.0122044 933.606
16 783   0.00368854 -0.0121211 762.715
16 784   0.00310939 -0.0122151 881.685
16 785   0.00342422 -0.0123836 847.496
16 789   0.00537703 -0.0114739 724.613
16 790   0.00502764 -0.0120186 731.495
16 791   0.00449024 -0.0119386 711.531
16 867   0.000225929 0.0322498 781.749
16 868   0.00385961 0.0322498 700.557
16 872   0.00568344 -0.0305881 690.502
16 873   -0.00290721 -0.0320015 861.878
16 874   -0.0026659 -0.0284973 902.51
16 876   0.00386688 -0.0335294 685.516
16 877   0.00023376 -0.0335294 742.211
16 900   -0.00568439 0.0130904 859.648
16 901   -0.0070598 0.0129927 881.78
16 902   -0.00656478 0.0135418 891.293
16 903   -0.00646861 0.0115144 797.963
16 904   -0.0070598 0.0119199 855.928
16 906   -0.00661321 0.0108222 791.58
16 907   -0.0072044 0.0105125 878.994
16 918   -0.0242337 -0.0325 966.888
16 919   -0.0294049 -0.0249512 969.475
16 920   -0.0259577 -0.0225 969.589
16 921   -0.0209042 -0.0297221 967.636
16 922   -0.0220906 -0.0247221 969.327
16 923   -0.0136277 -0.0291663 964.041
16 924   -0.0161489 -0.0322221 963.212
16 925   -0.01427 -0.0241663 969.407
16 1080   -0.0386267 -0.0213938 713.051
16 1081   -0.0393526 -0.0200277 766.161
16 1082   -0.0401721 -0.0222451 894.497
16 1083   -0.040898 -0.020879 903.102
16 1084   -0.00726352 -0.0108578 743.347
16 1086   -0.0400714 0.0190122 864.284
16 1087   -0.0423501 0.0186832 953.093
16 1088   -0.0429354 0.0206988 966.017
16 1089   -0.00661435 -0.0216079 754.018
16 1090   -0.0080594 -0.0218321 829.963
16 1091   -0.00645122 -0.0233279 924.379
16 1092   -0.00789628 -0.0235521 938.155
16 1093   -0.00815609 0.0218577 848.202
16 1094   -0.00815325 0.0236168 947.674
16 1095   -0.0068354 0.0234198 935.41
16 1096   -0.006896 0.0209286 693.971
16 1097   -0.00623566 0.0217096 839.362
16 1098   -0.00714528 -0.0104305 732.606
16 1099   -0.00738176 -0.0103066 587.442
16 1100   -0.00590216 -0.0193484 797.623
16 1101   -0.00589526 -0.02078 742.001
16 1102   -0.00430776 -0.0191583 909.162
16 1103   -0.00430087 -0.0205899 904.58
16 1105   0.00705661 0.0104651 745.092
16 1106   0.0072044 0.0108533 741.099
16 1110   0.0073522 0.0104266 662.914
16 1114   0.0074261 0.0101551 322.133
16 1115   0.0072783 0.0102326 559.602
16 1116   -0.0370672 0.0218362 800.458
16 1117   -0.0393075 0.0208173 749.388
16 1118   -0.0384035 0.0246331 951.672
16 1119   -0.0368443 0.0240475 932.343
16 1120   -0.0410321 0.0218351 916.534
16 1121   -0.040351 0.0234396 945.08
16 1150   0.0072044 -0.0106933 877.806
16 1151   0.00661321 -0.0110031 802.081
16 1200   -0.00449891 -0.0119963 870.455
16 1201   -0.00426244 -0.0121202 910.664
16 1309   -0.0374911 -0.0216513 763.451
16 1310   -0.0367094 -0.0228769 892.273
16 1311   -0.0358566 -0.0206128 836.921
16 1312   -0.035075 -0.0218384 913.655
16 1334   0.00329123 0.0122471 943.292
16 1378   0.00493757 0.0131082 897.893
16 1379   0.00437492 0.0135005 920.168
16 1380   0.00374334 0.0131478 915.05
16 1381   0.00401334 0.0122605 943.159
16 1382   0.00371919 0.0125894 925.14
16 1383   0.00494491 0.0119826 827.159
16 1384   0.0048323 0.0125195 872.125
16 1385   0.00436799 0.0123336 886.172
16 1387   0.0043328 0.0118741 849.773
16 1388   0.0046284 0.0117192 817.016
16 1391   -0.0405623 -0.0310369 910.77
16 1392   -0.0390467 -0.033679 910.445
16 1393   -0.0369294 -0.0284881 960.993
16 1395   -0.00695518 0.0175353 968.789
16 1398   -0.00689742 0.0194551 824.941
16 1399   -0.0063526 0.018772 923.78
16 1400   -0.00314308 0.0123903 928.03
16 1401   -0.00347027 0.0123372 901.738
16 1438   -0.0505643 -0.0249961 866.893
16 1440   -0.0490991 -0.02991 728.995
16 1441   -0.0510348 -0.0325431 679.563
16 1491   -0.0242352 0.0325 967.128
16 1492   -0.0263313 0.0225 969.544
16 1493   -0.0297244 0.024558 969.166
16 1494   -0.022109 0.0247281 969.36
16 1495   -0.020922 0.0297281 967.857
16 1496   -0.0143248 0.0241843 969.457
16 1497   -0.0161665 0.0322281 964.045
16 1498   -0.0136781 0.0291843 964.75
16 1500   -0.0164376 0.0222281 969.625
16 1501   -0.0195628 0.0222281 969.56
16 1571   5.28373e-05 -0.0164048 965.121
16 1572   0.000429812 -0.0156737 963.578
16 1573   -0.000946697 -0.0157862 969.503
16 1574   -0.00108737 -0.0143 967.902
16 1575   -0.000882458 -0.0150755 969.437
16 1576   -0.000256985 -0.0150348 968.93
16 1577   9.20082e-05 -0.013945 968.748
16 1578   -0.000658597 -0.0140543 969.343
16 1579   -0.000265197 -0.0144643 969.367
16 1580   3.28293e-05 -0.0129793 967.207
16 1581   -0.000520325 -0.0135796 969.365
16 1582   -8.24574e-05 -0.0134906 969.295
16 1583   -0.00178358 -0.0132902 942.793
16 1584   -0.00173495 -0.0124593 882.881
16 1585   -0.00228395 -0.0123702 849.031
16 1586   -0.00245981 -0.0128234 909.19
16 1587   -0.0010344 -0.0125106 940.057
16 1588   -0.00145174 -0.0126838 924.504
16 1589   -0.00132452 -0.0130614 948.619
16 1590   -0.00024938 -0.012875 968.812
16 1591   -0.000751526 -0.012695 962.11
16 1592   -0.000561366 -0.0131814 969.011
16 1593   -0.00084391 -0.013037 964.008
16 1595   -0.000485731 -0.0125597 968.236
16 1596   -0.000266129 -0.0125953 968.588
16 1622   -0.0164131 -0.0222221 969.613
16 1623   -0.0195422 -0.0222221 969.557
16 1635   0.000456227 -0.0233058 924.197
16 1636   0.00398753 -0.0273654 767.692
16 1637   0.000595712 -0.0268025 876.175
16 1638   0.00319382 -0.0218252 903.512
16 1639   0.00514987 -0.0238513 847.613
16 1653   0.000311104 -0.0128062 963.094
16 1654   0.000766221 -0.0126345 969.598
16 1655   0.00064754 -0.0128916 968.711
16 1657   0.000307504 -0.012569 955.331
16 1658   0.000552067 -0.0125293 967.547
16 1686   -0.0356252 0.021029 864.98
16 1687   -0.033492 0.021029 942.402
16 1698   -0.0109554 0.0209781 951.137
16 1699   -0.00909014 0.0209781 882.711
16 1702   -0.0492247 0.0260067 859.343
16 1703   -0.0491201 0.0299239 729.155
16 1704   -0.0434807 0.0258118 940.584
16 1705   -0.0459494 0.02453 926.19
16 1706   -0.0461897 0.0324295 738.565
16 1707   -0.0438256 0.029794 878.989
16 1716   -0.0314881 0.033529 960.785
16 1717   -0.0295283 0.028087 968.749
16 1718   -0.0281025 0.031029 966.926
16 1719   -0.0347956 0.0322113 951.739
16 1720   -0.0333313 0.0277982 968.733
16 1721   -0.035213 0.0294225 961.414
16 1761   -0.0011179 0.0134325 967.001
16 1762   -0.00145659 0.0136033 969.202
16 1763   -0.00169564 0.0131775 967.152
16 1764   -0.0017242 0.0134239 969.359
16 1765   -0.00101348 0.0128411 953.313
16 1766   -0.00143233 0.0131108 961.695
16 1767   -0.0011222 0.0131864 963.142
16 1768   -0.00122941 0.0126639 931.607
16 1769   -0.00141782 0.0128672 947.548
16 1770   -0.0015981 0.0124661 871.462
16 1771   -0.00162945 0.0126949 930.942
16 1773   -0.0012746 0.0124101 884.949
16 1774   -0.00143164 0.0123846 847.876
16 1791   -0.0499779 0.00574043 969.527
16 1792   -0.0499779 0.0107438 969.408
16 1811   -0.0511394 0.0177494 953.743
16 1812   -0.0457964 0.0167981 969.015
16 1813   -0.0485177 0.0154604 966.934
16 1829   -0.0109316 -0.0209721 946.616
16 1830   -0.00907119 -0.0209721 862.577
16 1837   -0.0386078 -0.018839 818.683
16 1839   -0.0398259 -0.0169111 925.875
16 1840   -0.0387181 -0.0155721 943.096
16 1851   -0.00580512 0.0118127 757.596
16 1852   -0.00535853 0.0114302 712.596
16 1853   -0.00551592 0.0124819 800.409
16 1854   -0.00455363 0.0123202 776.965
16 1855   -0.00506613 0.0118423 725.205
16 1856   -0.00507253 0.0123566 777.154
16 1858   -0.00439944 0.0118834 712.502
16 1859   -0.00469504 0.0117285 708.411
16 1862   -0.0315138 -0.0337256 960.256
16 1863   -0.0296071 -0.0286768 968.14
16 1864   -0.0281276 -0.0312256 966.61
16 1865   -0.0337512 -0.0298558 962.606
16 1866   -0.034674 -0.0324046 951.385
16 1881   -0.0497787 0.0215391 925.434
16 1882   -0.0497787 0.0194585 945.774
16 1883   -0.0470574 0.0187157 962.8
16 1884   -0.0458231 0.0224774 950.584
16 1885   -0.0444624 0.0210657 967.82
16 1886   -0.0477377 0.0215021 940.563
16 1887   -0.0463771 0.0200904 961.024
16 1888   -0.0511078 -0.0172584 955.725
16 1889   -0.0483233 -0.0182698 959.261
16 1890   -0.0499362 -0.0144775 966.616
16 1891   -0.0473725 -0.013955 969.109
16 1892   -0.0457595 -0.0159945 969.358
16 1893   0.00174501 -0.0124643 948.299
16 1894   0.00188386 -0.0126909 968.759
16 1895   0.00226803 -0.0157165 935.746
16 1896   0.00273094 -0.0165315 926.48
16 1897   0.00377216 -0.0159578 909.486
16 1898   0.00381541 -0.0143098 898.883
16 1899   0.00295618 -0.0151002 919.874
16 1900   0.00366233 -0.0151854 907.721
16 1901   0.00291699 -0.0144587 919.397
16 1902   0.00330154 -0.0139906 907.671
16 1903   0.00324646 -0.013063 900.534
16 1904   0.00317598 -0.0134969 907.356
16 1905   0.00280788 -0.0126663 918.205
16 1906   0.00299558 -0.0129422 909.547
16 1907   0.00191497 -0.0139186 951.561
16 1908   0.00247579 -0.0140942 933.662
16 1909   0.00185363 -0.0133327 960.01
16 1910   0.00275559 -0.0131548 923.439
16 1911   0.00224494 -0.013287 949.443
16 1912   0.0028142 -0.0135097 921.017
16 1913   0.00249855 -0.0136388 935.325
16 1914   0.00258128 -0.0127469 936.085
16 1915   0.00256423 -0.0130184 935.406
16 1916   0.00236923 -0.0130214 947.005
16 1917   0.00216877 -0.0127087 962.786
16 1918   0.00243685 -0.0126794 947.941
16 1919   0.0023357 -0.0128204 952.096
16 1920   0.00229853 -0.0123762 962.305
16 1921   0.00235521 -0.0125538 955.689
16 1922   0.00218463 -0.0125815 964.65
16 1923   0.00194157 -0.0123718 957.282
16 1924   0.00215961 -0.0123364 969.102
16 1925   0.00209629 -0.0124713 969.127
16 1927   0.00193852 -0.0122477 933.488
16 1928   0.00207126 -0.0122262 965.038
16 2012   0.00714096 0.0120323 793.553
16 2013   0.00642289 0.0123721 822.836
16 2014   0.00618028 0.0111389 737.956
16 2015   0.0058317 0.0117507 788.85
16 2016   0.00603248 0.0112163 747.601
16 2017   0.00640197 0.0110227 739.672
16 2018   0.00684537 0.011256 757.79
52 221   -0.00517103 0.000982464 923.551
52 222   -0.00305795 0.00229269 937.764
52 223   -0.00291567 0.00456691 944.75
52 224   -0.0048795 -0.00133376 931.905
52 225   0.00116668 -0.00434729 953.534
52 226   0.0031259 -0.000822762 936.927
52 227   0.00316703 0.00130993 940.332
52 228   0.00116772 -0.00204802 945.729
52 229   -0.000655719 -0.00551318 962.4
52 230   0.00300074 -0.00519505 946.846
52 231   -0.000681165 -0.00766051 969.182
52 232   0.00492274 -0.00173379 923.569
52 233   0.00479863 -0.0038068 924.212
52 234   -0.00621313 -0.00456796 935.335
52 235   -0.0065689 -0.00253522 923.275
52 236   0.00832636 -0.00317699 890.52
52 237   0.0049027 0.00236405 934.74
52 238   -0.0022643 -0.00841336 968.991
52 239   0.00651889 -0.000767574 913.427
52 240   -0.00833124 -0.00198828 918.015
52 241   0.00917064 -2.82857e-05 905.426
52 242   0.00808164 -0.00149503 896.319
52 243   -0.00764041 -0.00526602 918.776
52 244   0.0067071 0.00479684 929.912
52 245   0.00637006 0.00180025 921.433
52 246   0.000516123 -0.00863885 963.18
52 247   0.00179021 -0.00857547 946.984
52 248   -0.0089541 0.000419193 902.861
52 249   -0.00895291 -0.00077882 916.169
52 250   0.00685426 0.000664737 916.057
52 251   0.00841582 0.00113529 916.438
52 252   0.00862758 0.00221406 915.765
52 253   0.00747741 0.00271246 914.481
52 254   0.00762544 0.00369202 912.19
52 255   -0.00919512 -0.0028977 903.325
52 256   0.000358036 -0.00997239 940.592
52 257   -0.00939191 -0.00645155 892.666
52 258   -0.00873784 -0.00447779 895.307
52 259   0.00874206 0.00514468 895.14
52 260   0.00934686 0.00273724 902.492
52 261   0.00950321 0.00553579 864.799
52 262   -0.00905368 -0.00371321 889.623
52 263   -0.00965474 -0.00553428 856.968
52 264   0.00855455 0.00392676 899.32
52 265   0.00893227 0.00450742 886.82
52 266   0.00118391 -0.010242 899.787
52 267   0.010042 0.00269657 877.524
52 268   -0.00942397 -0.0048991 861.47
52 269   0.0091258 0.00347038 888.323
52 270   0.0102054 0.00526729 791.871
52 271   -0.00984504 -0.00381921 827.501
52 272   0.000491457 -0.0114855 957.261
52 273   -0.00997719 -0.00255521 889.947
52 274   0.00122668 -0.010877 867.442
52 275   0.0095829 0.00430981 843.122
52 276   0.000917964 -0.0113204 886.028
52 277   0.0102348 0.00482381 764.311
52 278   0.00962504 0.00377623 849.397
52 279   0.00998892 0.00446942 787.703
52 280   0.010214 0.00329572 809.799
52 281   -0.010486 -0.00480369 736.097
52 282   0.0100181 0.00364224 806.47
52 283   -0.00189604 0.011064 794.833
52 284   0.00183609 -0.0109151 816.656
52 285   0.0015627 -0.0110188 820.143
52 286   0.00109856 -0.0116935 836.016
52 287   0.0103011 0.00418599 744.489
52 288   0.0102881 0.00389239 755.571
52 289   0.0106298 0.00472053 717.713
52 290   0.00189154 -0.0112358 770.875
52 291   0.00153617 -0.0113531 777.217
52 292   0.0105473 0.00426429 714.355
52 293   0.0106302 0.00444444 709
52 294   0.00132889 -0.0116441 745.257
52 295   0.00144743 -0.0115295 747.09
52 296   0.0107113 0.00412262 702.834
52 297   0.010803 0.00481302 710.691
52 298   0.00171677 -0.0114039 745.119
52 299   0.0109296 0.00459389 695.661
52 300   0.0109374 0.0044376 689.982
52 301   0.0108113 0.00438064 696.076
52 302   0.0108417 0.0042127 693.372
52 303   0.00171844 -0.0115792 650.012
52 304   0.00154213 -0.0116702 600.824
52 305   0.0109504 0.00416564 687.032
52 306   0.0110376 0.00433532 682.252
52 307   -0.0110831 -0.00437042 680.581
52 308   0.00136565 -0.0118249 635.047
52 309   0.00163254 -0.0116692 547.465
52 310   0.0110201 0.0042313 682.082
52 311   0.0111196 0.00433593 677.969
52 312   0.00164407 -0.0117729 317.863
52 313   0.0111471 0.00425524 674.63
52 314   0.00161062 -0.011889 2.67342
52 315   -0.0112535 -0.00415945 750.359
52 316   -0.00884967 -0.00716925 900.625
52 380   0.000497938 0.00231783 948.957
52 381   0.00183772 0.00231251 947.843
52 382   0.00187082 0.00445698 957.073
52 383   -0.0010363 0.0050639 957.815
52 384   0.000177032 0.00393527 954.638
52 385   0.000885052 0.00498934 960.006
52 386   -0.000954005 0.00615391 963.771
52 387   0.000297452 0.00608202 965.206
52 388   0.00141439 0.00805576 969.374
52 389   0.000333124 0.00712894 968.88
52 390   0.000231607 0.00913402 961.125
52 391   0.00132382 0.00905702 966.416
52 392   0.00178851 0.00990093 959.837
52 506   -0.0111091 -0.00428145 677.321
52 507   -0.01117 -0.00426346 673.49
52 508   -0.00987671 -0.00452823 809.621
52 509   -0.00998194 -0.00421292 795.45
52 510   -0.0103018 -0.00459615 749.91
52 511   -0.0104637 -0.00436433 725.885
52 512   -0.0103503 -0.00419736 741.676
52 513   -0.0106654 -0.00430354 706.256
52 514   -0.0107369 -0.00416334 702.501
52 515   -0.0108429 -0.00440722 695.366
52 516   -0.0109593 -0.00434744 687.509
52 517   -0.0109137 -0.00423141 689.753
52 518   -0.010948 -0.00409953 690.507
52 519   -0.0108689 -0.00415099 694.005
52 520   -0.010992 -0.00414905 686.364
52 521   -0.0109936 -0.00421084 684.944
52 524   -0.0101194 -0.0034812 811.525
52 525   -0.0104145 -0.00302689 824.832
52 526   -0.0101102 -0.0030327 852.254
52 527   -0.0106978 -0.00345859 753.403
52 528   -0.0103664 -0.00359633 771.354
52 529   -0.0104813 -0.00335445 782.699
52 530   -0.0107041 -0.00365338 732.415
52 531   -0.0105249 -0.00378821 738.087
52 532   -0.0105241 -0.00399262 726.254
52 533   -0.010709 -0.00401939 708.254
52 536   -0.010831 -0.00389246 706.011
52 537   -0.010969 -0.00378563 706.554
52 538   -0.0108253 -0.00373086 717.187
52 539   -0.0109119 -0.00369063 716.195
52 540   -0.0110493 -0.00390315 696.477
52 541   -0.0109204 -0.00393301 699.479
52 542   -0.0109718 -0.00386643 701.258
52 543   -0.0109699 -0.00402187 692.593
52 544   -0.0111207 -0.00399521 688.566
52 545   -0.0110272 -0.00401444 690.361
52 546   -0.0110552 -0.00396231 692.504
52 547   -0.0111213 -0.00404362 685.279
52 548   -0.0110735 -0.00406265 685.78
52 549   -0.0111175 -0.00412094 680.574
52 550   -0.0110742 -0.0041023 683.618
52 551   -0.0110463 -0.00413691 683.553
52 552   -0.0111122 -0.00415784 678.998
52 553   -0.0110696 -0.0041701 681.039
52 554   -0.0110564 -0.0042183 680.785
52 555   -0.0110877 -0.00424021 678.522
52 556   -0.0111629 -0.00422474 673.761
52 557   -0.0111238 -0.00421413 676.526
52 558   -0.0111351 -0.00417997 676.794
52 559   -0.0111838 -0.00420316 672.817
52 560   -0.0111647 -0.00417799 675.079
52 643   0.00264905 0.00549257 961.333
52 644   0.00247282 0.00751473 968.974
52 645   0.00344069 0.00797498 969.364
52 646   0.00652324 0.00965402 809.345
52 668   -0.000162821 -0.0104203 950.255
52 669   0.000111408 -0.011125 960.117
52 670   -0.00215153 -0.00976463 962.098
52 671   -0.00137143 -0.0103148 955.035
52 672   -0.000807757 -0.0103897 956.986
52 674   -0.000324756 -0.0114771 967.834
52 675   -0.000743705 -0.0110873 963.918
52 676   -0.00102694 -0.0114253 962.334
52 694   0.00357893 0.00890197 968.27
52 695   0.00339827 0.00969672 965.458
52 696   0.00234585 0.010209 956.198
52 697   0.0029867 0.0101003 962.182
52 698   0.00180052 0.0112177 916.991
52 699   0.00215512 0.0107913 939.169
52 701   0.00217298 0.0115755 819.486
52 702   0.0019019 0.011585 870.42
52 712   -0.0030405 -0.00992435 962.777
52 713   -0.0027555 -0.0105757 952.221
52 714   -0.00372671 -0.0106719 968.631
52 715   -0.00319999 -0.0106555 959.099
52 716   -0.00316413 -0.0110505 953.233
52 717   -0.00384757 -0.0110058 968.965
52 718   -0.00353413 -0.0111281 968.848
52 732   0.00519505 -0.00745416 918.004
52 761   0.00455666 0.00946073 958.839
52 762   0.00404271 0.00986678 964.613
52 763   0.00417322 0.0104429 968.399
52 764   0.00470765 0.0105477 966.063
52 765   0.00548486 0.00946029 922.975
52 766   0.00498971 0.00965924 944.521
52 767   0.0050102 0.0101701 946.398
52 769   0.00538824 0.010336 923.83
52 770   -0.00457006 0.00532149 930.414
52 771   -0.00660156 0.00477536 904.13
52 772   -0.00553893 0.00740443 910.187
52 773   -0.00429895 0.00705127 939.53
52 786   -0.00646386 0.00667409 910.806
52 787   -0.00725537 0.00577479 899.943
52 798   -0.00154406 0.00723678 968.018
52 799   -0.000621891 0.00868859 962.694
52 800   -0.000610943 0.00768477 969.467
52 801   -0.00213486 0.00912848 914.764
52 802   -0.00133844 0.00918181 940.287
52 804   -0.00226904 0.0101496 857.426
52 805   -0.00250561 0.00975594 863.55
52 806   0.00212396 -0.0106142 835.53
52 807   0.00225601 -0.00974983 880.32
52 808   0.0018078 -0.0100828 879.761
52 810   -0.000177353 0.00120117 946.25
52 811   -0.00153799 0.00114333 944.108
52 812   -0.000136335 -0.00102933 946.396
52 813   -0.00308878 -0.0017129 942.544
52 814   -0.0011336 -0.00162829 946.91
52 815   -0.00186034 -0.000546044 943.683
52 816   -0.00192601 -0.00438184 956.822
52 817   -0.00172461 -0.0027673 949.66
52 818   -0.00299947 -0.00282299 947.028
52 819   -0.00471681 -0.00501331 951.739
52 820   -0.00284582 -0.00494639 958.011
52 821   -0.00355591 -0.00392867 950.381
52 822   -0.00342039 -0.00735898 968.561
52 823   -0.00338993 -0.0060115 963.066
52 824   -0.0046235 -0.00605057 960.047
52 825   -0.00507798 -0.00699828 965.341
52 826   -0.00422993 -0.00779783 969.198
52 843   0.00150376 -0.0117589 496.382
52 844   0.00147279 -0.0118572 349.578
52 845   0.00144582 -0.0117991 524.221
52 846   0.00154121 -0.0117964 372.727
52 847   0.00152024 -0.0118378 300.9
52 848   0.0015911 -0.0118113 240.814
52 850   0.00154783 -0.0118673 101.716
52 870   0.00750816 -0.0047477 890.569
52 871   0.00624374 -0.00497219 910.093
52 926   0.0111906 0.00413974 674.578
52 927   0.011187 0.00410975 676.63
52 928   -0.00164748 0.0113064 773.694
52 929   -0.00116023 0.00991556 914.172
52 930   -0.00158023 0.0107822 842.59
52 931   -0.00172008 0.0102559 872.606
52 932   0.000200146 0.0099014 951.486
52 933   -0.000683169 0.0101909 923.911
52 934   -0.000267112 0.0101886 939.932
52 935   -0.000239463 0.0107221 942.362
52 936   -0.00107114 0.0108335 878.968
52 937   -0.000577107 0.0108662 924.142
52 938   -0.000733934 0.0105825 913.893
52 939   -0.00105732 0.0111003 865.877
52 940   -0.000771311 0.0111341 906.256
52 944   -0.000902595 0.0117636 894.677
52 945   -0.000795071 0.0113624 906.544
52 946   -0.000585576 0.0115648 949.111
52 947   -0.000646921 0.0117547 955.718
52 948   -0.00106181 0.0116416 838.834
52 949   -0.00101563 0.0114303 860.443
52 950   -0.00139542 0.0113762 789.131
52 951   -0.00119947 0.01131 830.893
52 952   -0.00130032 0.0118597 656.609
52 953   -0.00121346 0.0117291 777.896
52 954   -0.00137892 0.0115208 767.69
52 955   -0.00129379 0.0116455 758.694
52 956   -0.00160945 0.011576 671.81
52 957   -0.00146658 0.0116586 666.079
52 958   -0.00148707 0.0115543 729.934
52 959   -0.00162568 0.0116697 558.067
52 960   -0.00155224 0.0116909 564.148
52 962   -0.00167274 0.0117276 438.286
52 963   -0.00163826 0.0117597 377.097
52 964   -0.00164272 0.0118028 209.012
52 965   -0.00156005 0.0117878 360.9
52 966   -0.00158095 0.011754 427.98
52 967   -0.00159138 0.0118107 254.467
52 968   -0.00157615 0.0118345 177.64
52 969   -0.00161675 0.01182 170.192
52 970   -0.00159279 0.011845 99.1626
52 971   -0.00161025 0.0118427 84.3677
52 972   -0.0112145 -0.00420104 670.782
52 973   -0.00139728 0.0118291 544.438
52 974   -0.00142401 0.011721 632.361
52 975   -0.00135937 0.0117413 682.418
52 976   -0.00151557 0.0117993 399.517
52 977   -0.00146744 0.0117863 502.295
52 978   -0.0014564 0.0118312 437.858
52 980   -0.00149284 0.0118664 269.337
52 981   -0.0015197 0.0118447 267.609
52 982   -0.00155241 0.0118798 67.3953
52 983   -0.00154894 0.0118571 144.589
52 989   0.00160727 -0.0118622 20.1474
52 990   0.0015895 -0.0118421 119.744
52 991   0.00156719 -0.0118567 92.3668
52 992   0.00160085 -0.0118887 3.35775
52 995   0.00159201 -0.0118771 9.92922
52 996   0.00157786 -0.0118781 21.3286
52 1011   -0.010398 -0.00518643 767.945
52 1012   -0.0101854 -0.00555546 812.168
52 1019   -0.0108767 -0.00458653 698.022
52 1020   -0.0107742 -0.00476455 709.965
52 1161   -0.00448825 -0.00868973 967.262
52 1162   -0.00402837 -0.00948451 964.771
52 1163   -0.00427009 -0.0101522 965.684
52 1164   -0.00486112 -0.0103026 959.221
52 1165   -0.00725452 -0.0087425 958.346
52 1166   -0.0058964 -0.00746464 966.902
52 1167   -0.00763722 -0.0084135 967.417
52 1168   -0.00722423 -0.00670612 942.729
52 1169   -0.0080102 -0.00727077 935.658
52 1170   -0.0052579 -0.00854978 965.186
52 1171   -0.00581798 -0.00812424 969.377
52 1172   -0.00671933 -0.00917461 886.743
52 1173   -0.00664527 -0.00861811 956.361
52 1174   -0.00565299 -0.00909113 939.805
52 1175   -0.00628714 -0.00922208 890.844
52 1177   -0.00651368 -0.00967547 806.33
52 1178   -0.00625854 -0.00989481 784.582
52 1206   0.00562283 0.0102444 886.15
52 1208   0.00573994 0.00987953 869.125
52 1209   0.00606298 0.0100128 800.383
52 1220   0.00633221 0.00981813 797.462
52 1221   0.00620485 0.00992754 773.654
52 1236   -0.00594951 -0.00992486 829.833
52 1237   -0.0055705 -0.00957457 908.53
52 1238   -0.00530654 -0.0099784 919.089
52 1240   -0.00584227 -0.0102675 834.572
52 1241   -0.00552883 -0.0103898 906.92
52 1271   0.00243379 0.0109454 926.321
52 1272   0.00235028 0.0113623 855.114
52 1274   0.00262513 0.0114825 828.234
52 1297   0.00267091 -0.00846731 968.41
52 1299   0.00440129 -0.00787519 939.765
52 1300   0.00325634 -0.00723112 957.261
52 1313   0.00631785 -0.00649899 911.87
52 1314   0.0059221 -0.00694864 912.488
52 1320   -0.00298948 -0.0113092 920.257
52 1321   -0.00267603 -0.0114315 846.407
52 1324   0.00311257 0.0105943 958.641
52 1325   0.00275039 0.0108571 940.318
52 1326   0.00282328 0.0112129 909.33
52 1327   0.00309431 0.0112992 930.787
52 1328   0.00381486 0.0107396 969.098
52 1329   0.00338743 0.0107144 963.749
52 1330   0.00329628 0.0110636 959.863
52 1331   0.00388011 0.0110277 968.841
52 1332   0.00356732 0.0111499 969.044
52 1338   -0.00363422 0.00819684 959.845
52 1341   -0.00279765 0.00896147 950.772
52 1342   -0.00261602 0.00804693 968.575
52 1422   -0.00773332 0.00404007 894.115
52 1425   -0.00874348 0.00157873 886.909
52 1426   -0.00727146 0.00215001 905.789
52 1442   0.0065051 0.00715405 960.213
52 1443   0.00706759 0.00602215 936.32
52 1444   0.00802887 0.00584608 914.318
52 1445   0.00843499 0.00685205 913.566
52 1446   0.00839209 0.00765157 925.413
52 1447   0.00784227 0.0077567 950.722
52 1448   0.00712837 0.0076638 961.777
52 1449   0.00691588 0.00822768 969.281
52 1450   0.00737507 0.0085394 967.723
52 1451   0.00728811 0.00898133 932.556
52 1452   0.0046675 0.00387252 943.683
52 1453   0.00551592 0.00488963 944.802
52 1454   0.00370502 0.00494174 955.569
52 1455   0.00409529 0.0069805 967.032
52 1456   0.0041834 0.00596942 960.949
52 1457   0.0049235 0.00594828 958.084
52 1458   0.00566607 0.00722807 965.916
52 1459   0.00457922 0.00721062 967.581
52 1460   0.00509155 0.0067081 963.465
52 1461   0.00473166 0.00777129 969.446
52 1462   0.00544846 0.00779931 969.402
52 1463   0.00438598 0.00846816 968.825
52 1464   0.00471926 0.00885686 964.609
52 1465   0.00566637 0.00902452 941.363
52 1466   0.00533382 0.00861961 963.702
52 1467   0.00571734 0.00825893 968.803
52 1468   0.00603697 0.0088593 943.896
52 1469   0.00648417 0.00844392 965.691
52 1470   0.00612649 0.00841369 966.264
52 1471   0.00648432 0.00934215 864.389
52 1472   0.00626693 0.00900705 925.252
52 1473   0.00652236 0.00877201 948.16
52 1474   0.00675886 0.00927115 865.551
52 1475   0.00701393 0.00904422 909.827
52 1476   0.0067203 0.00895117 926.475
52 1478   0.00711617 0.00930949 853.284
52 1479   0.00698881 0.0094189 828.48
52 1530   0.00123124 0.0102637 955.893
52 1531   0.000735097 0.0101872 956.694
52 1532   0.00143399 0.0109982 944.605
52 1533   6.40126e-05 0.0109499 957.337
52 1534   0.000571315 0.0107022 957.982
52 1535   0.00103329 0.0111507 955.95
52 1536   0.000976115 0.0115704 963.223
52 1537   0.000513215 0.0115866 968.843
52 1540   6.30909e-05 0.0114146 968.325
52 1541   -0.000225094 0.011657 967.861
52 1614   -0.00171301 0.0115398 678.908
52 1615   -0.00179374 0.0114055 740.426
52 1662   0.00805041 0.00831232 959.767
52 1663   0.0077957 0.00853114 968.455
52 1735   -0.00165776 -0.0107986 945.666
52 1736   -0.00137733 -0.0112117 944.036
52 1737   -0.00226599 -0.0112995 877.126
52 1738   -0.00215288 -0.0108998 934.124
52 1740   -0.00196905 -0.0115672 851.701
52 1741   -0.00157551 -0.0115805 917.467
52 1825   0.00955774 0.00615715 880.658
52 1826   0.00920271 0.00677201 899.325
52 1964   0.0112244 0.00414258 673.561
52 1965   -0.00161577 0.0118595 27.4108
52 1968   0.0111848 0.00425373 672.558
52 1969   0.0112014 0.00422504 671.155
52 2021   -0.0111503 -0.00406613 683.038
52 2022   -0.0111789 -0.00406646 682.539
52 2023   -0.0111458 -0.00410379 680.531
52 2024   -0.011205 -0.00410892 679.132
52 2025   -0.0111674 -0.00411513 679.092
52 2026   -0.0111813 -0.00409311 680.535
52 2027   -0.011182 -0.00415772 675.461
52 2028   -0.0111794 -0.00413413 677.358
52 2029   -0.0112028 -0.00412775 677.554
52 2030   -0.0112149 -0.00418416 671.695
52 2031   -0.0112016 -0.00416601 674.023
52 2032   -0.0112333 -0.00415423 675.944
52 2033   -0.0112154 -0.00414705 675.77
52 2034   -0.0112492 -0.00416692 692.265
52 2036   -0.0112379 -0.00417046 675.407
52 2037   -0.0112333 -0.00418143 670.867
52 2040   0.0110806 0.00419894 678.577
52 2041   0.0110963 0.00415865 678.419
52 2042   0.0111256 0.00422227 675.632
52 2043   0.0111668 0.00415774 674.557
52 2044   0.0111466 0.0041948 674.624
52 2045   0.0111361 0.00416917 675.868
52 2046   0.0111961 0.00420344 671.424
52 2047   0.0111711 0.00419182 673.196
52 2048   0.0111835 0.00417491 672.953
52 2049   0.0112333 0.00418864 669.444
52 2050   0.0112122 0.00419439 670.592
52 2051   0.0112048 0.00417867 671.604
52 2052   0.0112257 0.00415785 672.276
52 2053   0.0112334 0.00417428 670.36
52 2054   0.0112185 0.00417157 671.3
52 2055   0.0112514 0.00416539 673.75
52 2056   0.011243 0.00416457 671.953
52 2057   0.0112391 0.004156 672.573
52 2058   -0.00157597 0.011875 34.9894
52 2059   -0.00158913 0.0118627 48.448
52 2060   -0.00160685 0.0118672 16.8225
52 2061   -0.00159767 0.0118681 22.7376
52 2062   -0.00159685 0.0118808 7.89163
52 2063   -0.0016017 0.0118871 4.27181
52 2064   -0.00160692 0.0118805 5.99828
52 2066   -0.00159004 0.0118868 7.37465
52 2067   -0.0015777 0.0118864 13.0163
52 2097   0.0105533 0.00331463 772.868
52 2098   0.0105135 0.00375161 735.855
52 2099   0.0105829 0.00352037 748.566
52 2100   0.0107801 0.00353552 731.306
52 2101   0.0107298 0.00397572 705.262
52 2102   0.0106513 0.00383136 717.394
52 2103   0.0107848 0.00370678 715.839
52 2105   0.0109146 0.00376632 705.517
52 2108   0.0110419 0.00390002 693.247
52 2109   0.0109201 0.0038607 700.014
52 2110   0.0108688 0.00394552 698.348
52 2111   0.0109715 0.0040804 687.772
52 2112   0.0109463 0.00401032 691.702
52 2113   0.0110289 0.00397747 689.464
52 2114   0.0111566 0.00408583 678.92
52 2115   0.0110872 0.00401613 685.242
52 2116   0.0111027 0.0041094 679.944
52 2117   0.0110556 0.00407665 683.575
52 2119   0.0111648 0.00404608 681.133
52 2120   0.0111426 0.00400913 683.934
end
