747
16 268   -0.0449783 0.00329523 910.481
16 269   -0.0233905 0.03 946.344
16 270   -0.0178456 0.0270103 946.115
16 271   -0.0451581 -0.00288571 910.259
16 272   -0.0279884 0.0270564 940.447
16 273   -0.0499783 0.00826487 919.687
16 274   -0.0399783 0.00829411 905.118
16 275   -0.0505628 -0.0274442 842.659
16 276   0.00565488 0.0274057 820.418
16 277   -0.0477779 -0.0217766 966.25
16 278   -0.0322515 0.0320564 958.894
16 279   -0.041141 -0.00640461 908.944
16 280   -0.00186758 0.0289793 934.799
16 281   0.00226595 -0.0239588 946.347
16 282   -0.0434947 -0.0296596 932.596
16 283   -0.0289217 0.0220564 920.345
16 284   -0.0162628 0.0220103 932.01
16 285   -0.0497152 -0.0177517 962.14
16 286   0.00564094 -0.0220812 944.071
16 287   -0.00095512 0.0242061 966.493
16 288   -0.038483 -0.00710382 905.559
16 289   0.00172277 0.0223163 960.784
16 290   0.00423386 -0.0182372 969.062
16 291   0.0044539 0.022408 940.842
16 292   -0.00117668 -0.0215176 956.842
16 293   -0.00655291 -0.0175316 858.682
16 294   -0.00289555 -0.0174836 932.586
16 295   -0.00314855 -0.015881 949.885
16 296   -0.00581943 -0.0157032 943.567
16 297   -0.00242795 -0.0147582 960.734
16 298   -0.00451506 -0.0153587 952.845
16 299   -0.00639397 -0.0146005 961.085
16 300   -0.00712745 -0.0141024 965.558
16 301   -0.00345067 -0.013824 966.575
16 302   -0.00438487 -0.0141907 965.589
16 303   -0.00497201 -0.0136325 968.44
16 304   -0.00567673 -0.0136978 968.358
16 305   0.00715711 0.0123676 962.412
16 306   0.00689423 0.0118317 954.918
16 307   0.00588051 0.0121088 968.686
16 308   -0.00724261 -0.0122595 965.214
16 309   0.00636446 0.0117889 959.247
16 310   -0.00687006 -0.0129335 969.403
16 311   -0.00585516 -0.0129221 969.634
16 312   -0.00631501 -0.0126559 969.217
16 313   -0.00686505 -0.0117328 956.591
16 314   -0.00536918 -0.012499 969.594
16 315   -0.00630999 -0.0119775 966.07
16 316   -0.00535837 -0.0119851 968.994
16 317   -0.00597629 -0.0116605 967.555
16 318   0.00512133 0.0116897 955.354
16 319   0.00550937 0.0116871 967.319
16 320   -0.00502769 -0.0117201 961.039
16 321   -0.00562581 -0.0117012 968.536
16 322   0.00628673 0.0111995 944.659
16 323   0.00649595 0.0108891 909.666
16 324   0.00558603 0.0113151 955.832
16 325   0.00600892 0.0110795 954.828
16 326   0.00512926 0.0113537 908.216
16 327   -0.00546759 -0.0113458 947.132
16 328   -0.00512062 -0.0113859 926.112
16 329   0.00629649 0.0107281 896.611
16 330   0.00569523 0.0111463 957.37
16 331   0.00582472 0.0110785 967.992
16 332   -0.00554688 -0.0111651 926.943
16 333   0.00537689 0.0112239 895.73
16 334   0.00607634 0.0108435 925.254
16 335   -0.00529308 -0.0112955 909.288
16 521   -0.0443167 -0.0225074 948.414
16 522   -0.0429639 -0.0254764 964.017
16 523   0.00234532 0.0180643 969.233
16 524   0.00133962 0.0196587 969.156
16 525   -0.000586757 0.0183717 955.386
16 526   0.00111991 0.0167359 967.953
16 527   -0.000282016 0.0168189 959.762
16 528   0.00123548 0.0153725 968.048
16 529   0.00213377 0.0146628 968.772
16 530   0.00215376 0.0130869 957.948
16 531   0.00188224 0.01376 966.517
16 532   0.000606891 0.0130306 966.433
16 533   0.00112994 0.0132602 962.358
16 535   0.00118186 0.0126227 934.178
16 536   0.00162106 0.0125515 895.149
16 539   0.00397311 0.0179935 967.52
16 540   0.00689951 0.0175908 964.769
16 541   0.00569853 0.0196795 957.944
16 542   0.00689951 0.019194 958.327
16 543   0.00612753 0.0166844 966.98
16 544   0.0044021 0.0166016 968.537
16 545   0.00425644 0.0144367 969.429
16 546   0.0034745 0.015207 969.606
16 556   0.00185433 -0.0179512 967.443
16 557   -0.00018122 -0.019354 959.732
16 558   -0.00122217 -0.0179512 949.617
16 559   6.69231e-05 -0.0166657 960.775
16 560   0.00155985 -0.0164312 963.291
16 561   -0.00143232 -0.0145956 961.664
16 562   -0.000253548 -0.0153674 961.699
16 563   -0.00192052 -0.0129429 947.993
16 564   -0.00146172 -0.0136468 962.596
16 565   -0.000629407 -0.0133419 967.666
16 566   -0.000649008 -0.0127094 964.752
16 568   -0.00108821 -0.0126381 953.489
16 569   -0.00152742 -0.0125668 903.541
16 579   -0.00995213 -0.0304331 967.273
16 580   -0.00730416 -0.0334777 960.418
16 581   -0.0085619 -0.0271902 952.636
16 582   -0.00565753 -0.0267937 960.397
16 584   -0.0497797 0.0184209 965.568
16 585   -0.0473158 0.0259425 934.471
16 586   -0.0511398 0.0239925 931.124
16 587   -0.0484195 0.0211716 967.5
16 588   -0.0440436 0.0244668 965.398
16 589   -0.0451473 0.0217765 959.286
16 591   -0.0355459 0.0307384 966.003
16 592   -0.0410155 0.0310459 948.142
16 593   -0.039203 0.033682 951.253
16 594   -0.0359768 0.0279486 949.913
16 595   -0.03874 0.0282561 965.863
16 603   -0.0139744 0.0320103 961.907
16 606   -0.00507648 0.0303382 957.864
16 607   -0.00742681 0.0334461 960.237
16 608   -0.0102136 0.0304564 967.254
16 609   -0.00658753 0.0272894 962.537
16 610   -0.00913906 0.0274076 954.445
16 611   0.00726352 -0.0105617 758.921
16 612   -0.0358787 -0.0253784 905.888
16 613   -0.0345396 -0.0210257 831.06
16 614   -0.0328838 -0.0230771 893.878
16 615   -0.00297556 0.0222323 918.692
16 616   -0.00222404 0.0190555 921.456
16 632   -0.00350511 -0.0222005 898.427
16 633   -0.00488965 -0.0240955 906.207
16 649   -0.0471587 0.0161423 941.195
16 650   -0.0473573 0.0130658 930.108
16 651   -0.0423573 0.0130658 901.778
16 652   -0.0386398 0.0173368 816.684
16 653   -0.0432985 0.0168125 899.889
16 654   -0.0410188 0.0154722 880.991
16 656   -0.00247933 -0.0125376 954.092
16 670   0.00723712 0.011185 939.306
16 672   0.00691658 0.0108318 913.82
16 673   0.00701919 0.0105125 903.709
16 674   0.00733973 0.0103446 936.726
16 698   -0.0501581 -0.00541551 913.184
16 701   -0.0485442 -0.0149576 940.361
16 702   -0.0489871 -0.00937522 919.482
16 703   -0.051329 -0.011458 930.057
16 704   -0.0435777 -0.0108931 910.994
16 705   -0.0464237 -0.0113339 919.264
16 706   -0.0459808 -0.0144157 925.257
16 707   -0.0421379 -0.0127049 904.657
16 708   -0.0433701 -0.0151861 906.47
16 709   -0.0397013 -0.0118632 898.876
16 710   -0.0387183 -0.0133454 888.244
16 711   0.0053128 0.0144838 968.845
16 712   0.00668537 0.0131911 966.927
16 713   0.00702826 0.0137776 967.641
16 714   0.00702826 0.014887 967.962
16 715   0.00625628 0.0153369 968.053
16 716   0.00576708 0.0126818 968.779
16 717   0.00604218 0.0133033 968.169
16 718   0.0054416 0.0135914 968.873
16 719   0.00526482 0.0127338 969.438
16 720   0.00506818 0.0132061 969.231
16 721   0.00490374 0.0119429 966.1
16 722   0.00497639 0.0124214 969.645
16 723   0.00460685 0.0124528 969.489
16 725   0.00460048 0.01177 962.518
16 726   0.00415113 0.0119243 967.569
16 727   0.00440191 0.0120437 969.554
16 729   -0.00733021 -0.0103311 933.193
16 758   -0.024237 -0.0325 947.921
16 759   -0.0296872 -0.0245514 924.515
16 760   -0.026336 -0.0225 931.457
16 761   -0.031469 -0.0335257 960.571
16 762   -0.0280847 -0.0310257 948.474
16 763   -0.0294709 -0.0280771 941.538
16 764   -0.0355586 -0.0278784 947.463
16 765   -0.0323473 -0.0291027 948.422
16 766   -0.0333629 -0.0320514 964.047
16 885   -0.0370275 -0.021947 728.315
16 886   -0.0378899 -0.0242483 857.614
16 887   -0.0402566 -0.0240395 878.322
16 888   -0.0411649 0.0249972 937.678
16 889   -0.0392314 0.0261886 942.254
16 896   0.00609292 -0.0167524 966.643
16 925   -0.00726352 0.0105406 765.458
16 950   0.00198584 -0.0150157 958.513
16 951   0.000692917 -0.0146532 962.135
16 952   0.000346459 -0.0135766 967.27
16 955   0.00269347 -0.013768 943.196
16 956   0.00239112 -0.0126803 894.275
16 959   0.00186408 -0.0127659 901.754
16 961   0.00133703 -0.0128514 942.839
16 962   0.000809984 -0.0129369 964.791
16 996   -0.00579835 0.0193367 755.563
16 997   -0.00693278 0.0175567 816.706
16 998   -0.0039257 0.0180521 875.646
16 999   -0.00599646 0.016081 870.452
16 1000   -0.00412381 0.0164631 897.243
16 1001   -0.00316351 0.0152405 927.473
16 1002   -0.00334419 0.0126159 957.044
16 1005   -0.00281715 0.0127014 919.452
16 1008   -0.0022901 0.012787 919.399
16 1010   -0.00176305 0.0128725 953.203
16 1014   -0.000817263 0.0148465 961.811
16 1015   -0.00186336 0.0141734 951.845
16 1016   0.000197377 0.0141973 967.777
16 1017   0.000123765 0.0130234 962.946
16 1018   -0.0400737 0.0190146 784.691
16 1019   -0.0423533 0.0186883 873.245
16 1020   -0.0429413 0.0207036 903.269
16 1021   -0.0396949 0.0216256 713.394
16 1022   -0.0414227 0.0226444 862.106
16 1023   -0.00597293 0.0247894 909.877
16 1024   -0.00468386 0.0229516 862.713
16 1025   -0.005805 0.0210595 665.593
16 1065   -0.00421686 -0.0187208 881.27
16 1066   -0.00577423 -0.0188587 799.065
16 1067   -0.00435144 -0.0205727 828.03
16 1068   -0.00590881 -0.0207105 665.094
16 1156   -0.0100043 -0.0209777 836.884
16 1157   -0.0112836 -0.0229331 899.925
16 1158   -0.00924621 -0.0246902 907.35
16 1159   -0.00732717 -0.0217571 692.536
16 1160   -0.00715434 -0.0235143 837.704
16 1161   -0.00703184 0.0138455 869.451
16 1162   -0.00609551 0.0148699 884.471
16 1163   -0.004568 0.0145373 908.369
16 1164   -0.00644304 0.0130375 861.275
16 1165   -0.00525587 0.0117259 842.418
16 1166   -0.00478291 0.0119737 896.15
16 1167   -0.00491553 0.0135382 905.169
16 1168   -0.0042013 0.0128122 929.015
16 1169   -0.00661681 0.0123296 834.093
16 1170   -0.0072056 0.0118876 805.077
16 1171   -0.00590737 0.011868 826.292
16 1172   -0.00602322 0.0112572 783.939
16 1173   -0.00702705 0.0108728 775.248
16 1174   -0.00649617 0.0112177 781.355
16 1175   -0.00696912 0.0113865 786.785
16 1178   -0.00667233 0.010642 780.006
16 1179   -0.00643585 0.0107659 762.405
16 1180   0.00538938 -0.0150719 951.081
16 1181   0.00679646 -0.0141548 922.257
16 1182   0.00416817 -0.0126159 954.843
16 1183   0.00394347 -0.0137891 943.613
16 1184   0.00608998 -0.0130626 888.685
16 1185   0.00513818 -0.0117202 835.261
16 1186   0.00466522 -0.011968 883.022
16 1187   0.00490759 -0.0128066 911.076
16 1188   0.00644027 -0.0123738 847.133
16 1189   0.00714676 -0.0119587 812.864
16 1190   0.00573084 -0.01187 827.788
16 1191   0.00596437 -0.0112649 780.526
16 1192   0.00702705 -0.0109045 771.316
16 1193   0.00691028 -0.0114259 788.113
16 1194   0.00643733 -0.0112359 779.271
16 1197   0.00667233 -0.0106525 773.82
16 1198   0.00643585 -0.0107765 757.224
16 1250   -0.0118777 0.0230155 909.685
16 1251   -0.0104473 0.0210052 847.158
16 1252   -0.00980023 0.0249667 918.043
16 1253   -0.00765463 0.0219512 726.623
16 1254   -0.00780926 0.0239025 860.577
16 1272   -0.0423615 -0.0198154 869.726
16 1273   -0.0420411 -0.0170609 883.185
16 1274   -0.038963 -0.0205874 612.222
16 1275   -0.0405018 -0.0214043 785.704
16 1276   -0.0386076 -0.0179995 798.872
16 1277   -0.0398259 -0.0160619 860.429
16 1294   -0.0510349 0.0324945 688.077
16 1297   -0.0472109 0.0298585 841.542
16 1298   -0.0442808 0.032364 872.519
16 1299   -0.0034605 -0.0131141 969.1
16 1300   -0.00302599 -0.0126941 968.856
16 1301   -0.0035113 -0.0121755 961.336
16 1302   -0.00394656 -0.0123116 964.391
16 1303   -0.00405167 -0.0127851 969.306
16 1304   -0.00462896 -0.0129368 969.627
16 1305   -0.00484771 -0.0125791 969.61
16 1307   -0.00472167 -0.0117412 965.679
16 1309   -0.00453088 -0.0120862 969.576
16 1310   -0.00420703 -0.0119704 963.449
16 1318   -0.0461672 -0.0323582 815.388
16 1319   -0.0490976 -0.0323582 719.585
16 1344   -0.0346149 0.0210282 828.311
16 1345   -0.0330277 0.0230846 892.392
16 1346   -0.0349135 0.0252948 906.002
16 1347   -0.0374675 0.0226427 762.659
16 1348   -0.0372618 0.0248529 877.23
16 1371   0.00230932 -0.0275139 899.459
16 1372   0.00568431 -0.030955 708.723
16 1373   -0.00290244 -0.0321294 919.26
16 1374   -0.00264605 -0.0286882 947.152
16 1377   0.00386862 -0.0336517 699.583
16 1378   0.000237238 -0.0336517 823.349
16 1420   -0.0405431 -0.0309521 952.575
16 1421   -0.0390405 -0.0336507 953.282
16 1422   -0.0373254 -0.0294778 967.753
16 1423   -0.0358229 -0.0321764 969.382
16 1424   0.00370619 0.013519 969.625
16 1425   0.00438912 0.0131808 969.354
16 1426   0.00421622 0.0127399 969.048
16 1427   0.00280847 0.0130499 967.232
16 1428   0.00282478 0.0124254 965.074
16 1429   0.00388715 0.0120879 957.579
16 1430   0.00374729 0.0124944 966.369
16 1431   0.00335189 0.0124128 966.956
16 1432   0.00327214 0.0120419 963.422
16 1435   0.00349174 0.0120063 956.761
16 1436   0.00371134 0.0119706 943.79
16 1493   0.000189496 0.0320872 854.09
16 1494   0.00383308 0.0320872 724.619
16 1497   -0.0209064 -0.0297277 947.041
16 1498   -0.0220959 -0.0247277 940.453
16 1499   -0.0161483 -0.0322277 957.429
16 1500   -0.0136242 -0.0291831 955.894
16 1501   -0.0142714 -0.0241831 931.137
16 1502   -0.0164208 -0.0222277 934.388
16 1503   -0.0195492 -0.0222277 938.982
16 1618   -0.00693365 -0.0113253 942.521
16 1619   -0.00731122 -0.0110876 938.815
16 1620   -0.00714142 -0.0106922 918.418
16 1621   -0.00680184 -0.0106279 891.15
16 1622   -0.0062689 -0.0107861 905.293
16 1623   -0.00657508 -0.0111699 932.012
16 1624   -0.00661306 -0.0108679 906.741
16 1625   -0.0060761 -0.0113109 961.867
16 1626   -0.00615324 -0.0109877 936.798
16 1627   -0.00630861 -0.0111884 942.36
16 1628   -0.00569815 -0.0111567 964.107
16 1629   -0.00594981 -0.0110241 960.14
16 1630   -0.00589165 -0.0111963 967.383
16 1632   -0.0056984 -0.0110148 960.866
16 1633   -0.00581421 -0.0109541 967.798
52 336   -0.00473932 -0.00137617 961.436
52 337   -0.00274116 -0.00245165 967.708
52 338   -0.00469131 0.00104509 962.561
52 339   -0.000711866 0.00100158 968.123
52 340   -0.000736552 -0.00120154 968.188
52 341   0.00122316 0.00205967 968.431
52 342   0.00312988 -0.00123438 966.254
52 343   0.00303335 0.000935063 965.999
52 344   -0.00878758 -0.000237806 920.385
52 345   0.00322647 0.00511573 969.118
52 346   -0.00260279 -0.00444593 969.482
52 347   0.00479288 0.00186008 961.151
52 348   0.00822904 0.00338375 925.365
52 349   0.004956 -0.00213605 963.556
52 350   0.00662361 0.00459871 951.655
52 351   -0.000664251 -0.00535758 969.204
52 352   0.00484706 0.0038143 965.334
52 353   0.0080379 0.00143137 923.92
52 354   -0.00224542 0.0081565 966.498
52 355   0.00637829 0.000692123 949.334
52 356   -0.00625958 0.00205841 959.035
52 357   -0.00800205 0.00142708 937.343
52 358   0.00361493 0.00688347 950.28
52 359   -0.00631005 -0.00229109 951.481
52 360   -0.00688279 -0.00404288 945.479
52 361   0.00644488 -0.00113457 953.529
52 362   -0.00631503 -0.00519545 959.971
52 363   0.00916917 3.72257e-05 914.893
52 364   -0.00797007 -0.00169867 925.255
52 365   -0.0085428 -0.00345046 922.95
52 366   -0.00867367 0.00311316 954.457
52 367   0.002785 0.00821096 937.248
52 368   0.00794335 -0.00215901 947.103
52 369   0.00463324 -0.00489098 968.811
52 370   -0.000908518 -0.00693517 965.094
52 371   0.00536492 -0.00368996 966.36
52 372   -6.13885e-05 -0.00808924 963.455
52 373   -0.00574365 0.00494278 968.23
52 374   0.00714382 -0.00417397 967.092
52 375   -0.00380392 -0.00547558 968.629
52 376   -0.00633048 0.00372147 965.78
52 377   0.00823338 -0.00364451 964.277
52 378   0.00586509 -0.00701025 969.519
52 379   0.00505882 0.00736876 885.774
52 380   -0.00242486 -0.00745306 951.975
52 381   0.00719677 -0.00536755 968.092
52 382   0.00900803 -0.00172647 921.85
52 383   -0.00249607 -0.0087303 940.299
52 384   0.00579158 -0.00586876 968.846
52 385   -0.00494528 -0.00554878 968.9
52 386   -0.00338173 -0.00690512 951.93
52 387   -0.00768178 0.00422249 967.267
52 388   -0.00680456 0.00591767 967.439
52 389   -0.0034326 -0.0092539 918.396
52 390   -0.0078202 0.00536134 967.654
52 391   -0.00647903 0.00753921 969.201
52 392   -0.00694786 0.0067984 965.599
52 393   0.00359397 0.00927847 913.253
52 394   -0.00429234 -0.0074633 917.898
52 395   0.00790238 -0.00594424 965.233
52 396   -0.00502372 -0.00685725 942.562
52 397   0.00687175 -0.00734819 966.928
52 398   0.00290249 0.0105906 958.62
52 399   0.00531602 0.00848863 820.494
52 400   -0.00318243 -0.0106502 963.921
52 401   -0.00851642 0.00583364 963.711
52 402   -0.00557556 -0.00737927 876.373
52 403   -0.00355318 -0.010072 936.807
52 404   -0.00444813 -0.00824345 877.113
52 405   -0.00418399 -0.00887544 881.358
52 406   0.00750385 -0.00678339 958.67
52 407   0.00497282 0.00898373 834.122
52 408   0.00335489 0.0100008 938.634
52 409   0.00441261 0.00921447 868.025
52 410   -0.00786037 0.00707827 945.269
52 411   0.00861525 -0.0058847 959.188
52 412   -0.00799051 0.0078075 936.157
52 413   -0.00520093 -0.00846773 824.774
52 414   0.00797798 -0.00781036 938.41
52 415   -0.00559698 -0.00820961 791.591
52 416   -0.00473211 -0.00933807 846.313
52 417   -0.0052484 -0.00905144 817.333
52 418   0.00798005 -0.00712153 940.088
52 419   -0.00426406 -0.0102504 913.487
52 420   -0.00850356 0.00647232 942.859
52 421   -0.00830493 0.00685924 931.245
52 422   -0.00372727 -0.0110369 966.008
52 423   0.00397779 0.0102635 935.028
52 424   -0.00482957 -0.00979487 833.813
52 425   -0.00848912 0.00797779 895.946
52 426   0.00397164 0.0107168 966.25
52 427   0.00457963 0.0098008 860.2
52 428   0.0054226 0.00944212 799.633
52 429   -0.00465358 -0.0101086 853.164
52 430   0.00834324 -0.00793173 911.742
52 431   0.0085914 -0.00653433 935.869
52 432   0.00438389 0.0101275 890.197
52 433   0.00438222 0.0108479 961.608
52 434   0.00835472 -0.00693201 925.648
52 435   -0.00553136 -0.00932534 796.053
52 436   -0.00439375 -0.0106751 942.449
52 437   0.00891954 -0.00665197 920.412
52 438   0.00524209 0.00975842 797.038
52 439   -0.00525764 -0.00992332 783.977
52 440   -0.00893462 0.0066603 923.094
52 441   -0.0042277 -0.0108834 968.908
52 442   -0.00866348 0.00716634 901.838
52 443   0.00495932 0.00988635 819.672
52 444   0.00465849 0.0103791 868.58
52 445   0.00854508 -0.00749651 897.16
52 446   0.00855449 -0.00718562 906.142
52 447   0.00883865 -0.00701133 901.096
52 448   0.00466297 0.0106462 893.268
52 449   0.00847223 -0.00817616 905.21
52 450   -0.00544313 -0.00974041 781.889
52 451   -0.00870418 0.00766699 857.595
52 452   -0.00890729 0.00699198 902.443
52 453   -0.00492809 -0.0104082 810.508
52 454   -0.00873115 0.00741994 875.948
52 455   -0.00474904 -0.0107589 894.661
52 456   0.00543467 0.00997194 766.577
52 457   -0.00535198 -0.0102041 743.49
52 458   0.00492926 0.0107474 822.101
52 459   -0.00489386 -0.0106338 821.745
52 460   -0.0090906 0.00715519 878.948
52 461   0.00896748 -0.00716185 877.963
52 462   0.0050043 0.0101537 804.005
52 463   0.00874838 -0.00754302 860.122
52 464   0.0048992 0.0103198 816.676
52 465   0.00533178 0.0101785 752.328
52 466   -0.005139 -0.0104165 750.381
52 467   -0.00892514 0.00779215 755.327
52 468   -0.00527043 -0.0103495 721.567
52 469   0.00506534 0.0106214 752.797
52 470   0.00888663 -0.00738265 842.352
52 471   0.00518418 0.0102323 769.097
52 472   0.00912008 -0.00713989 871.561
52 473   0.00503977 0.010461 777.519
52 474   0.00541279 0.0103303 691.255
52 475   -0.00506278 -0.0107393 760.295
52 476   0.00900047 -0.00746797 782.069
52 477   0.00517683 0.0104 746.25
52 478   -0.00520914 -0.010583 645.747
52 479   -0.00516715 -0.0106801 640.819
52 480   0.00520301 0.0106664 593.929
52 481   0.0052631 0.0104741 682.373
52 482   -0.00539072 -0.0104734 590.774
52 483   0.00912579 -0.0073111 821.334
52 484   0.00908703 -0.00741838 779.3
52 485   0.00535146 0.0104582 630.811
52 486   0.00526371 0.01058 580.335
52 487   0.00919836 -0.00734621 811.063
52 488   0.00524894 0.0107367 412.773
52 489   0.00914128 -0.00747791 748.444
52 490   -0.00523991 -0.0107385 438.368
52 491   0.00916039 -0.00753525 722.056
52 492   0.00919356 -0.00743427 771.897
52 493   0.00923199 -0.00747073 761.994
52 494   0.00921906 -0.00752163 732.211
52 495   -0.00530209 -0.0107194 234.222
52 496   0.00924676 -0.00754135 731.014
52 497   0.0092862 -0.00759662 967.867
52 498   -0.00539355 -0.0107169 2.69006
52 517   0.00698688 -0.00802121 968.678
52 518   0.00761691 -0.00814524 961.154
52 520   0.00764853 -0.00868859 968.742
52 658   0.00685587 0.00594775 961.087
52 659   0.00603795 0.00682311 959.293
52 661   -0.00711048 -0.0061487 961.045
52 662   -0.00629256 -0.00702406 954.076
52 735   0.00364638 0.0109988 966.323
52 736   0.00320014 0.0111352 969.127
52 751   -0.00169814 -0.00926669 950.929
52 752   -0.000779802 -0.00914354 958.218
52 753   -0.00255987 -0.010757 953.915
52 754   -0.00189618 -0.0102043 949.587
52 755   -0.00249892 -0.0113296 944.428
52 803   0.00539486 0.0105316 508.027
52 806   0.00532756 0.0105992 457.828
52 807   0.00537035 0.0105665 465.837
52 808   0.00539679 0.0106028 340.431
52 809   0.00533542 0.0106385 367.175
52 810   0.00537257 0.0106324 299.476
52 812   0.00538305 0.0106634 134.251
52 850   -0.00901169 0.00767963 729.548
52 851   -0.00912827 0.00770216 695.503
52 852   -0.00916494 0.00763299 696.942
52 853   -0.00920944 0.00761296 696.723
52 854   -0.00893717 0.00740901 826.347
52 855   -0.00905281 0.00731861 837.055
52 856   -0.00921883 0.00740922 807.269
52 857   -0.00913868 0.00737338 813.24
52 858   -0.00910586 0.00744106 781.207
52 859   -0.00920871 0.00747266 773.807
52 860   -0.0091633 0.00748113 760.598
52 861   -0.00922876 0.00751149 759.668
52 862   -0.00925629 0.00752993 764.737
52 863   -0.00899007 0.00759918 753.123
52 864   -0.00904804 0.00748626 769.8
52 865   -0.00896523 0.00750898 788.64
52 866   -0.00912623 0.00761069 708.626
52 867   -0.00907783 0.00755352 737.582
52 868   -0.00906793 0.00759942 725.538
52 869   -0.00915533 0.00752629 736.87
52 870   -0.00912768 0.00755347 726.655
52 871   -0.00914456 0.0075761 715.226
52 872   -0.00920315 0.00752916 739.31
52 873   -0.0091693 0.00756234 718.256
52 874   -0.00917512 0.00753548 731.914
52 875   -0.00918806 0.00756856 714.941
52 876   -0.00920288 0.00758524 707.445
52 877   -0.00920764 0.00755092 727.057
52 878   -0.00924642 0.00755383 743.509
52 879   -0.00922339 0.00755716 727.241
52 880   -0.00922153 0.00757804 713.007
52 881   -0.00923675 0.00758055 716.131
52 882   -0.00925237 0.00756888 738.215
52 884   -0.00926862 0.00757501 755.303
52 890   -0.00705706 0.00903073 924.108
52 892   -0.00774188 0.00834085 960.986
52 893   -0.00714291 0.00835243 968.336
52 926   0.00519923 -0.00772486 967.651
52 927   0.00426729 -0.0079321 966.744
52 928   0.00555044 -0.00871708 952.465
52 929   0.00570161 -0.0100852 886.681
52 930   0.00507631 -0.0103338 955.8
52 931   0.0044581 -0.00974304 958.912
52 932   0.0046185 -0.00892431 956.462
52 933   0.00670349 -0.00850254 963.17
52 934   0.00615495 -0.00882918 940.683
52 935   0.00715704 -0.00878028 958.129
52 936   0.00711911 -0.0091497 900.87
52 937   0.00673428 -0.00931667 862.728
52 938   0.00608406 -0.00973188 841.235
52 939   0.00622368 -0.00927389 893.479
52 941   0.00673374 -0.00965352 798.606
52 942   0.00645559 -0.00989579 768.473
52 966   -0.00334006 0.00220144 967.155
52 967   -0.00199689 0.00214403 968.193
52 968   -0.00185633 0.00431042 969.494
52 969   -0.0045999 0.00495934 968.974
52 970   -0.00359267 0.00387328 968.591
52 971   -0.00280632 0.00486239 969.514
52 972   -0.00340733 0.00723325 968.706
52 973   -0.00437456 0.00598258 969.643
52 974   -0.00325255 0.00591434 969.641
52 975   -0.00563378 0.00761589 968.735
52 976   -0.00481636 0.00692344 969.521
52 977   -0.0042423 0.00767955 967.947
52 978   -0.00547497 0.00832312 962.099
52 979   -0.00464449 0.00842089 963.403
52 980   -0.00476466 0.0104503 965.488
52 981   -0.00458437 0.00909464 957.472
52 982   -0.0041405 0.0106982 968.988
52 983   -0.00399878 0.00998287 963.699
52 984   -0.0057785 0.00891043 941.101
52 985   -0.00517493 0.0093039 940.691
52 986   -0.00521349 0.00994418 935.509
52 987   -0.00575247 0.0101159 882.626
52 988   -0.00663762 0.00919004 886.845
52 989   -0.00618176 0.00917573 907.902
52 990   -0.00611716 0.00974092 838.481
52 992   -0.0067133 0.0096333 805.31
52 993   -0.00643275 0.00987715 778.439
52 1026   -0.00530102 -0.0105829 519.767
52 1027   -0.00539089 -0.0105917 369.235
52 1028   -0.00535116 -0.0105404 530.534
52 1087   -0.000350583 -0.0100128 961.595
52 1088   0.00197443 -0.00232694 968.303
52 1089   0.000615573 -0.00229885 968.752
52 1090   0.0005495 -0.00446061 969.613
52 1091   0.00335491 -0.00496582 969.431
52 1092   0.00230176 -0.00396655 969.219
52 1093   0.00151496 -0.00501084 969.626
52 1094   0.00356827 -0.00725445 968.714
52 1095   0.00314837 -0.00598058 969.647
52 1096   0.00198784 -0.00603965 969.455
52 1097   0.00116159 -0.0079599 966.331
52 1098   0.0020011 -0.00693766 968.772
52 1099   0.00281441 -0.00768938 967.844
52 1100   0.00251118 -0.00859113 965.483
52 1101   0.00143862 -0.00883212 964.815
52 1102   0.00285563 -0.0111297 914.638
52 1103   0.00264616 -0.00944696 962.992
52 1104   0.00348093 -0.010881 966.723
52 1105   0.003488 -0.0100416 964.037
52 1106   0.00124919 -0.00975691 962.906
52 1107   0.00205006 -0.00999588 960.009
52 1108   0.00188239 -0.0113365 920.829
52 1109   0.00226662 -0.0108391 934.378
52 1110   0.00088721 -0.0102223 963.936
52 1111   0.000282888 -0.0102961 965.77
52 1112   0.000907861 -0.0114006 968.85
52 1113   0.00130386 -0.0109586 962.337
52 1114   0.000259192 -0.010862 968.957
52 1115   0.000467516 -0.0112301 969.172
52 1117   0.000205588 -0.011642 962.938
52 1118   0.000985909 0.00372977 969.466
52 1119   0.00173829 0.00484248 969.491
52 1120   -0.000808551 0.00483807 969.638
52 1121   -0.00104287 0.00736523 967.412
52 1122   -0.000710767 0.00591769 969.241
52 1123   0.000598435 0.00598387 968.576
52 1124   0.00155712 0.00806329 955.944
52 1125   -8.78217e-05 0.007877 964.566
52 1126   0.000620478 0.00698581 965.732
52 1127   0.000353652 0.00887788 961.128
52 1128   0.001344 0.00903107 955.015
52 1129   0.000249399 0.0097906 962.06
52 1130   -0.00311227 0.0101733 959.924
52 1131   -0.00213377 0.00946702 962.983
52 1132   -0.00262985 0.0111367 908.725
52 1133   -0.0011046 0.0100102 963.141
52 1134   -0.000365451 0.0101241 965.306
52 1135   -0.00190307 0.0115197 908.97
52 1136   -0.00206142 0.0110289 929.594
52 1137   -0.00151467 0.0106087 959.484
52 1138   -0.00104724 0.0115756 968.763
52 1139   -0.00125071 0.0108826 963.539
52 1140   -0.00146194 0.0113165 958.599
52 1141   -0.000422979 0.010758 968.467
52 1142   -0.000773867 0.0113655 969.219
52 1143   -0.000898164 0.010918 967.881
52 1144   -0.000421319 0.0114008 968.403
52 1145   -0.000176043 0.0110103 969.432
52 1147   0.000144113 0.0116451 965.665
52 1148   -0.000191409 0.0116314 963.233
52 1208   0.00157527 0.00995747 951.709
52 1209   0.000834817 0.0102714 958.399
52 1210   0.00214496 0.0106469 947.116
52 1211   0.00183028 0.0113787 894.506
52 1212   0.00122819 0.0112887 922.228
52 1213   0.000802426 0.0108709 957.78
52 1214   0.000434512 0.0114567 968.883
52 1215   0.000344266 0.0110525 967.399
52 1217   0.000815158 0.0116724 954.157
52 1218   0.00115068 0.0116861 881.326
52 1238   -0.00141933 -0.0104972 949.036
52 1239   -0.000792072 -0.0104288 958.741
52 1240   -0.000106899 -0.0110898 969.237
52 1241   -0.000524691 -0.0109399 964.027
52 1242   -6.66659e-05 -0.0114647 968.295
52 1243   -0.000298687 -0.0116624 967.729
52 1244   -0.000745435 -0.0111478 959.786
52 1245   -0.000559664 -0.0114954 967.496
52 1247   -0.000791685 -0.0116931 954.677
52 1278   -0.00147686 -0.0110321 935.339
52 1279   -0.00107034 -0.0111717 943.53
52 1280   -0.00105266 -0.0115261 926.331
52 1281   -0.00129596 -0.0117135 850.151
52 1282   -0.00155919 -0.0115893 849.468
52 1283   -0.00206309 -0.0113614 906.659
52 1284   -0.00172241 -0.0112623 911.783
52 1287   -0.00203262 -0.0116477 860.533
52 1288   -0.00176713 -0.0117291 808.536
52 1526   0.00870741 -0.00797133 856.335
52 1527   0.00877277 -0.0077155 832.62
52 1528   0.00875859 -0.00786105 832.233
52 1529   0.00889673 -0.00787214 768.774
52 1530   0.0089774 -0.00759284 755.244
52 1531   0.00888794 -0.00767999 781.349
52 1532   0.00893388 -0.00777318 751.904
52 1533   0.00903467 -0.00764286 723.48
52 1534   0.00908288 -0.00774241 702.811
52 1535   0.00901428 -0.00773556 720.899
52 1536   0.00913905 -0.00758096 709.005
52 1537   0.00909064 -0.00762323 709.894
52 1538   0.00911588 -0.0076762 698.417
52 1539   0.00916817 -0.0076118 697.788
52 1540   0.00918708 -0.00766623 685.112
52 1541   0.00915407 -0.0076575 692.504
52 1542   0.00920432 -0.00763449 686.542
52 1543   0.00919804 -0.00760655 694.765
52 1544   0.00927395 -0.00760729 829.95
52 1546   0.00923102 -0.00762997 682.99
52 1550   0.00531122 0.0107046 259.788
52 1551   0.00532378 0.0106746 296.089
52 1552   0.00536926 0.0106788 111.896
52 1553   0.00534714 0.010684 183.841
52 1555   0.00538832 0.0107179 4.26997
52 1558   0.00538374 0.0106951 28.1799
52 1559   0.00537999 0.0107077 11.4883
52 1560   -0.00531949 -0.0106376 395.337
52 1561   -0.005362 -0.0106309 315.761
52 1562   -0.00531982 -0.01069 245.333
52 1563   -0.00536906 -0.0106685 160.607
52 1564   -0.00534953 -0.0106953 110.635
52 1567   -0.00538313 -0.0107201 3.78181
52 1568   -0.00535906 -0.0107163 31.633
52 1569   -0.00537424 -0.01071 12.4421
52 1571   0.00532956 0.0107278 111.973
52 1572   0.0053469 0.0107102 93.0145
52 1573   0.00537144 0.0107158 12.6804
52 1574   0.00535911 0.0107195 30.7967
52 1596   0.00925144 -0.00756337 722.468
52 1599   0.00923226 -0.00758411 704.78
52 1600   0.00924874 -0.00760317 697.582
52 1601   0.00927128 -0.00759824 736.648
52 1607   -0.00923561 0.00762751 688.64
52 1609   -0.00924395 0.00759373 709.463
52 1610   -0.00924458 0.00761087 697.612
52 1611   -0.0092623 0.00761412 699.914
52 1612   -0.00926566 0.00758588 742.597
52 1613   -0.0092566 0.00759294 718.533
52 1614   -0.00926651 0.00760202 719.772
52 1615   -0.00928244 0.00760245 819.308
52 1616   -0.00927635 0.00759863 770.571
52 1617   -0.00927581 0.00759107 765.579
52 1649   -0.00538814 -0.0106755 76.0734
52 1650   -0.00538378 -0.010696 18.5017
end
