542
16 443   -0.0449783 0.00325764 826.975
16 444   -0.0451575 -0.00292448 826.58
16 445   -0.0399783 0.00825763 845.768
16 446   0.00191357 -0.0233897 694.338
16 447   -0.0477788 -0.0217785 713.344
16 448   -0.0398003 -0.0323018 696.716
16 449   -0.0322463 0.0320583 737.334
16 450   -0.0411398 -0.00644965 837.265
16 451   -0.0018519 0.0289216 689.862
16 452   -0.0435004 -0.0296603 688.631
16 453   0.00534851 -0.0211543 695.945
16 454   -0.0497153 -0.0177533 740.353
16 455   -0.000682041 0.0235301 701.986
16 456   -0.0384823 -0.00714192 848.477
16 457   0.00388907 0.0174311 711.997
16 458   0.00138907 0.0154157 712.783
16 459   0.00436433 -0.0171173 715.186
16 460   -0.00120596 0.0155038 715.153
16 461   -0.000838538 -0.0151072 711.172
16 462   0.00116161 -0.0150007 712.12
16 463   -0.00504588 0.0133856 759.654
16 464   0.00518438 0.0132197 757.983
16 465   0.00267743 -0.0156781 718.334
16 471   0.00651583 -0.0157829 731.889
16 477   0.00560469 0.0253089 681.752
16 479   0.00502231 0.0200104 700.503
16 480   0.00312699 0.0226598 693.427
16 484   -0.00572642 0.0119668 785.026
16 485   -0.00690881 0.0118661 856.278
16 486   0.00572642 0.0118889 797.297
16 487   0.00690881 0.0117493 843.15
16 488   -0.0443199 -0.0225103 733.721
16 489   -0.0429714 -0.0254781 712.781
16 493   -0.00661321 0.0109834 863.378
16 508   -0.0497795 0.0184202 733.806
16 509   -0.047315 0.0259432 691.193
16 510   -0.0511398 0.0239922 693.696
16 511   -0.0484193 0.0211706 715.569
16 512   -0.0440424 0.0244677 712.795
16 513   -0.0451467 0.0217757 730.55
16 515   -0.0355406 0.0307408 724.998
16 516   -0.0410146 0.0310475 694.345
16 517   -0.0392027 0.0336825 696.61
16 518   -0.0359687 0.0279524 744.881
16 519   -0.0387361 0.0282591 719.563
16 527   -0.0139265 -0.0319881 734.667
16 530   -0.0101139 -0.0304822 722.421
16 531   -0.00739002 -0.0334941 702.594
16 532   -0.0087826 -0.0273514 733.021
16 533   -0.0058467 -0.0271134 714.163
16 536   -0.00252558 0.0211697 732.845
16 537   -0.00244481 0.0178081 740.163
16 538   -0.00166217 -0.0208879 722.854
16 539   -0.00191428 -0.0173198 730.435
16 540   -0.0345733 -0.0210258 901.141
16 541   -0.032942 -0.0230775 854.844
16 552   -0.00497827 0.0301352 698.827
16 553   -0.00740355 0.0333784 702.633
16 554   -0.0101665 0.030366 722.69
16 555   -0.00644049 0.0270074 718.854
16 556   -0.00904198 0.0272382 735.124
16 573   -0.00622827 0.0149515 813.963
16 582   0.00147191 -0.0129686 709.744
16 612   -0.00184585 -0.0130752 699.864
16 613   -0.00316347 -0.0128613 702.551
16 625   0.00202557 0.0132003 712.138
16 626   0.00334318 0.0129864 719.275
16 628   -0.0147585 -0.0219881 801.117
16 646   -0.0471584 0.0161381 771.011
16 647   -0.0473572 0.013056 791.126
16 648   -0.0423572 0.013056 843.683
16 649   -0.0386398 0.0173365 904.789
16 650   -0.0432982 0.016808 826.822
16 651   -0.0410187 0.0154683 867.695
16 668   -0.0243294 0.0325 754.186
16 669   -0.0289161 0.0295583 761.187
16 670   -0.0265133 0.0225 810.584
16 671   -0.0298296 0.0245583 812.356
16 672   -0.0223467 0.0247438 784.62
16 673   -0.0210762 0.0297438 760.752
16 674   -0.0148378 0.0242314 786.936
16 675   -0.0162773 0.0322438 742.056
16 676   -0.0138667 0.0292314 744.613
16 678   -0.0199618 0.0222438 791.836
16 679   -0.0170757 0.0222438 793.114
16 682   -0.0505635 -0.0249875 689.821
16 685   0.00636676 0.0145044 748.205
16 686   0.00636676 0.0163933 721.845
16 702   -0.00320469 0.0130745 705.761
16 703   -0.00188708 0.0132883 701.564
16 837   0.00602374 -0.0140461 757.215
16 838   0.00700791 -0.0132475 790.18
16 839   0.00339428 -0.0139338 725.931
16 840   0.00253726 -0.0131495 715.817
16 841   0.00304178 -0.0123601 714.55
16 842   0.00494046 -0.0136872 749.829
16 843   0.00379969 -0.0126988 735.774
16 844   0.0039979 -0.01359 734.162
16 845   0.00488919 -0.0117947 785.451
16 846   0.0050874 -0.0130419 762.598
16 847   0.0043971 -0.0125501 757.058
16 848   0.00646627 -0.012534 806.698
16 849   0.00552993 -0.0118858 799.131
16 850   0.00562904 -0.0126874 782.053
16 852   0.00695836 -0.0117786 853.994
16 855   0.0072044 -0.0105109 917.278
16 856   0.00666276 -0.0112215 870.561
16 857   0.00607157 -0.0111752 833.697
16 858   -0.00690881 -0.0115598 854.408
16 859   -0.00690881 -0.0107264 886.088
16 863   0.00661321 0.0109445 866.908
16 867   0.0072044 0.0108746 899.289
16 868   0.0072044 0.0103948 925.384
16 871   -0.037047 -0.0219477 922.24
16 872   -0.0402706 -0.0240415 784.436
16 878   -0.0072044 0.010933 901.099
16 883   -0.00705661 0.0104917 910.371
16 884   -0.0073522 0.0103368 942.559
16 885   -0.0411621 0.0249993 738.682
16 886   -0.0392263 0.0261919 742.786
16 907   -0.0400734 0.0190142 907.954
16 908   -0.0423529 0.0186871 844.562
16 909   -0.0429405 0.020703 788.834
16 910   -0.0396931 0.0216264 890.136
16 911   -0.0414204 0.0226453 797.481
16 917   -0.051035 0.0324945 670.058
16 920   -0.0472102 0.0298595 678.679
16 921   -0.0442803 0.032365 680.475
16 922   -0.00564336 0.0206827 876.007
16 923   -0.0044524 0.0224395 764.946
16 924   -0.00582333 0.0245074 746.646
16 930   -0.0461685 -0.0323585 675.383
16 933   -0.051035 -0.032543 669.965
16 934   -0.0490985 -0.0299015 675.423
16 935   -0.00505528 -0.0244945 734.799
16 936   -0.00529321 -0.0205877 858.888
16 937   -0.00372815 -0.0223379 747.005
16 1029   0.0022416 -0.0275717 681.641
16 1030   -0.00297929 -0.0321013 688.302
16 1031   -0.00276729 -0.0288514 693.122
16 1034   0.00385306 -0.0336072 671.431
16 1035   0.000206123 -0.0336072 678.37
16 1036   0.000133355 0.0321647 679.412
16 1039   0.00567622 0.0322577 670.04
16 1040   0.00378091 0.0294224 675.297
16 1070   -0.0501575 -0.00542466 814.323
16 1073   -0.048544 -0.0149629 771.434
16 1074   -0.0489863 -0.00938701 804.001
16 1075   -0.0513288 -0.0114623 788.212
16 1076   -0.0435762 -0.0109125 827.979
16 1077   -0.0464227 -0.0113496 805.435
16 1078   -0.0459804 -0.0144256 793.238
16 1079   -0.0421369 -0.0127191 842.384
16 1080   -0.0433699 -0.0151946 826.686
16 1081   -0.0397005 -0.0118734 858.827
16 1082   -0.0387182 -0.0133483 871.712
16 1083   -0.042364 -0.0198188 825.978
16 1084   -0.0420411 -0.0170656 853.335
16 1085   -0.0389703 -0.0205888 931.287
16 1086   -0.0405114 -0.0214067 872.818
16 1087   -0.0386076 -0.0180003 914.415
16 1088   -0.0398258 -0.016065 885.929
16 1123   -0.0345925 0.0210291 899.794
16 1124   -0.0330003 0.0230874 855.64
16 1125   -0.0349034 0.025299 810.389
16 1126   -0.0374634 0.0226444 899.863
16 1127   -0.037255 0.0248561 811.298
16 1149   -0.00678787 -0.0173563 871.462
16 1150   -0.00536362 -0.0187355 863.861
16 1151   -0.00405067 -0.0169176 771.731
16 1152   -0.0117829 -0.0229822 810.524
16 1153   -0.00945913 -0.0248514 778.479
16 1154   -0.00740288 -0.0218692 888.089
16 1155   -0.00730576 -0.0237383 799.273
16 1179   0.00567653 -0.0294287 672.808
16 1180   0.00567653 -0.0322144 669.851
16 1193   -0.0118211 0.0229814 812.161
16 1194   -0.0104106 0.0209938 868.135
16 1195   -0.00972556 0.0248536 779.003
16 1196   -0.00760978 0.0218722 893.385
16 1197   -0.00771956 0.0237444 805.345
16 1203   -0.0243323 -0.0325 753.979
16 1204   -0.0222918 -0.0225 794.482
16 1205   -0.029793 -0.0245516 811.968
16 1206   -0.0265197 -0.0225 810.767
16 1207   -0.0185672 -0.0244881 783.023
16 1208   -0.0187277 -0.0294881 757.144
16 1221   -0.00559769 0.0165755 823.225
16 1222   -0.00433654 0.0175277 791.904
16 1223   -0.00686942 0.0181803 893.529
16 1224   -0.00560827 0.0191325 884.541
16 1328   -0.0115254 -0.0209941 845.497
16 1329   -0.00929875 -0.0209941 890.246
16 1416   -0.0499783 0.00575746 813.7
16 1417   -0.0499783 0.0107574 794.88
16 1465   -0.00434819 -0.0133093 729.848
16 1466   -0.00625233 -0.0123175 805.319
16 1467   -0.00506995 -0.0121036 748.229
16 1468   -0.00481844 -0.0150461 767.508
16 1469   -0.0061314 -0.0151973 812.835
16 1471   -0.00684352 -0.014091 820.172
16 1472   -0.00684352 -0.0132577 822.945
16 1477   -0.0315109 -0.0335258 733.946
16 1478   -0.0281828 -0.0310258 754.175
16 1479   -0.0295761 -0.0280775 769.54
16 1480   -0.0365963 -0.0308276 715.828
16 1481   -0.0324068 -0.0291033 753.32
16 1482   -0.0334015 -0.0320516 729.14
16 1483   -0.0346708 -0.0252542 813.244
16 1484   -0.0368507 -0.0280043 737.468
16 1485   -0.0343525 -0.0277542 759.785
16 1486   -0.0383473 -0.0254003 779.698
16 1487   -0.0366648 -0.0241244 852.421
52 260   -0.00251426 0.0022486 697.23
52 261   0.00150056 0.0021858 697.533
52 262   0.00144821 -0.00224611 697.587
52 263   -0.000530442 0.00109281 697.481
52 264   -0.00235764 0.00441575 699.349
52 265   -0.000544496 -0.00110498 697.485
52 266   0.00156304 0.00435065 699.612
52 267   -0.00441858 0.00116165 695.112
52 268   -0.00442166 -0.0011084 695.058
52 269   0.00145129 -0.00439763 699.644
52 270   0.00333057 0.00103014 695.581
52 271   0.00329228 -0.00120399 695.665
52 272   -0.000311343 0.0054248 701.381
52 273   -0.000424591 -0.00541559 701.477
52 274   -0.00622175 0.00213574 693.209
52 275   -0.00789487 0.000980052 690.693
52 276   -0.00617248 -0.00199573 693.018
52 277   0.005116 0.0018429 693.578
52 278   0.00331626 0.00532519 700.37
52 279   -0.00395313 0.00544484 699.624
52 280   0.00335763 0.00732536 707.057
52 281   0.00310872 -0.00740772 706.529
52 282   0.00313789 -0.00540687 700.306
52 283   0.00671014 0.000562249 690.884
52 284   0.00500554 -0.00213558 693.942
52 285   -0.00784252 -0.000881378 690.583
52 286   0.00663797 -0.0011821 691.172
52 287   0.00818002 0.00143515 688.593
52 288   0.0101218 -0.00108505 685.38
52 289   -0.00649725 -0.00362536 692.861
52 290   -0.0091208 -0.00189571 688.889
52 291   -0.00933545 0.00409833 689.35
52 292   0.00546344 0.00342373 693.872
52 293   -0.00646917 0.00374786 693.417
52 294   -0.00557997 0.00489866 695.511
52 295   0.00810736 0.00315277 688.941
52 296   0.00480584 0.00469583 696.777
52 297   0.00527961 -0.00366625 694.473
52 298   -0.0104281 -0.0016076 687.548
52 299   0.0046135 -0.00483137 697.054
52 300   0.00781312 -0.00214802 689.617
52 301   -0.0110868 -0.000536148 685.829
52 302   0.00698492 0.0038607 690.97
52 303   0.00676122 -0.00418684 692.099
52 304   -0.0100232 0.00523734 691.004
52 305   -0.00789543 0.00433083 691.714
52 306   0.0076623 -0.00362208 690.443
52 307   0.00896949 -0.00203718 687.804
52 308   -0.00891252 -0.00339099 689.256
52 309   -0.00795902 -0.00400628 690.461
52 310   0.00915811 0.00385936 687.549
52 311   0.00597006 0.00562923 694.934
52 312   0.0102423 0.00358361 684.831
52 313   -0.00987912 -0.00421679 688.341
52 314   0.0070878 0.00508884 690.718
52 315   0.0102896 -0.00368199 685.414
52 316   -0.0110347 -0.00285762 686.65
52 317   0.0061988 0.00656556 696.179
52 318   0.00868362 -0.00414057 689.304
52 319   -0.00781638 0.00551952 691.771
52 320   0.00680987 -0.00531339 692.221
52 321   0.00938583 -0.00331412 687.616
52 322   -0.0106939 -0.00397153 685.514
52 323   0.0104014 -0.0047635 686.686
52 324   0.00789607 0.00562907 688.28
52 325   0.00893638 -0.00502538 690.016
52 326   0.00912673 0.00493778 688.392
52 327   -0.00968176 -0.0051263 690.288
52 328   -0.00818355 -0.00499247 689.878
52 329   -0.00775908 -0.00566165 689.092
52 330   0.00749212 -0.00586917 690.412
52 331   0.00865088 0.00549415 688.453
52 332   -0.00848269 0.00600602 692.178
52 333   0.00975047 -0.00528045 690.145
52 334   -0.00924952 0.00595634 694.46
52 335   0.00861447 -0.00564337 690.993
52 336   0.00986083 0.00532047 689.252
52 337   0.00686505 -0.00695002 687.865
52 338   -0.0089397 -0.00528669 689.97
52 339   0.00814289 -0.00587908 690.474
52 340   0.010721 0.00435671 684.831
52 341   0.010371 0.00501513 687.987
52 342   -0.0100549 -0.00570973 692.52
52 343   -0.00832187 -0.00616085 687.729
52 344   -0.00788292 0.0071334 687.406
52 345   0.0072708 -0.00742757 683.139
52 346   0.00733246 -0.00655439 688.843
52 347   0.00987036 0.00598026 691.853
52 348   0.00986134 -0.00596832 693.31
52 349   -0.00785457 -0.00708331 682.181
52 350   -0.00890832 -0.00589698 689.932
52 351   -0.00841131 -0.00659611 686.104
52 352   -0.0082474 -0.00693172 683.519
52 353   0.0090147 0.00610247 688.656
52 354   -0.00843633 0.00655228 691.991
52 355   -0.00939102 0.00651103 697.857
52 356   0.00950008 0.0062059 691.485
52 357   -0.00826625 0.00686351 690.366
52 358   0.00782003 -0.00687089 687.686
52 359   0.0090768 -0.00614258 692.678
52 360   0.00950957 -0.00621247 694.416
52 361   -0.00925512 -0.0061837 691.67
52 362   -0.00965966 -0.00615683 694.014
52 363   0.00832964 -0.00649353 690.147
52 364   0.00782674 -0.0072748 685.725
52 365   0.00897009 -0.00654265 693.529
52 366   0.009614 -0.00664228 698.057
52 367   -0.00959818 0.00677116 701.791
52 368   0.00816644 -0.00680011 688.767
52 369   0.00869451 -0.00665788 691.769
52 370   0.00820099 -0.00748181 685.185
52 371   0.00929437 -0.00680048 697.619
52 372   -0.00895688 0.00666844 695.889
52 373   -0.00807759 0.00751531 685.761
52 374   -0.00867493 -0.00720499 682.362
52 375   0.00954692 0.00658275 693.63
52 376   -0.00892004 -0.00668542 688.636
52 377   -0.00977779 -0.00650956 697.375
52 378   -0.0091774 -0.00653687 691.704
52 379   -0.00869039 0.00709584 693.049
52 380   0.00845383 -0.00735603 686.938
52 381   0.00927648 -0.00707319 700.694
52 382   0.00870232 -0.00699975 691.427
52 383   0.00842598 -0.00707825 688.733
52 384   -0.0089686 0.00695607 697.221
52 385   -0.00847519 0.00752225 686.905
52 386   0.0091405 0.0071099 686.996
52 387   -0.00901904 -0.0069384 688.5
52 388   -0.00893783 -0.00712236 685.385
52 389   -0.00875029 0.00730778 693.033
52 390   -0.00916624 0.0071018 702.451
52 391   0.00869417 -0.00752271 686.821
52 392   0.00886991 -0.00717032 693.209
52 393   -0.00936167 0.00707429 705.51
52 394   -0.00867312 0.00746002 689.822
52 395   -0.00939508 -0.00670184 695.184
52 396   0.00971736 0.00673301 697.026
52 397   0.00906127 -0.00717953 697.826
52 398   -0.00959093 -0.0067014 698.231
52 399   0.00883392 -0.0074155 690.812
52 400   -0.00913275 0.00732481 706.276
52 401   -0.00899502 0.00739102 700.194
52 402   -0.00963649 -0.0069105 702.987
52 403   -0.00924257 -0.00698116 693.348
52 404   -0.00911592 -0.00726399 686.062
52 405   -0.00936126 -0.00689315 696.338
52 406   0.00961385 0.00692772 699.477
52 407   0.00897733 -0.00750286 694.328
52 408   0.00943367 -0.00719637 706.07
52 409   0.00909935 -0.00738066 701.088
52 410   -0.00887262 0.00759032 691.645
52 411   0.00928433 0.00724226 689.757
52 412   -0.00950296 -0.00699431 702.771
52 413   -0.00901272 0.00754491 700.431
52 414   -0.00941346 0.00724459 711.661
52 415   -0.00925206 0.00742886 722.016
52 416   0.00934499 -0.00735 710.672
52 417   -0.00924161 -0.00721473 691.611
52 418   -0.00948736 -0.0071131 707.549
52 419   -0.00928705 -0.00711586 694.976
52 420   -0.00933734 0.00737615 719.195
52 421   0.00918613 -0.00743628 708.251
52 422   0.0092705 -0.00741852 713.613
52 423   0.00899679 -0.00761285 692.689
52 424   -0.00953499 -0.00719046 720.326
52 425   -0.00939015 -0.00714664 702.08
52 426   0.00930414 0.00731869 689.125
52 427   -0.00910365 0.00761219 708.134
52 428   -0.00932325 -0.00727382 695.711
52 429   -0.00924657 0.00754396 745.552
52 430   0.00908668 -0.00761442 699.569
52 431   0.00917176 -0.00753968 714.232
52 432   -0.00939282 -0.00722714 704.76
52 433   0.00914294 -0.00759472 711.047
52 434   -0.00934488 -0.0073205 696.265
52 435   -0.00943727 -0.00725737 716.681
52 436   -0.00948223 -0.00725424 736.195
52 437   -0.00943436 -0.00730288 720.927
52 438   0.00917619 -0.00764064 723.251
52 439   -0.00941154 -0.00731934 707.55
52 440   -0.00923334 0.00765848 882.505
52 441   -0.00922894 0.00766609 633.828
52 442   -0.00949086 -0.00733933 689.254
52 490   0.00428072 -0.00808365 716.131
52 502   -0.00555679 0.00750495 704.554
52 503   -0.00407897 0.00713784 705.377
52 504   -0.00344929 0.00814725 713.228
52 581   0.00709614 0.00694825 683.787
52 796   -0.00950018 -0.00728982 766.5
52 808   0.0092944 -0.00750061 725.462
52 810   0.00922373 -0.00754778 729.108
52 811   0.00927668 -0.00756156 742.65
52 812   0.009262 -0.00752648 729.31
52 813   0.00925128 -0.00758306 751.96
52 814   0.00922554 -0.00758266 742.22
52 815   0.00920022 -0.00763071 747.213
52 816   0.00921341 -0.00761024 750.891
52 818   0.00920729 -0.00765151 761.521
52 821   -0.0057753 -0.00734781 706.644
52 822   -0.00369596 -0.00803133 715.266
52 823   -0.00425001 -0.00704192 706.737
52 828   0.00456828 0.00795027 719.414
52 949   -0.000642914 -0.00706148 703.996
52 950   -0.00234603 -0.0079963 705.973
52 951   -0.00109412 -0.00929178 707.319
52 952   -0.0022687 -0.00905596 705.651
52 958   -0.00046565 0.00707706 703.802
52 959   -0.00211933 0.00806104 705.66
52 960   0.00205649 0.00799467 705.56
52 961   3.97325e-05 0.00882823 707.365
52 962   0.000511326 0.00764957 704.831
52 963   0.00099761 0.00929124 707.541
52 964   0.00217218 0.00905542 705.503
52 970   -0.0019692 0.00912553 704.767
52 971   -0.000787109 0.00932022 706.429
52 980   0.00180038 -0.00804784 705.408
52 981   0.000285979 -0.00765374 704.852
52 982   -0.000242563 -0.00882437 707.595
52 983   0.00186288 -0.00912113 704.881
52 984   0.000680793 -0.00931582 707.041
52 1001   0.00622764 -0.00692966 695.039
52 1002   0.00499443 -0.00726825 705.264
52 1003   0.0060128 -0.00597826 694.815
52 1004   0.00529804 -0.00601682 697.98
52 1007   0.00590005 -0.00754895 703.753
52 1008   0.0053816 -0.00784897 711.31
52 1089   0.00583746 0.00715543 705.057
52 1090   0.00532979 0.00747337 711.083
52 1254   -0.00185767 -0.00220584 697.72
52 1255   -0.00320512 -0.00223262 696.816
52 1256   -0.00174084 -0.00436493 699.898
52 1257   -0.0036308 -0.00590294 701.568
52 1258   -0.00268988 -0.00490687 700.235
52 1259   -0.0034867 -0.00387654 697.924
52 1260   -0.00556002 -0.00435812 695.01
52 1261   -0.0045612 -0.00536394 699.128
52 1262   -0.00429402 -0.00438127 697.59
52 1263   -0.00703111 -0.00565423 690.732
52 1264   -0.005527 -0.00558613 696.867
52 1265   -0.00612741 -0.00509547 694.196
52 1266   -0.00620243 -0.00673044 696.99
52 1267   -0.00604134 -0.00613157 695.672
52 1268   -0.00681145 -0.00619899 690.788
52 1269   -0.00747098 -0.00694964 683.266
52 1270   -0.00681813 -0.00694092 688.339
52 1271   -0.00712694 -0.0066548 687.322
52 1274   -0.00703042 -0.00723806 679.658
52 1275   -0.00729391 -0.00723346 680.801
52 1345   0.0109628 -0.00295104 685.613
52 1346   0.0112114 -0.00163104 684.92
52 1397   -0.0110637 0.0007903 685.671
52 1400   -0.00970707 0.00169842 688.593
52 1401   -0.0102673 0.0031013 688.207
52 1421   0.010837 0.00266906 684.914
52 1424   0.00982551 0.00122719 686.258
52 1425   0.0106831 0.000340498 684.288
52 1451   -0.00703225 0.0059391 691.607
52 1452   -0.00622211 0.00590121 694.286
52 1453   -0.00607308 0.0068145 695.322
52 1454   -0.00741274 0.00705683 686.86
52 1455   -0.0070583 0.00666025 689.465
52 1456   -0.00665538 0.00703173 688.411
52 1459   -0.00718596 0.00743138 683.952
52 1460   -0.00683368 0.00742523 681.436
52 1503   -0.00915965 0.00761317 725.848
52 1506   -0.00921771 0.00765747 887.038
52 1507   -0.0092304 0.00763858 838.051
52 1508   -0.00920096 0.00759478 760.663
52 1521   0.00788929 0.00717044 681.552
52 1522   0.00784324 0.00635623 686.234
52 1523   0.00750808 0.00674807 684.463
52 1524   0.00831256 0.00660311 684.776
52 1525   0.00822176 0.00699068 682.456
52 1526   0.00859525 0.00717716 681.461
52 1527   0.00884824 0.00701783 683.829
52 1528   0.008813 0.00638632 687.467
52 1529   0.00872343 0.00674956 685.316
52 1530   0.00856124 0.00652131 685.775
52 1531   0.00926717 0.00663199 690.719
52 1532   0.00893175 0.00669015 686.983
52 1533   0.00901862 0.00653899 688.183
52 1534   0.00918051 0.00694519 689.249
52 1535   0.00909657 0.00679371 688.205
52 1536   0.00926402 0.00677258 690.979
52 1537   0.00950395 0.006956 697.971
52 1538   0.00932792 0.00697258 692.837
52 1539   0.009368 0.00687555 693.283
52 1540   0.00955679 0.00714049 707.391
52 1541   0.00941772 0.00705604 697.221
52 1542   0.00951002 0.00705002 700.849
52 1543   0.00939927 0.00719074 699.37
52 1544   0.00942898 0.00713128 699.845
52 1545   0.00949578 0.00717323 707.489
52 1546   0.0094423 0.00723639 706.9
52 1547   0.00949266 0.00722189 713.675
52 1548   0.00941656 0.00730671 703.348
52 1549   0.00944123 0.00732632 710.778
52 1550   0.00943978 0.00727593 709.473
52 1551   0.00946318 0.00731531 731.137
52 1552   0.00946511 0.00728491 722.584
52 1555   0.00952214 0.00724844 724.189
52 1556   0.00948523 0.00727378 730.876
52 1557   0.00951597 0.00728056 742.166
52 1558   0.00950424 0.00726162 728.411
52 1559   0.00950385 0.00731205 793.847
52 1560   0.00950345 0.0072923 753.804
52 1561   0.00949046 0.00729313 748.923
52 1562   0.00947994 0.00731921 765.883
52 1563   0.00949462 0.00731761 805.604
52 1564   0.0094871 0.00730815 766.483
52 1565   0.00949535 0.00733436 895.692
52 1568   0.00948338 0.00732977 786.19
52 1569   0.00949157 0.00732859 846.668
52 1570   -0.00947119 -0.0073278 769.011
52 1571   -0.0094626 -0.00731189 752.515
52 1572   -0.00948347 -0.00730196 781.688
52 1575   -0.00949491 -0.00733173 928.475
52 1576   -0.00949616 -0.00731337 824.217
52 1577   -0.00948928 -0.00732306 890.686
52 1578   0.00925299 -0.00761034 774.37
52 1581   0.00924206 -0.00763992 824.455
52 1582   0.0092266 -0.00762053 772.201
52 1583   0.00924044 -0.00762023 785.592
52 1584   0.00923208 -0.00764532 820.579
52 1585   0.00921775 -0.00764638 784.186
52 1586   0.00922387 -0.00763587 787.226
52 1589   0.009234 -0.00766128 873.278
52 1590   0.00922225 -0.00765681 801.61
52 1591   0.00922966 -0.0076559 837.579
end
