884
16 187   -0.0449783 0.00325867 950.871
16 188   -0.0451577 -0.00292318 950.784
16 189   -0.0477775 -0.021778 886.72
16 190   -0.0411403 -0.00644751 953.533
16 191   -0.00182866 0.0290451 821.186
16 192   -0.0434942 -0.0296599 794.041
16 193   -0.0384826 -0.00713776 956.289
16 194   -0.000824548 0.02437 894.275
16 195   0.00435703 -0.0186497 793.502
16 196   -0.000976892 -0.0214878 905.613
16 197   0.00187781 0.0225723 891.984
16 198   0.00451657 0.0225824 871.896
16 199   0.00182718 -0.0174434 854.868
16 200   -0.000160924 -0.0188053 906.641
16 201   0.00126965 -0.0152723 852.808
16 202   -0.00173715 -0.0173939 940.982
16 203   -0.00333961 -0.0174449 965.97
16 204   -0.00601614 -0.0158653 949.519
16 205   -0.000365474 -0.0150401 912.196
16 206   -0.00138417 -0.0157999 939.302
16 207   0.0030659 0.0156091 965.686
16 208   -0.00255972 -0.0150765 965.201
16 209   0.00416979 0.0138923 947.862
16 210   0.00319112 0.0143319 966.26
16 211   -0.0025607 -0.0140674 968.798
16 212   -0.000583333 -0.0139025 919.72
16 213   0.00399271 0.013067 907.759
16 214   -7.63449e-05 -0.0132608 896.45
16 215   -0.00320023 -0.0135511 957.912
16 216   0.00253279 0.0138083 957.698
16 217   0.00186061 0.0138784 968.38
16 218   0.0032536 0.0127427 881.95
16 219   0.00263324 0.0131519 910.514
16 220   0.00178433 0.0132495 950.074
16 221   -0.00217782 -0.012894 954.86
16 222   -0.00291996 -0.0129224 934.536
16 223   0.00286189 0.0128306 872.802
16 224   -0.00254446 -0.0127967 925.017
16 225   -0.001983 -0.0125223 917.065
16 226   0.00321494 0.0122862 874.91
16 227   0.00220307 0.0129664 898.421
16 228   0.00344436 0.0121253 919.648
16 229   -0.00175089 -0.0124351 939.472
16 230   0.00218898 0.0126344 841.424
16 231   0.00372409 0.0120799 944.455
16 232   0.00260701 0.0124822 814.29
16 233   -0.00280313 -0.0122886 861.792
16 234   -0.00257021 -0.0124512 866.79
16 235   0.00236426 0.0124715 802.174
16 236   0.00293552 0.0121473 839.185
16 237   -0.00217647 -0.0122716 819.631
16 238   0.00263156 0.0122696 782.867
16 239   -0.00244738 -0.0122896 816.223
16 240   0.00274531 0.0121781 793.406
16 241   -0.00275774 -0.0121144 832.601
16 242   0.00231219 0.0122714 754.392
16 243   -0.00232526 -0.0122475 795.891
16 244   0.00244037 0.012177 729.199
16 245   -0.0025561 -0.0121472 785.479
16 246   0.00219858 0.0122168 736.203
16 387   0.00612814 -0.0168419 776.305
16 388   -0.0443159 -0.0225096 914.46
16 389   -0.042963 -0.0254774 899.366
16 398   -0.00993414 -0.0304346 904.976
16 399   -0.0072961 -0.0334782 853.779
16 400   -0.00852484 -0.0271958 919.163
16 401   -0.00560228 -0.0268053 907.214
16 403   -0.0511397 0.0239922 798.609
16 404   -0.045146 0.0217757 914.168
16 406   -0.0410122 0.0310476 833.392
16 407   -0.0392003 0.0336825 835.596
16 408   -0.0387308 0.0282593 907.931
16 422   -0.0328797 -0.023077 961.601
16 432   -0.00504568 0.0303789 867.272
16 433   -0.00741355 0.0334596 872.011
16 434   -0.0101891 0.030476 908.911
16 435   -0.00654173 0.0273467 910.448
16 436   -0.00910072 0.0274439 920.264
16 446   -0.0029331 0.0163139 912.392
16 447   -0.00337869 -0.0220847 944.19
16 448   -0.00482583 -0.0241101 938.443
16 453   -0.00201251 0.0150104 905.188
16 454   0.00161044 0.0201415 916.533
16 455   0.00270053 0.0188818 928.078
16 456   0.00202439 0.0161922 956.404
16 457   0.00170801 0.0176558 940.784
16 458   -0.000628285 0.015077 928.119
16 459   0.000176784 0.0159131 941.71
16 460   0.00120396 0.0143815 965.025
16 461   0.00114998 0.0154188 956.169
16 462   0.000519758 0.014046 958.03
16 463   -0.00033929 0.0142473 933.941
16 464   -0.00134081 0.0132322 885.172
16 465   -0.000643547 0.0137351 922.559
16 467   -0.00121555 0.0126193 864.41
16 469   -0.0473572 0.0130562 938.854
16 470   -0.0423572 0.0130562 956.709
16 471   -0.0432981 0.0168081 954.706
16 472   -0.0410186 0.0154685 963.92
16 475   -0.00688382 -0.0150811 929.961
16 477   -0.00675147 -0.0128326 832.267
16 478   -0.00719191 -0.0136281 873.592
16 479   -0.00657574 -0.0142585 910.39
16 480   -0.00615064 -0.0130325 853.793
16 481   -0.00597491 -0.0138894 904.511
16 482   -0.00579173 -0.0126462 837.265
16 483   -0.00533862 -0.0129572 871.987
16 484   -0.00497685 -0.0126126 862.556
16 485   -0.00462488 -0.0117719 801.738
16 486   -0.00498951 -0.012075 816.876
16 487   -0.0038985 -0.0162564 969.131
16 488   -0.00347158 -0.0154821 969.186
16 489   -0.00493499 -0.0156934 961.22
16 490   -0.00484729 -0.0149449 955.206
16 491   -0.00416886 -0.0148933 964.536
16 492   -0.00532761 -0.0141788 928.818
16 493   -0.00375783 -0.0136984 951.386
16 494   -0.00415593 -0.014259 956.262
16 495   -0.00491154 -0.0133599 907.775
16 496   -0.00484971 -0.01388 930.48
16 497   -0.00452032 -0.0127479 891.858
16 498   -0.00438884 -0.0132243 919.068
16 499   -0.00392891 -0.0131839 931.151
16 500   -0.00375505 -0.0127267 921.84
16 501   -0.00316112 -0.0123243 911.324
16 502   -0.0033037 -0.0126125 920.411
16 504   -0.00339677 -0.0121045 945.893
16 510   0.00146188 0.0131058 955.564
16 511   0.00110758 0.0125321 945.987
16 512   0.00154164 0.0127751 924.953
16 513   0.00145918 0.0123691 879.973
16 514   0.00131314 0.0126047 931.218
16 515   0.00196763 0.0125654 843.872
16 516   0.00173229 0.012636 885.423
16 517   0.00164307 0.012443 862.168
16 519   0.00179154 0.012313 813.416
16 520   0.00206015 0.0122392 761.449
16 521   0.00195386 0.0123602 800.362
16 551   0.00537669 0.0114454 747.857
16 554   -0.0242302 -0.0325 926.401
16 555   -0.0296792 -0.0245514 949.282
16 556   -0.026321 -0.0225 947.789
16 557   -0.0208926 -0.0297282 929.808
16 558   -0.0220743 -0.0247282 940.087
16 559   -0.0136043 -0.0291846 920.773
16 560   -0.0161384 -0.0322282 917.97
16 561   -0.0142222 -0.0241846 946.458
16 562   -0.0163631 -0.0222282 946.865
16 563   -0.0195129 -0.0222282 943.395
16 587   -0.0501577 -0.00542417 947.248
16 590   -0.0489866 -0.00938633 943.616
16 591   -0.0513289 -0.0114621 936.453
16 592   -0.0435766 -0.0109108 951.974
16 593   -0.0464229 -0.0113486 944.751
16 594   -0.042137 -0.0127177 956.285
16 595   -0.0433694 -0.0151938 953.343
16 596   -0.0397007 -0.0118699 960.003
16 597   -0.0387182 -0.0133456 963.753
16 691   -0.00727978 -0.0119447 776.566
16 692   -0.00683933 -0.0121755 791.665
16 693   -0.00707621 -0.0113654 749.895
16 694   -0.00668575 -0.0106553 742.586
16 695   -0.0402552 -0.0240407 951.836
16 721   -0.00566958 -0.0119105 787.462
16 722   -0.00522914 -0.011684 779.11
16 724   -0.00577154 -0.011363 741.655
16 725   -0.00627428 -0.0115569 757.774
16 726   -0.00632426 -0.0108447 698.846
16 727   -0.00651117 -0.0112041 733.019
16 728   -0.00286555 0.0228852 925.571
16 729   -0.0411586 0.0249995 927.075
16 730   -0.0392201 0.0261922 928.168
16 734   -0.0423524 0.0186872 961.62
16 735   -0.0429395 0.0207031 951.207
16 745   -0.0423608 -0.0198181 960.589
16 746   -0.0420405 -0.017065 961.982
16 747   -0.0112369 -0.0229346 959.377
16 748   -0.00920967 -0.0246958 952.482
16 782   -0.00417227 -0.0185381 968.601
16 783   -0.00421286 -0.0203867 968.089
16 837   -0.0329864 0.0230876 961.712
16 838   -0.0348921 0.0252993 953.927
16 850   -0.046167 -0.0323583 697.98
16 876   -0.00289487 -0.0321635 758.743
16 877   -0.00261035 -0.0287295 814.161
16 879   0.000239322 -0.0336853 700.56
16 880   0.00386966 -0.0336853 677.465
16 884   0.000209326 0.0321258 719.926
16 886   -0.0118335 0.0230246 954.773
16 887   -0.00976657 0.0249925 946.881
16 968   0.00681407 -0.0138489 780.777
16 969   0.00544221 -0.0147003 767.282
16 970   0.00416509 -0.014152 745.483
16 971   0.00304814 -0.0141264 740.796
16 972   0.00199662 -0.0143113 777.784
16 974   0.00352871 -0.0124558 698.785
16 975   0.00234414 -0.0126552 704.675
16 976   0.00290821 -0.0130921 712.08
16 977   -0.0505626 -0.0249874 771.993
16 978   -0.0490974 -0.0299014 695.357
16 979   -0.0510348 -0.032543 674.56
16 993   -0.0314665 -0.0335257 913.494
16 994   -0.0280775 -0.0310257 926.06
16 995   -0.0294627 -0.028077 934.198
16 996   -0.032343 -0.0291027 926.063
16 997   -0.0333604 -0.0320514 910.12
16 1019   0.00567365 0.0251285 772.528
16 1020   0.00567856 0.0326675 675.197
16 1021   0.00385221 0.0297934 699.716
16 1039   -0.0243034 0.0325 927.421
16 1040   -0.0264748 0.0225 947.932
16 1041   -0.0298061 0.0245584 949.51
16 1046   0.00399001 0.0119861 830.238
16 1047   0.00437373 0.0124918 860.673
16 1048   0.00495683 0.0116654 772.472
16 1049   0.00506065 0.0123177 822.02
16 1182   -0.0385859 -0.0212159 841.189
16 1183   -0.0393386 -0.0199611 881.39
16 1184   -0.0401244 -0.0220335 966.624
16 1185   -0.040877 -0.0207787 968.104
16 1207   0.00690881 -0.0107377 853.549
16 1209   -0.00699109 -0.0104953 758.956
16 1210   -0.00739822 -0.0105107 659.136
16 1211   -0.00719466 -0.010846 720.133
16 1212   0.00719642 0.0104064 690.898
16 1213   0.00739881 0.0103004 548.125
16 1214   -0.00799749 0.0218328 933.391
16 1215   -0.00813642 0.0238007 960.278
16 1216   -0.00501506 0.0233849 948.8
16 1217   -0.00628664 0.0247117 940.458
16 1218   -0.00803774 -0.0218588 921.323
16 1219   -0.00638356 -0.0234248 964.452
16 1220   -0.00784484 -0.02362 964.993
16 1221   -0.03708 0.0218369 902.816
16 1222   -0.0410389 0.0218378 966.598
16 1223   -0.0403632 0.0234421 959.003
16 1224   -0.0384247 0.0246348 957.808
16 1225   -0.0368684 0.0240486 966.301
16 1226   -0.00661321 0.0109693 799.933
16 1227   -0.0072044 0.0106595 872.02
16 1279   -0.00626644 -0.0202594 809.998
16 1280   -0.00543935 -0.0210424 945.83
16 1281   -0.00699 -0.0212721 827.31
16 1282   -0.00616291 -0.0220551 956.51
16 1339   -0.00467629 0.0203244 962.557
16 1340   -0.00672196 0.0211452 882.795
16 1341   -0.00558931 0.0217862 968.138
16 1392   -0.0334705 -0.0210257 968.411
16 1394   -0.0366116 -0.0224601 962.849
16 1395   -0.0374404 -0.0214345 862.428
16 1396   -0.0351899 -0.0215385 967.988
16 1397   -0.0360187 -0.0205128 921.084
16 1424   -0.0510349 0.0337472 670.518
16 1450   0.00692146 0.0185707 931.131
16 1451   0.00576438 0.0199089 911.116
16 1452   0.00421571 0.0186391 930.915
16 1453   0.00607814 0.0171179 954.849
16 1454   0.00399992 0.01626 962.488
16 1455   0.00452948 0.0174 949.41
16 1456   0.0050392 0.0143703 959.208
16 1457   0.00499454 0.0154608 968.89
16 1458   0.00694595 0.015269 969.044
16 1459   0.00610264 0.0159316 967.364
16 1460   0.00722298 0.013837 921.918
16 1461   0.00666893 0.0144469 956.613
16 1462   0.00587027 0.014019 941.448
16 1463   0.00678533 0.0132543 880.041
16 1464   0.00566543 0.0127419 849.109
16 1465   0.00598667 0.01339 899.215
16 1466   0.00728118 0.0122168 793.862
16 1467   0.00684353 0.0126925 832.438
16 1468   0.00624527 0.0123493 810.185
16 1469   0.00696938 0.0116997 764.286
16 1470   0.00637112 0.0118513 775.107
16 1471   0.00596737 0.0114449 744.874
16 1472   0.00605197 0.0110677 698.638
16 1473   0.0073441 0.011102 724.441
16 1474   0.00703231 0.0113269 740.819
16 1475   0.00714172 0.0107133 716.837
16 1476   0.00686138 0.0107519 730.215
16 1477   0.00675197 0.0111181 729.77
16 1478   0.0063942 0.0110274 711.071
16 1479   0.00630123 0.0107672 686.8
16 1481   0.00671371 0.0105511 758.217
16 1482   0.00651132 0.0106571 725.826
16 1500   -0.00458622 0.0161198 905.432
16 1501   -0.00690365 0.0150455 891.712
16 1502   -0.0063073 0.0141582 860.952
16 1503   -0.0051146 0.0147075 862.113
16 1504   -0.00512749 0.0127003 747.001
16 1505   -0.00630988 0.01309 817.9
16 1506   -0.00690623 0.0123107 827.918
16 1507   -0.00631504 0.0116112 782.936
16 1509   -0.00483706 0.011881 708.807
16 1510   -0.00542825 0.0115712 725.653
16 1513   0.00617551 -0.0129329 772.361
16 1514   0.00489839 -0.0132405 740.959
16 1515   0.00440193 -0.0125785 719.007
16 1516   0.00686144 -0.0120793 803.608
16 1517   0.00627025 -0.0115333 786.863
16 1519   0.00538346 -0.01157 745.346
16 1520   0.00479227 -0.0118798 725.641
16 1523   -0.0386074 -0.0188335 917.288
16 1525   -0.0398256 -0.016898 968.632
16 1526   -0.0387182 -0.0155645 968.402
16 1533   -0.0335252 0.0210292 968.364
16 1534   -0.0356426 0.0210292 953.653
16 1539   -0.0386397 0.0165032 969.385
16 1542   -0.0406429 0.0185158 968.839
16 1543   -0.0392096 0.0176714 967.909
16 1544   -0.0380699 0.0186682 946.572
16 1545   -0.0398819 0.0203204 943.133
16 1546   -0.0384487 0.0203093 789.413
16 1561   -0.00399327 -0.0125475 914.029
16 1562   -0.00429861 -0.0125282 892.857
16 1563   -0.00434868 -0.0122093 867.71
16 1564   -0.00443231 -0.0119704 830.578
16 1567   -0.0042879 -0.0117806 808.629
16 1568   -0.00413715 -0.0118595 828.452
16 1588   -0.00905135 -0.0209782 948.995
16 1589   -0.0108857 -0.0209782 967.567
16 1669   -0.00366768 -0.0121384 948.453
16 1670   -0.00389164 -0.0122729 923.164
16 1671   -0.00408612 -0.0121438 895.504
16 1672   -0.004019 -0.0119838 886.395
16 1675   -0.00383165 -0.0119561 962.524
16 1676   -0.00367481 -0.0119815 964.577
16 1685   0.000586449 -0.013219 816.067
16 1686   0.00177101 -0.0130196 722.125
16 1687   0.00128357 -0.0136414 782.334
16 1689   0.0014033 -0.0125436 710.578
16 1690   0.000744489 -0.0126506 733.486
16 1695   -0.000425201 -0.012717 915.937
16 1706   -0.00182045 0.0176139 928.568
16 1707   7.28684e-05 0.0195454 924.648
16 1708   0.000562031 0.0181159 933.982
16 1709   -9.47869e-05 0.0171465 935.833
16 1710   -0.00349963 0.0198478 946.453
16 1711   -0.00226313 0.0208099 933.992
16 1712   -0.00232693 0.0187321 933.898
16 1713   -0.00109043 0.0196942 928.175
16 1714   -0.0499783 0.00575768 947.249
16 1715   -0.0499783 0.0107576 939.954
16 1717   0.00104029 0.0132738 969.382
16 1718   0.000667629 0.0135246 965.438
16 1719   0.000914497 0.0128705 967.418
16 1720   -0.000169645 0.0133736 941.545
16 1721   0.000282483 0.0133645 958.622
16 1722   0.000297811 0.0126528 967.998
16 1723   0.000522604 0.0129233 968.048
16 1724   -0.000670407 0.0128661 908.183
16 1725   -9.44376e-05 0.0128378 952.013
16 1726   -0.000321773 0.0131175 934.058
16 1729   -0.00027837 0.0126131 929.791
16 1730   -0.000607774 0.0125597 904.146
16 1733   -0.0115179 0.0210082 963.389
16 1734   -0.00931212 0.0210082 963.053
16 1741   0.00568483 -0.0323707 673.478
16 1742   0.00568483 -0.0297413 682.34
16 1748   -0.00663232 -0.0170131 944.627
16 1751   -0.0058123 -0.0181619 944.92
16 1752   -0.00667998 -0.0192274 858.088
16 1768   -0.0399783 0.0107581 958.178
16 1769   -0.0399783 0.00575913 954.223
16 1772   0.000710167 -0.0237203 836.35
16 1773   0.00401192 -0.0280243 698.083
16 1774   0.000666104 -0.0272196 757.912
16 1775   0.00405598 -0.0222442 770.283
16 1776   0.00582709 -0.0244288 721.652
16 1789   -0.0315196 0.0335292 913.826
16 1790   -0.0281783 0.0310292 926.66
16 1791   -0.0296101 0.0280876 934.655
16 1792   -0.0348172 0.0322117 904.242
16 1793   -0.0333775 0.0277993 933.58
16 1794   -0.0352432 0.0294234 915.044
16 1798   -0.0346157 -0.0252535 953.712
16 1799   -0.0342955 -0.0277535 931.299
16 1800   -0.0383189 -0.0253996 946.569
16 1801   -0.0366281 -0.0241237 965.308
16 1825   -0.00693763 0.0185194 960.518
16 1826   -0.00524658 0.0193648 962.347
16 1827   -0.00637131 0.0200019 899.406
16 1828   -0.00521655 0.0175759 935.941
16 1829   -0.00634128 0.017051 931.348
16 1851   -0.0210524 0.0297582 930.863
16 1852   -0.0223118 0.0247582 940.252
16 1853   -0.0199294 0.0222582 942.892
16 1854   -0.017064 0.0222582 944.907
16 1855   -0.0148439 0.0242746 944.022
16 1856   -0.0138654 0.0292746 922.71
16 1857   -0.0162587 0.0322582 920.32
16 1858   -0.0492268 0.026008 760.772
16 1859   -0.0434881 0.0258139 889.251
16 1860   -0.0459536 0.0245325 870.42
16 1861   -0.049122 0.031177 686.405
16 1862   -0.0505871 0.0286715 701.161
16 1863   -0.0461917 0.0324298 697.806
16 1864   -0.043831 0.0297948 782.552
16 1906   -0.0405424 -0.0309523 843.893
16 1907   -0.0390401 -0.0336508 838.161
16 1908   -0.0358214 -0.0321764 899.279
16 1909   -0.036064 -0.0293529 912.194
16 1910   -0.0380749 -0.0281287 911.986
16 1938   -0.00274502 0.0140939 869.202
16 1939   -0.00209653 0.0132617 845.41
16 1940   -0.004194 0.0139851 816.942
16 1941   -0.00420432 0.013046 748.318
16 1943   -0.00263007 0.0125419 753.195
16 1944   -0.00328888 0.012435 721.094
16 1952   -0.0511397 0.0177504 906.964
16 1953   -0.0457981 0.0168081 935.43
16 1954   -0.0485186 0.0154685 927.213
16 1955   -0.0497794 0.0205008 889.229
16 1956   -0.0470589 0.0197599 910.896
16 1958   -0.00193954 -0.0132794 969.081
16 1959   -0.00188804 -0.0137925 965.155
16 1960   -0.00128743 -0.0137727 950.134
16 1961   -0.00149431 -0.013201 964.597
16 1962   -0.00118354 -0.0133182 952.175
16 1963   -0.000828297 -0.0129043 940.58
16 1964   -0.000935575 -0.0126008 952.04
16 1965   -0.00155413 -0.0125767 967.921
16 1966   -0.00141831 -0.0128514 967.243
16 1967   -0.00121482 -0.0126651 964.567
16 1969   -0.00125867 -0.0124054 968.634
16 1970   -0.00144259 -0.0123755 967.798
16 1990   -0.0511074 -0.0172529 908.982
16 1991   -0.0483223 -0.0182532 913.746
16 1992   -0.0499363 -0.0144623 926.186
16 1993   -0.0473726 -0.0139246 936.556
16 1994   -0.0457587 -0.0159628 938.433
52 251   0.00493384 0.00472564 912.267
52 252   -0.00502799 0.00107324 877.592
52 253   -0.00291729 0.0022256 890.271
52 254   -0.00478305 -0.0012678 889.69
52 255   -0.000727939 -0.00118721 899.914
52 256   -0.00651528 -0.00264987 881.945
52 257   0.00508102 0.00230161 892.753
52 258   -0.00279737 0.00437747 889.244
52 259   -0.000788808 0.00104168 898.305
52 260   0.00117364 0.00218577 902.105
52 261   -0.00261148 -0.00234434 902.344
52 262   0.00312181 0.00113094 896.57
52 263   0.00292446 0.00563664 925.979
52 264   0.00112348 0.00426744 909.507
52 265   -0.0024643 -0.00444249 913.233
52 266   -0.000719042 0.00527522 904.572
52 267   0.00678932 0.0012272 861.739
52 268   -0.00405802 -0.00567149 927.044
52 269   -0.00817509 -0.00205441 827.987
52 270   -0.00667122 0.00190664 853.395
52 271   -0.000508867 0.00697812 911.69
52 272   0.00834536 0.00179901 812.874
52 273   0.00258567 0.00731982 948.839
52 274   -0.00825198 0.00123834 842.528
52 275   0.00887003 0.00304032 805.671
52 276   -0.00366694 -0.00725095 951.035
52 277   0.000994869 0.00765351 940.252
52 278   -0.0091899 -0.00314413 797.773
52 279   -0.00874889 -0.000666744 794.59
52 280   -0.00891479 0.000410546 816.572
52 281   -0.00235622 -0.00772165 953.717
52 282   0.00944292 0.000694304 756.351
52 283   0.00103362 0.00879129 960.238
52 284   -0.0105406 -0.00456328 757.131
52 285   -0.0101172 -0.00238258 746.031
52 286   -0.0024231 -0.00880054 967.152
52 287   -0.0108051 -0.00282772 733.237
52 288   0.000426266 0.00931534 961.956
52 289   0.0103928 0.000993849 714.279
52 290   -0.00988196 -0.000865562 740.037
52 291   -0.0102355 -0.00149168 729.009
52 292   -0.00183946 -0.00933081 969.07
52 293   0.00253715 0.00914954 969.194
52 294   -0.0109547 -0.00359757 733.712
52 295   -0.0113277 -0.00218188 716.205
52 296   0.0038081 0.00988833 968.051
52 297   0.00183792 0.00923324 969.121
52 298   -0.0100736 0.000779899 761.149
52 299   0.00416386 0.0104348 968.525
52 300   0.00177285 0.00995586 958.4
52 301   -0.0103735 0.000293388 724.204
52 302   0.00134013 0.0102596 942.344
52 303   -0.00249118 -0.0102489 946.23
52 304   -0.0103478 -0.000274784 718.352
52 305   0.00319264 0.0100507 963.505
52 306   -0.0108891 -0.00122719 705.519
52 307   0.00275704 0.00978465 965.871
52 308   0.000797851 0.010061 954.389
52 309   -0.00202138 -0.0099687 958.748
52 310   -0.0112934 -0.00147224 703.067
52 311   -0.00153029 -0.0103407 936.408
52 312   0.00228019 0.0101975 945.976
52 313   0.00235983 0.0106249 907.917
52 314   0.00329374 0.0109117 954.868
52 315   -0.00238375 -0.0107282 897.732
52 316   -0.0108294 -0.000394832 699.78
52 317   0.00308058 0.0105622 948.876
52 318   -0.0110171 -0.000721123 696.731
52 319   -0.00162866 -0.0107061 897.391
52 320   0.00142108 0.0107265 899.021
52 321   -0.0108475 0.000453561 705.47
52 322   -0.0111663 -8.7784e-05 690.117
52 323   -0.0116571 -0.00113491 692.936
52 324   -0.0025709 -0.0110063 862.991
52 325   0.00272462 0.0107236 914.955
52 326   0.00171444 0.0109727 850.826
52 327   -0.0111587 0.000192438 692.647
52 328   0.0021705 0.0109205 854.62
52 329   0.00303543 0.011183 911.882
52 330   0.00195151 0.0110429 826.581
52 331   -0.00201231 -0.0108133 873.876
52 332   -0.0113713 -0.000578978 686.716
52 333   -0.0114362 -0.000229818 682.597
52 334   -0.00197495 -0.0111211 814.673
52 335   -0.00150797 -0.010944 865.826
52 336   0.00273933 0.0110407 876.931
52 337   0.00299179 0.0114144 877.423
52 338   -0.0116474 -0.000835783 686.545
52 339   -0.0115555 -0.000664273 684.229
52 340   -0.00213182 -0.011268 778.475
52 341   0.00256496 0.0111917 821.332
52 342   -0.00235634 -0.0112383 791.324
52 343   0.00236092 0.01117 805.778
52 344   -0.0116408 -0.000127679 677.313
52 345   0.00202565 0.0113616 753.855
52 346   -0.00177953 -0.0111718 811.526
52 347   0.00273261 0.011459 787.611
52 348   -0.00241737 -0.0114107 738.151
52 349   0.00260187 0.0113786 778.824
52 350   0.00229618 0.011352 751.856
52 351   -0.0118413 -0.000720446 682.119
52 352   0.0021799 0.0114211 712.271
52 353   -0.00208599 -0.0114442 717.178
52 354   -0.0117119 -0.000496915 678.372
52 355   -0.0118236 -0.000565835 678.403
52 356   -0.0117183 -0.000264419 675.204
52 357   0.00268139 0.0115872 726.342
52 358   0.00248626 0.0114623 715.159
52 359   -0.0119076 -0.000480824 675.577
52 360   -0.0117316 -0.000380678 675.986
52 361   -0.00220772 -0.0115011 652.029
52 362   0.0023846 0.0114573 695.174
52 363   -0.00231458 -0.0114972 648.053
52 364   -0.0118191 -0.000232983 672.414
52 365   0.00255789 0.0116056 595.399
52 366   -0.00240802 -0.0116409 388.887
52 367   -0.0118786 -0.000211161 670.732
52 368   0.0024935 0.011561 610.945
52 369   -0.00219965 -0.011591 518.161
52 370   0.00235462 0.0115555 557.625
52 371   -0.00234446 -0.0115854 506.363
52 372   0.002415 0.011602 487.09
52 373   -0.00227954 -0.0116245 424.319
52 374   -0.00229352 -0.0116815 235.69
52 375   0.0119519 0.00037215 671.749
52 376   0.00240165 0.0116597 333.645
52 377   -0.00239023 -0.0117012 183.568
52 378   -0.00234065 -0.0117028 127.945
52 379   -0.00240622 -0.0117332 73.1656
52 380   -0.0119946 -0.000269057 676.589
52 381   0.00662405 0.00546258 909.342
52 382   0.00835198 0.004307 856.815
52 383   0.00655019 0.00681901 932.526
52 384   0.0080812 0.00694257 907.621
52 385   0.00817105 0.00786902 923.542
52 386   0.0076591 0.00830371 957.096
52 450   0.0091859 0.00642469 878.305
52 451   0.010407 0.00469535 765.41
52 452   0.00938282 0.00514556 832.335
52 568   -0.00108091 -0.0103028 941.922
52 571   -0.00233665 -0.011733 34.6565
52 577   0.00244623 -0.00773502 880.732
52 579   0.00207209 -0.00922622 840.607
52 580   0.00266381 -0.0091331 809.171
52 598   0.0108197 0.000492726 698.83
52 599   0.000980119 -0.00176864 898.383
52 600   0.001701 -0.00293401 895.981
52 601   0.00286741 -0.000594565 892.64
52 602   0.00486794 -0.00273105 872.751
52 603   0.00386138 -0.00115661 886.597
52 604   0.00331522 -0.00236327 887.649
52 605   0.0064202 -0.000398052 858.539
52 606   0.00509104 -0.00102851 876.79
52 607   0.00573716 -0.00202027 864.542
52 608   0.00727131 -0.000880364 840.992
52 609   0.00686135 -0.00189925 847.711
52 610   0.00922271 -0.000124665 776.959
52 611   0.00828408 -0.000631653 817.284
52 612   0.00884358 -0.00118025 834.757
52 613   0.0103414 -0.000913061 754.821
52 614   0.00986928 -0.000400188 758.647
52 615   0.00969514 -0.000946326 813.729
52 616   0.0106996 7.14387e-05 702.921
52 617   0.0104194 -0.000247634 718.641
52 618   0.0106118 -0.000486211 715.735
52 619   0.0109401 -2.67569e-05 696.199
52 620   0.011228 -0.000269151 690.922
52 621   0.0109394 -0.000311338 699.466
52 622   0.0112788 0.000267184 685.639
52 623   0.0113246 -4.61233e-05 685.686
52 624   0.011133 7.69823e-05 689.908
52 625   0.0114712 0.000228633 680.647
52 626   0.0114697 5.95243e-05 681.228
52 627   0.0116241 0.00028022 676.863
52 630   0.0100629 0.00291221 750.287
52 631   0.0105691 0.00372868 737.897
52 632   0.0111777 0.00319432 726.054
52 633   0.0104758 0.00162212 718.145
52 634   0.0109882 0.00245899 720.563
52 635   0.0103549 0.00229671 731.929
52 636   0.0115171 0.00189213 706.51
52 637   0.0111563 0.00203782 711.995
52 638   0.0109728 0.00163041 707.538
52 639   0.0116719 0.00127532 694.015
52 640   0.0112198 0.00139443 700.585
52 641   0.0114474 0.001575 701.379
52 642   0.0115802 0.00107162 690.52
52 643   0.0113085 0.00111788 694.814
52 644   0.0111717 0.000771594 692.317
52 645   0.0113419 0.000561602 686.123
52 646   0.0116873 0.000853203 685.083
52 647   0.0115858 0.000689471 683.062
52 648   0.0118946 0.000426137 673.484
52 649   0.0117014 0.000529851 678.255
52 650   0.0118844 0.000617252 678.123
52 651   0.0118029 0.000693583 680.547
52 652   0.011719 0.000433621 676.278
52 653   0.0116932 0.000350411 675.701
52 654   0.0118307 0.000406238 673.781
52 655   0.0118243 0.00025246 671.807
52 656   0.0118331 0.000337321 672.498
52 657   0.0117768 0.000308735 673.383
52 658   0.0118785 0.000302673 671.057
52 659   0.0118826 0.000259417 670.5
52 660   0.0119284 0.000241914 669.291
52 673   0.00253522 0.0116691 461.772
52 676   0.00248693 0.0116876 356.198
52 678   0.00244139 0.0116885 284.144
52 679   0.0024278 0.0117228 140.805
52 685   0.00504203 -0.00790132 830.741
52 687   -0.00445846 0.00515892 869.063
52 688   -0.0062216 0.00384046 850.494
52 689   -0.00741346 0.00430529 821.103
52 690   -0.00422179 0.00633591 864.313
52 696   0.00574654 0.00779235 960.24
52 697   0.00644685 0.00826538 967.051
52 698   0.00708437 0.00843583 967.288
52 699   0.00720994 0.00904097 949.487
52 700   0.00695396 0.00925832 898.237
52 701   -0.00637037 -0.00446617 900.188
52 702   -0.00550449 -0.00544463 917.592
52 703   -0.00928673 -0.00650166 877.778
52 704   -0.00771886 -0.00523159 893.18
52 705   -0.00961587 -0.0050942 822.961
52 706   -0.00887858 -0.004505 842.019
52 707   -0.00757294 -0.0061701 906.6
52 708   -0.00636887 -0.00752092 951.669
52 709   -0.00655488 -0.00660934 927.755
52 710   -0.00839242 -0.00769954 909.134
52 711   -0.00840351 -0.00685097 899.073
52 712   -0.00710406 -0.00781445 951.202
52 713   -0.00789456 -0.00846839 955.374
52 714   -0.00786409 -0.00780143 932.571
52 715   -0.00688278 -0.00837909 967.359
52 716   -0.00738627 -0.00858375 967.361
52 717   -0.00727323 -0.00902607 954.844
52 718   -0.00701668 -0.00924376 904.698
52 739   -0.00424928 -0.0108135 969.36
52 740   -0.00392576 -0.0109373 968.422
52 761   0.00650722 0.00928176 905.479
52 762   0.00612567 0.00889397 960.591
52 763   0.00415477 0.00926332 969.359
52 764   0.00497681 0.00814727 966.076
52 765   0.00331942 0.0087906 968.24
52 766   0.00375145 0.00812016 963.342
52 767   0.00519686 0.0087008 969.577
52 768   0.00564542 0.00897448 962.762
52 769   0.00480686 0.0091464 968.057
52 770   0.00510089 0.0100136 937.67
52 771   0.00502902 0.00949159 958.492
52 772   0.00548181 0.00934856 947.29
52 773   0.00547187 0.0100576 894.929
52 774   0.00562429 0.00967244 910.963
52 776   0.00565344 0.01033 852.474
52 784   0.00509908 -0.00401957 864.635
52 785   0.0050584 -0.00691982 840.23
52 786   0.00630587 -0.00651402 837.308
52 787   0.00775834 -0.00469147 803.866
52 788   0.00648972 -0.00492873 838.465
52 789   -0.00736076 0.00558313 818.914
52 794   -0.00289706 -0.0101077 960.088
52 795   -0.00375086 -0.0100899 967.692
52 796   -0.0030109 -0.00929727 969.163
52 797   -0.00352855 -0.00934632 969.354
52 798   -0.00366612 -0.0107799 969.045
52 799   -0.00351259 -0.0103761 965.83
52 800   -0.00317644 -0.0104431 956.928
52 801   -0.00333113 -0.011247 959.067
52 802   -0.00319699 -0.0107538 951.163
52 803   -0.00346295 -0.0109397 966.191
52 804   -0.00280296 -0.011043 886.464
52 805   -0.00304225 -0.0109345 930.971
52 806   -0.00307851 -0.0112083 922.198
52 807   -0.00281382 -0.0115254 801.981
52 808   -0.00276794 -0.0112806 840.575
52 809   -0.00291051 -0.011353 864.669
52 810   -0.0025371 -0.0114392 746.692
52 811   -0.00265977 -0.011394 790.195
52 812   -0.00268272 -0.0115121 762.214
52 813   -0.00247218 -0.0116219 478.721
52 814   -0.00252288 -0.011539 671.095
52 815   -0.00259722 -0.0115757 673.455
52 817   -0.00257761 -0.0116467 564.815
52 818   -0.00251542 -0.0116705 439.915
52 871   -0.0001895 0.00939938 935.84
52 872   -0.000781226 0.00930626 906.189
52 943   -0.00234632 -0.0117411 15.4441
52 1043   0.00392879 0.0108825 968.956
52 1044   0.00359431 0.0110109 968.734
52 1076   0.0117978 0.000174262 672.609
52 1077   0.0116242 4.72064e-05 677.616
52 1078   0.0116812 0.000160346 675.446
52 1095   0.00240069 0.0117332 68.3628
52 1099   0.0119458 0.000328737 670.589
52 1100   0.011921 0.000306471 670.307
52 1101   0.0119404 0.000264025 669.131
52 1102   0.0119371 0.000285326 669.569
52 1103   0.0119629 0.000259587 668.528
52 1118   0.00218369 0.011553 588.301
52 1121   0.00230155 0.0115735 519.009
52 1122   0.00222799 0.0116251 437.002
52 1123   0.00224055 0.0115658 548.87
52 1124   0.00228852 0.0116891 202.68
52 1125   0.00227113 0.0116396 387.515
52 1126   0.00230685 0.0116261 408.139
52 1127   0.00232045 0.0116908 190.282
52 1128   0.00236064 0.0116741 269.508
52 1129   0.00233249 0.0116574 319.687
52 1130   0.00233744 0.0117124 103.55
52 1131   0.00235976 0.0117025 152.098
52 1133   0.00233567 0.0117361 27.9255
52 1166   -0.0119643 -0.000265847 668.673
52 1167   -0.0119338 -0.000274673 669.689
52 1168   -0.0118834 -0.000404634 673.719
52 1169   -0.0118458 -0.000325075 672.535
52 1170   -0.0118191 -0.000373409 674.009
52 1171   -0.011964 -0.000356999 671.867
52 1172   -0.0119218 -0.000373549 672.546
52 1173   -0.0118982 -0.000339051 671.834
52 1174   -0.0119539 -0.000328919 670.991
52 1175   -0.0119285 -0.00029964 670.347
52 1176   -0.0119251 -0.000321302 670.99
52 1177   -0.0119674 -0.000285998 669.403
52 1178   -0.0119505 -0.000301242 670.104
52 1179   -0.0119641 -0.000313272 670.48
52 1237   -0.00403697 -0.00881166 968.773
52 1238   -0.00446597 -0.00794611 962.246
52 1239   -0.00543442 -0.00799365 964.446
52 1240   -0.00544583 -0.00874123 968.767
52 1241   -0.00476989 -0.00918443 967.825
52 1242   -0.00591297 -0.00910459 950.896
52 1243   -0.00664718 -0.00930404 898.052
52 1244   -0.00640024 -0.00888169 958.63
52 1246   -0.00651409 -0.0097329 812.333
52 1254   0.00644201 0.00969301 823.789
52 1323   -0.0049352 -0.0105509 954.702
52 1324   -0.00476775 -0.00976186 959.83
52 1325   -0.00425714 -0.0101326 967.009
52 1326   -0.00444028 -0.0105144 967.989
52 1327   -0.00520032 -0.00984753 937.826
52 1328   -0.00518464 -0.0102548 927.556
52 1329   -0.00579414 -0.00955592 908.384
52 1330   -0.00554507 -0.009711 913.987
52 1331   -0.00613301 -0.0100281 779.224
52 1332   -0.00614833 -0.00976188 835.527
52 1334   -0.0055178 -0.0103532 880.495
52 1337   -0.00565018 -0.010072 865.271
52 1338   -0.00588394 -0.0101832 803.838
52 1342   -0.00227323 0.00907135 835.915
52 1343   -0.00122942 0.00870654 897.667
52 1344   -0.00153408 0.00760022 898.339
52 1345   -0.00439052 0.00793761 845.518
52 1346   -0.00305348 0.00857678 839.52
52 1347   -0.00358286 0.00722071 865.843
52 1348   -0.00276641 0.00756357 875.683
52 1350   -0.00427376 0.00859237 845.883
52 1351   -0.00375317 0.00888868 852.664
52 1352   0.00322354 -0.00811447 855.343
52 1353   0.00304763 -0.00876252 830.759
52 1354   0.00408881 -0.00816991 848.238
52 1357   0.00417319 -0.0086698 846.641
52 1358   0.0036526 -0.00896611 847.401
52 1370   0.00590516 0.0097914 860.453
52 1371   0.00617774 0.00979825 821.115
52 1372   0.00579635 0.0101896 820.057
52 1373   0.00589565 0.0100362 818.985
52 1374   0.00604024 0.0101517 759.789
52 1377   0.00588714 0.0103258 792.746
52 1378   0.00599474 0.0102845 745.476
52 1483   0.00630452 0.0100465 758.145
52 1484   0.00617653 0.0101552 717.387
52 1745   0.008335 -0.00366368 817.741
52 1746   0.00795942 -0.0024914 834.423
52 1747   0.00892888 -0.00202111 845.532
52 1802   -0.00544317 0.00640968 843.465
52 1803   -0.00648949 0.00615876 836.656
52 1804   -0.00670322 0.0068524 837.255
52 1805   -0.00491111 0.00764131 837.7
52 1806   -0.00598895 0.00720848 813.438
52 1807   -0.00532483 0.00699818 836.654
52 1809   -0.00583552 0.00770345 803.064
52 1810   -0.00531493 0.00799976 822.207
52 1830   0.00133392 -0.00812444 899.985
52 1831   0.00143155 -0.00892103 889.308
52 1832   0.000888637 -0.00941245 902.139
52 1896   -0.00858605 0.00350992 827.45
52 1897   -0.00897495 0.00237678 846.943
52 1911   0.00462257 0.0105393 966.235
52 1912   0.00499076 0.010398 948.046
52 2031   0.0017004 -0.00414646 896.713
52 2032   0.0024626 -0.00675352 887.584
52 2033   0.00354575 -0.00486423 880.998
52 2034   0.00368892 -0.00617919 873.032
52 2035   -0.000891495 -0.0050642 913.185
52 2036   0.00128782 -0.00605203 901.94
52 2037   0.000668777 -0.00475993 903.389
52 2038   0.000320993 -0.00656256 911.692
52 2039   -0.00147074 -0.00729073 940.946
52 2040   -0.000878231 -0.00623708 921.771
52 2041   0.00056283 -0.00793551 914.388
52 2042   0.0002041 -0.00737143 917.551
52 2043   -0.000697935 -0.00777902 938.434
52 2044   -1.17118e-05 -0.00836174 932.046
52 2045   -0.000666698 -0.00832448 946.844
52 2046   -0.00131443 -0.00921151 968.229
52 2047   -0.000981362 -0.00879576 960.639
52 2048   -0.0009937 -0.00999822 958.031
52 2049   -0.00110022 -0.00962475 968.887
52 2050   0.000420436 -0.00928313 923.292
52 2051   4.41286e-05 -0.00886621 937.878
52 2052   -0.000635151 -0.00903886 960.944
52 2053   -0.000264648 -0.00907204 953.071
52 2054   -0.000748429 -0.00943347 968.79
52 2060   0.000321319 -0.00970471 929.125
52 2063   -0.000122441 -0.00942431 957.368
52 2064   8.72183e-05 -0.00964005 948.842
52 2065   -3.6306e-05 -0.00986248 962.542
52 2066   -0.000532313 -0.00956957 968.935
52 2067   -0.000215101 -0.00976625 965.861
52 2068   -0.000276829 -0.00952723 965.899
52 2069   -0.000677047 -0.0100115 953.506
52 2070   -0.000567446 -0.00977415 966.015
52 2071   -0.000373724 -0.00984303 946.369
52 2074   -0.000413093 -0.0100215 928.526
52 2075   -0.000553557 -0.0101393 939.263
52 2093   -0.0119809 -0.000306393 670.347
52 2096   -0.0119925 -0.00027981 672.338
52 2097   -0.0119826 -0.00028995 670.047
52 2114   -0.00234914 -0.0117651 2.5754
52 2118   -0.00235692 -0.0117621 3.45174
52 2119   -0.00235854 -0.0117459 10.5358
52 2120   -0.00235181 -0.0117585 4.39242
52 2123   -0.00237142 -0.0117465 13.2282
52 2124   -0.00237919 -0.0117436 20.4959
52 2125   0.0119745 0.000319288 670.218
52 2128   0.0119575 0.000291657 669.38
52 2129   0.0119702 0.000303352 669.707
52 2130   0.0119687 0.000270702 668.595
52 2131   0.0119666 0.00028147 668.959
52 2132   0.0119947 0.000275521 669.009
52 2135   0.0119806 0.000268646 668.304
52 2136   0.0119868 0.000275175 668.629
52 2137   0.00234807 0.0117387 21.2714
52 2138   0.00236321 0.0117562 6.62741
52 2139   0.00237423 0.011752 10.7847
52 2140   0.00236391 0.0117233 69.2849
52 2141   0.00237741 0.0117341 45.0766
52 2142   0.00235436 0.0117647 3.34866
52 2144   0.00235379 0.0117564 5.61498
52 2145   0.00234663 0.0117518 7.92235
52 2149   0.0119855 0.000299354 669.654
52 2150   0.0119802 0.000288122 669.167
52 2151   0.0119885 0.000283882 669.149
end
