563
16 1   -0.0449783 0.00325824 833.606
16 2   -0.0451575 -0.00292383 833.134
16 3   -0.0399783 0.00825821 852.231
16 4   -0.0477783 -0.0217783 715.716
16 5   -0.0397975 -0.0323017 697.81
16 6   -0.0360876 -0.0293532 734.917
16 7   -0.0321916 -0.0320515 741.717
16 8   -0.0322476 0.0320583 741.789
16 9   -0.0411398 -0.00644881 843.833
16 10   -0.00178858 0.0288215 691.362
16 11   -0.0434984 -0.0296601 689.554
16 12   -0.0497151 -0.0177532 744.451
16 13   -0.0384823 -0.00714092 854.613
16 14   0.0067346 0.0153462 761.244
16 15   -0.00601898 -0.0144566 832.126
16 16   -0.00704411 -0.0137748 868.362
16 17   -0.00704411 -0.0122596 889.097
16 18   -0.00670882 -0.0114377 898.063
16 19   -0.00604468 -0.0114029 864.619
16 439   -0.00501997 0.0129444 746.291
16 440   -0.00620235 0.0139915 793.926
16 441   -0.00572642 0.0117626 770.371
16 443   0.00637146 -0.0134743 760.077
16 444   0.00690881 -0.0110069 863.282
16 445   0.00578026 -0.0123898 778.154
16 446   0.00459788 -0.0123122 752.34
16 447   0.00661321 0.0108591 909.037
16 450   -0.0142549 -0.0219795 811.982
16 470   -0.00716471 -0.0107498 937.147
16 471   -0.00733236 -0.0102792 957.154
16 472   -0.00699707 -0.0104549 946.62
16 473   -0.0443185 -0.0225101 737.994
16 474   -0.0429687 -0.0254779 715.591
16 488   -0.0497796 0.0184202 737.573
16 490   -0.0473152 0.0259432 692.118
16 491   -0.0511398 0.0239922 694.658
16 492   -0.0484194 0.0211706 718.108
16 493   -0.0440426 0.0244677 715.393
16 494   -0.0451468 0.0217757 734.649
16 500   -0.0355416 0.0307408 728.648
16 501   -0.0410148 0.0310475 695.47
16 502   -0.0392029 0.0336825 697.818
16 503   -0.0359702 0.0279524 750.171
16 504   -0.0387368 0.0282591 722.921
16 512   -0.0138649 -0.0319795 738.111
16 515   -0.0100351 -0.0304693 724.903
16 516   -0.00736432 -0.0334898 703.505
16 517   -0.00869344 -0.0273124 736.775
16 518   -0.0058338 -0.0270394 716.941
16 520   0.00427345 0.0195625 707.638
16 521   0.00470159 0.0251411 684.567
16 522   -0.000224643 0.0245253 698.681
16 523   0.00219378 0.0207926 704.995
16 524   0.00262191 0.0236081 693.32
16 525   -0.00200374 -0.0206564 730.643
16 526   -0.00291682 -0.0163425 747.199
16 527   -0.00130451 -0.0172963 727.814
16 528   0.00049626 -0.021749 704.432
16 529   0.00631872 -0.0223831 690.609
16 530   0.0027749 -0.01942 704.344
16 531   0.00513745 -0.0195753 701.635
16 532   0.00631872 -0.0168936 715.777
16 533   0.00519018 -0.015488 724.59
16 534   0.00063122 -0.0163211 713.599
16 535   0.00221062 -0.0173521 711.131
16 536   0.00344463 -0.0161019 714.295
16 542   -0.0359052 -0.025379 809.675
16 543   -0.0345635 -0.0210258 904.26
16 544   -0.0329234 -0.0230773 861.45
16 556   -0.0049502 0.0302014 700.416
16 557   -0.00740319 0.0334914 704.468
16 558   -0.0101705 0.0304743 726.563
16 559   -0.00640171 0.0270478 722.651
16 560   -0.00903322 0.0273207 740.204
16 565   0.0065672 0.0238848 686.963
16 566   0.0065672 0.0211216 698.387
16 631   -0.0471585 0.0161382 776.804
16 632   -0.0473572 0.0130561 797.274
16 633   -0.0423572 0.0130561 850.529
16 634   -0.0386398 0.0173365 907.539
16 635   -0.0432983 0.016808 834.702
16 636   -0.0410187 0.0154684 873.325
16 643   0.00499653 0.0158794 736.616
16 644   0.00346819 0.017061 722.176
16 645   0.00142074 0.0131842 716.412
16 649   -0.0505632 -0.0249875 690.632
16 700   -0.0054567 -0.011711 813.538
16 701   -0.00493846 -0.0119825 777.045
16 819   -0.00690881 0.0115598 840.14
16 842   0.0072044 0.0103521 964.546
16 843   0.0072044 0.0107466 941.023
16 848   -0.00661321 0.0108813 840.18
16 849   -0.0072044 0.0105715 900.148
16 855   -0.0370401 -0.0219475 925.644
16 856   -0.0379053 -0.0242492 837.378
16 857   -0.0402656 -0.0240412 792.849
16 859   -0.0411626 0.0249993 743.958
16 860   -0.0392272 0.0261919 748.32
16 891   -0.00189887 0.0227657 718.261
16 892   -0.000413256 0.0203519 719.737
16 893   -0.00555353 0.0155706 797.099
16 894   -0.00685118 0.0174124 873.693
16 895   -0.00539101 0.019431 874.929
16 896   -0.00165604 0.0188357 738.365
16 897   -0.00371347 0.0186186 781.674
16 898   -0.00387599 0.0164249 764.018
16 899   -0.00102743 0.0168275 726.921
16 900   -0.00243604 0.0156896 729.487
16 901   0.000556965 0.0159311 719.535
16 902   0.000350707 0.014135 711.777
16 903   -0.00317878 0.0128375 702.308
16 905   -0.00107004 0.0132369 700.261
16 906   -0.00227239 0.0138951 709.408
16 909   -0.0400734 0.0190142 911.157
16 910   -0.042353 0.0186872 852.463
16 911   -0.0429407 0.020703 796.675
16 912   -0.0396934 0.0216264 895.31
16 913   -0.0414209 0.0226453 806.133
16 925   -0.051035 0.0324945 670.132
16 928   -0.0472104 0.0298595 679.112
16 929   -0.0442804 0.032365 681.009
16 943   -0.0050796 -0.0244029 741.817
16 944   -0.00541123 -0.0205032 875.704
16 945   -0.00387114 -0.0222098 759.179
16 951   -0.0461681 -0.0323584 675.694
16 954   -0.051035 -0.032543 670.035
16 955   -0.0490982 -0.0299015 675.704
16 962   -0.00280239 -0.0145621 726.36
16 963   -0.00442857 -0.0127017 748.263
16 964   -0.00458582 -0.0137616 766.519
16 965   -0.00218539 -0.0131324 703.884
16 966   -0.00178726 -0.0140858 709.062
16 968   -0.000789148 -0.0128163 693.71
16 969   -0.00144796 -0.0127094 697.362
16 1038   0.000168978 0.0321116 680.119
16 1041   0.0056782 0.0322369 670.21
16 1042   0.00381259 0.0293484 675.932
16 1064   0.00103443 -0.0260418 688.377
16 1065   0.00449434 -0.0265205 680.093
16 1066   -0.00295731 -0.0320824 688.671
16 1067   -0.00276846 -0.028789 693.891
16 1070   0.00385123 -0.0335927 671.461
16 1071   0.000202461 -0.0335927 678.531
16 1075   -0.0501575 -0.00542448 820.574
16 1078   -0.0485439 -0.0149628 776.903
16 1079   -0.0489863 -0.00938677 810.056
16 1080   -0.0513288 -0.0114622 793.771
16 1081   -0.0435761 -0.010912 834.879
16 1082   -0.0464226 -0.0113493 811.801
16 1083   -0.0459802 -0.0144253 799.613
16 1084   -0.0421367 -0.0127188 849.182
16 1085   -0.0433696 -0.0151943 834.168
16 1086   -0.0397004 -0.0118729 864.621
16 1087   -0.0387182 -0.0133479 876.425
16 1088   -0.0423629 -0.0198186 834.467
16 1089   -0.0420408 -0.0170654 860.245
16 1090   -0.0389676 -0.0205887 933.213
16 1091   -0.0405078 -0.0214065 878.678
16 1092   -0.0386076 -0.0180003 916.877
16 1093   -0.0398257 -0.0160649 889.429
16 1147   -0.0345934 0.0210291 902.911
16 1148   -0.0330021 0.0230874 862.735
16 1149   -0.0349052 0.025299 818.622
16 1150   -0.0374641 0.0226444 904.224
16 1151   -0.0372562 0.0248561 819.919
16 1204   -0.010098 -0.0209898 880.397
16 1205   -0.0114176 -0.0229693 824.223
16 1206   -0.00936906 -0.0248124 785.843
16 1207   -0.00738973 -0.0218431 897.577
16 1208   -0.00727946 -0.0236861 810.437
16 1233   -0.0243321 0.0325 759.801
16 1234   -0.0289198 0.0295583 767.169
16 1235   -0.0265204 0.0225 818.177
16 1236   -0.0298333 0.0245583 820.014
16 1237   -0.0223547 0.0247414 791.874
16 1238   -0.0210799 0.0297414 766.981
16 1239   -0.0148644 0.0242243 794.7
16 1240   -0.0162767 0.0322414 747.371
16 1241   -0.0138665 0.0292243 750.459
16 1243   -0.0171167 0.0222414 800.903
16 1244   -0.0199821 0.0222414 799.396
16 1264   0.00567562 -0.0293706 672.973
16 1265   0.00567562 -0.0321853 669.891
16 1274   -0.00576415 0.0244113 754.422
16 1275   -0.00542952 0.0212069 867.888
16 1276   -0.00420887 0.0229168 754.575
16 1277   -0.024296 -0.0325 758.968
16 1278   -0.0288419 -0.0295515 767.275
16 1279   -0.0220658 -0.0225 801.206
16 1280   -0.0297561 -0.0245515 819.395
16 1281   -0.0264522 -0.0225 817.693
16 1282   -0.0183293 -0.0244795 790.238
16 1283   -0.0186462 -0.0294795 762.444
16 1298   0.000870998 -0.0151086 710.433
16 1299   -8.2518e-05 -0.0134572 700.566
16 1300   -0.000343198 -0.0143036 706.259
16 1301   0.00300025 -0.0147928 715.608
16 1302   0.00200602 -0.0148306 711.676
16 1303   0.00356341 -0.0134043 720.704
16 1304   0.00285076 -0.0127478 710.285
16 1305   0.000895243 -0.0133276 704.55
16 1306   0.00205117 -0.0132018 709.357
16 1307   0.00176958 -0.0138961 709.442
16 1309   0.000847421 -0.0126868 703.442
16 1310   0.00150623 -0.0125799 707.353
16 1313   -0.0118466 0.0229743 819.821
16 1314   -0.00971141 0.0248207 789.912
16 1315   -0.00759511 0.0218464 898.822
16 1316   -0.00769022 0.0236928 818.47
16 1328   -0.00684064 -0.0176719 892.295
16 1329   -0.00552191 -0.0187572 883.196
16 1330   -0.00581551 -0.0160179 841.585
16 1331   -0.00449678 -0.0171033 805.237
16 1346   0.00409199 0.0131893 761.662
16 1347   0.00353631 0.0141943 743.267
16 1348   0.00246052 0.0134729 726.693
16 1351   0.0033456 0.0124145 728.721
16 1352   0.0026868 0.0125214 724.436
16 1362   0.00557863 0.0115524 855.717
16 1363   0.0062912 0.0133172 815.257
16 1364   0.00646541 0.0114822 889.218
16 1365   0.00510882 0.0128453 800.629
16 1366   0.00498743 0.0118621 827.572
16 1368   0.00705661 0.0126122 858.46
16 1369   0.00705661 0.0119153 888.825
16 1408   -0.00337267 -0.0124954 702.398
16 1409   -0.00271386 -0.0126023 701.557
16 1414   -0.0093206 0.0209914 894.603
16 1415   -0.0115509 0.0209914 853.154
16 1458   -0.0499783 0.00575759 820.007
16 1459   -0.0499783 0.0107576 800.773
52 307   0.00524396 0.00227876 695.989
52 308   0.00710711 0.000965462 692.34
52 309   -0.000753274 -0.00113128 699.172
52 310   0.00504729 0.00440011 698.182
52 311   -0.00269739 0.00221443 698.975
52 312   -0.000747576 0.00108344 699.177
52 313   0.00118942 -0.00218123 699.416
52 314   0.00119417 0.00217318 699.27
52 315   0.00110591 0.00433849 700.899
52 316   -0.00455839 0.00119252 696.638
52 317   -0.00266343 0.00432956 701.329
52 318   -0.000801877 0.00536388 702.753
52 319   0.00285218 0.00536929 700.855
52 320   -0.00463654 -0.00554268 700.06
52 321   -0.0099736 -0.00102476 688.725
52 322   0.00678843 -0.00122642 691.804
52 323   0.00636661 0.00559945 699.138
52 324   -0.00621227 0.00214727 694.08
52 325   -0.00418301 0.00525896 702.77
52 326   0.00819799 -0.00233373 688.512
52 327   -0.00486285 -0.00715996 699.247
52 328   -0.00977618 -0.00361056 692.882
52 329   0.0090341 0.00502473 694.511
52 330   -0.00645736 0.00370858 693.914
52 331   -0.00620414 -0.00483178 699.26
52 332   -0.0106353 -0.00243488 689.356
52 333   -0.00567348 0.00476882 698.223
52 334   0.00781035 0.00553994 700.384
52 335   -0.0102656 0.00225455 686.128
52 336   0.00795403 -0.00380652 688.187
52 337   -0.0084782 -0.00405021 695.901
52 338   0.00574091 0.00715631 698.349
52 339   -0.0107986 0.00347222 685.786
52 340   -0.00781435 0.00409084 689.309
52 341   -0.0104719 -0.00457186 692.25
52 342   -0.00722946 -0.00576068 701.878
52 343   0.00899925 -0.00442986 684.7
52 344   -0.0082728 -0.00529655 699.761
52 345   -0.00625455 -0.00745165 699.231
52 346   -0.00731244 -0.00663554 705.964
52 347   0.00807929 0.00681377 709.037
52 348   -0.00807389 0.00502937 686.583
52 349   -0.0101853 0.0042343 686.826
52 350   -0.0100431 -0.00553999 692.992
52 351   0.00981952 0.0060052 696.956
52 352   -0.00881737 -0.00585451 701.734
52 353   -0.00948292 -0.00589301 699.072
52 354   -0.00693285 -0.00714815 706.38
52 355   0.00724915 0.00775439 712.022
52 356   0.00892103 -0.0051972 682.559
52 357   0.008809 0.00697862 714.247
52 358   0.00932548 0.00668526 706.414
52 359   0.00772393 0.0074198 715.375
52 360   -0.0081057 -0.00688506 712.87
52 361   -0.00882532 0.00522875 683.239
52 362   -0.00948821 -0.00664855 706.363
52 363   -0.0085673 -0.00656816 708.817
52 364   0.0101906 -0.00515615 684.698
52 365   -0.00900098 -0.00692517 714.037
52 366   0.0087976 0.00759947 736.168
52 367   -0.00740853 -0.00771024 715.779
52 368   -0.00822132 -0.00740735 725.479
52 369   0.00905875 -0.00607365 676.997
52 370   -0.00879044 0.00605831 678.179
52 371   -0.00896509 -0.00739096 727.98
52 372   -0.00897296 0.00572347 680.206
52 373   0.00947147 -0.00538301 681.254
52 374   0.00982334 -0.00536931 682.586
52 375   -0.00730569 -0.00808439 718.163
52 376   -0.00864703 -0.00755624 737.341
52 377   0.00740919 0.00829326 720.002
52 378   -0.00804238 -0.00769483 732.124
52 379   0.00812237 0.00779492 732.99
52 380   -0.00914867 0.00629401 675.74
52 381   0.00846633 0.00780974 748.407
52 382   -0.00778749 -0.00780023 726.122
52 383   0.0093769 -0.00579192 678.704
52 384   0.00920188 -0.00632432 674.887
52 385   0.0104519 -0.00540448 686.09
52 386   0.00775908 0.00833622 726.499
52 387   0.00988322 -0.00575787 681.32
52 388   0.00964868 -0.00592326 678.437
52 389   -0.00869437 -0.00788387 759.721
52 390   -0.00944338 0.0061369 677.07
52 391   -0.00760206 -0.00834805 726.628
52 392   0.00794692 0.00825923 736.027
52 393   0.010317 -0.00573831 686.094
52 394   0.00969666 -0.00616004 676.297
52 395   0.00805315 0.00807923 740.77
52 396   -0.00827506 -0.0079533 754.493
52 397   -0.00850135 -0.00799345 770.285
52 398   -0.00787797 -0.00811942 735.774
52 399   -0.00779539 -0.00829308 732.517
52 400   0.0100521 -0.00587832 682.74
52 401   -0.00821961 -0.00814974 767.136
52 402   -0.00854865 -0.00820008 801.082
52 403   -0.00807741 -0.00821046 752.743
52 404   0.00956801 -0.00627936 674.618
52 405   0.0102002 -0.0058702 685.376
52 406   -0.00838316 -0.00827606 807.147
52 407   0.00826508 0.00817481 767.721
52 408   0.00988926 -0.00623855 676.519
52 409   0.0081108 0.00841359 751.891
52 410   -0.00794414 -0.00845304 738.194
52 411   -0.00808752 -0.0083955 755.837
52 412   0.00825368 0.00832789 781.452
52 413   0.0100454 -0.00607793 682.244
52 414   0.00999898 -0.00618512 679.798
52 415   -0.0083748 -0.00840164 840.347
52 416   -0.0081824 -0.00848586 771.516
52 417   0.010242 -0.00607189 688.281
52 418   0.00815368 0.00851892 754.982
52 419   -0.0102157 0.00609416 692.346
52 420   0.0101674 -0.00613457 687.351
52 421   -0.00827652 -0.00846714 819.246
52 422   0.00833674 0.00839915 819.692
52 423   0.00842309 0.00838862 840.184
52 424   -0.010163 0.00616503 693.195
52 425   0.0100867 -0.00627788 681.423
52 426   -0.00844436 -0.00845743 877.579
52 427   -0.00831138 -0.00854656 850.747
52 428   -0.0102199 0.00621765 702.123
52 429   -0.00837705 -0.00858878 103.661
52 430   -0.010206 0.00630706 968.735
52 475   -0.0041318 -0.00802693 702.121
52 604   0.00675838 0.00786692 705.759
52 605   0.00633852 0.00781537 696.804
52 673   -0.000597595 0.00701333 704.778
52 674   0.00105802 0.00813625 705.273
52 675   -0.00188984 0.00798078 707.226
52 676   -0.00143019 0.00917376 710.518
52 717   0.00844184 0.00846379 872.81
52 718   0.00851241 0.00830864 818.309
52 720   0.00843745 0.00816609 785.391
52 721   0.00856948 0.00808533 776.597
52 741   0.0108142 8.09033e-05 685.612
52 742   0.00941366 -0.00187378 686.396
52 743   0.011253 -0.00157639 683.906
52 744   0.0102504 -0.000945299 685.937
52 745   0.0112354 -0.0029919 681.985
52 746   0.0108921 -0.00228511 682.51
52 747   0.0100866 -0.00254273 684.801
52 748   0.0097641 -0.00391259 684.855
52 749   0.0101062 -0.0031827 684.628
52 750   0.0107536 -0.00331633 683.793
52 752   0.0108398 -0.00388127 684.743
52 753   0.0104789 -0.00474769 685.451
52 754   0.0103261 -0.00425777 684.919
52 785   -0.0084016 -0.00851617 898.456
52 786   0.0101738 -0.00621477 690.377
52 787   0.0101396 -0.00625088 687.613
52 789   0.0102158 -0.00623309 696.042
52 790   0.0101662 -0.0062768 692.532
52 791   0.0102115 -0.0062742 709.029
52 792   0.0101938 -0.00625692 697.893
52 869   -0.00138288 -0.00568755 702.337
52 870   0.000899108 -0.00387755 700.815
52 871   -0.000359247 -0.00510419 702.061
52 872   0.00037711 -0.00624524 703.655
52 873   0.00353867 -0.00457538 701.082
52 874   0.00191669 -0.0044085 701.364
52 875   0.00135424 -0.00562871 703.161
52 876   0.00360312 -0.00559378 703.577
52 877   0.00234932 -0.00599742 704.295
52 878   0.00486287 -0.00651603 709.938
52 879   0.0046784 -0.00760107 723.251
52 880   0.003635 -0.00814898 709.787
52 881   0.00256567 -0.00746758 706.925
52 914   0.00216723 0.00851715 710.868
52 916   0.00389594 0.00822737 704.938
52 917   0.0028735 0.0073955 704.135
52 931   0.000935504 0.00924733 704.183
52 932   -0.000260459 0.00931738 705.801
52 933   -0.00384353 0.00666423 707.539
52 934   -0.0037355 0.00861436 710.669
52 935   -0.00305167 0.00777869 708.245
52 936   -0.00540581 0.00715494 718.74
52 937   -0.00459224 0.00710636 712.736
52 938   -0.00437211 0.00804217 719.607
52 941   -0.00542151 0.00790612 735.898
52 942   -0.00494986 0.00827537 742.978
52 977   -0.00331134 -0.0083932 706.254
52 1008   0.00498989 0.007739 697.562
52 1009   0.00444291 0.00798318 702.298
52 1108   -0.00162954 -0.00731613 704.295
52 1109   -0.00235557 -0.00911208 713.867
52 1110   -0.00247725 -0.00815627 706.663
52 1111   0.000358805 -0.00935357 706.009
52 1112   0.000409215 -0.0073176 704.995
52 1113   0.00152853 -0.00920994 711.512
52 1114   0.0016027 -0.00817124 707.254
52 1115   -0.000226574 -0.00880955 704.212
52 1116   -0.000897273 -0.00779798 704.616
52 1117   -0.00025033 -0.00781229 704.745
52 1120   -0.00178309 -0.00925169 708.427
52 1121   -0.00117251 -0.00877773 704.845
52 1122   -0.000861639 -0.00929387 702.777
52 1210   -0.0109611 0.00131963 686.937
52 1211   -0.0110242 -2.47199e-05 687.658
52 1213   0.00987193 0.00409833 691.239
52 1216   0.00919201 0.00210089 689.887
52 1217   0.0106528 0.00139517 685.383
52 1383   0.00378219 0.00108181 696.98
52 1384   0.00249204 0.00108345 698.153
52 1385   0.00249299 -0.00105624 698.198
52 1386   0.00525115 -0.00153031 694.718
52 1387   0.00410805 -0.000535377 696.296
52 1388   0.00345822 -0.00158038 697.395
52 1389   0.00439382 -0.00393983 698.823
52 1390   0.00517524 -0.00254986 695.289
52 1391   0.00402739 -0.00260076 697.353
52 1392   0.00681424 -0.00412704 692.031
52 1393   0.00576993 -0.0034552 694.854
52 1394   0.00531342 -0.00432267 697.693
52 1395   0.00685128 -0.00495091 692.833
52 1396   0.00592439 -0.00512108 698.34
52 1397   0.00674215 -0.00661713 709.499
52 1398   0.00598331 -0.0062706 706.651
52 1399   0.00746589 -0.00547282 689.772
52 1400   0.00729783 -0.00598952 694.142
52 1401   0.00826218 -0.00552951 683.395
52 1402   0.00849446 -0.00599706 679.736
52 1405   0.00816364 -0.00630592 679.813
52 1406   0.0077633 -0.00635508 683.736
52 1432   -0.00625764 0.00575477 700.585
52 1433   -0.00664584 0.00690862 714.537
52 1434   -0.00592265 0.00671132 711.86
52 1435   -0.00759431 0.00543806 688.533
52 1436   -0.00691249 0.00565842 695.55
52 1437   -0.00704916 0.00624571 700.374
52 1440   -0.00844769 0.00623939 678.261
52 1441   -0.00794711 0.00599882 683.555
52 1442   -0.00762688 0.00631782 686.687
52 1448   -0.00693368 -0.00818041 712.395
52 1449   -0.00635821 -0.00810975 699.348
52 1470   0.0101734 -0.00629642 694.485
52 1471   0.0102034 -0.00630245 739.901
52 1472   0.0101945 -0.00629277 709.76
52 1478   0.00830495 0.00847921 827.1
52 1479   0.00826478 0.00851328 798.13
52 1480   0.00829732 0.00855583 817.444
52 1481   0.00833181 0.00854056 865.909
52 1482   0.00834317 0.00850295 861.935
52 1484   0.00841251 0.00850417 889.765
52 1485   0.00838393 0.00851152 889.323
52 1491   0.00835828 0.00855281 896.891
52 1492   0.00839178 0.00855967 923.3
52 1493   0.00838276 0.00854011 903.531
52 1495   0.00837898 0.00858408 957.806
52 1498   0.00835988 0.00857251 903.481
52 1499   0.00837459 0.00857327 928.731
52 1504   -0.00835898 -0.00856754 908.709
52 1505   -0.00835321 -0.00853656 896.649
52 1506   -0.00837836 -0.00852607 902.109
52 1509   -0.00838344 -0.00858 682.361
52 1510   -0.00839013 -0.00855137 920.471
52 1511   -0.00837934 -0.00856362 940.343
52 1512   -0.0096508 0.00618996 677.218
52 1513   -0.00972945 0.00630123 676.188
52 1514   -0.00352546 -0.00454615 700.025
52 1515   -0.00212404 -0.0045421 700.823
52 1516   -0.00211248 -0.0022591 699.262
52 1517   -0.00428973 -0.00050175 696.95
52 1518   -0.00389267 -0.00282973 698.508
52 1519   -0.00313513 -0.00169657 698.423
52 1520   -0.00482032 -0.00223333 697.348
52 1521   -0.00527421 -0.00103648 696.131
52 1522   -0.00602072 -0.00323885 697.257
52 1523   -0.00725144 -0.00292141 695.61
52 1524   -0.0085031 -0.000912925 691.578
52 1525   -0.00727211 -0.00172534 694.153
52 1526   -0.00649528 -0.000845923 694.489
52 1527   -0.00727828 0.00119027 692.244
52 1528   -0.00822828 7.34837e-05 691.312
52 1529   -0.00722424 -0.000140505 692.981
52 1530   -0.009193 0.00201427 688.477
52 1531   -0.00856311 0.00106572 690.172
52 1532   -0.00800152 0.0017428 690.69
52 1533   -0.00835644 0.00350284 688.596
52 1534   -0.00897613 0.00277358 688.302
52 1535   -0.00828668 0.00260911 689.615
52 1536   -0.00961071 0.00405354 686.486
52 1537   -0.00921534 0.00347195 687.407
52 1538   -0.00887644 0.00386267 687.294
52 1539   -0.00911111 0.00489972 684.429
52 1540   -0.00946659 0.00449857 685.77
52 1541   -0.00907704 0.00438994 686.008
52 1542   -0.00959367 0.00490546 685.062
52 1543   -0.00940765 0.00511125 683.982
52 1544   -0.00952373 0.00540527 682.933
52 1545   -0.00948702 0.00586619 679.715
52 1546   -0.00937482 0.00568847 680.689
52 1547   -0.00980878 0.00569875 683.15
52 1548   -0.00970633 0.00580866 681.512
52 1560   -0.0105177 0.00479001 687.774
52 1563   -0.0104767 0.00526713 688.518
52 1564   -0.0102677 0.0050312 687.23
52 1565   -0.00989294 0.00507774 685.599
52 1566   -0.00993588 0.00548815 684.85
52 1567   -0.00981424 0.00531744 684.626
52 1568   -0.0103572 0.00573417 689.688
52 1569   -0.0103138 0.00546554 688.043
52 1570   -0.0101334 0.00550322 686.583
52 1571   -0.0101751 0.00599056 689.097
52 1572   -0.0102365 0.00582834 688.837
52 1573   -0.0101172 0.00571535 686.565
52 1574   -0.0100446 0.00597674 685.587
52 1575   -0.00979055 0.00605233 680.168
52 1576   -0.00980244 0.00594173 681.422
52 1577   -0.0100158 0.00583336 685.111
52 1578   -0.00990489 0.00583182 683.49
52 1579   -0.00986325 0.0062189 678.824
52 1580   -0.00996775 0.00607471 683.203
52 1581   -0.00987583 0.00609688 680.859
52 1582   -0.00999019 0.00615948 683.007
52 1583   -0.00999437 0.00629622 680.268
52 1584   -0.0099376 0.00623728 679.999
52 1585   -0.0101017 0.00618883 688.934
52 1586   -0.0100463 0.00618891 684.968
52 1587   -0.0100571 0.00625892 684.322
52 1591   -0.010122 0.00624288 691.417
52 1592   -0.0101153 0.00629952 688.082
52 1593   -0.010095 0.00627243 687.053
52 1594   -0.0101686 0.00629467 701.449
52 1595   -0.010146 0.00625641 695.239
52 1596   -0.0101387 0.00628354 693.239
52 1597   -0.010194 0.00625426 709.86
52 1598   -0.0101713 0.00625568 702.156
52 1599   -0.0101836 0.00628039 718.159
52 1601   -0.0102097 0.00629797 902.165
52 1604   -0.0102104 0.00627298 729.937
52 1605   -0.0102037 0.00628554 785.479
end
