556
16 247   -0.0449783 0.00325767 850.821
16 248   -0.0451575 -0.00292443 850.712
16 249   -0.0499783 0.00825745 827.784
16 250   -0.0399783 0.00825766 867.781
16 251   -0.0477788 -0.0217784 723.224
16 252   -0.0397999 -0.0323018 701.406
16 253   -0.0360985 -0.0293534 747.857
16 254   -0.0322065 -0.0320516 754.92
16 255   -0.0322322 0.0320581 754.342
16 256   -0.0411398 -0.00644957 860.682
16 257   -0.00175927 0.028883 692.334
16 258   -0.0435001 -0.0296602 692.142
16 259   -0.000350948 0.0232442 705.811
16 260   -0.0497153 -0.0177533 756.87
16 261   -0.0384823 -0.00714177 869.689
16 262   -0.00250846 -0.012937 701.857
16 263   0.00642344 -0.0142862 840.333
16 264   -0.00585129 0.0146407 875.973
16 265   0.00579391 -0.0130487 878.571
16 266   -0.00701203 0.0138694 900.043
16 267   0.00461153 -0.0126644 857.818
16 268   0.00660372 -0.0122629 909.096
16 269   0.00504176 -0.0117077 896.614
16 270   0.00595739 -0.0115977 916.265
16 271   0.00723325 -0.0120804 923.612
16 272   0.00623828 -0.0110309 941.519
16 424   -0.00500846 -0.012937 743.141
16 425   -0.00619085 -0.0139842 792.73
16 426   -0.00572642 -0.0117626 761.802
16 427   -0.00690881 -0.0111431 843.227
16 428   0.00631762 0.0128362 767.129
16 429   0.00572642 0.0116682 782.167
16 435   -0.00726678 0.0106591 951.843
16 436   -0.00715016 0.0103623 870.442
16 437   0.00675123 -0.0110635 958.384
16 438   0.00736663 -0.0111709 964.642
16 439   0.00709988 -0.0114478 949.886
16 440   0.00690345 -0.0107645 968.843
16 441   0.00725209 -0.0108146 964.985
16 442   0.00706761 -0.0103772 896.722
16 443   0.00681466 -0.0105097 967.173
16 464   -0.0443198 -0.0225103 751.224
16 465   -0.0429713 -0.0254781 724.512
16 481   -0.0138308 -0.0319594 752.64
16 484   -0.00998175 -0.0304391 737.56
16 485   -0.00732698 -0.0334797 709.394
16 486   -0.00834258 -0.0271842 751.884
16 487   -0.00493118 -0.0267558 722.981
16 493   -0.0497794 0.0184202 748.783
16 494   -0.0473136 0.0259431 694.72
16 495   -0.0511397 0.0239921 697.382
16 496   -0.048419 0.0211706 725.921
16 497   -0.0440402 0.0244676 723.482
16 498   -0.0451457 0.0217756 746.843
16 508   -0.0021103 0.0207745 744.367
16 509   -0.0355309 0.0307406 739.376
16 510   -0.0410119 0.0310474 698.625
16 511   -0.0392004 0.0336825 701.177
16 512   -0.0359556 0.0279521 765.441
16 513   -0.0387291 0.0282589 733.198
16 516   -0.00113201 -0.0203159 741.103
16 517   -0.00162011 -0.0143212 717.369
16 518   -0.00118079 -0.0174553 748.622
16 519   6.9212e-05 -0.0162053 737.586
16 520   -0.000263106 -0.0145154 723.118
16 534   -0.00489974 0.0302256 702.526
16 535   -0.00736513 0.0334929 707.405
16 536   -0.0100783 0.0304787 734.662
16 537   -0.00631676 0.0270849 729.91
16 538   -0.00890904 0.0273379 751.331
16 539   -0.0359195 -0.0253792 831.294
16 540   -0.0345732 -0.0210258 911.994
16 541   -0.0329416 -0.0230775 877.616
16 606   0.00564313 0.0253625 682.746
16 608   0.00526756 0.0198584 701.96
16 609   0.00341068 0.0224388 695.537
16 663   -0.0471582 0.0161381 793.005
16 664   -0.0473571 0.013056 813.337
16 665   -0.0423571 0.013056 866.812
16 666   -0.0386397 0.0173365 914.299
16 667   -0.0432979 0.0168079 854.421
16 668   -0.0410185 0.0154683 885.259
16 669   -0.0242965 0.0325 774.317
16 670   -0.0288836 0.0295581 783.373
16 671   -0.0264556 0.0225 837.858
16 672   -0.0297979 0.0245581 839.657
16 673   -0.0222556 0.0247429 810.787
16 674   -0.0210109 0.0297429 782.64
16 675   -0.0144808 0.0242287 817.375
16 676   -0.0162241 0.0322429 759.513
16 677   -0.0137648 0.0292287 763.47
16 679   -0.0197424 0.0222429 819.871
16 680   -0.0166274 0.0222429 823.624
16 684   0.00728978 -0.0103772 816.884
16 685   0.00738547 -0.0105598 892.899
16 697   0.00520139 0.0141834 733.656
16 698   0.00415134 0.0176838 711.226
16 699   0.00638378 0.0164671 719.178
16 700   0.00178511 0.0165446 714.436
16 701   -0.000714886 0.0174724 730.869
16 702   -0.0023217 0.0165137 754.727
16 703   0.00145139 0.0132168 704.203
16 704   0.00283517 0.0144696 714.418
16 705   -0.00053585 0.0138819 704.433
16 706   -0.00187511 0.0147844 728.467
16 707   -0.00132844 0.0128444 698.68
16 828   -0.00545961 0.0114477 895.308
16 829   -0.00487983 0.0117515 853.19
16 830   -0.00607946 0.0114912 915.801
16 831   -0.00722736 0.011406 955.408
16 832   -0.00699413 0.0109913 964.23
16 833   -0.00722736 0.0120126 932.555
16 834   -0.00673939 0.0124886 912.349
16 835   -0.0061941 0.0121885 907.725
16 837   -0.00657622 0.0108523 956.78
16 838   -0.00620683 0.0110458 932.305
16 849   -0.00744169 0.0102095 494.69
16 850   -0.00732508 0.0102706 735.577
16 851   0.00690881 0.0114181 830.619
16 852   0.00690881 0.0106792 861.962
16 855   -0.0370469 -0.0219477 932.719
16 856   -0.0379136 -0.0242494 856.875
16 857   -0.0402704 -0.0240414 815.293
16 858   0.00740431 -0.0102247 618.561
16 866   -0.00516885 -0.0202651 882.177
16 867   -0.00304934 -0.021796 766.777
16 868   -0.00405168 -0.0239462 751.356
16 869   -0.0411574 0.0249991 759.561
16 870   -0.0392179 0.0261917 764.596
16 872   0.00745216 -0.0100833 96.5709
16 873   0.00735647 -0.0101334 446.135
16 876   -0.0400728 0.0190142 918.539
16 877   -0.0423522 0.0186871 870.476
16 878   -0.0429391 0.0207029 818.312
16 879   -0.03969 0.0216262 907.341
16 880   -0.0414167 0.0226452 829.769
16 892   -0.00549704 0.020547 899.041
16 893   -0.00425867 0.0222797 791.759
16 894   -0.00570023 0.0244583 769.572
16 900   -0.051035 0.0324945 670.336
16 903   -0.0472088 0.0298594 680.32
16 904   -0.0442787 0.0323649 682.501
16 936   -0.0461683 -0.0323585 676.618
16 1015   -0.0501575 -0.00542465 838.371
16 1018   -0.0485441 -0.0149629 793.045
16 1019   -0.0489863 -0.00938698 827.711
16 1020   -0.0513288 -0.0114623 809.904
16 1021   -0.0435762 -0.0109124 853.492
16 1022   -0.0464227 -0.0113496 830.411
16 1023   -0.0459805 -0.0144255 818.277
16 1024   -0.0421369 -0.0127191 866.389
16 1025   -0.0433699 -0.0151945 854.444
16 1026   -0.0397005 -0.0118733 878.226
16 1027   -0.0387182 -0.0133482 887.131
16 1028   -0.042364 -0.0198187 856.862
16 1029   -0.0420411 -0.0170655 876.432
16 1030   -0.0389703 -0.0205888 938.584
16 1031   -0.0405113 -0.0214066 891.587
16 1032   -0.0386076 -0.0180003 923.997
16 1033   -0.0398258 -0.0160649 897.554
16 1041   0.000181981 0.0321502 680.485
16 1044   0.00567962 0.0322849 670.204
16 1045   0.00382275 0.0294351 675.912
16 1046   -0.0029202 -0.0322197 691.941
16 1047   -0.00216355 -0.0287507 696.123
16 1050   0.00386287 -0.0337401 672.071
16 1051   0.000225748 -0.0337401 680.314
16 1068   -0.0116644 -0.0229391 844.065
16 1069   -0.00902402 -0.0246842 811.555
16 1070   -0.00723096 -0.0216498 912.086
16 1071   -0.00681715 -0.0233949 840.508
16 1109   -0.0505635 -0.0249875 693.043
16 1110   -0.0490984 -0.0299015 676.539
16 1111   -0.0510349 -0.032543 670.243
16 1131   -0.034584 0.0210291 910.334
16 1132   -0.0329843 0.0230872 878.095
16 1133   -0.0348876 0.0252987 840.127
16 1134   -0.037457 0.0226443 914.128
16 1135   -0.0372442 0.0248558 842.655
16 1137   -0.0146792 -0.0219594 832.366
16 1166   -0.00925923 -0.0209797 903.96
16 1167   -0.0114858 -0.0209797 873.464
16 1184   -0.00564737 0.0160807 875.967
16 1185   -0.00426359 0.0172027 833.963
16 1186   -0.00680811 0.0176782 907.38
16 1187   -0.00542433 0.0188002 900.174
16 1217   -0.00548277 -0.0154483 797.61
16 1218   -0.00537576 -0.0185591 877.268
16 1219   -0.00679192 -0.0172975 877.386
16 1220   -0.00341203 -0.0157854 755.185
16 1221   -0.00330503 -0.0172295 776.888
16 1278   -0.0243231 -0.0325 775.06
16 1279   -0.028878 -0.0295516 784.456
16 1280   -0.0222906 -0.0225 822.021
16 1281   -0.0297923 -0.0245516 839.887
16 1282   -0.0265188 -0.0225 838.142
16 1283   -0.0184875 -0.0244594 810.706
16 1284   -0.0186403 -0.0294594 780.152
16 1320   -0.0114739 0.0229787 848.69
16 1321   -0.01012 0.0209929 893.937
16 1322   -0.00958866 0.0248379 810.354
16 1323   -0.00755778 0.0218593 913.665
16 1324   -0.00761556 0.0237185 842.654
16 1350   0.00568144 -0.0324801 670.068
16 1351   0.00568144 -0.0299602 673.049
16 1354   0.00605976 -0.0236701 692.297
16 1355   0.00101159 -0.0216279 714.359
16 1356   0.00136071 -0.026178 691.58
16 1357   0.0042412 -0.0271272 681.777
16 1358   0.00641616 -0.0186731 731.365
16 1359   0.00280824 -0.0198334 719.641
16 1360   0.00497592 -0.0209264 708.321
16 1361   0.00316827 -0.0177757 738.251
16 1362   0.00534324 -0.015465 789.464
16 1363   0.00533596 -0.0172394 753.246
16 1364   0.00129145 -0.016132 741.555
16 1365   0.00254509 -0.0166363 747.68
16 1366   0.00363622 -0.0154084 769.907
16 1367   0.00168503 -0.0149372 744.714
16 1368   0.00294231 -0.0145543 766.075
16 1369   0.0013847 -0.0128882 733.727
16 1370   0.000892052 -0.0138401 729.813
16 1371   0.00317109 -0.0135978 775.791
16 1372   0.00376281 -0.0128889 805.744
16 1373   0.00240646 -0.0130288 751.23
16 1376   0.00266877 -0.0123734 749.229
16 1377   0.00332758 -0.0122665 761.603
16 1400   -0.00467973 0.0139265 826.272
16 1401   -0.00333732 0.0141981 752.282
16 1402   -0.00460076 0.0124616 817.727
16 1403   -0.00529518 0.012855 868.012
16 1404   -0.00232206 0.0129631 707.515
16 1405   -0.00299169 0.0134143 727.726
16 1406   -0.00363967 0.0127493 735.51
16 1409   -0.00264064 0.0123514 703.175
16 1410   -0.00329945 0.0122445 706.545
52 273   0.00935609 -0.00194675 693.239
52 274   0.00710774 -0.00116456 697.773
52 275   0.00514923 -0.00256296 703.399
52 276   0.00113269 -0.00237461 704.747
52 277   0.00307413 -0.001281 703.414
52 278   -0.0027477 -0.00227385 704.031
52 279   0.00503606 -0.00476603 708.566
52 280   -0.000935768 -0.00559977 706.916
52 281   -0.000778422 -0.00121067 704.425
52 282   -0.00968648 0.00196839 694.289
52 283   -0.000779431 0.000991068 704.463
52 284   0.0028097 0.00511488 707.016
52 285   0.00300625 0.000921119 702.849
52 286   0.000941273 0.00420474 705.769
52 287   0.0010638 0.00202925 704.451
52 288   -0.00619942 0.00230001 702.961
52 289   -0.00453533 -0.00110708 701.705
52 290   -0.00262755 0.00212612 704.756
52 291   -0.00285362 -0.00437044 706.04
52 292   0.0108689 -0.000105304 687.811
52 293   -0.00441417 0.00109116 702.981
52 294   -0.00783872 0.00116045 697.736
52 295   0.00678766 0.00114321 695.801
52 296   0.00476127 0.00194694 700.694
52 297   -0.00611182 0.00439989 709.842
52 298   0.00468725 0.0039652 703.58
52 299   -0.00631019 -0.00200851 698.009
52 300   -0.00438361 0.00532511 709.496
52 301   -0.00782833 -0.000949821 694.664
52 302   -0.00446545 -0.00516043 707.755
52 303   0.0081259 0.00231634 690.99
52 304   -0.00467623 -0.00685573 716.58
52 305   0.00631139 0.00450865 701.033
52 306   -0.00876587 0.00547445 710.437
52 307   0.00979072 0.00239795 686.415
52 308   -0.00732641 0.00551808 720.977
52 309   0.00628195 -0.00588187 719.221
52 310   0.00859905 -0.00561304 710.34
52 311   -0.0104304 -0.00144875 687.51
52 312   -0.0091182 -0.00186094 690.206
52 313   0.0107552 0.00178737 684.75
52 314   -0.00659924 -0.00355397 697.86
52 315   -0.00583317 -0.0045644 703.642
52 316   0.00772366 0.00366351 691.908
52 317   0.00746051 -0.00583179 725.276
52 318   -0.00792746 -0.00400552 691.399
52 319   -0.0069193 -0.00544178 705.897
52 320   -0.0110842 -0.00257913 686.374
52 321   0.0057948 -0.00724416 732.477
52 322   -0.00910971 0.00683542 725.851
52 323   -0.0070172 0.00690727 751.863
52 324   -0.00914861 -0.00307458 688.054
52 325   -0.00794875 -0.00506986 693.291
52 326   0.00515487 -0.00784695 716.888
52 327   0.0102165 0.00356129 684.056
52 328   -0.00871239 -0.0037483 687.504
52 329   0.00869696 0.00420779 685.836
52 330   -0.00639102 0.00743815 761.926
52 331   -0.00833981 0.00745507 774.665
52 332   0.0075894 -0.00711743 764.509
52 333   0.00655937 -0.00776734 776.921
52 334   -0.0105647 -0.00342114 686.217
52 335   0.00826288 0.00527952 688.92
52 336   -0.00869003 -0.00544606 681.006
52 337   -0.00768677 0.00748329 789.445
52 338   0.00952494 0.00402396 682.984
52 339   -0.00994124 -0.00350439 685.56
52 340   0.0071754 -0.00769069 797.989
52 341   0.0090236 0.00556334 677.968
52 342   0.00869383 0.00481625 684.038
52 343   -0.00932268 -0.00437426 682.822
52 344   0.00638712 -0.00846953 806.563
52 345   0.0109104 0.0038326 683.957
52 346   -0.00985193 -0.00416557 683.13
52 347   -0.00612824 0.0087147 800.129
52 348   0.00548559 -0.00855026 735.981
52 349   -0.00920932 -0.00518123 678.378
52 350   -0.00669744 0.00814304 810.093
52 351   0.00595327 -0.00864967 778.334
52 352   -0.00745336 0.00810935 843.798
52 353   0.00989842 0.00449739 680.052
52 354   -0.00843212 0.00806529 819.015
52 355   -0.00937956 -0.00483187 679.937
52 356   0.00743746 -0.00824796 857.738
52 357   -0.00651254 0.0085836 828.646
52 358   0.00671263 -0.00882201 861.179
52 359   0.00936299 0.00495318 678.668
52 360   0.0106367 0.00430623 682.37
52 361   -0.00709022 0.00823821 844.382
52 362   0.00960351 0.00527373 675.516
52 363   0.00973961 0.00481815 678.166
52 364   -0.00765404 0.00846811 884.912
52 365   0.00703518 -0.00877675 885.605
52 366   -0.00959827 -0.00547293 674.469
52 367   0.00728152 -0.00859187 886.223
52 368   -0.00808345 0.00846643 878.243
52 369   0.0103163 0.00450835 680.417
52 370   -0.00681571 0.00880981 873.332
52 371   -0.00982724 -0.00499532 677.441
52 372   -0.0101043 -0.00489289 678.666
52 373   0.0108488 0.00455029 682.747
52 374   -0.00786442 0.00858496 894.17
52 375   0.0100658 0.00503869 676.042
52 376   -0.00709461 0.00862533 880.359
52 377   -0.00986928 -0.00529957 674.79
52 378   0.0100377 0.00528583 673.906
52 379   0.0104178 0.00479432 679.189
52 380   0.0103262 0.0050039 677.071
52 381   -0.0103301 -0.00509887 677.764
52 382   -0.00687571 0.00903535 890.103
52 383   -0.0101112 -0.00540259 673.431
52 384   -0.00727585 0.00876565 898.776
52 385   0.010669 0.00481787 680.967
52 386   0.00749822 -0.00879897 908.963
52 387   -0.00747214 0.00873731 904.127
52 388   0.00712528 -0.00906825 904.853
52 389   0.0102584 0.00540528 672.434
52 390   -0.010295 -0.00530432 674.956
52 391   0.0104898 0.00516193 676.933
52 392   -0.00781335 0.00890981 922.584
52 393   0.0107465 0.00498386 681.476
52 394   0.00731371 -0.00906439 917.74
52 395   0.00744031 -0.00897998 923.24
52 396   0.0106589 0.00511835 680.254
52 397   -0.00752839 0.0089317 923.053
52 398   0.01049 0.00530771 675.069
52 399   -0.0104433 -0.00538855 674.673
52 400   -0.00770352 0.00898563 937.652
52 401   -0.00761432 0.00898847 937.35
52 402   0.0104273 0.00536937 673.066
52 403   0.0107248 0.00522202 682.41
52 404   0.00754504 -0.00906394 946.089
52 405   0.00735 -0.00918593 928.797
52 406   -0.00770557 0.00911672 960.482
52 407   -0.00758602 0.00911879 959.344
52 408   0.00744222 -0.00920553 946.155
52 409   0.00753234 -0.00915008 959.46
52 410   0.00749848 -0.00919502 959.915
52 411   -0.00763851 0.00915818 967.346
52 412   0.00754961 -0.0092498 953.434
52 413   0.00759662 -0.0092862 5.53282
52 414   0.0107169 0.00539355 930.865
52 499   -0.00680414 -0.00631595 720.166
52 500   -0.00592878 -0.00713387 737.294
52 501   0.000825543 0.00810159 707.34
52 592   0.0014329 -0.00409024 705.584
52 593   0.00072962 -0.00524402 706.084
52 594   0.00326116 -0.00519969 706.537
52 595   0.00316962 -0.00631028 706.37
52 596   0.00194615 -0.00639667 705.957
52 597   0.00447597 -0.00775604 704.109
52 598   0.00377846 -0.00714799 705.855
52 599   0.00371248 -0.00870066 698.44
52 600   0.00427866 -0.00850508 694.528
52 656   0.00562996 0.00716962 733.491
52 657   0.00750224 0.00594332 713.872
52 658   0.00641606 0.00592516 712.562
52 768   -0.010912 -0.00391197 686.31
52 772   -0.0106945 -0.00419452 685.107
52 773   -0.0108886 -0.00441727 685.714
52 774   -0.0102829 -0.00463212 681.365
52 775   -0.0102579 -0.00436486 682.736
52 776   -0.0107914 -0.00491005 685.035
52 777   -0.0105748 -0.00468099 682.952
52 778   -0.0107439 -0.00463649 684.503
52 779   -0.0104965 -0.00505282 680.162
52 780   -0.0105625 -0.0048957 681.96
52 781   -0.010682 -0.00501339 683.567
52 782   -0.0105654 -0.00517909 680.563
52 783   -0.0106665 -0.00516191 683.858
52 785   -0.0107174 -0.00524954 686.919
52 786   -0.0105338 -0.0053408 677.409
52 787   -0.010561 -0.00527795 679.577
52 788   -0.0106809 -0.00528395 686.377
52 789   -0.0106256 -0.00529517 682.406
52 791   -0.0107183 -0.00531855 691.095
52 792   -0.0107 -0.00533575 691.636
52 793   -0.0107189 -0.00535893 701.177
52 881   0.00463829 0.00780638 717.473
52 883   0.00219657 0.00842227 713.614
52 884   0.00309375 0.00713058 711.531
52 887   -0.00292623 -0.00841096 715.721
52 888   -0.00403423 -0.00795536 714.998
52 919   0.00196604 -0.00735378 705.692
52 920   0.00292653 -0.00761461 704.48
52 921   0.00305786 -0.00841824 702.33
52 922   -0.000841288 -0.00725641 707.807
52 923   -0.00186192 -0.00817798 710.04
52 924   0.00128492 -0.00781748 706.427
52 925   0.000403069 -0.00789805 706.652
52 926   0.0014618 -0.0087735 708.102
52 929   0.00255735 -0.00901564 703.673
52 930   0.00199117 -0.00921122 709.69
52 949   -0.0012258 0.00891263 708.379
52 951   -0.00188937 0.00939777 710.905
52 955   -0.000970043 -0.00933791 705.884
52 956   0.000668399 -0.00933207 707.31
52 957   -1.88037e-05 -0.00883684 705.713
52 964   0.000663326 0.00925022 705.296
52 965   -0.000534192 0.00928466 706.796
52 971   -0.00420156 0.00674477 709.749
52 972   -0.000629463 0.00477353 706.063
52 973   -0.00235506 0.00373309 705.807
52 974   -0.00301412 0.00478729 706.619
52 975   -0.000207886 0.00696208 706.752
52 976   -0.00188542 0.00581961 706.238
52 977   -0.00069164 0.00583583 706.439
52 978   -0.00299164 0.00713046 705.224
52 979   -0.00204497 0.00674312 705.982
52 980   -0.00148862 0.00812697 706.446
52 981   -0.00123168 0.00734226 706.323
52 982   -0.00228361 0.00821927 704.892
52 983   -0.00297334 0.00782191 703.817
52 984   -0.0027772 0.00910081 702.201
52 985   -0.00230387 0.00890714 705.114
52 986   -0.00427764 0.00841365 695.629
52 991   -0.00334338 0.00890523 699.431
52 992   -0.00355978 0.0083142 700.658
52 1063   0.00929106 -0.00667596 717.432
52 1155   -0.00570701 0.00748435 733.942
52 1156   -0.00493656 0.00725493 713.397
52 1157   -0.00459617 0.00803512 703.581
52 1158   -0.00574268 0.00848861 757.899
52 1159   -0.0055156 0.00815206 735.564
52 1160   -0.00509493 0.0083181 711.823
52 1163   -0.00545328 0.00868254 742.478
52 1164   -0.00519075 0.00862674 717.061
52 1245   -0.00722325 0.0089514 906.378
52 1246   -0.00717603 0.00914603 910.986
52 1247   -0.00710201 0.00903661 903.433
52 1248   -0.00742122 0.00901718 925.529
52 1249   -0.00731237 0.00900854 913.99
52 1250   -0.00728217 0.0091131 917.275
52 1251   -0.00742777 0.00910181 936.022
52 1252   -0.00739924 0.00921257 938.182
52 1253   -0.00735593 0.00914787 927.876
52 1254   -0.00753525 0.00915289 959.97
52 1255   -0.00747803 0.0091404 948.313
52 1256   -0.0074646 0.00919888 951.198
52 1257   -0.00754033 0.0092015 967.34
52 1258   -0.00750476 0.00922136 962.134
52 1260   -0.00751283 0.00925066 965.092
52 1276   -0.0109609 0.00094135 691.298
52 1277   -0.0110156 -0.000400739 688.99
52 1334   -0.0102427 0.00347509 696.671
52 1335   -0.00974682 0.0047234 703.211
52 1382   0.00953338 -0.00486754 702.282
52 1383   0.0100307 -0.00361695 695.982
52 1443   0.0106777 0.00529728 682.351
52 1444   0.0106841 0.00537241 683.69
52 1445   0.0106293 0.00538406 677.352
52 1446   0.010612 0.00533938 677.595
52 1449   0.0107224 0.00537549 802.318
52 1450   0.010705 0.00535427 692.974
52 1451   0.0107159 0.00532382 686.4
52 1457   0.00811592 -0.00726784 768.115
52 1458   0.00882637 -0.00754302 763.185
52 1459   0.00867904 -0.00704512 741.487
52 1460   0.00833924 -0.00822395 841.876
52 1461   0.00841023 -0.00780891 798.745
52 1462   0.00811628 -0.00772257 801.276
52 1463   0.00809668 -0.00828132 859.299
52 1464   0.00775623 -0.00822998 860.213
52 1465   0.00794739 -0.0080289 834.604
52 1466   0.00800934 -0.00869948 900.985
52 1467   0.00800226 -0.00848649 884.329
52 1468   0.00780879 -0.00847832 887.187
52 1469   0.00766131 -0.00875554 908.9
52 1470   0.00786719 -0.00874754 907.106
52 1471   0.00776454 -0.00863509 899.982
52 1472   0.00781096 -0.00898579 935.789
52 1473   0.00781854 -0.00886194 917.842
52 1474   0.00770939 -0.00887403 921.329
52 1475   0.00762158 -0.00903523 946.19
52 1476   0.00772694 -0.00902565 944.856
52 1477   0.00767669 -0.00897011 935.643
52 1481   0.00771157 -0.00912822 962.627
52 1482   0.00770218 -0.00908238 955.438
52 1483   0.0076514 -0.00908592 956.583
52 1484   0.00766726 -0.00918001 969.304
52 1485   0.00764326 -0.00912449 963.206
52 1486   0.00767831 -0.00913903 965.316
52 1487   0.0076349 -0.00918265 969.282
52 1488   0.0075859 -0.00916985 967.914
52 1489   0.00761559 -0.00915005 966.628
52 1490   0.00758704 -0.0092347 909.581
52 1491   0.00762095 -0.00920522 967.039
52 1492   0.00758947 -0.00919968 969.473
52 1493   0.00760737 -0.00927386 347.503
52 1496   0.00762861 -0.00923094 942.523
52 1497   0.00760955 -0.00925052 839.153
52 1498   -0.00763494 0.00921282 964.193
52 1502   -0.00761488 0.00925376 853.246
52 1503   -0.00760802 0.00922595 950.439
52 1504   -0.00758261 0.0092236 964.036
52 1505   -0.00756212 0.0092197 969.489
52 1506   -0.00755313 0.009259 965.258
52 1507   -0.00754158 0.00924276 969.462
52 1508   -0.00759523 0.00925954 850.5
52 1509   -0.00757262 0.00925603 936.138
52 1510   -0.00758156 0.00924368 942.292
52 1511   -0.00760005 0.00928193 368.456
52 1514   -0.00759237 0.00927317 751.579
52 1515   -0.00758 0.00927161 872.101
52 1597   -0.010576 -0.00539103 677.295
52 1600   -0.0106241 -0.00533828 681.957
52 1601   -0.0106261 -0.00539465 679.897
52 1602   -0.0106018 -0.00537129 679.269
52 1603   -0.0106454 -0.00537609 682.833
52 1604   -0.0106737 -0.00534141 687.471
52 1605   -0.0106487 -0.00534711 683.99
52 1606   -0.0106742 -0.00539145 686.766
52 1607   -0.0106633 -0.00537931 685.3
52 1608   -0.0106761 -0.00536192 688.451
52 1609   -0.0107043 -0.00536923 699.307
52 1610   -0.0106862 -0.00538157 690.953
52 1611   -0.0106878 -0.00536657 691.509
52 1612   -0.0107187 -0.00538815 744.24
52 1615   -0.0107083 -0.00538304 708.251
52 1616   -0.0106973 -0.00538645 695.326
end
