1041
52 193   -0.00464413 -0.00139043 965.35
52 194   -0.00472861 0.00107941 965.401
52 195   -0.00267589 0.00224875 969.13
52 196   -0.00255931 -0.00244842 969.299
52 197   -0.00067673 0.00105912 969.342
52 198   -0.00266748 0.00451769 969.573
52 199   0.00137513 -0.00226859 969.464
52 200   0.00139023 0.00439067 969.172
52 201   -0.000644641 -0.00116821 969.368
52 202   0.00127428 0.00216003 969.484
52 203   0.00319918 -0.00116332 968.156
52 204   0.00313042 0.00103796 968.111
52 205   0.0013482 -0.00433767 969.536
52 206   0.00496396 0.00208491 964.615
52 207   0.00500002 0.0041585 968.674
52 208   0.00328244 0.0053422 965.899
52 209   -0.00882344 0.000211801 925.535
52 210   0.00505584 -0.00206991 965.9
52 211   -0.00237208 -0.00449097 969.103
52 212   -0.00441359 0.00555738 969.436
52 213   -0.00048434 -0.00527984 968.341
52 214   -0.000581397 -0.00717971 963.251
52 215   0.00297372 -0.00534695 969.37
52 216   -0.00628099 0.00218759 962.491
52 217   0.00646674 0.000973305 954.033
52 218   -0.00796172 0.00175054 942.212
52 219   -0.00209366 0.00846319 964.117
52 220   0.00812959 0.00144733 928.958
52 221   0.00648206 0.00515708 966.691
52 222   0.00284001 -0.0071551 967.061
52 223   0.00911961 -0.000313236 920.441
52 224   0.00648987 -0.000980234 956.492
52 225   0.00810355 -0.00170322 938.153
52 226   -0.00847341 0.00364332 959.708
52 227   -0.002158 -0.00778303 951.88
52 228   0.0053139 -0.00365514 968.443
52 229   0.00350921 0.0069509 945.183
52 230   -0.0036165 -0.00552527 965.035
52 231   0.00446857 -0.00485373 969.632
52 232   -0.00368254 0.00802558 963.903
52 233   -0.00449139 0.00706122 967.855
52 234   0.00773164 0.00469459 945.305
52 235   -0.00627433 0.0039136 968.608
52 236   0.00274459 0.00798548 943.469
52 237   0.00855367 -0.00294341 945.953
52 238   -0.00579937 0.00499041 969.584
52 239   0.00775462 -0.00385435 966.271
52 240   -0.00488287 -0.00548932 964.837
52 241   -0.00330537 -0.00691747 947.596
52 242   0.00638918 0.00666088 931.738
52 243   0.0066336 -0.00416544 968.779
52 244   0.00548092 -0.00583922 969.496
52 245   -0.00748586 0.00457885 964.641
52 246   -0.00437748 -0.00743807 912.565
52 247   0.00649408 -0.00535859 969.439
52 248   -0.00671693 0.00591389 968.998
52 249   0.00825231 -0.00476368 964.248
52 250   -0.00397895 -0.00892433 915.688
52 251   -0.00451171 -0.00824797 890.824
52 252   0.00716193 -0.00585666 967.821
52 253   0.00455968 0.00860403 888.285
52 254   -0.00753523 0.00559765 950.501
52 255   -0.00812858 0.00629809 966.195
52 256   0.00715472 -0.00665371 969.536
52 257   0.00779913 -0.00557284 936.911
52 258   -0.00785329 0.00690072 966.28
52 259   -0.00448583 -0.00944855 905.701
52 260   0.00505547 0.00911442 864.18
52 261   -0.00607557 -0.00789924 796.662
52 262   -0.00739752 0.00787257 961.764
52 263   0.00817534 -0.00609411 962.669
52 264   -0.00452723 -0.00990194 925.92
52 265   0.00584751 0.00891217 811.646
52 266   -0.00738237 0.00864018 966.774
52 267   0.00769445 -0.0068733 967.431
52 268   -0.00813625 0.00738814 950.359
52 269   -0.00714893 0.0089566 961.366
52 270   0.00766034 -0.007723 954.858
52 271   0.00552556 0.00913989 828.575
52 272   0.00807788 -0.00659751 968.94
52 273   -0.00748927 0.00827299 957.867
52 274   0.00782347 -0.00732245 958.442
52 275   -0.00789546 0.00769805 944.27
52 276   0.00838011 -0.00693472 962.74
52 277   0.00796116 -0.00799485 929.396
52 278   0.00798378 -0.00834262 919.402
52 279   -0.00509235 -0.0100169 892.945
52 280   0.00824418 -0.00731197 949.909
52 281   -0.00541049 -0.00986996 839.85
52 282   0.00832565 -0.00783019 912.137
52 283   0.00844554 -0.00754786 931.581
52 284   -0.00777405 0.00881367 952.727
52 285   0.00565303 0.00959983 809.921
52 286   -0.00851205 0.00750071 936.113
52 287   -0.0079517 0.00828705 922.629
52 288   0.00555484 0.00983473 818.793
52 289   -0.00815125 0.00795335 915.835
52 290   -0.00565542 -0.0100539 802.554
52 291   0.00828041 -0.00841582 868.376
52 292   0.00848317 -0.00800492 881.289
52 293   0.00601571 0.00967848 762.078
52 294   -0.00802751 0.0086227 916.95
52 295   -0.00809826 0.00846326 905.316
52 296   0.00586318 0.00971074 779.421
52 297   -0.00811575 0.00814192 909.722
52 298   -0.00855115 0.0077789 912.22
52 299   0.00841531 -0.00824277 825.908
52 300   0.0057259 0.0100199 786.115
52 301   -0.00584571 -0.0100321 755.462
52 302   -0.00837663 0.00796141 898.204
52 303   -0.00851023 0.00791533 898.252
52 304   -0.0083294 0.00842964 841.846
52 305   0.00587073 0.00994668 759.002
52 306   0.00864023 -0.00798703 873.616
52 307   -0.00832104 0.008208 875.419
52 308   -0.00838814 0.00831951 821.118
52 309   0.00596866 0.0100494 709.312
52 310   -0.00842715 0.00812542 859.887
52 311   0.00606318 0.0100377 661.74
52 312   0.0085367 -0.00830532 733.852
52 313   -0.00590335 -0.0101859 704.217
52 314   -0.00853902 0.00816965 797.891
52 315   -0.00852073 0.00832573 737.846
52 316   -0.00606322 -0.0101641 541.793
52 317   -0.0085655 0.00825846 737.891
52 318   -0.00599622 -0.0101989 599.149
52 319   0.00864005 -0.00814811 796.522
52 320   0.00860438 -0.00822855 732.218
52 321   -0.00611278 -0.0102183 358.795
52 322   -0.00863652 0.00827082 706.443
52 323   -0.00612798 -0.0103146 2.77226
52 354   0.00417512 0.0107844 968.087
52 424   0.00477638 -0.0104537 929.013
52 425   0.00518898 -0.00996745 885.644
52 426   0.00638156 -0.00874542 954.768
52 427   0.00627978 -0.00945142 886.686
52 428   0.00713983 -0.00911662 948.515
52 429   0.00673525 -0.00910752 933.665
52 430   0.00672552 -0.00942945 883.77
52 450   0.00614761 0.00919676 784.751
52 451   0.00610739 0.00948293 770.615
52 513   0.00394991 -0.00792953 964.232
52 514   0.00392949 -0.00905192 957.78
52 515   0.00531609 -0.00669825 969.016
52 516   0.00468191 -0.00744201 966.536
52 517   0.00667494 -0.00701196 969.533
52 518   0.00596074 -0.00702524 969.22
52 519   0.00727043 -0.00777595 965.342
52 520   0.00683267 -0.00748825 969.228
52 521   0.00507111 -0.00943078 928.812
52 522   0.00465128 -0.00912561 948.69
52 523   0.00574852 -0.00922689 920.136
52 524   0.00500947 -0.00814088 961.636
52 525   0.00499925 -0.00870208 952.803
52 526   0.00558463 -0.00888226 942.627
52 527   0.00588658 -0.00865077 952.665
52 528   0.00569256 -0.00752524 968.253
52 529   0.00537546 -0.00789712 965.08
52 530   0.00566721 -0.00822683 962.612
52 531   0.00644079 -0.00766502 969.525
52 532   0.00601488 -0.00768874 968.577
52 533   0.00595373 -0.00802117 966.68
52 534   0.00644808 -0.00839204 966.477
52 535   0.00623962 -0.00809173 967.793
52 536   0.00651966 -0.00790316 969.486
52 537   0.00710752 -0.0080917 967.724
52 538   0.00670762 -0.0083648 968.892
52 539   0.00674862 -0.00804214 969.636
52 540   0.00715512 -0.00879921 968.741
52 541   0.00719647 -0.00832496 967.579
52 542   0.00693658 -0.00850378 969.324
52 543   0.00774901 -0.00852549 946.184
52 544   0.00742543 -0.00846394 964.177
52 545   0.00740458 -0.00877685 968.997
52 547   0.00762092 -0.00891937 966.792
52 548   0.00783541 -0.00875743 947.21
52 551   -0.00867676 0.00806244 873.186
52 552   -0.00861281 0.00803503 872.365
52 553   -0.00859108 0.00812534 817.979
52 554   -0.00867062 0.00814119 834.932
52 555   -0.00863944 0.0081643 793.46
52 556   -0.00870474 0.00817018 845.457
52 559   -0.00474677 -0.0106541 967.889
52 560   -0.00509562 -0.0102801 918.922
52 561   -0.00508575 -0.0106205 961.996
52 562   -0.00492682 -0.0104878 956.618
52 563   -0.0054418 -0.010509 912.744
52 564   -0.00523503 -0.0104916 936.187
52 565   -0.00527408 -0.0103339 904.655
52 566   -0.00557939 -0.0102301 828.48
52 567   -0.00552497 -0.0104056 873.687
52 568   -0.00543672 -0.0102968 871.625
52 569   -0.00575842 -0.0104169 807.373
52 570   -0.0056502 -0.0103872 834.718
52 571   -0.00568508 -0.0102906 804.837
52 572   -0.00581191 -0.0103543 768.905
52 573   -0.00585481 -0.0102539 729.531
52 574   -0.00578271 -0.0102824 770.344
52 578   -0.00590336 -0.0103817 704.787
52 579   -0.00586643 -0.0103539 733.569
52 580   -0.00589189 -0.0103018 697.387
52 581   -0.00597406 -0.0103543 522.61
52 582   -0.00592838 -0.0103085 648.306
52 583   -0.00592926 -0.0103505 648.059
52 584   -0.00599734 -0.0102686 524.061
52 585   -0.00598678 -0.0103282 499.412
52 586   -0.00595957 -0.0102963 590.163
52 587   -0.00601905 -0.0103198 404.423
52 588   -0.00603005 -0.0102812 429.488
52 709   0.000476266 -0.00808237 963.82
52 710   0.0017586 -0.008009 964.859
52 711   0.00197503 -0.00933916 962.102
52 712   0.000196111 -0.00945374 962.567
52 713   0.00109685 -0.0098572 961.645
52 714   0.00115778 -0.0105636 958.611
52 715   0.00102794 -0.0115923 946.839
52 724   0.0058155 -0.0101166 807.176
52 725   0.0062289 -0.00980443 841.639
52 750   0.00343674 -0.00952183 960.925
52 751   0.00263532 -0.00969348 961.978
52 752   0.00316401 -0.0106854 967.789
52 753   0.00258387 -0.0103475 961.524
52 755   0.00286259 -0.0112625 961.451
52 756   0.00318315 -0.0111603 969.108
52 766   -0.00317528 -0.0091088 938.618
52 767   -0.00221943 -0.00885118 948.685
52 768   -0.00157987 -0.00962767 955.476
52 769   -0.00295392 -0.0098807 950.104
52 770   -0.00225081 -0.0100762 951.591
52 771   -0.00165024 -0.0110947 945.938
52 772   -0.002152 -0.0106271 948.234
52 774   -0.00207114 -0.0115429 862.147
52 775   -0.00173483 -0.0115528 924.666
52 840   0.00429554 -0.010607 965.998
52 841   0.00379556 -0.0102855 966.895
52 842   0.00357428 -0.0107951 967.707
52 870   0.0037878 0.010933 968.261
52 880   -0.00248747 -0.0108514 939.645
52 881   -0.00232202 -0.0113091 885.762
52 883   -0.00298609 -0.0113287 932.937
52 884   -0.00262763 -0.0114666 855.525
52 915   0.00178416 -0.0107424 949.545
52 916   0.00257253 -0.0110935 951.128
52 917   0.00231295 -0.0106534 955.952
52 929   -0.00517231 -0.00835248 856.18
52 930   -0.00574272 -0.00816436 823.891
52 931   -0.00584313 -0.00876454 814.288
52 932   -0.00607793 -0.00853972 805.84
52 933   -0.00497936 -0.00915362 868.288
52 934   -0.00513308 -0.00873391 856.829
52 935   -0.00546868 -0.00877061 836.648
52 936   -0.0053977 -0.00958833 836.726
52 937   -0.00520596 -0.00930023 853.32
52 938   -0.00542397 -0.00908042 836.672
52 939   -0.00562768 -0.00950338 813.71
52 940   -0.00560374 -0.00923364 821.118
52 941   -0.00582205 -0.00917895 806.101
52 942   -0.00601672 -0.00901966 799.193
52 943   -0.00619337 -0.00920866 780.618
52 944   -0.00583099 -0.00955541 791.365
52 945   -0.00608104 -0.00939503 777.988
52 946   -0.00591636 -0.00934089 793.639
52 947   -0.00594526 -0.00966177 772.964
52 948   -0.00609797 -0.00958103 762.901
52 949   -0.00594502 -0.00986957 752.263
52 950   -0.00607924 -0.00992034 708.045
52 951   -0.00617106 -0.00967385 744.404
52 952   -0.00615258 -0.00980535 725.812
52 964   -0.00610639 -0.0100337 649.708
52 965   -0.00609681 -0.0101018 594.366
52 1058   -0.00604913 -0.0103294 252.539
52 1117   0.00869618 -0.0081492 822.271
52 1119   -0.00865969 0.00823668 722.263
52 1120   -0.00865712 0.00820527 757.448
52 1121   -0.00868221 0.00820343 778.074
52 1122   -0.00869866 0.00819145 822.918
52 1123   -0.00871747 0.00820281 851.164
52 1124   0.00339531 0.00887852 932.221
52 1125   0.00396601 0.00889082 917.199
52 1126   0.00390318 0.00981313 942.795
52 1127   0.0040712 0.00948765 925.505
52 1128   0.00435565 0.0104658 967.122
52 1129   0.00419124 0.0101141 952.758
52 1133   0.00472344 0.0106088 967.88
52 1134   0.00481649 0.0103587 951.283
52 1135   0.00520577 0.0105658 950.263
52 1136   0.00506007 0.0104073 940.114
52 1139   0.00571079 0.0101656 787.989
52 1140   0.00580596 0.0102168 758.595
52 1144   0.00547429 0.0105163 909.181
52 1145   0.00532629 0.0104659 921.128
52 1146   0.00483387 0.00953947 886.995
52 1147   0.00444327 0.00962592 916.193
52 1148   0.00470344 0.0100223 927.153
52 1149   0.00444599 0.00992077 933.107
52 1150   0.00535907 0.009838 847.331
52 1151   0.00494075 0.00989767 898.123
52 1152   0.00507388 0.00970973 873.952
52 1153   0.00510346 0.0101956 909.795
52 1154   0.00509718 0.0100224 893.161
52 1155   0.00529564 0.0100186 866.39
52 1156   0.00533735 0.0101611 870.718
52 1157   0.00521174 0.0102442 901.104
52 1158   0.00528887 0.010356 906.246
52 1159   0.00557925 0.0102187 827.496
52 1160   0.0054403 0.0102188 858.122
52 1161   0.00538868 0.010327 884.546
52 1162   0.00552534 0.0104478 881.832
52 1163   0.00547715 0.0103685 874.449
52 1164   0.00557754 0.0103125 840.03
52 1167   0.00563692 0.0104586 858.158
52 1168   0.00577337 0.0102943 773.594
52 1169   0.00578693 0.0104144 795.011
52 1170   0.00567649 0.0103369 814.651
52 1171   0.00568769 0.0104036 825.794
52 1172   0.00587647 0.0103884 734.864
52 1173   0.00582096 0.0103199 755.17
52 1174   0.00582332 0.0103733 765.896
52 1175   0.0058979 0.0103478 694.983
52 1176   0.00586676 0.0103054 720.519
52 1177   0.00595383 0.0102997 601.688
52 1178   0.00593856 0.0103432 624.103
52 1179   0.00597468 0.0103617 519.201
52 1180   0.00598319 0.010302 533.189
52 1181   0.00594748 0.0101481 683.088
52 1182   0.00588084 0.0101901 720.692
52 1183   0.00594046 0.010252 645.915
52 1184   0.00589406 0.0102531 698.703
52 1185   0.00597319 0.0102177 618.131
52 1186   0.00599344 0.0101768 625.021
52 1187   0.00612585 0.00984523 721.581
52 1188   0.00610969 0.0099602 686.751
52 1196   0.00611517 0.0101245 555.825
52 1198   0.00604739 0.0101749 560.41
52 1199   0.00609252 0.0101589 526.086
52 1200   0.00601185 0.0102335 542.226
52 1201   0.00604789 0.0102071 513.539
52 1202   0.00600149 0.0102826 504.238
52 1203   0.00601548 0.0102577 503.339
52 1204   0.00604685 0.0102607 420.473
52 1205   0.00604793 0.0102844 368.716
52 1206   0.00602331 0.0102976 424.601
52 1207   0.00606481 0.0102952 276.657
52 1208   0.00610255 0.0102124 407.846
52 1209   0.00607147 0.0102158 458.402
52 1210   0.0060668 0.0102453 404.708
52 1211   0.00608802 0.0102478 342.971
52 1212   0.00612501 0.0102437 260.404
52 1213   0.00610848 0.0102327 341.286
52 1214   0.00612064 0.0102739 108.821
52 1215   0.00609512 0.0102607 280.116
52 1216   0.00611398 0.010257 240.454
52 1217   0.00611004 0.0102872 90.7364
52 1218   0.00608262 0.0102929 195.476
52 1219   0.00609278 0.0102795 202.579
52 1225   0.00602379 0.0103166 394.195
52 1226   0.00603042 0.0103471 323.224
52 1227   0.00600417 0.010341 433.167
52 1228   0.00599742 0.0103248 471.998
52 1229   0.00605435 0.0103402 214.611
52 1230   0.0060388 0.0103225 325.309
52 1231   0.00603868 0.0103368 300.889
52 1232   0.00605077 0.0103181 280.707
52 1233   0.00605964 0.0103105 257.823
52 1234   0.00605885 0.0103292 213.511
52 1235   0.00607925 0.0103321 85.2673
52 1236   0.00606808 0.0103159 203.112
52 1237   0.00606735 0.0103275 166.788
52 1238   0.00608561 0.0103087 119.741
52 1239   0.00608371 0.0103248 82.404
52 1240   0.00607625 0.0103164 144.24
52 1241   0.00610424 0.0103233 12.9061
52 1242   0.00609384 0.0103119 75.801
52 1243   0.00609231 0.0103222 56.6361
52 1244   0.00611221 0.0103022 34.3469
52 1245   0.00610244 0.0103093 46.848
52 1246   0.0061091 0.0103165 12.2473
52 1329   -0.00168355 0.00971299 961.677
52 1330   -0.00126362 0.00557092 968.812
52 1331   0.000158883 0.0055465 968.053
52 1332   -0.00110543 0.00757056 965.529
52 1333   0.00169572 0.0079706 955.524
52 1334   1.50714e-05 0.00799636 962.851
52 1335   0.000619091 0.00709592 963.564
52 1336   0.000607001 0.00887781 960.587
52 1337   0.00157639 0.00886427 955.338
52 1338   0.000634602 0.00973962 962.155
52 1339   0.000834619 0.0113965 968.552
52 1340   -0.000627466 0.0101013 963.085
52 1341   0.000110523 0.0101391 965.484
52 1342   -0.000912221 0.010708 960.955
52 1344   -0.00129021 0.0116356 885.069
52 1345   -0.000954553 0.0116259 952.749
52 1348   -0.00263966 0.010089 961.716
52 1349   -0.00215676 0.0106452 955.759
52 1350   -0.00157382 0.0113517 902.263
52 1351   -0.0014854 0.010876 949.249
52 1352   -0.00315897 0.0109182 968.552
52 1353   -0.00263482 0.0108332 958.292
52 1354   -0.00249546 0.0112048 944.513
52 1356   -0.0031796 0.0112389 969.172
52 1357   -0.00285963 0.0113408 960.673
52 1384   0.00154222 0.0101381 956.842
52 1385   0.002182 0.00971292 951.857
52 1386   0.00306514 0.0111063 956.309
52 1387   0.00333314 0.0107192 964.369
52 1388   0.00335472 0.0100501 952.581
52 1389   0.00295204 0.0097123 947.172
52 1390   0.00176643 0.0107541 951.445
52 1391   0.00136899 0.0111759 956.325
52 1392   0.00234329 0.0110029 929.635
52 1393   0.00273845 0.0111049 929.419
52 1394   0.00228152 0.0114149 866.924
52 1395   0.00254757 0.0115664 820.627
52 1396   0.00280578 0.0114673 889.81
52 1438   0.00173449 -0.0111212 932.008
52 1439   0.00159731 -0.0117171 806.592
52 1440   0.00137556 -0.0114385 911.03
52 1441   0.00142915 -0.0117122 859.271
52 1442   0.00232644 -0.0115432 894.486
52 1443   0.00235693 -0.011272 930.457
52 1444   0.00204768 -0.0112106 922.32
52 1445   0.00176718 -0.0116122 832.789
52 1446   0.00209167 -0.0115381 872.217
52 1447   0.0019427 -0.0114255 889.448
52 1450   0.00183601 -0.0117503 783.981
52 1451   0.00199629 -0.0116992 825.723
52 1452   -0.00503587 0.0088204 948.81
52 1453   -0.0043183 0.00887746 956.576
52 1454   -0.00420917 0.0107474 968.608
52 1455   -0.00400549 0.00958915 956.79
52 1456   -0.00350735 0.00998927 964.407
52 1457   -0.00388921 0.0108493 966.734
52 1458   -0.00354861 0.0106305 969.308
52 1459   -0.00506244 0.00946687 927.305
52 1460   -0.00452548 0.00979362 943.095
52 1461   -0.00452792 0.0103615 953.253
52 1462   -0.00573188 0.00727924 968.547
52 1463   -0.00689967 0.0076472 969.05
52 1464   -0.00657164 0.00669887 969.601
52 1465   -0.00711466 0.00698526 969.195
52 1466   -0.00548289 0.00844771 957.156
52 1467   -0.00635362 0.00792394 968.93
52 1468   -0.00572884 0.00784237 966.857
52 1469   -0.00630798 0.00837759 965.266
52 1470   -0.00590736 0.00868097 952.484
52 1471   -0.00668598 0.00954011 870.291
52 1472   -0.00607741 0.00906368 932.108
52 1473   -0.00677033 0.00900794 942.33
52 1474   -0.00647804 0.00876031 955.913
52 1475   -0.0054912 0.00961917 898.009
52 1476   -0.00594707 0.0093962 901.96
52 1477   -0.00626335 0.009625 865.636
52 1478   -0.006145 0.00994811 824.544
52 1479   -0.00584552 0.010057 822.633
52 1480   -0.00540164 0.0102705 829.691
52 1481   -0.00550799 0.00995685 863.253
52 1483   -0.00582733 0.0103042 783.965
52 1484   -0.005651 0.0104371 751.837
52 1488   0.0017174 0.0115796 925.144
52 1489   0.00205306 0.0115698 861.347
52 1507   -0.00518848 0.0104783 858.634
52 1508   -0.00486851 0.0105802 937.45
52 1579   -0.0022658 0.0114416 907.682
52 1580   -0.00194584 0.0115435 852.806
52 1783   -0.00743587 -0.00570707 963.755
52 1784   -0.00668101 -0.00663735 941.152
52 1790   -0.000369351 -0.00993932 963.801
52 1791   -0.00102625 -0.00994777 960.337
52 1792   -0.00119542 -0.0108639 962.043
52 1793   -0.000775541 -0.0113368 968.601
52 1794   -0.000320722 -0.011106 969.177
52 1795   -8.37074e-05 -0.0106247 968.034
52 1796   0.000542684 -0.0108455 965.49
52 1797   0.000641982 -0.0113367 966.94
52 1798   -6.1133e-05 -0.0115881 962.568
52 1799   0.000275179 -0.011598 966.825
52 1809   -0.00338589 -0.0102648 957.172
52 1810   -0.00403795 -0.010214 957.476
52 1811   -0.00430451 -0.0105867 968.366
52 1812   -0.00301826 -0.0106846 954.527
52 1813   -0.00321127 -0.0110043 960.127
52 1814   -0.0040247 -0.0108882 967.58
52 1815   -0.00366624 -0.0110262 968.764
52 1820   0.000392005 0.0111877 969.136
52 1821   0.000178095 0.0107504 968.79
52 1822   -0.00055802 0.0113926 968.54
52 1823   -0.000436271 0.0109456 967.315
52 1825   -0.000266568 0.0116207 966.399
52 1826   6.90912e-05 0.0116109 962.137
52 1902   0.0048108 0.00793413 881.273
52 1903   0.0046964 0.00718019 913.031
52 1904   0.00568864 0.00778914 823.613
52 1905   0.00557423 0.0070352 869.734
52 1906   0.006036 0.00852144 808.654
52 1907   0.0060961 0.00809378 802.388
52 2060   0.00867489 0.00252383 925.284
52 2061   0.00829768 0.00366091 933.073
52 2072   -0.00507092 -0.00706441 903.885
52 2073   -0.00526518 -0.00650787 937.612
52 2074   -0.00580931 -0.007446 822.881
52 2075   -0.00600357 -0.00688945 882.69
52 2138   0.00612582 0.0101755 457.681
52 2139   0.00612239 0.0101999 406.964
52 2167   -0.00635458 -0.00218625 956.802
52 2168   -0.00882183 -0.00289409 926.615
52 2169   -0.00816897 -0.00135048 928.911
52 2170   -0.0060497 -0.00416882 965.574
52 2171   -0.00748687 -0.00447013 948.32
52 2189   -0.00609314 -0.0102597 273.211
52 2190   -0.00606382 -0.0102718 339.348
52 2191   -0.00606745 -0.0103135 189.582
52 2192   -0.00607114 -0.0102945 241.013
52 2193   0.00612055 0.0103049 11.8937
52 2195   0.00612258 0.0103178 3.73347
52 2196   0.00611822 0.0103141 6.65097
52 2198   -0.00868598 0.00825041 708.472
52 2214   0.00863817 -0.00827421 700.878
52 2228   0.00872678 -0.00823109 936.147
52 2229   0.00873282 -0.00822652 903.163
52 2239   0.0087011 -0.0081842 805.099
52 2255   -0.00869232 0.00822093 761.914
52 2256   -0.00869352 0.00823649 728.89
52 2257   -0.00871109 0.00823993 741.204
52 2258   -0.00871419 0.00821352 839.423
52 2259   -0.0087055 0.00821965 794.914
52 2260   -0.00871484 0.00822908 808.817
52 2261   -0.00872949 0.00823134 920.008
52 2262   -0.00872407 0.00822677 884.172
52 2263   -0.00872403 0.00821898 873.824
52 2272   -0.00608665 -0.0103233 65.0041
52 2294   0.00870742 -0.00823476 722.49
52 2295   0.00869107 -0.00820663 771.112
52 2296   0.00870138 -0.00823933 710.917
52 2297   0.00871473 -0.00821255 817.944
52 2298   0.00871341 -0.00822835 812.739
52 2299   0.0086671 -0.00823954 710.272
52 2300   0.00868174 -0.00825415 698.562
52 2302   -0.00611576 -0.0102755 106.261
52 2305   -0.00609192 -0.0102941 129.389
52 2306   -0.00610721 -0.0102872 87.3203
52 2307   -0.00611945 -0.0102984 17.008
52 2308   -0.00611133 -0.0103066 15.6289
52 2309   -0.00609725 -0.0103048 68.3248
52 2310   -0.00609567 -0.010315 52.3132
52 2311   -0.0061103 -0.0103182 7.40519
52 2312   -0.00611799 -0.0103136 4.579
16 324   -0.0449783 0.00329471 890.614
16 325   -0.0451581 -0.00288625 890.401
16 326   -0.0499783 0.00826477 899.668
16 327   -0.0399783 0.00829361 885.908
16 328   -0.0411411 -0.00640526 889.295
16 329   -0.0434949 -0.0296596 938.064
16 330   0.00372278 0.0223598 954.132
16 331   -0.038483 -0.00710444 885.946
16 332   -0.00606481 -0.0151499 920.351
16 333   -0.00704132 -0.0143008 929.03
16 334   -0.00514831 -0.0142283 941.696
16 335   -0.00570329 -0.0130235 950.009
16 336   -0.00661979 -0.0130416 944.137
16 337   -0.00707847 -0.0122786 948.152
16 338   -0.00680817 -0.0115691 956.381
16 339   0.00596444 0.0112802 913.855
16 340   0.00633343 0.010911 935.626
16 341   0.00660394 0.0106567 965.883
16 342   0.00592232 0.0109392 868.293
16 343   0.00642319 0.0107514 951.279
16 344   0.00611339 0.0108391 878.549
16 355   -0.0429642 -0.0254765 959.054
16 358   0.00207692 0.0124726 906.228
16 360   -0.0511398 0.0239925 938.665
16 361   -0.0451472 0.0217765 947.705
16 370   -0.00999071 -0.030466 962.502
16 371   -0.00733753 -0.0334887 964.378
16 372   -0.00862849 -0.0272967 943.034
16 373   -0.00575997 -0.0270032 956.442
16 374   -0.0410153 0.0310459 954.193
16 375   -0.0392028 0.033682 957.351
16 376   -0.0387392 0.0282561 959.056
16 388   -0.00732084 0.0334152 964.223
16 389   -0.01009 0.0304116 962.672
16 390   -0.00892724 0.027325 942.794
16 405   -0.0358803 -0.0253785 888.072
16 406   -0.0328857 -0.0230771 877.881
16 412   -0.0473573 0.0130657 911.886
16 413   -0.0423573 0.0130657 882.923
16 414   -0.0432985 0.0168124 882.862
16 415   -0.0410188 0.0154721 864.54
16 469   -0.0501581 -0.00541564 893.235
16 472   -0.0489871 -0.0093754 899.922
16 473   -0.051329 -0.0114581 910.81
16 474   -0.0435777 -0.0108934 891.53
16 475   -0.0464237 -0.0113341 900.681
16 476   -0.0421379 -0.0127052 884.88
16 477   -0.0433702 -0.0151863 887.616
16 478   -0.0397013 -0.0118635 879.326
16 479   -0.0387183 -0.0133456 868.684
16 483   -0.0242423 -0.0325 932.955
16 484   -0.0296913 -0.0245514 907.353
16 485   -0.0263438 -0.0225 915.058
16 486   -0.0314704 -0.0335257 949.407
16 487   -0.0280887 -0.0310257 933.654
16 488   -0.0294753 -0.0280771 926.102
16 489   -0.0355602 -0.0278785 934.53
16 490   -0.0323496 -0.0291028 934.501
16 491   -0.0333643 -0.0320514 955.438
16 497   -0.00531133 -0.012442 955.461
16 498   -0.00558917 -0.0112368 903.058
16 499   -0.00562466 -0.011964 948.073
16 500   -0.00526138 -0.0116832 941.617
16 501   -0.00637143 -0.011475 947.17
16 502   -0.00603857 -0.0116885 941.549
16 503   -0.00593724 -0.0112704 917.487
16 504   -0.00637631 -0.0111094 948.464
16 505   -0.00612376 -0.0110452 916.576
16 507   -0.00610078 -0.0108412 881.666
16 612   -0.0072297 -0.0112454 965.956
16 614   -0.00736485 -0.0108341 969.532
16 615   -0.00709454 -0.0109745 969.336
16 616   -0.00722185 -0.0105407 965.457
16 617   -0.00695402 -0.0104832 947.348
16 618   -0.00682795 -0.0106475 962.926
16 619   -0.00682548 -0.0108454 969.459
16 621   -0.0066309 -0.0105536 961.003
16 627   -0.00647019 -0.0109473 956.754
16 628   -0.00661777 -0.0108602 968.197
16 629   -0.00642838 -0.0106646 962.427
16 630   -0.00655588 -0.0106961 969.317
16 631   -0.00621704 -0.0108343 912.076
16 632   -0.00635398 -0.0107576 943.846
16 633   -0.00633389 -0.0108762 941.002
16 635   -0.00620555 -0.0107322 892.266
16 636   -0.0062687 -0.0106992 913.855
16 653   -0.0378908 -0.0242484 842.698
16 654   -0.0402571 -0.0240396 859.471
16 659   -0.0411643 0.0249972 921.616
16 660   -0.0392304 0.0261886 923.456
16 661   -0.00500407 -0.0243565 896.472
16 663   -0.0423533 0.0186883 858.743
16 664   -0.0429412 0.0207036 876.413
16 666   0.00690881 -0.0129889 878.353
16 667   0.00349196 -0.0145215 951.219
16 673   -0.0423617 -0.0198154 855.962
16 674   -0.0420411 -0.017061 862.306
16 675   -0.0386076 -0.0179995 773.225
16 676   -0.0398259 -0.0160619 841.551
16 680   -0.006875 0.0147093 872.729
16 681   -0.00458625 0.0121339 899.419
16 682   -0.00710727 0.0122602 833.955
16 683   -0.00648227 0.0133019 867.283
16 684   -0.00569682 0.0133202 883.148
16 685   -0.00655409 0.0107457 853.784
16 686   -0.0068708 0.0116338 819.72
16 687   -0.00702705 0.010748 821.112
16 688   -0.00726352 0.0111244 808.947
16 689   -0.00635773 0.0111255 817.456
16 690   -0.00643796 0.0116372 819.35
16 691   -0.00509932 0.0121419 857.176
16 692   -0.0056525 0.0124058 858.707
16 693   -0.00517534 0.0114949 792.571
16 694   -0.00600512 0.0118907 824.745
16 695   -0.00602307 0.0111891 799.763
16 696   -0.00582671 0.0115689 804.742
16 697   -0.00555012 0.0114369 786.765
16 699   -0.00586472 0.0109952 783.047
16 700   -0.00562824 0.0111191 756.422
16 717   -0.0330259 0.0230846 876.672
16 718   -0.0349116 0.0252948 886.003
16 726   -0.011339 -0.022966 884.939
16 727   -0.00930686 -0.0247967 889.023
16 728   0.00651756 0.0180204 968.525
16 729   0.00455267 0.019175 967.952
16 730   0.00232023 0.0175571 967.891
16 731   0.00267819 0.0160532 967.012
16 732   0.00553564 0.0163003 969.345
16 733   0.00392976 0.0146474 966.95
16 734   0.00392871 0.015951 968.477
16 735   0.00602738 0.0153599 968.505
16 736   0.00504598 0.0146335 967.309
16 737   0.00555433 0.0138613 965.456
16 738   0.00511671 0.0131244 964.281
16 739   0.00540573 0.0126355 960.336
16 740   0.00587761 0.0124054 955.032
16 741   0.00572861 0.0116458 931.285
16 742   0.0053098 0.0115021 918.294
16 743   0.00448751 0.0120974 965.52
16 744   0.0050306 0.0118214 945.087
16 745   0.00497752 0.0121952 958.015
16 746   0.00438702 0.011804 963.118
16 747   0.00469417 0.0116431 944.736
16 779   -0.0118118 0.0229946 892.261
16 780   -0.00965699 0.0249081 896.622
16 786   0.00272585 -0.0123812 957.394
16 787   0.00295657 -0.0136378 947.915
16 788   0.00641658 -0.0222942 944.269
16 789   0.00533315 -0.0197552 967.8
16 790   0.00299973 -0.0154668 957.643
16 791   0.00262459 -0.0176621 965.784
16 792   0.00370802 -0.0170494 965.667
16 793   0.00189868 -0.0156392 958.177
16 794   0.00152354 -0.0167839 960.115
16 795   0.000404857 -0.016516 956.228
16 796   0.00125112 -0.0147996 957.407
16 797   -0.00027018 -0.0146635 961.085
16 798   0.000299014 -0.0153701 957.83
16 799   0.00131277 -0.0137858 954.651
16 800   0.000640701 -0.01268 958.503
16 801   0.00171465 -0.0134565 945.297
16 802   0.00221866 -0.0134142 943.299
16 803   0.00238164 -0.0125889 930.899
16 804   0.00222025 -0.0129188 932.309
16 806   0.00215925 -0.0123015 895.035
16 807   0.00189573 -0.0123442 850.46
16 808   0.000191267 -0.0227796 968.125
16 809   0.00145234 -0.019222 965.59
16 810   0.00253577 -0.0207104 968.767
16 811   -0.000285802 -0.0171621 951.272
16 812   -0.00175595 -0.0194015 925.636
16 813   -0.000339369 -0.0189899 950.958
16 814   -0.00240787 -0.0179441 918.78
16 815   -0.00156827 -0.0169583 939.618
16 816   -0.00207818 -0.0160763 941.509
16 817   -0.00335785 -0.0160372 929.321
16 818   -0.00138254 -0.0151331 954.146
16 819   -0.00195951 -0.0145589 955.368
16 820   -0.00427914 -0.0145556 943.141
16 821   -0.00358068 -0.01536 936.872
16 822   -0.00287798 -0.0148248 948.041
16 823   -0.00395779 -0.0138544 954.355
16 824   -0.00319507 -0.0141864 952.445
16 825   -0.00404554 -0.0131327 963.487
16 826   -0.00449274 -0.0126575 965.935
16 827   -0.00422685 -0.0122475 969.167
16 828   -0.00342893 -0.0130843 962.694
16 829   -0.00298983 -0.0135383 957.402
16 830   -0.0024616 -0.0133975 956.405
16 831   -0.00323728 -0.0127104 963.978
16 832   -0.00373448 -0.012312 966.144
16 833   -0.00322158 -0.0122689 967.813
16 834   -0.00342736 -0.0125142 968.344
16 836   -0.00339693 -0.0120881 968.627
16 837   -0.00366046 -0.0120453 955.469
16 845   -0.00735701 -0.0103716 967.128
16 847   -0.00728551 -0.0102113 965.621
16 848   -0.0074285 -0.0101364 928.76
16 849   -0.000153197 -0.0138259 967.12
16 850   0.000477651 -0.0135187 964.617
16 851   0.000250342 -0.0129877 968.5
16 852   -0.000780882 -0.013538 968.47
16 853   -0.00119095 -0.0126149 968.411
16 854   -0.00160134 -0.012879 960.991
16 855   -0.00189508 -0.0134928 960.378
16 856   -0.00147483 -0.0138013 963.051
16 857   -0.000322014 -0.012876 963.048
16 858   -0.000722391 -0.0131192 969.566
16 859   -0.000859078 -0.0128115 969.089
16 861   -0.000326941 -0.0125897 948.361
16 862   -0.000590464 -0.0125469 962.19
16 868   -0.0510349 0.0324945 690.193
16 876   -0.0461672 -0.0323582 827.924
16 911   -0.00701175 -0.0178996 811.511
16 912   -0.00603524 -0.0164631 884.773
16 913   -0.00448455 -0.0168183 896.625
16 914   -0.00404448 -0.0178432 881.117
16 984   -0.020921 -0.0297387 932.338
16 985   -0.0221132 -0.0247387 925.216
16 986   -0.0136582 -0.029216 944.426
16 987   -0.0161672 -0.0322387 945.239
16 988   -0.0143281 -0.024216 915.774
16 1005   -0.0243228 0.0325 933.358
16 1006   -0.0265394 0.0225 915.073
16 1007   -0.0298553 0.0245564 907.703
16 1008   0.00116702 -0.0259261 941.508
16 1009   0.00459494 -0.0263958 896.797
16 1010   -0.00293476 -0.0320655 926.829
16 1011   -0.00271942 -0.0287495 952.262
16 1013   0.000213462 -0.0335769 838.134
16 1014   0.00385673 -0.0335769 703.761
16 1247   -0.0385874 -0.021215 548.81
16 1248   -0.0393393 -0.0199599 639.619
16 1249   -0.0401263 -0.0220319 771.699
16 1250   -0.0408781 -0.0207768 791.071
16 1251   -0.0056304 0.021392 681.199
16 1252   -0.00567303 0.0248456 904.7
16 1253   -0.00434855 0.0232224 867.83
16 1254   -0.0075958 0.0221 723.594
16 1255   -0.00765436 0.0240134 848.054
16 1256   -0.0370863 0.0218354 702.187
16 1257   -0.0410419 0.0218372 803.377
16 1258   -0.0403689 0.0234405 836.671
16 1259   -0.038435 0.0246319 849.509
16 1260   -0.0368801 0.0240456 828.501
16 1263   0.0073522 -0.0104058 744.444
16 1264   -0.00664505 -0.0217573 649.375
16 1265   -0.00807932 -0.021904 739.046
16 1266   -0.00650724 -0.0235879 827.862
16 1267   -0.0079415 -0.0237346 844.319
16 1273   -0.00600567 -0.0206362 632.501
16 1274   -0.00630346 -0.019076 751.947
16 1275   -0.00488688 -0.0186644 832.36
16 1277   -0.00714528 0.010436 803.288
16 1280   -0.00738176 0.010187 565.02
16 1281   -0.00738176 0.0104371 750.709
16 1286   0.00661321 -0.0122349 844.224
16 1287   0.0072044 -0.0117681 821.703
16 1288   0.00705661 -0.0113911 812.953
16 1289   0.0073522 -0.0110791 803.908
16 1290   0.0072044 -0.0106712 797.569
16 1291   0.00690881 -0.0106072 839.184
16 1292   0.00631762 -0.0111834 807.766
16 1293   0.00676101 -0.0112485 816.586
16 1294   0.00676101 -0.0108726 830.597
16 1296   0.00646541 -0.01073 852.657
16 1297   0.00616982 -0.0108849 812.902
16 1302   0.0072783 -0.0102256 683.087
16 1303   0.0074261 -0.0101482 416.784
16 1304   -0.00193321 -0.0126824 946.412
16 1305   -0.00237306 -0.0129157 951.591
16 1306   -0.00270964 -0.0126827 949.946
16 1307   -0.00253331 -0.0124066 921.806
16 1309   -0.0019181 -0.0123541 921.778
16 1310   -0.00218162 -0.0123113 891.662
16 1313   -0.00298692 -0.0121676 954.833
16 1314   -0.0027234 -0.0122104 908.154
16 1365   0.00109281 -0.0127486 926.199
16 1366   0.00145847 -0.012993 931.469
16 1367   0.00168903 -0.0125197 872.912
16 1368   0.00179117 -0.0128069 915.17
16 1370   0.00137444 -0.0124189 852.427
16 1371   0.00111092 -0.0124617 889.835
16 1375   0.00602202 -0.012114 838.961
16 1376   0.00602202 -0.0114715 800.166
16 1377   0.00543083 -0.012369 864.607
16 1378   0.00513523 -0.0118815 826.967
16 1380   0.00528303 -0.0114828 781.342
16 1381   0.00557863 -0.0113279 767.495
16 1405   -0.003125 0.0150418 926.376
16 1406   -0.004375 0.0151254 904.785
16 1407   -0.00483955 0.0140608 907.309
16 1408   -0.00289528 0.014061 939.348
16 1409   -0.00326023 0.0124058 966.406
16 1410   -0.00398483 0.0136215 929.908
16 1411   -0.00352375 0.012363 961.803
16 1412   -0.00405245 0.0127409 946.687
16 1413   0.00142618 0.0149188 964.584
16 1414   0.000445228 0.0176325 958.164
16 1415   -0.00284152 0.0182921 894.033
16 1416   -0.000581108 0.0165672 949.447
16 1417   -0.00236622 0.0155634 933.039
16 1418   -0.00209866 0.0166903 928.77
16 1419   -0.00122906 0.0151787 950.137
16 1420   -0.000336505 0.0156806 955.201
16 1421   0.000420256 0.0150342 962.499
16 1422   -0.000451705 0.0128685 966.011
16 1423   -0.000926023 0.0144015 958.382
16 1424   -3.54826e-05 0.0143185 964.948
16 1425   -0.00222131 0.013664 947.651
16 1426   -0.00138921 0.013806 956.154
16 1427   -0.00102773 0.0131382 961.828
16 1428   -0.00136659 0.0126414 926.875
16 1429   -0.00275009 0.0122711 964.044
16 1430   -0.0029798 0.0126687 961.409
16 1431   -0.00250173 0.0131095 948.284
16 1432   -0.00241223 0.0124347 941.925
16 1433   -0.00219769 0.0128327 941.625
16 1434   -0.00181931 0.0126767 916.717
16 1436   -0.00216561 0.0122573 905.793
16 1437   -0.00190209 0.0123 859.468
16 1492   0.00279133 0.0137159 962.965
16 1493   0.00355063 0.0139023 965.841
16 1494   0.00411758 0.0123181 969.489
16 1495   0.00431856 0.0129048 967.549
16 1496   0.00388583 0.0131854 967.155
16 1497   0.00292889 0.013031 959.783
16 1498   0.00339787 0.0128775 966.316
16 1499   0.00258051 0.0126231 937.797
16 1500   0.00274354 0.012287 919.475
16 1501   0.00331302 0.0124268 968.523
16 1502   0.00300706 0.0122443 959.313
16 1503   0.00373175 0.0121266 959.594
16 1504   0.00346823 0.0121694 968.371
16 1517   -5.54119e-05 0.0131823 968.655
16 1518   0.000210128 0.0137243 968.789
16 1519   0.000844345 0.0135418 968.213
16 1520   0.00173238 0.0128296 949.228
16 1521   0.00160465 0.0140206 965.021
16 1522   0.00209841 0.013665 961.926
16 1523   0.0012366 0.0126004 959.592
16 1524   0.000330917 0.0128852 965.29
16 1525   0.000776952 0.0131139 969.231
16 1526   0.000907705 0.0128001 968.907
16 1529   0.000593431 0.01255 968.407
16 1530   0.000329908 0.0125927 958.337
16 1535   0.00377994 -0.0122101 965.836
16 1536   0.00352476 -0.0132221 948.865
16 1537   0.00321176 -0.0126258 961.35
16 1538   0.00351642 -0.0122529 968.427
16 1540   0.00641658 -0.0178033 969.006
16 1541   0.00533315 -0.0168923 965.559
16 1544   0.0063671 -0.0138282 916.39
16 1545   0.00587486 -0.0155354 954.228
16 1546   0.00695829 -0.0149227 941.223
16 1547   0.00444636 -0.0145809 947.283
16 1548   0.00503756 -0.0149135 948.251
16 1549   0.00552979 -0.0139682 928.203
16 1550   0.00515997 -0.0128434 901.62
16 1551   0.00520945 -0.0134824 921.75
16 1552   0.00466774 -0.0137887 936.941
16 1553   0.00470838 -0.0129187 920.141
16 1554   0.00446226 -0.0133914 935.406
16 1555   0.00410078 -0.0132357 941.652
16 1556   0.00403893 -0.012437 948.228
16 1557   0.00417853 -0.012845 940.243
16 1558   0.00451527 -0.0126812 923.194
16 1559   0.00469184 -0.0117926 833.124
16 1562   0.00422787 -0.0120294 903.305
16 1563   0.00452347 -0.0121957 891.506
16 1602   0.00727178 0.0123225 956.814
16 1603   0.00634177 0.0124749 956.492
16 1604   0.00679821 0.0128441 959.085
16 1605   0.00701841 0.0119111 957.097
16 1606   0.00656197 0.0119491 953.105
16 1607   0.00651157 0.0112449 951.533
16 1608   0.00633365 0.011514 944.749
16 1609   0.00710738 0.011573 960.085
16 1610   0.00682886 0.0113419 961.637
16 1611   0.00683147 0.0107479 967.105
16 1612   0.00694297 0.0110653 968.405
16 1613   0.00703558 0.0103485 943.133
16 1614   0.00699234 0.0105816 959.467
16 1616   0.0070093 0.0149539 967.664
16 1617   0.00702643 0.0135092 962.321
16 1618   0.00653573 0.0141071 965.36
16 1632   0.00736074 0.0114119 963.006
16 1635   0.00743037 0.0109736 968.657
16 1636   0.00715186 0.0110732 968.642
16 1637   0.00729111 0.0111888 966.925
16 1638   0.00717348 0.0107087 968.675
16 1639   0.00736074 0.0108332 969.562
16 1640   0.00722149 0.010883 969.626
16 1641   0.00744118 0.0105506 969.608
16 1642   0.00725391 0.0106255 968.682
16 1643   0.00737155 0.0106922 969.663
16 1644   0.00722752 0.010359 964.804
16 1645   0.00726472 0.0105089 967.916
16 1646   0.00738236 0.0104588 969.484
16 1649   0.00734516 0.0102505 966.314
16 1650   0.00744118 0.010317 966.862
16 1652   0.00735597 0.0101339 955.346
16 1653   0.00745199 0.0100835 831.454
16 1661   -0.0334746 -0.0210257 847.317
16 1665   -0.0366146 -0.0224598 778.175
16 1666   -0.037442 -0.0214341 621.864
16 1667   -0.0351929 -0.0215385 805.576
16 1668   -0.0360203 -0.0205128 745.253
16 1669   -0.00435908 0.0184152 846.955
16 1670   -0.00560908 0.0196652 732.948
16 1671   -0.006875 0.0182086 785.219
16 1672   -0.005 0.0163336 875.541
16 1673   -0.00625 0.0164172 855.969
16 1708   -0.0405434 -0.0309521 957.055
16 1709   -0.0390407 -0.0336507 958.276
16 1710   -0.0373262 -0.0294778 963.02
16 1711   -0.0358236 -0.0321764 967.261
16 1752   -0.0164777 -0.0222387 919.149
16 1753   -0.019581 -0.0222387 923.948
16 1772   -0.0386398 0.0165035 830.853
16 1775   -0.0406435 0.0185164 811.471
16 1776   -0.0392097 0.0176719 806.165
16 1777   -0.0380699 0.0186684 790.529
16 1778   -0.0398841 0.0203201 734.358
16 1779   -0.0384503 0.020309 521.157
16 1806   -0.0482018 -0.0232895 962.691
16 1807   -0.0438931 -0.0209945 914.692
16 1808   -0.0447406 -0.0240204 961.806
16 1829   -0.0505628 -0.0249873 924.84
16 1830   -0.0490976 -0.0299012 800.597
16 1831   -0.0510348 -0.032543 689.044
16 1846   -0.0511398 0.0177507 959.63
16 1847   -0.0457985 0.0168124 918.083
16 1848   -0.0485188 0.0154721 929.454
16 1849   -0.0497797 0.0205015 968.191
16 1850   -0.0470593 0.0197612 954.685
16 1851   -0.000751574 0.0278724 940.301
16 1852   0.00115166 0.031042 857.109
16 1853   -0.000665844 0.0336807 869.241
16 1854   0.000881261 0.0229072 965.033
16 1855   -0.000872011 0.0249838 965.762
16 1856   -0.00279376 0.0229127 920.994
16 1857   -0.000163851 0.0197977 956.36
16 1858   -0.00193304 0.0203342 919.147
16 1862   -0.03566 0.0210282 782.683
16 1863   -0.0335682 0.0210282 846.828
16 1871   -0.0223483 0.0247482 925.513
16 1872   -0.0210652 0.0297482 932.763
16 1873   -0.0148295 0.0242446 919.284
16 1874   -0.0138374 0.0292446 944.952
16 1875   -0.0162512 0.0322482 945.803
16 1877   -0.0199676 0.0222482 924.535
16 1878   -0.0170851 0.0222482 921.484
16 1889   -0.0115195 0.0209982 866.404
16 1890   -0.00930616 0.0209982 795.296
16 1915   -0.0511076 -0.0172522 957.089
16 1916   -0.0499366 -0.0144582 929.061
16 1917   -0.0487466 -0.0197642 965.611
16 1918   -0.0459618 -0.0190105 937.585
16 1919   -0.0473733 -0.0139163 914.584
16 1920   -0.0457594 -0.0159567 913.398
16 1936   -0.0315314 0.0335282 949.65
16 1937   -0.0282034 0.0310282 933.971
16 1938   -0.0296405 0.0280846 926.121
16 1939   -0.0348263 0.0322102 962.792
16 1940   -0.033399 0.0277948 925.2
16 1941   -0.0352567 0.0294204 949.293
16 1950   -0.00238648 -0.020655 907.736
16 1951   -0.00223098 -0.0227505 933.091
16 1952   -0.00364756 -0.0231621 895.468
16 1953   -0.00388081 -0.0200188 847.479
16 1954   -0.00451135 -0.0212723 800.05
16 1975   0.00568767 0.0252284 903.42
16 1976   0.00568508 0.0326224 687.613
16 1977   0.00387275 0.0299837 785.407
16 2016   -0.00909541 -0.0209887 779.532
16 2017   -0.0109898 -0.0209887 854.69
16 2032   -0.00448337 -0.0118553 967.599
16 2033   -0.00488095 -0.0116469 950.707
16 2056   0.00567837 -0.0321537 691.868
16 2057   0.00567837 -0.0293074 760.365
16 2081   -0.0492277 0.0260078 919.879
16 2082   -0.0491228 0.0299237 801.319
16 2083   -0.0434915 0.025812 965.001
16 2084   -0.0459555 0.0245321 964.326
16 2085   -0.0461927 0.0324292 827.128
16 2086   -0.0438336 0.0297932 933.324
16 2172   -0.00278465 0.029059 952.189
16 2173   -0.00494496 0.0319631 952.529
16 2174   -0.00269633 0.0322286 921.603
16 2175   -0.00562065 0.0263666 948.461
16 2176   -0.00687222 0.0279514 960.196
16 2177   -0.0044075 0.0280012 968.563
16 2178   -0.00565906 0.029586 968.16
end
