644
16 247   -0.0449779 0.00318556 922.321
16 248   -0.0233037 -0.03 904.13
16 249   -0.045157 -0.00300367 922.324
16 250   -0.0499779 0.008242 914.65
16 251   -0.0399779 0.00818894 929.749
16 252   -0.0279446 -0.0274514 907.613
16 253   -0.0477803 -0.0217979 833.648
16 254   -0.0398074 -0.0323581 776.702
16 255   -0.0321978 0.0320579 887.811
16 256   -0.0411387 -0.00655329 926.111
16 257   -0.036185 -0.0298095 879.575
16 258   -0.0322716 -0.0324514 886.106
16 259   -0.0435112 -0.0297251 739.837
16 260   -0.0497157 -0.0177642 882.125
16 261   -0.000201193 0.0238466 784.727
16 262   -0.0384817 -0.00727812 930.441
16 263   0.00446267 -0.0226815 800.031
16 264   -0.00191207 0.0214795 885.413
16 265   0.00297672 -0.0194745 891.057
16 266   -0.00115651 0.0186288 887.125
16 267   0.0067342 -0.0226473 786.287
16 268   -0.00305484 0.0175202 928.517
16 269   0.00490231 -0.015838 944.36
16 270   -0.00324022 0.0158407 937.356
16 271   0.00299352 -0.0152956 937.626
16 272   -0.00687299 0.0147365 962.924
16 273   0.00576276 -0.0146373 966.219
16 274   -0.00595281 0.0159651 969.362
16 275   -0.00240784 0.0146717 919.359
16 276   -0.00467724 0.0154178 965.154
16 277   0.00296524 -0.0139786 957.018
16 278   0.00201813 -0.0132427 946.869
16 279   -0.00472563 0.0142356 968.955
16 280   0.00632896 -0.0127868 901.923
16 281   -0.00316002 0.013614 950.14
16 282   -0.0040408 0.0136008 967.877
16 283   0.00465677 -0.0136694 967.095
16 284   0.00376804 -0.0135532 968.939
16 285   0.00233071 -0.0124882 962.151
16 286   0.00542858 -0.0126227 878.914
16 287   -0.00294107 0.0127649 951.284
16 288   -0.00243999 0.0125147 925.201
16 289   0.00486814 -0.0129793 926.968
16 290   -0.00420983 0.012856 957.96
16 291   -0.0047186 0.0126169 900.775
16 292   0.00308331 -0.0125525 968.29
16 293   0.00357353 -0.0128816 964.33
16 294   0.00517358 -0.0120596 808.755
16 295   0.00529045 -0.0116626 788.602
16 296   -0.00340041 0.0122797 969.058
16 297   -0.0037884 0.012384 951.123
16 298   0.00437915 -0.0126029 886.847
16 299   0.00397327 -0.0126214 923.506
16 300   0.0046834 -0.0120483 781.512
16 301   0.00444942 -0.0122349 808.624
16 302   0.0041674 -0.0120469 763.457
16 303   0.00489261 -0.0114977 752.258
16 304   -0.00391786 0.0120314 872.015
16 305   0.0045643 -0.0117749 726.019
16 306   0.00420427 -0.011832 691.702
16 307   0.00465664 -0.0116214 719.023
16 308   0.00436718 -0.0117466 681.547
16 479   -0.00513711 -0.0128441 750.053
16 480   -0.00631949 -0.0138913 824.463
16 481   -0.00572642 -0.0117626 749.717
16 482   -0.00690881 -0.0111431 831.29
16 488   0.0023996 0.0234537 729.729
16 489   0.00458108 0.0256285 698.831
16 490   0.00313703 0.0209964 745.545
16 491   0.00677472 0.0164136 749.724
16 492   0.00568398 0.0182492 741.407
16 493   0.00414179 0.0140027 727.452
16 494   0.00604945 0.0151489 751.526
16 495   0.0045989 0.0157071 742.444
16 496   0.00500115 0.0124813 738.781
16 498   0.00690881 0.0109462 836.238
16 499   0.00677472 0.0134614 771.422
16 500   0.00618353 0.0124982 774.712
16 501   -0.0443267 -0.0225632 878.05
16 502   -0.042988 -0.0255765 853.539
16 504   -0.0497787 0.0184182 873.975
16 505   -0.0473097 0.0259417 746.192
16 506   -0.0511393 0.023991 746.442
16 507   -0.048418 0.0211676 841.257
16 508   -0.0440341 0.024465 858.173
16 509   -0.0451425 0.0217715 882.042
16 523   -0.0073197 0.033477 788.193
16 524   -0.00999037 0.030431 867.62
16 525   -0.00293009 0.0307095 729.902
16 526   -0.00298834 0.0272566 786.401
16 527   -0.00615792 0.0267748 879.485
16 528   -0.00877035 0.0271815 892.752
16 531   -0.035506 0.0307402 872.85
16 532   -0.0410049 0.0310468 767.024
16 533   -0.0391941 0.0336823 772.448
16 534   -0.0359223 0.0279515 895.896
16 535   -0.0387112 0.028258 874.316
16 547   -0.0138882 -0.0320179 889.124
16 550   -0.00460866 -0.0304475 791.601
16 551   -0.0100818 -0.0305269 876.464
16 552   -0.0073653 -0.033509 807.356
16 553   -0.00877054 -0.0275051 892.883
16 554   -0.00587976 -0.0274257 873.04
16 570   -0.0284979 -0.0224514 922.004
16 571   -0.0360479 -0.0260352 914.803
16 572   -0.0326877 -0.0236772 930.278
16 580   0.000566528 0.0180457 825.421
16 581   0.00241176 0.0191244 769.402
16 582   0.00350815 0.0167708 750.546
16 583   0.00386796 0.0180481 751.158
16 584   0.00204017 0.0163773 761.368
16 585   0.000554751 0.016576 814.931
16 586   0.00289179 0.0137829 716.209
16 587   0.00188091 0.0150939 742.697
16 588   0.00118353 0.012892 700.729
16 589   0.00250115 0.0126782 699.669
16 596   -0.00407636 0.0221862 920.887
16 597   -0.00553505 0.0240714 913.037
16 600   -0.00187457 -0.0224602 891.564
16 607   0.00640926 0.0242585 701.988
16 609   0.00531852 0.021792 720.575
16 610   0.00640926 0.0201211 729.223
16 616   0.00320823 -0.0121658 954.901
16 619   -0.0471569 0.0161292 904.167
16 620   -0.0473562 0.0130369 910.019
16 621   -0.0423562 0.0130369 930.552
16 622   -0.0386393 0.0173355 964.39
16 623   -0.0432963 0.0167981 925.945
16 624   -0.0410176 0.0154604 942.288
16 627   0.00564861 -0.0113434 800.062
16 628   -0.0242274 0.0325 900.556
16 629   -0.0288066 0.0295579 903.357
16 630   -0.0263142 0.0225 917.543
16 631   -0.0297156 0.0245579 919.727
16 632   -0.0220847 0.024727 910.223
16 633   -0.0209068 0.029727 903.025
16 634   -0.0142399 0.024181 915.806
16 635   -0.0161562 0.032227 891.83
16 636   -0.0136579 0.029181 893.942
16 638   -0.0195062 0.022227 912.686
16 639   -0.0163258 0.022227 915.841
16 671   -0.014644 -0.0220179 918.499
16 673   -0.0199466 -0.025 909.228
16 674   -0.0162709 -0.0270179 906.062
16 712   -0.00463729 0.0121629 828.439
16 713   -0.00410625 0.0120701 812.712
16 714   -0.00410965 0.0118737 746.45
16 715   -0.00433553 0.0121061 814.459
16 716   -0.00454574 0.011782 754.78
16 717   -0.00426392 0.0118709 751.532
16 718   -0.00441395 0.0119484 777.943
16 719   -0.00446076 0.0116705 716.856
16 720   -0.00433067 0.0117386 716.524
16 839   0.00695445 -0.0121166 843.763
16 840   0.00643211 -0.0114187 807.503
16 841   0.0067165 -0.0108963 785.258
16 860   -0.00556531 0.0138026 958.728
16 861   -0.0064371 0.0137562 944.555
16 862   -0.00592792 0.0112456 813.119
16 863   -0.00709846 0.0122269 844.109
16 864   -0.00666257 0.0127816 886.59
16 865   -0.00726589 0.0111857 777.782
16 866   -0.00686435 0.0115522 806.666
16 867   -0.00639614 0.011266 807.537
16 868   -0.00656356 0.0107564 794.61
16 869   -0.00738295 0.01046 601.892
16 870   -0.00691473 0.0107053 762.14
16 871   -0.00714884 0.0108484 756.322
16 873   -0.00703178 0.0103782 714.457
16 874   -0.00726589 0.0102555 543.489
16 877   -0.0403084 -0.024248 916.281
16 878   -0.0379857 -0.0246223 929.712
16 879   -0.0371086 -0.0222643 952.39
16 909   -0.041145 0.0249968 899.509
16 910   -0.0391964 0.0261903 900.524
16 914   -0.00540998 -0.02125 945.931
16 915   -0.00387726 -0.0231885 905.109
16 916   -0.00515417 -0.0249928 898.333
16 918   0.00736942 -0.0105542 649.269
16 919   0.00710825 -0.0106911 748.133
16 931   -0.0400712 0.0190122 960.491
16 932   -0.0423499 0.0186832 936.324
16 933   -0.0429351 0.0206988 915.882
16 934   -0.0396821 0.0216245 940.091
16 935   -0.0414066 0.0226423 925.54
16 940   -0.00563737 -0.0156449 870.148
16 941   -0.00545365 -0.0194275 949.701
16 942   -0.00681788 -0.017587 926.578
16 943   -0.00327809 -0.0182581 905.516
16 944   -0.00346182 -0.0161421 874.648
16 957   -0.050157 -0.00544892 918.19
16 960   -0.0485442 -0.0149833 904.061
16 961   -0.0489855 -0.00941747 914.558
16 962   -0.0513285 -0.0114736 908.917
16 963   -0.0435751 -0.0109745 923.514
16 964   -0.0464218 -0.0113934 915.434
16 965   -0.0459806 -0.0144609 912.03
16 966   -0.0421363 -0.0127694 929.687
16 967   -0.0433703 -0.0152278 924.603
16 968   -0.0396999 -0.0119605 936.043
16 969   -0.0387182 -0.0134075 942.707
16 970   -0.04237 -0.0198685 931.292
16 971   -0.0420418 -0.0170892 937.3
16 972   -0.0389929 -0.0207109 917.624
16 973   -0.0405393 -0.0215623 956.245
16 974   -0.0386079 -0.0180057 965.739
16 975   -0.039826 -0.0160778 952.789
16 976   -0.0043884 0.0187565 955.311
16 977   -0.00611529 0.0207063 918.222
16 978   -0.00465435 0.0205717 957.335
16 979   -0.00584935 0.0176243 969.276
16 980   -0.00676953 0.0186659 945.796
16 981   -0.00329592 -0.0127372 714.79
16 1010   -0.0112557 0.022931 932.595
16 1011   -0.00995171 0.020977 959.173
16 1012   -0.0094537 0.0246815 919.465
16 1013   -0.0074955 0.0235012 942.165
16 1014   -0.00749775 0.0217506 936.653
16 1020   -0.0510348 0.0324944 672.877
16 1023   -0.0472051 0.029859 698.729
16 1024   -0.0442747 0.0323645 705.974
16 1030   -0.0461689 -0.032367 688.357
16 1033   -0.00140139 0.014584 890.165
16 1034   -0.000347216 0.0153918 843.673
16 1035   0.000613478 0.0146943 767.301
16 1036   0.000306739 0.0135971 739.875
16 1037   -0.00177804 0.0126221 890.518
16 1039   -0.00056152 0.0130425 777.452
16 1040   -0.00130896 0.0133318 866.529
16 1046   -0.0345564 0.021029 961.666
16 1047   -0.0329379 0.0230869 938.148
16 1048   -0.0348481 0.0252982 922.843
16 1049   -0.0374409 0.0226435 953.706
16 1050   -0.0372168 0.0248547 928.406
16 1083   -0.00142963 -0.0305537 730.612
16 1084   -5.9593e-05 -0.0259015 786.102
16 1085   0.00340769 -0.0261933 729.443
16 1088   0.00385843 -0.0336152 677.118
16 1089   0.000216866 -0.0336152 696.707
16 1090   -0.0117164 -0.0230269 924.593
16 1091   -0.00944976 -0.0250051 914.146
16 1092   -0.00745325 -0.022085 952.857
16 1093   -0.00736592 -0.0240632 923.941
16 1112   0.000221888 0.0322325 693.097
16 1115   0.00568335 0.0322417 672.464
16 1116   0.00385518 0.0294742 683.743
16 1118   0.0035186 -0.0121155 913.976
16 1119   0.00379342 -0.012242 883.155
16 1120   0.00391729 -0.0120354 812.555
16 1133   -0.00246993 -0.0135629 767.733
16 1134   -0.00213557 -0.0150004 848.945
16 1135   0.00119454 -0.0189605 898.21
16 1136   -0.000955283 -0.0201109 898.074
16 1137   -0.0015082 -0.0185937 901.324
16 1138   0.00195007 -0.0160583 917.082
16 1139   -2.76294e-05 -0.0173468 901.011
16 1140   0.00131088 -0.0175396 905.597
16 1141   -0.000682696 -0.0154116 890.955
16 1142   0.000153738 -0.0162268 902.571
16 1143   0.00106939 -0.015504 911.696
16 1144   0.000791272 -0.0145616 910.134
16 1145   -0.00029156 -0.0145656 891.451
16 1146   0.000507831 -0.012913 908.984
16 1147   0.00109903 -0.0135208 919.736
16 1148   -0.00139625 -0.0133108 792.472
16 1149   -0.000179124 -0.0132905 884
16 1150   -0.000670752 -0.0139024 870.62
16 1152   -0.000575218 -0.0127525 804.137
16 1153   -0.00123403 -0.0126456 755.897
16 1172   -0.00520565 0.0127521 903.215
16 1173   -0.00557283 0.0131054 927.145
16 1174   -0.00604308 0.0126282 880.629
16 1175   -0.00579383 0.0116829 817.459
16 1176   -0.00547513 0.0123252 852.963
16 1177   -0.00587667 0.0122245 848.226
16 1178   -0.00544267 0.0116011 805.501
16 1179   -0.00534192 0.0119661 819.452
16 1180   -0.00520729 0.0113574 789.575
16 1198   -0.0505646 -0.0249962 731.094
16 1199   -0.0490994 -0.0299101 686.803
16 1200   -0.0510348 -0.0325431 672.673
16 1224   -0.00489092 0.0119915 804.155
16 1225   -0.00509132 0.0118865 803.203
16 1226   -0.00472096 0.0117683 767.901
16 1227   -0.00504911 0.0116744 786.221
16 1228   -0.00506433 0.0115103 781.875
16 1229   -0.00482877 0.0116338 766.192
16 1231   -0.00491167 0.0114342 768.586
16 1232   -0.00477631 0.0115051 753.992
16 1327   0.00687451 -0.0146173 967.426
16 1328   0.00687451 -0.0136053 957.48
16 1336   0.0067342 -0.019899 876.63
16 1337   0.00601406 -0.0171557 921.806
16 1338   0.00524825 -0.0186087 900.247
16 1402   -0.0329989 -0.0212257 949.135
16 1403   -0.035482 -0.0212257 966.036
16 1408   -0.0092687 -0.021009 961.662
16 1409   -0.011448 -0.021009 940.128
16 1422   0.00567922 -0.0322303 673.573
16 1423   0.00567922 -0.0294607 683.705
52 309   -0.00466271 -0.00158882 807.955
52 310   -0.00260782 -0.00263496 827.15
52 311   -0.0046033 0.000795076 827.849
52 312   0.00125643 0.00438776 837.582
52 313   0.0033585 -0.00102681 841.398
52 314   -0.00656544 0.00182703 806.265
52 315   -0.000606744 -0.00129631 847.584
52 316   -0.000642629 0.000935013 850.781
52 317   -0.00258429 0.00198025 856.196
52 318   0.00137789 -0.0022816 857.697
52 319   0.00328175 0.00111678 825.347
52 320   0.00527593 -0.00201868 831.271
52 321   -0.000340007 -0.00573626 852.799
52 322   -0.000571322 0.00535682 867.585
52 323   0.00126525 0.00209331 841.959
52 324   -0.00243596 -0.00474221 819.085
52 325   -0.0101841 0.00380343 745.337
52 326   -0.00250416 0.00410761 877.154
52 327   0.00514281 -0.00407551 870.757
52 328   0.00305679 0.00521059 807.195
52 329   0.00497979 0.00224274 799.289
52 330   0.00705611 -0.000999433 779.787
52 331   -0.00671469 -0.00444573 779.802
52 332   0.00793662 0.00417735 782.399
52 333   -0.00632987 -0.00251345 784.169
52 334   0.00634724 0.00504457 777.346
52 335   0.00476365 0.0040421 795.699
52 336   0.00657681 -0.00502256 874.303
52 337   -0.00821555 0.00087335 753.456
52 338   -0.000770773 0.00703619 879.171
52 339   0.0104755 -0.00419024 741.42
52 340   0.00803516 -0.00436205 816.728
52 341   0.00659073 0.00170603 777.161
52 342   0.00855234 -0.00170003 749.082
52 343   0.00910139 -0.00540865 798.118
52 344   -0.00787045 -0.00168175 758.727
52 345   0.00733712 0.000540642 762.06
52 346   0.00879236 -0.00296002 761.315
52 347   0.00796397 0.00263817 769.835
52 348   -0.00847468 -0.000592183 738.989
52 349   0.0062216 -0.00660987 908.228
52 350   -0.0103268 0.00212345 718.18
52 351   -0.00228143 0.0075563 909.505
52 352   -0.00955567 0.00138695 726.428
52 353   0.0103473 -0.00275546 720.076
52 354   0.005086 -0.00731822 927.386
52 355   0.00970985 -0.000792253 714.635
52 356   0.00874408 0.000955662 729.771
52 357   -0.00881664 -0.00255568 769.629
52 358   0.00903211 0.00202413 743.395
52 359   0.0107515 -0.00114574 705.345
52 360   0.00521827 -0.00844015 956.004
52 361   0.0111489 -0.00184896 703.98
52 362   -0.00972491 -0.000725568 709.243
52 363   0.00998666 0.00225229 708.517
52 364   0.00459742 -0.00906213 965.936
52 365   -0.00371209 0.00920324 964.257
52 366   0.00978579 4.29544e-05 708.607
52 367   0.00380332 -0.0090434 962.348
52 368   0.0113974 -0.000500485 698.593
52 369   0.00947703 0.00063897 711.584
52 370   -0.00977792 -0.00234728 722.064
52 371   -0.0103073 0.000451633 707.53
52 372   0.00256167 -0.00985076 967.634
52 373   -0.0114204 0.00160178 705.938
52 374   -0.0114469 0.000821511 703.414
52 375   -0.0111049 0.000407867 701.294
52 376   -0.0102174 -0.00019535 704.073
52 377   -0.0101491 -0.00187666 700.678
52 378   -0.0101268 -0.00133219 700.593
52 379   0.0111428 0.000131143 694.075
52 380   0.00476257 -0.00976537 965.464
52 381   0.0104083 0.00171301 693.138
52 382   -0.00392766 0.00986151 966.827
52 383   0.0101867 0.00116816 698.019
52 384   0.00522842 -0.0100264 952.742
52 385   0.0105729 0.000321096 696.817
52 386   0.00356473 -0.00970035 969.052
52 387   0.00312845 -0.00996499 968.677
52 388   -0.0112928 -0.000185192 695.177
52 389   0.010652 0.000894949 691.532
52 390   -0.00339108 0.0102102 960.036
52 391   -0.0108299 -0.000478124 694.901
52 392   -0.00432083 0.0101137 948.36
52 393   -0.011658 -0.000455093 691.022
52 394   -0.00351989 0.0106241 908.314
52 395   -0.0107776 -0.00202634 686.772
52 396   0.00501201 -0.0105599 913.016
52 397   0.0114849 0.000519804 688.24
52 398   -0.0107385 -0.00120138 689.518
52 399   0.0109731 0.00187049 682.103
52 400   -0.0109491 -0.000877531 689.572
52 401   0.00327754 -0.0104928 942.509
52 402   0.00366246 -0.0105266 911.703
52 403   0.0110388 0.00107389 684.969
52 404   -0.00417097 0.0105754 881.931
52 405   -0.00390661 0.0107371 845.952
52 406   -0.0110314 -0.00174971 681.515
52 407   -0.0110146 -0.00146922 683.079
52 408   0.0111748 0.00162658 678.744
52 409   0.0113017 0.0008887 684.436
52 410   -0.011322 -0.000978932 684.658
52 411   -0.011568 -0.000849427 685.516
52 412   0.0111619 0.00136764 680.564
52 413   0.0117623 0.00054195 687.457
52 414   0.00373339 -0.0107955 848.988
52 415   0.0114955 0.00110138 680.212
52 416   0.00392428 -0.0108421 814.31
52 417   -0.0117678 -0.00104342 682.359
52 418   -0.0113213 -0.00182306 676.253
52 419   0.0117752 0.000910039 682.45
52 420   0.0116915 0.00110058 679.504
52 421   0.0114586 0.001742 673.78
52 422   -0.0112911 -0.0013899 679.569
52 423   -0.00395274 0.0110054 762.646
52 424   -0.0113878 -0.00122347 680.681
52 425   0.0114331 0.00132927 677.578
52 426   -0.0114819 -0.00166293 674.092
52 427   0.0045201 -0.0109636 831.293
52 428   -0.0114685 -0.00151025 675.773
52 429   0.0115628 0.00145478 674.569
52 430   -0.0117189 -0.00122983 678.995
52 431   -0.0115849 -0.00128038 678.26
52 432   0.0115754 0.00160856 672.61
52 433   0.0117613 0.00128748 676.425
52 434   -0.0116163 -0.00143033 675.413
52 435   0.00390091 -0.0110256 760.462
52 436   0.011695 0.00141379 674.21
52 437   -0.00410771 0.0110604 694.467
52 438   -0.0118257 -0.00133119 677.443
52 439   -0.0117278 -0.00146811 674.204
52 440   0.0116977 0.00165781 670.42
52 441   0.0117633 0.00150422 672.271
52 442   0.0118528 0.00131791 676.147
52 443   -0.0117855 -0.00153832 672.729
52 444   0.0117534 0.00159446 670.502
52 445   -0.0118033 -0.00141951 675.533
52 446   0.0118336 0.00149014 672.843
52 447   -0.00409262 0.0111708 472.66
52 448   0.0118567 0.00143014 674.226
52 449   -0.00421395 0.0111708 463.402
52 450   0.00413777 -0.0111686 446.445
52 451   0.0118147 0.00162087 669.416
52 452   -0.0118108 -0.00157911 672.714
52 453   -0.0118601 -0.00146549 675.088
52 454   -0.00415067 0.0111881 347.819
52 455   -0.011862 -0.00152086 674.013
52 456   -0.00422917 0.0112045 295.587
52 457   -0.00415292 0.0112275 70.6856
52 458   -0.00415945 0.0112535 2.97521
52 468   -0.00867615 0.00461876 799.328
52 469   -0.00674413 0.00358217 834.952
52 470   -0.00911865 0.00672665 844.345
52 471   -0.00853862 0.00577793 834.657
52 472   -0.00709238 0.00602429 891.119
52 473   -0.00820565 0.00736348 902.76
52 474   -0.00719808 0.00709957 910.619
52 475   -0.00653945 0.00782703 937.258
52 476   -0.00685336 0.00847263 955.358
52 537   -0.000191546 -0.00737371 848.321
52 538   -0.00132716 -0.008299 783.099
52 539   -0.000620379 -0.00937576 755.521
52 590   0.00411153 -0.0112056 312.281
52 598   0.00637063 0.00640176 779.968
52 599   0.00547133 0.00719327 798.403
52 655   -0.00580859 -0.00553483 782.774
52 656   -0.003896 -0.00567142 796.671
52 657   -0.0024555 -0.00855042 778.537
52 658   -0.0034962 -0.00737953 782.698
52 659   -0.00450948 -0.00803445 767.049
52 660   0.00438138 0.0072968 778.757
52 661   0.00310077 0.00671235 793.676
52 662   0.00394955 0.00849067 761.299
52 663   0.00282849 0.00891311 774.214
52 705   0.00108305 -0.00798783 888.355
52 706   0.000262532 -0.00914384 810.693
52 707   0.000830341 -0.0086812 877.588
52 709   0.000593233 -0.00960559 804.434
52 744   -0.011748 -0.00162722 670.456
52 745   -0.0116246 -0.00170133 671.527
52 797   0.00413899 -0.0112221 154.284
52 800   -0.00418759 0.0112285 75.4819
52 801   -0.00416792 0.0112486 4.01019
52 802   -0.00417462 0.0112342 31.3739
52 803   0.0118654 0.00153714 672.279
52 805   0.0118442 0.00158761 670.456
52 806   0.0118537 0.00156371 671.481
52 811   0.0118791 0.00156865 672.161
52 813   0.0118634 0.00159754 670.527
52 814   0.0118733 0.00158194 671.734
52 815   0.0118861 0.00158856 672.648
52 816   0.0118886 0.00160516 673.62
52 817   0.0118715 0.00160826 670.191
52 818   0.0118816 0.00160095 671.897
52 821   0.00896295 -0.00665713 848.209
52 826   0.00804353 -0.0082338 934.292
52 827   0.00704962 -0.00721347 915.371
52 828   0.00803341 -0.00718219 902.058
52 829   0.00733281 -0.00850415 952.688
52 830   0.00678667 -0.008026 941.721
52 831   0.00585246 -0.00867614 962.266
52 832   0.00632938 -0.00841252 955.967
52 833   0.00707524 -0.00897961 967.187
52 834   0.00656371 -0.00887235 966.53
52 836   0.00682246 -0.00952232 955.692
52 837   0.00717303 -0.0093199 967.936
52 875   -0.00641897 -0.00663596 782.622
52 876   -0.00551967 -0.00742747 800.718
52 891   -0.00827633 0.00809298 923.3
52 895   -0.00734551 0.00853794 954.609
52 896   -0.00785548 0.00879511 959.63
52 897   -0.00781983 0.00841139 945.58
52 898   -0.00704597 0.00917916 968.819
52 899   -0.00750865 0.00898596 963.804
52 900   -0.00725367 0.00885737 963.988
52 903   -0.00718819 0.0093727 964.499
52 904   -0.00741372 0.00924278 968.454
52 1000   0.000240923 0.00777981 838.071
52 1001   0.000808914 0.00933465 752.21
52 1002   0.00188868 0.00862058 772.834
52 1003   0.00172913 0.00761368 797.254
52 1004   -0.0012215 0.00901468 897
52 1005   -0.00040276 0.00851213 855.486
52 1006   5.68528e-06 0.00906008 799.321
52 1008   -0.00111255 0.00956233 864.108
52 1009   -0.000513548 0.00956293 802.254
52 1061   -0.00403143 0.0047209 887.475
52 1062   -0.00564616 0.00431031 873.612
52 1063   -0.00613194 0.00559327 892.842
52 1064   -0.00325854 0.00699459 912.68
52 1065   -0.0051108 0.00614097 905.592
52 1066   -0.00392361 0.00586675 900.964
52 1067   -0.00416925 0.00877 959.045
52 1068   -0.00402121 0.00777049 934.081
52 1069   -0.00558169 0.00793826 943.625
52 1070   -0.00492917 0.00728413 925.908
52 1071   -0.00488389 0.00897335 965.605
52 1072   -0.00538837 0.00862796 960.622
52 1073   -0.0064085 0.00885769 966.057
52 1074   -0.00590127 0.0089018 966.4
52 1075   -0.00682044 0.00930908 967.419
52 1076   -0.00656545 0.00918049 969.467
52 1077   -0.00636939 0.00956892 963.468
52 1079   -0.00673714 0.00963254 949.593
52 1080   -0.00651161 0.00976247 948.893
52 1161   -0.00232456 0.00855967 926.527
52 1162   -0.00185238 0.00904526 929.574
52 1163   -0.00301359 0.00907 955.065
52 1164   -0.00290233 0.0101571 968.683
52 1166   -0.00274041 0.00967517 966.092
52 1167   -0.00224194 0.00971219 964.16
52 1202   -0.00507905 0.00944392 969.414
52 1203   -0.00557037 0.0101807 945.615
52 1204   -0.00561299 0.00935704 969.411
52 1205   -0.00592415 0.00970136 963.943
52 1206   -0.00509359 0.0102263 943.715
52 1207   -0.00465428 0.0100488 953.249
52 1208   -0.00491343 0.00983392 964.444
52 1209   -0.00486963 0.010748 896.817
52 1210   -0.00494599 0.0104751 921.853
52 1211   -0.00472287 0.0104074 921.207
52 1212   -0.00440145 0.0107007 860.65
52 1213   -0.00467313 0.0107631 879.694
52 1214   -0.00461991 0.0105976 894.184
52 1215   -0.00453473 0.0108805 847.017
52 1216   -0.00437461 0.0108519 825.156
52 1217   -0.0042868 0.011079 711.587
52 1218   -0.00423861 0.0109859 764.307
52 1220   -0.00439345 0.01106 786.052
52 1221   -0.00450538 0.0109955 828.639
52 1258   -0.00861678 -0.00356359 793.073
52 1259   -0.00805541 -0.00462193 789.656
52 1274   0.00565871 -0.00977989 961.91
52 1275   0.00584832 -0.00926778 969.504
52 1276   0.00628649 -0.00922491 969.449
52 1277   0.00644746 -0.00953459 962.834
52 1279   0.00623342 -0.00985656 949.622
52 1280   0.00588285 -0.010059 947.006
52 1283   0.00175745 -0.00397729 871.925
52 1284   0.00118808 -0.00525132 878.067
52 1285   0.00360495 -0.00477933 887.788
52 1286   0.00419488 -0.00694392 916.744
52 1287   0.0036118 -0.00592554 901.229
52 1288   0.00248057 -0.00629831 899.214
52 1289   0.00340631 -0.00859666 948.306
52 1290   0.00351314 -0.0077384 928.502
52 1291   0.00210034 -0.00794689 911.406
52 1292   0.00264537 -0.00735703 911.348
52 1293   0.00240174 -0.00931391 953.159
52 1294   0.00235064 -0.00854314 926.53
52 1295   0.00278883 -0.00881153 944.443
52 1296   0.00144495 -0.00891162 903.778
52 1297   0.00197915 -0.00927654 941.03
52 1298   0.00194795 -0.0088145 920.37
52 1299   0.00163369 -0.00948903 922.549
52 1300   0.00103469 -0.00948963 865.72
52 1301   0.00131859 -0.0092583 899.303
52 1304   0.00149954 -0.0097202 902.051
52 1305   0.00120004 -0.0097205 866.517
52 1495   0.00437727 -0.0110028 787.948
52 1496   0.00436083 -0.0110988 755.781
52 1497   0.0043199 -0.0100339 954.986
52 1498   0.0038648 -0.010286 939.008
52 1499   0.00391616 -0.00998759 963.132
52 1500   0.00438743 -0.0102912 930.085
52 1501   0.00414965 -0.0103735 918.145
52 1502   0.00461369 -0.0105561 897.801
52 1503   0.00449326 -0.0107454 859.472
52 1504   0.00407798 -0.0107553 832.319
52 1505   0.00429999 -0.0106832 855.897
52 1506   0.00418265 -0.0105762 878.598
52 1507   0.00429733 -0.0109482 785.42
52 1508   0.00424688 -0.0108468 809.073
52 1509   0.00414376 -0.0108777 793.626
52 1510   0.00410171 -0.0111275 591.104
52 1511   0.0040158 -0.0111287 635.288
52 1512   0.00401204 -0.0110583 723
52 1513   0.00412347 -0.0109843 757.586
52 1514   0.0041221 -0.0110793 679.912
52 1515   0.00407379 -0.011035 729.798
52 1516   0.00424415 -0.0109936 761.492
52 1517   0.00417015 -0.0110585 703.699
52 1518   0.0041734 -0.0109987 750.918
52 1519   0.00430093 -0.0110904 722.09
52 1520   0.00426419 -0.0110398 741.479
52 1521   0.0042176 -0.0110671 704.533
52 1522   0.00425916 -0.0111794 479.161
52 1523   0.00427353 -0.011128 649.203
52 1524   0.00423515 -0.0111073 654.669
52 1525   0.00419565 -0.0112014 290.887
52 1526   0.0042252 -0.0111798 433.896
52 1527   0.00418672 -0.0111637 459.184
52 1528   0.00421627 -0.0111421 553.786
52 1529   0.004192 -0.0112227 138.701
52 1533   0.00415635 -0.0112246 106.228
52 1534   0.00417716 -0.0112397 21.0529
52 1535   0.0041742 -0.0112245 108.377
52 1536   0.00416483 -0.011251 4.67194
52 1539   0.0041542 -0.0112379 33.7077
52 1540   0.00416389 -0.0112425 12.504
52 1567   -0.0118883 -0.00158931 692.108
52 1569   -0.0118885 -0.00159618 700.201
52 1571   -0.0118887 -0.00160305 706.867
52 1572   -0.011889 -0.00160991 718.771
end
