717
52 319   -0.00277423 -0.00259038 915.677
52 320   -0.000817772 0.0059193 949.389
52 321   -0.00250585 -0.00489941 921.935
52 322   -0.00403595 -0.00654011 908.532
52 323   -0.000740362 0.00106633 922.886
52 324   -0.00271433 0.00459626 938.92
52 325   -0.000695673 -0.00128711 922.031
52 326   -0.00472431 0.00114277 911.203
52 327   0.00315386 0.000966821 913.679
52 328   0.0013108 -0.00239365 926.477
52 329   -0.00266009 0.00219667 923.361
52 330   0.00118258 0.00219322 921.973
52 331   0.00323739 -0.00126662 917.276
52 332   0.00487429 0.00203945 905.18
52 333   -0.00882036 -0.000700841 891.113
52 334   -0.00454688 0.00534936 938.562
52 335   0.00467585 0.00419361 904.903
52 336   0.00629205 0.0051595 884.561
52 337   0.00520377 -0.00437566 924.038
52 338   0.0049593 -0.00231546 913.136
52 339   -0.00634177 0.00226536 905.704
52 340   0.00653899 0.00107283 897.509
52 341   -0.00495694 0.00707962 956.757
52 342   0.00799641 0.00214443 873.25
52 343   -0.000846076 0.00783055 965.178
52 344   -0.00611009 0.00407236 914.078
52 345   0.00918525 0.000912431 886.249
52 346   -0.00791196 0.00181119 891.427
52 347   -0.0075844 0.00465074 902.403
52 348   0.00638336 -0.00168682 903.288
52 349   0.000834452 -0.0087723 968.84
52 350   0.00691847 -0.000479403 898.62
52 351   -0.00424025 0.00833184 968.153
52 352   0.00670524 -0.00481675 913.714
52 353   -0.00205631 0.00870721 968.973
52 354   -0.00655877 0.00706694 947.323
52 355   -0.00762301 0.00591506 912.314
52 356   -0.00314385 0.00880129 969.043
52 357   -0.00870949 0.000927438 895.967
52 358   -0.00891305 0.00617303 881.523
52 359   0.000304795 0.00873634 968.478
52 360   -0.00873603 0.00384444 869.762
52 361   0.00736448 -0.00576592 914.535
52 362   0.00826777 -0.000888629 890.417
52 363   -0.00510192 0.00946662 965.25
52 364   -0.00345501 0.0102327 963.462
52 365   0.00908149 -0.00685159 890.869
52 366   -0.00446814 0.0104353 951.513
52 367   -0.00883192 0.00281189 864.594
52 368   0.00863405 -0.00424132 875.712
52 369   0.00929445 -0.00580429 857.355
52 370   0.00907712 -0.000568386 897.209
52 371   -0.00990358 0.00553391 827.176
52 372   0.00947788 -0.00386057 819.792
52 373   0.0100973 -0.00537307 812.375
52 374   0.000267348 -0.00997544 954.532
52 375   0.00852271 -0.00523339 888.96
52 376   -0.0100047 0.00138969 847.859
52 377   -0.00150295 0.00984753 967.275
52 378   0.00976953 -0.00306642 789.204
52 379   -0.00185179 0.0106839 964.81
52 380   -0.00963781 0.00414944 815.772
52 381   0.0101694 -0.00442143 783.255
52 382   -0.00996659 0.00476404 809.453
52 383   -0.00020639 0.0098259 956.85
52 384   -0.00583081 0.00966788 952.688
52 385   0.000562534 -0.0106506 940.19
52 386   -0.000803902 0.0100604 959.586
52 387   -0.00971729 0.00253952 810.213
52 388   -0.0100925 0.00200108 794.765
52 389   -0.00131675 0.0111429 960.376
52 390   -0.0102744 0.00361388 755.817
52 391   0.000161542 0.0104257 926.822
52 392   -0.0106932 0.00446257 761.227
52 393   0.000596779 0.0105739 903.473
52 394   0.0107561 -0.00415411 742.808
52 395   -0.000677289 -0.0108459 881.178
52 396   -0.000809703 0.0107536 948.409
52 397   -0.0107466 0.00388966 733.566
52 398   0.0104488 -0.00299502 728.5
52 399   -0.0103603 0.00318401 741.232
52 400   0.0108366 -0.00364475 718.325
52 401   -0.00122862 0.011584 965.078
52 402   -0.0101631 0.00285935 759.439
52 403   -0.0106477 0.00218309 735.506
52 404   -0.000469907 0.0110214 929.218
52 405   8.49261e-05 -0.0110761 898.131
52 406   -0.000320274 -0.0110856 869.092
52 407   -9.61747e-05 0.010928 908.025
52 408   0.0107119 -0.00327721 714.087
52 409   -0.0110063 0.0021431 714.504
52 410   0.010664 -0.00262754 715.134
52 411   -0.0105598 0.00258608 727.118
52 412   0.0112052 -0.00355816 702.808
52 413   6.38798e-05 0.0112851 869.254
52 414   -0.000768256 0.0115775 955.186
52 415   -0.0108063 0.00304947 707.95
52 416   0.000165897 -0.0114387 881.328
52 417   -0.00051659 0.0114043 929.313
52 418   -0.0111765 0.00349524 702.58
52 419   -0.000409586 -0.0114405 818.035
52 420   0.000302567 0.0113673 834.633
52 421   -0.0110697 0.00374757 713.977
52 422   0.0110165 -0.00300314 696.539
52 423   -0.0108207 0.0027345 707.317
52 424   0.0109884 -0.0027468 697.129
52 425   -0.0111693 0.00328196 696.783
52 426   -0.0110362 0.00312397 698.475
52 427   -0.000286562 0.0115617 902.275
52 428   -0.0111505 0.00246826 696.842
52 429   -7.98244e-05 0.0115359 859.86
52 430   -0.0110529 0.00265667 697.037
52 431   -0.000654508 0.0117927 962.352
52 432   0.0112141 -0.0030492 689.374
52 433   0.0112781 -0.00323668 691.528
52 434   -4.25336e-05 -0.0116018 826.431
52 435   -0.000212818 -0.0115941 799.084
52 436   -0.0114082 0.00316437 686.372
52 437   -0.000307918 0.0117711 917.564
52 438   -0.0112074 0.00279297 688.938
52 439   -0.0112051 0.00294529 689.377
52 440   0.0114543 -0.00314138 684.128
52 441   0.000321008 0.0116278 786.535
52 442   -0.0113803 0.00300394 683.229
52 443   0.0113637 -0.00289979 681.505
52 444   -0.0113349 0.00251885 688.674
52 445   0.0002011 0.0117322 764.66
52 446   1.48804e-07 0.0117123 818.642
52 447   -0.000424198 0.011829 950.877
52 448   -2.35857e-05 -0.0117764 791.225
52 449   0.000106798 -0.0118793 844.461
52 450   -0.0114487 0.00252404 684.846
52 451   0.0114786 -0.00296743 678.581
52 452   -0.0114735 0.00291884 678.294
52 453   9.55503e-05 0.0117584 774.845
52 454   -0.0113403 0.00274606 683.412
52 455   2.22174e-05 -0.0118607 780.631
52 456   -0.0113701 0.00266035 683.539
52 457   0.0115715 -0.00289842 674.074
52 458   -0.0114312 0.00281329 679.02
52 459   -0.0115673 0.00292353 674.934
52 460   -0.0114682 0.00268897 679.03
52 461   0.0115832 -0.0028151 672.06
52 462   -0.0114976 0.00276562 676.461
52 463   -0.0115228 0.00266233 677.871
52 464   -0.0115595 0.00278414 673.566
52 465   -0.0115869 0.00283651 672.437
52 466   -0.0116315 0.00282646 670.446
52 467   0.000138711 0.0119949 4.53974
52 468   0.000149712 0.0119967 2.99724
52 469   -0.0116765 0.00275699 676.621
52 492   -0.00885284 0.00715764 903.778
52 507   -0.00699572 0.00791722 960.156
52 508   -0.00789388 0.00855568 966.266
52 509   -0.00799975 0.00774996 943.876
52 510   -0.00618958 0.00916098 962.963
52 511   -0.00716536 0.00888811 967.591
52 512   -0.00661434 0.00855778 969.256
52 513   -0.00692651 0.00939113 938.61
52 546   0.00721129 -0.0065759 929.292
52 547   0.00815656 -0.00709067 923.019
52 548   0.00780972 -0.00782889 950.94
52 549   0.00805621 -0.0083345 961.563
52 558   -0.00646619 -0.00584463 880.137
52 559   -0.00557098 -0.00664076 899.107
52 599   0.00633255 0.00657603 886.369
52 600   0.00543734 0.00737216 898.743
52 603   -0.000263164 -0.011747 752.707
52 604   -0.000123736 -0.0118249 724.819
52 605   -0.00019303 -0.0118033 726.465
52 607   -0.000224787 -0.0118608 644.491
52 652   0.000237809 0.0118285 695.412
52 720   -0.002389 0.0110265 966.033
52 721   -0.00304361 0.0109235 960.02
52 766   0.0116332 -0.00274407 670.653
52 781   0.0116601 -0.00277919 668.681
52 782   0.0116386 -0.00277419 669.708
52 783   0.0116372 -0.00280476 669.855
52 792   0.00019069 0.0118888 588.489
52 795   -6.38735e-05 -0.0119713 461.76
52 796   -5.48808e-05 -0.011938 623.791
52 797   -0.000104011 -0.0119136 574.183
52 798   -0.000127063 -0.011885 635.203
52 799   -0.000177774 -0.0119206 445.807
52 800   -0.000178614 -0.011886 594.818
52 801   -0.000126713 -0.0119344 448.082
52 802   -0.000148925 -0.0119403 360.606
52 803   -0.000145408 -0.0119942 6.61738
52 806   -0.000144097 -0.0119787 61.1055
52 807   -0.000154713 -0.0119668 149.423
52 817   -0.0116102 0.00270015 674.126
52 818   -0.0115763 0.00270029 675.041
52 819   -0.0115837 0.00274547 673.255
52 820   -0.011649 0.00274596 671.056
52 821   -0.011623 0.00273438 672.3
52 822   -0.0116121 0.00275626 671.796
52 823   -0.0116481 0.00276578 670.19
52 824   -0.0116371 0.00279376 669.888
52 825   -0.0116281 0.00277601 670.585
52 826   -0.011664 0.00276708 672.171
52 827   -0.0116584 0.00278412 668.932
52 828   0.0043128 -0.00552781 942.304
52 829   0.0018554 -0.00842463 968.264
52 830   0.00266894 -0.00730045 962.266
52 831   0.00299016 -0.00906022 969.555
52 832   0.00217167 -0.00931991 969.309
52 833   0.00197913 -0.011384 966.316
52 834   0.00194251 -0.0102061 966.201
52 835   0.00150426 -0.0112085 963.592
52 836   0.00101494 -0.0107847 953.449
52 837   0.00151153 -0.010648 962.145
52 838   0.000911068 -0.011722 964.661
52 839   0.00113904 -0.0114352 961.012
52 840   0.000876288 -0.0112551 948.547
52 841   0.000383647 -0.0115029 913.978
52 842   0.000658486 -0.0116512 952.848
52 843   0.000638155 -0.0114327 939.579
52 844   0.000218024 -0.0118211 890.782
52 845   0.00047571 -0.0117505 944.349
52 846   0.000332246 -0.0116922 910.628
52 848   0.000299295 -0.0118893 934.371
52 849   0.000423682 -0.0118696 953.61
52 872   -0.000131279 -0.0119832 57.2656
52 873   -0.000105974 -0.011978 202.24
52 874   -0.000119683 -0.0119654 257.433
52 961   0.00480361 -0.00690351 955.411
52 962   0.0037302 -0.00834885 968.232
52 963   0.00372524 -0.00748436 963.119
52 964   0.00442622 -0.00858229 969.091
52 965   0.00509275 -0.00828372 968.217
52 966   0.005768 -0.00999515 943.912
52 967   0.00533585 -0.0089207 969.299
52 968   0.00584162 -0.00899766 968.151
52 969   0.00642725 -0.00965489 937.435
52 970   0.00598958 -0.00955641 954.103
52 971   0.0063571 -0.00701231 949.22
52 972   0.00545056 -0.00780194 964.467
52 973   0.00549964 -0.00713695 956.18
52 974   0.00709358 -0.00779752 958.673
52 975   0.00658623 -0.00749571 955.949
52 976   0.00606451 -0.00790332 964.638
52 977   0.00692406 -0.00830291 967.876
52 978   0.00700103 -0.00931392 943.577
52 979   0.00663148 -0.00919392 956.761
52 980   0.00639217 -0.0083336 968.498
52 981   0.00628646 -0.00874143 969.336
52 982   0.00759883 -0.00864251 969.434
52 983   0.00718282 -0.00864228 969.417
52 984   0.00719299 -0.00901921 959.304
52 986   0.00772207 -0.00889532 966.194
52 987   0.00749593 -0.00914355 937.278
52 1007   0.00526223 -0.00991819 955.278
52 1008   0.00497804 -0.00940248 966.868
52 1009   0.00440416 -0.00934703 968.637
52 1010   0.00510875 -0.0103354 946.975
52 1014   0.00471466 -0.0105479 947.31
52 1019   0.00316146 -0.00985045 967.932
52 1020   0.00382037 -0.0109847 937.206
52 1021   0.00261343 -0.0109713 964.987
52 1022   0.00256953 -0.0103539 966.32
52 1023   0.00410278 -0.0104828 954.457
52 1024   0.00387943 -0.00990382 965.791
52 1026   0.00303583 -0.011184 963.983
52 1027   0.00342749 -0.011122 953.277
52 1053   0.000851664 0.00531071 937.927
52 1054   0.00146716 0.00398251 925.789
52 1055   0.00324 0.00491027 915.181
52 1056   0.00205862 0.00640895 934.021
52 1057   0.00319038 0.00606799 917.885
52 1058   0.00386442 0.00815482 904.456
52 1059   0.00421912 0.00716592 904.662
52 1060   0.0021394 0.00739702 941.417
52 1061   0.00291646 0.00804496 928.895
52 1062   0.00136271 0.00841778 964.326
52 1063   0.00158033 0.00927983 950.822
52 1065   0.00228849 0.00918453 955.385
52 1066   0.00284792 0.00897043 933.372
52 1142   -0.000432569 -0.00992099 944.223
52 1143   -0.000701983 -0.0104016 911.835
52 1144   -0.00244446 -0.00822515 940.723
52 1145   0.00105621 -0.00412806 935.593
52 1146   -0.000681881 -0.00533055 939.19
52 1147   0.0025067 -0.00516029 943.573
52 1148   0.00194121 -0.00635209 954.52
52 1149   0.000341127 -0.00775252 964.778
52 1150   0.000634348 -0.0064565 954.078
52 1151   -0.000538253 -0.00646718 948.987
52 1152   -0.000530463 -0.00799227 964.541
52 1153   -0.00161546 -0.00774138 953.744
52 1154   -0.00104488 -0.00727257 953.861
52 1155   -0.00135039 -0.00833297 963.908
52 1156   -0.000851695 -0.00858919 968.158
52 1158   -0.00269274 -0.00904504 941.815
52 1161   -0.00162782 -0.00879911 967.073
52 1162   -0.00212544 -0.00949088 967.021
52 1163   -0.00214116 -0.00902741 960.917
52 1164   -0.00149528 -0.0090949 969.514
52 1165   -0.00172891 -0.00943025 953.585
52 1166   -0.00088981 -0.0094878 957.502
52 1167   -0.00100445 -0.00911939 968.658
52 1169   -0.00116926 -0.0102727 905.037
52 1170   -0.001266 -0.00983171 925.299
52 1171   -0.00161427 -0.00979866 890.534
52 1186   0.000969066 0.0103815 908.499
52 1187   0.00126264 0.0100058 921.939
52 1220   0.00766996 0.00460755 871.262
52 1221   0.00822588 0.00354632 859.01
52 1225   -0.000159574 0.0119114 882.248
52 1226   -0.000183327 0.0118316 884.197
52 1227   -8.19981e-05 0.0117985 832.758
52 1228   -1.64457e-05 0.0119475 744.844
52 1229   -7.46663e-05 0.0119003 820.582
52 1230   -4.18237e-05 0.0118565 802.126
52 1231   6.48733e-05 0.0118663 728.965
52 1232   2.31477e-05 0.0119292 697.805
52 1233   9.64625e-06 0.0118781 760.459
52 1234   0.000153046 0.0119071 558.37
52 1235   0.000101366 0.0118985 636.441
52 1236   0.000132715 0.0119715 195.498
52 1237   0.000156965 0.0119512 182.426
52 1238   0.000103492 0.0119684 232.695
52 1239   7.60621e-05 0.0119396 524.047
52 1308   -0.00747827 -0.00152421 886.729
52 1309   -0.0052081 -0.00057382 905.923
52 1310   -0.00455819 -0.00200786 907.216
52 1311   -0.00670861 -0.00456092 881.811
52 1312   -0.00606725 -0.00313384 896.91
52 1313   -0.00758948 -0.00278267 875.625
52 1315   -0.00795287 -0.00474036 870.623
52 1316   -0.00850879 -0.00367914 858.357
52 1552   -0.00382733 -0.00815335 905.769
52 1553   -0.00326789 -0.00836746 917.362
52 1589   -0.00664765 0.00954138 932.883
52 1590   -0.00646173 0.00964155 935.276
52 1593   0.000500801 0.0112569 843.573
52 1594   0.000654697 0.0110599 863.357
52 1703   0.00718353 -0.00267249 899.149
52 1704   0.00803153 -0.00369931 890.021
52 1705   0.00726094 -0.00374221 901.625
52 1706   0.00830695 -0.00178998 884.822
52 1707   0.00775782 -0.00236642 891.945
52 1708   0.0081504 -0.00289275 885.029
52 1709   0.00932279 -0.00262629 831.704
52 1710   0.00878145 -0.00203882 873.374
52 1711   0.00861761 -0.00259381 872.819
52 1712   0.0093141 -0.00190915 854.321
52 1713   0.00965915 -0.00223345 814.581
52 1714   0.00964895 -0.00134007 872.972
52 1715   0.0101177 -0.00132471 844.379
52 1716   0.0107328 -0.00180428 747.439
52 1717   0.0102717 -0.00177077 787.999
52 1718   0.010148 -0.00211043 777.29
52 1719   0.0107575 -0.00207195 727.653
52 1720   0.010642 -0.00239627 721.688
52 1721   0.0104689 -0.00220059 743.215
52 1722   0.0111945 -0.00225779 699.179
52 1723   0.0109574 -0.00219038 710.285
52 1724   0.0109038 -0.00234488 707.551
52 1725   0.0111282 -0.00259816 692.675
52 1726   0.0112161 -0.00239708 693.902
52 1727   0.0110656 -0.00242751 698.629
52 1728   0.0113695 -0.0027758 680.741
52 1729   0.011267 -0.00265366 686.163
52 1730   0.0114409 -0.00256264 681.927
52 1731   0.0113281 -0.00252983 686.445
52 1732   0.0114678 -0.00265969 678.462
52 1733   0.0115348 -0.00277124 673.992
52 1734   0.0114575 -0.00274902 677.343
52 1735   0.0115362 -0.00264623 676.588
52 1736   0.011613 -0.00270621 672.484
52 1737   0.0115642 -0.00270635 673.979
52 1771   0.0116494 -0.00274063 670.32
52 1774   0.0116719 -0.00275904 668.987
52 1775   0.0116608 -0.00275687 669.344
16 217   -0.0449779 0.00332884 966.701
16 218   -0.0451567 -0.00285015 966.716
16 219   -0.0477766 -0.0217741 915.346
16 220   -0.0411382 -0.00636235 967.674
16 221   -0.0434937 -0.0296588 850.179
16 222   0.00211977 -0.0237359 895.286
16 223   -0.0497142 -0.0177496 937.679
16 224   -0.0384815 -0.00705919 968.503
16 225   -0.000261269 0.0235453 907.014
16 226   0.00484571 -0.0222969 896.825
16 227   0.00241067 0.0220882 880.27
16 228   -0.00129453 -0.0214096 949.997
16 229   0.00472012 0.0223595 826.187
16 230   -0.00208538 0.0213879 955.405
16 231   0.00645365 0.0191457 841.846
16 232   0.00507214 0.0178738 861.604
16 233   0.00553611 -0.0179696 955.8
16 234   -0.000685532 -0.0188573 956.501
16 235   0.00355696 -0.019219 944.719
16 236   0.0027627 0.019141 895.833
16 237   0.00682486 -0.0225528 885.706
16 238   -0.00126131 0.0188765 956.588
16 239   -0.00297759 0.0174562 968.25
16 240   -0.00248498 -0.0173222 954.607
16 241   0.00682486 -0.0192255 938.692
16 242   0.00505702 0.0161326 847.278
16 243   -0.00245514 0.0157615 968.686
16 244   0.00215427 -0.0180729 957.748
16 245   0.00516493 -0.0162295 968.648
16 246   0.00165838 0.01803 910.262
16 247   0.000145676 0.0179656 936.833
16 248   0.00065094 -0.017967 958.071
16 249   0.00581767 0.0148214 812.748
16 250   0.00583533 -0.0149548 964.274
16 251   -0.00203254 -0.0156255 949.668
16 252   0.00687915 0.0142424 815.252
16 253   -0.00314075 0.0145619 960.662
16 254   0.00323122 0.0156223 877.159
16 255   0.00335906 -0.0156991 969.3
16 256   0.00688165 -0.0145207 953.737
16 257   0.00214204 0.0162526 904.469
16 258   0.00232755 -0.0162931 967.813
16 259   -0.00260222 -0.0143832 928.613
16 260   0.0043468 0.0137516 777.206
16 261   -0.00678789 0.0126886 860.378
16 262   -0.000872181 0.015489 962.902
16 263   0.00439503 -0.0139244 946.491
16 264   1.23549e-05 0.0162728 945.916
16 265   0.00314186 0.014286 846.333
16 266   0.000214384 -0.0162496 965.091
16 267   -0.000669653 -0.0154432 963.315
16 268   0.00425897 -0.0128728 905.179
16 269   -0.0061967 0.0118051 836.373
16 270   0.00320751 -0.0144192 961.743
16 271   0.00108078 0.0155605 923.471
16 272   0.00120059 -0.0155757 968.943
16 273   0.00422589 0.012739 727.911
16 274   -0.00501431 0.0118909 850.813
16 275   0.00221735 -0.0137927 948.904
16 276   0.00215816 0.0136874 883.196
16 277   -0.002186 0.0135803 962.46
16 278   -0.00054523 0.014418 964.536
16 279   0.000982391 0.0146047 928.237
16 280   0.00103559 -0.01462 968.884
16 281   -0.000440024 -0.0143952 967.762
16 282   -0.00249104 0.0127988 949.306
16 283   0.00141481 -0.0139781 957.385
16 284   0.00137999 0.0139469 915.984
16 285   0.00320813 0.0123602 718.101
16 286   0.00207959 0.0128174 860.589
16 287   -0.0018154 -0.0135127 942.279
16 288   -0.00137557 0.0135101 967.32
16 289   -0.00087184 0.013776 969.433
16 290   -0.00311444 -0.0123568 823.164
16 291   0.000240922 0.014246 952.655
16 292   0.000279011 -0.0142459 969.117
16 293   -0.00200074 -0.0127822 925.789
16 294   -0.00244403 -0.0124656 896.875
16 295   0.00248616 0.0124774 777.346
16 296   -0.000801616 -0.0138196 967.134
16 297   0.000828413 0.0133421 940.931
16 298   -0.00123095 -0.0135679 961.355
16 299   -0.00186831 0.0124383 946.139
16 300   0.000306326 0.0135566 958.039
16 301   0.0013648 0.0125526 908.647
16 302   0.000779229 0.012836 950.095
16 303   -0.00155412 -0.0124925 948.942
16 304   -0.000401125 0.0132864 969.362
16 305   -0.000440001 -0.0133427 968.409
16 306   -9.11037e-06 0.0132389 967.822
16 307   -0.00104385 -0.013015 967.287
16 308   -0.00118168 -0.0126701 965.891
16 309   -0.000652325 -0.0129987 967.999
16 310   0.000970926 0.0126165 940.078
16 311   5.81498e-05 0.0128241 968.965
16 312   -0.000499068 -0.012701 949.472
16 313   0.00040512 -0.0126223 840.127
16 314   0.000400559 0.0126234 968.391
16 315   -0.000932127 -0.0124659 968.606
16 316   -0.000183794 0.0126362 944.175
16 317   0.000198792 0.0126562 968.773
16 318   -0.000641035 -0.0125131 947.281
16 476   -0.0242201 0.0325 952.808
16 477   -0.0263416 0.0225 964.997
16 478   -0.0297439 0.0245558 965.819
16 479   -0.0220946 0.0247221 961.125
16 480   -0.0209059 0.0297221 955.013
16 481   -0.0142779 0.0241664 964.612
16 483   -0.0195279 0.0222221 962.841
16 484   -0.0163671 0.0222221 964.686
16 494   0.00522631 -0.0119966 842.837
16 496   0.00688165 -0.0129847 888.367
16 497   0.00617222 -0.0121194 847.376
16 498   0.00631762 -0.011238 813.733
16 504   -0.0443146 -0.0225037 942.635
16 505   -0.0429623 -0.0254745 929.246
16 515   -0.0473103 0.0259426 856.46
16 516   -0.0511394 0.0239928 852.086
16 517   -0.0440351 0.0244672 927.156
16 527   -0.0161452 0.0322221 945.608
16 528   -0.0136642 0.0291664 947.876
16 529   -0.00730052 0.0334721 895.649
16 530   -0.00999102 0.0304164 930.404
16 531   -0.0062027 0.02669 941.974
16 532   -0.0087981 0.0271371 948.948
16 542   -0.00994794 -0.0304202 933.827
16 543   -0.00728739 -0.0334734 902.597
16 544   -0.00858081 -0.0271521 949.265
16 545   -0.00569767 -0.0267222 939.662
16 550   -0.0410055 0.0310455 878.544
16 551   -0.039194 0.0336818 883.506
16 552   -0.0387143 0.0282553 933.303
16 553   -0.0358773 -0.025378 966.984
16 554   -0.0345386 -0.0210257 943.949
16 555   -0.0328822 -0.023077 969.479
16 560   0.0034567 -0.0124017 918.842
16 563   0.00298023 -0.012479 909.741
16 564   0.00236437 -0.0128654 917.326
16 565   0.00190759 -0.0124769 899.517
16 575   -0.00413507 0.0220856 966.526
16 576   -0.00559341 0.0239664 967.576
16 585   -0.00351592 -0.0220975 964.337
16 586   -0.00494427 -0.0240073 963.249
16 589   -0.0473563 0.0130746 960.418
16 590   -0.0423563 0.0130746 968.471
16 591   -0.0386394 0.0173372 937.601
16 592   -0.0432965 0.0168169 968.214
16 593   -0.0410177 0.0154758 969.328
16 595   -0.00690881 0.0108435 785.26
16 596   -0.00651468 0.01105 810.547
16 637   -0.0501567 -0.00540455 965.306
16 640   -0.0485426 -0.0149518 955.431
16 641   -0.0489851 -0.00936271 963.577
16 642   -0.0513284 -0.0114531 959.193
16 643   -0.0435737 -0.0108717 967.205
16 644   -0.0464206 -0.0113177 964.267
16 645   -0.0459781 -0.014405 962.603
16 646   -0.0421347 -0.0126888 968.595
16 647   -0.0433674 -0.0151769 967.994
16 648   -0.0396992 -0.0118419 969.396
16 649   -0.0387177 -0.0133331 969.577
16 670   -0.0242273 -0.0325 953.461
16 671   -0.0296847 -0.0245513 965.924
16 672   -0.0263325 -0.0225 964.999
16 673   -0.0314671 -0.0335257 941.622
16 674   -0.0280818 -0.0310257 953.01
16 675   -0.0294682 -0.028077 958.333
16 676   -0.0355571 -0.027878 953.31
16 677   -0.0323455 -0.0291026 952.976
16 678   -0.0333615 -0.0320513 937.412
16 684   -0.00459624 0.0177857 947.511
16 685   -0.0060386 0.0167347 926.203
16 686   -0.00701287 0.0181042 869.85
16 732   -0.0505623 -0.0249868 825.583
16 744   -0.0112931 0.0229164 969.277
16 745   -0.00948651 0.0246371 968.046
16 883   -0.0370267 -0.0219463 857.314
16 884   -0.0378886 -0.0242473 964.915
16 885   -0.0402549 -0.0240374 966.903
16 899   0.00726352 -0.0104332 623.16
16 901   0.00702705 -0.0111756 786.986
16 902   0.00679057 -0.010681 768.203
16 903   -0.0411473 0.0249971 955.375
16 904   -0.0392007 0.0261879 954.868
16 921   -0.00690881 -0.0108941 827.704
16 933   -0.00816483 0.0218325 882.382
16 934   -0.00686713 0.0216089 814.472
16 935   -0.00818082 0.0235532 966.235
16 936   -0.00688312 0.0233296 957.183
16 939   0.00690881 0.0108363 832.841
16 940   -0.0072044 0.0106886 760.091
16 941   -0.00740147 0.0105853 671.863
16 947   -0.0400715 0.0190153 909.297
16 948   -0.0423502 0.0186897 969.086
16 949   -0.0429357 0.0207049 967.136
16 950   -0.0396836 0.0216259 884.861
16 951   -0.0414085 0.0226449 969.06
16 952   -0.00469561 0.0205085 927.305
16 953   -0.00613797 0.0206685 773.036
16 954   -0.00484934 0.0190752 927.644
16 955   -0.00629169 0.0192352 825.043
16 990   -0.0060386 0.0156646 929.54
16 991   -0.00701287 0.0148941 913.752
16 992   -0.00630075 0.0137335 899.211
16 993   -0.00415189 0.0144324 944.823
16 994   -0.00508494 0.0148914 935.866
16 995   -0.00534709 0.0138892 916.235
16 996   -0.00453936 0.0126218 895.183
16 997   -0.00406001 0.0135092 934.038
16 998   -0.00476808 0.0133513 914.559
16 999   -0.00311877 0.0126861 941.452
16 1000   -0.00371238 0.0130297 933.732
16 1001   -0.00395018 0.0125297 920.502
16 1003   -0.00311788 0.0122248 940.864
16 1004   -0.00359526 0.0121473 946.421
16 1015   -0.00390005 -0.0177274 957.139
16 1016   -0.00670715 -0.0182876 964.693
16 1017   -0.00590769 -0.0201284 893.83
16 1018   -0.004322 -0.0199505 967.142
16 1036   -0.0100115 -0.0209734 954.32
16 1037   -0.0112957 -0.0229202 969.104
16 1038   -0.00926898 -0.0246521 967.24
16 1039   -0.00734265 -0.0217319 877.384
16 1040   -0.0071853 -0.0234638 965.94
16 1051   -0.0472056 0.0298581 745.934
16 1052   -0.044275 0.0323637 766.684
16 1076   -0.0461665 -0.0323578 715.103
16 1079   -0.0510347 -0.032543 677.008
16 1080   -0.0490971 -0.0299008 710.056
16 1090   0.00463512 -0.0123063 849.022
16 1091   0.0048716 -0.0121824 840.819
16 1095   -0.0423594 -0.0198111 968.858
16 1096   -0.0420391 -0.0170554 969.29
16 1097   -0.038962 -0.0205858 781.918
16 1098   -0.0405001 -0.0214015 933.193
16 1099   -0.0386071 -0.0179985 917.684
16 1100   -0.0398249 -0.0160585 965.261
16 1104   0.00718957 0.0123791 819.936
16 1105   0.00656872 0.0129249 799.368
16 1106   0.00659838 0.0116357 799.528
16 1107   0.00509074 0.0123828 735.13
16 1108   0.0059627 0.0125627 774.307
16 1109   0.00599236 0.0118002 766.149
16 1111   0.005416 0.0114654 733.343
16 1112   0.0048248 0.0117752 714.303
16 1122   -0.0345815 0.0210279 943.994
16 1123   -0.0329671 0.0230838 969.446
16 1124   -0.0348567 0.0252935 967.703
16 1125   -0.0374444 0.0226423 899.057
16 1126   -0.0372226 0.0248521 969.197
16 1127   0.00228709 -0.0272395 809.559
16 1128   -0.00288944 -0.0320476 837.267
16 1129   -0.00266685 -0.0285645 884.653
16 1132   0.00387634 -0.0335742 684.415
16 1133   0.000252675 -0.0335742 730.957
16 1177   -0.0510347 0.0312417 684.787
16 1178   -0.0510347 0.0337472 671.505
16 1253   -0.0108907 0.0209721 966.958
16 1254   -0.00906813 0.0209721 908.849
16 1260   -0.0068893 -0.0149384 906.858
16 1261   -0.00402964 -0.0144431 903.502
16 1262   -0.00487504 -0.0160907 931.185
16 1263   -0.00609645 -0.0164729 939.897
16 1264   -0.00628835 -0.0136016 863.845
16 1265   -0.00689905 -0.0126673 847.805
16 1266   -0.00630786 -0.0118083 785.76
16 1267   -0.0046501 -0.0134886 846.274
16 1268   -0.00407842 -0.0125894 773.431
16 1269   -0.00482988 -0.0119984 710.694
16 1270   -0.00542107 -0.0116886 723.522
16 1298   0.00568817 -0.0321484 678.897
16 1299   0.00568817 -0.0292968 700.863
16 1323   -0.0405421 -0.0309515 885.381
16 1324   -0.0390398 -0.0336505 885.503
16 1325   -0.0373242 -0.0294772 930.946
16 1326   -0.0358219 -0.0321762 922.97
16 1337   0.00576646 0.0249805 754.136
16 1338   0.00568841 0.032661 675.453
16 1348   -0.0499779 0.00577444 965.182
16 1349   -0.0499779 0.0107711 961.149
16 1363   -0.0314861 0.0335279 940.948
16 1364   -0.0280963 0.0310279 952.559
16 1365   -0.029526 0.0280838 958.013
16 1366   -0.0347953 0.0322098 928.276
16 1367   -0.0333347 0.0277935 957.769
16 1368   -0.0352142 0.0294195 942.271
16 1369   -0.0208994 -0.0297234 955.626
16 1370   -0.0220948 -0.0247234 961.338
16 1371   -0.0161349 -0.0322234 947.368
16 1372   -0.0136232 -0.0291702 949.331
16 1373   -0.0142828 -0.0241702 964.435
16 1374   -0.0179899 -0.0222234 963.494
16 1408   -0.000630181 0.0269932 859.796
16 1409   -0.000613134 0.0334987 734.287
16 1410   -0.00386508 0.028468 895.63
16 1411   -0.00376998 0.0319708 843.001
16 1412   0.00301005 0.0311597 696.535
16 1413   0.0030881 0.0281571 728.014
16 1480   0.000660637 -0.012724 870.091
16 1481   0.000869913 -0.0125021 859.122
16 1482   0.00140083 -0.0127024 894.582
16 1483   0.00126757 -0.0124375 875.95
16 1484   0.00101293 -0.0133772 933.579
16 1485   0.000747623 -0.0129472 896.725
16 1486   0.00109016 -0.01299 905.545
16 1487   0.000383789 -0.013715 962.33
16 1488   0.000738487 -0.0134882 944.481
16 1489   0.000602304 -0.0131805 922.918
16 1490   -0.000133438 -0.0133577 962.469
16 1491   0.000155891 -0.0135313 960.534
16 1492   0.000339321 -0.0132831 940.625
16 1493   -6.06274e-05 -0.0130996 946.676
16 1494   0.00016061 -0.0131194 933.679
16 1495   8.92371e-05 -0.0126457 838.052
16 1496   0.000210218 -0.0128141 878.038
16 1497   -0.000274425 -0.0127028 927.844
16 1498   -0.000140022 -0.0128814 932.577
16 1499   -3.97658e-05 -0.0127328 898.847
16 1501   -0.000112148 -0.0125642 911.727
16 1502   -0.000236188 -0.0125441 908.421
16 1516   -0.0511394 0.0177511 931.747
16 1517   -0.0457965 0.0168169 958.848
16 1518   -0.0485177 0.0154758 952.771
16 1519   -0.0497788 0.0215425 905.404
16 1520   -0.0497788 0.0194619 922.135
16 1521   -0.0470575 0.0187224 944.361
16 1522   -0.0458233 0.0224829 926.45
16 1523   -0.0444627 0.0210729 953.368
16 1524   -0.0477378 0.021508 916.037
16 1525   -0.0463772 0.020098 940.963
16 1526   -0.0399779 0.0107974 968.933
16 1527   -0.0399779 0.00585351 967.862
16 1569   -0.000528208 0.0129699 965.703
16 1570   -0.000378137 0.0127345 953.169
16 1571   -0.00127154 0.0129157 958.739
16 1572   -0.0011796 0.0124293 940.65
16 1573   -0.00145924 0.0126255 949.521
16 1574   -0.000776479 0.012889 959.677
16 1575   -0.0010133 0.0128414 956.878
16 1576   -0.00103527 0.0125781 945.002
16 1578   -0.00051898 0.0125457 930.932
16 1579   -0.000712428 0.0126396 944.452
16 1580   -0.000809433 0.012494 935.528
end
