1219
16 246   -0.0449783 0.00326305 922.998
16 247   -0.0451577 -0.0029188 922.999
16 248   -0.0411402 -0.00644299 921.436
16 249   -0.0384825 -0.00713543 917.921
16 250   0.00390904 0.0183489 969.415
16 251   0.00669716 -0.0225131 919.946
16 252   -0.00268128 0.0172238 947.483
16 253   0.00669716 -0.0189607 952.91
16 254   -0.00273018 0.0154129 961.812
16 255   0.0035097 0.0148105 954.912
16 256   -0.00425359 0.0149603 965.352
16 257   -0.0041504 0.013758 969.493
16 258   -0.00488272 0.0134276 969.504
16 259   -0.00560349 0.0135788 969.236
16 260   -0.00723334 0.0121611 948.435
16 261   -0.00625452 0.0125785 960.709
16 262   -0.00684754 0.0128444 961.884
16 263   -0.00578078 0.0128407 966.575
16 264   -0.00678405 0.0110906 902.479
16 265   -0.00685208 0.0116594 930.225
16 266   -0.00475246 0.0127267 968.786
16 267   -0.00526602 0.0124447 967.893
16 268   -0.00625906 0.0119095 945.957
16 269   -0.00593971 0.0116033 944.241
16 270   -0.00626304 0.0109131 872.499
16 271   -0.00519068 0.0120059 968.865
16 272   0.00474495 -0.0118504 967.36
16 273   -0.00601172 0.0111758 914.168
16 274   -0.00561135 0.0116305 962.21
16 275   -0.00538162 0.0117601 968.373
16 276   0.00484491 -0.0115234 940.848
16 277   -0.0055053 0.0112963 964.967
16 278   -0.00577281 0.011036 918.764
16 279   -0.00478721 0.0115616 955.763
16 280   0.00535508 -0.0112662 966.356
16 281   -0.00559475 0.0111293 950.803
16 282   -0.00497722 0.0115142 953.077
16 283   -0.0051699 0.0115334 967.155
16 284   -0.00532487 0.0112598 966.533
16 285   -0.0052192 0.0113674 959.864
16 286   -0.00496171 0.0113821 922.172
16 287   -0.00509757 0.0113109 923.092
16 295   0.00536319 0.0203909 960.163
16 301   0.00238851 -0.019626 966.02
16 302   0.0016176 -0.0166012 969.597
16 303   0.00153892 -0.0152255 969.417
16 304   -0.000674047 -0.0157369 961.588
16 305   0.000714778 -0.0147997 968.626
16 306   -2.28782e-05 -0.0149702 967.043
16 307   0.000769461 -0.0138627 968.618
16 309   -0.0511395 0.0239921 925.775
16 317   -0.00879413 0.0271739 957.576
16 325   -0.00882726 -0.0274851 961.428
16 333   -0.032942 -0.0230774 904.541
16 336   -0.0242404 0.0325 956.244
16 337   -0.0263435 0.0225 940.632
16 338   -0.0297311 0.024558 934.39
16 339   -0.0221238 0.0247262 948.994
16 340   -0.0209303 0.0297262 955.301
16 341   -0.0143458 0.0241787 940.519
16 343   -0.0195839 0.0222262 947.318
16 344   -0.0164652 0.0222262 943.125
16 362   -0.047357 0.0130574 940.532
16 363   -0.042357 0.0130574 913.659
16 364   -0.0432973 0.0168086 911.768
16 365   -0.0410182 0.0154689 892.386
16 369   -0.00153363 0.0145583 964.774
16 370   -0.00203792 0.0137201 965.512
16 371   -0.00262503 0.0127643 967.79
16 372   -0.0034727 0.0133371 969.535
16 373   -0.00278985 0.0134076 968.107
16 374   -0.0030045 0.0123676 969.351
16 378   -0.0501577 -0.00542305 926.133
16 380   -0.0489866 -0.00938511 932.218
16 381   -0.0513289 -0.0114616 941.622
16 382   -0.0435768 -0.0109093 923.301
16 383   -0.0464232 -0.0113472 932.25
16 384   -0.0421374 -0.0127167 916.338
16 385   -0.0433703 -0.0151932 918.338
16 386   -0.0397008 -0.0118708 910.428
16 387   -0.0387183 -0.0133469 899.472
16 411   -0.0243248 -0.0325 956.715
16 412   -0.0297931 -0.0245516 934.451
16 413   -0.0265204 -0.0225 940.495
16 414   -0.0315099 -0.0335258 966.099
16 415   -0.028182 -0.0310258 957.202
16 416   -0.0295758 -0.0280774 950.849
16 417   -0.0324064 -0.0291032 956.549
16 418   -0.033401 -0.0320516 967.786
16 506   0.00523188 0.0152643 955.52
16 507   0.00604585 0.0167393 967.845
16 519   -0.00631762 -0.0114528 798.775
16 521   -0.00702705 -0.0114978 783.17
16 523   -0.0411476 0.0249989 945.351
16 524   -0.0392007 0.0261914 946.446
16 525   -0.00110621 0.0176889 957.789
16 526   0.0014875 0.0181994 968.833
16 527   0.00224346 0.0155022 962.649
16 528   0.00154409 0.0168068 966.536
16 529   0.000291962 0.0165573 964.467
16 530   0.00143649 0.0146993 961.443
16 531   -0.000267466 0.0145595 964.886
16 532   0.000452384 0.0152452 964.026
16 533   -0.000211219 0.01375 966.896
16 541   -0.0423509 0.0186873 886.765
16 542   -0.0429364 0.020703 907.385
16 545   -0.00220119 0.0124778 956.594
16 548   -0.0423643 -0.0198181 882.322
16 549   -0.0420414 -0.0170648 891.419
16 561   -0.0042142 0.018573 895.969
16 562   -0.0113568 0.0229287 912.469
16 563   -0.00947718 0.0246739 914.226
16 564   -0.0117999 -0.0230198 919.761
16 565   -0.00950523 -0.0249851 922.142
16 567   -0.0329457 0.023087 904.594
16 568   -0.0348557 0.0252984 914.545
16 610   0.000487692 -0.0191956 969.023
16 611   -0.00121762 -0.0199346 952.327
16 612   -0.000595368 -0.0171127 960.573
16 613   0.000503309 -0.0176365 968.237
16 614   -0.00387498 -0.0188497 874.941
16 615   -0.00163634 -0.0179146 944.564
16 616   -0.00224298 -0.0191774 927.021
16 617   -0.00263285 -0.0174036 926.567
16 618   -0.00390383 -0.0177702 890.303
16 619   -0.00181426 -0.015507 950.226
16 620   -0.00273209 -0.0163717 931.491
16 621   -0.0020626 -0.0145718 951.129
16 622   -0.00716532 0.0108511 906.519
16 624   -0.00699798 0.0104883 885.76
16 783   -0.0335178 -0.0210258 872.584
16 834   0.00550105 -0.0179073 960.203
16 835   0.00274852 -0.0171636 968.632
16 836   0.00353504 -0.0186292 964.182
16 837   0.00373915 -0.0163484 967.317
16 838   0.00532851 -0.0164913 963.609
16 841   0.00701231 -0.0151895 961.793
16 842   0.00603693 -0.0156019 963.217
16 843   0.00712267 -0.0138365 958.837
16 844   0.00588033 -0.0142777 962.612
16 845   0.00663499 -0.0145484 961.436
16 846   0.00682029 -0.0132131 955.318
16 847   0.00606432 -0.012666 956.262
16 848   0.00629177 -0.0132717 957.972
16 849   0.00583951 -0.0136244 961.748
16 850   0.00547686 -0.0131765 963.028
16 851   0.00562674 -0.0127062 961.647
16 852   0.00495726 -0.0120938 969.235
16 853   0.00503052 -0.0124447 967.137
16 854   0.00537716 -0.012423 964.642
16 855   0.00519968 -0.0119756 968.697
16 856   0.00540813 -0.0121686 965.246
16 859   0.00719761 -0.0125782 948.236
16 861   0.00700919 -0.0122169 941.764
16 862   0.00731158 -0.0118054 933.747
16 863   0.00625322 -0.0123196 949.969
16 864   0.00659511 -0.0118534 932.655
16 865   0.00666957 -0.0121937 941.822
16 866   0.0060648 -0.0120906 949.864
16 867   0.00629273 -0.011868 938.177
16 868   0.00675779 -0.0106177 867.611
16 869   0.00674918 -0.0114804 918.33
16 870   0.00712602 -0.0114092 920.879
16 871   0.00656362 -0.0112165 906.289
16 872   0.00656936 -0.0108821 880.827
16 873   0.00623534 -0.0113137 912.609
16 874   0.00576022 -0.0114706 948.139
16 875   0.00561398 -0.0119688 961.208
16 876   0.00583217 -0.0119541 954.186
16 877   0.00603707 -0.0115146 932.802
16 878   0.00606009 -0.0117315 941.119
16 879   0.00529644 -0.0117832 968.785
16 880   0.00559271 -0.0116172 961.393
16 881   0.00553741 -0.0117873 963.437
16 882   0.00533054 -0.0114164 968.358
16 883   0.00527198 -0.0116499 969.481
16 884   0.0054315 -0.0115764 967.602
16 885   0.00504286 -0.0114884 951.265
16 886   0.00516086 -0.0115639 967.352
16 887   0.00519178 -0.0114154 959.815
16 889   0.00510835 -0.0113218 923.696
16 890   0.0050392 -0.011358 917.577
16 928   -0.0408841 -0.0207788 819.564
16 945   -0.00726352 -0.0107489 722.983
16 946   -0.00738176 -0.0102703 492.574
16 947   -0.00714528 -0.0103942 675.612
16 948   0.0072044 0.010754 720.896
16 949   0.00705661 0.010432 697.233
16 950   -0.00815796 0.023594 867.196
16 951   -0.00812075 -0.023998 883.503
16 952   -0.00617132 -0.0192925 729.023
16 953   -0.00484264 -0.0194182 822.955
16 984   -0.00650905 0.022026 761.682
16 994   -0.00184973 0.0125349 935.17
16 1009   0.00383391 0.013663 938.79
16 1010   0.0048535 0.0131347 918.685
16 1011   0.00306384 0.0133425 938.499
16 1012   0.00223357 0.0124567 902.696
16 1013   0.00349809 0.0128249 932.116
16 1014   0.00269155 0.0125419 905.985
16 1015   0.00311306 0.0126647 926.584
16 1016   0.00325119 0.0123231 928.604
16 1018   0.00296145 0.012179 890.481
16 1019   0.00269793 0.0122217 873.81
16 1027   -0.00622546 -0.0123194 844.381
16 1028   -0.00497092 -0.0117343 868.521
16 1029   -0.00535172 -0.0123531 873.971
16 1030   -0.00463856 -0.0169217 884.766
16 1031   -0.00393975 -0.0151705 918.277
16 1032   -0.00377013 -0.0161546 913.428
16 1034   -0.00683566 -0.0183962 783.274
16 1035   -0.00638702 -0.0173025 845.176
16 1036   -0.00548975 -0.0167817 871.637
16 1037   -0.00705136 -0.0164063 860.1
16 1038   -0.00570545 -0.0160417 881.524
16 1039   -0.00660273 -0.0157292 874.736
16 1040   -0.00536466 -0.0154113 893.011
16 1041   -0.00468309 -0.0149838 906.577
16 1042   -0.00569683 -0.0145465 891.789
16 1043   -0.00521349 -0.0132363 897.498
16 1044   -0.00529781 -0.0139785 898.859
16 1045   -0.00473271 -0.0142596 909.217
16 1046   -0.00477662 -0.0132531 909.041
16 1047   -0.00452016 -0.0137816 914.447
16 1048   -0.0045321 -0.0128735 918.52
16 1049   -0.0046613 -0.0120481 905.478
16 1050   -0.00451503 -0.0124278 921.912
16 1052   -0.0044709 -0.0117387 901.307
16 1078   -0.035221 -0.0215387 828.21
16 1081   0.00380727 -0.0152263 967.83
16 1082   0.00512968 -0.0143865 964.894
16 1083   0.00490895 -0.0150697 965.425
16 1084   0.0035051 -0.0138982 968.64
16 1085   0.00319632 -0.0147265 969.036
16 1086   0.00227961 -0.0146048 969.623
16 1087   0.00215522 -0.0138153 969.391
16 1088   0.00232346 -0.012483 966.624
16 1089   0.00291932 -0.013498 969.466
16 1090   0.00118992 -0.0135105 967.275
16 1091   0.0017485 -0.0134874 967.893
16 1092   0.00115278 -0.0130947 962.341
16 1093   0.000912282 -0.0125151 928.321
16 1094   0.00202792 -0.0126941 960.162
16 1095   0.00187606 -0.013045 964.657
16 1096   0.001508 -0.0129078 956.319
16 1097   0.00173579 -0.0123814 928.407
16 1098   0.00120372 -0.0125493 916.598
16 1099   0.00153312 -0.0124959 922.588
16 1100   0.00145719 -0.0126713 940.958
16 1101   0.001362 -0.0123605 879.695
16 1102   0.0011973 -0.0123873 875.526
16 1127   -0.00156594 -0.0138966 960.236
16 1132   0.00385594 -0.0336087 696.599
16 1133   0.000211871 -0.0336087 807.505
16 1135   -0.0115331 -0.0210066 894.898
16 1137   -0.0334946 0.021029 873.004
16 1141   -0.0386395 0.0165032 853.018
16 1143   -0.0406416 0.0185158 837.915
16 1144   -0.0392093 0.0176714 824.599
16 1148   -0.00368715 0.0128199 968.961
16 1149   -0.00338376 0.0124938 968.127
16 1151   -0.0035356 0.0121139 961.789
16 1152   -0.00376317 0.012077 951.764
16 1162   -0.0358444 -0.0321767 969.252
16 1163   -0.043896 -0.0209974 939.663
16 1188   0.00459975 -0.0138122 966.215
16 1189   0.00407382 -0.0136175 967.367
16 1190   0.00479099 -0.0128068 966.533
16 1191   0.00498776 -0.0132555 965.276
16 1192   0.00386338 -0.0128242 966.577
16 1193   0.00407725 -0.0131253 967.014
16 1194   0.00440641 -0.0128714 966.814
16 1195   0.00399468 -0.012241 962.578
16 1196   0.00405251 -0.0125953 965.892
16 1197   0.00433258 -0.0125452 967.099
16 1198   0.00449127 -0.0119884 969.36
16 1199   0.00415926 -0.012114 965.908
16 1200   0.00439023 -0.0122676 968.075
16 1202   0.00416432 -0.011885 967.635
16 1203   0.0043563 -0.0117845 967.606
16 1204   -0.000387897 -0.0142195 967.569
16 1205   -0.000944958 -0.0139105 966.403
16 1206   0.000218124 -0.0135726 969.292
16 1207   -0.000201578 -0.0137589 969.149
16 1208   0.000245465 -0.0131041 969.623
16 1209   0.000759663 -0.0129785 965.016
16 1210   0.000696707 -0.0126963 961.413
16 1211   -0.0010039 -0.0125189 969.499
16 1212   -0.000633153 -0.0132885 969.537
16 1213   -0.00100771 -0.0133549 968.357
16 1214   -0.000722503 -0.0126828 968.753
16 1215   -0.000598922 -0.0129393 969.183
16 1216   -3.02036e-05 -0.0129591 968.062
16 1217   -0.000301845 -0.0129239 967.363
16 1218   0.000335445 -0.0126649 969.347
16 1219   8.90361e-06 -0.0126743 957.839
16 1220   0.000122733 -0.0128021 967.039
16 1222   0.000139265 -0.0125505 957.901
16 1223   0.000303967 -0.0125238 968.792
16 1230   -0.0511395 0.0177504 968.658
16 1231   -0.0457973 0.0168086 944.498
16 1232   -0.0485182 0.0154689 954.806
16 1233   -0.0210581 -0.0297566 955.812
16 1234   -0.0199663 -0.0222566 947.826
16 1235   -0.0223396 -0.0247566 949.289
16 1236   -0.0148176 -0.0242698 943.661
16 1237   -0.0170988 -0.0222566 945.15
16 1240   -0.00139687 0.0266174 952.676
16 1258   -0.0314901 0.033529 965.897
16 1259   -0.0281083 0.031029 956.788
16 1260   -0.0295349 0.028087 950.551
16 1262   -0.0109774 0.0209762 881.845
16 1269   -0.0511077 -0.0172529 968.209
16 1270   -0.0499366 -0.0144619 954.811
16 1271   -0.0459626 -0.0190132 957.408
16 1272   -0.0473731 -0.0139238 943.531
16 1273   -0.0457597 -0.0159624 941.102
16 1291   0.00567797 -0.0322173 686.61
16 1292   0.00567797 -0.0294347 731.728
16 1293   0.00359563 -0.0277561 854.141
16 1294   0.00227218 -0.0221693 954.356
16 1295   0.00461482 -0.0241351 911.749
16 1296   -0.00142852 -0.0214619 956.462
16 1297   -0.000983383 -0.024932 962.802
16 1298   0.000160459 -0.0232662 963.744
16 1381   -0.0499783 0.0057588 926.251
16 1382   -0.0499783 0.0107585 937.316
16 1414   -0.049225 0.0260079 906.599
16 1424   -0.0346707 -0.0252541 914.828
16 1425   -0.0343524 -0.0277541 950.228
16 1441   0.00445341 0.0224634 943.031
16 1442   0.00477065 0.0259992 891.808
16 1443   0.00659022 0.0246211 901.613
16 1444   2.28895e-05 0.024917 955.424
16 1445   0.00279247 0.0249177 924.728
16 1446   0.00247523 0.0227654 952.51
16 1447   0.000656722 0.0217097 968.493
16 1448   -0.000885835 0.0231723 968.725
16 1449   0.000213364 0.0198749 968.249
16 1450   -0.00112822 0.0196139 956.791
16 1451   -0.00224066 0.0209231 939.799
16 1452   -0.00405303 0.0229327 902.519
16 1453   -0.00244163 0.0226467 950.463
16 1622   -0.0417077 0.0219432 879.263
16 1623   -0.041027 0.0235473 894.052
16 1624   -0.0396777 0.023336 840.475
16 1625   -0.0404061 0.019922 794.062
16 1626   -0.0398302 0.0221302 780.463
16 1627   -0.0408867 0.0213336 828.189
16 1628   -0.0387798 0.0212169 608.455
16 1629   -0.0389738 0.0199109 661.536
16 1630   -0.00646513 -0.0226161 800.769
16 1631   -0.00650175 -0.0206074 549.588
16 1637   -0.0387793 -0.0216769 705.116
16 1638   -0.0384166 -0.0207552 495.828
16 1639   -0.0376363 -0.0218955 731.68
16 1640   -0.0372735 -0.0209738 592.552
16 1648   -0.0069983 0.0169631 912.323
16 1649   -0.00523411 0.0178327 892.048
16 1650   -0.006228 0.0157721 953.508
16 1651   -0.00522461 0.0160308 950.427
16 1652   -0.0071196 0.0188982 769.402
16 1653   -0.0066179 0.0179721 856.592
16 1654   -0.0058571 0.0185829 832.45
16 1655   -0.00602863 0.0202452 713.947
16 1656   -0.00678944 0.020338 475.416
16 1657   -0.00597839 0.0194625 776.729
16 1658   -0.0067392 0.0195554 685.345
16 1659   0.0073522 0.0101773 377.024
16 1660   0.0073522 0.010377 592.36
16 1662   0.00731445 -0.0110125 917.609
16 1663   0.00712889 -0.0106521 907.179
16 1664   -0.00667233 -0.0108503 755.354
16 1665   -0.00690881 -0.0107264 740.331
16 1689   0.00371555 0.0120882 964.469
16 1690   0.00345202 0.012131 954.001
16 1733   0.00731445 -0.0104404 923.072
16 1738   0.00740722 -0.010163 960.183
16 1739   0.00722167 -0.0102602 922.4
16 1740   0.000208287 0.0135053 967.987
16 1741   0.00139967 0.013726 958.559
16 1742   0.000741283 0.0134663 965.056
16 1743   0.00182597 0.0127945 935.671
16 1744   0.00207675 0.013392 946.89
16 1745   0.00117353 0.0125812 951.391
16 1746   0.000693885 0.0130665 966.55
16 1747   0.000837968 0.0127715 964.051
16 1749   0.000323243 0.0125834 968.731
16 1750   0.000586766 0.0125406 968.267
16 1751   -0.0404351 -0.0163466 873.814
16 1752   -0.0393274 -0.0150131 885.295
16 1753   -0.0381091 -0.0161155 859.492
16 1754   -0.0380539 -0.0185834 759.346
16 1755   -0.038663 -0.0171989 829.454
16 1756   -0.0397707 -0.017699 834.538
16 1757   -0.0398968 -0.0193779 782.027
16 1758   -0.0387891 -0.019711 653.865
16 1775   -0.00733266 0.0104255 922.8
16 1779   -0.00741633 0.0101565 958.677
16 1780   -0.00724899 0.0102441 921.861
16 1781   -0.00848859 0.0223369 823.63
16 1782   -0.00942842 0.0214643 834.066
16 1783   -0.00876905 0.0204881 773.294
16 1784   -0.00749906 0.0217452 739.067
16 1785   -0.00749953 0.0208726 570.876
16 1802   -0.0491203 0.0311769 735.892
16 1803   -0.0505855 0.0286714 798.621
16 1815   -0.0517674 0.0337472 672.766
16 1816   -0.0503022 0.0337472 678.231
16 1850   -0.00342843 -0.0145196 930.521
16 1851   -0.00287166 -0.0143853 939.913
16 1852   -0.00296975 -0.0135298 940.743
16 1853   -0.00418751 -0.0130423 926.673
16 1854   -0.0034384 -0.0133044 935.84
16 1855   -0.00374287 -0.0137595 928.74
16 1856   -0.00414948 -0.0135624 922.69
16 1857   -0.00392606 -0.012819 936.577
16 1858   -0.00358356 -0.0128839 938.244
16 1859   -0.00392148 -0.0125469 945.761
16 1860   -0.00325024 -0.0121125 945.167
16 1861   -0.00353912 -0.0122032 963.197
16 1862   -0.003411 -0.0126415 942.913
16 1863   -0.00362278 -0.0124648 951.772
16 1865   -0.00382997 -0.0120161 965.936
16 1866   -0.00366527 -0.0120428 969.338
16 1873   -0.0374721 0.0213221 637.631
16 1874   -0.0352228 0.0215435 828.234
16 1877   -0.000487216 -0.0125392 964.531
16 1878   -0.000157812 -0.0125926 950.779
16 1879   -0.000315624 -0.0126852 962.786
16 1880   -0.00405573 0.0125807 967.255
16 1881   -0.00441344 0.012499 968.302
16 1882   -0.00397993 0.0122177 960.617
16 1883   -0.00420111 0.0120481 963.063
16 1884   -0.00448293 0.0121663 968.476
16 1885   -0.00465242 0.0117388 968.376
16 1886   -0.00474661 0.0119553 969.539
16 1887   -0.00437959 0.0117415 969.388
16 1888   -0.00419196 0.0118398 963.526
16 1897   -0.0042678 -0.0122854 939.522
16 1898   -0.00406394 -0.0123636 949.599
16 1899   -0.00397373 -0.0121078 965.685
16 1900   -0.00410408 -0.0119852 955.158
16 1901   -0.00426742 -0.0120511 939.842
16 1902   -0.00432425 -0.0118841 924.723
16 1905   -0.00410179 -0.0118491 946.723
16 1906   -0.00422003 -0.0117872 922.912
16 1907   0.00460985 0.0125652 912.171
16 1908   0.00397206 0.0122021 946.329
16 1909   0.00402451 0.0125759 934
16 1910   0.00616982 0.0110964 777.972
16 1911   0.00650182 0.0121702 835.678
16 1912   0.0072044 0.0117526 796.164
16 1913   0.00690881 0.0111086 761.908
16 1914   0.00646541 0.0109415 761.722
16 1915   0.00547366 0.0112862 806.903
16 1916   0.00596632 0.0114275 801.766
16 1917   0.00585493 0.0119348 835.287
16 1918   0.00489584 0.0122385 888.256
16 1919   0.00530658 0.0120471 859.865
16 1920   0.00522091 0.0116431 837.124
16 1921   0.00488247 0.0115959 845.968
16 1922   0.00423851 0.0120098 914.043
16 1923   0.00464925 0.0118184 870.3
16 1924   0.00457694 0.012057 892.249
16 1927   0.00440935 0.0117197 870.448
16 1928   0.00421229 0.0118229 894.661
16 1941   0.00302534 -0.0122049 967.345
16 1942   0.00305457 -0.0129518 969.176
16 1943   0.00271356 -0.0126155 969.586
16 1944   0.00353685 -0.0127093 966.761
16 1945   0.0037694 -0.012182 956.908
16 1946   0.00333019 -0.0122533 964.333
16 1947   0.00350069 -0.0124214 964.807
16 1950   0.00348909 -0.0120317 958.264
16 1951   0.00370869 -0.0119961 947.197
16 1961   -0.000105609 0.013125 969.537
16 1962   0.000116465 0.012729 967.25
16 1963   0.000235905 0.0129813 969.515
16 1966   -0.000370405 0.0125763 967.526
16 1967   -0.000173479 0.0126083 956.003
16 1968   -0.049831 -0.028673 812.135
16 1969   -0.0503024 -0.0337715 678.18
16 1972   -0.0517675 -0.030086 721.352
16 1973   -0.0517675 -0.032543 681.292
16 1997   -0.0399503 -0.0296034 963.39
16 1998   -0.0445731 -0.0336509 835.879
16 1999   -0.0462993 -0.0297808 868.961
16 2000   -0.0467707 -0.0324224 768.723
16 2001   -0.0439971 -0.0283394 936.54
16 2002   -0.0418004 -0.0282826 961.081
16 2003   -0.0436458 -0.0239938 964.265
16 2004   -0.0451682 -0.0255345 957.027
16 2005   -0.0422103 -0.0247074 955.417
16 2006   -0.041536 -0.0261915 966.7
16 2007   -0.0407283 -0.0219817 827.941
16 2008   -0.0395499 -0.0220857 772.096
16 2009   -0.041197 -0.0232471 888.717
16 2038   -0.0360939 0.0322881 969.007
16 2039   -0.0335003 0.0321347 967.95
16 2040   -0.0365121 0.0294995 967.319
16 2041   -0.0346318 0.0278751 951.705
16 2042   -0.0325255 0.0291927 956.945
16 2071   -0.0381066 0.0253361 908.534
16 2072   -0.0387043 0.0239322 854.406
16 2073   -0.0365476 0.0247499 890.94
16 2074   -0.0363658 0.023053 834.415
16 2075   -0.037549 0.0228316 791.859
16 2076   -0.00853226 -0.022536 832.347
16 2077   -0.00895945 -0.0205033 781.367
16 2078   -0.00964995 -0.0215099 843.469
16 2079   -0.00750785 -0.0220739 765.891
16 2080   -0.00751134 -0.0210478 610.256
16 2081   -0.00410418 0.019988 864.567
16 2082   -0.00339897 0.0207068 895.723
16 2083   -0.00426026 0.0216614 857.476
16 2084   -0.00529563 0.0205582 773.118
16 2085   -0.00539611 0.0214199 782.7
16 2086   -0.0385994 -0.0260901 938.971
16 2087   -0.0401856 -0.0254731 939.887
16 2088   -0.0394294 -0.0234032 838.938
16 2089   -0.0402707 -0.0240411 891.295
16 2090   -0.0362923 -0.0247517 892.639
16 2091   -0.0384677 -0.0240827 859.845
16 2092   -0.0377228 -0.0253376 907.229
16 2093   -0.0362667 -0.0230879 836.507
16 2094   -0.0374451 -0.0229839 803.62
16 2098   -0.0365644 -0.0205129 719.625
16 2099   -0.0355089 -0.0205129 799.282
16 2133   0.00477458 0.0336165 686.135
16 2134   0.00477196 0.0280772 817.077
16 2137   0.00659153 0.029466 723.165
16 2138   0.00659153 0.032233 680.95
16 2146   -0.00693489 -0.0131977 859.661
16 2147   -0.00648626 -0.0141873 879.91
16 2148   -0.00705136 -0.0147396 877.549
16 2162   -0.00867852 -0.0335066 964.459
16 2163   -0.00609328 -0.0335066 945.824
16 2170   -0.0365633 0.0205145 727.073
16 2171   -0.0354973 0.0205145 798.805
16 2174   -0.0399783 0.0107605 913.658
16 2175   -0.0399783 0.00576494 920.461
16 2182   -0.00862168 0.0334762 965
16 2217   -0.0380698 0.0182516 783.6
16 2218   -0.0380698 0.0190849 726.745
16 2236   -0.00250959 -0.0240669 964.946
16 2237   -0.00269443 -0.0222753 935.077
16 2305   -0.0008804 0.0134796 965.17
16 2306   -0.00144094 0.0134509 962.934
16 2307   -0.00133516 0.0125873 915.931
16 2308   -0.00165187 0.0128709 950.175
16 2309   -0.000893947 0.0130837 963.745
16 2310   -0.00113777 0.0127713 947.711
16 2311   -0.000538663 0.0129738 968.583
16 2312   -0.000585555 0.0126934 968.704
16 2315   -0.000805928 0.0125212 955.323
16 2316   -0.00100285 0.0124892 925.353
16 2340   -0.03784 0.0336824 960.612
16 2344   -0.00472187 -0.0319653 937.121
16 2345   -0.00153137 -0.0320674 892.246
16 2346   3.03567e-05 -0.0289975 903.204
16 2347   -0.00163409 -0.0273062 946.769
16 2356   0.00668603 0.0144225 935.127
16 2358   0.00679742 0.0129149 874.24
16 2359   0.00598344 0.0134404 909.351
16 2415   -0.00377581 0.0266884 968.267
16 2416   -0.00667388 0.02752 966.214
16 2417   -0.00507277 0.0286267 965.492
16 2432   -0.0497791 0.0215411 960.728
16 2433   -0.0497791 0.0194606 968.45
16 2434   -0.0470581 0.0187197 963.242
16 2435   -0.00669577 -0.0281839 968.684
16 2436   -0.00532731 -0.0296773 959.865
16 2437   -0.00380126 -0.0280881 960.799
16 2438   -0.00589336 -0.0266187 964.203
16 2439   -0.0044461 -0.0265708 969.254
16 2440   -0.00380514 -0.0249238 960.094
16 2441   -0.00462119 -0.0240519 920.489
16 2491   -0.037695 -0.0336509 961.373
16 2494   -0.0398 -0.0323017 948.443
16 2495   -0.0417548 -0.0336509 914.08
16 2496   -0.00704839 -0.0244968 896.346
16 2497   -0.00641718 -0.023577 858.878
16 2498   -0.00626198 -0.0254121 937.296
16 2499   -0.00563078 -0.0244923 913.713
16 2505   -0.0174915 -0.0308849 960.285
16 2506   -0.0150126 -0.0336283 966.843
16 2507   -0.0150579 -0.0278981 957.116
16 2508   -0.0113623 -0.0291481 965.665
16 2509   -0.0112106 -0.0321349 969.335
16 2513   -0.0428013 0.025108 967.277
16 2514   -0.0441618 0.0265188 956.943
16 2515   -0.0466303 0.0252377 945.767
16 2525   -0.0149566 0.0336131 966.472
16 2526   -0.017386 0.0308393 959.703
16 2527   -0.0149008 0.0277918 956.187
16 2528   -0.0112287 0.0290418 964.936
16 2529   -0.0111289 0.0320893 969.321
16 2546   0.00627076 -0.0108098 855.805
16 2547   0.00612803 -0.0110386 896.342
16 2548   0.0059048 -0.0109898 901.599
16 2549   -0.0444634 0.0210703 950.533
16 2550   -0.0477383 0.0215056 967.466
16 2551   -0.0463779 0.0200949 965.317
16 2552   -0.0445896 0.0231216 967.134
16 2553   -0.0465041 0.0231864 965.583
16 2581   -0.0472348 -0.0244267 948.646
16 2582   -0.0515318 -0.0238513 925.133
16 2583   -0.0495953 -0.0261237 901.266
16 2584   -0.0477789 -0.0209018 967.132
16 2585   -0.0501395 -0.0201418 965.889
16 2594   0.00551194 -0.0112552 963.015
16 2595   0.00576351 -0.011135 927.606
16 2596   0.00570702 -0.011307 946.3
16 2598   0.00562428 -0.011054 937.964
16 2599   0.00551257 -0.0111125 957.894
16 2710   -0.0071142 0.0135465 968.049
16 2712   -0.00634389 0.0140187 969.583
16 2713   -0.00672969 0.014811 967.529
16 2767   -0.00269661 -0.0131819 943.438
16 2768   -0.00210186 -0.0133622 953.621
16 2769   -0.002828 -0.0127408 937.85
16 2770   -0.00311885 -0.0125536 937.842
16 2771   -0.00304174 -0.0122863 927.734
16 2772   -0.0016627 -0.012412 957.217
16 2773   -0.00185353 -0.0130246 957.059
16 2774   -0.00134898 -0.0126447 967.04
16 2775   -0.00138035 -0.0130033 966.031
16 2776   -0.00222085 -0.0122795 922.872
16 2777   -0.00212149 -0.0127574 948.316
16 2778   -0.00196204 -0.0125034 946.738
16 2779   -0.00260416 -0.0126372 934.92
16 2780   -0.00239828 -0.0126706 939.126
16 2781   -0.00240352 -0.0123898 923.856
16 2783   -0.00283849 -0.0121793 900.025
16 2786   -0.00269175 -0.0123431 916.619
16 2787   -0.00257085 -0.0122227 901.136
16 2793   -0.0433769 0.0284769 942.369
16 2794   -0.0419047 0.0336824 912.028
16 2795   -0.0401005 0.0323648 944.768
16 2796   -0.0447248 0.0336824 830.805
16 2797   -0.0457407 0.0311121 851.907
16 2798   -0.0382617 0.0289174 968.423
16 2799   -0.0391673 0.0275998 966.229
16 2800   -0.040104 0.0303884 957.872
16 2801   -0.0410096 0.0290709 960.703
16 2821   -0.000558294 0.033926 844.457
16 2822   0.00216713 0.0325425 749.491
16 2823   0.00216451 0.0297701 839.391
16 2824   -0.000324954 0.0290055 911.232
16 2825   -0.00439019 0.0302541 948.402
16 2826   -0.00202131 0.0307039 914.504
16 2827   -0.00225727 0.0328519 902.297
16 2828   -0.00457624 0.033926 927.831
16 2829   -0.00591866 0.0324022 950.084
16 2839   -0.0363475 -0.0300904 969.182
16 2840   -0.0358501 -0.0286162 961.682
16 2841   -0.0383483 -0.0288663 969.356
16 2842   -0.037851 -0.0273921 958.414
16 2888   -0.00485825 0.0239483 911.247
16 2889   -0.00471707 0.0254779 957.867
16 2890   -0.00603676 0.0256852 947.194
16 2891   -0.00617842 0.023283 846.068
16 2892   -0.00683779 0.0242593 888.868
16 2904   -0.00449391 -0.0207744 822.209
16 2905   -0.00376679 -0.0217765 879.765
16 2906   -0.004398 -0.0226962 874.922
16 2907   -0.00548867 -0.021193 751.287
16 2908   -0.00545554 -0.0221757 803.139
52 152   -0.00372296 -0.000164372 962.033
52 153   0.00258146 0.000877156 964.854
52 154   0.00129364 -0.00127461 966.225
52 155   -0.00168792 -0.00167899 966.708
52 156   0.00141949 0.00343692 968.271
52 157   0.00509868 0.00137734 959.189
52 158   -0.00218505 -0.00416944 968.617
52 159   -0.00594405 -0.00140741 955.758
52 160   -0.00401526 -0.00523846 968.612
52 161   0.0065587 0.00048478 947.194
52 162   0.00313827 0.00509431 968.953
52 163   -0.0039545 -0.00713866 969.46
52 164   -0.00566167 -0.00476112 966.195
52 165   -0.00622833 -0.00343428 962.381
52 166   0.00550219 0.00356331 963.537
52 167   0.00273569 -0.0080766 942.923
52 168   0.00812749 0.00204523 942.827
52 169   0.00470375 0.00472052 967.237
52 170   -0.00536716 -0.00781949 968.697
52 171   -0.00684651 -0.0059056 963.718
52 172   0.00914489 0.0015218 916.823
52 173   0.00681433 0.00546836 964.243
52 174   -0.00155145 0.0100078 952.807
52 175   0.00344358 -0.00919293 912.954
52 176   -0.00645251 -0.00739661 968.61
52 177   -0.00691898 -0.00678525 963.259
52 178   0.00764335 0.00598167 956.442
52 179   0.00752556 0.00734272 954.826
52 180   -0.00812184 -0.00500601 967.546
52 181   -0.00776307 -0.005619 959.835
52 182   0.00786745 0.00672523 943.149
52 183   0.00333542 -0.00998581 930.33
52 184   0.00421718 -0.00907439 871.657
52 185   0.00809528 0.00788233 938.688
52 186   -0.00782029 -0.0071006 943.985
52 187   -0.00881451 -0.00534562 962.837
52 188   -0.00832703 -0.00613773 942.376
52 189   0.00797966 0.00835034 959.34
52 190   -0.00849205 -0.00792942 913.082
52 191   -0.00828669 -0.00692512 922.06
52 192   0.00857637 0.00682799 909.193
52 193   0.00398658 -0.0102569 908.708
52 194   0.00446849 -0.00970745 851.89
52 195   -0.00843846 -0.00657172 923.564
52 196   -0.00878698 -0.00593053 941.419
52 197   0.00434604 -0.0100971 861.159
52 198   -0.00911205 -0.00624004 918.373
52 199   -0.00412933 0.0107085 934.823
52 200   0.00883444 0.0074437 859.224
52 201   0.00881368 0.00715629 876.966
52 202   -0.00872344 -0.00755467 884.966
52 203   -0.00866383 -0.00723377 895.417
52 204   -0.00888916 -0.00669638 899.946
52 205   -0.00436478 0.0108953 925.009
52 206   -0.0091028 -0.00657189 899.305
52 207   0.00459661 -0.0103664 827.511
52 208   -0.00892839 -0.00713151 861.597
52 209   -0.00901098 -0.00761321 803.617
52 210   -0.00464487 0.010533 810.478
52 211   -0.00455893 0.0107607 834.261
52 212   -0.00900195 -0.00694752 869.451
52 213   0.0091595 0.00749999 745.98
52 214   -0.00932315 -0.0067603 870.16
52 215   0.00912609 0.00707245 811.049
52 216   -0.00912215 -0.00743234 760.812
52 217   -0.00481974 0.0105842 757.053
52 218   -0.0049436 0.0105233 735.142
52 219   -0.00909916 -0.00727154 787.286
52 220   -0.00468749 0.0109062 785.839
52 221   -0.00921028 -0.00699563 816.322
52 222   -0.00931784 -0.00693291 824.468
52 223   0.00925488 0.00718332 746.563
52 224   0.0092591 0.0073634 717.33
52 225   -0.00926286 -0.00746013 712.497
52 226   0.00469834 -0.0108734 773.367
52 227   -0.00480928 0.0108435 662.991
52 228   -0.00922846 -0.00721479 751.567
52 229   -0.00485559 0.0107491 671.748
52 230   0.00927687 0.00727119 722.093
52 231   -0.00926602 -0.00712287 767.601
52 232   -0.00943466 -0.00703248 790.67
52 233   -0.00502859 0.0106542 621.286
52 234   0.00477606 -0.0109311 695.853
52 235   0.00494641 -0.0107772 508.926
52 236   -0.00936766 -0.00714898 741.846
52 237   -0.00942874 -0.00712131 753.779
52 238   0.00936876 0.00739171 693.423
52 239   -0.00487832 0.0109072 441.977
52 240   0.00939393 0.00726741 699.373
52 241   -0.00940797 -0.00736706 688.41
52 242   0.00941477 0.00732354 689.041
52 243   -0.00948921 -0.00716996 742.079
52 244   0.00946559 0.0073196 681.127
52 245   -0.00501625 0.0108986 2.70878
52 326   -0.00196912 0.0113669 935.095
52 327   -0.00391489 0.00211778 961.958
52 328   -0.00448893 0.00542288 968.868
52 329   -0.00617058 0.00686513 969.364
52 462   -0.00493302 0.0108767 306.237
52 463   -0.00495623 0.0109005 119.915
52 464   0.00500972 -0.0108753 31.5276
52 470   0.00873527 0.00766713 884.42
52 471   0.00857531 0.00781657 906.048
52 498   0.00954354 0.00726989 910.811
52 501   0.00953531 0.00727758 765.743
52 504   0.00949125 0.00729562 681.124
52 536   -0.00544951 -0.00880234 956.894
52 537   -0.00637524 -0.00959569 855.05
52 538   -0.0063112 -0.00901251 925.645
52 539   -0.00702344 -0.00941406 828.133
52 540   -0.00674935 -0.00966963 790.142
52 551   -0.00285435 -0.0079581 968.363
52 552   -0.00170156 -0.00810545 967.948
52 553   -0.00321119 -0.00921926 965.176
52 554   -0.00139775 -0.009506 965.371
52 555   -0.000534537 -0.0100457 965.793
52 556   -0.00227385 -0.00979461 963.77
52 557   -0.00218803 -0.0104976 960.135
52 558   -0.00140797 -0.0110904 966.776
52 559   -0.0016234 -0.0115184 965.354
52 560   -0.00279349 -0.0106292 953.088
52 569   0.000469349 -0.011677 962.925
52 571   0.00290348 -0.0103132 953.056
52 572   0.00228337 -0.0103802 951.82
52 573   0.00252032 -0.0112951 961.701
52 574   0.00220649 -0.011053 952.561
52 576   0.00287728 -0.0111994 968.599
52 577   0.003549 -0.0110691 967.157
52 578   0.00318357 -0.0108904 968.232
52 579   0.00767267 0.00863717 969.013
52 583   0.000521604 -0.00531025 969.531
52 584   -0.000819969 -0.00526638 969.595
52 585   -0.000973631 -0.00722852 968.648
52 586   0.00163036 -0.00792358 958.763
52 587   0.000779105 -0.00680805 967.901
52 588   -4.32215e-05 -0.00773673 966.663
52 589   0.00115703 -0.00885312 958.203
52 590   2.9893e-05 -0.00961861 963.613
52 591   0.000154232 -0.0086882 963.902
52 592   0.0017537 -0.0101398 951.319
52 593   0.00131447 -0.00959215 955.01
52 594   0.000598501 -0.0098933 960.425
52 595   0.00125033 -0.0104618 953.195
52 596   0.000610558 -0.0108037 959.125
52 597   0.00074893 -0.0103793 958.717
52 598   0.00129095 -0.0108109 949.206
52 599   0.000932963 -0.0109615 950.757
52 600   0.00102498 -0.0112526 937.839
52 601   0.00187721 -0.0112547 937.523
52 602   0.00183877 -0.0115911 911.854
52 603   0.00156053 -0.0110408 942.216
52 604   0.0015043 -0.0115313 900.398
52 605   0.00136375 -0.0112702 928.658
52 607   0.00122088 -0.0117703 827.738
52 608   0.00139701 -0.0117231 860.807
52 649   -0.00235401 0.0104733 951.999
52 650   -0.00224545 0.0110292 953.679
52 651   -0.00282498 0.0112262 967.764
52 652   -0.00287491 0.0104293 954.756
52 653   -0.00308178 0.0109004 968.083
52 654   -0.00386542 0.0108345 964.961
52 655   -0.00355876 0.0106603 961.317
52 656   -0.00341487 0.0109491 968.992
52 657   -0.00359751 0.0111567 964.804
52 658   -0.00384555 0.01109 966.76
52 665   0.00261092 -0.00304728 966.775
52 666   0.00166523 -0.00457055 969.381
52 667   0.0030582 -0.00693246 958.265
52 668   0.00384284 -0.00545235 969.506
52 669   0.00283688 -0.00555346 969.304
52 670   0.00422006 -0.00647212 965.604
52 671   0.00390827 -0.00719058 946.648
52 672   0.00485606 -0.00678323 960.24
52 673   0.00618001 -0.00723595 965.247
52 677   -0.00512442 0.00981793 797.555
52 678   -0.00486758 0.00958621 823.837
52 679   -0.00049785 0.00364585 968.828
52 680   -0.00341685 0.00468352 968.839
52 681   -0.00250937 0.00296385 967.004
52 682   -0.00217314 0.005451 969.37
52 683   -0.000637512 0.00528005 969.636
52 684   -0.00214068 0.00685559 964.289
52 685   -0.0016425 0.00910351 952.201
52 686   -0.00308124 0.007449 949.289
52 687   -0.00268799 0.00895749 935.354
52 688   -0.00306532 0.00829046 931.702
52 689   -0.00378938 0.009353 893.835
52 690   -0.00323932 0.00951209 921.958
52 691   -0.00354966 0.010258 936.965
52 692   -0.0031989 0.0100757 938.483
52 693   -0.00412484 0.0103157 895.853
52 694   -0.00405113 0.00969811 881.683
52 695   -0.00385183 0.0100395 905.721
52 696   -0.00433536 0.0102099 865.048
52 697   -0.00455711 0.0103396 833.298
52 698   -0.00457078 0.00979535 841.105
52 699   -0.00434271 0.00985018 860.925
52 700   -0.00494164 0.00999966 800.476
52 701   -0.00468971 0.010188 818.478
52 702   -0.00469603 0.0100035 825.162
52 704   -0.00501591 0.0104123 750.999
52 705   -0.00505307 0.0101837 776.722
52 706   -0.00491833 0.0102524 784.139
52 723   0.00506537 -0.0103449 756.302
52 724   0.00493121 -0.0102016 788.383
52 725   0.00477753 -0.0103237 797.608
52 726   0.00484218 -0.0105916 752.385
52 727   0.00497229 -0.0104712 746.55
52 728   0.00485111 -0.0104629 772.894
52 729   0.00499984 -0.0105778 702.216
52 730   0.00496595 -0.0107129 594.995
52 731   0.00492383 -0.0106347 704.024
52 733   0.00503273 -0.010693 567.499
52 734   0.00505119 -0.0106189 650.911
52 739   0.00501541 -0.0108525 105.591
52 740   0.00499978 -0.0108111 343.35
52 741   0.00498316 -0.0108442 249.916
52 747   0.00515929 -0.00938668 811.463
52 748   0.00507075 -0.00998265 792.579
52 749   0.0049127 -0.00969426 817.836
52 798   0.00399452 -0.0106296 937.891
52 799   0.00406391 -0.0110446 968.549
52 800   0.00380427 -0.0108872 967.827
52 801   0.00424714 -0.0106855 913.232
52 802   0.00426116 -0.0108884 940.62
52 803   0.00455959 -0.0108434 841.415
52 804   0.00447972 -0.0109434 894.168
52 805   0.0045297 -0.0105322 837.268
52 806   0.00440989 -0.0106128 869.862
52 807   0.00450378 -0.0107158 851.054
52 808   0.00476512 -0.0106285 768.932
52 809   0.00464007 -0.0105941 808.79
52 810   0.00460713 -0.0106762 816.188
52 811   0.00476635 -0.0107044 756.483
52 812   0.00472365 -0.0107909 763.551
52 813   0.00468824 -0.0107214 786.207
52 814   0.00487576 -0.0107828 618.019
52 815   0.00481488 -0.0107511 714.518
52 816   0.00478864 -0.0107966 715.913
52 817   0.00484065 -0.0108818 589.47
52 818   0.00487111 -0.0108267 581.248
52 819   0.00482793 -0.0108298 655.079
52 820   0.0048925 -0.0108626 469.715
52 821   0.00487516 -0.0108949 473.956
52 823   0.00489487 -0.0109216 375.153
52 908   -0.00944109 -0.00731869 687.726
52 909   -0.0094736 -0.00732336 682.023
52 910   -0.00935945 -0.0073562 697.585
52 911   -0.00930167 -0.00736784 707.154
52 912   -0.00929026 -0.0072833 719.337
52 913   -0.00937374 -0.00721234 719.543
52 914   -0.00936217 -0.00728858 704.06
52 915   -0.0093339 -0.00725474 714.866
52 916   -0.00939653 -0.00726447 703.475
52 917   -0.00940749 -0.00722789 711.417
52 918   -0.00942692 -0.00728372 695.988
52 919   -0.00947689 -0.00720671 722.258
52 920   -0.00944211 -0.00722004 712.196
52 921   -0.00944467 -0.00726811 697.969
52 922   -0.0094489 -0.00724101 705.527
52 923   -0.0094771 -0.00730138 686.027
52 924   -0.00946233 -0.00728109 693.155
52 927   -0.00953087 -0.00725653 729.099
52 929   0.0053551 0.00578584 968.032
52 930   0.00614742 0.00590353 966.551
52 931   0.00684835 0.00732627 966.705
52 932   0.00591782 0.00720298 969.345
52 933   0.00628253 0.00673678 967.571
52 934   0.00617303 0.00833677 964.1
52 935   0.00621646 0.00776025 969.55
52 936   0.00675082 0.00782469 969.385
52 937   0.00656207 0.00858743 956.747
52 938   0.00695751 0.00830846 968.78
52 939   0.0072943 0.00904113 916.827
52 940   0.00731776 0.00863647 963.993
52 941   0.00699178 0.00908716 897.595
52 942   0.0066198 0.00896148 925.834
52 943   0.00676406 0.00963221 793.201
52 944   0.00699712 0.00941447 826.647
52 954   0.000207272 0.00654816 969.078
52 955   -0.00084216 0.00726385 965.903
52 956   -0.00054856 0.00833681 962.703
52 957   0.00063838 0.00865022 965.687
52 958   0.00260356 0.00921934 965.243
52 959   0.00389165 0.00929749 964.17
52 960   0.00327767 0.00949731 964.109
52 961   0.00321662 0.0101935 961.112
52 962   0.00089055 0.00957088 965.009
52 963   0.00134799 0.0112993 968.005
52 964   0.00186939 0.00981944 963.904
52 965   0.00209825 0.0104665 959.945
52 966   0.00182175 0.0110049 959.115
52 967   0.00283037 0.0110756 922.364
52 968   0.00277137 0.0105625 955.064
52 969   0.00318168 0.0112519 897.677
52 970   0.0034898 0.0111167 953.374
52 974   0.00450639 0.0102187 965.161
52 975   0.00413815 0.00987611 963.501
52 976   0.00370773 0.0102649 963.133
52 977   0.00376785 0.0107427 964.669
52 979   0.00410547 0.010864 969.118
52 980   0.00441359 0.0107289 969.139
52 985   -0.000678957 0.0102391 958.54
52 986   0.000294488 0.010119 965.104
52 987   3.56157e-05 0.01144 968.05
52 988   0.00037112 0.0114146 968.317
52 989   0.000661319 0.0109312 968.972
52 990   -0.000823214 0.0108799 954.537
52 991   -0.00030772 0.0112559 965.615
52 992   -0.000459809 0.0116873 962.984
52 1000   -0.00254555 -0.0110706 939.443
52 1001   -0.00226323 -0.011581 929.543
52 1002   -0.00215552 -0.011367 942.547
52 1003   -0.00279309 -0.0114074 871.016
52 1004   -0.00284828 -0.0111364 923.951
52 1005   -0.00303318 -0.0114631 838.843
52 1006   -0.00323822 -0.0113733 898.779
52 1021   -0.00615169 -0.00991419 884.121
52 1022   -0.00574161 -0.0100939 934.439
52 1053   0.00267745 0.00644202 969.642
52 1054   0.0013497 0.00691257 969.189
52 1055   0.00148721 0.00794168 967.997
52 1056   0.00247356 0.00826224 967.837
52 1057   0.00325598 0.00773736 968.885
52 1058   0.00359738 0.00694624 969.596
52 1059   0.00513716 0.00724775 969.588
52 1060   0.00470955 0.00666386 969.523
52 1061   0.0040993 0.00884611 965.09
52 1062   0.00390063 0.00814316 968.085
52 1063   0.00466964 0.00793593 968.482
52 1064   0.00570603 0.00856186 959.419
52 1065   0.00466849 0.00889619 962.339
52 1066   0.00506813 0.00838157 965.756
52 1067   0.00505242 0.0092727 954.406
52 1068   0.00559098 0.00910151 944.735
52 1069   0.00528323 0.0102799 956.89
52 1070   0.00491386 0.00997256 959.444
52 1071   0.00570301 0.00993603 929.018
52 1072   0.00587221 0.00945745 919.478
52 1073   0.00645109 0.00966749 842.469
52 1074   0.00631216 0.00932406 896.433
52 1076   0.00594185 0.0101508 921.589
52 1113   0.00220256 0.0114377 939.389
52 1153   -0.000821997 -0.0111348 969.396
52 1154   -0.000439141 -0.0107195 968.158
52 1155   0.000206532 -0.0109906 965.822
52 1156   0.000158517 -0.0114313 968.818
52 1158   -0.000535172 -0.0116009 966.809
52 1159   -0.000200332 -0.0116262 966.341
52 1178   -0.00703006 -0.00802255 968.802
52 1179   -0.00767599 -0.0077365 954.887
52 1180   -0.00798199 -0.00808707 950.199
52 1181   -0.00680639 -0.0086556 953.914
52 1182   -0.00714453 -0.00898321 920.353
52 1183   -0.00753715 -0.00882851 960.318
52 1184   -0.00781124 -0.00857294 968.075
52 1283   -0.00396298 0.00709799 949.332
52 1284   -0.00440858 0.00646957 966.29
52 1285   -0.00538135 0.00687 963.326
52 1306   -0.00510083 0.00928161 817.132
52 1309   -0.0056298 0.00749669 934.304
52 1310   -0.00541781 0.00770826 883.255
52 1323   0.00487269 -0.00462924 965.348
52 1324   0.00481242 -0.00320708 960.304
52 1342   -0.00610264 0.00286737 949.927
52 1343   -0.00863347 0.00332054 914.804
52 1344   -0.00813948 0.00441196 924.215
52 1361   -0.00493952 0.010759 546.951
52 1362   -0.00498866 0.0107249 551.013
52 1363   -0.00501942 0.0107805 372.305
52 1364   -0.00499176 0.0108059 351.682
52 1365   -0.00494442 0.0108408 376.877
52 1366   -0.00495141 0.0108048 446.916
52 1367   -0.00499595 0.0108378 225.754
52 1368   -0.00497358 0.0108461 264.641
52 1370   -0.00501263 0.0108564 85.7846
52 1420   -0.00722547 -0.000385896 941.393
52 1421   -0.00845266 -0.00120128 926.678
52 1422   -0.00719213 0.00160672 935.786
52 1423   -0.0083431 0.00198693 915.633
52 1494   -0.00497234 0.0108877 89.6978
52 1495   -0.00497829 0.0108692 144.618
52 1496   -0.00500526 0.0108833 14.8334
52 1497   -0.00499847 0.0108698 76.6883
52 1498   -0.00500705 0.0109011 3.55828
52 1500   -0.00498415 0.0109003 24.9006
52 1501   -0.00499689 0.0108954 10.3455
52 1532   0.00495352 -0.0108648 269.268
52 1533   0.00492088 -0.0108731 370.675
52 1534   0.00494124 -0.0109092 187.355
52 1535   0.004919 -0.0109013 316.966
52 1536   0.00498331 -0.0109051 21.3765
52 1537   0.00497229 -0.0108808 127.669
52 1538   0.0049619 -0.010897 121.434
52 1539   0.00500222 -0.0108822 28.2866
52 1540   0.00499026 -0.0108839 54.83
52 1541   0.00499449 -0.0108962 15.7021
52 1542   0.00501016 -0.0109028 3.3543
52 1545   0.0050057 -0.0108975 6.09838
52 1546   0.00500823 -0.0108917 8.53583
52 1547   -0.00950761 -0.00729978 683.361
52 1548   -0.00949185 -0.00729576 686.191
52 1549   -0.00952385 -0.00722621 732.171
52 1550   -0.00950107 -0.007221 722.653
52 1551   -0.00950799 -0.00725436 708.289
52 1552   -0.00952124 -0.00724776 721.013
52 1553   -0.00946868 -0.00724044 706.15
52 1554   -0.00948607 -0.00723377 711.388
52 1555   -0.0094956 -0.00724559 708.404
52 1556   -0.00946996 -0.00726447 698.028
52 1557   -0.00947207 -0.00725093 702.814
52 1558   -0.00948434 -0.0072536 702.856
52 1559   -0.00948592 -0.00728196 691.479
52 1560   -0.00947879 -0.00727097 695.697
52 1561   -0.00948567 -0.00726333 699.069
52 1562   -0.00950337 -0.00726853 699.248
52 1563   -0.0094933 -0.00727915 692.715
52 1564   -0.0094923 -0.00726949 696.992
52 1565   -0.00950942 -0.00728843 688.652
52 1566   -0.00950768 -0.00727479 696.771
52 1567   -0.00950105 -0.00728158 691.924
52 1568   -0.00952049 -0.00728747 690.004
52 1569   -0.00952906 -0.00726743 720.88
52 1570   -0.00953399 -0.00727956 707.954
52 1571   -0.00951862 -0.00727426 701.086
52 1572   -0.00952305 -0.00728009 698.107
52 1573   -0.00954226 -0.00727449 816.495
52 1575   -0.00953694 -0.00726702 744.483
52 1576   -0.00953744 -0.00727331 755.004
52 1585   0.00815588 0.005573 958.125
52 1586   0.00880001 0.00517754 966.42
52 1587   0.00831645 0.00500683 968.231
52 1588   0.0090692 0.00597793 931.362
52 1589   0.00851806 0.00586194 946.552
52 1590   0.00876083 0.00562548 953.023
52 1591   0.00874773 0.00650692 911.794
52 1592   0.00867175 0.00619908 928.575
52 1593   0.00898112 0.00622971 918.081
52 1594   0.00930544 0.00662443 884.18
52 1595   0.0090011 0.00661703 897.154
52 1596   0.00911309 0.00645806 903.606
52 1597   0.00916332 0.00692549 834.904
52 1598   0.00912096 0.00678305 872.25
52 1599   0.00927062 0.00677513 858.823
52 1600   0.0094302 0.00695905 800.118
52 1601   0.00928733 0.006953 806.799
52 1602   0.00933863 0.00688213 826.104
52 1603   0.00934848 0.00711042 746.897
52 1604   0.0093437 0.00702706 776.351
52 1605   0.00941409 0.00703276 772.228
52 1606   0.00948391 0.00713741 737.062
52 1607   0.00939889 0.00713723 732.971
52 1608   0.00943885 0.007095 749.39
52 1609   0.00942647 0.00722893 703.394
52 1610   0.00941822 0.00718377 716.141
52 1611   0.00946805 0.0071811 717.928
52 1612   0.0094655 0.00723961 699.335
52 1613   0.0094871 0.0072129 709.286
52 1614   0.00951961 0.0072638 708.878
52 1615   0.0094879 0.0072703 689.62
52 1616   0.00951028 0.00727458 687.83
52 1618   0.00951582 0.00722079 712.309
52 1619   0.00952181 0.00724484 706.673
52 1697   0.00245418 0.0114187 916.649
52 1698   0.00262194 0.011406 879.456
52 1701   0.00617294 0.0100494 894.118
52 1702   0.006327 0.00998186 855.933
52 1713   -0.00155609 0.0113454 916.925
52 1714   -0.00117412 0.0111831 937.1
52 1715   -0.00148712 0.0117169 864.746
52 1716   -0.00126507 0.0117766 825.605
52 1765   -0.00108571 0.0117297 848.366
52 1766   -0.000726969 0.0116359 929.609
52 1767   -0.000925786 0.0115076 918.489
52 1769   -0.000970765 0.0118642 820.614
52 1770   -0.000803013 0.0118516 891.548
52 1804   -0.00251436 -0.0115619 897.875
52 1805   -0.00268178 -0.0115492 855.129
52 1867   0.000914585 -0.0114775 925.367
52 1868   0.000729375 -0.0116189 932.342
52 1869   0.001058 -0.0117105 858.936
52 1871   0.000789077 -0.0118456 898.997
52 1872   0.000956497 -0.0118583 828.32
52 1974   0.00449238 -0.00857786 863.314
52 1975   0.00438837 -0.00786093 899.623
52 1976   0.0053082 -0.0085505 798.784
52 1977   0.00499027 -0.00890333 825.576
52 1978   0.00491113 -0.00732451 931.941
52 1979   0.00475523 -0.00768374 897.341
52 1980   0.00517717 -0.00804784 818.907
52 1981   0.00568952 -0.00747825 936.402
52 1982   0.00526656 -0.00750777 913.267
52 1983   0.00539958 -0.00786944 836.048
52 1986   0.00571654 -0.0079457 847.473
52 1987   0.00592853 -0.00773413 919.188
52 2043   -0.00488693 -0.00925597 955.61
52 2044   -0.00532002 -0.00987451 947.893
52 2045   -0.00400413 -0.00945485 963.705
52 2046   -0.00412391 -0.0100086 963.906
52 2047   -0.00464015 -0.0106802 968.824
52 2048   -0.00483369 -0.0101912 962.929
52 2049   -0.00332886 -0.0104697 960.11
52 2050   -0.00378052 -0.0103165 964.689
52 2051   -0.00408022 -0.0106787 968.114
52 2052   -0.00345112 -0.0107863 958.281
52 2053   -0.00380601 -0.0108776 966.521
52 2054   -0.00321848 -0.0110117 942.927
52 2055   -0.00336833 -0.0111928 938.726
52 2057   -0.00385334 -0.0111037 968.548
52 2058   -0.0036483 -0.0111935 962.106
52 2189   0.0080541 0.00309801 957.07
52 2190   0.00872009 0.00371989 965.16
52 2191   0.00814303 0.00445154 966.273
52 2192   0.00715345 0.00450441 964.929
52 2193   0.00688881 0.00372353 962.293
52 2226   -0.00889055 -0.00218163 935.134
52 2227   -0.00751497 -0.00361383 962.662
52 2228   -0.00802891 -0.00431772 967.403
52 2229   -0.00828217 -0.002975 956.111
52 2230   -0.00879611 -0.00367889 965.151
52 2239   -0.00920369 0.00103353 911.298
52 2240   -0.00927991 -0.000162059 912.186
52 2421   -0.00723303 0.00464666 935.972
52 2422   -0.00543823 0.0048776 964.092
52 2423   -0.00610016 0.00402799 953.711
52 2424   -0.00701979 0.00543854 942.277
52 2425   -0.00626484 0.00628649 966.306
52 2426   -0.00602938 0.00555234 963.138
52 2428   -0.00704327 0.00638426 956.496
52 2429   -0.00746725 0.00596112 936.048
52 2662   0.00601425 -0.00505359 959.665
52 2663   0.0079624 -0.00503454 922.219
52 2664   0.00737526 -0.00438493 936.079
52 2665   0.00631043 -0.006488 966.534
52 2666   0.00562041 -0.00618781 968.638
52 2668   0.00750341 -0.00579182 931.373
52 2669   0.00707942 -0.00621496 953.159
52 2764   0.00928249 0.000351345 909.905
52 2815   0.00669192 -0.000966555 941.759
52 2816   0.00614557 -0.00238555 947.596
52 2817   0.0083983 -0.000576556 919.594
52 2818   0.0089331 -0.00155374 908.926
52 2819   0.00756685 -0.00313906 929.847
52 2820   0.00864799 -0.00269725 909.931
52 2882   -0.00488727 0.00890687 831.437
52 2883   -0.00530257 0.00850299 801.357
52 2884   -0.0041642 0.00892119 875.134
52 2885   -0.00399146 0.00841325 894.309
52 2886   -0.00440292 0.00776553 906.06
52 2887   -0.00499097 0.00786959 853.236
end
