966
16 1   -0.0449783 0.0032215 898.083
16 2   -0.0451574 -0.00296604 898.064
16 3   -0.0411395 -0.00650937 896.901
16 4   -0.0435154 -0.0297248 934.534
16 5   -0.0384821 -0.00723482 893.399
16 6   0.00622721 0.0162698 960.433
16 7   0.00111215 -0.018133 966.003
16 8   0.00313456 -0.0194148 968.621
16 9   0.00675781 -0.0226525 931.844
16 10   0.00670983 -0.0143621 969.566
16 11   -0.0040303 0.0142166 957.302
16 12   -0.00615148 0.0151322 936.181
16 13   -0.00521691 0.0141459 955.273
16 14   -0.00705557 0.0142211 949.149
16 15   0.00606708 -0.0130764 969.255
16 16   0.00502957 -0.0130355 969.081
16 17   -0.00555863 0.012979 964.529
16 18   0.00644752 -0.0122636 969.231
16 19   -0.00678398 0.0130465 963.821
16 20   -0.00622161 0.0127907 965.082
16 21   0.00689276 -0.0119406 969.485
16 22   -0.00477637 0.0121369 967.351
16 23   -0.00522867 0.0123659 965.963
16 24   -0.00436838 0.0121364 967.493
16 25   0.00730249 -0.0119083 968.938
16 26   0.00529692 -0.0117266 948.745
16 27   -0.00629757 0.0120817 968.023
16 28   0.00580411 -0.0117987 962.581
16 29   -0.00597041 0.0117537 964.39
16 30   -0.00556449 0.0118496 959.402
16 31   -0.00494313 0.0115539 949.85
16 32   0.00649534 -0.0113589 968.717
16 33   0.00655535 -0.0109895 957.761
16 34   -0.00535905 0.0114912 939.186
16 35   0.00592602 -0.0113958 955.276
16 36   -0.00605906 0.0113456 963.125
16 37   -0.00634661 0.0111909 968.596
16 38   0.00522696 -0.0113274 906.805
16 39   0.00617202 -0.011279 967.279
16 40   0.00627146 -0.0107922 960.274
16 41   -0.00584148 0.0111285 930.468
16 42   -0.00626042 0.010905 967.703
16 43   0.00571819 -0.0111668 911.646
16 44   -0.00546302 0.0112225 902.363
16 45   0.00610035 -0.0109786 964.22
16 46   -0.00564478 0.0111273 892.225
16 47   0.00552632 -0.0111705 883.722
16 48   -0.0063639 0.0107465 949.85
16 49   -0.00604882 0.0108647 957.071
16 50   0.00581332 -0.0109805 886.488
16 51   -0.00591743 0.0109335 914.125
16 52   0.00594949 -0.0109092 926.452
16 410   -0.0429938 -0.0255753 962.137
16 412   -0.0511395 0.0239916 936.153
16 413   -0.0451435 0.0217737 951.128
16 423   -0.00461795 -0.0304411 957.482
16 424   -0.0101119 -0.0305231 965.209
16 425   -0.00737944 -0.0335077 962.757
16 426   -0.00880447 -0.0274976 950.212
16 427   -0.00589642 -0.0274156 963.791
16 431   0.006525 0.0232335 930.246
16 432   0.00457501 0.025638 906.165
16 433   -0.000627265 0.0248414 965.698
16 434   0.00225063 0.0240964 950.126
16 435   -0.000798993 0.0210128 955.153
16 436   -0.0019531 0.0232604 954.801
16 437   -0.0410061 0.0310471 952.235
16 438   -0.0391949 0.0336824 955.455
16 439   -0.0387146 0.0282585 961.641
16 449   -0.0101031 0.0303682 964.204
16 450   -0.00648877 0.0270137 954.362
16 451   -0.00898048 0.0272423 945.533
16 452   -0.00397633 0.0125664 968.96
16 453   -0.00352767 0.0132507 966.578
16 455   -0.00306971 0.0123076 967.743
16 456   -0.00350891 0.0122363 962.496
16 458   -0.0360744 -0.0260357 908.356
16 459   -0.00113356 -0.0193217 939.502
16 484   -0.00256426 0.0150708 952.199
16 509   -0.0473569 0.0130465 917.942
16 510   -0.0423569 0.0130465 890.506
16 511   -0.0432971 0.0168031 889.32
16 512   -0.0410181 0.0154644 870.828
16 538   0.00677791 -0.0107244 926.905
16 542   -0.0501574 -0.00543764 901.084
16 545   -0.0489861 -0.00940464 907.893
16 546   -0.0513287 -0.0114686 918.666
16 547   -0.0435764 -0.0109533 899.176
16 548   -0.046423 -0.0113769 908.557
16 549   -0.0421374 -0.0127536 892.26
16 550   -0.0433717 -0.0152188 894.908
16 551   -0.0397006 -0.0119423 886.512
16 552   -0.0387184 -0.0133979 875.661
16 573   -0.0405718 -0.031037 954.583
16 574   -0.039055 -0.033679 955.955
16 575   -0.0369648 -0.0284888 955.31
16 576   -0.0243245 -0.0325 939.604
16 584   -0.0242417 0.0325 938.961
16 585   -0.0263437 0.0225 921.732
16 586   -0.0297313 0.024558 914.577
16 587   -0.0117731 -0.0230231 899.093
16 588   -0.00948326 -0.0249976 902.081
16 688   -0.0380014 -0.0246221 864.322
16 689   -0.0403183 -0.0242467 877.575
16 696   -0.00515969 -0.0249784 921.625
16 698   -0.0411476 0.024998 926.534
16 699   -0.0392007 0.026191 928.399
16 700   -0.00216048 0.0197633 918.686
16 701   -0.00148404 0.0176334 940.189
16 702   -0.00288118 0.0167154 931.58
16 706   -0.0423508 0.0186852 864.842
16 707   -0.0429363 0.0207009 882.253
16 708   -0.00279129 -0.0162813 920.634
16 709   -0.00260414 -0.0181971 906.566
16 710   -0.00690506 -0.0151278 870.23
16 711   -0.00443175 -0.0160139 893.891
16 712   -0.00631013 -0.0142532 877.801
16 713   -0.00512026 -0.0147884 896.616
16 714   -0.00655035 -0.0130759 858.704
16 715   -0.00726352 -0.0111729 787.515
16 716   -0.00714528 -0.0108415 786.222
16 717   -0.00690881 -0.0107031 804.097
16 719   -0.00702705 -0.0103789 805.374
16 737   -0.0423728 -0.0198648 863.429
16 738   -0.042043 -0.0170841 869.121
16 739   -0.0386082 -0.0180048 778.554
16 740   -0.0398266 -0.0160745 848.033
16 795   0.00563601 0.0141273 928.137
16 796   0.00690881 0.0133008 887.936
16 797   0.00440842 0.0139182 937.055
16 798   0.00311322 0.0141998 948.058
16 799   0.0029175 0.0134047 942.331
16 800   0.00234718 0.0132216 936.114
16 801   0.00149266 0.0125334 896.615
16 802   0.00157921 0.0130706 935.164
16 803   0.00275569 0.0121906 938.085
16 804   0.00299661 0.0124272 952.04
16 805   0.00264461 0.0127599 930.284
16 806   0.00197546 0.0125929 882.238
16 807   0.00244793 0.0123784 894.978
16 808   0.00235944 0.0126684 911.03
16 810   0.00219571 0.0122815 840.744
16 811   0.00193218 0.0123243 834.351
16 816   -0.00405516 0.0232756 890.787
16 817   -0.00587808 0.0245137 890.529
16 818   -0.0329458 0.023087 884.024
16 819   -0.0348558 0.0252984 892.619
16 827   -0.0114104 0.0229825 892.16
16 828   -0.00961564 0.0248566 898.22
16 838   -0.00274031 0.0123611 944.14
16 845   -0.0330533 -0.0212259 861.89
16 866   -0.0510348 0.0324945 689.377
16 882   -0.0115036 -0.0210077 874.429
16 883   -0.00929284 -0.0210077 798.414
16 889   -0.0461701 -0.0323668 822.057
16 917   -0.022137 0.0247442 931.323
16 918   -0.0209444 0.0297442 938.248
16 919   -0.0143995 0.0242325 922.197
16 920   -0.0161877 0.0322442 950.342
16 921   -0.0137273 0.0292325 949.189
16 927   0.00116729 -0.0162132 964.734
16 928   0.00231483 -0.0153968 967.985
16 929   -0.00203643 -0.01518 941.222
16 930   -0.000417134 -0.0153427 957.964
16 931   2.05027e-06 -0.0144777 964.618
16 932   0.00171087 -0.0144 966.162
16 933   0.000982515 -0.0143514 966.321
16 934   0.00205636 -0.0136628 963.872
16 941   0.00675781 -0.0199477 959.857
16 945   0.00681136 -0.0174985 968.399
16 946   0.00606917 -0.0188771 965.613
16 947   0.00469189 -0.018332 968.2
16 948   0.00469467 -0.0168696 969.567
16 949   0.00597043 -0.0153983 969.661
16 950   0.00607196 -0.0166167 969.415
16 951   0.00332742 -0.0153066 969.024
16 952   0.00420508 -0.0159425 969.59
16 953   0.0047922 -0.0149967 969.531
16 954   0.00359683 -0.0142724 968.874
16 955   0.00456445 -0.0135399 969.363
16 956   0.00442373 -0.0142991 969.337
16 957   0.00349818 -0.0135854 968.861
16 958   0.00407773 -0.0131442 969.547
16 959   0.00247649 -0.0133381 962.358
16 960   0.00304494 -0.0132981 967.643
16 961   0.00321609 -0.0126216 969.367
16 962   0.00278355 -0.012357 959.202
16 963   0.00245207 -0.0125521 938.909
16 964   0.00231617 -0.0128568 950.592
16 965   0.00190847 -0.0123316 858.747
16 966   0.00217199 -0.0122888 870.709
16 976   0.00568108 0.0324062 689.87
16 977   0.00373109 0.0296233 803.463
16 1001   -0.000537971 -0.0138679 966.114
16 1002   -0.00113176 -0.0133398 962.673
16 1003   -0.00155972 -0.0129292 930.631
16 1005   -0.00088966 -0.0126968 967.971
16 1006   -0.000450454 -0.0127681 963.294
16 1047   -0.0399783 0.010737 890.167
16 1048   -0.0399783 0.00570808 896.006
16 1051   -0.00143049 -0.0305474 917.495
16 1053   0.00385758 -0.0336139 701.337
16 1054   0.000215157 -0.0336139 828.903
16 1090   -0.0505653 -0.0249959 921.816
16 1091   -0.0491002 -0.0299098 795.454
16 1092   -0.0510349 -0.032543 688.22
16 1093   0.00484252 -0.012359 968.274
16 1094   0.00496311 -0.011942 960.883
16 1096   0.00429074 -0.0118584 968.581
16 1097   0.0045562 -0.0117193 959.586
16 1098   -0.0499783 0.0057499 901.13
16 1099   -0.0499783 0.0107509 913.343
16 1118   -0.0287898 -0.0262018 925.695
16 1119   -0.0269355 -0.02125 918.284
16 1120   -0.0254229 -0.02375 926.49
16 1121   -0.031071 -0.0224759 896.944
16 1122   -0.0319859 -0.0249277 907.464
16 1278   -0.0386388 -0.021393 584.027
16 1279   -0.0393572 -0.0200262 645.881
16 1280   -0.0401871 -0.0222434 788.39
16 1281   -0.0409054 -0.0208767 799.113
16 1282   -0.0370684 0.0218364 710.823
16 1283   -0.041033 0.0218363 808.647
16 1284   -0.0403523 0.0234407 842.317
16 1285   -0.0384054 0.0246337 855.497
16 1286   -0.0368465 0.0240478 834.837
16 1287   -0.0059826 0.0211274 643.071
16 1288   -0.00425844 0.0217634 832.725
16 1289   -0.00351786 0.0204986 868.098
16 1290   0.00738176 0.0101702 525.01
16 1293   0.00738176 0.0103867 714.089
16 1294   0.00714528 0.0104024 781.24
16 1295   -0.00675163 -0.0221097 702.782
16 1296   -0.00816716 -0.0220468 765.847
16 1297   -0.00667252 -0.0240841 854.015
16 1298   -0.00808804 -0.0240213 862.685
16 1299   -0.00738176 -0.0105864 761.746
16 1302   -0.00738176 -0.0101931 551.853
16 1303   -0.00726352 -0.0103861 750.5
16 1304   -0.00419782 -0.0189798 843.013
16 1305   -0.00685828 -0.0184622 792.304
16 1306   -0.00613022 -0.0206749 632.274
16 1307   -0.0047532 -0.0208416 792.65
16 1308   -0.00626334 -0.0170165 845.061
16 1309   -0.0049799 -0.0173675 857.96
16 1317   -0.00210498 -0.0133225 941.059
16 1318   -0.0027563 -0.0141802 937.4
16 1319   -0.00465996 -0.0141367 908.293
16 1320   -0.00373937 -0.0139754 926.905
16 1321   -0.00577993 -0.012933 871.562
16 1322   -0.00507941 -0.0134586 901.234
16 1323   -0.00563494 -0.0122553 851.303
16 1324   -0.00510474 -0.0115062 810.987
16 1325   -0.00578554 -0.0111605 765.818
16 1326   -0.00551857 -0.0115516 801.885
16 1327   -0.00587329 -0.0118903 822.995
16 1349   -0.00714528 -0.012546 834.162
16 1352   -0.00708617 -0.011528 797.432
16 1353   -0.00732264 -0.0119286 808.517
16 1354   -0.00696793 -0.0121145 819.362
16 1355   -0.00631762 -0.0117996 811.669
16 1356   -0.00667233 -0.011876 812.419
16 1357   -0.00679057 -0.0115518 799.774
16 1358   -0.0061107 -0.0112524 780.691
16 1359   -0.00658365 -0.011398 794.143
16 1360   -0.00628806 -0.0115528 799.006
16 1361   -0.00667233 -0.010827 804.993
16 1362   -0.00628806 -0.0110284 782.821
16 1363   -0.00652453 -0.0111667 789.961
16 1365   -0.00655409 -0.0106267 831.659
16 1366   -0.00631762 -0.0107506 790.765
16 1369   -0.00252169 -0.0125725 910.32
16 1373   0.00661321 0.0126317 857.81
16 1374   0.00519435 0.0115549 801.887
16 1375   0.0059629 0.0124091 853.738
16 1376   0.00696793 0.0114917 798.158
16 1377   0.00726352 0.01099 782.301
16 1378   0.00702705 0.0106809 793.296
16 1379   0.00616982 0.0118888 817.531
16 1380   0.00658365 0.0115417 799.594
16 1381   0.00640629 0.0110712 782.931
16 1382   0.00609592 0.0111582 771.993
16 1383   0.00559341 0.0114866 788.389
16 1384   0.00591856 0.0115979 798.26
16 1386   0.005889 0.0109849 742.739
16 1387   0.00565252 0.0111088 752.365
16 1394   0.00667233 0.0106502 819.746
16 1395   0.00643585 0.0107741 793.728
16 1411   -0.00822167 0.0219312 756.728
16 1412   -0.00697582 0.0218169 665.179
16 1413   -0.00832041 0.0238053 857.364
16 1414   -0.00707456 0.023691 838.595
16 1415   -0.00118274 0.0144529 960.893
16 1416   -0.00168253 0.0136554 961.449
16 1417   -0.0020266 0.0124769 891.41
16 1418   -0.00256142 0.0133074 959.522
16 1419   -0.00246108 0.0127121 946.94
16 1420   -0.00108548 0.0133963 965.781
16 1421   -0.00172228 0.0126792 933.784
16 1422   -0.00133537 0.0129975 962.392
16 1423   -0.0010656 0.0127355 967.308
16 1425   -0.0012878 0.0124439 952.62
16 1426   -0.00161721 0.0123904 900.814
16 1453   0.00723771 -0.0103023 943.415
16 1457   0.00741257 -0.0101282 965.704
16 1458   0.00741257 -0.0102931 965.592
16 1494   0.00479443 0.0129929 915.312
16 1495   0.00537171 0.0125024 875.861
16 1496   0.00501699 0.0119946 851.036
16 1497   0.00359891 0.0130185 944.945
16 1498   0.00418064 0.0128884 935.484
16 1499   0.00366672 0.0121806 967.77
16 1500   0.0033806 0.0125027 959.956
16 1501   0.00463272 0.0120225 874.586
16 1502   0.00407804 0.0122338 941.23
16 1503   0.00437364 0.0124257 922.873
16 1506   0.00421888 0.0118926 901.468
16 1507   0.00445536 0.0117687 857.678
16 1508   -0.00370063 -0.0133368 936.67
16 1509   -0.00368702 -0.0122202 966.314
16 1510   -0.00324781 -0.0122915 967.164
16 1511   -0.00313427 -0.0127916 951.226
16 1512   -0.00501325 -0.0123078 885.161
16 1513   -0.0041126 -0.0123279 952.543
16 1514   -0.00483776 -0.0118973 867.012
16 1515   -0.00423975 -0.0129443 933.323
16 1516   -0.00469794 -0.0129048 913.191
16 1519   -0.00427707 -0.0119399 930.31
16 1520   -0.00451354 -0.011816 884.78
16 1575   -0.00740242 0.0102312 965.906
16 1580   -0.00735363 0.0101367 966.99
16 1581   -0.00745121 0.0100856 931.049
16 1604   0.00106449 -0.013657 966.764
16 1605   0.00156457 -0.0133766 961.817
16 1606   1.02513e-06 -0.0134889 969.492
16 1607   -0.00015356 -0.0130321 966.884
16 1608   0.000623019 -0.0134043 968.907
16 1609   0.000638842 -0.0130404 969.4
16 1610   0.0002477 -0.0128212 964.097
16 1612   0.000565692 -0.0125287 969.157
16 1613   0.000302169 -0.0125714 959.444
16 1656   -0.0375055 -0.0216511 651.506
16 1657   -0.0367369 -0.022877 797.354
16 1658   -0.0358897 -0.0206129 757.513
16 1659   -0.0351211 -0.0218388 819.437
16 1677   0.00510331 0.0179249 968.637
16 1678   0.00540111 0.0205363 963.321
16 1679   0.00135294 0.0200859 968.343
16 1680   0.00307672 0.0215884 964.347
16 1681   0.00021605 0.0169761 956.778
16 1682   0.00311753 0.0170702 965.438
16 1683   0.00169154 0.018179 965.173
16 1684   0.00240472 0.0148098 954.76
16 1685   0.00230533 0.0158159 959.626
16 1686   0.000978735 0.0159186 959.348
16 1687   -5.66767e-05 0.0147113 961.652
16 1688   0.00143462 0.0146353 957.278
16 1689   0.000721628 0.0151897 959.264
16 1690   0.000171265 0.0140697 964.82
16 1691   0.00100568 0.0132734 956.817
16 1692   0.000999264 0.014045 959.555
16 1693   -0.000157515 0.0136287 968.401
16 1694   -0.000557969 0.0134757 968.893
16 1695   5.68806e-05 0.0131524 969.236
16 1697   -0.000766006 0.0126312 968.815
16 1700   -0.000508275 0.0129726 968.778
16 1701   -0.000236375 0.0127612 957.852
16 1706   0.000523838 0.0128003 967.722
16 1707   0.000260315 0.0128431 967.394
16 1713   -0.0356266 0.021029 788.327
16 1714   -0.0334946 0.021029 854.426
16 1719   -0.0386395 0.0165027 836.31
16 1722   -0.0406415 0.0185145 816.735
16 1723   -0.0392093 0.0176707 811.02
16 1724   -0.0380698 0.018668 794.336
16 1725   -0.0398778 0.0203193 739.821
16 1726   -0.0384455 0.0203088 528.259
16 1727   -0.0482061 -0.0233077 960.76
16 1728   -0.0439055 -0.0210482 921.88
16 1729   -0.0447544 -0.0240721 963.392
16 1730   -0.00911907 0.0209942 784.5
16 1731   -0.0110126 0.0209942 861.597
16 1759   -0.0511395 0.0177499 962.741
16 1760   -0.0457971 0.0168031 924.277
16 1761   -0.0485181 0.0154644 935.842
16 1762   -0.049779 0.0204998 968.237
16 1763   -0.047058 0.019758 957.859
16 1765   -0.0196045 0.0222442 929.946
16 1766   -0.0165004 0.0222442 925.205
16 1806   -0.00722841 0.0125617 967.498
16 1809   -0.00672414 0.0119595 969.457
16 1810   -0.00709261 0.0121837 969.224
16 1811   -0.0073642 0.011867 969.582
16 1812   -0.00659683 0.0113148 967.499
16 1813   -0.00677223 0.0116391 969.384
16 1814   -0.0071407 0.0115951 968.699
16 1815   -0.00685355 0.0111489 960.896
16 1816   -0.00738825 0.0110785 962.813
16 1817   -0.00716475 0.0113148 965.544
16 1818   -0.00692359 0.0109028 948.911
16 1819   -0.0072348 0.0108286 954.011
16 1820   -0.00734655 0.0105904 954.513
16 1821   -0.00705382 0.0103836 916.053
16 1822   -0.00724897 0.0104014 947.2
16 1824   -0.0068687 0.0104806 906.79
16 1825   -0.00675265 0.0106926 926.016
16 1826   -0.00653586 0.0106564 922.319
16 1836   0.00354757 -0.0124265 968.4
16 1837   0.00395596 -0.0126617 969.547
16 1838   0.00411076 -0.012103 967.967
16 1839   0.00425563 -0.012381 969.522
16 1842   0.00351031 -0.0120978 962.592
16 1843   0.00377383 -0.012055 952.348
16 1902   -0.0210548 -0.0297577 938.829
16 1903   -0.0162478 -0.0322577 950.902
16 1904   -0.0138084 -0.0292731 949.933
16 1905   -0.0199544 -0.0222577 930.514
16 1906   -0.0223364 -0.0247577 931.596
16 1907   -0.0147908 -0.0242731 925.52
16 1908   -0.0170692 -0.0222577 927.592
16 1909   -0.0511082 -0.0172575 960.9
16 1910   -0.0499369 -0.0144728 936.034
16 1911   -0.048749 -0.019779 967.157
16 1912   -0.0459654 -0.0190358 943.261
16 1913   -0.0473738 -0.0139456 922.128
16 1914   -0.0457614 -0.0159871 920.624
16 1932   -0.0314904 0.033529 954.094
16 1933   -0.0281086 0.031029 939.561
16 1934   -0.0295352 0.028087 932.047
16 1935   -0.0347972 0.0322114 964.919
16 1936   -0.0333352 0.0277984 930.9
16 1937   -0.0352154 0.0294227 953.176
16 1941   -0.00704796 0.0179354 816.029
16 1942   -0.00614387 0.0165296 895.725
16 1943   -0.00482974 0.0175065 884.407
16 1944   -0.00610412 0.0195446 717.032
16 1945   -0.00478999 0.0191597 825.799
16 2003   0.000178338 -0.027521 931.845
16 2004   0.0036452 -0.0278154 873.161
16 2005   0.00472422 -0.0243051 921.131
16 2006   0.00247825 -0.0224106 960.439
16 2007   -0.00122537 -0.0216334 946.902
16 2008   0.000364022 -0.0234403 966.694
16 2009   -0.000856867 -0.0250404 966.514
16 2010   -0.00309521 -0.0241373 943.88
16 2011   -0.00325134 -0.0223706 886.619
16 2029   0.00730249 -0.0113125 965.408
16 2031   0.00712763 -0.0108838 951.768
16 2032   0.00732514 -0.0105991 952.566
16 2038   0.00567879 -0.0322279 689.514
16 2039   0.00567879 -0.0294557 746.192
16 2068   0.0072044 0.0118229 808.97
16 2069   0.0072044 0.0123 832.843
16 2094   -0.049225 0.0260073 917.285
16 2095   -0.0491203 0.0299241 796.929
16 2096   -0.0434815 0.0258127 965.509
16 2097   -0.04595 0.0245312 963.583
16 2098   -0.04619 0.0324296 822.075
16 2099   -0.0438262 0.0297943 930.926
16 2100   -0.0315571 -0.0337259 955.274
16 2101   -0.029717 -0.0286777 935.26
16 2102   -0.0282291 -0.0312259 940.56
16 2103   -0.034704 -0.0324049 965.596
16 2104   -0.0338034 -0.0298567 952.239
16 2134   -0.00610458 0.0333799 956.481
16 2135   -0.00868813 0.0333799 968.811
16 2157   -0.00109679 0.0275853 946.513
16 2158   -0.000750662 0.0336085 870.28
16 2159   0.000937178 0.0308255 865.635
16 2160   -0.00418394 0.0287482 962.587
16 2161   -0.00396888 0.0319884 939.024
16 2162   0.0015049 -0.0129624 954.195
16 2163   0.000893025 -0.0126169 965.168
16 2164   0.00102064 -0.0128788 964.145
16 2165   0.00170876 -0.0125053 906.544
16 2166   0.00183638 -0.0127672 938.669
16 2168   0.00138143 -0.0124171 913.185
16 2169   0.0011179 -0.0124599 947.76
52 243   -0.00271601 -0.00226922 968.696
52 244   -0.00472148 -0.00116606 964.59
52 245   -0.00460579 0.00116507 964.019
52 246   -0.00268604 -0.00450082 969.589
52 247   -0.000715277 -0.0010814 968.998
52 248   -0.000715427 0.00111987 969.009
52 249   -0.00260047 0.00226319 968.753
52 250   0.00124563 -0.00209198 969.195
52 251   0.00313566 0.00119062 967.576
52 252   -0.00878673 -4.19078e-05 924.12
52 253   0.0030882 -0.000958513 967.39
52 254   0.00501301 0.00205545 965.034
52 255   -0.00247921 0.00429023 969.497
52 256   -0.000687976 0.00533228 968.59
52 257   0.00487945 -0.00184263 963.124
52 258   -0.00443974 -0.00552246 969.58
52 259   0.00677836 -0.00441936 953.968
52 260   0.00497169 -0.0037262 966.751
52 261   -0.00611937 0.00221266 956.592
52 262   -0.00792654 0.00162653 930.919
52 263   -0.00629498 -0.00220139 961.609
52 264   -0.0079791 -0.00165438 940.862
52 265   0.00154468 0.00841738 964.174
52 266   0.00911204 6.00373e-05 918.392
52 267   0.0080375 -0.0014216 927.556
52 268   -0.00097542 0.00706382 962.562
52 269   0.00637412 -0.000814026 952.705
52 270   0.00646022 0.000934927 955.279
52 271   0.00811623 0.00152535 936.198
52 272   -0.00381778 0.00536184 967.185
52 273   -4.21322e-05 0.00828334 961.929
52 274   0.00528125 0.00360581 967.676
52 275   0.00441123 0.00484323 969.511
52 276   -0.00598617 0.00396608 962.972
52 277   0.00307929 -0.00795204 933.926
52 278   -0.005133 0.00508497 969.111
52 279   -0.00372111 -0.00796276 965.204
52 280   -0.00251625 0.00758825 947.727
52 281   -0.00450627 -0.00699329 968.777
52 282   -0.00737668 0.00450317 945.321
52 283   -0.00587844 -0.00492548 969.342
52 284   -0.00637656 -0.00383277 967.726
52 285   0.00781681 0.0036633 964.981
52 286   0.0086223 0.00268382 943.456
52 287   -0.00356737 0.00692832 944.764
52 288   -0.000861608 0.00962179 958.021
52 289   0.00664426 0.00406423 967.887
52 290   0.00543644 0.00579741 969.637
52 291   -0.00763022 -0.00440378 966.268
52 292   0.00648941 0.00527216 969.525
52 293   -0.00585596 -0.00741774 969.073
52 294   -0.00685404 -0.00584414 969.529
52 295   -0.00448447 0.0075823 901.876
52 296   0.00402895 -0.00890329 900.536
52 297   0.00837481 0.00451399 966.134
52 298   0.00719687 0.00577387 969.49
52 299   -0.00772196 -0.00545496 961.986
52 300   0.00530843 -0.00823961 828.883
52 301   -0.00372477 0.00922143 917.223
52 302   -0.00669653 -0.00720287 968.807
52 303   -0.00704205 -0.00663332 968.135
52 304   -0.00581237 -0.00828083 962.225
52 305   0.0071554 0.00662035 967.693
52 306   0.00790972 0.00541662 957.112
52 307   0.00309288 -0.0101272 951.215
52 308   -0.00833738 -0.00601756 968.402
52 309   0.00836566 0.00601398 968.2
52 310   0.0040436 -0.00964668 913.999
52 311   -0.00429949 0.00884614 885.304
52 312   0.00477466 -0.00876958 859.673
52 313   -0.00454557 0.00835943 875.857
52 314   0.00372468 -0.0100149 945.245
52 315   -0.00733069 -0.00777435 962.902
52 316   0.0077593 0.00691245 958.923
52 317   -0.00784306 -0.00688478 958.022
52 318   0.00825672 0.00666332 956.31
52 319   -0.00827047 -0.00665821 957.44
52 320   0.00752697 0.00784063 958.57
52 321   -0.00483244 0.0092875 855.462
52 322   0.0039965 -0.0108906 967.019
52 323   0.00422237 -0.0105526 964.603
52 324   0.0047296 -0.00990114 878.027
52 325   0.00510135 -0.00932434 836.738
52 326   -0.00458604 0.009972 896.054
52 327   -0.0048755 0.00969756 855.592
52 328   0.0047365 -0.0106201 948.507
52 329   0.00863154 0.00702831 932.276
52 330   -0.00786632 -0.00768432 941.576
52 331   0.00781021 0.00741363 948.922
52 332   0.0049248 -0.0103369 883.528
52 333   -0.00803317 -0.0073643 939.413
52 334   0.00792495 0.00837372 941.453
52 335   -0.008674 -0.00702208 934.54
52 336   0.00784088 0.00809312 942.656
52 337   0.00504164 -0.00971252 839.008
52 338   -0.00447947 0.0107504 967.314
52 339   0.00852429 0.00738779 911.229
52 340   0.00820038 0.00752399 922.764
52 341   -0.0052605 0.00987262 812.214
52 342   -0.00472773 0.0105623 940.84
52 343   -0.00480462 0.010295 897.397
52 344   -0.00817698 -0.00796075 913.562
52 345   0.00837142 0.00828555 891.98
52 346   -0.00819111 -0.00822646 912.204
52 347   -0.00843259 -0.00747828 911.314
52 348   0.00820673 0.0078351 913.344
52 349   -0.00864602 -0.00736264 910.377
52 350   0.00783439 0.00860219 956.974
52 351   -0.00505754 0.0106655 904.711
52 352   0.00527299 -0.0103802 804.746
52 353   -0.00529981 0.0101595 797.662
52 354   -0.00513338 0.0103074 837.522
52 355   0.00871463 0.00757563 885.215
52 356   -0.00845684 -0.00789747 884.283
52 357   -0.0085456 -0.00773502 883.875
52 358   0.00842785 0.00789319 890.909
52 359   0.00850847 0.00806304 855.879
52 360   -0.00526567 0.0105025 815.341
52 361   -0.00845155 -0.00827729 875.107
52 362   -0.00885798 -0.00754459 888.658
52 363   -0.00551355 0.0102387 739.933
52 364   0.00861183 0.00776992 863.678
52 365   -0.00862427 -0.00803904 805.254
52 366   -0.00875283 -0.00778758 814.984
52 367   0.00888458 0.00757179 873.638
52 368   -0.00885178 -0.0077128 838.963
52 369   0.00870222 0.00800898 769.48
52 370   -0.00860485 -0.00815316 804.787
52 371   0.00574825 -0.0101545 678.215
52 372   0.00872933 0.007858 793.955
52 373   0.00569039 -0.0102391 649.927
52 374   -0.00550315 0.010484 685.148
52 375   -0.00554441 0.010382 682.303
52 376   -0.00543439 0.0105466 757.646
52 377   0.00879911 0.00804168 717.221
52 378   0.0088872 0.00773235 815.775
52 379   0.00883474 0.00782427 769.113
52 380   0.00574605 -0.0103597 476.906
52 381   -0.00895283 -0.00778662 816.217
52 382   -0.00558677 0.0105462 526.723
52 383   0.00889096 0.00788976 724.776
52 384   -0.0056475 0.0103952 548.411
52 385   -0.00571006 0.0103603 510.502
52 386   0.00888245 0.00795619 702.883
52 387   0.00571588 -0.0104219 383.517
52 388   0.00895803 0.00775846 814.033
52 389   -0.00564791 0.0105084 382.058
52 390   -0.00566738 0.0104594 416.008
52 391   0.00895666 0.00787293 742.632
52 392   0.00897127 0.00783355 779.598
52 393   0.0089385 0.00796257 688.995
52 394   0.00575001 -0.0104719 140.501
52 395   -0.00568601 0.0105341 184.965
52 396   0.00901543 0.00791607 957.751
52 462   -0.00743414 0.00560763 955.378
52 485   0.0062633 -0.00661399 953.398
52 486   0.00705017 -0.00571062 962.546
52 554   0.0055456 -0.0105646 608.953
52 555   0.00548235 -0.0104893 715.099
52 556   0.00537104 -0.0105648 789.344
52 594   -0.0059561 0.00836817 791.428
52 595   -0.00517857 0.00844314 839.818
52 596   -0.00568502 0.00875673 806.542
52 597   -0.0051892 0.00911208 831.293
52 598   -0.00528926 0.00875442 829.344
52 601   -0.00581982 0.00903613 795.727
52 602   -0.0058354 0.00946973 777.808
52 603   -0.00544163 0.00930046 810.361
52 604   -0.00567648 0.00922221 797.353
52 605   -0.00569839 0.00961425 779.259
52 606   -0.00545028 0.00975634 793.104
52 607   -0.00548945 0.00954556 799.233
52 608   -0.00581043 0.00991911 735.627
52 609   -0.00572456 0.00977356 765.973
52 610   -0.00559388 0.00987652 769.692
52 611   -0.00560523 0.0101436 731.244
52 612   -0.00573247 0.0100422 725.571
52 613   -0.00562702 0.010002 753.298
52 614   -0.00572043 0.010297 587.89
52 615   -0.00574163 0.0101588 681.961
52 616   -0.00567973 0.0102087 680.494
52 618   -0.0057763 0.0102812 565.318
52 619   -0.00578834 0.010213 627.637
52 633   0.00573594 -0.0104972 88.2176
52 636   -0.00894665 -0.00785627 769.997
52 637   -0.00898409 -0.00786523 790.464
52 638   0.00896819 0.00792954 697.796
52 639   0.00897784 0.00790633 727.442
52 640   0.00899915 0.00790496 771.482
52 641   -0.00639547 -0.00859278 956.656
52 642   -0.00725837 -0.00817561 966.548
52 643   -0.0068881 -0.00842672 968.252
52 644   -0.00796839 -0.00837672 937.643
52 645   -0.00757357 -0.00867206 967.89
52 646   -0.00762333 -0.00837006 960.282
52 647   -0.00802347 -0.00859383 942.02
52 648   -0.00781379 -0.00876361 963.303
52 684   -0.00576234 0.0105228 2.78746
52 693   -0.00691212 -0.00931414 880.414
52 694   -0.0070777 -0.00889401 952.431
52 695   -0.00739821 -0.0089449 960.867
52 720   -0.00515366 -0.00866909 952.124
52 721   -0.0044121 -0.00877547 958.44
52 722   -0.00525694 -0.00929701 930.068
52 723   -0.00573117 -0.0100063 834.689
52 724   -0.00570507 -0.00950859 893.753
52 725   -0.0061849 -0.00919262 907.557
52 726   -0.00651195 -0.00944668 862.571
52 728   -0.00638103 -0.00986309 803.391
52 729   -0.00608008 -0.0101068 775.093
52 744   0.00582416 0.0100128 810.626
52 745   0.00605414 0.00982616 825.447
52 746   0.0058284 0.00874126 944.899
52 747   0.00609389 0.00937123 884.106
52 748   0.00661501 0.00944295 854.6
52 749   0.000627837 0.00223658 969.342
52 750   0.00195806 0.00228026 969.08
52 751   0.000534027 0.00442195 969.546
52 752   0.00323496 0.00493774 969.643
52 753   0.0014687 0.00499902 969.477
52 754   0.00225981 0.00393224 969.592
52 755   0.00225798 0.00733458 967.112
52 756   0.00189328 0.00604608 968.972
52 757   0.00299442 0.00596296 969.338
52 758   0.00318868 0.00767058 966.461
52 759   0.00352957 0.00683235 968.674
52 760   0.00495831 0.00834661 959.019
52 761   0.00410801 0.00863941 959.228
52 762   0.00522046 0.00661492 969.507
52 763   0.00484425 0.00760894 967.207
52 764   0.00433484 0.00706351 968.597
52 765   0.00658955 0.00692142 969.097
52 766   0.00562699 0.0074478 968.819
52 767   0.00583275 0.0068729 969.576
52 768   0.00705837 0.00781586 967.921
52 769   0.00613274 0.00760842 969.306
52 770   0.00663483 0.00738423 969.185
52 771   0.00677692 0.00811818 969.508
52 772   0.0062505 0.00797399 968.62
52 773   0.00618969 0.00835443 962.735
52 774   0.00654802 0.00856068 960.685
52 775   0.0068842 0.00843653 968.717
52 776   0.00670785 0.00901923 922.685
52 777   0.00701308 0.00919427 901.726
52 778   0.00764114 0.00875899 968.281
52 779   0.00727401 0.00870848 968.646
52 780   0.00724306 0.00900767 948.898
52 784   0.00181116 0.00974744 960.989
52 785   -0.000375571 0.0103899 963.609
52 786   -0.000205735 0.0114833 965.91
52 788   0.000406881 0.0104111 966.07
52 789   0.00101388 0.010352 961.237
52 790   0.000404073 0.0109176 968.956
52 791   0.000147069 0.0112939 968.552
52 793   0.000698243 0.0116379 968.979
52 794   0.000361791 0.0116397 963.955
52 814   0.00311164 -0.0108298 964.202
52 815   0.00351757 -0.0110555 968.461
52 829   -0.00305306 0.00912636 933.14
52 830   -0.00251555 0.00863386 940.713
52 831   -0.0017942 0.00944788 950.35
52 832   -0.002604 0.00982793 946.679
52 833   -0.00205941 0.0100528 948.525
52 834   -0.00248754 0.0109497 939.209
52 835   -0.00199345 0.0106683 943.89
52 837   -0.00253603 0.0114035 909.636
52 847   -0.00575684 0.0103961 395.025
52 851   -0.00571222 0.010452 325.715
52 852   -0.00576222 0.0104386 251.807
52 853   -0.00573912 0.0104236 351.911
52 854   -0.00574723 0.0104615 195.691
52 855   -0.00572342 0.0104724 233.781
52 857   -0.00575712 0.0104784 85.9985
52 868   -0.00123276 -0.00554168 969.117
52 869   0.00194305 -0.00796851 951.939
52 870   0.000777734 -0.00706792 963.332
52 871   0.00240217 -0.00976218 946.971
52 872   0.00188309 -0.0089229 950.112
52 873   0.000899831 -0.00898469 957.854
52 874   0.00100418 -0.00984973 957.762
52 875   0.00179905 -0.0101964 950.57
52 876   0.00200709 -0.0107894 941.911
52 877   0.00262897 -0.0110578 943.827
52 878   0.00263733 -0.0114204 920.346
52 879   0.0012735 -0.0112314 945.939
52 880   0.00170451 -0.0110178 933.535
52 881   0.00132991 -0.0116356 926.967
52 922   -0.00574481 0.00609864 964.865
52 923   -0.00665544 0.00608421 969.268
52 924   -0.00683581 0.00671194 966.399
52 988   0.00587759 -0.00849002 799.33
52 989   0.00579684 -0.00894795 799.68
52 1059   0.00433363 0.0105925 968.282
52 1060   0.00422207 0.00937707 953.303
52 1061   0.0054627 0.00998692 875.736
52 1062   0.0048614 0.0097817 935.586
52 1063   0.00472075 0.0102467 953.395
52 1065   0.00548045 0.0103952 865.802
52 1066   0.00516365 0.0105085 936.338
52 1128   0.00575354 -0.0105064 18.505
52 1131   0.00575891 -0.0105244 3.83159
52 1132   0.00575059 -0.0105171 9.50703
52 1133   -0.00878327 -0.00790509 757.8
52 1134   -0.00883835 -0.00801568 706.821
52 1135   -0.00874348 -0.00799411 748.46
52 1136   -0.00879735 -0.00804887 715.517
52 1137   -0.00891262 -0.00789114 730.19
52 1138   -0.00885825 -0.00797117 708.541
52 1139   -0.00885704 -0.00791535 727.295
52 1141   -0.00890717 -0.00798074 694.852
52 1144   -0.00892527 -0.00792349 710.44
52 1145   -0.00891861 -0.00795728 697.894
52 1146   -0.0089427 -0.00796618 690.76
52 1147   -0.0089519 -0.00794453 697.391
52 1148   -0.00894681 -0.00792025 711.049
52 1149   -0.00896396 -0.0079047 730.106
52 1150   -0.00897925 -0.00788899 768.063
52 1151   -0.00899848 -0.00789337 796.454
52 1178   -0.00881049 -0.00283098 946.041
52 1179   -0.00838004 -0.003949 967.034
52 1431   -0.0024771 -0.00802543 965.537
52 1432   -0.00142324 -0.00713663 967.071
52 1433   -0.000231719 -0.00758347 964.292
52 1434   -4.9656e-05 -0.00854585 961.841
52 1435   -0.000923747 -0.00918853 962.763
52 1436   -0.00215967 -0.00911495 962.715
52 1437   -0.000798603 -0.0101202 962.849
52 1438   0.000536262 -0.0102978 962.982
52 1439   -0.000176596 -0.0103873 966.357
52 1440   0.000525536 -0.0114758 968.977
52 1441   0.000804919 -0.0110735 965.077
52 1442   0.000189741 -0.0114738 965.433
52 1443   -0.00080317 -0.0113597 968.748
52 1444   -0.000110946 -0.0113169 968.278
52 1445   -0.000376524 -0.0110051 969.266
52 1447   -0.000369695 -0.0116725 963.011
52 1448   -0.00070549 -0.0116706 968.824
52 1461   0.0026295 0.00990807 959.824
52 1462   0.00340778 0.00965167 962.536
52 1463   0.00235032 0.0106274 951.176
52 1465   0.00266117 0.0113899 905.488
52 1466   0.00234437 0.0115033 842.918
52 1469   -0.00284725 -0.00987631 961.697
52 1470   -0.00248788 -0.0113383 891.096
52 1471   -0.00243794 -0.0103533 958.375
52 1472   -0.00113897 -0.0113578 958.786
52 1473   -0.00196866 -0.0112973 898.006
52 1474   -0.00182823 -0.0106776 948.554
52 1475   -0.00133433 -0.010736 957.211
52 1477   -0.00137708 -0.0116667 934.483
52 1478   -0.00171287 -0.0116647 858.548
52 1481   -0.000982718 0.0116344 961.354
52 1482   -0.00058061 0.0112852 968.814
52 1483   -0.000881756 0.0108865 961.869
52 1484   -0.00175081 0.0109526 934.8
52 1485   -0.00139036 0.0110076 945.831
52 1486   -0.00161155 0.0116093 867.606
52 1487   -0.00131351 0.0114075 935.559
52 1488   -0.0022206 0.0113948 880.786
52 1489   -0.00192947 0.0112254 906.82
52 1490   -0.00186706 0.0114822 857.384
52 1492   -0.00224484 0.0116217 828.613
52 1493   -0.00207152 0.0116816 781.601
52 1521   -0.0040863 -0.00939031 957.803
52 1522   -0.00362503 -0.00980869 962.788
52 1523   -0.00445784 -0.0107394 968.783
52 1524   -0.00481117 -0.00973358 940.441
52 1525   -0.00438209 -0.0097205 955.278
52 1526   -0.00391591 -0.0106003 969.298
52 1527   -0.00392082 -0.0101389 965.274
52 1529   -0.0055218 -0.0102958 855.991
52 1532   -0.00493216 -0.0105699 958.211
52 1533   -0.00504994 -0.0102346 929.597
52 1544   0.00228737 -0.0114495 876.925
52 1545   0.00197643 -0.0113153 896.384
52 1547   0.00209276 -0.0116992 781.428
52 1548   0.00229155 -0.0116308 833.86
52 1550   0.00158176 -0.0116371 875.153
52 1553   0.00190942 -0.011733 777.044
52 1554   0.00179726 -0.0115303 857.306
52 1555   0.00133105 0.0108428 955.488
52 1556   0.00184915 0.0109576 940.804
52 1557   0.00196155 0.0113598 885.688
52 1558   0.000899048 0.0110605 964.717
52 1559   0.000978496 0.0114349 965.246
52 1561   0.00169113 0.0116185 868.91
52 1562   0.00135467 0.0116203 938.85
52 1587   0.00348157 0.0102503 965.582
52 1588   0.00383841 0.010554 968.989
52 1589   0.00295794 0.0110681 952.792
52 1590   0.00291788 0.0106511 958.519
52 1592   0.00364773 0.0110425 968.623
52 1593   0.00333093 0.0111558 968.013
52 1596   -0.00348437 -0.0108179 968.649
52 1597   -0.00293983 -0.0106775 960.41
52 1598   -0.00284934 -0.0110427 950.201
52 1600   -0.00323577 -0.0112396 965.573
52 1601   -0.00355199 -0.0111266 968.893
52 1660   -0.00515173 0.00728152 891.387
52 1661   -0.00554167 0.00677746 933.71
52 1662   -0.00544787 0.00792851 827.737
52 1663   -0.00582964 0.00785123 783.172
52 1664   -0.00625558 0.00698887 928.908
52 1665   -0.00624741 0.00741566 858
52 1832   -0.00835553 0.00389176 930.56
52 1833   -0.00877219 0.00276854 922.364
52 1848   0.00102235 -0.00375804 969.65
52 1849   0.000644041 -0.00603558 967.371
52 1850   -0.000174938 -0.00495617 969.262
52 1851   0.00359845 -0.00446024 969.553
52 1852   0.00207314 -0.00424983 969.585
52 1853   0.00160951 -0.00542506 968.222
52 1854   0.00320554 -0.0068639 948.583
52 1855   0.00369272 -0.00547083 967.681
52 1856   0.00257691 -0.00580012 965.783
52 1857   0.00537456 -0.00671782 920.405
52 1858   0.00511919 -0.00752329 860.812
52 1859   0.00444904 -0.00613188 960.301
52 1860   0.00419366 -0.00693735 935.841
52 2073   0.00814118 -0.00370496 933.314
52 2074   0.00855784 -0.00258174 922.488
52 2144   -0.00412522 0.0106284 967.665
52 2145   -0.0030089 0.0107605 960.269
52 2146   -0.00305939 0.0102542 954.221
52 2147   -0.0041549 0.0101172 937.418
52 2148   -0.00373465 0.00999055 940.14
52 2149   -0.00344259 0.0110812 968.958
52 2150   -0.00386636 0.0109348 966.366
52 2172   -0.0057348 0.0105249 18.4298
52 2173   -0.00572213 0.0104947 141.53
52 2174   -0.00571575 0.0105149 100.573
52 2175   -0.00572578 0.010528 40.2325
52 2176   -0.00574381 0.0105218 9.90882
52 2177   -0.00574976 0.0105182 6.37568
52 2178   -0.00574428 0.0104932 72.343
52 2179   -0.00575286 0.0105066 14.4116
52 2275   0.00898412 0.00793449 694.535
52 2278   0.00900698 0.00792293 866.771
52 2279   0.00899584 0.00792303 755.42
52 2281   -0.0089712 -0.0079431 696.186
52 2282   -0.00899446 -0.00793054 716.641
52 2283   -0.00897523 -0.00791604 724.033
52 2284   -0.00897739 -0.00793016 706.695
52 2285   -0.00899736 -0.00792 763.81
52 2286   -0.0089959 -0.00790481 785.765
52 2287   -0.00898794 -0.00791177 750.734
52 2288   -0.00901141 -0.00792149 901.97
52 2289   -0.00900565 -0.00790888 819.431
52 2290   -0.00900603 -0.00791702 843.098
52 2325   0.00586055 -0.00941855 779.505
52 2326   0.0054466 -0.00932817 809.868
52 2327   0.00566215 -0.00917645 800.751
52 2328   0.00555068 -0.0095698 794.104
52 2329   0.00573932 -0.00957073 779.028
52 2330   0.00579399 -0.00979605 755.416
52 2331   0.00569225 -0.00993678 749.839
52 2332   0.00532256 -0.00986303 805.184
52 2333   0.00557325 -0.00985814 774.303
52 2334   0.00548635 -0.00971648 792.48
52 2335   0.00532396 -0.0101685 794.571
52 2336   0.00548764 -0.010002 775.861
52 2337   0.00533127 -0.0100074 800.595
52 2338   0.00560159 -0.0102077 712.456
52 2339   0.00550571 -0.010118 761.341
52 2340   0.00545496 -0.0102082 761.2
52 2341   0.00552415 -0.0103906 693.261
52 2342   0.00558506 -0.010299 689.162
52 2343   0.00551662 -0.0102969 724.645
52 2344   0.00566015 -0.0104168 492.291
52 2345   0.00561036 -0.0103694 624.259
52 2346   0.00557482 -0.0104159 624.832
52 2347   0.00561164 -0.0105134 488.982
52 2348   0.00565016 -0.0104632 454.983
52 2349   0.00559906 -0.0104634 559.938
52 2350   0.00566944 -0.0104967 335.743
52 2351   0.00567166 -0.0105442 239.681
52 2352   0.00564868 -0.0105236 363.297
52 2353   0.00571609 -0.0105039 149.693
52 2354   0.00569113 -0.0105276 186.766
52 2355   0.00569371 -0.010507 233.252
52 2356   0.00570781 -0.0105312 102.609
52 2357   0.00571562 -0.0105384 57.5655
52 2358   0.0057187 -0.0105178 94.4148
52 2359   0.00574041 -0.0105204 16.8771
52 2360   0.00572561 -0.0105301 40.2676
52 2361   0.00572741 -0.0105199 58.9619
52 2363   0.00574315 -0.010529 8.73606
52 2364   0.00573406 -0.0105322 15.7364
end
