769
16 251   -0.0449779 0.00332892 965.82
16 252   -0.0451567 -0.00285007 965.834
16 253   -0.0477766 -0.0217741 913.382
16 254   -0.0411382 -0.00636225 966.958
16 255   -0.0434937 -0.0296588 845.716
16 256   0.00211797 -0.0237118 893.265
16 257   -0.0384815 -0.0070591 967.956
16 258   0.00484261 -0.0222283 895.823
16 259   0.00241771 0.0220775 876.195
16 260   -0.00129654 -0.021388 948.022
16 261   0.00472203 0.0223562 819.411
16 262   -0.00206012 0.0213552 953.354
16 263   0.00645462 0.0191443 834.343
16 264   0.00552656 -0.0177199 957.333
16 265   0.0050747 0.0178702 854.257
16 266   -0.000687788 -0.0188344 954.855
16 267   0.0035458 -0.0191089 944.475
16 268   0.00277038 0.0191298 892.464
16 269   0.00682337 -0.0224729 884.844
16 270   -0.00121689 0.0188263 954.517
16 271   -0.00248416 -0.0173219 952.383
16 272   0.00682337 -0.0189957 940.537
16 273   0.00505894 0.0161304 838.946
16 274   0.00214048 -0.0179956 957.127
16 275   0.00167099 0.0180131 907.646
16 276   0.00512404 -0.0159782 969.084
16 277   0.000644768 -0.0179317 956.814
16 278   0.000178538 0.0179289 933.297
16 279   0.0058179 0.0148218 806.404
16 280   -0.00202697 -0.0156243 946.726
16 281   0.00677078 -0.0141483 944.234
16 282   0.00569163 -0.0147312 962.201
16 283   0.00687903 0.0142438 810.382
16 284   0.00330574 -0.0155854 969.306
16 285   0.00230293 -0.0162137 967.705
16 286   0.00434632 0.0137522 770.249
16 287   -0.000792614 0.0154463 960.785
16 288   -0.00258394 -0.0144579 925.141
16 289   0.0049972 -0.0120394 834.559
16 290   5.12872e-05 0.0162349 942.296
16 291   0.000208277 -0.0162229 964.165
16 292   -0.000667081 -0.0154279 961.752
16 293   0.00422167 -0.0138415 945.217
16 294   0.00313259 -0.0143379 961.146
16 295   0.00422507 0.0127397 724.707
16 296   0.00110056 0.0155423 918.888
16 297   0.0011825 -0.0155361 968.741
16 298   0.00411843 -0.0128392 905.444
16 299   0.00216404 -0.013757 947.78
16 300   0.00100054 0.0145912 922.764
16 301   -0.00048174 0.0143957 962.768
16 302   0.00101829 -0.0145898 968.943
16 303   -0.000427933 -0.014372 966.908
16 304   0.00207778 -0.0128872 914.597
16 305   0.00319544 0.0123625 712.527
16 306   -0.00187482 0.0136013 965.389
16 307   0.00138784 -0.0139512 956.268
16 308   0.00208448 0.0128168 834.862
16 309   -0.00180359 -0.0135762 936.773
16 310   0.000262136 0.014233 948.579
16 311   -0.000760563 -0.0137168 966.309
16 312   -0.00205821 0.0128589 953.414
16 313   0.000283216 -0.0142207 969.19
16 314   -0.00200187 -0.012848 918.229
16 315   -0.00120397 -0.0134736 957.867
16 316   -0.000827207 0.0138149 969.188
16 317   -0.00126881 0.0135715 968.109
16 318   0.00247467 0.0124795 757.989
16 319   0.000828997 -0.0133454 928.432
16 320   0.000323317 -0.0135419 955.901
16 321   0.00135746 -0.0125607 877.552
16 322   0.000772705 -0.0128429 869.34
16 323   -0.00159911 0.0124919 942.969
16 324   -0.00156637 -0.0124873 936.687
16 325   -3.21185e-05 0.0132258 967.308
16 326   -0.000432523 0.0133276 969.295
16 327   -0.000363363 -0.0132443 968
16 328   9.36811e-06 -0.0132207 949.545
16 329   -0.0010608 0.0130048 958.155
16 330   -0.00120771 0.0126675 942.058
16 331   -0.000651677 0.012981 960.449
16 332   -0.000430108 -0.0128208 959.648
16 333   2.93831e-05 0.0128126 967.651
16 334   0.000959566 -0.0126252 855.201
16 335   -0.00108901 -0.0129123 962.702
16 336   -0.000498942 0.0126923 931.794
16 337   6.27402e-05 -0.0128167 884.465
16 338   -0.00125312 -0.0126541 956.651
16 339   -0.000808852 -0.0127163 969.26
16 340   0.000394624 -0.0126233 814.411
16 341   -0.000972967 -0.0124581 967.1
16 342   -0.000586621 -0.0126364 964.373
16 343   -0.000948513 0.0124582 919.931
16 344   -0.000218286 0.0126258 921.561
16 345   -0.000180231 -0.0126298 917.563
16 346   0.00019708 -0.0126554 812.755
16 347   -0.000648871 0.0125068 904.338
16 501   -0.0242213 0.0325 950.865
16 502   -0.0263443 0.0225 963.975
16 503   -0.0297453 0.0245558 964.888
16 504   -0.0220977 0.0247219 959.734
16 505   -0.0209076 0.0297219 953.209
16 506   -0.0142818 0.0241656 963.538
16 507   -0.0195323 0.0222219 961.591
16 508   -0.0163728 0.0222219 963.586
16 527   0.00677078 -0.0126684 872.279
16 528   0.00617959 -0.0119393 840.584
16 529   -0.0443146 -0.0225037 940.638
16 530   -0.0429623 -0.0254745 926.611
16 552   -0.0473103 0.0259426 852.526
16 553   -0.0511394 0.0239928 847.699
16 554   -0.0440352 0.0244672 924.704
16 564   -0.016146 0.0322219 943.438
16 565   -0.0136654 0.0291656 945.803
16 566   -0.00730079 0.0334719 893.285
16 567   -0.00999174 0.0304156 927.894
16 568   -0.00879763 0.0271338 946.892
16 579   -0.00994789 -0.0304196 931.31
16 580   -0.00728731 -0.0334732 900.559
16 581   -0.00858087 -0.0271497 947.098
16 582   -0.00569793 -0.0267169 937.196
16 583   -0.0410056 0.0310455 875.326
16 584   -0.0391941 0.0336818 880.288
16 585   -0.0387146 0.0282553 930.696
16 587   -0.00690881 0.0107999 784.188
16 588   -0.00651468 0.0110064 814.153
16 591   -0.0345386 -0.0210257 946.608
16 592   -0.0328822 -0.023077 969.378
16 600   -0.0041136 0.0220582 967.112
16 601   -0.00558827 0.0239572 967.023
16 604   -0.00351641 -0.0220898 963.063
16 605   -0.00494464 -0.0240005 961.825
16 622   -0.0473563 0.0130747 958.935
16 623   -0.0423563 0.0130747 967.977
16 624   -0.0386394 0.0173372 940.826
16 625   -0.0432965 0.0168169 967.623
16 626   -0.0410177 0.0154758 969.435
16 627   -0.00697158 0.0146843 911.542
16 628   -0.00591475 0.0154843 931.712
16 629   -0.00484206 0.0147022 938.627
16 630   -0.00641178 0.0134912 889.851
16 631   -0.00533909 0.0137098 912.302
16 632   -0.006349 0.0117021 832.478
16 633   -0.0069402 0.0124868 849.879
16 634   -0.00473997 0.0131815 910.797
16 635   -0.00254993 0.0125278 950.656
16 647   -0.00688857 -0.0149419 905.187
16 648   -0.00349566 -0.0143274 904.829
16 649   -0.00453473 -0.0147227 900.652
16 650   -0.00628725 -0.0136069 860.835
16 651   -0.00512511 -0.0118453 717.704
16 652   -0.00515628 -0.0137629 851.028
16 653   -0.00356185 -0.0134236 871.522
16 654   -0.00461104 -0.0132126 807.751
16 655   -0.00455963 -0.0125076 738.082
16 657   -0.0024917 -0.0125271 885.164
16 658   -0.00364754 -0.0122648 742.076
16 659   -0.00317942 -0.0127722 843.674
16 661   -0.0501567 -0.00540453 964.23
16 664   -0.0489851 -0.00936268 962.293
16 665   -0.0513284 -0.0114531 957.808
16 666   -0.0435737 -0.0108717 966.431
16 667   -0.0464206 -0.0113176 962.96
16 668   -0.0421347 -0.0126887 968.11
16 669   -0.0433674 -0.0151769 967.283
16 670   -0.0396992 -0.0118419 969.107
16 671   -0.0387177 -0.0133331 969.591
16 707   -0.0242273 -0.0325 951.537
16 708   -0.0296847 -0.0245513 964.964
16 709   -0.0263324 -0.0225 963.987
16 710   -0.0314671 -0.0335257 939.24
16 711   -0.0280818 -0.0310257 951.063
16 712   -0.0294682 -0.028077 956.651
16 713   -0.0323455 -0.0291026 951.228
16 714   -0.0333615 -0.0320513 934.879
16 724   -0.00591475 0.0166037 931.078
16 725   -0.00697158 0.0180425 878.41
16 727   0.00690881 -0.0108292 782.5
16 728   0.00651468 -0.0110357 810.49
16 762   -0.0505623 -0.0249868 820.61
16 788   0.00294309 -0.0124659 917.074
16 789   0.00246163 -0.012544 912.437
16 840   0.00087237 0.0124954 929.503
16 841   0.0012634 0.012432 898.213
16 842   0.00138857 0.0126857 895.346
16 843   0.00345743 0.0160063 868.294
16 844   0.00193062 0.0158527 903.606
16 845   0.0023738 0.0166294 898.867
16 846   0.00352518 0.0142978 811.116
16 847   0.00339524 0.0152433 855.244
16 848   0.00263328 0.0152159 884.418
16 849   0.0023403 0.0134064 848.841
16 850   0.00293898 0.0139919 829.504
16 851   0.00258745 0.014549 875.346
16 852   0.00186581 0.0136739 891.366
16 853   0.00148604 0.0142236 907.997
16 854   0.0020835 0.0142457 890.862
16 855   0.00137035 0.0135162 908.185
16 856   0.00116635 0.0137874 916.466
16 857   0.000251156 0.0133985 958.165
16 858   0.000382992 0.0137024 949.762
16 859   0.000801701 0.0136244 932.711
16 860   0.000573558 0.0131862 947.414
16 861   0.000807396 0.0133546 933.67
16 862   0.00105262 0.0129834 918.635
16 863   0.00107732 0.0132354 918.406
16 864   0.000766274 0.0126745 938.752
16 865   0.000821357 0.0129088 933.973
16 866   0.000612212 0.0129924 947.089
16 867   0.000587239 0.0126475 951.935
16 868   0.00050479 0.0128476 954.715
16 869   0.000232494 0.0125432 966.432
16 870   0.000276848 0.0127227 965.717
16 872   0.00037491 0.0125201 964.867
16 873   0.000501714 0.0124995 958.927
16 903   -0.0370267 -0.0219463 864.034
16 904   -0.0402549 -0.0240374 966.27
16 928   -0.0072044 0.010645 750.019
16 929   -0.00740147 0.0105418 644.859
16 930   -0.0411475 0.0249971 953.328
16 931   -0.0392011 0.0261879 952.865
16 938   0.0072044 -0.0106743 750.23
16 939   0.00740147 -0.0105711 650.881
16 944   -0.00690881 -0.0108941 826.698
16 947   -0.00630749 -0.0118101 785.303
16 948   -0.00689869 -0.012669 844.989
16 967   -0.00466809 0.0204751 930.507
16 968   -0.0061279 0.0206559 781.883
16 969   -0.00624168 0.0191902 836.855
16 970   -0.0400715 0.0190153 913.386
16 971   -0.0423503 0.0186898 969.222
16 972   -0.0429357 0.0207049 966.211
16 973   -0.0396838 0.0216259 889.02
16 974   -0.0414086 0.0226449 969.186
16 975   -0.00265425 0.0179732 968.975
16 976   -0.00465643 0.0170321 950.462
16 977   -0.00498336 0.0183804 932.278
16 978   -0.00405197 0.018919 957.306
16 979   -0.00176882 0.0158596 968.018
16 980   -0.00252183 0.0169165 969.058
16 981   -0.00359262 0.016514 965.347
16 982   -0.00226712 0.0142119 967.26
16 983   -0.00229185 0.0151762 969.513
16 984   -0.00403976 0.0149618 953.254
16 985   -0.00352022 0.0157446 964.27
16 986   -0.00297246 0.0154637 967.821
16 987   -0.00293981 0.0142087 961.554
16 988   -0.00375796 0.0145306 953.574
16 989   -0.00322605 0.0148313 963.039
16 990   -0.00331131 0.0138099 952.549
16 991   -0.00406669 0.0134942 933.97
16 992   -0.00385558 0.0139913 945.859
16 993   -0.00300563 0.0128525 948.346
16 994   -0.00327771 0.0133954 948.127
16 995   -0.00376713 0.0132301 935.8
16 996   -0.00334527 0.0125551 942.748
16 997   -0.00391276 0.01242 924.135
16 998   -0.0037229 0.0128495 930.943
16 999   -0.00337375 0.0121518 949.473
16 1000   -0.00369653 0.0120994 952.365
16 1044   0.00330418 -0.0124073 919.348
16 1045   0.0035449 -0.0123682 939.18
16 1049   -0.0038989 -0.0177304 955.088
16 1050   -0.00670726 -0.0182862 965.174
16 1051   -0.00609582 -0.0164751 937.684
16 1052   -0.00487295 -0.0161 928.404
16 1053   -0.00590789 -0.0201253 898.394
16 1054   -0.0043224 -0.0199447 967.539
16 1055   -0.0112965 0.0229156 969.083
16 1056   -0.0099824 0.0209719 948.849
16 1057   -0.00948605 0.0246338 967.111
16 1058   -0.00752973 0.0234364 961.989
16 1059   -0.00751486 0.0217182 856.106
16 1080   -0.0100114 -0.0209732 956.456
16 1081   -0.0112956 -0.0229196 968.733
16 1082   -0.00926906 -0.0246497 966.39
16 1083   -0.00734274 -0.02173 882.487
16 1084   -0.00718548 -0.02346 967.184
16 1094   -0.0510347 0.0324945 677.104
16 1097   -0.0472057 0.0298581 743.153
16 1098   -0.0442751 0.0323637 763.304
16 1125   -0.0461665 -0.0323578 713.126
16 1128   -0.0510347 -0.032543 676.767
16 1129   -0.0490971 -0.0299008 708.456
16 1158   -0.0423594 -0.0198111 969.005
16 1159   -0.0420391 -0.0170554 969.296
16 1160   -0.038962 -0.0205858 788.793
16 1161   -0.0405001 -0.0214015 937.472
16 1162   -0.0386071 -0.0179985 921.64
16 1163   -0.0398248 -0.0160585 966.394
16 1168   -0.0345819 0.0210279 946.748
16 1169   -0.0329678 0.0230838 969.375
16 1170   -0.0348574 0.0252935 967.015
16 1171   -0.0374446 0.0226423 902.999
16 1172   -0.0372231 0.0248521 969.081
16 1178   0.00690881 0.0108368 833.193
16 1181   0.00718952 0.0123809 817.664
16 1182   0.00656855 0.0129266 796.242
16 1183   0.00659832 0.0116366 797.26
16 1184   0.00509057 0.0123834 734.049
16 1185   0.00596247 0.0125638 771.826
16 1186   0.00599224 0.0118008 764.148
16 1188   0.00541594 0.0114656 733.799
16 1189   0.00482475 0.0117754 714.862
16 1214   0.00228692 -0.0272283 806.056
16 1215   -0.00288936 -0.0320448 832.933
16 1216   -0.002667 -0.0285584 881.966
16 1219   0.00387637 -0.0335716 684.063
16 1220   0.000252746 -0.0335716 728.84
16 1355   0.00568819 -0.0321431 678.667
16 1356   0.00568819 -0.0292863 700.13
16 1400   0.00576741 0.0249789 749.93
16 1401   0.00568841 0.0326611 675.234
16 1416   -0.0405421 -0.0309515 882.737
16 1417   -0.0390398 -0.0336505 882.256
16 1418   -0.0358219 -0.0321762 920.195
16 1426   -0.0499779 0.00577446 964.097
16 1427   -0.0499779 0.0107711 959.703
16 1440   -0.0314865 0.0335279 938.572
16 1441   -0.0280976 0.0310279 950.598
16 1442   -0.0295275 0.0280838 956.359
16 1443   -0.0347956 0.0322098 925.753
16 1444   -0.0333354 0.0277935 956.055
16 1445   -0.0352147 0.0294195 939.897
16 1451   -0.0208993 -0.0297232 953.855
16 1452   -0.0220948 -0.0247232 959.863
16 1453   -0.0161349 -0.0322232 945.256
16 1454   -0.0136232 -0.0291696 947.264
16 1455   -0.0142827 -0.0241696 963.225
16 1473   -0.000612635 0.0334978 731.598
16 1474   -0.0037697 0.0319697 838.055
16 1475   0.00301054 0.0311589 695.591
16 1476   0.00308953 0.0281546 724.935
16 1478   -0.00546221 0.0116765 840.347
16 1481   -0.00492587 0.0123331 862.974
16 1482   -0.00430329 0.0120504 843.348
16 1524   -0.0399779 0.0107975 968.513
16 1525   -0.0399779 0.00585362 967.178
16 1534   -0.0511394 0.0177511 929.344
16 1535   -0.0457965 0.0168169 957.201
16 1536   -0.0485177 0.0154758 950.828
16 1537   -0.0497788 0.0215425 903.61
16 1538   -0.0497788 0.0194619 919.851
16 1539   -0.0470575 0.0187224 942.064
16 1540   -0.0458233 0.0224829 923.992
16 1541   -0.0444627 0.0210729 951.27
16 1542   -0.0477378 0.021508 913.93
16 1543   -0.0463772 0.020098 938.529
16 1613   -0.0511071 -0.0172511 932.603
16 1614   -0.0483213 -0.0182481 938.331
16 1615   -0.0499355 -0.0144533 950.649
16 1616   -0.047371 -0.0139065 958.111
16 1617   -0.0457568 -0.0159487 959.598
16 1632   -0.0346181 -0.0252531 967.315
16 1633   -0.0342979 -0.0277531 955.32
16 1634   -0.0383196 -0.0253979 964.606
16 1635   -0.0366295 -0.0241225 965.533
16 1636   -0.0360651 -0.0293523 937.667
16 1637   -0.0380754 -0.0281277 937.833
16 1643   -0.00557259 0.0256932 948.619
16 1644   -0.00682563 0.0276723 932.168
16 1645   -0.00448865 0.029452 889.03
16 1646   -0.00010721 0.0279888 816.937
16 1647   -0.00375447 0.0264702 917.225
16 1648   -0.00271675 0.0284754 876.855
16 1649   0.000738996 0.0237832 887.691
16 1650   -0.00124402 0.0232802 920.105
16 1651   -0.000153426 0.0262352 869.168
16 1652   -0.00213644 0.0257322 907.623
16 1654   -0.0164288 -0.0222232 963.249
16 1655   -0.0195508 -0.0222232 961.491
52 352   -0.00289544 -0.00443742 914.965
52 353   -0.00288576 -0.00215344 912.911
52 354   -0.00492022 -0.000908569 905.124
52 355   0.00142805 0.00453855 926.051
52 356   -0.000726159 0.00115857 920.545
52 357   -0.000791057 -0.0011059 919.144
52 358   0.00116248 -0.00225358 923.408
52 359   -0.00470713 0.00125751 909.913
52 360   0.0031441 0.000968579 911.786
52 361   0.00313546 -0.00120353 915.387
52 362   0.00123602 0.00218299 919.265
52 363   -0.00260778 0.0022771 921.44
52 364   0.0048737 0.00200907 903.427
52 365   0.0032448 0.00527559 913.587
52 366   0.00492728 -0.00431957 923.713
52 367   0.0048209 -0.00226791 911.959
52 368   -0.0062954 0.00231764 904.414
52 369   0.00648745 0.00110157 895.68
52 370   0.00633101 0.00500544 881.534
52 371   0.00795191 0.00221831 870.456
52 372   0.00478237 0.00396052 902.329
52 373   -0.00603982 0.00408736 913.242
52 374   -0.00408934 0.00843324 968.245
52 375   0.00627985 -0.00165494 902.029
52 376   -0.00751803 0.00464379 902.127
52 377   0.0064313 -0.00479555 915.05
52 378   -0.00176495 0.00871924 968.877
52 379   0.00684811 -0.000431378 896.637
52 380   -0.00291164 0.00892723 969.056
52 381   -0.00757634 0.00587893 911.665
52 382   0.00705939 -0.00582726 917.937
52 383   -0.00892926 0.00608477 879.004
52 384   0.00746687 -0.00262634 892.75
52 385   0.00692186 -0.00682876 937.268
52 386   0.00751194 -0.00371528 896.118
52 387   -0.00501545 0.00957009 962.794
52 388   0.00821889 -0.000841723 886.364
52 389   -0.00864432 0.00386482 871.065
52 390   0.00908275 -0.00681087 890.394
52 391   0.00923331 -0.00581427 858.115
52 392   0.00440497 -0.0103921 944.988
52 393   0.00853671 -0.0042436 876.459
52 394   0.0084507 -0.00202879 874.816
52 395   0.00905713 -0.000475539 892.524
52 396   0.00836472 -0.0053118 892.341
52 397   0.000412869 0.00985177 944.067
52 398   0.00807664 -0.00730989 929.366
52 399   0.00943167 -0.00385309 819.925
52 400   -0.00446001 0.0105209 938.424
52 401   -0.00993224 0.00545154 820.529
52 402   0.00173087 -0.0111422 962.913
52 403   0.0101257 -0.0053006 805.722
52 404   0.00934372 -0.00234988 827.212
52 405   -0.00590634 0.00961176 950.664
52 406   -0.00121588 0.00986038 965.433
52 407   -0.00237066 0.0110275 967.22
52 408   -0.00171806 0.0107016 962.544
52 409   0.0100317 -0.00113115 843.03
52 410   0.00970474 -0.00307393 790.72
52 411   0.0101521 -0.00440761 784.506
52 412   -0.00993252 0.00472939 810.302
52 413   0.0100864 -0.00181842 784.246
52 414   -0.00954039 0.00415415 821.295
52 415   0.000754353 0.0105265 900.938
52 416   -0.000493861 0.010066 952.555
52 417   0.00104035 -0.0110461 943.741
52 418   0.000577896 -0.0107001 930.172
52 419   -0.00123571 0.0111476 950.962
52 420   -0.0107005 0.00437269 762.048
52 421   0.0107545 -0.00413258 747.241
52 422   -0.000595123 0.0107723 930.248
52 423   0.0104208 -0.00299178 730.742
52 424   -0.0106971 0.00379198 738.456
52 425   0.0106668 -0.00211988 722.666
52 426   -0.00117393 0.0115996 955.814
52 427   0.000170098 0.0110235 873.132
52 428   -0.000272649 0.0110551 896.138
52 429   0.0108119 -0.00364342 725.164
52 430   -0.000597081 -0.0108302 882.128
52 431   -0.0111039 0.00350655 711.429
52 432   0.000182097 -0.0111783 877.291
52 433   0.0106401 -0.00256919 714.731
52 434   0.0107008 -0.00327149 718.23
52 435   0.0110689 -0.00199675 705.166
52 436   -0.0111065 0.00314988 701.139
52 437   0.0111944 -0.00352152 707.947
52 438   -0.000116887 -0.0112662 842.819
52 439   -0.000343564 -0.0111433 854.05
52 440   0.000843763 -0.0115844 938.896
52 441   -0.000666873 0.0116092 918.341
52 442   -0.000406179 0.0114399 879.427
52 443   0.0110153 -0.00304408 700.45
52 444   -0.0114057 0.0029987 688.435
52 445   0.000333584 -0.0114985 860.299
52 446   0.0112266 -0.00316733 696.769
52 447   0.0109723 -0.00262521 698.233
52 448   0.000532795 -0.0115585 896.138
52 449   0.0114286 -0.00301278 687.583
52 450   0.0112131 -0.00230127 691.671
52 451   0.0110675 -0.00282039 695.283
52 452   0.000878655 -0.0117954 953.043
52 453   -1.90842e-05 0.0115914 800.008
52 454   -0.000206071 0.0115826 833.371
52 455   0.0111433 -0.00248042 691.568
52 456   -0.000126025 -0.011605 787.485
52 457   -0.0113454 0.002229 691.439
52 458   -0.000596791 0.0118271 927.275
52 459   0.0114138 -0.00282129 682.951
52 460   -0.0114166 0.00279649 683.179
52 461   0.0114156 -0.00230589 684.601
52 462   0.000497828 -0.0117819 897.938
52 463   0.000191083 -0.0116849 811.194
52 464   0.011264 -0.00275215 687.039
52 465   0.0112917 -0.00258962 685.048
52 466   0.00035678 -0.0118665 857.609
52 467   6.74879e-05 -0.0117493 755.982
52 468   -2.38343e-05 -0.0117312 753.249
52 469   -0.000411787 0.0118597 882.423
52 470   -0.000244431 0.0117499 812.817
52 471   0.000249246 -0.0118297 798.407
52 472   -0.000307439 0.0118369 825.404
52 473   0.000605919 -0.0118433 932.884
52 474   0.0115233 -0.00272561 677.642
52 475   0.011459 -0.00244469 679.879
52 476   0.0114049 -0.00254927 680.648
52 477   0.0114867 -0.00261612 677.381
52 478   0.000161359 -0.0119105 677.916
52 479   -0.000129697 0.011794 762.222
52 480   0.0116134 -0.00273003 675.038
52 481   0.0115508 -0.00247211 676.194
52 482   -0.000230961 0.0119303 767.404
52 483   7.50513e-05 -0.011888 601.423
52 484   -0.00012416 0.0118739 696.832
52 485   0.011553 -0.00256699 674.776
52 486   0.0116058 -0.0024548 674.864
52 487   -0.000162417 0.0119231 659.594
52 488   0.011627 -0.00264464 672.56
52 489   0.0116031 -0.00259109 672.795
52 490   0.00014745 -0.0119686 473.778
52 491   0.0116724 -0.00263021 670.816
52 492   0.0116401 -0.00251854 672.102
52 493   3.74981e-05 -0.0119362 392.067
52 494   0.0116803 -0.0025277 670.548
52 495   0.0116353 -0.00255995 671.56
52 496   -0.000133417 0.0119694 432.142
52 497   0.0116707 -0.00258495 670.089
52 498   0.0116963 -0.00256916 669.067
52 499   0.0117167 -0.00256806 668.238
52 500   5.96815e-05 -0.0119974 2.93228
52 518   0.00396492 -0.00545567 941.46
52 519   0.00448053 -0.00693368 955.89
52 520   0.0061807 -0.00731583 954.725
52 521   0.00532982 -0.00731636 958.254
52 522   0.00549573 -0.00817458 967.321
52 523   0.00656012 -0.00798231 963.093
52 524   0.00613309 -0.00836578 968.203
52 526   -0.00893216 0.00702798 899.731
52 531   0.000232941 0.00583652 942.958
52 532   -0.00119417 0.00776023 964.703
52 533   -0.00224152 0.00400067 932.195
52 534   -0.000915055 0.0052468 942.467
52 535   -0.00160781 0.00646263 954.217
52 536   -0.00472132 0.00473111 929.639
52 537   -0.00322391 0.0045889 935.239
52 538   -0.00264464 0.00584412 948.185
52 539   -0.00427818 0.0073027 960.529
52 540   -0.00471756 0.00575347 940.799
52 541   -0.00356653 0.00621918 950.451
52 542   -0.00659502 0.00657282 937.145
52 543   -0.00550408 0.00637618 944.276
52 544   -0.00535434 0.0072978 957.999
52 545   -0.00677787 0.00724838 947.512
52 546   -0.0061127 0.0077405 961.136
52 547   -0.00628929 0.00907721 965.06
52 548   -0.0063456 0.00834771 967.788
52 549   -0.0067352 0.00946533 939.161
52 550   -0.00707445 0.00927468 958.955
52 607   0.00633553 0.00646676 880.214
52 608   0.00542656 0.00724715 896.707
52 610   0.000298366 0.0113247 833.774
52 611   0.000148742 0.0115094 807.132
52 616   -3.93844e-05 0.0117871 740.768
52 617   3.28675e-05 0.0117517 752.664
52 641   -0.00315674 0.0101096 966.533
52 642   -0.00287359 0.0106791 966.296
52 643   -0.003779 0.0105665 955.034
52 644   -0.00332468 0.0111661 966.853
52 645   -0.00366701 0.0111057 951.301
52 698   0.00240706 -0.00723843 961.02
52 699   0.00362244 -0.00844277 968.472
52 700   0.00351271 -0.00752904 963.058
52 701   0.00212812 -0.0104613 966.059
52 702   0.00290045 -0.00909246 969.54
52 703   0.0036638 -0.0104029 959.222
52 704   0.00314683 -0.00988233 967.783
52 705   0.00279447 -0.0106027 966.373
52 706   0.00308071 -0.0111637 967.509
52 795   1.10587e-05 0.0118501 672.845
52 798   -6.9974e-05 0.0118846 626.481
52 799   -2.50673e-05 0.0118678 647.996
52 800   -9.57677e-06 0.0119025 543.799
52 801   -6.98416e-05 0.011919 511.733
52 802   -3.91253e-05 0.0119197 483.255
52 803   9.19265e-05 -0.0119708 223.831
52 804   6.26003e-05 -0.0119817 31.3804
52 805   6.82817e-05 -0.011961 254.625
52 806   5.37432e-05 -0.0119707 124.551
52 915   0.00810064 -0.00805581 951.425
52 917   0.00704435 -0.00823795 965.456
52 918   0.00771518 -0.00881713 969.099
52 919   0.00759758 -0.00830532 964.188
52 920   0.00639745 -0.00878082 969.407
52 921   0.00688327 -0.00865325 969.438
52 922   0.00690758 -0.00930802 952.169
52 923   0.00707503 -0.00892507 968.684
52 924   0.00735371 -0.00902159 968.759
52 926   0.00707313 -0.00946806 936.016
52 927   0.00729938 -0.00934101 957.368
52 1004   -0.00739884 0.00748041 945.661
52 1005   -0.00812535 0.00751498 933.816
52 1006   -0.00704144 0.00811893 962.813
52 1008   -0.00829749 0.00804775 946.736
52 1009   -0.00754617 0.00840564 964.523
52 1010   -0.00746586 0.00892721 969.297
52 1042   0.00342681 -0.011103 964.768
52 1043   0.00365754 -0.0110625 941.062
52 1066   0.000641642 0.00903194 965.123
52 1067   0.000667381 0.0073881 955.065
52 1068   -6.69735e-05 0.00809598 965.658
52 1069   0.00135671 0.00879659 967.088
52 1070   0.00139528 0.00785154 953.923
52 1071   0.00334067 0.00683269 915.371
52 1072   0.00442827 0.00736912 897.397
52 1073   0.00393766 0.00857047 895.449
52 1074   0.00283078 0.00850656 926.188
52 1075   0.00230626 0.00776582 936.667
52 1078   0.00196686 0.00928556 962.95
52 1079   0.00252995 0.00908125 938.754
52 1130   -0.00111733 -0.00508956 931
52 1131   0.000845883 -0.00395326 931.775
52 1132   0.00224345 -0.0050472 941.011
52 1133   0.00165342 -0.0062346 951.921
52 1134   0.00028503 -0.00630137 949.659
52 1135   -0.00108816 -0.00625027 939.049
52 1136   -0.00127785 -0.00898911 964.179
52 1137   -0.000965935 -0.0079835 960.235
52 1138   -0.00172429 -0.00718937 941.899
52 1139   -0.00453725 -0.00509167 903.932
52 1140   -0.0066409 -0.00636034 872.028
52 1141   -0.00584838 -0.006589 891.874
52 1142   -0.00561548 -0.00769246 896.574
52 1143   -0.0046424 -0.00635666 902.141
52 1144   -0.00410572 -0.00852742 890.117
52 1145   -0.00403375 -0.00714884 906.368
52 1146   -0.00478525 -0.00777138 891.395
52 1147   -0.00240917 -0.00751798 932.479
52 1148   -0.00316409 -0.00743219 916.468
52 1149   -0.0033525 -0.00825904 911.565
52 1150   -0.00194082 -0.00880694 959.362
52 1151   -0.00288137 -0.00855973 924.096
52 1152   -0.00231379 -0.00812994 939.113
52 1154   -0.00278996 -0.00913457 928.332
52 1155   -0.00222687 -0.00933888 953.117
52 1227   8.93412e-05 -0.0119863 79.9806
52 1230   6.96293e-05 -0.0119957 4.50445
52 1231   7.45535e-05 -0.0119873 22.9241
52 1251   -4.00661e-05 0.0119478 341.788
52 1256   0.00466486 -0.00967873 961.919
52 1257   0.00438719 -0.00877955 969.402
52 1258   0.00512516 -0.0086317 969.278
52 1259   0.00541057 -0.00924282 966.858
52 1260   0.0057255 -0.0100676 934.929
52 1261   0.00526439 -0.00975906 955.042
52 1262   0.00622999 -0.00916377 964.625
52 1263   0.00582562 -0.00936012 961.978
52 1264   0.00591774 -0.00974254 945.677
52 1265   0.00654836 -0.00941915 948.043
52 1268   0.00648766 -0.00970623 927.073
52 1269   0.00626141 -0.00983328 930.534
52 1270   0.00759963 0.00469641 868.697
52 1271   0.00817399 0.00364505 854.524
52 1328   -0.00642871 -0.00199086 895.047
52 1329   -0.00603606 -0.00388998 893.418
52 1331   -0.00847133 -0.00367233 848.826
52 1334   -0.00738256 -0.00544446 862.819
52 1335   -0.00722091 -0.00440062 877.57
52 1336   0.00161573 -0.00790762 965.783
52 1337   0.00199939 -0.00884793 969.402
52 1338   0.00157942 -0.00949644 968.707
52 1339   0.000533377 -0.00747137 961.374
52 1340   -8.14603e-05 -0.0082144 966.074
52 1341   0.000509731 -0.0101556 949.123
52 1342   0.00028561 -0.00914107 969.028
52 1343   0.000876237 -0.00945726 967.387
52 1344   -0.000495836 -0.0104248 913.844
52 1345   -1.14995e-05 -0.0101055 941.932
52 1346   -0.000150293 -0.00957332 960.939
52 1347   -0.000791769 -0.0101442 923.034
52 1348   -0.00105582 -0.00963773 938.331
52 1349   -0.000602746 -0.00966678 951.305
52 1352   -0.00114752 -0.0102353 906.955
52 1353   -0.00134217 -0.00999495 907.935
52 1567   -9.15847e-05 0.0119864 96.9767
52 1568   -0.000104119 0.0119649 331.218
52 1569   -8.65457e-05 0.0119464 411.821
52 1609   0.00923358 0.000458285 892.493
52 1610   0.00906804 0.00164481 872.082
52 1661   -0.011569 0.00276964 677.582
52 1664   -0.0115626 0.00269779 676.176
52 1665   -0.0116362 0.00269077 673.455
52 1666   -0.0116287 0.00263472 672.559
52 1667   -0.0116599 0.00260774 671.054
52 1668   -0.00923118 -0.00136719 881.418
52 1669   -0.00832962 -0.00256123 861.048
52 1670   -0.00747184 -0.0013904 890.082
52 1671   -0.00888506 -0.000188515 895.346
52 1672   -0.00786173 -0.000204205 892.487
52 1673   -0.00778945 0.000867166 892.477
52 1674   -0.00747933 0.00182339 893.978
52 1675   -0.00891659 0.00235169 858.411
52 1676   -0.00835005 0.00281413 876.566
52 1677   -0.00909604 0.000651636 895.465
52 1678   -0.00868574 0.00161568 876.769
52 1679   -0.00842932 0.0011219 887.246
52 1680   -0.0101307 0.000993304 860.986
52 1681   -0.00948009 0.00090245 893.488
52 1682   -0.00922484 0.00138839 869.632
52 1683   -0.0101646 0.00145512 813.071
52 1684   -0.00964225 0.00161116 841.256
52 1685   -0.0105236 0.00171743 760.392
52 1686   -0.010452 0.0020682 746.892
52 1688   -0.0108343 0.00168119 738.996
52 1705   -0.0115997 0.00247075 676.164
52 1708   -0.0116104 0.00251109 674.569
52 1709   -0.0116571 0.0025048 673.294
52 1710   -0.0111856 0.00220948 697.461
52 1711   -0.0107526 0.00219741 718.203
52 1712   -0.0110924 0.00195827 709.237
52 1713   -0.0109017 0.00194232 719.188
52 1714   -0.00971054 0.00208662 813.495
52 1715   -0.00952398 0.00259986 816.48
52 1716   -0.0101613 0.00228135 766.089
52 1717   -0.0103433 0.00360006 752.943
52 1718   -0.00995459 0.00360553 782.614
52 1719   -0.00982097 0.00308625 788.009
52 1720   -0.0103876 0.00318884 740.611
52 1721   -0.0100922 0.00293769 763.578
52 1722   -0.010246 0.00264603 750.285
52 1723   -0.0105637 0.00274463 723.23
52 1724   -0.0108837 0.00301464 706.8
52 1725   -0.0106042 0.00303356 722.469
52 1726   -0.0108177 0.00239616 709.579
52 1727   -0.0107415 0.00262217 711.499
52 1728   -0.01106 0.00239227 698.453
52 1729   -0.0108932 0.00269731 703.756
52 1730   -0.0109949 0.00280086 699.683
52 1731   -0.0110727 0.00255705 696.055
52 1732   -0.0112992 0.00272026 686.524
52 1733   -0.0111941 0.00259519 690.732
52 1734   -0.0111544 0.002726 692.571
52 1735   -0.0113118 0.00255281 685.859
52 1736   -0.0113661 0.00262611 683.324
52 1737   -0.0115094 0.00236337 682.217
52 1738   -0.0114106 0.00237748 685.016
52 1739   -0.0113811 0.00248035 683.821
52 1740   -0.0115351 0.00245913 678.519
52 1741   -0.0114407 0.0025938 680.296
52 1742   -0.011491 0.00250633 679.068
52 1743   -0.0114358 0.00251344 681.181
52 1744   -0.0115146 0.00256482 677.327
52 1745   -0.0115229 0.00264528 676.946
52 1746   -0.0114865 0.00260858 678.346
52 1747   -0.0115488 0.0025814 675.786
52 1748   -0.0115898 0.00261811 674.02
52 1749   -0.0115576 0.00262165 675.386
52 1750   -0.0115902 0.00254524 674.446
52 1751   -0.0115697 0.00256868 674.99
52 1752   -0.0115924 0.00258705 673.877
52 1753   -0.0116393 0.00257854 671.909
52 1754   -0.0116152 0.00255278 673.33
52 1755   -0.0116107 0.00257445 673.188
52 1756   -0.0116591 0.00253475 672.126
52 1757   -0.0116501 0.00256516 671.625
52 1758   -0.0116373 0.00254858 672.51
52 1759   -0.0116684 0.00256112 670.956
52 1760   -0.0116752 0.00254155 671.387
52 1763   -0.0117189 0.0025557 669.877
52 1764   -0.011694 0.00253718 671.067
52 1765   -0.0117043 0.00255166 670.125
52 1766   -7.52211e-05 0.0119786 89.5737
52 1767   -5.66338e-05 0.0119582 280.351
52 1768   -7.2397e-05 0.0119575 305.912
52 1769   -5.86478e-05 0.01198 45.5758
52 1770   -6.8144e-05 0.01199 32.9446
52 1772   -0.0116884 0.00261184 669.916
52 1774   -0.0116971 0.00259043 669.276
52 1775   -0.0117062 0.00256637 669.115
52 1776   -0.0116891 0.00257146 669.806
end
