955
52 253   -0.00271257 0.00459235 912.334
52 254   -0.00275856 0.00228782 910.233
52 255   -0.00481639 0.0010529 902.482
52 256   -0.00461141 -0.00119717 907.587
52 257   -0.000679595 0.00121452 915.652
52 258   0.00132312 0.0023918 919.967
52 259   0.00329762 0.00131455 912.237
52 260   -0.000638571 -0.00102733 916.452
52 261   -0.00412493 -0.00560544 939.955
52 262   0.00321329 -0.00088824 908.765
52 263   -0.00251256 -0.0022041 917.774
52 264   0.001349 -0.00429767 920.549
52 265   0.00531974 0.00467316 921.634
52 266   -0.00599772 -0.0045763 915.705
52 267   0.00127981 -0.00205283 915.125
52 268   -0.00232632 -0.00435876 932.073
52 269   0.00518182 0.00244068 908.117
52 270   -0.00038315 -0.00542683 937.794
52 271   0.00488985 -0.00199992 900.333
52 272   -0.00629797 -0.0023227 901.41
52 273   0.00307828 -0.00510223 910.425
52 274   0.00617332 -0.00513468 878.275
52 275   0.00653611 -0.0011775 891.438
52 276   -0.000392861 -0.00730413 956.287
52 277   0.00791005 -0.00241825 864.899
52 278   0.00468566 -0.00396907 899.565
52 279   -0.00755677 -0.00522331 904.578
52 280   -0.00803045 -0.00660026 913.031
52 281   0.00666009 0.00175607 896.175
52 282   -0.00179667 -0.00826991 967.162
52 283   0.00701738 0.000382646 891.044
52 284   -0.00778863 -0.00171394 883.583
52 285   -0.00854497 -0.000616494 885.226
52 286   0.00216503 0.00865624 968.699
52 287   0.00799295 0.00267119 877.181
52 288   -0.00881434 -0.00408728 861.002
52 289   0.0101069 0.00414049 780.314
52 290   0.00839568 0.000712517 875.163
52 291   -0.00952775 -0.00625115 854.44
52 292   -0.00987262 -0.00450754 806.654
52 293   0.00880669 0.00191103 849.093
52 294   0.00913829 0.000239423 884.028
52 295   -0.00149218 -0.0095308 967.578
52 296   -0.0101123 -0.00529446 799.946
52 297   -0.00892322 -0.00315372 844.699
52 298   -0.00861784 -0.00248259 860.518
52 299   0.00968429 0.00216736 788.972
52 300   -0.00960454 -0.00108954 848.349
52 301   -0.0105007 -0.00376705 756.889
52 302   0.0101132 0.000825609 821.095
52 303   0.0102482 0.00155504 759.1
52 304   0.0100995 0.00291382 756.142
52 305   0.0107697 0.00437214 763.209
52 306   -0.0103353 -0.000972716 792.437
52 307   -0.000670223 -0.00982469 956.474
52 308   -0.0093804 -0.00190747 824.715
52 309   0.00149143 0.0101764 956.261
52 310   -0.0097712 -0.00287488 785.868
52 311   -0.0102904 -0.00306795 749.411
52 312   -0.00124035 -0.010823 929.062
52 313   -0.00073507 -0.0106053 920.088
52 314   -0.00987346 -0.00223036 779.261
52 315   0.00212285 0.0112958 962.022
52 316   0.0107252 0.00280456 714.693
52 317   -0.0110616 -0.00366876 731.369
52 318   -0.00121519 -0.0113628 907.918
52 319   0.0108302 0.00179881 709.769
52 320   0.0014204 0.0107733 939.1
52 321   -0.0105591 -0.00159594 737.212
52 322   0.00169754 0.0111832 944.842
52 323   -0.00158885 -0.0115219 942.901
52 324   0.0110498 0.00315969 711.107
52 325   0.010892 0.00230187 702.459
52 326   -0.0103214 -0.00203565 743.801
52 327   -0.0106961 -0.00267181 717.137
52 328   0.00143861 0.0115851 929.123
52 329   -0.0106248 -0.00228404 718.311
52 330   -0.0109234 -0.00168958 710.321
52 331   0.00111392 0.0114497 892.108
52 332   -0.0110412 -0.00267705 702.207
52 333   -0.0112824 -0.00306027 704.756
52 334   -0.0112543 -0.00281554 698.709
52 335   0.0110869 0.00350061 721.36
52 336   -0.00085561 -0.0116059 845.844
52 337   -0.0111661 -0.00160286 702.932
52 338   -0.00040469 -0.0114411 809.501
52 339   0.011139 0.00157987 701.767
52 340   -0.0109037 -0.0020814 704.371
52 341   0.0112268 0.00230008 689.636
52 342   0.0113822 0.00272012 692.206
52 343   0.00092711 0.01163 855.627
52 344   0.0113386 0.00299226 700.303
52 345   -0.000620521 -0.0115362 805.99
52 346   -0.0110982 -0.00217915 695.875
52 347   -0.0115241 -0.00259786 686.77
52 348   0.0113505 0.00247812 687.542
52 349   -0.0111645 -0.00238703 694.012
52 350   -0.0113071 -0.00187778 691.152
52 351   -0.0114964 -0.00242212 683.019
52 352   -0.0114814 -0.00188864 685.216
52 353   -0.0112589 -0.00206225 689.996
52 354   -0.000849717 -0.0118454 833.943
52 355   0.0115572 0.00268225 687.679
52 356   -0.0113498 -0.00234978 686.79
52 357   -0.000228326 -0.0116049 767.631
52 358   -0.0113833 -0.00217975 684.566
52 359   0.000948578 0.0118299 859.625
52 360   -0.000524186 -0.0117482 735.36
52 361   0.000793159 0.0118629 807.883
52 362   -0.0116101 -0.00232124 677.608
52 363   -0.0115392 -0.00203622 679.987
52 364   -0.0114893 -0.00214285 680.569
52 365   -0.000336128 -0.0117289 723.407
52 366   0.000694137 0.0118363 762.132
52 367   -0.000416158 -0.0117771 683.983
52 368   -0.0115695 -0.002212 677.45
52 369   -0.0117003 -0.00232491 675.071
52 370   0.000623161 0.0119139 644.303
52 371   -0.0116281 -0.00206541 676.449
52 372   -0.0116338 -0.00216154 674.939
52 373   -0.0116831 -0.0020476 675.119
52 374   -0.000417134 -0.0118679 539.922
52 375   -0.0117101 -0.00223972 672.701
52 376   -0.0116843 -0.00218559 672.97
52 377   -0.0117553 -0.00222478 670.964
52 378   -0.0117202 -0.00211178 672.317
52 379   -0.0117157 -0.00215364 671.746
52 380   -0.00047835 -0.0119881 2.73785
52 381   -0.0118048 -0.00214211 670.843
52 386   0.00282207 0.00585095 946.202
52 387   0.00420275 0.00582739 943.042
52 388   0.00284718 0.00784871 965.001
52 389   0.00385141 0.00825627 967.551
52 390   0.0046043 0.00739402 960.219
52 391   0.00537475 0.00790776 964.675
52 392   0.00689036 0.0056401 917.401
52 393   0.00924391 0.00512808 844.053
52 394   0.0080853 0.00432274 886.576
52 395   0.00618757 0.00765512 958.646
52 396   0.00690008 0.00696104 938.555
52 399   -0.00304666 -0.00805701 966.36
52 400   -0.00412448 -0.00722156 958.647
52 401   -0.00380014 -0.00913798 969.285
52 402   -0.00357001 -0.00992244 965.176
52 413   0.00252458 0.0109053 966.243
52 414   0.00217031 0.0101957 964.944
52 415   0.00266016 0.00982825 967.884
52 416   0.00305151 0.0111402 969.306
52 431   -0.00584188 0.00555644 881.5
52 432   -0.00417055 0.00567836 902.349
52 433   -0.0062436 0.00699565 876.467
52 436   0.00611182 -0.00663242 876.326
52 439   0.00309127 -0.0066467 911.974
52 444   -0.0069829 0.00498015 872.054
52 447   0.000782399 -0.00790397 955.156
52 448   0.00201416 -0.00751236 930.444
52 449   0.00279185 -0.00862023 913.511
52 450   0.00225283 -0.0082509 930.239
52 452   0.00247607 -0.00926637 922.741
52 456   0.00920853 0.00662778 884.604
52 589   0.000533625 0.011859 621.413
52 590   0.000563845 0.0119018 542.834
52 592   0.000350234 0.0117655 695.102
52 593   0.00073063 0.0107508 908.201
52 594   0.00102739 0.0111315 897.559
52 595   0.00107494 0.010857 918.551
52 596   0.000450707 0.0110549 866.499
52 597   0.00062147 0.0109437 886.904
52 598   0.00079732 0.0110843 883.214
52 599   0.000496547 0.0113528 826.731
52 600   0.000553064 0.0111825 856.031
52 601   0.000700049 0.0112085 863.149
52 602   0.000757742 0.0114933 834.93
52 603   0.000584473 0.0114231 823.429
52 604   0.000702593 0.0113345 848.721
52 605   0.000671017 0.0117395 776.027
52 606   0.000589733 0.0115534 799.623
52 607   0.000689511 0.0116106 803.803
52 608   0.000529729 0.0118105 683.803
52 609   0.000581035 0.0117472 747.202
52 610   0.000469605 0.0116792 753.993
52 611   0.000540469 0.0116626 768.44
52 612   0.000406662 0.0117732 691.138
52 613   0.000477966 0.0117945 683.673
52 614   0.000458408 0.0117477 720.296
52 616   0.000439056 0.0118347 612.624
52 617   0.000398523 0.0118332 612.823
52 620   0.000484211 0.0118803 524.1
52 621   0.000426545 0.0119001 443.255
52 622   0.000441405 0.0118721 530.313
52 623   0.000454366 0.0119116 402.211
52 624   0.000484336 0.011905 443.489
52 626   0.000456103 0.0119361 270.165
52 627   0.0112838 0.00184531 690.675
52 628   0.0114463 0.00183447 685.723
52 629   0.0113099 0.00206244 686.574
52 630   0.0115268 0.0021953 678.049
52 631   0.0114363 0.00210366 681.544
52 632   0.0115085 0.00199956 680.238
52 633   0.0116033 0.00214294 675.365
52 634   0.0116749 0.00204528 674.307
52 635   0.011594 0.00204589 676.761
52 636   0.0116664 0.00216514 673.028
52 637   0.0117019 0.00211953 672.007
52 638   0.011741 0.0021401 670.48
52 639   0.0117666 0.00212642 669.819
52 640   -0.000681543 -0.0118481 759.935
52 641   -0.000642993 -0.0119219 673.838
52 642   -0.000591101 -0.0118207 709.49
52 643   -0.000538672 -0.0118741 598.206
52 644   -0.00056643 -0.0119148 529.725
52 645   -0.000526775 -0.0119436 330.166
52 646   0.000531546 0.0119441 337.346
52 647   0.000501451 0.0119259 365.429
52 648   0.000533676 0.0119683 219.713
52 674   -0.00543486 -0.00791879 964.48
52 675   -0.00552144 -0.00944761 956.335
52 676   -0.00491282 -0.00882346 969.222
52 677   -0.00640064 -0.00940994 945.567
52 685   0.00424542 0.00920115 968.192
52 686   0.00344949 0.0101402 965.115
52 687   0.00403871 0.0099013 960.147
52 688   0.00342024 0.0109092 967.925
52 689   0.00355289 0.0105759 962.991
52 690   0.00404356 0.0110818 928.916
52 691   0.00374117 0.0111461 968.124
52 710   -0.00786763 -0.00758346 937.051
52 711   -0.00747614 -0.00862501 964.267
52 712   -0.00683154 -0.00793288 958.21
52 755   0.00512156 0.0103591 901.507
52 767   -0.00536467 -0.0100851 921.753
52 776   -0.000922599 0.00522179 927.988
52 777   0.00176587 0.00527334 940.101
52 778   0.00103413 0.00409455 928.982
52 779   -0.000867883 0.00638467 936.659
52 780   0.000486161 0.00641649 948.216
52 781   -0.00165403 0.00743992 937.083
52 782   -0.00237774 0.0091379 926.707
52 783   0.00744611 -0.00492161 865.465
52 784   0.00805681 -0.00389094 848.418
52 817   -0.00052737 -0.0119668 195
52 844   -0.000528632 0.0104818 902.24
52 845   -0.000815411 0.0101519 911.107
52 884   0.000350707 -0.010582 899.159
52 888   0.000125692 -0.0108409 879.373
52 891   -0.000200044 -0.0112953 829.377
52 892   -0.000270175 -0.0109295 876.255
52 893   -0.000145823 -0.00954412 962.083
52 894   0.000405185 -0.00883832 968.618
52 895   0.000335208 -0.0100635 932.618
52 896   0.00166753 -0.00871237 951.73
52 897   0.0010208 -0.00946205 955.939
52 898   0.00105165 -0.00890817 965.81
52 899   0.0014865 -0.00945084 967.827
52 900   0.00178686 -0.00908164 953.876
52 901   0.00205638 -0.00926631 943.319
52 903   0.00161355 -0.00968164 966.597
52 904   0.00189849 -0.00958937 952.826
52 945   -0.00045634 -0.0118933 465.857
52 946   -0.000489125 -0.0118915 495.641
52 947   -0.000496503 -0.0119241 371.65
52 949   -0.000443458 -0.0119223 355.049
52 1054   0.00903051 -0.0019212 866.518
52 1055   0.00923736 -0.000741185 887.455
52 1109   0.000488337 0.0119412 265.319
52 1110   0.000472959 0.0119448 216.175
52 1112   0.000471724 0.0119639 71.7471
52 1122   -0.011759 -0.00218716 670.031
52 1123   -0.0117452 -0.00217015 670.468
52 1124   -0.0117832 -0.00217865 669.008
52 1125   0.0115001 0.00237804 681.208
52 1126   0.0115482 0.00228622 678.132
52 1127   0.011583 0.00247913 681.514
52 1128   0.0116513 0.00244381 679.182
52 1132   0.0117064 0.00235871 675.704
52 1133   0.0116527 0.00237397 677.158
52 1134   0.0116324 0.00231746 676.224
52 1135   0.0117372 0.00228403 672.929
52 1136   0.0116713 0.00228687 674.5
52 1137   0.011701 0.00231752 674.601
52 1138   0.0117238 0.00224964 672.272
52 1139   0.0116877 0.00220671 672.535
52 1140   0.0116848 0.00224485 673.222
52 1141   0.0117396 0.00222672 671.334
52 1142   0.0117683 0.00221901 670.441
52 1143   0.0117297 0.00217051 670.725
52 1144   0.0117118 0.00219151 671.536
52 1145   0.0117248 0.00220673 671.319
52 1146   0.0117617 0.00219806 670.059
52 1147   0.0117408 0.0021943 670.608
52 1148   0.0117443 0.00217715 670.267
52 1149   0.0117597 0.00217426 669.708
52 1150   0.0117706 0.00218756 669.59
52 1151   0.0117735 0.00214633 669.22
52 1152   0.0117697 0.00216472 669.274
52 1153   0.0117867 0.00213915 668.888
52 1167   -0.000503739 -0.0119648 110.634
52 1236   0.00526664 0.00864886 969.51
52 1237   0.0048902 0.00907998 967.48
52 1238   0.00523566 0.00981633 940.722
52 1239   0.00569222 0.00991073 924.796
52 1240   0.00576326 0.00900602 967.59
52 1241   0.00584337 0.00953155 947.836
52 1242   0.00750884 0.00892583 967.06
52 1243   0.00670099 0.00813892 963.522
52 1244   0.00658141 0.00859648 969.126
52 1245   0.00618816 0.00890097 968.506
52 1246   0.00702539 0.0092527 955.062
52 1247   0.00709176 0.00886007 969.162
52 1248   0.00625512 0.0097542 923.77
52 1251   0.00641169 0.00933919 951.916
52 1252   0.00673857 0.00942733 935.914
52 1262   -0.00711924 -0.00897276 969.472
52 1263   -0.0068318 -0.00914763 962.309
52 1288   0.00842124 0.00714531 916.733
52 1289   0.00769805 0.00714145 931.072
52 1290   0.00741884 0.00779381 950.756
52 1291   0.00857534 0.00775594 931.053
52 1292   0.0078651 0.00857879 962.069
52 1293   0.00792919 0.0080574 950.374
52 1313   -0.00377637 -0.0110466 965.6
52 1317   -0.00413422 -0.0102351 951.657
52 1318   -0.00478135 -0.0101914 929.049
52 1319   -0.00498984 -0.0105618 888.512
52 1320   -0.00396373 -0.0108843 944.693
52 1321   -0.00408301 -0.0106138 941.568
52 1322   -0.0042276 -0.0110738 884.762
52 1323   -0.00441709 -0.0109344 860.771
52 1324   -0.00466836 -0.0106825 885.359
52 1325   -0.00440866 -0.0106909 906.359
52 1326   -0.00454904 -0.0110037 816.898
52 1328   -0.0046768 -0.010926 844.942
52 1329   -0.00480455 -0.0108483 854.964
52 1330   -0.00301028 -0.0102924 967.136
52 1331   -0.00188263 -0.0106864 956.914
52 1332   -0.00219931 -0.0101748 964.613
52 1333   -0.00249071 -0.0113249 968.078
52 1334   -0.00211226 -0.0111722 960.927
52 1335   -0.00291991 -0.0111146 969.26
52 1336   -0.00348807 -0.0109881 968.438
52 1337   -0.00316691 -0.0108171 967.966
52 1338   -0.00311335 -0.0113126 969.557
52 1339   -0.00336878 -0.0112586 969.343
52 1356   0.00474987 0.0103992 911.733
52 1357   0.00438892 0.0102466 941.1
52 1358   0.0042055 0.0108569 909.976
52 1359   0.00403576 0.0105879 945.021
52 1362   0.00472839 0.0107847 866.784
52 1363   0.00453717 0.0109011 847.085
52 1369   -0.00373659 0.00717852 904.162
52 1370   -0.00286471 0.00854796 912.53
52 1371   -0.00269889 0.00773715 917.181
52 1372   -0.00535794 0.00740022 891.093
52 1373   -0.00452227 0.00746118 894.653
52 1374   -0.00442229 0.00814842 882.819
52 1377   -0.00549187 0.00790041 893.233
52 1378   -0.00502405 0.00827451 891.866
52 1390   0.00516028 -0.00685538 893.091
52 1391   0.00415342 -0.00686014 900.446
52 1393   0.00542598 -0.00771879 892.606
52 1394   0.00495816 -0.00809289 891.41
52 1476   -0.00408736 0.0085843 871.208
52 1477   -0.00351749 0.00876884 892.591
52 1482   0.00336173 -0.0084357 901.682
52 1483   0.00445473 -0.00809527 881.976
52 1484   0.0039157 -0.00772593 898.836
52 1486   0.00418569 -0.00871277 861.013
52 1487   0.00361582 -0.0088973 886.553
52 1573   0.00128096 0.00820895 966.879
52 1574   0.000595746 0.00739729 958.675
52 1575   -0.000894778 0.00785519 953.216
52 1576   9.51532e-07 0.00778073 960.21
52 1577   0.000165406 0.00857945 968.3
52 1578   -0.0003507 0.00886154 968.937
52 1579   -0.000990145 0.00854459 961.868
52 1580   -0.000781206 0.00969693 939.966
52 1581   -0.000343791 0.00951621 961.213
52 1582   -0.00186154 0.00913128 950.567
52 1583   -0.00139901 0.00893351 962.322
52 1584   -0.00119698 0.00943118 964.605
52 1587   -0.00180198 0.00958282 957.874
52 1588   -0.00151704 0.00967509 968.823
52 1712   -0.00662919 0.00159018 891.321
52 1713   -0.00831628 0.000444597 889.835
52 1714   -0.00865058 0.00336926 830.594
52 1715   -0.00717034 0.00333482 877.468
52 1718   -0.00905936 0.00226391 861.566
52 1719   -0.00926621 0.00108389 886.285
52 1759   -0.000504193 -0.0119771 39.796
52 1762   -0.000490596 -0.0119785 12.1157
52 1763   -0.000487659 -0.0119861 4.0435
52 1789   -0.000457677 -0.0119288 318.573
52 1790   -0.000453332 -0.0119435 222.073
52 1791   -0.000465935 -0.0119482 189.088
52 1792   -0.000488985 -0.0119549 152.915
52 1793   -0.00046763 -0.01196 86.9579
52 1794   -0.00047028 -0.0119334 290.099
52 1795   -0.000482345 -0.0119374 274.961
52 1796   -0.000483332 -0.0119731 19.1191
52 1797   -0.000482175 -0.0119619 96.1347
52 1798   -0.000475057 -0.0119636 66.5287
52 1800   -0.000478147 -0.011977 9.9449
52 1801   -0.000474279 -0.0119726 19.1577
52 1932   0.000780364 -0.00999783 922.511
52 1933   0.000930374 -0.00982527 919.803
52 2224   0.00110131 0.00975947 961.904
52 2225   0.000508012 0.00898528 969.301
52 2226   0.00102877 0.00899823 969.397
52 2227   0.000552338 0.0105563 916.618
52 2228   0.000707302 0.0100591 947.994
52 2229   4.27824e-05 0.0099381 945.947
52 2230   0.00037848 0.00968926 959.212
52 2231   -0.000219557 0.0105156 904.339
52 2232   0.000238565 0.010566 908.137
52 2233   5.7831e-05 0.0103176 923.613
52 2234   8.98654e-05 0.0107512 888.934
52 2235   -0.000166186 0.0107581 885.542
52 2236   -0.000240179 0.0109947 862.261
52 2237   0.000254281 0.0110521 859.737
52 2238   -6.63065e-05 0.011044 856.483
52 2239   9.80526e-05 0.0109316 870.902
52 2240   0.000176857 0.0111892 839.743
52 2241   -1.63666e-05 0.0111869 838.505
52 2242   -6.85356e-06 0.0113486 814.786
52 2243   0.000372289 0.0113915 813.183
52 2244   0.000237136 0.0112992 824.514
52 2245   0.000135605 0.0114025 805.871
52 2246   0.000327527 0.011505 789.488
52 2247   0.00019713 0.0114936 789.385
52 2248   0.000318558 0.011674 746.559
52 2249   0.000386182 0.0116132 768.833
52 2250   0.000240523 0.0116536 753.731
52 2251   0.000177751 0.0115814 772.357
52 2259   -0.0117507 -0.00210727 671.499
52 2263   0.000510429 0.0119671 127.213
52 2264   0.000495185 0.0119581 145.942
52 2266   0.000511494 0.0119791 61.9004
52 2326   0.000480349 0.0119681 54.6488
52 2327   0.000488431 0.011966 79.4291
52 2328   0.000485447 0.0119888 3.81603
52 2330   0.000484905 0.0119824 7.63015
52 2331   0.000479535 0.0119778 13.448
52 2334   -0.0117618 -0.00215288 669.905
52 2335   -0.0117627 -0.00213186 670.378
52 2336   -0.0117812 -0.00213157 669.867
52 2337   -0.0117824 -0.00216587 668.881
52 2338   -0.0117748 -0.00215711 669.299
52 2339   -0.0117864 -0.00214831 669.14
52 2340   -0.0118024 -0.00214887 668.979
52 2342   -0.0117955 -0.00215288 668.595
52 2343   -0.0117939 -0.00216179 668.349
52 2346   0.0117859 0.00218466 669.103
52 2351   0.011797 0.00216514 668.318
52 2352   0.0117806 0.00216708 668.897
52 2353   0.011786 0.00217373 668.831
52 2354   0.0117898 0.00214944 668.56
52 2355   0.0117957 0.00215801 668.244
52 2356   0.0117875 0.00215898 668.58
52 2357   0.0118048 0.00214959 668.016
52 2359   0.0117968 0.00214551 668.397
52 2360   0.0117999 0.00215076 668.135
52 2369   0.00050176 0.0119812 23.829
52 2371   0.000493941 0.0119769 28.4179
52 2372   0.000491228 0.0119837 8.80994
16 167   -0.0449779 0.00318584 964.221
16 168   -0.045157 -0.00300336 964.165
16 169   -0.0477797 -0.0217978 909.078
16 170   -0.0411386 -0.00655291 965.577
16 171   -0.0435088 -0.0297249 834.372
16 172   -0.0384817 -0.00727774 966.902
16 173   0.00238735 0.0220258 912.133
16 174   -0.00129064 -0.0213962 935.799
16 175   0.00471364 0.0223341 898.126
16 176   0.00645248 0.0191147 936.936
16 177   0.00553717 -0.0179066 834.168
16 178   0.00508052 0.0178186 955.36
16 179   -0.000680214 -0.0188398 941.647
16 180   0.00355942 -0.019188 871.287
16 181   0.00275424 0.0190614 944.376
16 182   0.00682551 -0.0191721 819.273
16 183   -0.00265938 0.0170288 947.759
16 184   0.00510196 0.0160729 968.682
16 185   0.00514823 -0.016154 824.629
16 186   0.0021589 -0.0180489 897.015
16 187   0.00166784 0.0179333 955.9
16 188   0.00065761 -0.017951 919.041
16 189   0.000200632 0.0178441 954.867
16 190   0.00587699 0.0147819 961.882
16 191   0.00569969 -0.0148526 798.191
16 192   0.00690308 0.0142024 942.654
16 193   0.00330802 0.015501 969.178
16 194   0.00220019 0.0161188 967.454
16 195   0.00334944 -0.0156589 851.104
16 196   0.00233787 -0.0162723 891.225
16 197   -0.00183365 0.0155991 943.513
16 198   0.000225768 -0.0162388 932.501
16 199   0.000115536 0.0161845 962.117
16 200   0.00425167 -0.0138507 763.448
16 201   0.00334437 0.0142207 958.086
16 202   0.00318976 -0.0143842 812.81
16 203   0.00116077 0.015447 968.419
16 204   0.00121661 -0.0155688 909.999
16 205   -0.000651833 0.0154933 958.78
16 206   -0.00220201 0.014482 926.203
16 207   0.00413273 -0.0128231 722.116
16 208   0.0022672 -0.0138213 841.963
16 209   0.00259745 0.0136027 941.775
16 210   0.00104767 0.0144932 968.488
16 211   0.00106808 -0.0146272 911.936
16 212   -0.00134728 0.0137529 944.254
16 213   0.00217521 -0.0129338 790.889
16 214   0.00149168 -0.0140249 896.765
16 215   -0.00036336 0.0145413 964.775
16 216   -0.00136442 0.0129778 936.878
16 217   0.00189512 0.0136226 936.688
16 218   0.00142111 0.0139045 952.831
16 219   -0.000690448 0.0139178 962.965
16 220   0.000322637 -0.0142594 937.974
16 221   -0.00253905 -0.0124456 952.846
16 222   0.00029091 0.0142787 969.349
16 223   -0.00202994 -0.0127653 946.02
16 224   0.000956754 -0.0134122 909.942
16 225   0.00145098 -0.0125988 844.166
16 226   0.000398527 -0.0135822 938.937
16 227   0.00100806 -0.0128736 900.828
16 228   -0.000224642 0.0134433 968.908
16 229   0.00226419 0.0124133 908.967
16 230   0.000266812 0.0136596 964.047
16 231   -0.00156172 -0.0124836 920.683
16 232   6.36762e-05 -0.0132798 958.38
16 233   0.00170263 0.0129842 895.97
16 234   0.000970978 0.013416 923.823
16 235   0.00187769 0.0126177 888.876
16 236   0.000573444 0.0133856 934.685
16 237   -0.00103016 -0.0129617 944.966
16 238   0.00130623 0.0128829 867.651
16 239   -0.00118575 -0.0126473 909.732
16 240   0.0010486 0.0130328 875.498
16 241   0.00157121 0.0123868 859.599
16 242   0.000677921 -0.0125929 913.25
16 243   0.000493892 0.013028 884.474
16 244   -0.000692059 -0.0128922 943.285
16 245   0.0012647 0.0125516 836.594
16 246   0.000759979 0.0128567 842.44
16 247   0.000721999 0.0126131 794.123
16 248   0.00102851 0.0124481 801.625
16 249   -0.000942624 -0.0124496 859.211
16 250   -0.000617668 -0.0126151 883.41
16 251   -0.00071264 -0.012487 844.199
16 252   0.00082595 0.012481 779.482
16 397   -0.0443251 -0.0225629 935.329
16 398   -0.0429847 -0.0255762 919.671
16 408   -0.00994319 -0.0304192 923.866
16 409   -0.00857456 -0.0271497 942.187
16 410   0.00676313 -0.0142641 803.152
16 412   -0.0511393 0.023991 841.247
16 417   -0.0410052 0.0310468 870.094
16 418   -0.0391941 0.0336823 874.443
16 419   -0.0387128 0.028258 927.37
16 427   -0.0100108 0.0304122 927.483
16 428   -0.00883808 0.0271153 944.323
16 437   -0.00565893 0.0239002 964.466
16 442   -0.00351291 -0.0220885 964.246
16 443   -0.0049408 -0.024003 961.788
16 445   -0.0473562 0.013037 956.66
16 459   -0.050157 -0.00544883 962.176
16 461   -0.0489854 -0.00941735 959.853
16 462   -0.0513285 -0.0114736 954.774
16 463   -0.0435749 -0.0109742 964.846
16 464   -0.0464217 -0.0113932 960.606
16 465   -0.042136 -0.0127693 967.009
16 466   -0.0433698 -0.0152277 965.829
16 467   -0.0396998 -0.0119603 968.499
16 468   -0.0387181 -0.0134074 969.445
16 470   0.00333302 -0.0124116 704.708
16 471   0.00262462 -0.0125266 727.527
16 481   -0.0220895 -0.0247231 957.361
16 482   -0.013618 -0.0291692 942.277
16 483   -0.0161318 -0.0322231 939.65
16 484   -0.0195393 -0.0222231 959.395
16 494   -0.0405619 -0.0310369 875.488
16 495   -0.0390462 -0.033679 875.149
16 497   -0.0242272 0.0325 948.253
16 498   -0.0263321 0.0225 962.15
16 499   -0.0297245 0.0245579 963.254
16 500   -0.0221154 0.0247207 957.511
16 501   -0.0209202 0.0297207 950.778
16 502   -0.0161558 0.0322207 941.614
16 503   -0.0136861 0.0291622 943.967
16 504   -0.0195712 0.0222207 959.293
16 511   -0.0505642 -0.0249961 810.894
16 515   0.000191046 -0.0129469 957.182
16 516   0.00043331 -0.012734 936.427
16 517   -4.4476e-06 -0.0128626 967.782
16 518   5.39493e-05 -0.0126795 967.766
16 519   -0.000117273 -0.0125772 936.04
16 520   -0.00229811 -0.0179391 966.693
16 521   -0.00408052 -0.0170086 962.063
16 522   -0.0037149 -0.0183117 966.024
16 523   -0.00315815 -0.016413 968.917
16 524   -0.00216931 -0.0168588 967.171
16 525   -0.000572761 -0.0158503 951.788
16 526   -0.00144721 -0.0162329 962.998
16 527   -0.000137344 -0.0145097 951.23
16 528   -0.00101453 -0.0148928 964.119
16 529   -0.000466663 -0.0151274 953.706
16 530   -0.000891824 -0.0143739 965.969
16 531   -0.000478589 -0.0141763 962.11
16 532   -0.00293046 -0.0155643 968.77
16 533   -0.00169896 -0.0149727 968.61
16 534   -0.00202554 -0.01559 968.656
16 535   -0.00688923 -0.0146425 910.793
16 536   -0.00487411 -0.0159471 948.207
16 537   -0.00609565 -0.0162807 932.309
16 538   -0.00454948 -0.0145251 941.98
16 539   -0.00327129 -0.014941 964.48
16 540   -0.00378513 -0.0145347 954.43
16 541   -0.00219657 -0.0144498 968.995
16 542   -0.00287039 -0.0138439 959.664
16 543   -0.00286399 -0.0144439 965.212
16 544   -0.00204808 -0.0132094 956.162
16 545   -0.00242714 -0.0135679 960.666
16 546   -0.00201024 -0.0139706 967.898
16 547   -0.00118307 -0.014026 969.341
16 548   -0.0016485 -0.0133815 962.214
16 549   -0.00161386 -0.0138428 968.64
16 550   -0.00121741 -0.0132936 963.22
16 551   -0.000545753 -0.0138246 966.304
16 552   -0.000976007 -0.0135205 969.293
16 553   -0.000976307 -0.0137916 969.391
16 554   -0.000250001 -0.0134386 966.193
16 555   -0.000648613 -0.0134674 969.527
16 556   -0.000442294 -0.0136397 966.789
16 557   -0.000559004 -0.0130521 964.453
16 558   -0.000552391 -0.0132991 969.5
16 559   -0.000360247 -0.0132336 969.466
16 560   -0.000193791 -0.01291 969.356
16 561   -0.000414658 -0.0129389 963.586
16 562   -0.000319061 -0.0130343 969.325
16 563   -0.00020887 -0.0126669 943.926
16 564   -0.000351786 -0.0128127 955.735
16 565   -0.00022699 -0.0128166 965.954
16 566   -0.000451178 -0.0125958 887.219
16 567   -0.000366625 -0.012714 935.675
16 568   -0.000300706 -0.012612 914.169
16 570   -0.000341222 -0.012501 862.737
16 571   -0.000429297 -0.0124867 843.882
16 678   0.0072044 0.0109307 781.759
16 679   0.00705661 0.0104909 755.167
16 680   0.0073522 0.0103361 564.082
16 682   -0.0403023 -0.0242476 963.744
16 683   -0.0411461 0.0249968 950.076
16 684   -0.0391986 0.0261903 950.63
16 692   -0.00644584 -0.0132081 876.879
16 693   -0.00705661 -0.012285 838.798
16 694   -0.00499022 -0.013673 917.76
16 695   -0.00566503 -0.0131758 885.24
16 696   -0.00306706 -0.0126767 950.642
16 697   -0.00319073 -0.0134517 951.292
16 698   -0.00369817 -0.0136453 944.852
16 699   -0.0046194 -0.0130436 904.901
16 700   -0.0040917 -0.0130062 922.909
16 701   -0.00502511 -0.012577 866.957
16 702   -0.00556331 -0.0125157 856.457
16 703   -0.00569227 -0.0120646 835.784
16 704   -0.00533602 -0.0119395 824.428
16 713   -0.0429354 0.0206988 965.759
16 715   -0.00432248 -0.0191917 952.552
16 716   -0.00431608 -0.0206179 956.187
16 717   -0.00344726 -0.0124158 947.846
16 718   -0.00396446 -0.0125517 917.534
16 719   -0.00341517 -0.0121042 958.342
16 720   -0.00373158 -0.0120528 951.013
16 721   0.00491073 0.0137512 935.69
16 722   0.00417204 0.0137618 943.014
16 723   0.00720154 0.0123433 847.487
16 724   0.00660462 0.012892 879.846
16 725   0.00542939 0.0114025 805.245
16 726   0.00601199 0.0124857 856.733
16 727   0.00602059 0.0110928 835.303
16 728   0.00661178 0.0113002 817.033
16 729   0.00660891 0.011937 830.495
16 730   0.00509406 0.0118607 801.86
16 731   0.00538393 0.012462 851.537
16 732   0.00501028 0.0129052 887.127
16 733   0.00426002 0.0123097 850.418
16 734   0.00406705 0.0130701 917.329
16 735   0.00447614 0.0127615 887.474
16 736   0.00382105 0.0123465 900.982
16 737   0.00366782 0.0128036 917.745
16 738   0.00276157 0.0124881 922.759
16 739   0.00302589 0.0128774 924.651
16 740   0.00314342 0.0121454 932.982
16 741   0.00356096 0.0120777 932.368
16 744   -0.0423686 -0.0198683 968.652
16 745   -0.0420414 -0.0170891 969.04
16 747   -0.00926285 -0.0246497 966.064
16 748   -0.00418373 0.0173188 948.875
16 749   -0.00496449 0.0201877 964.487
16 750   -0.00495404 0.0186797 966.952
16 752   0.0043565 0.0119295 781.712
16 753   0.0046521 0.0117747 767.793
16 758   -0.0329422 0.0230869 968.937
16 759   -0.0348524 0.0252982 966.069
16 760   -0.00952628 0.0246153 965.369
16 774   -0.0461684 -0.032367 709.416
16 794   -0.0329603 -0.0212256 969.097
16 830   0.00387658 -0.0335739 680.388
16 851   0.000358948 -0.0125432 939.288
16 852   0.000175081 -0.012573 956.536
16 861   0.00576116 0.0249675 812.268
16 862   0.0056882 0.0326598 676.954
16 920   -0.000925709 0.0126168 955.877
16 938   -0.0399779 0.0056611 965.89
16 959   -0.0499779 0.00574037 962.193
16 960   -0.0499779 0.0107437 957.356
16 968   0.00568829 -0.0321478 675.857
16 969   0.00568829 -0.0292955 690.216
16 977   0.000422175 -0.0234116 892.368
16 978   0.00398826 -0.027553 716.96
16 979   0.00314773 -0.0219629 852.598
16 980   0.00512548 -0.0222198 803.042
16 981   0.00579998 -0.0243012 755.622
16 982   -0.0314871 0.033529 935.263
16 983   -0.029528 0.0280869 953.779
16 984   -0.0281016 0.031029 947.743
16 987   -0.0286433 -0.0262012 958.464
16 988   -0.0267179 -0.02125 963.582
16 989   -0.0251961 -0.02375 959.77
16 990   -0.0318886 -0.0249268 964.424
16 991   -0.0309468 -0.0224756 967.626
16 992   -0.00668711 -0.0117089 825.76
16 993   -0.00588747 -0.0113029 831.792
16 994   -0.00603527 -0.0117386 830.162
16 996   -0.00609592 -0.0109923 843.251
16 997   -0.00639151 -0.0108374 840.846
16 1027   -0.0356252 0.021029 925.569
16 1028   -0.033492 0.021029 968.248
16 1033   -0.0386393 0.0165022 964.697
16 1046   -0.0435951 0.0121597 965.094
16 1047   -0.0412168 0.00984003 966.463
16 1048   -0.0387389 0.0115946 968.632
16 1049   -0.0398783 0.0147916 969.507
16 1050   -0.0422566 0.0145831 968.029
16 1051   -0.00670642 -0.017601 913.666
16 1058   -0.0348107 -0.0260814 962.234
16 1059   -0.0381483 -0.0284414 928.264
16 1060   -0.0357097 -0.0285347 940.499
16 1210   -0.0386266 -0.0213938 799.359
16 1211   -0.0393525 -0.0200277 836.598
16 1212   -0.0401719 -0.0222451 953.067
16 1213   -0.0408979 -0.020879 956.083
16 1216   -0.00683491 -0.0108617 804.538
16 1217   -0.0071305 -0.01122 802.149
16 1218   -0.00806107 -0.0218383 887.697
16 1219   -0.00646112 -0.0233533 965.733
16 1220   -0.0079018 -0.0235689 968.318
16 1221   -0.00582361 -0.0216672 902.515
16 1222   -0.00662359 -0.0209097 757.434
16 1224   -0.00705661 -0.0104889 770.204
16 1225   -0.0073522 -0.010334 644.292
16 1228   -0.0370672 0.0218362 862.513
16 1229   -0.0410321 0.021835 962.675
16 1230   -0.040351 0.0234395 966.912
16 1231   -0.0384034 0.024633 967.177
16 1232   -0.0368443 0.0240475 965.734
16 1269   -0.00661321 0.0110009 796.342
16 1273   -0.0072044 0.010423 880.639
16 1274   -0.0072044 0.0109593 863.364
16 1280   -0.0081816 0.0218223 909.567
16 1281   -0.00821864 0.0235254 969.139
16 1282   -0.00692952 0.023287 967.672
16 1298   0.0072044 -0.0106841 878.897
16 1299   0.00661321 -0.0109939 809.358
16 1304   -0.00655049 0.0201846 793.052
16 1305   -0.00592445 0.020917 917.903
16 1306   -0.0072055 0.0212177 804.191
16 1307   -0.00657946 0.0219501 927.561
16 1403   -0.0374909 -0.0216513 832.443
16 1404   -0.0367092 -0.0228769 950.202
16 1405   -0.0358565 -0.0206128 893.45
16 1406   -0.0350747 -0.0218384 957.887
16 1412   -0.00710161 -0.0191571 821.497
16 1413   -0.00630483 -0.0197782 801.446
16 1414   -0.00630803 -0.0184883 891.197
16 1415   -0.00551125 -0.0191095 892.382
16 1447   -0.0510347 0.0337472 671.234
16 1495   -0.040641 0.0185132 959.924
16 1496   -0.0380697 0.0186678 914.286
16 1497   -0.039209 0.0176699 951.375
16 1498   -0.0398771 0.0203183 900.138
16 1499   -0.0384451 0.0203083 723.442
16 1520   -0.00909744 0.0209707 932.405
16 1526   -0.0067966 0.0146494 895.775
16 1527   -0.00616011 0.0161345 925.955
16 1528   -0.0047533 0.0157803 917.645
16 1529   -0.0061493 0.013375 840.774
16 1530   -0.00626151 0.0117168 781.153
16 1531   -0.0068527 0.0124796 835.685
16 1533   -0.00478353 0.0119549 707.819
16 1534   -0.00537472 0.0116451 721.477
16 1535   0.00654037 -0.0116479 796.639
16 1536   0.00713157 -0.0123967 815.001
16 1537   0.0063947 -0.0129559 789.497
16 1538   0.00491672 -0.0124071 729.629
16 1539   0.00587634 -0.0118178 762.632
16 1540   0.00573067 -0.0125965 763.969
16 1542   0.0047668 -0.0117833 715.442
16 1543   0.00535799 -0.0114735 735.526
16 1544   -0.0386078 -0.018839 875.386
16 1546   -0.0398259 -0.0169111 962.625
16 1547   -0.0387181 -0.0155721 968.239
16 1550   -0.00906873 -0.0209731 926.438
16 1563   -0.0483663 -0.0311385 697.225
16 1564   -0.0498316 -0.0286816 716.1
16 1565   -0.0503021 -0.0337715 672.417
16 1568   -0.0517674 -0.0325431 674.511
16 1569   -0.0517674 -0.0300861 690.779
16 1591   -0.000293183 0.0130752 966.924
16 1592   -0.000507291 0.0125512 969.185
16 1593   -0.000626528 0.0127989 967.446
16 1594   0.000270214 0.012936 886.454
16 1595   -2.24537e-05 0.0129631 942.338
16 1596   -0.000298084 0.0126519 963.586
16 1597   -2.7357e-05 0.0126734 884.211
16 1598   -0.000146592 0.0127876 943.406
16 1601   -0.000119234 0.0125474 923.244
16 1602   -0.000238466 0.0125281 955.396
16 1603   -0.0492247 0.0260066 800.498
16 1604   -0.0434806 0.0258118 911.824
16 1605   -0.0459493 0.02453 899.386
16 1606   -0.04912 0.0311767 692.45
16 1607   -0.0505853 0.0286711 713.106
16 1608   -0.0461895 0.0324295 709.133
16 1609   -0.0438254 0.029794 825.845
16 1671   -0.0387758 -0.0251179 963.928
16 1672   -0.0380498 -0.026484 952.854
16 1673   -0.0371189 -0.0239856 968.274
16 1674   -0.0363929 -0.0253517 966.399
16 1682   -0.0315126 -0.0337256 933.917
16 1683   -0.029606 -0.0286768 951.652
16 1684   -0.028126 -0.0312256 946.885
16 1685   -0.0346734 -0.0324046 921.418
16 1686   -0.0337504 -0.0298558 938.468
16 1697   -0.0511393 0.0177494 925.77
16 1698   -0.0485176 0.0154604 947.997
16 1734   -0.0511078 -0.0172584 928.025
16 1735   -0.0483233 -0.0182698 933.809
16 1736   -0.0499362 -0.0144776 946.852
16 1737   -0.0473725 -0.0139551 954.994
16 1738   -0.0457595 -0.0159946 956.573
16 1804   -0.00420104 -0.0118747 799.601
16 1805   -0.00399018 -0.0121208 891.931
16 1806   -0.00419098 -0.0123081 888.753
16 1807   -0.0044956 -0.0121867 846.917
16 1808   -0.00444261 -0.011922 802.618
16 1809   -0.00504705 -0.0120633 825.413
16 1810   -0.0048651 -0.0122497 843.577
16 1811   -0.0046108 -0.0117746 782.695
16 1812   -0.00484574 -0.0118529 802.121
16 1813   -0.00489977 -0.0116507 788.931
16 1815   -0.00459093 -0.0116111 759.281
16 1816   -0.00473872 -0.0115337 767.048
16 1887   -0.000616628 0.033494 745.314
16 1888   -0.00377971 0.0319647 852.797
16 1889   0.00300698 0.0311538 702.729
16 1890   0.00307994 0.0281418 753.113
16 1891   -0.00564637 0.0256356 945.492
16 1892   -0.00687333 0.0276416 930.572
16 1893   -0.00451751 0.0294325 895.316
16 1894   -0.000134638 0.0279614 849.789
16 1895   -0.0027572 0.0284411 887.39
16 1896   -0.0038239 0.0264119 919.006
16 1897   0.00069149 0.0237257 906.716
16 1898   -0.000196798 0.0261937 889.971
16 1899   -0.00220588 0.0256705 912.417
16 1900   -0.000606773 0.0224758 928.639
16 1901   -0.00202841 0.0239292 928.891
16 1902   -0.00363809 0.0211073 965.482
16 1903   -0.00365899 0.0229352 957.253
16 1928   -0.00686351 0.0174421 958.503
16 1929   -0.00686351 0.0192243 916.089
16 1930   -0.00622702 0.0184487 968.614
16 1936   0.000278346 0.0126916 815.836
16 1937   0.000104913 0.0126045 804.662
16 1939   0.000391391 0.0125517 771.611
16 1940   0.000536696 0.0125281 765.497
16 1966   -0.0334977 0.0321346 929.873
16 1967   -0.0360924 0.0322879 914.47
16 1968   -0.0365099 0.0294991 929.904
16 1969   -0.0325216 0.0291925 947.106
16 1970   -0.0346284 0.0278748 950.935
16 1985   -0.0151502 -0.0252807 957.954
16 1986   -0.0172915 -0.0233346 959.455
16 1987   -0.0155204 -0.0211115 963.528
16 1988   -0.0109909 -0.0238922 967.154
16 1989   -0.0136664 -0.0220846 965.911
16 1990   -0.0130918 -0.0240307 963.501
16 1991   -0.0118528 -0.0209731 969.291
16 1992   -0.0106375 -0.0219461 969.129
16 1998   -0.00414186 0.0145138 893.858
16 1999   -0.00305279 0.0142327 904.531
16 2000   -0.00442238 0.0127814 757.272
16 2001   -0.00490137 0.0135936 829.184
16 2002   -0.00301963 0.0134337 884.958
16 2003   -0.00324567 0.0123038 762.327
16 2004   -0.00362972 0.0129025 794.001
16 2005   -0.00191372 0.0128376 909.01
16 2006   -0.00255534 0.013064 890.269
16 2007   -0.00271583 0.0126059 850.711
16 2009   -0.0018494 0.0124159 902.444
16 2010   -0.002299 0.012343 869.251
16 2102   -0.0258054 -0.0325 947.28
16 2105   -0.022476 -0.0297231 950.823
16 2106   -0.0202984 -0.0322231 946.78
16 2121   -0.0497787 0.021539 900.547
16 2122   -0.0497787 0.0194585 916.587
16 2123   -0.0470574 0.0187157 938.947
16 2124   -0.045823 0.0224774 921.222
16 2125   -0.0444624 0.0210657 949.183
16 2126   -0.0477377 0.021502 911.328
16 2127   -0.0463771 0.0200903 935.32
16 2136   -0.00551797 -0.0112399 827.926
16 2138   -0.00507458 -0.0114722 796.484
16 2139   -0.00530953 -0.0115505 812.068
16 2148   -0.00601516 0.0334707 884.722
16 2149   -0.0086013 0.0334707 907.612
16 2158   -0.00857817 -0.0334731 902.714
16 2159   -0.00599223 -0.0334731 871.475
16 2167   -0.0152357 0.0252726 957.882
16 2168   -0.0155581 0.0211104 963.122
16 2169   -0.0173395 0.0233311 959.315
16 2170   -0.0110867 0.023883 966.432
16 2171   -0.013183 0.0240226 962.937
16 2172   -0.0137256 0.0220811 965.379
16 2173   -0.0119005 0.0209707 969.048
16 2174   -0.0106949 0.0219415 969.345
16 2181   -0.0433461 0.016025 966.294
16 2182   -0.0457465 0.0175712 953.428
16 2183   -0.0458461 0.016025 955.932
16 2184   -0.0429197 0.0190176 967.981
16 2185   -0.0417804 0.0183488 969.482
16 2186   -0.0438162 0.0179056 964.538
16 2187   -0.0426769 0.0172367 968.427
16 2188   -0.000692105 0.0187699 951.408
16 2189   -0.00209284 0.0183954 955.018
16 2190   -0.000890043 0.0205736 945.8
16 2191   -0.00229078 0.0201991 955.316
16 2200   -0.00445791 -0.0319965 850.176
16 2201   0.000494512 -0.0320973 716.613
16 2202   -0.0013172 -0.0335235 744.443
16 2203   -0.00412284 -0.026769 915.445
16 2204   -0.00567521 -0.0287271 908.109
16 2205   -0.000982137 -0.0268698 862.312
16 2206   0.000606199 -0.0289287 756.712
end
