626
16 221   -0.0449783 0.00325732 846.275
16 222   -0.0451575 -0.00292481 845.761
16 223   -0.0399783 0.00825732 863.628
16 224   0.00177936 -0.0235409 696.002
16 225   -0.0477784 -0.0217784 720.829
16 226   -0.0397976 -0.0323017 700.277
16 227   -0.0360881 -0.0293532 743.76
16 228   -0.0321922 -0.0320515 750.698
16 229   -0.0322466 0.0320582 750.891
16 230   -0.0411398 -0.00645003 856.025
16 231   0.00522408 -0.0213406 696.088
16 232   -0.0017934 0.0291774 692.834
16 233   -0.0434985 -0.0296601 691.335
16 234   0.00343349 0.0222413 701.486
16 235   -0.000348686 0.0237773 706.905
16 236   -0.0497151 -0.0177533 753.007
16 237   -0.0384823 -0.00714227 865.602
16 238   -0.0058655 -0.0146812 865.159
16 239   0.00657771 0.0142676 827.473
16 240   -0.0070149 -0.0139375 893.255
16 241   -0.00641831 -0.0118233 910.415
16 242   -0.0070149 -0.0125296 907.72
16 243   -0.00664895 -0.0109382 942.313
16 377   -0.00500639 0.0130043 744.423
16 378   -0.00618877 0.0140515 793.344
16 379   -0.00690881 0.0111431 846.359
16 380   -0.00572642 0.0117626 764
16 381   0.00631762 -0.0127991 769.476
16 382   0.00572642 -0.0116558 785.343
16 383   0.00661321 0.0110026 941.476
16 384   0.0072044 0.0109618 962.983
16 385   -0.00724554 -0.0108717 966.751
16 386   -0.00711831 -0.0104461 959.655
16 387   -0.0443186 -0.0225102 747.037
16 388   -0.0429688 -0.025478 721.641
16 400   -0.0497796 0.0184202 745.39
16 401   -0.0473151 0.0259432 693.985
16 402   -0.0511398 0.0239921 696.603
16 403   -0.0484193 0.0211706 723.616
16 404   -0.0440425 0.0244676 721.081
16 405   -0.0451468 0.0217756 743.336
16 412   -0.0355411 0.0307407 736.321
16 413   -0.0410145 0.0310475 697.739
16 414   -0.0392025 0.0336825 700.245
16 415   -0.0359697 0.0279523 761.098
16 416   -0.0387365 0.0282591 730.19
16 424   -0.0138563 -0.03199 746.505
16 427   -0.0100214 -0.030485 731.582
16 428   -0.00734614 -0.033495 706.155
16 429   -0.00867471 -0.0273665 745.239
16 430   -0.00580344 -0.0271496 721.428
16 436   0.00640381 0.0180812 733.055
16 437   0.00421142 0.0190165 720.732
16 438   0.00548152 0.0156561 775.625
16 439   0.00241332 0.0170482 736.861
16 440   0.00368342 0.0153076 760.675
16 441   0.00136071 0.0132092 728.81
16 442   -0.00207075 0.0212202 743.162
16 443   -0.00185859 -0.0210859 734.464
16 445   0.00705661 0.0105013 966.504
16 448   -0.0359059 -0.025379 824.889
16 449   -0.034564 -0.0210258 909.797
16 450   -0.0329244 -0.0230773 873.282
16 465   -0.00492304 0.0302306 703.385
16 466   -0.00736621 0.0334102 708.099
16 467   -0.0101424 0.0304089 734.79
16 468   -0.00638365 0.0271401 729.654
16 469   -0.00901473 0.0273185 750.604
16 475   -0.0142605 -0.02199 828.349
16 571   -0.0471585 0.0161381 788.496
16 572   -0.0473572 0.0130559 809.57
16 573   -0.0423572 0.0130559 862.708
16 574   -0.0386398 0.0173365 912.538
16 575   -0.0432983 0.0168079 849.417
16 576   -0.0410187 0.0154683 882.443
16 586   0.00517966 -0.0142367 733.26
16 587   0.00408612 -0.0179454 710.102
16 588   0.00169817 -0.0168936 713.85
16 589   -0.00237651 -0.0167212 752.456
16 590   -0.000801835 -0.0178338 729.355
16 591   -0.00191386 -0.0149149 726.883
16 592   -0.000563257 -0.0139856 704.519
16 593   -0.00133411 -0.0128577 698.297
16 597   -0.0505632 -0.0249875 692.293
16 603   0.00562587 0.0252837 685.221
16 793   0.00690881 -0.010673 867.295
16 794   0.00690881 -0.0113995 833.795
16 810   -0.0370404 -0.0219476 930.653
16 811   -0.0379057 -0.0242492 851.474
16 812   -0.0402658 -0.0240413 808.585
16 822   -0.0411624 0.0249992 755.054
16 823   -0.0392269 0.0261919 759.898
16 831   0.000568938 0.016825 734.686
16 832   -0.00122916 0.0183088 745.175
16 833   -0.00184964 0.0153317 728.105
16 834   4.10339e-05 0.0154296 728.873
16 835   0.000481614 0.0140206 720.828
16 836   -0.000879098 0.0130976 701.225
16 837   -0.00206787 0.0138157 710.58
16 838   -0.0031652 0.0128974 703.303
16 844   0.00082687 -0.0139245 705.612
16 845   0.00339449 -0.0140205 716.266
16 846   0.00218891 -0.0152553 712.867
16 847   0.00269125 -0.0125828 706.031
16 848   0.00137364 -0.0127967 703.991
16 854   -0.0400734 0.0190142 916.641
16 855   -0.0423529 0.0186871 866.1
16 856   -0.0429406 0.0207029 812.362
16 857   -0.0396933 0.0216263 904.279
16 858   -0.0414207 0.0226453 823.25
16 866   0.0073522 0.0102119 720.898
16 867   0.0073522 0.0104809 920.927
16 886   -0.0510349 0.0324945 670.28
16 889   -0.0472102 0.0298595 679.98
16 890   -0.0442801 0.032365 682.081
16 891   -0.00548728 0.0207101 885.193
16 892   -0.00426945 0.0225305 781.228
16 893   -0.00577098 0.0246401 763.502
16 894   -0.00552882 -0.0117971 879.866
16 895   -0.00494303 -0.012104 829.829
16 904   -0.0461681 -0.0323585 676.331
16 907   -0.051035 -0.032543 670.177
16 908   -0.0490982 -0.0299015 676.279
16 932   -0.00504743 -0.0245412 749.138
16 933   -0.00536032 -0.0206575 886.79
16 934   -0.00380504 -0.0224306 767.459
16 975   0.00644766 0.011713 912.389
16 976   0.00611657 0.0131349 867.547
16 977   0.00703886 0.0124803 900.292
16 978   0.0056259 0.0119175 894.015
16 979   0.00529481 0.0128004 859.273
16 981   0.00520026 0.0115168 892.642
16 982   0.00460906 0.0118266 872.367
16 1004   0.00223491 -0.027612 682.604
16 1005   0.00567962 -0.0308389 671.366
16 1006   -0.0029395 -0.032108 689.948
16 1007   -0.00274347 -0.0288811 695.369
16 1010   0.00385925 -0.033613 671.579
16 1011   0.000218497 -0.033613 679.066
16 1013   -0.0501575 -0.00542474 833.135
16 1016   -0.0485439 -0.014963 788.116
16 1017   -0.0489863 -0.0093871 822.401
16 1018   -0.0513288 -0.0114624 805.03
16 1019   -0.0435761 -0.0109126 848.167
16 1020   -0.0464226 -0.0113498 824.811
16 1021   -0.0459802 -0.0144256 812.567
16 1022   -0.0421368 -0.0127192 861.633
16 1023   -0.0433696 -0.0151946 848.636
16 1024   -0.0397004 -0.0118735 874.614
16 1025   -0.0387182 -0.0133483 884.268
16 1026   -0.0423629 -0.0198187 850.528
16 1027   -0.0420408 -0.0170656 872.126
16 1028   -0.0389678 -0.0205888 937.116
16 1029   -0.040508 -0.0214066 888.227
16 1030   -0.0386076 -0.0180003 921.857
16 1031   -0.0398257 -0.016065 895.359
16 1051   0.000170221 0.0323571 681.033
16 1054   0.00568145 0.0326422 670.083
16 1055   0.00380732 0.0299993 675.61
16 1087   -0.00548687 0.0156181 799.83
16 1088   -0.0067981 0.0174 878.235
16 1089   -0.00539429 0.0188666 880.614
16 1090   -0.00342745 0.0161938 759.875
16 1091   -0.00333487 0.0177756 780.356
16 1103   -0.0345932 0.0210291 908.439
16 1104   -0.0330018 0.0230874 874.442
16 1105   -0.0349047 0.025299 834.393
16 1106   -0.0374639 0.0226444 911.666
16 1107   -0.0372559 0.024856 836.501
16 1142   -0.00681898 -0.0177357 904.388
16 1143   -0.00545694 -0.0189398 897.751
16 1144   -0.00566958 -0.016165 868.156
16 1145   -0.00430754 -0.0173691 827.515
16 1156   -0.00737277 -0.0101897 683.769
16 1157   -0.00737277 -0.0104359 898.735
16 1173   -0.0101016 -0.020995 890.649
16 1174   -0.0114176 -0.022985 841.461
16 1175   -0.00935434 -0.0248665 800.432
16 1176   -0.00738035 -0.0218815 907.02
16 1177   -0.00726071 -0.0237631 825.855
16 1199   -0.0243234 0.0325 770.808
16 1200   -0.0289183 0.0295582 779.053
16 1201   -0.0265194 0.0225 832.62
16 1202   -0.0298326 0.0245582 834.518
16 1203   -0.0223546 0.0247494 805.751
16 1204   -0.0210728 0.0297494 778.965
16 1205   -0.0148673 0.0242481 809.511
16 1206   -0.0162631 0.0322494 757.465
16 1207   -0.0138628 0.0292481 761.27
16 1209   -0.0199822 0.0222494 813.981
16 1210   -0.0171167 0.0222494 815.982
16 1213   -0.00466662 -0.012829 801.525
16 1214   -0.00469961 -0.0139722 811.495
16 1215   -0.00336 -0.0142517 746.588
16 1216   -0.00364818 -0.0127693 728.306
16 1217   -0.00233056 -0.0129832 706.199
16 1218   -0.00300586 -0.0134478 723.742
16 1221   -0.00330228 -0.0122512 703.833
16 1222   -0.00264348 -0.0123581 701.8
16 1227   -0.0242966 -0.0325 769.588
16 1228   -0.0288436 -0.0295515 778.996
16 1229   -0.0220728 -0.0225 815.771
16 1230   -0.029758 -0.0245515 833.759
16 1231   -0.0264557 -0.0225 832.147
16 1232   -0.0183307 -0.02449 804.53
16 1233   -0.0186431 -0.02949 773.784
16 1234   -0.0118498 0.0229981 836.074
16 1235   -0.0097176 0.0249076 803.722
16 1236   -0.00759772 0.0219096 904.97
16 1237   -0.00769543 0.0238191 830.746
16 1262   0.00247897 0.0133354 745.405
16 1263   0.00339788 0.0138016 771.764
16 1264   0.00411411 0.0123215 827.996
16 1265   0.00437421 0.0128946 819.735
16 1268   0.00342409 0.012252 757.536
16 1269   0.00276528 0.0123589 743.448
16 1415   0.00636204 -0.0172498 712.985
16 1416   0.00636204 -0.0157967 724.945
16 1426   -0.0499783 0.00575738 832.577
16 1427   -0.0499783 0.0107574 812.576
16 1432   -0.00932156 0.0209994 901.291
16 1433   -0.0115514 0.0209994 867.335
52 244   0.00520941 0.00253274 701.184
52 245   0.00127293 -0.00428978 704.511
52 246   0.00117281 0.00234098 703.092
52 247   0.00313593 0.00126481 701.623
52 248   -0.000750302 -0.00102921 702.847
52 249   0.00509637 0.0047057 705.233
52 250   -0.000768393 0.00118262 702.843
52 251   0.00119453 -0.00203844 702.862
52 252   -0.00267497 -0.00215763 702.955
52 253   -0.00284085 -0.00435307 704.382
52 254   0.00401965 -0.00681753 712.06
52 255   0.00313955 -0.000902777 701.145
52 256   0.00331793 -0.00497721 705.376
52 257   -0.00452958 -0.00108425 701.091
52 258   -0.00635602 -0.00222807 700.59
52 259   -0.00979609 -0.00180355 692.553
52 260   -0.00797999 -0.00104936 695.849
52 261   -0.00634898 -0.00430368 705.98
52 262   0.00491912 -0.00188146 698.907
52 263   0.00681484 -0.00109574 694.515
52 264   -0.00468842 -0.00535531 706.919
52 265   -0.00796784 0.00102684 693.251
52 266   0.00501909 -0.00370455 700.897
52 267   -0.00455203 0.00527886 706.666
52 268   0.00634997 0.0058034 711.903
52 269   0.00807108 -0.00225067 690.44
52 270   0.00873825 0.00553861 705.393
52 271   -0.00892098 -0.00515108 704.102
52 272   -0.0060421 0.00477908 702.159
52 273   0.0102952 -0.00172417 685.172
52 274   -0.00757324 -0.00521342 711.344
52 275   -0.00923798 0.00194563 689.329
52 276   -0.0104863 0.00158181 686.806
52 277   0.00758584 0.00578832 716.916
52 278   0.00775104 -0.00360398 690.728
52 279   0.00928292 -0.00224626 687.228
52 280   0.0110442 -0.00290366 684.159
52 281   -0.00705642 0.00568801 705.15
52 282   -0.0110981 0.00267935 685.894
52 283   -0.00678594 0.00650081 719.94
52 284   0.00587723 0.00709742 719.796
52 285   -0.00926471 0.00313155 687.548
52 286   0.00526443 0.00770246 709.734
52 287   -0.00741614 -0.00646876 728.563
52 288   -0.00909886 -0.00634501 711.819
52 289   0.0086844 -0.00422651 685.344
52 290   -0.00831799 0.00519791 685.433
52 291   0.00833347 -0.00554728 684.749
52 292   0.00969837 -0.00341002 684.662
52 293   0.00880534 -0.00507557 681.473
52 294   -0.00596369 -0.00729763 723.931
52 295   0.00770945 0.00707892 747.696
52 296   0.00941352 0.00661284 711.851
52 297   -0.0093393 -0.00691823 720.165
52 298   -0.00701075 -0.00705104 743.649
52 299   0.00884725 0.00728776 742.924
52 300   0.0104476 -0.00369768 683.921
52 301   -0.010603 0.00345105 686.326
52 302   0.00941989 -0.00403697 683.36
52 303   -0.00654054 -0.00732563 742.809
52 304   0.00662284 0.00756784 747.801
52 305   0.00829558 0.00750412 769.261
52 306   -0.010018 0.00353944 685.743
52 307   0.00721919 0.00756441 768.292
52 308   -0.00821182 -0.00670818 733.154
52 309   -0.00574522 -0.00812616 726.775
52 310   0.0064319 0.00825488 765.977
52 311   -0.00797323 0.00564512 690.414
52 312   -0.00897315 0.00551598 678.128
52 313   -0.010864 0.00409247 686.51
52 314   -0.00615484 -0.00854303 762.546
52 315   -0.0082021 -0.00730816 758.288
52 316   0.00946836 -0.00527509 676.881
52 317   0.00821446 0.008173 828.669
52 318   -0.0093524 0.00528196 677.645
52 319   -0.00533861 -0.00834085 708.728
52 320   0.00682276 0.00857081 810.874
52 321   -0.00862713 -0.00749452 760.059
52 322   0.0098434 -0.0045478 680.683
52 323   -0.00952393 0.00489806 679.966
52 324   0.00744817 0.00812959 816.432
52 325   -0.00745603 -0.00761643 777.839
52 326   -0.00672411 -0.00805497 776.038
52 327   -0.00852185 -0.00797464 796.845
52 328   0.0078573 0.00831297 853.346
52 329   -0.0078517 -0.00763413 783.4
52 330   -0.00655688 -0.00844384 786.934
52 331   -0.0105823 0.00452145 684.951
52 332   0.00977093 -0.00493685 678.423
52 333   0.00967407 -0.00561508 673.834
52 334   0.00724269 0.00844895 837.496
52 335   -0.00792131 -0.00804722 820.568
52 336   -0.00816644 -0.00820136 834.851
52 337   -0.00682137 -0.00878898 829.71
52 338   -0.00710496 -0.00864819 845.325
52 339   -0.00967278 0.00559988 674.26
52 340   -0.0099233 0.00503384 678.999
52 341   0.00688021 0.00888346 838.276
52 342   -0.00811709 -0.00853085 877.003
52 343   0.00786947 0.00865673 893.038
52 344   0.00744674 0.00871606 880.174
52 345   -0.00729289 -0.00880679 875.28
52 346   0.0100117 -0.00548252 673.9
52 347   -0.00750451 -0.00873823 888.384
52 348   -0.0099092 0.00547703 674.867
52 349   -0.00998818 0.0052949 676.833
52 350   0.00766438 0.00874046 897.242
52 351   0.00740526 0.00891149 889.226
52 352   0.00725866 0.00895702 877.831
52 353   0.0101806 -0.00559454 672.678
52 354   0.00800584 0.0087799 904.702
52 355   -0.00757644 -0.00890979 904.698
52 356   0.0077169 0.00890738 914.944
52 357   -0.00726557 -0.00899739 882.926
52 358   -0.00740746 -0.00902498 894.259
52 359   0.0079012 0.00890462 920.098
52 360   -0.00767387 -0.00894931 918.079
52 361   0.00781734 0.00894836 930.45
52 362   -0.00750672 -0.00900593 902.751
52 363   -0.00757684 -0.00907482 911.018
52 364   -0.00764891 -0.00905414 927.274
52 365   -0.00768851 -0.00910018 946.186
52 366   0.0106652 -0.00541026 684.477
52 367   0.0106167 -0.00550137 686.513
52 368   0.0106411 -0.00548455 686.699
52 369   0.0106196 -0.0055399 692.288
52 370   -0.0106211 0.00557976 968.883
52 371   -0.00775753 -0.00915221 7.34666
52 406   -6.81395e-05 -0.005491 705.262
52 407   -0.00160741 -0.00546099 704.72
52 447   0.00466936 0.00807845 696.646
52 451   0.00573756 -0.00704037 731.661
52 454   0.0023086 -0.00853787 713.644
52 455   0.00342438 -0.00810167 712.297
52 608   0.00961569 0.0047191 699.175
52 631   0.00758593 0.00907792 910.69
52 632   0.0075548 0.00899784 905.307
52 633   0.0076488 0.00896933 916.34
52 634   0.00766763 0.00907041 931.993
52 635   0.00769222 0.00902841 932.791
52 637   0.00781554 0.0090334 951.507
52 638   0.00773931 0.00904947 950.534
52 639   0.00777775 0.00905352 957.785
52 640   0.00770542 0.00910254 951.659
52 641   0.00773694 0.00908357 960.563
52 642   0.0101996 -0.00509595 677.982
52 643   0.0100309 -0.00512389 677.157
52 644   0.010066 -0.00532956 675.403
52 645   0.0102614 -0.0052599 676.949
52 646   0.010208 -0.00534335 675.724
52 647   0.0103123 -0.00551049 674.18
52 648   0.0102854 -0.00541226 675.383
52 649   0.0104173 -0.00547779 676.159
52 650   0.0104162 -0.00558645 673.85
52 651   0.0103779 -0.00553543 674.424
52 652   0.0105018 -0.00557405 676.195
52 653   0.0104597 -0.00550301 676.64
52 654   0.0104514 -0.0055546 675.237
52 655   0.0107998 -0.00452229 683.641
52 656   0.0105448 -0.00426515 683.23
52 657   0.010219 -0.00448832 681.544
52 658   0.0105782 -0.00475141 682.134
52 659   0.0102996 -0.00496571 679.455
52 660   0.0103309 -0.00473316 680.827
52 661   0.0107101 -0.00509294 682.761
52 662   0.0106118 -0.00494277 681.915
52 663   0.010453 -0.00504675 680.169
52 664   0.0106083 -0.00521386 681.633
52 665   0.0104943 -0.00517997 679.999
52 666   0.0106386 -0.0053723 683.057
52 667   0.0106132 -0.00530543 681.935
52 668   0.0103609 -0.00527527 677.675
52 669   0.0104446 -0.00525049 678.996
52 670   0.0104202 -0.00539874 677.273
52 671   0.010354 -0.00535815 676.739
52 672   0.0104696 -0.00535572 678.682
52 673   0.0104871 -0.00529035 679.408
52 674   0.0105416 -0.0053114 680.41
52 675   0.0105792 -0.00540476 681.692
52 676   0.0105091 -0.00539273 679.433
52 677   0.0105392 -0.0053608 680.345
52 678   0.0105902 -0.00547895 683.383
52 679   0.0105728 -0.00544013 681.797
52 680   0.01053 -0.00543862 679.911
52 681   0.0105241 -0.00554678 678.212
52 682   0.0105615 -0.00550176 681.6
52 683   0.010529 -0.00547891 679.698
52 684   0.0105012 -0.00550126 678.105
52 685   0.010597 -0.00554822 688.268
52 686   0.0105654 -0.00553251 682.102
52 687   0.0105559 -0.00555518 680.574
52 689   0.0077946 0.00908964 967.914
52 690   0.00776673 0.00912285 951.33
52 691   0.00776609 0.00909868 968.74
52 909   0.00081338 0.00402829 704.071
52 910   -0.00121005 0.00497788 705.364
52 911   0.00332364 0.00514638 704.418
52 912   0.00109734 0.0057993 704.943
52 913   0.00178827 0.00464703 704.208
52 914   0.00202237 0.00634769 704.737
52 915   0.00324303 0.00624961 704.602
52 916   0.00394795 0.00747893 702.509
52 917   0.00206143 0.00730178 704.896
52 918   0.00327056 0.00875992 701.584
52 919   0.00311183 0.00795497 702.971
52 920   -0.00231114 0.00797379 710.339
52 921   -0.0019702 0.00912427 714.325
52 922   -0.0010764 0.00664666 706.83
52 923   0.000256089 0.00684933 705.796
52 924   0.00160187 0.00873809 707.929
52 925   0.00139548 0.00777675 705.841
52 926   0.000515177 0.0078727 705.928
52 928   0.00214521 0.00917079 710.466
52 929   0.00270789 0.00896535 704.45
52 935   -0.00205939 -0.00701706 704.962
52 936   0.00128721 -0.00821832 708.065
52 937   0.000360191 -0.00714302 706.446
52 938   0.000845616 -0.00928539 705.611
52 941   -0.000719536 -0.00957453 706.034
52 942   1.48936e-05 -0.00902333 704.522
52 943   -0.00119346 -0.00784531 705.902
52 944   -0.000313152 -0.00794126 705.899
52 945   -0.00153732 -0.00861059 706.856
52 946   -0.00139144 -0.00925773 709.453
52 948   -0.00204 -0.00943061 712.578
52 949   -0.00260267 -0.00922517 705.106
52 952   -0.000813342 0.00934914 705.609
52 955   0.000824749 0.00931471 706.663
52 956   0.00012259 0.00882727 705.102
52 1032   -0.00482764 -0.00795594 701.711
52 1033   -0.00453794 -0.00679471 707.219
52 1034   -0.00524376 -0.00716583 710.03
52 1035   -0.00280926 -0.00740365 704.125
52 1036   -0.00347542 -0.00729344 703.373
52 1037   -0.00280029 -0.00862564 703.693
52 1038   -0.00238349 -0.00818393 704.938
52 1040   -0.00446712 -0.00838051 694.923
52 1043   -0.00357137 -0.00864106 700.162
52 1044   -0.00382073 -0.00808913 700.46
52 1197   -0.0110477 0.000581573 688.263
52 1198   -0.0110169 -0.000763903 690.186
52 1252   -0.00428943 0.00663317 712.098
52 1253   -0.00431012 0.00836863 715.061
52 1254   -0.00353527 0.00765435 712.218
52 1255   -0.00592511 0.00692413 726.537
52 1256   -0.00509294 0.00696825 718.777
52 1257   -0.00489667 0.00777133 723.725
52 1260   -0.00595122 0.00752658 743.52
52 1261   -0.00550647 0.00792784 750.16
52 1270   0.00748233 -0.00549814 700.799
52 1271   0.006201 -0.00610609 713.337
52 1272   0.00702084 -0.0044039 695.884
52 1273   0.00618425 -0.00461059 700.932
52 1276   0.00727549 -0.00616899 713.999
52 1277   0.00683074 -0.00657024 722.38
52 1374   -0.00986112 -0.00454523 700.048
52 1375   -0.0103365 -0.00328616 694.548
52 1382   0.00734479 0.000392202 694.584
52 1383   0.00687271 0.00190952 697.911
52 1384   0.00887299 0.0032479 696.607
52 1385   0.0103258 0.00270367 690.631
52 1388   0.0108457 -0.000697639 686.009
52 1389   0.0105784 0.00140386 688.5
52 1390   0.00959772 0.000430772 689.881
52 1410   0.00558644 0.00839202 717.364
52 1411   0.0060083 0.00847402 747.309
52 1445   -0.00729341 -0.00793589 796.091
52 1446   -0.00703171 -0.00809984 795.963
52 1447   -0.00714807 -0.00834792 823.261
52 1448   -0.00768651 -0.00818813 835.185
52 1449   -0.00736527 -0.00827344 830.305
52 1450   -0.00745427 -0.0080945 815.987
52 1451   -0.0075763 -0.00857941 878.861
52 1452   -0.00751048 -0.00838227 851.353
52 1453   -0.00768452 -0.00835186 855.724
52 1454   -0.00792515 -0.00859428 888.155
52 1455   -0.00771849 -0.00861805 888.152
52 1456   -0.00778221 -0.00847996 874.58
52 1457   -0.00795461 -0.00885327 912.48
52 1458   -0.00780161 -0.00873664 901.767
52 1459   -0.00792125 -0.00872808 901.054
52 1460   -0.00774489 -0.0089135 920.391
52 1461   -0.00780236 -0.00883376 910.904
52 1462   -0.00786759 -0.00888991 919.016
52 1463   -0.00778171 -0.00897 935.13
52 1464   -0.00785301 -0.00900755 944.546
52 1465   -0.00784459 -0.0089507 931.05
52 1466   -0.00780947 -0.0090316 953.033
52 1467   -0.00777078 -0.00902212 948.022
52 1468   -0.00773517 -0.00907554 960.03
52 1469   -0.00777138 -0.00913574 562.038
52 1470   -0.00780158 -0.00907441 964.564
52 1471   -0.00776176 -0.00909941 968.4
52 1472   -0.00775575 -0.00913195 903.694
52 1475   0.0077091 0.00912665 956.274
52 1476   0.007751 0.00914595 824.053
52 1477   0.00774127 0.00913184 955.706
52 1522   0.0105762 -0.00557415 682.253
52 1525   0.0106172 -0.00557553 707.238
52 1526   0.010599 -0.00556866 690.238
52 1547   -0.0106222 0.00545032 689.492
52 1548   -0.0106377 0.00549004 693.266
52 1549   -0.00211909 0.00227001 702.989
52 1550   -0.00355441 0.00437298 704.578
52 1551   -0.00220131 0.00437795 704.907
52 1552   -0.00426602 0.00057367 700.466
52 1553   -0.00310606 0.00170964 702.023
52 1554   -0.00383831 0.00282042 701.956
52 1555   -0.00668815 0.0014947 695.85
52 1556   -0.00523998 0.0011177 699.074
52 1557   -0.00475656 0.00225119 700.182
52 1558   -0.00626204 0.00378152 697.987
52 1559   -0.00674575 0.002539 695.377
52 1560   -0.00566371 0.00271739 698.686
52 1561   -0.00804114 0.00449194 689.405
52 1562   -0.00746508 0.00326524 693.041
52 1563   -0.00722308 0.00394102 694.315
52 1564   -0.00876574 0.00350165 687.775
52 1565   -0.00817865 0.00350984 689.944
52 1566   -0.00845568 0.00414996 687.249
52 1567   -0.00936039 0.00457312 682.311
52 1568   -0.00913731 0.00398656 685.408
52 1569   -0.00894825 0.00429698 684.733
52 1570   -0.00987184 0.00404557 684.452
52 1571   -0.00949015 0.00412259 684.213
52 1572   -0.00960875 0.00440283 682.844
52 1573   -0.0103188 0.00442526 683.907
52 1574   -0.0100747 0.00422479 683.987
52 1575   -0.00990616 0.00442684 682.849
52 1576   -0.0100653 0.00486411 680.7
52 1577   -0.0102426 0.00465749 682.662
52 1578   -0.0100578 0.00459713 682.283
52 1579   -0.0102966 0.00487167 681.986
52 1580   -0.0102035 0.00497727 680.703
52 1581   -0.0103524 0.005164 680.715
52 1582   -0.0102527 0.00513003 679.911
52 1583   -0.0102292 0.00537008 677.244
52 1584   -0.0101793 0.00527794 677.881
52 1585   -0.010387 0.00542603 678.822
52 1586   -0.0103806 0.00527985 680.298
52 1587   -0.0103309 0.00533804 678.865
52 1588   -0.0104336 0.00533234 680.897
52 1589   -0.0104399 0.00540336 680.433
52 1599   -0.0107308 0.00481307 685.547
52 1602   -0.01072 0.00506369 685.8
52 1603   -0.0106185 0.00494007 684.6
52 1604   -0.0104397 0.00496365 682.758
52 1605   -0.0104463 0.00510322 682.291
52 1606   -0.0106418 0.00516607 685.131
52 1607   -0.0105469 0.00518202 683.584
52 1608   -0.0106668 0.00530697 686.807
52 1609   -0.0106169 0.00537271 686.729
52 1610   -0.0105731 0.00532332 684.6
52 1611   -0.0104838 0.00531702 682.178
52 1612   -0.0105281 0.00527354 683.259
52 1613   -0.0104888 0.00541691 681.938
52 1614   -0.0105497 0.00537394 684.213
52 1615   -0.0105079 0.00535967 682.737
52 1616   -0.0105501 0.00542058 684.674
52 1617   -0.0105114 0.0054418 682.802
52 1628   -0.0100256 0.00561471 673.404
52 1631   -0.0101805 0.00548121 675.433
52 1632   -0.0101057 0.00556069 674.069
52 1633   -0.0101616 0.00562671 673.343
52 1634   -0.0103094 0.00560397 674.303
52 1635   -0.0102469 0.00551274 675.4
52 1636   -0.0102261 0.00558171 674.168
52 1637   -0.0103794 0.00548423 677.704
52 1638   -0.0103129 0.00550589 676.137
52 1639   -0.0103474 0.00556411 675.439
52 1640   -0.010453 0.00558792 677.031
52 1641   -0.0104246 0.00551976 678.112
52 1642   -0.0104031 0.00556515 676.402
52 1643   -0.010469 0.005523 679.551
52 1644   -0.0104801 0.00556205 678.899
52 1645   -0.0104922 0.00550476 681.172
52 1646   -0.010506 0.00547462 682.379
52 1647   -0.0105314 0.00547786 683.954
52 1648   -0.0105848 0.00546143 687.62
52 1649   -0.0105577 0.00545218 685.509
52 1650   -0.0106139 0.00550576 693.578
52 1651   -0.0105851 0.00549052 688.949
52 1652   -0.01057 0.00550898 688.136
52 1653   -0.0106102 0.00552492 696.629
52 1654   -0.0105874 0.00552353 691.595
52 1657   -0.0105107 0.00552307 681.959
52 1658   -0.0105306 0.00550679 683.789
52 1659   -0.0105495 0.00551943 685.622
52 1660   -0.0105278 0.00557468 681.29
52 1661   -0.0105094 0.00555766 680.715
52 1662   -0.0105627 0.00557819 685.413
52 1663   -0.0105519 0.005543 685.686
52 1664   -0.0105444 0.00556245 683.814
52 1665   -0.0105838 0.00553797 691.97
52 1666   -0.0105686 0.005547 688.468
52 1667   -0.010574 0.00556395 688.982
52 1668   -0.0105881 0.00556419 693.692
52 1669   -0.0106011 0.0055737 696.672
52 1670   -0.0105941 0.00554794 695.968
52 1671   -0.0106123 0.00556243 727.184
52 1672   -0.0106068 0.00554841 702.735
52 1673   -0.0106193 0.00553984 703.279
52 1674   -0.0106262 0.00555433 724.203
52 1675   -0.0106202 0.00556766 866.033
end
