753
16 158   -0.0449783 0.00322117 887.37
16 159   -0.0451575 -0.00296637 887.325
16 160   -0.0499783 0.00825034 896.412
16 161   -0.0399783 0.00822223 882.566
16 162   -0.0477813 -0.0217957 966.275
16 163   -0.0322035 0.032058 944.825
16 164   -0.0411396 -0.00650976 886.414
16 165   -0.00186556 0.0287484 946.487
16 166   -0.0322856 -0.0324516 947.351
16 167   -0.0435134 -0.0297247 939.466
16 168   -0.0497162 -0.0177623 951.546
16 169   -0.0384822 -0.00723519 883.186
16 170   0.00678611 0.0154268 951.677
16 171   -0.00585731 -0.0145734 892.005
16 172   0.00652399 -0.0140275 956.039
16 173   -0.00665198 0.0148839 907.419
16 174   -0.0058297 0.0139187 925.513
16 175   -0.00701566 -0.013866 876.025
16 176   0.00617492 -0.0127225 940.602
16 177   -0.00642446 -0.0116525 846.096
16 178   -0.00626657 0.0126675 925.761
16 179   -0.00701566 -0.0123319 852.103
16 180   -0.00708886 0.0121746 912.682
16 181   -0.00547223 0.0120155 930.235
16 182   0.00715093 -0.0121438 921.543
16 183   0.0061239 -0.0113065 891.278
16 184   -0.00677057 0.0114581 906.865
16 185   -0.00579081 0.0114044 902.396
16 186   0.00698224 -0.0115441 909.264
16 187   0.00733131 -0.011147 909.384
16 188   0.0066385 -0.011331 903.388
16 189   -0.0069704 0.0110901 908.967
16 190   -0.00626687 0.0113398 898.559
16 191   0.00605858 -0.010906 862.34
16 192   -0.00719049 0.0109249 921.366
16 193   0.00713203 -0.0108264 922.538
16 194   -0.00740181 0.0108686 920.984
16 195   0.00714231 -0.0105269 951.116
16 196   -0.00624957 0.0109523 879.212
16 197   0.00678829 -0.0109368 906.153
16 198   -0.00564114 0.0110862 883.083
16 199   -0.00662673 0.0107758 903.983
16 200   -0.0064096 0.0107562 875.174
16 201   -0.00697154 0.0105452 955.67
16 202   -0.00600704 0.0108945 864.805
16 203   0.00644022 -0.0107596 876.758
16 204   0.00665533 -0.0107659 904.432
16 205   0.00689041 -0.0104385 963.016
16 206   -0.00703105 0.0103807 968.384
16 207   0.00674717 -0.010567 931.781
16 208   -0.00666658 0.0105701 918.237
16 209   -0.0067913 0.0105047 951.887
16 210   0.00646778 -0.0105943 871.981
16 211   0.00663026 -0.0105092 915.402
16 525   -0.0141797 -0.0219484 904.535
16 546   -0.0443287 -0.02256 938.068
16 547   -0.0429911 -0.0255751 960.142
16 555   -0.0137649 -0.0319484 950.046
16 558   -0.00989558 -0.0304227 961.058
16 559   -0.0072947 -0.0334742 964.732
16 560   -0.00823037 -0.0271407 940.382
16 561   -0.00486794 -0.0266798 956.598
16 562   0.00606254 -0.0234819 930.045
16 563   0.00100968 -0.0214868 968.412
16 564   0.00641103 -0.0184876 968.709
16 565   0.00279562 -0.0196811 969.22
16 566   0.00497357 -0.0207504 963.272
16 567   0.00549149 -0.0151144 964.523
16 568   0.00537853 -0.0170068 969.172
16 570   -0.00114184 -0.0202083 940.475
16 571   -0.00608897 -0.0181354 809.137
16 572   -0.00493063 -0.0164986 879.924
16 573   -0.00294043 -0.016692 912.017
16 574   -0.00127673 -0.017476 933.888
16 575   -0.00252229 -0.01505 936.901
16 576   -0.00468695 -0.0138362 915.671
16 577   -0.00334212 -0.0141195 938.14
16 578   -0.0055911 -0.012092 849.016
16 579   -0.00501193 -0.0129403 904.65
16 580   -0.00431389 -0.0125781 933.079
16 582   -0.00528719 -0.0115234 790.745
16 583   -0.00489306 -0.0117299 822.827
16 584   -0.00449893 -0.0119364 885.289
16 587   -0.0473105 0.0259425 942.035
16 588   -0.0511395 0.0239916 939.318
16 589   -0.0440355 0.0244663 959.828
16 590   -0.0451435 0.0217736 949.066
16 591   -0.00450697 0.0121247 962.268
16 592   -0.00489501 0.0119214 945.963
16 593   0.00642916 0.013508 912.86
16 594   0.00714305 0.0126201 872.391
16 595   0.0067769 0.0117616 845.95
16 596   0.00648999 0.0107544 878.407
16 597   0.0059428 0.0110411 834.635
16 606   0.00407297 0.0194314 968.824
16 607   0.00463557 0.0250938 917.176
16 608   -0.000412707 0.0243733 967.365
16 609   0.00188204 0.0205765 968.031
16 610   0.00244465 0.0234788 957.302
16 611   -0.0072044 -0.0106965 822.778
16 612   -0.00661321 -0.0108257 865.274
16 623   -0.0355103 0.0307404 958.733
16 624   -0.0410061 0.0310471 955.01
16 625   -0.0391949 0.0336824 958.075
16 626   -0.0359285 0.0279517 935.526
16 627   -0.0387145 0.0282585 958.348
16 654   -0.00494876 0.0301606 963.464
16 655   -0.00736125 0.0334882 964.926
16 656   -0.0100593 0.0304645 961.081
16 657   -0.006382 0.0269849 948.263
16 658   -0.00891169 0.0272889 939.487
16 664   -0.0360599 -0.0260354 901.025
16 665   -0.0327112 -0.0236775 882.359
16 666   -0.034257 -0.0212258 823.588
16 682   -0.0473569 0.0130464 908.754
16 683   -0.0423569 0.0130464 879.383
16 684   -0.0386395 0.017336 800.72
16 685   -0.0432972 0.0168031 879.815
16 686   -0.0410182 0.0154644 860
16 705   -0.00740181 0.0104681 934.866
16 706   -0.0074241 0.0101337 875.968
16 709   -0.0073259 0.0103201 941.615
16 710   -0.00717409 0.0103057 966.816
16 724   0.00534527 -0.0124809 943.181
16 725   0.00563799 -0.011716 914.892
16 726   0.00455513 -0.0118487 948.718
16 727   0.00505422 -0.0115872 917.659
16 733   -0.0501575 -0.00543773 890.093
16 736   -0.048545 -0.0149776 920.805
16 737   -0.0489862 -0.00940474 896.671
16 738   -0.0513287 -0.0114686 907.889
16 739   -0.0435765 -0.0109534 888.852
16 740   -0.0464231 -0.011377 896.99
16 741   -0.0459818 -0.0144504 904.255
16 742   -0.0421374 -0.0127537 882.977
16 743   -0.0433715 -0.0152188 885.353
16 744   -0.0397006 -0.0119424 877.115
16 745   -0.0387184 -0.013398 867.046
16 764   -0.0405689 -0.0310369 957.753
16 765   -0.0390526 -0.033679 959.317
16 766   -0.0369533 -0.0284885 949.339
16 767   -0.035437 -0.0311306 960.577
16 768   -0.0242898 -0.0325 930.814
16 769   -0.0289377 -0.0299516 929.237
16 770   -0.0220752 -0.0225 921.086
16 771   -0.0294986 -0.0249516 908.733
16 772   -0.0261043 -0.0225 913.577
16 773   -0.0182526 -0.0244484 922.5
16 774   -0.018558 -0.0294484 932.303
16 793   -0.00370134 -0.0124398 964.738
16 797   -0.0031743 -0.0125253 968.018
16 798   -0.00279103 -0.013128 957.217
16 895   -0.0371143 -0.0222639 724.371
16 896   -0.037993 -0.0246219 853.471
16 897   -0.0403133 -0.0242465 870.054
16 898   -0.00400359 -0.0238514 902.696
16 899   -0.00303644 -0.0217069 886.762
16 900   -0.00516152 -0.0202194 727.294
16 901   -0.0411475 0.024998 920.617
16 902   -0.0392005 0.026191 926.709
16 918   -0.000758607 0.0201111 943.801
16 919   -0.00209855 0.0226097 935.476
16 926   -0.00705661 -0.0104129 819.778
16 927   -0.0073522 -0.010258 684.153
16 946   0.00731487 0.0103222 732.572
16 948   0.00694871 0.0107392 834.103
16 949   0.00713384 0.0110925 831.362
16 952   -0.0400718 0.0190132 768.287
16 953   -0.0423508 0.0186852 853.695
16 954   -0.0429363 0.0207009 883.359
16 955   -0.0396838 0.0216254 689.538
16 956   -0.0414088 0.0226438 839.987
16 957   0.0049588 0.0157145 960.281
16 958   0.00320047 0.0168834 963.853
16 959   0.0035129 0.0135638 953.391
16 960   0.00415782 0.01262 957.281
16 963   0.00251736 0.0129306 960.508
16 965   0.00199031 0.0130161 936.619
16 969   0.00146326 0.0131017 916.65
16 972   0.00483406 0.0127146 904.421
16 973   0.0056595 0.0129893 898.873
16 974   0.00600723 0.0120681 850.237
16 975   0.00563186 0.0115576 816.278
16 977   0.0045906 0.011878 846.56
16 978   0.00504067 0.0116422 795.664
16 981   -0.00579527 0.0243329 875.917
16 982   -0.00550154 0.0211486 679.337
16 983   -0.00431371 0.022821 853.27
16 1065   0.00734158 -0.0104137 940.445
16 1069   0.00726238 -0.0102347 955.08
16 1070   0.00742079 -0.0101517 856.114
16 1085   -7.57772e-05 -0.0163389 952.892
16 1086   0.00103348 -0.0145012 964.453
16 1087   0.000451272 -0.0129041 966.111
16 1088   -0.00146006 -0.0148709 949.987
16 1089   -0.000677255 -0.0153758 953.169
16 1090   2.02973e-05 -0.0145675 962.778
16 1091   4.80357e-05 -0.0132889 969.277
16 1092   -0.000231391 -0.013973 966.037
16 1093   -0.00125775 -0.0125661 916.739
16 1094   -0.00178479 -0.0124806 932.104
16 1095   -0.00192857 -0.0129977 950.812
16 1096   -0.000886316 -0.0137205 962.248
16 1097   -0.00141743 -0.0138101 956.544
16 1098   -0.000341332 -0.0129917 968.011
16 1099   -0.000808507 -0.0131861 964.625
16 1100   -0.000932317 -0.0128013 956.656
16 1102   -0.000596903 -0.0125855 968.035
16 1103   -0.00033338 -0.0126283 963.404
16 1104   0.00262785 -0.0177705 968.05
16 1105   0.00377331 -0.017359 969.011
16 1106   0.0013288 -0.0165251 962.169
16 1107   0.00174051 -0.0154958 963.572
16 1108   0.00409212 -0.014952 964.215
16 1109   0.00346291 -0.0161039 966.849
16 1110   0.00272916 -0.015486 964.736
16 1111   0.00296325 -0.0144983 963.178
16 1112   0.00375349 -0.0141699 962.327
16 1113   0.0039419 -0.0133024 961.086
16 1114   0.004277 -0.0122525 964.291
16 1115   0.00448337 -0.0127558 959.598
16 1116   0.00207978 -0.012531 937.443
16 1117   0.00262478 -0.0138163 961.541
16 1118   0.00168366 -0.0138095 964.111
16 1119   0.00155273 -0.0126165 960.936
16 1120   0.00121343 -0.0131489 967.308
16 1121   0.00344351 -0.0131649 960.505
16 1122   0.00291663 -0.0133504 958.622
16 1123   0.00257833 -0.0127685 944.541
16 1124   0.00287026 -0.0123527 926.857
16 1125   0.00377822 -0.0122895 968.701
16 1126   0.00348621 -0.0126553 962.576
16 1127   0.00325126 -0.012425 959.617
16 1129   0.00341151 -0.0120806 968.951
16 1130   0.00367504 -0.0120378 962.934
16 1131   -0.0423718 -0.0198647 850.892
16 1132   -0.0420428 -0.0170841 863.254
16 1133   -0.0389954 -0.0207095 601.679
16 1134   -0.0405428 -0.0215599 775.014
16 1135   -0.0386081 -0.0180048 786.079
16 1136   -0.0398265 -0.0160745 841.165
16 1156   -0.0114062 0.0229645 881.628
16 1157   -0.0100643 0.0209882 818.718
16 1158   -0.00958981 0.0247889 892.602
16 1159   -0.00757702 0.0218244 685.654
16 1160   -0.00765403 0.0236487 827.059
16 1186   -0.00496918 0.0197336 769.425
16 1187   -0.00244141 0.0189074 901.604
16 1188   -0.0055257 0.0165703 880.089
16 1189   -0.00637372 0.0180404 809.071
16 1190   -0.0024819 0.0173164 918.917
16 1191   -0.00416166 0.0166725 897.648
16 1192   -0.00460479 0.0144597 932.57
16 1193   -0.00330925 0.0150189 937.738
16 1194   -0.00406303 0.0155271 922.045
16 1195   -0.00346125 0.0141353 946.766
16 1196   -0.00424077 0.0137676 945.446
16 1197   -0.00428329 0.012778 960.589
16 1198   -0.00322543 0.0134642 954.438
16 1199   -0.00341097 0.0122199 964.663
16 1200   -0.00364484 0.0127288 963.671
16 1201   0.000587717 0.0155295 958.615
16 1202   0.000823466 0.013813 959.022
16 1203   0.00015077 0.013083 965.611
16 1204   -0.00214691 0.0148689 949.729
16 1205   -0.00122094 0.016021 947.221
16 1206   -0.00133085 0.0139176 963.68
16 1207   -0.000583423 0.0127274 961.804
16 1208   -0.000432652 0.013396 968.622
16 1209   -0.00265009 0.0133445 955.705
16 1210   -0.00193072 0.0135099 961.992
16 1211   -0.00121404 0.012464 969.329
16 1212   -0.0010069 0.0128197 969.329
16 1213   -0.001456 0.0130805 967.724
16 1214   -0.00193745 0.0123524 952.551
16 1215   -0.00157035 0.012573 967.442
16 1216   -0.00175593 0.0128766 964.997
16 1217   -0.00250348 0.0128677 954.094
16 1218   -0.00208406 0.0128292 958.415
16 1219   -0.002162 0.0124829 946.857
16 1220   -0.00300827 0.0124219 947.134
16 1221   -0.00270578 0.0126379 948.825
16 1222   -0.00245708 0.0124048 935.38
16 1225   -0.00262782 0.0122103 907.955
16 1226   -0.00289134 0.0121675 919.357
16 1251   -0.0510348 0.0324945 690.764
16 1254   -0.0472058 0.0298592 857.006
16 1255   -0.0442755 0.0323647 885.159
16 1261   -0.0461696 -0.0323668 831.315
16 1276   -0.0345604 0.021029 812.971
16 1277   -0.0329455 0.023087 872.336
16 1278   -0.0348556 0.0252984 886.499
16 1279   -0.037444 0.0226439 743.455
16 1280   -0.037222 0.0248552 857.373
16 1355   0.00654519 0.0238775 923.51
16 1356   0.00654519 0.0211174 958.132
16 1393   0.000124723 0.0320761 872.136
16 1396   0.00567811 0.0322399 693.316
16 1397   0.0037685 0.0293159 820.018
16 1444   0.00568177 -0.03112 709.333
16 1445   0.0013694 -0.0260463 938.311
16 1446   0.00424431 -0.0269721 887.036
16 1447   -0.00289159 -0.0321809 926.293
16 1448   -0.00213004 -0.0286684 948.395
16 1476   -0.0100603 -0.0209742 826.998
16 1477   -0.0112976 -0.0229227 884.328
16 1478   -0.00891213 -0.0246407 885.916
16 1479   -0.00719122 -0.02162 652.893
16 1480   -0.00674735 -0.023338 807.879
16 1483   0.00386354 -0.0337067 702.334
16 1484   0.000227075 -0.0337067 836.686
16 1493   -0.0242419 0.0325 930.314
16 1494   -0.0288214 0.029558 927.084
16 1495   -0.0263427 0.0225 912.576
16 1496   -0.0297307 0.024558 904.905
16 1497   -0.0221346 0.0247382 922.663
16 1498   -0.0209431 0.0297382 929.692
16 1499   -0.0143951 0.0242145 913.487
16 1500   -0.01619 0.0322382 942.905
16 1501   -0.0137263 0.0292145 942.129
16 1503   -0.0164984 0.0222382 916.723
16 1504   -0.0196019 0.0222382 921.461
16 1569   -0.050565 -0.0249959 926.66
16 1572   -0.0490999 -0.0299098 802.763
16 1573   -0.0510349 -0.032543 689.438
16 1578   -0.0511395 0.0177499 958.449
16 1579   -0.0457972 0.0168031 915.669
16 1580   -0.0485182 0.0154644 926.92
16 1581   -0.049779 0.0204998 968.115
16 1582   -0.047058 0.0197579 953.874
52 1   0.00748342 -0.00149921 941.124
52 2   0.0037675 0.00131716 967.689
52 3   0.00361934 -0.000981302 967.653
52 4   -0.00428454 0.00100919 966.62
52 5   0.00851223 0.000576963 929.613
52 6   0.00170314 0.00235073 969.507
52 7   -0.000387153 -0.00109664 969.462
52 8   -0.00225098 0.00223301 969.435
52 9   -0.000333876 0.00113018 969.473
52 10   -0.00428634 -0.00125095 966.922
52 11   0.00172509 0.0045369 969.467
52 12   0.0015017 -0.00217455 969.538
52 13   0.00154031 -0.00442621 969.088
52 14   0.00527594 -0.00224077 964.708
52 15   -0.00866415 -0.00060868 929.227
52 16   -0.00230605 -0.00225396 969.384
52 17   -0.00236026 -0.00446862 969.527
52 18   -0.000194914 0.00539382 968.397
52 19   -0.00213397 0.00431047 969.202
52 20   -0.00419294 -0.00539614 969.282
52 21   0.00742812 0.00207905 949.361
52 22   -0.00782404 0.00117713 936.513
52 23   -0.00588733 0.00196096 961.326
52 24   -0.00764984 -0.00217516 948.459
52 25   0.00545972 0.00244139 965.913
52 26   0.00324982 -0.00537462 965.764
52 27   0.00344518 0.00557718 969.171
52 28   -0.00580584 -0.00245692 965.241
52 29   0.00486781 -0.00438243 969.244
52 30   0.00848819 -0.00307646 931.637
52 31   0.00817189 0.00393118 961.918
52 32   -0.0086769 0.00278608 929.935
52 33   -0.00824169 -0.00399558 962.41
52 34   -0.00581521 0.00385978 966.976
52 35   -0.00565823 -0.00438745 969.434
52 36   -0.00347389 0.00525868 966.282
52 37   -0.00452927 -0.00696542 967.3
52 38   -0.00741463 0.0042255 952.237
52 39   -0.00365 -0.00807217 963.747
52 40   -0.00486244 0.00498115 967.967
52 41   -0.00699484 -0.00519095 958.055
52 42   0.00277638 0.00799435 965.086
52 43   0.0055039 0.00407845 969.299
52 44   0.00490166 0.00507791 969.511
52 45   0.00351715 0.00702641 967.264
52 46   -0.00329197 0.00679789 951.973
52 47   0.00696491 0.00480137 964.037
52 48   -0.00529631 0.00641523 934.937
52 49   -0.00443995 0.00729885 923.275
52 50   -0.00722778 -0.00638212 958.779
52 51   -0.00593796 -0.00734433 967.746
52 52   -0.00612087 0.00680822 871.424
52 53   0.00400769 -0.00911014 934.009
52 54   0.00483102 -0.00741951 906.457
52 55   0.00592904 0.00601579 968.27
52 56   0.00404243 -0.0100611 958.934
52 57   0.00567928 -0.007153 860.765
52 58   0.00481717 0.00748641 965.954
52 59   0.00701708 0.00579407 950.7
52 60   -0.00675517 -0.00705637 968.989
52 61   -0.00459486 0.0081907 904.129
52 62   0.00486823 0.00839868 959.231
52 63   0.00560295 0.0072631 967.729
52 64   0.00602536 0.00673386 968.284
52 65   -0.00574144 -0.00874649 955.115
52 66   -0.00405397 0.00881709 927.347
52 67   0.00486199 -0.00893742 899.807
52 68   -0.00615776 -0.00822321 967.015
52 69   0.00511207 -0.00833662 882.868
52 70   0.0056354 0.00871856 954.253
52 71   -0.00459049 0.009413 924.254
52 72   0.00752247 0.00679517 968.294
52 73   0.00627873 0.00785364 968.647
52 74   0.00590806 -0.00856729 838.138
52 75   0.00774432 0.00627231 949.596
52 76   0.00626013 0.00839683 966.219
52 77   0.00691293 0.0076323 969.544
52 78   0.00689154 0.007035 969.154
52 79   0.00480324 -0.0104488 966.123
52 80   -0.0080114 -0.0066922 965.363
52 81   -0.00524988 0.00926605 884.387
52 82   -0.00730688 -0.00770179 967.684
52 83   0.00538003 -0.00942491 881.172
52 84   0.00738498 0.0078985 964.678
52 85   -0.00687224 -0.00834855 969.333
52 86   -0.005249 0.0103414 957.795
52 87   0.00524862 -0.0101414 942.359
52 88   0.00800544 0.00704951 969.436
52 89   -0.00807834 -0.00732909 967.603
52 90   0.00610367 -0.00903232 819.2
52 91   0.00542182 -0.0098095 897.298
52 92   -0.00720414 -0.00811508 966.402
52 93   0.00741448 0.00831499 959.916
52 94   -0.00560198 0.00956351 866.948
52 95   -0.00774011 -0.00774608 960.23
52 96   0.00793212 0.00741816 966.221
52 97   0.00582571 -0.00928914 837.285
52 98   -0.0079948 -0.00762743 960.826
52 99   0.00775158 0.00771805 960.653
52 100   -0.00554061 0.0101113 920.332
52 101   -0.00755392 -0.00835869 952.563
52 102   0.00644282 -0.00918021 787.756
52 103   0.00558339 -0.0103629 950.216
52 104   -0.00559997 0.00987611 885.102
52 105   0.0082233 0.00755486 961.574
52 106   0.00584899 -0.0098867 850.93
52 107   0.00607729 -0.00954008 806.564
52 108   0.0077642 0.0084139 933.732
52 109   0.00780256 0.00868902 924.057
52 110   0.00605879 -0.00975305 804.588
52 111   0.00796609 0.00830511 918.225
52 112   -0.0078604 -0.00809885 942.432
52 113   0.00633673 -0.00945943 778.348
52 114   -0.00777695 -0.00829817 937.265
52 115   0.00597383 -0.0100921 853.535
52 116   0.0079723 0.00793086 946.452
52 117   -0.00825788 -0.00791095 945.526
52 118   -0.00603727 0.00980015 810.763
52 119   0.0080275 0.0081296 928.744
52 120   0.00588143 -0.0102364 908.865
52 121   -0.00590312 0.00994028 845.959
52 122   -0.00822146 -0.00810996 926.906
52 123   0.00800012 0.00872518 892.438
52 124   0.00817284 0.00782122 949.696
52 125   -0.00807867 -0.00817921 922.622
52 126   0.00830057 0.00797023 938.668
52 127   0.00645567 -0.00959909 748.873
52 128   -0.00621165 0.00985121 771.073
52 129   0.00824079 0.00814123 920.269
52 130   0.00812163 0.00844347 888.923
52 131   0.00619491 -0.0100839 782.652
52 132   0.00625062 -0.0098549 760.101
52 133   0.0081173 0.00858842 860.877
52 134   0.00643735 -0.00977333 709.475
52 135   0.00638171 -0.00984194 706.585
52 136   -0.00834817 -0.0082223 915.044
52 137   0.0062619 -0.00998038 739.615
52 138   0.00832886 0.00823283 910.64
52 139   0.00831021 0.00832622 897.43
52 140   0.00824758 0.00840651 871.609
52 141   -0.00624699 0.00998421 749.684
52 142   0.00823545 0.00861738 767.741
52 143   -0.00824942 -0.00855775 789.104
52 144   0.00627563 -0.0101548 753.402
52 145   -0.00634837 0.00999645 665.377
52 146   -0.00641529 0.00996233 599.969
52 147   0.00831115 0.00848512 808.192
52 148   0.00830335 0.00855105 752.877
52 149   0.00839219 0.00836639 895.539
52 150   -0.00833787 -0.00856631 731.562
52 151   0.00838095 0.00847308 844.75
52 152   -0.00646425 0.0100113 387.018
52 153   0.00839936 0.00843464 882.589
52 154   0.00836022 0.00856569 714.207
52 155   -0.0064593 0.0100584 150.465
52 156   -0.00648422 0.0100944 3.09072
52 157   0.00844127 0.00852567 831.848
52 613   0.00677789 0.00864108 968.265
52 614   0.00720741 0.00853424 966.567
52 615   0.00653324 0.0093123 930.196
52 616   0.00674704 0.00893421 963.439
52 617   0.00710458 0.00905266 967.369
52 618   0.0067469 0.00953169 904.707
52 619   0.00703466 0.00932979 941.835
52 631   0.000303649 -0.00556072 968.046
52 632   -0.00110917 -0.00556522 968.768
52 633   0.00074375 -0.00711802 964.243
52 634   0.00318369 -0.00855999 943.264
52 635   0.00165729 -0.00758076 959.955
52 636   0.00375695 -0.00747016 938.346
52 637   0.0029267 -0.00697185 954.403
52 638   0.00241964 -0.00875119 953.195
52 639   0.00172349 -0.00827027 958.24
52 640   0.000952582 -0.00870338 961.588
52 641   0.00228117 -0.00939857 955.957
52 642   0.000959992 -0.00997196 964.196
52 643   0.00130313 -0.0093667 961.059
52 644   0.00339093 -0.0103459 960.728
52 645   0.00259461 -0.010009 955.742
52 714   0.00634412 -0.00779324 816.269
52 715   0.00629186 -0.00829041 822.573
52 717   -0.00607659 0.00777329 827.419
52 719   -0.00649469 0.00790371 813.265
52 720   -0.00644367 0.00838917 815.964
52 800   -0.00832986 -0.00832088 902.605
52 801   -0.00839225 -0.00836895 900.331
52 802   -0.00709946 -0.00929279 953.07
52 803   -0.00685298 -0.0091104 957.795
52 804   -0.00694843 -0.00875448 969.175
52 805   -0.00751621 -0.00859657 953.862
52 806   -0.00724262 -0.0087589 967.315
52 807   -0.00725523 -0.00903917 969.063
52 808   -0.00748653 -0.00905471 965.6
52 809   -0.00780722 -0.00890245 927.545
52 810   -0.00762524 -0.00888532 950.596
52 811   -0.00766754 -0.00870745 941.355
52 812   -0.0078892 -0.00877094 910.749
52 813   -0.00780985 -0.00867824 921.473
52 814   -0.00803223 -0.00874307 880.312
52 815   -0.00806536 -0.00864937 873.885
52 816   -0.00789811 -0.00846 916.053
52 817   -0.00799021 -0.00859262 899.776
52 818   -0.00787773 -0.00859361 913.456
52 819   -0.00808149 -0.0083344 907.917
52 820   -0.0080368 -0.00850214 897.991
52 821   -0.00798438 -0.00841587 909.627
52 822   -0.00820695 -0.00849081 851.841
52 823   -0.00811347 -0.00846115 890.051
52 824   -0.00815434 -0.00838018 897.556
52 825   -0.0082532 -0.00844209 859.76
52 826   -0.00827843 -0.00835815 893.187
52 827   -0.0082268 -0.0083746 890.958
52 828   -0.00836424 -0.00841972 884.33
52 829   -0.00830243 -0.00844737 851.587
52 830   -0.00830723 -0.00840391 879.926
52 831   -0.00834144 -0.00847289 834.925
52 832   -0.00837743 -0.00845346 874.474
52 834   -0.00841258 -0.00847054 887.049
52 838   -0.00575545 0.0103002 934.527
52 841   -0.00593753 0.0100826 858.48
52 842   -0.00584921 0.0102073 904.771
52 843   -0.00593718 0.0102759 912.564
52 844   -0.00611803 0.0102083 854.728
52 845   -0.00603521 0.0101034 841.513
52 846   -0.00601577 0.0101989 874.378
52 847   -0.00619663 0.010048 775.048
52 848   -0.00612482 0.010076 808.99
52 849   -0.00616365 0.0101466 814.444
52 852   -0.006261 0.0101078 750.506
52 853   -0.00623774 0.0101587 787.322
52 854   -0.00634783 0.0100609 622.143
52 855   -0.00631082 0.0101084 690.237
52 856   -0.00633864 0.0101375 623.978
52 857   -0.00642944 0.0100701 247.864
52 858   -0.00638138 0.0100717 514.555
52 859   -0.00636991 0.0101083 495.398
52 860   0.00636598 -0.00999408 639.456
52 861   0.00642396 -0.00993979 620.536
52 862   0.00646852 -0.00997658 494.843
52 863   0.00636274 -0.0101178 557.207
52 865   0.00638718 -0.0100366 564.579
52 866   0.00638503 -0.0100847 497.309
52 867   0.00644042 -0.0100273 437.548
52 868   0.00642497 -0.0100887 314.631
52 869   0.00644941 -0.0100589 295.989
52 870   0.00647167 -0.0100637 152.693
52 871   0.00841286 0.00853811 780.289
52 872   0.00838943 0.00853584 745.538
52 873   0.00842733 0.00852611 879.405
52 874   0.00840236 0.00850916 826.188
52 875   0.00842491 0.00851018 872.541
52 922   -0.00587479 -0.00992275 865.858
52 924   -0.00666013 -0.00942291 918.556
52 925   -0.00615245 -0.00937341 921.879
52 1007   -2.6862e-05 0.00693851 965.789
52 1008   0.00152535 0.00799418 965.418
52 1009   -0.000251098 0.009064 963.522
52 1010   0.00104417 0.00908558 964.006
52 1011   -0.00117294 0.0113652 968.912
52 1012   -0.000658151 0.00992362 965.073
52 1013   -0.000168488 0.0107806 968.641
52 1014   -0.00050142 0.0114085 966.71
52 1015   -0.00239648 0.00731927 955.621
52 1016   -0.00112334 0.00730534 962.736
52 1017   -0.000866401 0.00833942 961.772
52 1018   -0.00326966 0.00874966 943.188
52 1019   -0.0025341 0.00813935 951.142
52 1020   -0.00174497 0.00856736 957.696
52 1021   -0.00148787 0.0099247 961.478
52 1022   -0.00195939 0.00929301 957.255
52 1023   -0.00311462 0.0100175 954.756
52 1024   -0.00282341 0.00938627 951.932
52 1025   -0.00175024 0.0104359 960.264
52 1026   -0.00158922 0.011041 962.31
52 1027   -0.00218379 0.0114155 924.045
52 1028   -0.00247601 0.0110659 928.635
52 1029   -0.00230127 0.0104824 954.486
52 1030   -0.00272467 0.0103884 954.087
52 1031   -0.00333742 0.0109803 958.574
52 1032   -0.00298348 0.0107845 949.983
52 1033   -0.00281533 0.0111594 917.3
52 1035   -0.00332446 0.0112892 947.214
52 1036   -0.00301407 0.0114213 872.47
52 1039   -0.00494906 -0.00920792 943.299
52 1040   -0.00421926 -0.00922725 955.943
52 1041   -0.0038576 -0.0108846 967.251
52 1042   -0.00540051 -0.0104573 810.72
52 1043   -0.00551693 -0.00997083 872.562
52 1044   -0.00500221 -0.00988292 915.6
52 1045   -0.0043509 -0.0105865 954.434
52 1046   -0.00473244 -0.0102526 915.675
52 1047   -0.00503913 -0.0104862 853.904
52 1049   -0.00449593 -0.0108654 958.325
52 1050   -0.00481926 -0.0107747 881.082
52 1053   -0.00372952 0.010262 961.154
52 1054   -0.00369351 0.0108288 968.081
52 1055   -0.0043694 0.0100127 954.056
52 1056   -0.00473517 0.0104085 965.638
52 1057   -0.00443843 0.0108151 968.863
52 1058   -0.00403664 0.0109861 968.694
52 1073   0.00525773 0.0101884 843.561
52 1076   0.00555829 0.00997756 869.93
52 1078   0.00627397 0.00967886 886.628
52 1079   0.00578908 0.00944633 915.514
52 1137   -0.00234446 -0.00804854 965.3
52 1138   -0.00137548 -0.00712478 966.845
52 1139   -0.000244544 -0.00756932 965.162
52 1140   -0.000101904 -0.00846517 964.01
52 1141   -0.000939601 -0.00892818 964.376
52 1142   -0.00205122 -0.0089561 964.183
52 1143   -0.000841271 -0.0098001 963.786
52 1144   -0.00260971 -0.0111497 964.544
52 1145   -0.00244378 -0.00974808 963.928
52 1146   -0.00165835 -0.0101453 962.04
52 1147   -0.003273 -0.0106441 968.927
52 1148   -0.00330628 -0.0099956 964.076
52 1149   -0.00164315 -0.0107274 956.779
52 1150   -0.00207197 -0.0110694 950.621
52 1152   -0.00152492 -0.0116273 867.598
52 1153   -0.00184825 -0.0115366 912.212
52 1161   0.00349956 0.00887198 961.866
52 1162   0.00429139 0.00881632 956.366
52 1163   0.00467749 0.00977286 926.199
52 1164   0.00427865 0.0107641 953.811
52 1165   0.00417263 0.0101522 950.305
52 1166   0.00157094 0.0114623 902.48
52 1167   0.00137826 0.0100251 962.667
52 1168   0.000911248 0.0115316 931.155
52 1169   0.000572656 0.0108605 964.37
52 1170   0.00194568 0.0110051 951.367
52 1171   0.0020916 0.010239 961.75
52 1172   0.00260087 0.0112042 964.241
52 1173   0.00320328 0.00949715 962.303
52 1174   0.00349024 0.00982079 961.833
52 1175   0.00271225 0.0099248 964.259
52 1176   0.00284271 0.0107998 968.468
52 1177   0.00319025 0.0102104 966.735
52 1178   0.00280818 0.0102865 965.854
52 1179   0.00368527 0.0107703 969.013
52 1180   0.00327926 0.0105479 969.067
52 1181   0.00317031 0.0108994 969.467
52 1184   0.00341436 0.0111673 965.961
52 1185   0.00373829 0.0110763 963.88
52 1227   0.00156303 -0.0104758 962.557
52 1228   0.00221961 -0.010481 955.525
52 1229   0.00116914 -0.0110763 968.36
52 1230   0.00145596 -0.011473 967.099
52 1231   0.00234308 -0.0109045 947.791
52 1232   0.00197333 -0.011296 948.608
52 1233   0.00307898 -0.0110113 946.725
52 1234   0.00266612 -0.0109876 938.303
52 1235   0.00263148 -0.0113576 892.563
52 1237   0.00317433 -0.0113261 929.007
52 1238   0.00291434 -0.0114365 863.375
52 1281   0.00778993 -0.00470403 951.258
52 1283   0.00643752 -0.00649243 927.519
52 1284   0.00637702 -0.00526844 967.439
52 1300   0.000307874 -0.0101686 966.705
52 1301   -0.000305145 -0.010197 965.332
52 1302   0.000546409 -0.0109834 969.427
52 1303   -0.000516532 -0.0108277 965.253
52 1304   -0.00114295 -0.0114456 917.392
52 1305   -0.00103745 -0.0110129 954.537
52 1307   -0.000531366 -0.011675 965.923
52 1308   -0.000866479 -0.0116965 912.095
52 1375   0.00211149 -0.0115748 933.139
52 1376   0.00244661 -0.0115533 881.424
52 1408   -0.0056181 0.00817216 853.682
52 1409   -0.00519577 0.00837214 877.458
52 1410   -0.00531427 0.00885158 872.404
52 1411   -0.00618296 0.00859175 824.141
52 1412   -0.00569771 0.00879802 849.789
52 1413   -0.0057755 0.00850517 846.396
52 1414   -0.00645753 0.00906075 792.888
52 1415   -0.00596813 0.00893775 830.296
52 1416   -0.00624222 0.00883147 815.658
52 1417   -0.00631803 0.0092267 793.93
52 1418   -0.00606383 0.00914385 818.872
52 1419   -0.00606647 0.00957405 808.552
52 1420   -0.00593434 0.00940157 826.873
52 1421   -0.00648093 0.00955296 749.708
52 1422   -0.00637416 0.00940751 777.462
52 1423   -0.00625209 0.00949714 784.649
52 1424   -0.00629301 0.00975424 758.718
52 1425   -0.00641347 0.0096589 746.324
52 1426   -0.00630425 0.00962627 769.604
52 1427   -0.00642017 0.0098947 661.147
52 1428   -0.00643194 0.00976161 717.53
52 1429   -0.00637252 0.00981214 723.885
52 1431   -0.00648307 0.00981105 677.253
52 1432   -0.00647611 0.0098773 636.266
52 1469   0.00768651 0.00888231 945.366
52 1471   0.00744107 0.00882644 962.747
52 1472   0.00736909 0.00905172 969.05
52 1538   0.00345165 -0.0110308 965.258
52 1539   0.00371164 -0.0109204 968.671
52 1543   0.000330563 -0.0114123 966.863
52 1546   -0.000196252 -0.0116535 967.377
52 1547   -0.000119359 -0.0112282 968.822
52 1565   -0.00764739 0.00526184 961.112
52 1566   -0.00692546 0.00621789 957.487
52 1583   -0.00640119 0.0101155 328.349
52 1586   -0.00646434 0.0101029 9.49751
52 1587   -0.00643534 0.0100993 199.766
52 1618   -0.00817908 -0.00864388 805.455
52 1619   -0.00822306 -0.00861308 779.593
52 1664   -0.00836183 -0.00853255 760.278
52 1665   -0.00835863 -0.00850079 807.787
52 1666   -0.00839146 -0.00854869 736.69
52 1667   -0.00838721 -0.00850155 831.613
52 1668   -0.00840516 -0.00849073 873.96
52 1669   -0.00839884 -0.0085274 790.948
52 1670   -0.00841731 -0.00853147 819.518
52 1671   -0.00843653 -0.00852743 914.134
52 1674   -0.00842549 -0.00850318 891.01
52 1675   -0.008426 -0.00851806 890.919
52 1708   0.00643449 -0.0101083 194.038
52 1712   0.00646341 -0.0100807 93.8642
52 1713   0.00645067 -0.0100955 112.298
52 1714   0.00646074 -0.010103 27.9379
52 1715   0.00647899 -0.0100973 5.31307
52 1718   0.00647292 -0.0100934 14.4994
52 1719   0.00647506 -0.0100831 36.1341
end
