1232
16 1   -0.0449783 0.00326305 922.981
16 2   -0.0451577 -0.0029188 922.985
16 3   -0.0411402 -0.00644299 921.423
16 4   -0.0384825 -0.00713543 917.907
16 5   0.00390923 0.018349 969.414
16 6   0.00669719 -0.0225131 919.928
16 7   -0.0026805 0.017224 947.46
16 8   0.00669719 -0.0189606 952.883
16 9   -0.00272889 0.0154131 961.802
16 10   0.00350987 0.0148107 954.956
16 11   -0.0042526 0.0149604 965.314
16 12   -0.0041494 0.0137581 969.487
16 13   0.00518938 -0.0127463 965.146
16 14   -0.0048823 0.0134277 969.517
16 15   -0.00560325 0.0135789 969.256
16 16   -0.00723333 0.0121611 948.514
16 17   -0.00625447 0.0125785 960.811
16 18   -0.0068475 0.0128444 961.958
16 19   -0.00578067 0.0128407 966.652
16 20   -0.00678405 0.0110906 902.493
16 21   -0.00685207 0.0116594 930.302
16 22   -0.00475215 0.0127268 968.838
16 23   -0.0052659 0.0124447 967.974
16 24   -0.00625903 0.0119095 946.093
16 25   0.00586486 -0.0117651 949.651
16 26   0.00513086 -0.0120828 968.222
16 27   -0.00593969 0.0116033 944.41
16 28   -0.00626304 0.0109131 872.262
16 29   -0.00519061 0.0120059 968.934
16 30   0.00542858 -0.0117946 966.49
16 31   0.00474519 -0.0118503 967.549
16 32   -0.00601171 0.0111758 914.209
16 33   -0.0056113 0.0116305 962.386
16 34   -0.00538156 0.0117601 968.452
16 35   0.00525124 -0.0114529 967.157
16 36   0.00484529 -0.0115233 942.874
16 37   -0.00550526 0.0112963 965.125
16 38   -0.00577279 0.011036 918.809
16 39   -0.00478718 0.0115616 954.603
16 40   -0.00559472 0.0111293 950.949
16 41   -0.00497716 0.0115143 951.929
16 42   0.0050536 -0.0114141 935.744
16 43   -0.00516983 0.0115335 966.825
16 44   -0.00532477 0.0112599 966.086
16 45   -0.00521908 0.0113674 959.094
16 46   -0.00496161 0.0113822 919.448
16 47   -0.00509742 0.011311 920.981
16 290   0.00536329 0.0203911 960.165
16 296   0.00238865 -0.019626 966.015
16 297   0.00161778 -0.0166012 969.597
16 298   0.00153908 -0.0152254 969.415
16 299   -0.000673934 -0.0157369 961.57
16 300   0.000714894 -0.0147997 968.62
16 301   -2.27773e-05 -0.0149702 967.033
16 302   0.00076954 -0.0138627 968.608
16 304   -0.0511395 0.0239921 925.783
16 312   -0.0087941 0.0271739 957.616
16 320   -0.00882725 -0.0274851 961.427
16 325   -0.032942 -0.0230774 904.549
16 328   -0.0242404 0.0325 956.23
16 329   -0.0263435 0.0225 940.622
16 330   -0.0297311 0.024558 934.373
16 331   -0.0221238 0.0247262 948.983
16 332   -0.0209303 0.0297262 955.288
16 333   -0.0143458 0.0241787 940.515
16 335   -0.0164652 0.0222262 943.117
16 336   -0.0195839 0.0222262 947.308
16 354   -0.047357 0.0130574 940.518
16 355   -0.042357 0.0130574 913.648
16 356   -0.0432973 0.0168086 911.752
16 357   -0.0410182 0.0154689 892.375
16 361   -0.001531 0.0145588 964.797
16 362   -0.00203411 0.0137208 965.555
16 363   -0.00262197 0.0127648 967.844
16 364   -0.00347094 0.0133374 969.534
16 365   -0.00278666 0.0134081 968.123
16 366   -0.00300282 0.0123679 969.347
16 370   -0.0501577 -0.00542305 926.12
16 372   -0.0489866 -0.00938511 932.208
16 373   -0.0513289 -0.0114616 941.613
16 374   -0.0435768 -0.0109093 923.289
16 375   -0.0464232 -0.0113472 932.24
16 376   -0.0421374 -0.0127167 916.323
16 377   -0.0433703 -0.0151932 918.326
16 378   -0.0397008 -0.0118708 910.412
16 379   -0.0387183 -0.0133469 899.452
16 531   0.00523196 0.0152646 955.551
16 532   0.00604594 0.0167396 967.852
16 543   -0.00631762 -0.0114528 798.784
16 546   -0.00702705 -0.0114978 782.998
16 548   -0.0411476 0.0249989 945.338
16 549   -0.0392007 0.0261914 946.433
16 550   -0.00110536 0.0176891 957.789
16 551   0.00148796 0.0181996 968.835
16 552   0.00224389 0.0155024 962.671
16 553   0.00154472 0.016807 966.545
16 554   0.000292955 0.0165575 964.477
16 555   0.00143764 0.0146995 961.468
16 556   -0.000264672 0.01456 964.905
16 557   0.00045391 0.0152455 964.042
16 558   -0.000208105 0.0137506 966.91
16 566   -0.0423509 0.0186873 886.747
16 567   -0.0429364 0.020703 907.367
16 570   -0.00219748 0.0124784 956.924
16 573   -0.0423643 -0.0198181 882.208
16 574   -0.0420414 -0.0170648 891.386
16 586   -0.0042138 0.0185731 895.912
16 587   -0.0113568 0.0229287 912.472
16 588   -0.00947715 0.0246739 914.245
16 589   -0.0117999 -0.0230198 919.758
16 590   -0.00950522 -0.0249851 922.14
16 591   -0.0329457 0.023087 904.574
16 592   -0.0348557 0.0252984 914.527
16 643   0.000487833 -0.0191956 969.023
16 644   -0.00121752 -0.0199346 952.324
16 645   -0.000595233 -0.0171127 960.562
16 646   0.00050346 -0.0176365 968.236
16 647   -0.00387492 -0.0188497 874.917
16 648   -0.00163623 -0.0179146 944.547
16 649   -0.00224289 -0.0191774 927.008
16 650   -0.00263276 -0.0174036 926.537
16 651   -0.00390377 -0.0177702 890.268
16 652   -0.00181417 -0.0155069 950.19
16 653   -0.002732 -0.0163717 931.45
16 654   -0.00206254 -0.0145718 951.078
16 655   -0.00716532 0.0108511 906.599
16 657   -0.00699797 0.0104883 885.924
16 705   -0.0243248 -0.0325 956.711
16 706   -0.0297931 -0.0245516 934.437
16 707   -0.0265204 -0.0225 940.485
16 708   -0.0315099 -0.0335258 966.102
16 709   -0.028182 -0.0310258 957.198
16 710   -0.0295758 -0.0280774 950.834
16 711   -0.0324064 -0.0291032 956.499
16 712   -0.033401 -0.0320516 967.803
16 748   -0.0335178 -0.0210258 872.681
16 752   0.000211874 -0.0336087 807.712
16 753   -0.0346707 -0.0252541 914.734
16 754   -0.0343524 -0.0277541 950.208
16 758   -0.0399783 0.0107605 913.648
16 759   -0.0399783 0.00576494 920.437
16 765   0.00550114 -0.0179073 960.178
16 766   0.0027487 -0.0171636 968.629
16 767   0.00353519 -0.0186292 964.172
16 768   0.00373934 -0.0163484 967.306
16 769   0.00532864 -0.0164913 963.581
16 770   0.00380748 -0.0152263 967.816
16 771   0.00477655 -0.0131193 966.028
16 772   0.00407406 -0.0136175 967.331
16 773   0.00459999 -0.0138122 966.158
16 774   0.00386357 -0.0128242 966.501
16 775   0.00407748 -0.0131253 966.947
16 776   0.00440664 -0.0128713 966.678
16 777   0.00399479 -0.012241 962.367
16 778   0.00433279 -0.0125451 966.995
16 779   0.00405268 -0.0125953 965.773
16 780   0.00449143 -0.0119883 969.37
16 781   0.00415937 -0.012114 965.829
16 782   0.00439041 -0.0122676 968
16 784   0.00416438 -0.011885 967.633
16 785   0.0043564 -0.0117844 967.798
16 786   0.00350532 -0.0138982 968.628
16 787   0.00319652 -0.0147265 969.03
16 788   0.00227977 -0.0146048 969.622
16 789   0.00215534 -0.0138153 969.384
16 790   0.00232348 -0.012483 966.459
16 791   0.00291949 -0.013498 969.465
16 792   0.00119 -0.0135105 967.238
16 793   0.00174859 -0.0134874 967.85
16 794   0.00115283 -0.0130947 962.24
16 795   0.000912293 -0.0125151 928.283
16 796   0.00187612 -0.013045 964.515
16 797   0.00202796 -0.0126941 959.822
16 798   0.00150805 -0.0129078 956.055
16 799   0.0017358 -0.0123814 927.103
16 800   0.00120374 -0.0125493 915.95
16 801   0.00145722 -0.0126713 940.396
16 802   0.00153314 -0.0124959 921.464
16 803   0.00119731 -0.0123873 874.505
16 804   0.00136201 -0.0123605 878.03
16 924   -0.0408841 -0.0207788 819.55
16 941   -0.00726352 -0.0107489 721.791
16 942   -0.00738176 -0.0102703 489.814
16 943   -0.00714528 -0.0103942 672.9
16 944   0.00705661 0.0104321 699.252
16 945   0.0072044 0.0107542 721.794
16 946   -0.00815793 0.023594 867.198
16 947   -0.00812073 -0.023998 883.502
16 948   -0.0061713 -0.0192925 729
16 949   -0.0048426 -0.0194182 822.937
16 980   -0.00650901 0.022026 761.663
16 992   -0.00184443 0.0125357 935.833
16 1008   0.00383399 0.0136632 938.875
16 1009   0.0048535 0.0131349 918.743
16 1010   0.00306396 0.0133426 938.625
16 1011   0.00223361 0.0124567 903.027
16 1012   0.00349813 0.012825 932.274
16 1013   0.00269161 0.012542 906.316
16 1014   0.00325121 0.0123232 928.882
16 1015   0.00311312 0.0126647 926.813
16 1017   0.00296147 0.012179 890.947
16 1018   0.00269795 0.0122218 874.278
16 1026   -0.00622546 -0.0123194 844.341
16 1027   -0.00497092 -0.0117343 868.612
16 1028   -0.00535171 -0.0123531 873.955
16 1029   -0.00463851 -0.0169217 884.718
16 1030   -0.00393971 -0.0151705 918.206
16 1031   -0.00377007 -0.0161546 913.373
16 1033   -0.00683565 -0.0183962 783.248
16 1034   -0.00638701 -0.0173025 845.131
16 1035   -0.00548972 -0.0167817 871.585
16 1036   -0.00705136 -0.0164063 860.043
16 1037   -0.00570543 -0.0160417 881.462
16 1038   -0.00660272 -0.0157292 874.669
16 1039   -0.00536464 -0.0154113 892.941
16 1040   -0.00468307 -0.0149838 906.5
16 1041   -0.00569682 -0.0145465 891.709
16 1042   -0.00521348 -0.0132363 897.418
16 1043   -0.0052978 -0.0139785 898.774
16 1044   -0.00473269 -0.0142596 909.127
16 1045   -0.00477661 -0.0132531 908.948
16 1046   -0.00452013 -0.0137816 914.348
16 1047   -0.00453209 -0.0128735 918.423
16 1048   -0.0046613 -0.0120481 905.473
16 1049   -0.00451502 -0.0124278 921.844
16 1051   -0.0044709 -0.0117387 901.351
16 1089   -0.035221 -0.0215387 827.975
16 1107   -0.0015659 -0.0138966 960.195
16 1113   -0.0115331 -0.0210066 894.896
16 1117   -0.0334946 0.021029 872.985
16 1121   -0.0386395 0.0165032 852.997
16 1123   -0.0406416 0.0185158 837.897
16 1124   -0.0392093 0.0176714 824.579
16 1125   -0.0036858 0.0128201 968.977
16 1126   -0.00338236 0.012494 968.132
16 1128   -0.00353499 0.012114 961.821
16 1129   -0.00376282 0.0120771 951.874
16 1139   -0.0358444 -0.0321767 969.268
16 1140   -0.0380997 -0.0281292 965.599
16 1141   -0.0360988 -0.0293533 966.1
16 1142   -0.043896 -0.0209974 939.564
16 1163   0.00302538 -0.0122049 967.35
16 1164   0.00305472 -0.0129518 969.175
16 1165   0.00271363 -0.0126155 969.585
16 1166   0.00353702 -0.0127093 966.72
16 1167   0.00376946 -0.012182 956.522
16 1168   0.0035008 -0.0124214 964.759
16 1169   0.00333026 -0.0122533 964.285
16 1171   0.00370872 -0.0119961 947.13
16 1172   0.00348911 -0.0120317 957.997
16 1176   -0.000387831 -0.0142195 967.559
16 1177   -0.00094491 -0.0139105 966.388
16 1178   0.000218177 -0.0135726 969.29
16 1179   -0.000201523 -0.0137589 969.147
16 1180   0.0002455 -0.0131041 969.622
16 1181   0.000696727 -0.0126963 961.421
16 1182   0.0007597 -0.0129785 964.979
16 1183   -0.00100389 -0.0125189 969.498
16 1184   -0.000633121 -0.0132885 969.536
16 1185   -0.00100767 -0.0133549 968.349
16 1186   -0.000722494 -0.0126828 968.751
16 1187   -0.000598904 -0.0129393 969.181
16 1188   -3.01811e-05 -0.0129591 968.049
16 1189   -0.000301826 -0.0129239 967.351
16 1190   0.000335458 -0.0126649 969.34
16 1191   8.91254e-06 -0.0126743 957.772
16 1192   0.00012275 -0.0128021 967.014
16 1194   0.00013927 -0.0125505 957.81
16 1195   0.000303972 -0.0125238 968.772
16 1196   -0.0511395 0.0177504 968.657
16 1197   -0.0457973 0.0168086 944.486
16 1198   -0.0485182 0.0154689 954.795
16 1201   -0.0210581 -0.0297566 955.807
16 1202   -0.0148176 -0.0242698 943.657
16 1203   -0.0170988 -0.0222566 945.145
16 1204   -0.0199664 -0.0222566 947.82
16 1205   -0.0223396 -0.0247566 949.283
16 1208   -0.00450815 0.0313282 941.763
16 1209   -0.0013968 0.0266175 952.766
16 1210   -0.00134878 0.0328519 878.104
16 1221   -0.0314901 0.033529 965.891
16 1222   -0.0281083 0.031029 956.776
16 1223   -0.0295349 0.028087 950.538
16 1235   -0.0109774 0.0209762 881.845
16 1241   -0.0511077 -0.0172529 968.208
16 1242   -0.0499366 -0.0144619 954.806
16 1243   -0.0459626 -0.0190132 957.435
16 1244   -0.0473731 -0.0139238 943.525
16 1245   -0.0457597 -0.0159624 941.101
16 1264   0.00359565 -0.0277561 854.212
16 1265   0.00461488 -0.0241351 911.74
16 1266   0.00227228 -0.0221693 954.35
16 1267   -0.00142843 -0.0214619 956.462
16 1268   0.000160552 -0.0232662 963.742
16 1269   -0.000983321 -0.024932 962.8
16 1271   0.00567797 -0.0294347 731.895
16 1324   -0.0499783 0.0057588 926.234
16 1325   -0.0499783 0.0107585 937.301
16 1353   -0.0399503 -0.0296034 963.347
16 1354   -0.0445731 -0.0336509 835.881
16 1355   -0.0439971 -0.0283394 936.844
16 1356   -0.0418004 -0.0282826 961.025
16 1357   -0.041536 -0.0261915 966.595
16 1358   -0.0385994 -0.0260901 938.705
16 1359   -0.0401856 -0.0254731 939.749
16 1360   -0.0362923 -0.0247517 892.724
16 1361   -0.0377228 -0.0253376 907.28
16 1362   -0.0384677 -0.0240827 858.549
16 1378   -0.049225 0.0260079 906.607
16 1395   0.00445352 0.0224636 943.035
16 1396   0.00477068 0.0259993 891.837
16 1397   0.00659023 0.0246213 901.704
16 1398   2.30037e-05 0.0249171 955.396
16 1399   0.00279256 0.0249178 924.66
16 1400   0.0024754 0.0227655 952.49
16 1401   0.000656978 0.0217098 968.491
16 1402   -0.000885644 0.0231723 968.722
16 1403   0.000213835 0.019875 968.25
16 1404   -0.00112772 0.019614 956.785
16 1405   -0.00224038 0.0209232 939.779
16 1406   -0.00405292 0.0229328 902.483
16 1407   -0.00244145 0.0226468 950.438
16 1455   -0.00603664 0.0334762 947.12
16 1456   -0.00862168 0.0334762 965.048
16 1482   -0.00867852 -0.0335066 964.461
16 1483   -0.00609328 -0.0335066 945.828
16 1494   -0.00693489 -0.0131977 859.575
16 1495   -0.00648625 -0.0141873 879.828
16 1496   -0.00705136 -0.0147396 877.472
16 1655   -0.0417077 0.0219432 879.244
16 1656   -0.041027 0.0235473 894.033
16 1657   -0.0396777 0.023336 840.456
16 1658   -0.0404061 0.019922 794.046
16 1659   -0.0398302 0.0221302 780.446
16 1660   -0.0408867 0.0213336 828.169
16 1661   -0.0387798 0.0212169 608.429
16 1662   -0.0389738 0.0199109 661.513
16 1663   -0.0064651 -0.0226161 800.767
16 1664   -0.00650173 -0.0206074 549.576
16 1670   -0.0387793 -0.0216769 704.864
16 1671   -0.0384166 -0.0207552 495.609
16 1672   -0.0372735 -0.0209738 594.242
16 1676   -0.00699821 0.0169631 912.195
16 1677   -0.00523375 0.0178327 891.962
16 1678   -0.00622775 0.0157721 953.41
16 1679   -0.00522416 0.0160309 950.34
16 1680   -0.00711956 0.0188982 769.345
16 1681   -0.00661777 0.0179721 856.497
16 1682   -0.0058569 0.0185829 832.382
16 1683   -0.00602853 0.0202452 713.902
16 1684   -0.0067894 0.0203381 475.37
16 1685   -0.00597826 0.0194625 776.688
16 1686   -0.00673913 0.0195554 685.281
16 1687   0.0073522 0.0101773 370.717
16 1688   0.0073522 0.0103771 595.67
16 1690   -0.00667233 -0.0108503 755.068
16 1691   -0.00690881 -0.0107264 739.529
16 1717   0.00371555 0.0120882 964.499
16 1718   0.00345202 0.012131 954.16
16 1748   -0.00733266 0.0104255 923.232
16 1753   -0.00741633 0.0101565 960.014
16 1754   -0.00724899 0.0102441 922.58
16 1764   -0.0404351 -0.0163466 873.781
16 1765   -0.0393274 -0.0150131 885.27
16 1766   -0.0381091 -0.0161155 859.461
16 1767   -0.0380539 -0.0185834 759.308
16 1768   -0.038663 -0.0171989 829.419
16 1769   -0.0397707 -0.017699 834.498
16 1770   -0.0398968 -0.0193779 781.986
16 1771   -0.0387891 -0.019711 653.792
16 1777   0.00731445 -0.0104404 923.191
16 1782   0.00722167 -0.0102602 922.59
16 1783   0.00740722 -0.010163 960.291
16 1784   0.000210266 0.0135056 967.986
16 1785   0.00140096 0.0137263 958.592
16 1786   0.000742897 0.0134666 965.058
16 1787   0.00182641 0.0127946 935.825
16 1788   0.00207727 0.0133922 946.982
16 1789   0.00117394 0.0125813 951.468
16 1790   0.000694893 0.0130667 966.549
16 1791   0.000838573 0.0127716 964.064
16 1793   0.000323445 0.0125834 968.737
16 1794   0.000586968 0.0125406 968.268
16 1801   -0.00848858 0.0223369 823.629
16 1802   -0.00942842 0.0214644 834.067
16 1803   -0.00876904 0.0204881 773.291
16 1804   -0.00749904 0.0217452 739.055
16 1805   -0.00749952 0.0208726 570.853
16 1826   -0.0491203 0.0311769 735.9
16 1827   -0.0505855 0.0286714 798.635
16 1839   -0.0517674 0.0337472 672.766
16 1840   -0.0503022 0.0337472 678.232
16 1892   -0.00342839 -0.0145196 930.44
16 1893   -0.00287162 -0.0143853 939.837
16 1894   -0.00296972 -0.0135298 940.628
16 1895   -0.0041875 -0.0130423 926.555
16 1896   -0.00343837 -0.0133044 935.707
16 1897   -0.00414946 -0.0135624 922.581
16 1898   -0.00374284 -0.0137595 928.632
16 1899   -0.00392605 -0.012819 936.445
16 1900   -0.00358354 -0.0128839 938.088
16 1901   -0.00392147 -0.0125469 945.641
16 1902   -0.00325024 -0.0121125 944.882
16 1903   -0.00353912 -0.0122032 963.092
16 1904   -0.00341099 -0.0126415 942.73
16 1905   -0.00362277 -0.0124648 951.625
16 1907   -0.00382997 -0.0120161 965.947
16 1908   -0.00366527 -0.0120428 969.339
16 1911   -0.000487211 -0.0125392 964.511
16 1912   -0.000157808 -0.0125926 950.716
16 1913   -0.000315615 -0.0126852 962.758
16 1914   -0.0374721 0.0213221 637.609
16 1915   -0.0352228 0.0215435 828.218
16 1916   -0.00405517 0.0125808 967.318
16 1917   -0.00441307 0.0124991 968.373
16 1918   -0.00397957 0.0122177 960.771
16 1919   -0.00420091 0.0120481 963.276
16 1920   -0.0044827 0.0121664 968.569
16 1921   -0.00465234 0.0117388 968.149
16 1922   -0.00474649 0.0119554 969.539
16 1923   -0.00419189 0.0118398 963.788
16 1924   -0.00437952 0.0117415 969.388
16 1936   -0.00426779 -0.0122854 939.459
16 1937   -0.00406393 -0.0123636 949.515
16 1938   -0.00397373 -0.0121078 965.655
16 1939   -0.00410408 -0.0119852 955.133
16 1940   -0.00426742 -0.0120511 939.811
16 1941   -0.00432425 -0.0118841 924.724
16 1944   -0.00410179 -0.0118491 946.728
16 1945   -0.00422003 -0.0117872 922.926
16 1946   0.00460985 0.0125653 912.208
16 1947   0.00397206 0.0122021 946.374
16 1948   0.0040245 0.012576 934.094
16 1949   0.00616982 0.0110965 777.882
16 1950   0.00650182 0.0121707 835.713
16 1951   0.0072044 0.0117531 796.28
16 1952   0.00646541 0.0109416 761.747
16 1953   0.00690881 0.0111089 762.135
16 1954   0.00547366 0.0112862 806.684
16 1955   0.00596632 0.0114276 801.663
16 1956   0.00585493 0.011935 835.235
16 1957   0.00489583 0.0122386 888.229
16 1958   0.00530658 0.0120472 859.792
16 1959   0.00488247 0.011596 845.794
16 1960   0.0052209 0.0116431 836.962
16 1961   0.00423851 0.0120099 914.01
16 1962   0.00464925 0.0118185 870.192
16 1963   0.00457694 0.012057 892.202
16 1966   0.00440935 0.0117197 870.334
16 1967   0.00421229 0.0118229 894.569
16 1978   0.00294492 -0.032913 714.767
16 1979   0.00658898 -0.032913 675.518
16 1980   0.00476695 -0.0315217 701.089
16 1983   0.00385594 -0.0343043 692.084
16 1984   0.00567797 -0.0343043 675.384
16 1985   -0.000104053 0.0131253 969.537
16 1986   0.000117051 0.0127291 967.271
16 1987   0.000236895 0.0129814 969.514
16 1990   -0.000368051 0.0125767 967.513
16 1991   -0.000172438 0.0126084 956.01
16 1998   -0.0407283 -0.0219817 828.19
16 1999   -0.0395499 -0.0220857 772.354
16 2000   -0.041197 -0.0232471 889.698
16 2001   -0.0394294 -0.0234032 839.349
16 2002   -0.0402707 -0.0240411 891.077
16 2006   -0.049831 -0.028673 812.045
16 2007   -0.0503024 -0.0337715 678.181
16 2008   -0.0467707 -0.0324224 768.734
16 2009   -0.0462993 -0.0297808 868.996
16 2012   -0.0517675 -0.030086 721.337
16 2013   -0.0517675 -0.032543 681.292
16 2036   0.00603703 -0.0156019 963.179
16 2037   0.00701234 -0.0151895 961.741
16 2038   0.00490913 -0.0150697 965.393
16 2039   0.00512987 -0.0143865 964.847
16 2040   0.00712271 -0.0138365 958.785
16 2041   0.00663506 -0.0145484 961.368
16 2042   0.00588048 -0.0142776 962.577
16 2043   0.00621612 -0.0121494 947.094
16 2044   0.00682036 -0.0132131 955.339
16 2045   0.00583837 -0.0128423 958.972
16 2046   0.00606579 -0.013448 959.781
16 2048   0.00719765 -0.0125782 948.064
16 2049   0.00682082 -0.0121202 939.383
16 2050   0.00712318 -0.0117087 929.39
16 2081   -0.0360939 0.0322881 969.009
16 2082   -0.0335003 0.0321347 967.946
16 2083   -0.0365121 0.0294995 967.316
16 2084   -0.0346318 0.0278751 951.693
16 2085   -0.0325255 0.0291927 956.934
16 2114   -0.0364658 -0.0236061 851.565
16 2115   -0.0360677 -0.0225698 821.862
16 2116   -0.0376442 -0.023502 827.395
16 2117   -0.0370647 -0.0220048 756.168
16 2118   -0.0378353 -0.0224137 761.793
16 2121   -0.0381066 0.0253361 908.516
16 2122   -0.0387043 0.0239322 854.387
16 2123   -0.0365476 0.0247499 890.921
16 2124   -0.0363658 0.023053 834.398
16 2125   -0.037549 0.0228316 791.844
16 2126   -0.00853225 -0.022536 832.345
16 2127   -0.00895945 -0.0205033 781.366
16 2128   -0.00964995 -0.0215099 843.468
16 2129   -0.00750783 -0.0220739 765.889
16 2130   -0.00751133 -0.0210478 610.25
16 2131   -0.00410392 0.0199881 864.527
16 2132   -0.00339872 0.0207069 895.689
16 2133   -0.00426012 0.0216614 857.44
16 2134   -0.00529549 0.0205582 773.086
16 2135   -0.00539602 0.02142 782.67
16 2158   0.00477458 0.0336165 685.95
16 2159   0.00477198 0.0280772 818.171
16 2160   0.00137664 0.0314685 807.04
16 2161   0.00137405 0.0286961 882.905
16 2164   0.00659153 0.0294661 723.05
16 2165   0.00659153 0.0322331 680.783
16 2181   -0.0365644 -0.0205129 719.297
16 2182   -0.0355089 -0.0205129 798.583
16 2186   -0.0365633 0.0205145 727.058
16 2187   -0.0354973 0.0205145 798.792
16 2218   -0.0380698 0.0182516 783.584
16 2219   -0.0380698 0.0190849 726.724
16 2230   -0.00250953 -0.0240669 964.948
16 2231   -0.00269436 -0.0222753 935.077
16 2296   -0.000876892 0.0134802 965.232
16 2297   -0.00143656 0.0134516 963.032
16 2298   -0.00132923 0.0125882 916.882
16 2299   -0.00164694 0.0128717 950.531
16 2300   -0.00089072 0.0130842 963.849
16 2301   -0.00113268 0.0127721 948.159
16 2302   -0.000582601 0.0126939 968.734
16 2303   -0.000536252 0.0129742 968.603
16 2306   -0.000801388 0.0125219 955.671
16 2307   -0.000997001 0.0124902 926.291
16 2316   -0.03784 0.0336824 960.618
16 2322   0.00693762 -0.0113125 915.461
16 2323   0.00731445 -0.0110125 917.499
16 2324   0.00712889 -0.0106521 907.248
16 2325   0.00675779 -0.0106177 868.157
16 2326   0.00656366 -0.0112165 906.188
16 2327   0.00656938 -0.0108821 881.172
16 2328   0.00627077 -0.0108098 856.129
16 2442   0.00668603 0.0144229 935.176
16 2444   0.00679742 0.0129154 874.294
16 2445   0.00598344 0.0134408 909.401
16 2490   -0.00377575 0.0266884 968.223
16 2491   -0.00667384 0.02752 966.213
16 2492   -0.00507274 0.0286267 965.532
16 2501   -0.0497791 0.0215411 960.733
16 2502   -0.0497791 0.0194606 968.451
16 2503   -0.0470581 0.0187197 963.236
16 2508   -0.00472186 -0.0319653 937.126
16 2509   -0.00153136 -0.0320674 892.292
16 2510   -0.00163405 -0.0273062 946.754
16 2511   3.03861e-05 -0.0289975 903.11
16 2512   -0.00669576 -0.0281839 968.684
16 2513   -0.00532729 -0.0296773 959.867
16 2514   -0.00380124 -0.0280881 960.798
16 2515   -0.00589333 -0.0266187 964.204
16 2516   -0.00444607 -0.0265708 969.255
16 2517   -0.0038051 -0.0249238 960.098
16 2518   -0.00462114 -0.0240519 920.493
16 2564   0.00595578 -0.0114369 934.856
16 2565   0.00623542 -0.0113137 912.179
16 2566   0.00590485 -0.0109898 901.755
16 2567   0.00612809 -0.0110385 896.362
16 2568   0.00551212 -0.0112551 962.495
16 2569   0.0057072 -0.0113069 946.082
16 2570   0.0057636 -0.011135 927.966
16 2572   0.0055127 -0.0111124 957.648
16 2573   0.00562436 -0.0110539 937.925
16 2579   0.00531888 -0.0112852 964.041
16 2580   0.00539207 -0.0112468 968.753
16 2597   -0.00704836 -0.0244968 896.346
16 2598   -0.00641715 -0.023577 858.878
16 2599   -0.00626196 -0.0254121 937.298
16 2600   -0.00563074 -0.0244923 913.715
16 2612   -0.0428013 0.025108 967.274
16 2613   -0.0441618 0.0265188 956.949
16 2614   -0.0466303 0.0252377 945.775
16 2652   -0.0444634 0.0210703 950.521
16 2653   -0.0477383 0.0215056 967.469
16 2654   -0.0463779 0.0200949 965.312
16 2655   -0.0445896 0.0231216 967.131
16 2656   -0.0465041 0.0231864 965.587
16 2661   -0.037695 -0.0336509 961.369
16 2664   -0.0398 -0.0323017 948.413
16 2665   -0.0417548 -0.0336509 914.071
16 2676   -0.0495953 -0.0261237 901.248
16 2677   -0.0515318 -0.0238513 925.136
16 2678   -0.0472348 -0.0244267 948.722
16 2679   -0.0477789 -0.0209018 967.138
16 2680   -0.0501395 -0.0201418 965.892
16 2707   -0.0439829 -0.0232518 962.564
16 2708   -0.044831 -0.0262766 953.062
16 2709   -0.0455053 -0.0247925 960.248
16 2710   -0.0425474 -0.0239654 949.552
16 2711   -0.0429715 -0.0254778 968.294
16 2772   -0.00711417 0.0135465 968.081
16 2774   -0.00634371 0.0140187 969.588
16 2775   -0.00672954 0.014811 967.489
16 2783   -0.0174915 -0.0308849 960.281
16 2784   -0.0150126 -0.0336283 966.842
16 2785   -0.0150579 -0.0278981 957.113
16 2786   -0.0113623 -0.0291481 965.663
16 2787   -0.0112106 -0.0321349 969.335
16 2802   -0.00269658 -0.0131819 943.302
16 2803   -0.00210183 -0.0133622 953.539
16 2804   -0.00282798 -0.0127408 937.645
16 2805   -0.00304174 -0.0122863 927.386
16 2806   -0.00311884 -0.0125536 937.608
16 2807   -0.0016627 -0.012412 957.106
16 2808   -0.00185351 -0.0130246 956.978
16 2809   -0.00134897 -0.0126447 967.013
16 2810   -0.00138033 -0.0130033 966.003
16 2811   -0.00222085 -0.0122795 922.527
16 2812   -0.00196203 -0.0125034 946.563
16 2813   -0.00212148 -0.0127574 948.172
16 2814   -0.00240352 -0.0123898 923.531
16 2815   -0.00239827 -0.0126706 938.924
16 2816   -0.00260414 -0.0126372 934.688
16 2818   -0.00283848 -0.0121793 899.529
16 2821   -0.00257084 -0.0122227 900.671
16 2822   -0.00269174 -0.0123431 916.239
16 2832   -0.0149566 0.0336131 966.46
16 2833   -0.017386 0.0308394 959.689
16 2834   -0.0149008 0.0277918 956.18
16 2835   -0.0112287 0.0290418 964.942
16 2836   -0.0111289 0.0320894 969.323
16 2837   -0.0433769 0.0284769 942.377
16 2838   -0.0419047 0.0336824 912.036
16 2839   -0.0401005 0.0323648 944.776
16 2840   -0.0447248 0.0336824 830.821
16 2841   -0.0457407 0.0311121 851.919
16 2842   -0.0382617 0.0289174 968.422
16 2843   -0.0391673 0.0275998 966.225
16 2844   -0.040104 0.0303884 957.878
16 2845   -0.0410096 0.0290709 960.708
16 2916   -0.00485817 0.0239484 911.234
16 2917   -0.00471699 0.025478 957.881
16 2918   -0.0060367 0.0256853 947.195
16 2919   -0.00617836 0.0232831 846.06
16 2920   -0.00683774 0.0242593 888.871
16 2926   -0.00449386 -0.0207743 822.2
16 2927   -0.00376673 -0.0217765 879.763
16 2928   -0.00439795 -0.0226962 874.923
16 2929   -0.00548863 -0.021193 751.28
16 2930   -0.0054555 -0.0221757 803.137
52 198   -0.00372296 -0.000164276 962.04
52 199   0.00258143 0.00087727 964.854
52 200   0.00129368 -0.00127451 966.224
52 201   -0.00168791 -0.00167887 966.71
52 202   0.00141942 0.00343714 968.273
52 203   0.00509863 0.00137744 959.187
52 204   -0.00218505 -0.00416924 968.618
52 205   -0.00594407 -0.00140733 955.768
52 206   -0.00401543 -0.00523814 968.614
52 207   0.00655869 0.000484823 947.19
52 208   0.00313797 0.00509469 968.954
52 209   -0.00395505 -0.00713802 969.46
52 210   -0.00566188 -0.00476087 966.201
52 211   -0.00622839 -0.00343418 962.389
52 212   0.00550203 0.00356347 963.535
52 213   0.00273652 -0.00807639 943.01
52 214   0.00812747 0.00204526 942.825
52 215   0.00470338 0.00472084 967.236
52 216   -0.00536828 -0.00781847 968.701
52 217   -0.00684672 -0.00590532 963.732
52 218   0.00914489 0.0015218 916.822
52 219   0.00681399 0.00546865 964.238
52 220   -0.00154978 0.0100082 952.866
52 221   0.00344436 -0.00919268 913.198
52 222   -0.00645334 -0.00739573 968.614
52 223   -0.00691928 -0.00678478 963.277
52 224   0.00764306 0.00598189 956.433
52 225   0.00752497 0.00734354 954.801
52 226   -0.00812189 -0.00500595 967.55
52 227   -0.00776314 -0.00561886 959.851
52 228   0.00786725 0.00672561 943.121
52 229   0.00333617 -0.00998534 930.644
52 230   0.00421744 -0.00907426 872.005
52 231   0.00809515 0.00788333 938.577
52 232   -0.00782035 -0.00710009 944.049
52 233   -0.00881452 -0.00534561 962.843
52 234   -0.00832706 -0.00613763 942.398
52 235   0.0079797 0.00835124 959.254
52 236   -0.00849156 -0.00792836 913.273
52 237   -0.00828658 -0.00692478 922.117
52 238   0.00857635 0.00682805 909.194
52 239   0.00398672 -0.0102564 909.525
52 240   0.00446863 -0.0097073 852.473
52 241   -0.00843842 -0.00657159 923.589
52 242   -0.00878698 -0.00593051 941.443
52 243   0.00434611 -0.0100968 862.024
52 244   -0.00911204 -0.00624004 918.367
52 245   0.00883513 0.00744462 858.816
52 246   0.00881393 0.00715656 876.902
52 247   -0.00872277 -0.00755374 885.247
52 248   -0.00866346 -0.00723327 895.511
52 249   -0.00888904 -0.00669639 899.916
52 250   -0.00910275 -0.00657196 899.244
52 251   0.00459655 -0.010366 828.714
52 252   -0.00892791 -0.00713123 861.682
52 253   -0.00900992 -0.00761192 804.392
52 254   -0.00464409 0.0105308 808.659
52 255   -0.00900165 -0.00694753 869.354
52 256   0.00916074 0.00750127 745.378
52 257   -0.00932313 -0.00676049 869.852
52 258   0.0091263 0.00707227 811.385
52 259   -0.00912106 -0.00743129 761.318
52 260   -0.00909836 -0.00727107 787.464
52 261   -0.00481425 0.0105717 760.872
52 262   -0.00493832 0.0105124 739.57
52 263   -0.00920992 -0.00699599 815.799
52 264   -0.00931769 -0.00693338 823.782
52 265   0.00925525 0.00718363 746.905
52 266   0.00926023 0.00736475 717.114
52 267   -0.0092615 -0.00745868 712.832
52 268   0.00469806 -0.0108716 776.65
52 269   -0.00922753 -0.00721467 751.377
52 270   0.00927758 0.00727233 722.117
52 271   -0.00502374 0.0106444 632.567
52 272   -0.00943476 -0.00703369 789.529
52 273   -0.00926535 -0.00712329 766.994
52 274   0.00477591 -0.0109288 703.258
52 275   -0.00936698 -0.00715012 740.703
52 276   -0.00942861 -0.00712314 752.262
52 277   0.00937019 0.00739351 693.249
52 278   0.00939468 0.00726952 699.363
52 279   -0.009406 -0.00736588 688.618
52 280   0.00941587 0.00732599 688.979
52 281   0.00946673 0.00732232 681.121
52 282   -0.00954567 -0.0072679 965.417
52 321   -0.0019664 0.0113673 935.906
52 322   -0.00391483 0.00211786 961.968
52 323   -0.00448876 0.00542298 968.872
52 324   -0.00617056 0.00686515 969.363
52 380   -0.00512437 0.00981797 797.022
52 381   -0.00486747 0.0095863 823.33
52 382   -0.000497814 0.00364605 968.83
52 383   -0.00341666 0.00468365 968.844
52 384   -0.00250927 0.00296396 967.011
52 385   -0.00217296 0.00545118 969.368
52 386   -0.000637445 0.0052803 969.636
52 387   -0.0021404 0.00685584 964.258
52 388   -0.00164159 0.00910391 952.177
52 389   -0.00308091 0.00744922 949.2
52 390   -0.00268738 0.00895784 935.226
52 391   -0.0030649 0.00829072 931.561
52 392   -0.003789 0.00935334 893.47
52 393   -0.00323874 0.00951251 921.707
52 394   -0.00412463 0.0103163 895.043
52 395   -0.00405086 0.00969851 881.179
52 396   -0.00385155 0.0100401 905.223
52 397   -0.00433494 0.0102099 864.032
52 398   -0.00455625 0.0103386 832.28
52 399   -0.00457037 0.00979511 840.472
52 400   -0.00434227 0.00985006 860.27
52 401   -0.00494133 0.0099993 799.843
52 402   -0.00468864 0.0101865 817.714
52 403   -0.00469543 0.0100028 824.442
52 405   -0.00501538 0.0104116 750.282
52 406   -0.00505278 0.0101833 776.099
52 407   -0.00491754 0.0102512 783.523
52 427   0.0087361 0.00766827 884.052
52 428   0.00857598 0.00781757 905.88
52 453   0.00815576 0.00557305 958.122
52 454   0.00879998 0.00517753 966.421
52 455   0.00831637 0.00500687 968.23
52 456   0.00906914 0.00597777 931.401
52 457   0.00851797 0.00586195 946.56
52 458   0.00876077 0.00562546 953.031
52 459   0.00874765 0.00650671 911.828
52 460   0.00867165 0.00619901 928.6
52 461   0.00898102 0.00622951 918.13
52 462   0.00930517 0.0066233 884.513
52 463   0.00900103 0.00661668 897.246
52 464   0.00911301 0.00645772 903.683
52 465   0.0091633 0.00692488 835.447
52 466   0.00912092 0.00678256 872.542
52 467   0.00927038 0.00677394 859.472
52 468   0.00942969 0.00695686 801.476
52 469   0.00928721 0.00695198 807.687
52 470   0.0093383 0.00688053 827.12
52 471   0.00934854 0.00710998 747.713
52 472   0.0093435 0.00702573 777.499
52 473   0.00941369 0.0070309 773.67
52 474   0.00948402 0.00713768 737.661
52 475   0.00939893 0.00713684 733.81
52 476   0.00943854 0.00709348 750.765
52 477   0.009427 0.00723095 703.382
52 478   0.00941848 0.00718438 716.534
52 479   0.00946847 0.00718264 717.862
52 480   0.00946615 0.00724252 698.976
52 481   0.00948781 0.00721589 708.677
52 482   0.00951698 0.00722554 711.189
52 486   -0.00235252 0.0104737 952.105
52 487   -0.00224391 0.0110295 954.028
52 488   -0.00282426 0.0112268 967.848
52 489   -0.00287415 0.0104298 954.726
52 490   -0.00308119 0.0109011 968.107
52 491   -0.00354927 0.0102586 936.428
52 492   -0.00319831 0.0100762 938.232
52 493   -0.00355841 0.0106611 960.89
52 494   -0.0034145 0.01095 968.992
52 495   -0.00407711 0.0105983 924.208
52 496   -0.00381318 0.0107245 959.044
52 497   -0.00422101 0.0107476 923.375
52 498   -0.00431682 0.0110277 953.438
52 499   -0.0041333 0.0109517 963.121
52 500   -0.00454414 0.0106904 833.755
52 501   -0.00438989 0.0107538 888.726
52 502   -0.00443357 0.0109228 902.825
52 503   -0.00462309 0.0108131 807.535
52 504   -0.00466043 0.0109614 800.696
52 505   -0.00456061 0.0109145 848.476
52 506   -0.00471157 0.0108207 766.938
52 507   -0.00473427 0.0108993 746.644
52 508   -0.00482305 0.010714 723.737
52 509   -0.00477041 0.0107799 735.6
52 510   -0.0049633 0.0107049 607.666
52 511   -0.00488668 0.0107152 675.582
52 512   -0.00488593 0.0107706 617.861
52 513   -0.00502067 0.0107871 356.09
52 514   -0.00498505 0.010748 513.34
52 515   -0.00494005 0.0107727 525.533
52 516   -0.00499366 0.0108175 315.993
52 517   -0.00495767 0.0108062 427.484
52 518   -0.00484282 0.0109282 525.917
52 519   -0.00479616 0.0108984 665.691
52 520   -0.00485698 0.0108237 602.213
52 521   -0.00480508 0.0108342 681.611
52 522   -0.00492173 0.0109088 269.69
52 523   -0.00488599 0.0108583 494.025
52 524   -0.00488075 0.0108986 445.97
52 525   -0.00493255 0.0108387 411.22
52 526   -0.00494217 0.0108892 235.353
52 527   -0.00494776 0.0108593 314.264
52 528   -0.00497597 0.0108552 227.103
52 529   -0.00499676 0.0108459 189.116
52 561   -0.0054515 -0.00880075 956.953
52 562   -0.00637954 -0.00959266 855.302
52 563   -0.00631383 -0.00901046 925.79
52 564   -0.00702724 -0.00941113 828.379
52 565   -0.00675429 -0.00966615 790.126
52 576   -0.00285471 -0.00795736 968.361
52 577   -0.00170105 -0.00810496 967.944
52 578   -0.00321192 -0.00921826 965.164
52 579   -0.00139668 -0.00950551 965.355
52 580   -0.000531932 -0.0100453 965.776
52 581   -0.0022736 -0.00979389 963.74
52 582   -0.00218753 -0.0104971 960.074
52 583   -0.00140579 -0.0110901 966.769
52 584   -0.00162113 -0.0115181 965.351
52 585   -0.00279374 -0.0106286 952.966
52 593   0.000475771 -0.0116764 962.629
52 595   0.00767202 0.00863813 969.017
52 600   0.000521852 -0.00531008 969.532
52 601   -0.000819866 -0.00526615 969.595
52 602   -0.000973077 -0.00722819 968.647
52 603   0.00163138 -0.0079233 958.79
52 604   0.000779642 -0.00680782 967.907
52 605   -4.23608e-05 -0.00773642 966.664
52 606   0.00115883 -0.00885275 958.199
52 607   3.28671e-05 -0.00961814 963.586
52 608   0.000155953 -0.00868783 963.894
52 609   0.00175714 -0.0101393 951.224
52 610   0.00131724 -0.00959171 954.972
52 611   0.000602274 -0.0098928 960.366
52 612   0.0012549 -0.0104612 953.023
52 613   0.000615921 -0.0108031 958.968
52 614   0.000753456 -0.0103788 958.606
52 615   0.0012961 -0.0108103 948.914
52 616   0.000938621 -0.0109609 950.463
52 617   0.0010312 -0.0112519 937.25
52 618   0.00188189 -0.011254 937.023
52 619   0.0018438 -0.0115904 910.521
52 620   0.00156578 -0.0110401 941.695
52 621   0.00136965 -0.0112696 928.08
52 681   -0.0035973 0.0111579 964.845
52 682   -0.00396958 0.0110582 968.302
52 683   -0.00379335 0.0109802 968.988
52 690   0.00261104 -0.00304719 966.771
52 691   0.00166549 -0.00457042 969.38
52 692   0.00305857 -0.00693234 958.316
52 693   0.00384306 -0.00545227 969.506
52 694   0.00283721 -0.00555334 969.307
52 695   0.00422028 -0.00647205 965.632
52 696   0.00390856 -0.00719049 946.733
52 697   0.00485621 -0.00678318 960.288
52 698   0.00618003 -0.00723594 965.276
52 704   0.00501074 -0.0108652 59.7364
52 715   0.00515932 -0.00938667 811.842
52 716   0.00507075 -0.00998262 793.149
52 717   0.00491273 -0.0096942 818.364
52 719   0.00290497 -0.0103126 953.131
52 720   0.00228638 -0.0103796 951.735
52 721   0.00252303 -0.0112943 961.42
52 722   0.00221022 -0.0110523 952.253
52 724   0.00287884 -0.0111986 968.568
52 725   0.00354888 -0.0110681 967.137
52 726   0.00318462 -0.0108896 968.248
52 814   -0.0095069 -0.00728688 687.76
52 817   -0.0050123 0.0108615 72.7833
52 818   0.00948641 0.0072899 684.359
52 819   0.00948296 0.00726496 692.237
52 820   0.00951405 0.00724494 704.505
52 821   0.00950169 0.00725772 696.132
52 822   0.00952974 0.00725113 709.774
52 886   0.00399445 -0.0106287 938.817
52 887   0.00406317 -0.0110431 968.59
52 888   0.00380392 -0.0108861 967.947
52 889   0.00424683 -0.0106844 914.814
52 890   0.00426059 -0.0108869 942.251
52 891   0.00455918 -0.0108419 844.539
52 892   0.0044791 -0.0109415 897.535
52 893   0.00452957 -0.0105315 838.852
52 894   0.00440961 -0.0106119 871.648
52 895   0.00450345 -0.0107147 853.346
52 896   0.00476501 -0.0106278 770.503
52 897   0.00463991 -0.0105934 810.473
52 898   0.00460691 -0.0106753 818.281
52 899   0.00476622 -0.0107033 758.872
52 900   0.00472346 -0.0107894 766.252
52 901   0.00468804 -0.0107203 788.339
52 902   0.00487569 -0.0107809 622.187
52 903   0.00481477 -0.0107499 718.626
52 904   0.00478851 -0.010795 719.891
52 905   0.00484063 -0.0108794 597.935
52 906   0.00487104 -0.0108243 587.611
52 907   0.00482783 -0.0108278 660.236
52 908   0.00489249 -0.0108596 480.211
52 909   0.00487521 -0.0108922 483.41
52 911   0.00489521 -0.0109188 383.534
52 919   0.00498862 -0.0108909 34.0786
52 920   0.00500132 -0.0108804 25.2483
52 921   0.00500783 -0.0108938 6.15489
52 922   0.00500463 -0.0109017 4.20619
52 923   0.00501413 -0.0108992 2.77403
52 925   0.00535456 0.00578629 968.031
52 926   0.00614691 0.00590398 966.548
52 927   0.00684727 0.00732724 966.704
52 928   0.00591648 0.00720401 969.345
52 929   0.00628167 0.00673749 967.569
52 930   0.00617032 0.00833873 964.055
52 931   0.00621477 0.00776157 969.548
52 932   0.00674939 0.00782595 969.386
52 933   0.00655927 0.00858952 956.66
52 934   0.00695573 0.00831 968.772
52 935   0.00729208 0.00904296 916.652
52 936   0.00731612 0.00863797 963.973
52 937   0.00698874 0.00908944 897.376
52 938   0.00661632 0.00896397 925.627
52 939   0.00675898 0.00963568 793.053
52 940   0.00699324 0.00941725 826.601
52 950   0.000207522 0.00654849 969.076
52 951   -0.000841735 0.00726418 965.888
52 952   -0.000547689 0.00833719 962.695
52 953   0.000639119 0.00865074 965.692
52 954   0.00260288 0.00922029 965.258
52 955   0.0038895 0.00929914 964.174
52 956   0.0032763 0.00949853 964.129
52 957   0.00321528 0.0101946 961.166
52 958   0.000891732 0.00957147 965.023
52 959   0.00135066 0.0112997 968.002
52 960   0.00186982 0.0098202 963.931
52 961   0.00209886 0.0104672 960.004
52 962   0.00182328 0.0110053 959.166
52 963   0.00283016 0.0110761 922.679
52 964   0.00277089 0.0105634 955.165
52 965   0.00318099 0.0112524 898.036
52 966   0.00348855 0.0111176 953.52
52 970   0.00450334 0.0102208 965.192
52 971   0.00413555 0.00987801 963.523
52 972   0.00370577 0.0102664 963.18
52 973   0.003766 0.010744 964.734
52 975   0.00410319 0.0108656 969.134
52 976   0.00441075 0.0107308 969.157
52 981   -0.000676323 0.0102395 958.625
52 982   0.000296884 0.0101195 965.123
52 983   4.05025e-05 0.0114405 968.055
52 984   0.000375343 0.0114151 968.335
52 985   0.000664558 0.0109317 968.972
52 986   -0.000819118 0.0108804 954.734
52 987   -0.000302546 0.0112564 965.709
52 988   -0.00045355 0.0116879 963.25
52 998   -0.0025453 -0.0110703 939.225
52 999   -0.0022621 -0.0115808 929.303
52 1000   -0.00215443 -0.0113668 942.38
52 1001   -0.00279303 -0.0114073 870.452
52 1002   -0.0028484 -0.0111361 923.616
52 1003   -0.00303345 -0.0114629 838.295
52 1004   -0.00323886 -0.0113728 898.349
52 1020   -0.00615679 -0.00991077 884.399
52 1021   -0.00574597 -0.010091 934.518
52 1054   0.00267697 0.00644258 969.642
52 1055   0.00134969 0.00691307 969.188
52 1056   0.00148724 0.00794232 967.998
52 1057   0.00247291 0.00826313 967.839
52 1058   0.00325498 0.00773828 968.884
52 1059   0.00359659 0.00694697 969.596
52 1060   0.00513593 0.00724872 969.588
52 1061   0.00470878 0.00666452 969.523
52 1062   0.00409712 0.00884774 965.082
52 1063   0.00389917 0.00814434 968.082
52 1064   0.00466793 0.00793724 968.476
52 1065   0.00570301 0.00856397 959.36
52 1066   0.00466587 0.00889807 962.314
52 1067   0.00506588 0.00838321 965.734
52 1068   0.00504923 0.00927493 954.353
52 1069   0.00558739 0.00910398 944.63
52 1070   0.00527917 0.0102826 956.921
52 1071   0.00491042 0.00997489 959.453
52 1072   0.00569833 0.00993916 928.933
52 1073   0.00586773 0.00946046 919.327
52 1074   0.00644588 0.009671 842.322
52 1075   0.00630772 0.00932709 896.231
52 1077   0.00593648 0.0101544 921.519
52 1096   0.00220375 0.0114379 939.558
52 1130   -0.000818656 -0.0111344 969.397
52 1131   -0.000435563 -0.010719 968.151
52 1132   0.00021165 -0.01099 965.754
52 1133   0.000164062 -0.0114307 968.787
52 1135   -0.000530741 -0.0116004 966.77
52 1136   -0.000195237 -0.0116257 966.333
52 1155   -0.00703134 -0.00802126 968.806
52 1156   -0.00767663 -0.0077355 954.933
52 1157   -0.00798246 -0.00808593 950.287
52 1158   -0.00680861 -0.00865372 953.983
52 1159   -0.00714727 -0.0089809 920.576
52 1160   -0.00753936 -0.00882638 960.396
52 1161   -0.00781231 -0.00857137 968.09
52 1251   0.00487282 -0.00462919 965.339
52 1252   0.00481252 -0.00320702 960.296
52 1256   -0.00396275 0.00709812 949.239
52 1257   -0.0044084 0.00646967 966.26
52 1258   -0.00538127 0.00687005 963.282
52 1259   -0.00510075 0.00928167 816.757
52 1262   -0.00562974 0.00749673 934.158
52 1263   -0.00541775 0.0077083 883.046
52 1315   -0.00610258 0.00286742 949.946
52 1316   -0.00863347 0.00332055 914.823
52 1317   -0.00813947 0.00441197 924.24
52 1387   -0.00722547 -0.000385859 941.407
52 1388   -0.00845266 -0.00120125 926.69
52 1389   -0.00719211 0.00160675 935.805
52 1390   -0.00834309 0.00198695 915.65
52 1512   -0.00496603 0.0109022 82.0889
52 1515   -0.0049814 0.0108741 116.281
52 1516   -0.00497704 0.0108913 76.6602
52 1517   -0.0049919 0.0109015 12.5749
52 1518   -0.00500478 0.010873 50.4135
52 1519   -0.00499467 0.0108764 67.8416
52 1520   -0.00499914 0.0108912 15.0804
52 1521   0.00950712 0.00729552 680.604
52 1524   0.00952714 0.00728357 687.763
52 1525   0.00951058 0.00727023 692.341
52 1526   0.00951256 0.0072831 685.661
52 1527   0.00952956 0.00727398 699.504
52 1528   0.00952796 0.0072608 706.477
52 1529   0.00952115 0.00726711 697.804
52 1530   0.0095422 0.00727426 770.638
52 1531   0.00953657 0.00726416 716.871
52 1532   0.00953718 0.00727092 724.612
52 1533   -0.00889056 -0.00218161 935.143
52 1578   -0.00948606 -0.00715885 745.303
52 1581   -0.00947903 -0.00718773 730.906
52 1582   -0.00950948 -0.00719576 736.89
52 1583   -0.00935796 -0.00735508 697.717
52 1584   -0.00930032 -0.00736672 707.327
52 1585   -0.00928906 -0.00728293 719.266
52 1586   -0.00937274 -0.00721312 718.692
52 1587   -0.00936074 -0.00728802 703.932
52 1588   -0.00933264 -0.00725454 714.598
52 1589   -0.0093952 -0.0072644 703.1
52 1590   -0.00940648 -0.0072288 710.577
52 1591   -0.00948338 -0.00729156 687.552
52 1592   -0.0094393 -0.00731747 687.567
52 1593   -0.00947225 -0.00732127 681.632
52 1594   -0.00942572 -0.00728304 695.607
52 1595   -0.00946843 -0.00727231 695.004
52 1596   -0.00944372 -0.0072676 697.412
52 1597   -0.0094594 -0.00721631 714.073
52 1598   -0.00943853 -0.0072301 708.273
52 1599   -0.00950028 -0.00721745 723.586
52 1600   -0.00948039 -0.00724807 704.173
52 1601   -0.00947655 -0.00722957 710.903
52 1605   -0.00951764 -0.00723001 727.27
52 1606   -0.00951213 -0.0072713 699.791
52 1607   -0.00953165 -0.00725769 738.901
52 1608   -0.00950057 -0.00725174 706.843
52 1609   -0.00951408 -0.00724581 719.569
52 1612   -0.00954015 -0.00727306 883.803
52 1613   -0.0095313 -0.00727064 773.003
52 1614   -0.00952529 -0.00727832 700.047
52 1634   -0.00501149 0.0108831 13.683
52 1637   -0.00500802 0.0108927 7.29242
52 1638   -0.00501063 0.0109009 3.68213
52 1722   0.00616715 0.0100533 893.949
52 1723   0.00632093 0.00998586 855.644
52 1724   0.00245488 0.0114189 916.98
52 1725   0.0026223 0.0114062 879.927
52 1742   -0.00155197 0.0113459 917.84
52 1743   -0.00116954 0.0111836 937.582
52 1744   -0.00148185 0.0117174 866.377
52 1745   -0.00125863 0.0117772 827.206
52 1795   -0.00107931 0.0117303 849.711
52 1796   -0.000720681 0.0116365 930.376
52 1797   -0.000920102 0.0115082 919.266
52 1799   -0.000963603 0.0118649 821.893
52 1800   -0.000796182 0.0118522 892.847
52 1828   -0.00251372 -0.0115619 897.424
52 1829   -0.00268148 -0.0115492 854.559
52 1877   0.000921239 -0.0114768 925.135
52 1878   0.000736095 -0.0116183 931.201
52 1879   0.00107389 -0.0116327 883.875
52 1880   0.0010565 -0.0117869 830.095
52 1881   0.00158933 -0.0115841 892.904
52 1882   0.00143128 -0.0114772 905.554
52 1883   0.00148257 -0.0117759 851.659
52 1884   0.00124549 -0.0116155 878.409
52 1885   0.00131582 -0.011746 845.191
52 1888   0.00126326 -0.0118349 814.02
52 1889   0.00117554 -0.0118585 784.185
52 1934   0.000796177 -0.011845 897.146
52 1935   0.000963929 -0.0118576 826.738
52 2014   0.00449259 -0.00857779 863.565
52 2015   0.00438863 -0.00786086 899.795
52 2016   0.00530826 -0.00855048 798.978
52 2017   0.00499036 -0.0089033 825.863
52 2018   0.00491127 -0.00732447 932.059
52 2019   0.00475541 -0.00768369 897.505
52 2020   0.00517727 -0.00804781 819.077
52 2021   0.00568955 -0.00747824 936.51
52 2022   0.00526663 -0.00750775 913.415
52 2023   0.00539963 -0.00786942 836.22
52 2026   0.00571655 -0.0079457 847.652
52 2027   0.00592854 -0.00773413 919.326
52 2091   -0.0048893 -0.00925419 955.666
52 2092   -0.00532347 -0.00987212 947.956
52 2093   -0.00400584 -0.00945343 963.7
52 2094   -0.00412605 -0.010007 963.883
52 2095   -0.00464322 -0.0106781 968.803
52 2096   -0.00483696 -0.0101889 962.905
52 2097   -0.00332994 -0.0104687 960.033
52 2098   -0.00378227 -0.0103151 964.646
52 2099   -0.00408236 -0.0106772 968.083
52 2100   -0.0034523 -0.0107854 958.175
52 2101   -0.00380776 -0.0108763 966.47
52 2102   -0.00321921 -0.0110111 942.712
52 2103   -0.00336925 -0.0111921 938.483
52 2105   -0.0038551 -0.0111025 968.519
52 2106   -0.00364969 -0.0111926 962.005
52 2198   0.00805407 0.00309804 957.068
52 2199   0.00872008 0.0037199 965.159
52 2200   0.00814297 0.00445159 966.273
52 2201   0.00715329 0.00450452 964.926
52 2202   0.00688869 0.00372364 962.291
52 2207   -0.00751501 -0.00361377 962.67
52 2208   -0.00802895 -0.00431767 967.404
52 2209   -0.00828218 -0.00297497 956.12
52 2210   -0.00879612 -0.00367888 965.156
52 2228   -0.00920368 0.00103354 911.309
52 2229   -0.0092799 -0.000162049 912.197
52 2378   0.00506536 -0.0103449 757.029
52 2379   0.00493121 -0.0102015 789.079
52 2380   0.00477751 -0.0103235 798.556
52 2381   0.00484211 -0.010591 753.726
52 2382   0.00497227 -0.0104711 747.505
52 2383   0.00485106 -0.0104627 773.848
52 2384   0.00499983 -0.0105777 703.532
52 2385   0.0049238 -0.0106342 704.791
52 2386   0.00491762 -0.010767 580.352
52 2387   0.00493717 -0.0107037 644.61
52 2388   0.00495225 -0.0107946 470.341
52 2389   0.00492112 -0.0108699 378.94
52 2390   0.00497209 -0.0108814 120.913
52 2391   0.00496263 -0.0109006 94.2511
52 2392   0.00494222 -0.0109061 183.12
52 2393   0.00491952 -0.0108982 324.464
52 2394   0.00495217 -0.01083 391.541
52 2395   0.00496503 -0.010861 244.997
52 2396   0.00494152 -0.010856 344.959
52 2397   0.0049786 -0.0108444 257.564
52 2398   0.00497276 -0.0108254 348.145
52 2400   0.00505122 -0.0106188 653.473
52 2403   0.00498423 -0.0107015 601.519
52 2404   0.00504333 -0.0107122 526.666
52 2405   0.00502225 -0.0106732 610.677
52 2406   0.0049785 -0.010766 490.453
52 2407   0.00501972 -0.0107449 485.427
52 2408   0.00499092 -0.0107362 539.004
52 2409   0.00499818 -0.0107802 427.599
52 2410   0.00502115 -0.0107699 424.35
52 2411   0.00503172 -0.0107896 350.611
52 2412   0.004998 -0.0107971 382.648
52 2413   0.00498707 -0.0108113 359.862
52 2414   0.00501714 -0.0108022 330.624
52 2415   0.0049981 -0.0108186 307.885
52 2416   0.00501432 -0.0108142 289.539
52 2417   0.00499555 -0.0108352 246.165
52 2419   0.00502315 -0.0108246 228.28
52 2420   0.00500985 -0.0108385 188.349
52 2421   0.00501414 -0.0108516 105.171
52 2498   -0.00723301 0.00464668 935.998
52 2499   -0.00543814 0.00487766 964.107
52 2500   -0.00610009 0.00402804 953.732
52 2742   0.0060143 -0.00505356 959.652
52 2743   0.0079624 -0.00503453 922.209
52 2744   0.00737527 -0.00438492 936.065
52 2745   0.00631045 -0.00648799 966.527
52 2746   0.00562047 -0.00618779 968.636
52 2748   0.00750341 -0.00579181 931.354
52 2749   0.00707943 -0.00621495 953.14
52 2794   0.00928249 0.000351352 909.902
52 2851   0.00669193 -0.000966525 941.753
52 2852   0.00614559 -0.00238552 947.587
52 2853   0.0083983 -0.000576542 919.59
52 2854   0.0089331 -0.00155373 908.922
52 2855   0.00756686 -0.00313904 929.837
52 2856   0.00864799 -0.00269724 909.924
52 2906   -0.00488715 0.00890696 831.127
52 2907   -0.00530253 0.00850302 801.144
52 2908   -0.0041639 0.00892137 874.824
52 2909   -0.00399115 0.00841343 894.08
52 2910   -0.00440274 0.00776564 905.87
52 2911   -0.00499087 0.00786965 853.041
52 2931   -0.00701977 0.00543856 942.306
52 2932   -0.00626481 0.00628651 966.323
52 2933   -0.00602933 0.00555238 963.156
52 2934   -0.00704326 0.00638427 956.519
52 2935   -0.00746724 0.00596113 936.081
end
