638
16 217   -0.044978 0.00332859 892.009
16 218   -0.0451567 -0.00285043 891.919
16 219   -0.049978 0.00827272 880.457
16 220   -0.039978 0.00832523 898.706
16 221   0.00165557 -0.0233499 709.787
16 222   -0.0477766 -0.0217741 758.53
16 223   -0.0397913 -0.0323011 720.373
16 224   -0.0322204 0.0320561 808.659
16 225   -0.0411382 -0.0063627 895.385
16 226   0.00511419 -0.0211458 705.158
16 227   -0.00178052 0.029068 708.563
16 228   -0.043494 -0.0296588 703.508
16 229   -0.0497142 -0.0177497 807.03
16 230   -0.0384815 -0.00705961 898.811
16 231   0.00398335 -0.0170294 723.584
16 232   -0.00618442 0.0164526 868.543
16 233   0.00148335 -0.0150035 717.574
16 234   -0.00071559 -0.0150053 739.903
16 235   -0.00500204 0.0137388 760.88
16 236   0.00655167 0.0142269 927.412
16 237   -0.00385772 -0.0145022 894.064
16 238   0.00602649 0.0129314 959.902
16 239   -0.00700759 -0.0142055 955.946
16 240   0.0067771 0.0122316 963.512
16 241   0.00730228 0.0121045 942.305
16 242   0.00645625 0.0116007 897.887
16 243   -0.00641681 -0.0114863 884.163
16 244   0.00735918 0.011139 767.932
16 245   0.00716146 0.0114966 843.684
16 246   0.00684062 0.0113089 816.458
16 247   0.007166 0.0108226 700.183
16 248   0.00714862 0.0105281 602.95
16 249   0.00684516 0.0109579 750.591
16 250   -0.0066387 -0.0107957 722.339
16 251   -0.00731315 -0.0104172 511.186
16 252   -0.00642576 -0.010772 724.995
16 253   0.00647382 0.0107835 718.011
16 254   0.00627889 0.0108262 750.961
16 255   0.00668948 0.0107952 712.518
16 256   -0.00742457 -0.0102245 256.638
16 257   -0.00695216 -0.0105567 644.975
16 258   0.00689721 0.0104405 612.67
16 259   -0.00716102 -0.0103119 499.646
16 260   -0.00701406 -0.0103889 580.969
16 261   0.0067589 0.0105724 633.775
16 262   -0.00677477 -0.0105153 634.612
16 263   -0.00665042 -0.0105805 641.645
16 264   0.00648036 0.0105937 632.653
16 265   0.00663778 0.0105112 604.713
16 474   0.00636916 -0.0157063 731.947
16 479   0.00690881 -0.0117394 809.508
16 480   0.00459559 -0.0123467 737.657
16 481   0.00577797 -0.0131568 752.934
16 482   -0.00148859 -0.012979 723.025
16 491   -0.0443147 -0.0225038 807.423
16 492   -0.0429625 -0.0254745 768.89
16 508   -0.049779 0.0184217 796.619
16 509   -0.0473123 0.0259428 706.528
16 510   -0.0511395 0.0239928 709.585
16 511   -0.0484185 0.0211728 764.247
16 512   -0.0440382 0.0244675 767.133
16 513   -0.0451444 0.0217781 802.552
16 528   -0.00999634 -0.0304761 779.491
16 529   -0.00734544 -0.033492 728.31
16 530   -0.00864837 -0.0273332 809.07
16 531   -0.00580918 -0.0270791 770.177
16 559   -0.0355237 0.030738 788.796
16 560   -0.0410091 0.0310458 714.693
16 561   -0.039197 0.0336819 718.85
16 562   -0.0359475 0.0279479 829.242
16 563   -0.038724 0.0282557 784.031
16 564   -0.00203733 -0.0208591 804.586
16 565   -0.00355052 -0.016398 887.591
16 566   -0.0019085 -0.017215 817.499
16 567   -0.00476251 0.018118 880.791
16 573   -0.0358775 -0.0253781 885.51
16 574   -0.0345387 -0.0210257 933.949
16 575   -0.0328824 -0.023077 904.515
16 583   -0.01392 0.0319933 807.658
16 586   -0.00490963 0.0301506 729.984
16 587   -0.00735817 0.0333835 736.884
16 588   -0.0101121 0.0303769 789.577
16 589   -0.00635415 0.0270308 791.447
16 590   -0.008973 0.0272571 820.39
16 606   -0.00511395 -0.0116049 968.605
16 607   -0.00659891 -0.0132042 965.472
16 608   -0.00340358 -0.0135858 873.944
16 609   -0.00256228 -0.013165 782.299
16 610   -0.00398267 -0.0130499 901.642
16 611   -0.00380018 -0.0125222 895.859
16 612   -0.00425983 -0.0120093 934.84
16 613   -0.00457479 -0.0129566 923.851
16 614   -0.00503069 -0.0121375 959.064
16 615   -0.00460803 -0.0123159 940.222
16 616   -0.00701392 -0.0179205 953.62
16 617   -0.00570682 -0.0190109 946.333
16 618   -0.00473465 -0.0176133 912.7
16 619   -0.00652151 -0.0151136 943.747
16 620   -0.00652783 -0.0165314 940.607
16 621   -0.00555566 -0.0165145 925.939
16 622   -0.00479565 -0.0146592 914.979
16 623   -0.00578922 -0.0147373 936.005
16 624   -0.00530946 -0.0154562 922.318
16 625   -0.00491977 -0.0132552 932.169
16 626   -0.00552915 -0.013975 939.149
16 627   -0.00502167 -0.0139054 926.324
16 628   -0.00537591 -0.0125697 959.014
16 629   -0.00529823 -0.0130467 948.035
16 630   -0.00597748 -0.0131068 960.904
16 631   -0.00564001 -0.0133375 951.204
16 632   -0.0062278 -0.0124654 969.263
16 633   -0.00567151 -0.0124718 965.996
16 634   -0.00593131 -0.0127182 965.898
16 635   -0.00622064 -0.0118151 947.634
16 636   -0.00613977 -0.0122095 968.578
16 637   -0.00579623 -0.0122285 969.287
16 638   -0.00551751 -0.0116678 967.889
16 639   -0.00598248 -0.0116986 950.072
16 640   -0.00577172 -0.0119698 969.031
16 641   -0.00590279 -0.0111279 869.53
16 642   -0.00587488 -0.0114169 927.65
16 643   -0.00558167 -0.0113765 952.121
16 645   -0.00550171 -0.011144 933.229
16 646   -0.00571744 -0.011031 878.07
16 656   -0.024238 -0.0325 833.242
16 657   -0.0296851 -0.0245513 887.784
16 658   -0.0263324 -0.0225 885.976
16 659   -0.0209162 -0.029742 843.849
16 660   -0.0221018 -0.024742 871.439
16 661   -0.0136602 -0.0292261 821.507
16 662   -0.0161678 -0.032242 813.176
16 663   -0.0143177 -0.0242261 879.429
16 664   -0.0164573 -0.022242 881.65
16 665   -0.0195647 -0.022242 877.513
16 690   -0.00602603 -0.0109663 814.911
16 692   -0.00629142 -0.0108423 761.783
16 693   -0.00626068 -0.0110525 807.774
16 742   -0.0471575 0.0161464 854.695
16 743   -0.0473565 0.0130746 870.793
16 744   -0.0423565 0.0130746 899.361
16 745   -0.0386395 0.0173372 938.323
16 746   -0.043297 0.0168169 895.572
16 747   -0.041018 0.0154758 908.311
16 892   -0.00676638 -0.0124016 966.41
16 893   -0.00709132 -0.0127518 969.286
16 894   -0.00671205 -0.0116418 892.86
16 895   -0.00733753 -0.0118465 904.602
16 896   -0.00701258 -0.0120396 941.715
16 897   -0.00683516 -0.0110437 772.513
16 898   -0.00718726 -0.0115118 846.727
16 899   -0.00688672 -0.0113856 833.37
16 901   -0.00734973 -0.0112613 794.272
16 902   -0.00738858 -0.0107165 656.441
16 903   -0.00717455 -0.010779 698.401
16 904   -0.0071357 -0.011016 758.43
16 913   -0.00690881 0.010986 845.07
16 914   -0.00631762 0.0126483 788.394
16 915   -0.00572642 0.0116055 756.849
16 916   0.00734181 0.0104118 505.076
16 920   0.0074209 0.0101511 168.128
16 921   0.00726271 0.010234 402.804
16 926   -0.0370268 -0.0219464 952.348
16 927   -0.0378888 -0.0242474 898.682
16 928   -0.0402551 -0.0240374 879.153
16 953   -0.0411539 0.0249975 828.956
16 954   -0.0392125 0.0261883 834.699
16 959   -0.0400722 0.0190154 940.686
16 960   -0.0423512 0.0186899 902.952
16 961   -0.0429376 0.0207051 881.943
16 962   -0.0396879 0.0216261 932.822
16 963   -0.0414138 0.0226452 889.282
16 972   -0.00546483 0.0205681 925.147
16 973   -0.00423832 0.0223352 867.365
16 974   -0.00574314 0.0245308 851.208
16 978   -0.00506613 -0.0244521 828.864
16 979   -0.00542221 -0.0205747 933.427
16 980   -0.00388083 -0.0223047 855.159
16 1021   -0.00316084 0.0131127 712.13
16 1068   -0.0510348 0.0324945 671.176
16 1071   -0.0472076 0.0298583 685.488
16 1072   -0.0442771 0.0323638 688.905
16 1081   -0.0461668 -0.0323578 680.274
16 1084   -0.0501567 -0.00540463 886.949
16 1087   -0.0485426 -0.0149518 852.991
16 1088   -0.0489851 -0.00936281 881.1
16 1089   -0.0513284 -0.0114532 866.752
16 1090   -0.0435737 -0.0108719 893.154
16 1091   -0.0464206 -0.0113178 883.049
16 1092   -0.0459781 -0.0144052 876.903
16 1093   -0.0421347 -0.0126889 898.374
16 1094   -0.0433674 -0.015177 894.454
16 1095   -0.0396992 -0.0118421 903.044
16 1096   -0.0387177 -0.0133332 908.086
16 1097   -0.0423595 -0.0198112 898.098
16 1098   -0.0420391 -0.0170555 904.007
16 1099   -0.0389621 -0.0205858 942.019
16 1100   -0.0405002 -0.0214015 918.314
16 1101   -0.0386071 -0.0179985 947.278
16 1102   -0.0398249 -0.0160585 917.23
16 1147   0.00221794 -0.0275307 688.557
16 1148   0.00567655 -0.0308007 672.622
16 1149   -0.0029427 -0.0320923 698.745
16 1150   -0.00275442 -0.0288223 708.797
16 1153   0.0038531 -0.0336002 672.66
16 1154   0.000206204 -0.0336002 682.898
16 1160   0.00334559 -0.0127634 708.088
16 1161   0.00202797 -0.0129772 702.82
16 1173   0.000173771 0.0323009 687.629
16 1177   0.00501684 0.012475 958.447
16 1178   0.00435964 0.0124252 950.715
16 1179   0.00512827 0.0116368 968.586
16 1184   0.00547375 0.0114558 949.311
16 1187   0.00598981 0.0113719 890.544
16 1188   0.00602356 0.01096 803.805
16 1198   -0.0345924 0.021028 933.758
16 1199   -0.0329887 0.0230841 905.405
16 1200   -0.0348789 0.0252941 891.43
16 1201   -0.0374533 0.0226426 938.386
16 1202   -0.0372378 0.0248525 894.246
16 1213   -0.00268281 0.0170193 819.292
16 1214   -0.00115458 0.0179551 823.898
16 1215   0.000424827 0.0166517 821.077
16 1216   -0.00119836 0.0130403 715.494
16 1217   -0.00238278 0.0139737 732.14
16 1218   -0.00214428 0.0154819 776.208
16 1219   -0.000558676 0.0139114 757.079
16 1220   -0.000978979 0.0153127 783.065
16 1221   6.18887e-05 0.0155466 808.753
16 1222   0.000231535 0.0137047 783.229
16 1223   0.000732847 0.0145859 813.536
16 1224   -0.00015455 0.024903 727.932
16 1225   -0.000246691 0.0198889 804.79
16 1226   -0.00186399 0.0222867 801.971
16 1227   0.00642191 0.0187183 808.012
16 1228   0.00440949 0.0209218 755.585
16 1229   0.00225331 0.0200229 782.954
16 1230   0.00553846 0.0154558 897.53
16 1231   0.0054087 0.0173312 850.705
16 1232   0.00233192 0.0166313 842.479
16 1233   0.00325251 0.0180688 821.317
16 1234   0.00301459 0.0154244 870.474
16 1235   0.00406495 0.0149865 893.134
16 1236   0.00404134 0.0129537 924.328
16 1237   0.00375021 0.0138298 903.479
16 1238   0.00304119 0.0136641 892.282
16 1239   0.00159462 0.0140994 842.416
16 1240   0.00237045 0.014321 870.06
16 1243   0.00058006 0.0128871 788.716
16 1244   0.00142271 0.0131648 829.214
16 1245   0.00183086 0.0126173 841.821
16 1273   -0.00272072 -0.0124188 765.022
16 1274   -0.00337952 -0.0123119 834.168
16 1279   -0.0100326 -0.020992 923.69
16 1280   -0.0113304 -0.0229761 897.3
16 1281   -0.00932492 -0.0248332 879.205
16 1282   -0.00737821 -0.0218571 939.372
16 1283   -0.00725642 -0.0237141 895.717
16 1316   0.00347788 0.01235 909.122
16 1317   0.00248967 0.0125104 872.038
16 1318   0.00300291 0.0128415 894.561
16 1330   0.00548758 0.0237372 709.711
16 1331   0.00361893 0.02577 698.631
16 1332   0.00568081 0.032634 671.171
16 1333   0.00381216 0.0299349 680.049
16 1362   -0.0505624 -0.0249868 703.124
16 1363   -0.0490972 -0.0299008 679.802
16 1364   -0.0510348 -0.032543 671.038
16 1429   -0.0117646 0.02299 892.962
16 1430   -0.0103723 0.0209967 916.129
16 1431   -0.00967141 0.0248702 877.815
16 1432   -0.00758291 0.0218802 935.34
16 1433   -0.00766582 0.0237604 894.712
16 1443   -0.0314686 -0.0335257 800.995
16 1444   -0.0294691 -0.028077 858.28
16 1445   -0.0280834 -0.0310257 834.686
16 1446   -0.0355574 -0.0278781 836.516
16 1447   -0.0365734 -0.0308267 771.121
16 1448   -0.0323463 -0.0291027 837.056
16 1449   -0.0333623 -0.0320513 794.503
16 1464   -0.0146725 0.0219933 885.772
16 1513   -0.0242668 0.0325 834.847
16 1514   -0.0288574 0.0295561 847.501
16 1515   -0.0221338 0.0225 877.901
16 1516   -0.026424 0.0225 886.071
16 1517   -0.0297883 0.0245561 888.138
16 1518   -0.0184941 0.0244933 872.097
16 1519   -0.0186957 0.0294933 842.638
52 266   -0.000413164 0.00543831 735.432
52 267   -0.00445651 -0.00134304 741.183
52 268   -0.00633167 -0.00259447 743.799
52 269   0.00896125 0.0028057 716.14
52 270   -0.00250386 0.00423463 733.139
52 271   -0.00243467 -0.0023955 748.08
52 272   0.00517159 0.00234101 744.736
52 273   0.00330173 0.00109538 740.55
52 274   -0.000556509 0.00104124 739.771
52 275   0.00156564 0.00437522 748.251
52 276   -0.00447689 0.000913068 730.346
52 277   -0.00245741 0.00203372 735.401
52 278   0.00137585 0.00217906 743.594
52 279   -0.000554158 -0.00113187 741.197
52 280   0.00320546 -0.00103601 733.579
52 281   0.00128193 -0.00212544 737.507
52 282   0.00693512 0.00150083 724.499
52 283   0.0012858 -0.00424115 735.258
52 284   -0.00223028 -0.0044609 755.225
52 285   -0.00621663 0.0019898 718.728
52 286   -0.00811455 -0.00161573 718.551
52 287   -0.000345897 -0.00531297 739.038
52 288   -0.00970719 -0.00287843 712.715
52 289   -0.00621953 -0.00466509 782.841
52 290   -0.0043359 0.00484673 731.619
52 291   0.00474544 -0.00209691 725.917
52 292   0.0029528 -0.0050875 731.818
52 293   0.0050295 0.00432465 773.906
52 294   0.00334944 0.00527518 772.95
52 295   -0.0109983 -0.00155789 701.752
52 296   0.00892899 0.00448206 736.117
52 297   0.0044889 -0.0040327 728.842
52 298   0.010161 0.0016557 702.32
52 299   0.00714971 -0.00026027 712.92
52 300   -0.00602919 0.00372255 723.648
52 301   -0.00845484 0.000173466 706.989
52 302   -0.00781182 0.00148833 707.441
52 303   0.00627442 -0.00157206 716.609
52 304   -0.00345687 -0.00552377 777.719
52 305   0.00590057 -0.00617882 739.965
52 306   -0.00994991 -0.00448961 723.062
52 307   -0.00894685 -0.0053784 758.541
52 308   -0.00756507 -0.00559599 799.113
52 309   0.0112986 0.00137821 697.381
52 310   -0.00490496 -0.00552526 807.667
52 311   0.00620714 0.0053777 804.204
52 312   -0.00747391 0.0043726 724.178
52 313   0.00861588 -0.000846789 701.843
52 314   0.00575813 -0.00467178 728.876
52 315   0.00369552 0.00674346 799.854
52 316   0.00960102 -0.000235693 698.31
52 317   0.00742332 0.00532737 788.875
52 318   0.00727795 -0.00271068 709.636
52 319   0.00701819 -0.00387461 717.793
52 320   -0.00313243 -0.00696309 781.814
52 321   -0.0107437 0.000123195 694.862
52 322   0.00851305 -0.00224235 699.8
52 323   -0.00887453 0.00255928 697.705
52 324   -0.00979282 0.000591854 698.442
52 325   -0.011382 0.00124957 692.235
52 326   -0.00728302 -0.00691299 863.203
52 327   0.00581867 0.00667636 859.187
52 328   0.00792978 -0.00446315 723.39
52 329   -0.00516409 -0.00685637 857.261
52 330   -0.00937418 -0.0065666 773.305
52 331   -0.00419584 -0.00744567 838.744
52 332   0.00498711 0.00709158 861.912
52 333   0.0104009 -0.000917843 692.62
52 334   0.00861994 0.00684434 799.429
52 335   0.00920074 -0.00284929 693.068
52 336   0.00450423 0.00857795 891.201
52 337   0.0077586 0.00651108 828.847
52 338   0.0111788 -0.000351872 689.895
52 339   -0.00806016 -0.00753885 867.834
52 340   -0.00855308 0.00399614 704.896
52 341   0.00848369 0.00779426 852.614
52 342   0.00655781 0.0073686 892.15
52 343   -0.0058464 -0.00735154 889.188
52 344   -0.00890662 0.00338152 695.914
52 345   -0.0065805 -0.007372 892.922
52 346   0.0051619 0.00804408 898.608
52 347   -0.0100438 0.00163749 694.038
52 348   -0.00434316 -0.00821129 871.875
52 349   0.00728156 0.00725365 881.334
52 350   -0.00876954 -0.00741004 803.648
52 351   -0.00976849 0.00229004 692.335
52 352   0.0105159 -0.00183981 689.735
52 353   -0.0108494 0.00198797 690.774
52 354   0.00769894 0.0079867 902.293
52 355   -0.00569618 -0.00823796 916.38
52 356   -0.00516119 -0.00850842 913.263
52 357   0.00991329 -0.00272108 687.754
52 358   0.00641174 0.00814107 920.358
52 359   0.00584739 0.00840133 926.599
52 360   0.00873548 -0.00414885 702.95
52 361   -0.00392129 -0.00870162 854.434
52 362   0.0103257 -0.002425 687.605
52 363   0.00905605 -0.00362182 693.494
52 364   -0.00450355 -0.00922854 911.108
52 365   -0.00718711 -0.00857174 943.577
52 366   -0.00515987 -0.00914355 937.251
52 367   -0.00674604 -0.00818303 922.841
52 368   -0.0062464 -0.0085679 942.805
52 369   -0.00924304 0.00448311 689.816
52 370   -0.0103276 0.00281943 686.864
52 371   0.0111601 -0.002032 688.368
52 372   -0.0109301 0.00263301 687.776
52 373   -0.00971311 0.00365862 685.257
52 374   -0.00553114 -0.00952569 966.154
52 375   0.00916651 -0.00455311 692.939
52 376   -0.00635754 -0.00905104 967.067
52 377   -0.0103968 0.00325593 683.198
52 378   -0.00972427 0.00414766 682.83
52 379   0.0101262 -0.00339011 682.401
52 380   -0.0101685 0.00354261 681.813
52 381   0.0113204 -0.00263393 686.052
52 382   -0.0112746 0.00295569 686.519
52 383   0.0107763 -0.0029175 683.466
52 384   0.00957527 -0.00382959 685.883
52 385   -0.0101788 0.00425758 676.867
52 386   -0.00589886 -0.00951443 959.458
52 387   0.00993284 -0.00372609 682.004
52 388   0.0111267 -0.00293424 683.73
52 389   0.00990478 -0.00435554 679.943
52 390   -0.00617372 -0.00934497 961.671
52 391   0.0095466 -0.00425611 685.391
52 392   0.00639177 0.00919362 966.949
52 393   0.0104973 -0.00348162 679.399
52 394   -0.00707926 -0.00903737 968.327
52 395   0.0101493 -0.00406821 678.016
52 396   0.010735 -0.00330509 680.352
52 397   -0.010841 0.00340791 680.966
52 398   -0.0111163 0.0032941 683.232
52 399   -0.00716815 -0.00932196 951.713
52 400   -0.00674933 -0.0091318 967.625
52 401   0.0112873 -0.00331321 681.594
52 402   -0.010482 0.00383731 677.101
52 403   -0.0104811 0.00406324 675.101
52 404   -0.00683822 -0.00941638 926.977
52 405   -0.0109045 0.00367574 677.981
52 406   0.00640125 0.00950485 917.896
52 407   -0.0107738 0.00381846 675.974
52 408   -0.00641415 -0.00960153 876.043
52 409   0.0109562 -0.00350382 678.393
52 410   0.0111581 -0.00349521 679.343
52 411   -0.00602149 -0.00982768 866.127
52 412   -0.0066307 -0.00964264 838.178
52 413   -0.0112967 0.00348778 682.869
52 414   -0.0107741 0.00413207 672.329
52 415   -0.00679492 -0.00959528 857.755
52 416   0.00625487 0.00964744 874.676
52 417   0.00674044 0.0096007 852.208
52 418   -0.0109102 0.00399713 673.278
52 419   0.00656999 0.009606 856.093
52 420   -0.00633962 -0.00976301 805.77
52 421   -0.0111057 0.00373541 678.435
52 422   0.00675078 0.00976401 787.271
52 423   0.01122 -0.00368401 677.998
52 424   -0.00665765 -0.00982051 763.975
52 425   -0.00622181 -0.0098197 801.258
52 426   -0.0112227 0.00366125 680.75
52 427   -0.0059973 -0.00995724 816.438
52 428   -0.0110692 0.00403261 672.637
52 429   0.0062534 0.00996885 670.371
52 430   0.0065268 0.00975997 786.821
52 431   0.00634215 0.00980696 782.275
52 432   -0.0111358 0.00396341 675.135
52 433   0.0110715 -0.00399944 672.095
52 434   0.0113052 -0.00375145 678.42
52 435   -0.0111489 0.00386222 677.301
52 436   0.00661481 0.0098289 753.517
52 437   -0.00654355 -0.00987317 716.309
52 438   -0.00644207 -0.00985679 737.892
52 439   -0.00626749 -0.00994475 703.159
52 440   0.00644535 0.00981835 761.111
52 441   -0.0113037 0.00375888 681.273
52 442   0.00658557 0.00993125 640.072
52 443   0.00632226 0.00991084 708.977
52 444   -0.0112545 0.00385151 679.903
52 445   -0.00623024 -0.0100089 632.851
52 446   0.0111354 -0.00405934 671.096
52 447   -0.00641395 -0.00994079 621.321
52 448   -0.00616037 -0.0100134 707.302
52 449   -0.00635717 -0.00997206 572.283
52 450   0.0112672 -0.00385878 677.213
52 451   0.00645957 0.00991412 663.957
52 452   0.00651178 0.00995808 567.252
52 453   -0.00630126 -0.0100733 353.629
52 454   0.00640519 0.0099584 582.006
52 455   -0.0112876 0.00390906 680.94
52 456   -0.0112171 0.00400683 676.628
52 457   0.0112012 -0.00402034 672.984
52 458   0.0064988 0.0100273 367.101
52 459   -0.00637464 -0.0100377 385.381
52 460   -0.0112633 0.00396319 680.664
52 461   0.011305 -0.0039028 677.957
52 462   -0.00635599 -0.0100748 260.706
52 463   0.0112389 -0.00404598 673.406
52 464   -0.0112915 0.00398864 683.847
52 465   -0.00640829 -0.0101428 2.7923
52 477   -0.000633662 0.00710196 728.48
52 478   -0.00235572 0.00805408 724.389
52 514   -0.00664544 0.0063629 756.977
52 515   -0.00741459 0.0054444 745.165
52 516   0.00691518 -0.00634567 760.101
52 517   0.00768433 -0.00542717 746.171
52 597   0.010072 0.00512454 731.059
52 668   0.00466144 0.00921082 915.063
52 669   0.00525167 0.00925086 945.076
52 670   0.00577995 0.00897523 953.826
52 671   0.00603529 0.00917836 967.52
52 673   0.00556202 0.00968412 968.561
52 674   0.00523073 0.00957004 956.547
52 761   0.00628314 0.0100568 458.336
52 780   0.0114616 -0.00161135 689.583
52 781   0.0115953 -0.000853184 689.286
52 829   0.00610372 0.00963936 912.786
52 830   0.00578299 0.00965461 959.145
52 831   0.00589362 0.00948151 966.964
52 832   0.00613136 0.00996566 760.53
52 834   0.00591987 0.00986493 887.257
52 835   0.00605762 0.00983467 845.632
52 868   0.00523618 -0.00736098 737.785
52 869   0.00355764 -0.00690874 734.656
52 870   0.00314346 -0.00812208 736.58
52 873   -0.00357261 0.00816745 740.114
52 874   -0.00448937 0.00670889 736.626
52 875   -0.00573876 0.00711577 738.945
52 1010   0.00303546 0.00740303 776.33
52 1011   0.00366938 0.00828502 814.699
52 1012   0.000614384 0.00771009 726.833
52 1013   0.00195862 0.00760596 735.728
52 1014   0.00200675 0.00861308 718.3
52 1016   0.00261661 0.00899151 713.572
52 1017   0.0032024 0.00886639 729.022
52 1022   -0.0019687 0.00913826 715.191
52 1026   -0.000168079 0.00854877 720.139
52 1027   0.000321529 0.00913589 717.406
52 1028   -0.00102911 0.00902483 717.572
52 1029   -0.000539498 0.00961195 718.761
52 1032   0.000859229 0.00936689 711.712
52 1033   0.00144502 0.00924176 707.189
52 1034   0.00116193 -0.00920564 717.689
52 1035   0.00171199 -0.00798603 722.778
52 1036   -2.43894e-06 -0.00694299 730.605
52 1037   -0.00239533 -0.0074659 749.239
52 1038   -0.00111042 -0.00748846 730.619
52 1039   -0.00144121 -0.0091963 709.654
52 1040   -0.000580383 -0.00871162 717.876
52 1041   -0.00335765 -0.00892526 741.4
52 1043   -0.00274398 -0.00850137 733.98
52 1044   -0.0023199 -0.00900861 711.024
52 1073   -0.00763028 -0.00853794 929.466
52 1074   -0.00796715 -0.0082352 903.197
52 1107   0.00635048 0.01006 340.407
52 1164   0.00690166 0.00846488 940.199
52 1165   0.00746511 0.00842545 927.557
52 1166   0.00749077 0.00891657 959.855
52 1167   0.00770086 0.00872739 941.136
52 1263   0.00635061 0.0100989 192.37
52 1373   0.00926659 0.00659775 773.465
52 1374   0.00958876 0.00600847 758.443
52 1387   0.00666571 0.00906119 968.364
52 1388   0.00686658 0.00879583 960.003
52 1389   0.00721994 0.00894558 965.151
52 1391   0.00719857 0.00922193 965.2
52 1394   0.0069247 0.00951079 888.182
52 1395   0.00693235 0.00928903 953.981
52 1562   0.00645722 0.0100294 365.045
52 1563   0.00641582 0.0100045 455.688
52 1564   0.00639154 0.0100348 375.765
52 1567   0.00642208 0.0100695 201.025
52 1568   0.00645364 0.0100722 174.867
52 1569   0.00638446 0.0101 109.66
52 1570   0.00641487 0.0100958 93.7907
52 1571   0.00642471 0.0101181 16.1559
52 1573   -0.011222 0.00405145 675.181
52 1574   -0.0112613 0.00403793 679.785
52 1577   0.0105316 -0.00380377 676.441
52 1578   0.0105196 -0.0042084 673.729
52 1579   0.0103769 -0.00405438 675.866
52 1580   0.0106834 -0.00386291 674.95
52 1581   0.0106708 -0.00406461 673.266
52 1582   0.0109381 -0.00399223 672.301
52 1583   0.0108485 -0.00410498 671.622
52 1584   0.0109123 -0.00367714 676.444
52 1585   0.0108058 -0.00378269 675.274
52 1586   0.0108828 -0.00387164 674.039
52 1587   0.0111081 -0.00373773 676.378
52 1588   0.0110024 -0.00372225 676.022
52 1589   0.0109763 -0.00380993 674.8
52 1590   0.0110883 -0.00390882 673.744
52 1591   0.0111157 -0.00381091 675.508
52 1592   0.0110484 -0.00383991 674.598
52 1593   0.011216 -0.00387706 675.991
52 1594   0.0111627 -0.00385279 675.415
52 1595   0.0111484 -0.00390686 674.379
52 1596   0.0112073 -0.00397786 674.275
52 1597   0.0112187 -0.00392348 675.513
52 1598   0.0111847 -0.00393879 674.445
52 1599   0.0112435 -0.00394889 675.946
52 1600   0.0112392 -0.00397623 675.466
52 1601   0.0112786 -0.00394649 677.315
52 1602   0.0112938 -0.00396796 678.225
52 1603   0.0112959 -0.00401021 680.761
52 1604   0.0112812 -0.00398712 678.025
52 1605   0.0112617 -0.00399299 676.551
52 1606   0.0112852 -0.00402141 679.71
52 1607   0.0112665 -0.00402853 676.612
52 1608   0.0112684 -0.00401199 677.097
52 1611   0.0112963 -0.00404143 686.394
52 1612   0.011288 -0.00403635 680.907
52 1613   0.011279 -0.00404053 677.936
52 1623   -0.0112945 0.00404613 892.03
52 1625   -0.0112959 0.00403845 805.196
52 1627   -0.0112833 0.00402643 701.033
52 1630   -0.0112863 0.00401786 687.954
52 1631   -0.0112877 0.00401018 686.335
52 1644   -0.00638463 -0.0101046 86.46
52 1645   -0.00639015 -0.0101238 18.2231
52 1646   -0.00657078 -0.00994892 619.717
52 1650   -0.00646902 -0.00997394 529.92
52 1651   -0.00652438 -0.00996568 563.645
52 1652   -0.00653779 -0.0100035 473.397
52 1653   -0.00646467 -0.010007 443.213
52 1654   -0.00650018 -0.0100166 422.953
52 1655   -0.0064138 -0.0100487 315.942
52 1656   -0.00644035 -0.0100303 376.426
52 1657   -0.00641302 -0.0100721 222.871
52 1659   -0.00649555 -0.0100456 328.975
52 1662   -0.00646946 -0.0100781 166.485
52 1663   -0.00647437 -0.010053 290.569
52 1664   -0.00645467 -0.0100472 311.757
52 1665   -0.00645206 -0.0100785 160.621
52 1666   -0.0064437 -0.0100625 248.085
52 1667   -0.00642859 -0.0100691 222.797
52 1668   -0.00644228 -0.0101049 47.9227
52 1669   -0.00644377 -0.0100883 112.717
52 1670   -0.00643014 -0.0100817 148.727
52 1671   -0.00642337 -0.0100913 103.175
52 1672   -0.00642944 -0.0101047 50.5804
52 1673   -0.00640328 -0.0100973 90.7515
52 1674   -0.00640854 -0.0100879 130.524
52 1675   -0.00640843 -0.0101215 12.6962
52 1676   -0.00641171 -0.0101088 44.4824
52 1677   -0.00642303 -0.0101128 31.0573
52 1678   -0.00642077 -0.0101265 6.70138
52 1679   -0.00641221 -0.0101322 4.31499
52 1685   0.00638435 0.0101199 40.0502
52 1687   0.00640848 0.0101377 4.32976
52 1688   0.0064039 0.0101256 12.0385
end
