812
16 338   -0.0449783 0.00329373 887.515
16 339   -0.045158 -0.00288728 887.301
16 340   -0.0499783 0.00826455 896.696
16 341   -0.0399783 0.00829267 882.751
16 342   0.002001 0.0323203 794.709
16 343   -0.0505628 -0.0274442 852.618
16 344   0.005633 0.0275554 828.913
16 345   -0.0477779 -0.0217767 966.256
16 346   -0.0322351 0.0320563 945.198
16 347   -0.0411408 -0.0064065 886.336
16 348   -0.0156869 -0.0219777 910.399
16 349   -0.00176439 0.0291099 941.128
16 350   -0.0434949 -0.0296596 940.091
16 351   0.00343189 0.0221285 959.391
16 352   -0.000333497 0.0236829 966.019
16 353   -0.0497151 -0.0177518 951.451
16 354   -0.0384829 -0.00710569 883.171
16 355   -0.00650523 -0.0171901 840.458
16 356   -0.00600289 -0.0150684 910.6
16 357   -0.00699766 -0.0142042 913.45
16 358   -0.00499423 -0.0142559 931.563
16 359   -0.00665206 -0.0129152 921.388
16 360   -0.00526513 -0.0130547 940.318
16 361   -0.00592819 -0.0125782 928.888
16 362   -0.00589265 -0.0116484 910.656
16 363   -0.00544391 -0.0114011 906.837
16 364   -0.00630299 -0.0112883 895.222
16 365   0.00733102 0.011146 909.16
16 366   0.00712929 0.0108165 923.327
16 367   0.00713986 0.0105185 952.022
16 368   -0.00622015 -0.0108493 867.952
16 369   -0.00663024 -0.0107666 902.654
16 370   -0.00641435 -0.0107475 874.088
16 371   -0.00695809 -0.0105509 953.403
16 372   -0.00716254 -0.0103116 966.379
16 373   0.00688796 0.01043 963.948
16 374   -0.00701883 -0.0103869 967.891
16 375   -0.00666534 -0.0105695 916.768
16 376   -0.00679007 -0.0105042 950.81
16 555   -0.0443167 -0.0225075 936.989
16 556   -0.042964 -0.0254765 958.701
16 557   0.00641705 -0.0160276 959.658
16 558   0.00582585 -0.0141764 933.845
16 559   0.00631762 -0.0117219 846.01
16 560   0.00690881 -0.0127164 878.546
16 561   0.00463452 -0.014039 942.901
16 562   0.00423949 -0.0125771 930.563
16 563   0.00483068 -0.0129194 917.755
16 565   0.00552936 -0.0116846 805.885
16 566   0.00523376 -0.0121656 853.524
16 567   0.00483964 -0.01172 808.55
16 568   0.00444551 -0.0119265 862.857
16 570   0.00639945 0.0179337 969.101
16 571   0.00419834 0.0188987 968.746
16 572   0.00239807 0.0169589 965.869
16 578   -0.0497794 0.0184208 957.55
16 579   -0.0473141 0.0259424 941.953
16 580   -0.0511397 0.0239924 939.37
16 581   -0.0484192 0.0211715 967.194
16 582   -0.044041 0.0244666 960.082
16 583   -0.0451461 0.0217763 949.447
16 590   -0.0138267 -0.0319777 949.426
16 593   -0.00999134 -0.0304665 960.727
16 594   -0.00733858 -0.0334888 965.012
16 595   -0.00862928 -0.0272982 940.394
16 596   -0.00576144 -0.0270062 953.466
16 599   -0.00508818 -0.0181625 831.947
16 600   -0.00206705 0.0211492 921.241
16 601   -0.0355345 0.0307382 958.964
16 602   -0.0410125 0.0310458 954.894
16 603   -0.0392005 0.0336819 957.967
16 604   -0.0359612 0.0279483 935.828
16 605   -0.0387318 0.0282559 958.554
16 633   -0.0048895 0.0301844 962.93
16 634   -0.00734295 0.0333948 964.761
16 635   -0.0100646 0.0303847 961.154
16 636   -0.006317 0.0270741 951.075
16 637   -0.00890522 0.0272744 940.131
16 641   -0.03588 -0.0253785 886.539
16 642   -0.0345404 -0.0210257 814.946
16 643   -0.0328855 -0.0230771 874.06
16 651   0.00651468 -0.0109666 858.022
16 658   -0.0471583 0.0161421 922.271
16 659   -0.0473571 0.0130654 908.586
16 660   -0.0423571 0.0130654 879.995
16 661   -0.0386397 0.0173368 800.751
16 662   -0.043298 0.0168122 879.236
16 663   -0.0410186 0.015472 860.304
16 685   0.00455925 0.011876 949.39
16 691   -0.050158 -0.00541593 890.029
16 694   -0.0485441 -0.0149578 920.585
16 695   -0.0489869 -0.00937574 896.503
16 696   -0.051329 -0.0114582 907.72
16 697   -0.0435774 -0.010894 888.693
16 698   -0.0464235 -0.0113346 896.769
16 699   -0.0459806 -0.0144161 903.996
16 700   -0.0421377 -0.0127056 882.881
16 701   -0.0433699 -0.0151865 885.226
16 702   -0.0397011 -0.011864 877.141
16 703   -0.0387183 -0.0133459 867.031
16 731   -0.0071544 -0.0124708 914.474
16 734   -0.0073272 -0.0118405 906.718
16 735   -0.00698159 -0.0120096 910.9
16 736   -0.00713452 -0.0114845 906.112
16 737   -0.00678124 -0.0109978 906.918
16 738   -0.00664818 -0.0114177 905.98
16 739   -0.00678892 -0.0116536 907.984
16 741   -0.00730732 -0.0112467 906.721
16 742   -0.00738959 -0.0107215 925.097
16 743   -0.00717704 -0.0107773 927.356
16 744   -0.00709478 -0.0109959 913.924
16 759   -0.0242419 -0.0325 930.354
16 760   -0.0185799 -0.0294777 932.057
16 761   -0.0197713 -0.0244777 922.741
16 762   -0.0296907 -0.0245514 904.801
16 763   -0.0263427 -0.0225 912.351
16 764   -0.0314703 -0.0335257 946.864
16 765   -0.0280882 -0.0310257 930.952
16 766   -0.0294746 -0.0280771 923.362
16 767   -0.03556 -0.0278785 931.78
16 768   -0.0323493 -0.0291028 931.734
16 769   -0.0333641 -0.0320514 953.213
16 798   -0.0242889 0.0325 930.751
16 799   -0.028887 0.0295563 927.456
16 800   -0.0264769 0.0225 912.468
16 801   -0.0298212 0.0245563 904.752
16 944   -0.0370282 -0.021947 707.412
16 945   -0.0378907 -0.0242484 838.38
16 946   -0.040257 -0.0240396 858.472
16 947   -0.0411593 0.024997 921.213
16 948   -0.0392214 0.0261883 927.057
16 949   -0.00548325 0.0206813 674.431
16 950   -0.00424864 0.0224709 850.758
16 951   -0.00570758 0.0245741 887.739
16 952   -0.00500562 -0.0243602 893.031
16 953   -0.00529729 -0.0204344 708.458
16 956   -0.00736116 0.0103178 727.838
16 957   -0.00708348 0.0104632 825.436
16 988   -0.040073 0.0190145 768.338
16 989   -0.0423525 0.0186881 853.816
16 990   -0.0429396 0.0207034 883.806
16 991   -0.0396913 0.0216255 690.289
16 992   -0.0414182 0.0226442 840.719
16 999   0.00730294 -0.0103284 743.185
16 1000   0.00710587 -0.010882 837.464
16 1001   0.00690881 -0.0105349 848.235
16 1046   0.000691828 0.0162174 959.302
16 1047   -0.00272065 0.0165384 918.064
16 1048   -0.00110845 0.0177086 936.335
16 1052   -0.00656923 0.0123682 856.283
16 1053   -0.00713266 0.0119076 844.391
16 1054   -0.00685498 0.010828 849.548
16 1055   -0.00713266 0.0111725 834.613
16 1056   -0.00581564 0.0111275 820.761
16 1060   -0.00612031 0.0109679 863.027
16 1061   -0.00642497 0.0108083 885.796
16 1064   -0.00260616 0.0146499 939.923
16 1065   -0.00296248 0.0125772 964.63
16 1066   -0.00421414 0.0173467 875.274
16 1067   -0.00680028 0.0176854 812.092
16 1068   -0.00540083 0.0189438 789.889
16 1069   -0.00620693 0.0161508 866.595
16 1070   -0.00502024 0.0160256 885.283
16 1071   -0.00634322 0.0137295 882.427
16 1072   -0.00690665 0.0146403 880.035
16 1073   -0.0039243 0.0143109 927.117
16 1074   -0.0048449 0.0148784 904.678
16 1075   -0.00546816 0.0140928 899.946
16 1076   -0.00503279 0.0132755 908.855
16 1077   -0.00408227 0.0135562 935.083
16 1078   -0.00377495 0.0128323 955.743
16 1079   -0.00440719 0.0122842 919.822
16 1080   -0.00502615 0.0126153 895.379
16 1081   -0.00551629 0.0115056 814.789
16 1082   -0.00568753 0.0120713 851.436
16 1084   -0.00447739 0.0118049 868.065
16 1085   -0.0049251 0.0115704 796.098
16 1088   -0.000513145 -0.0129943 964.193
16 1089   -0.0015822 -0.0135023 964.509
16 1090   -0.00104019 -0.0129088 969.279
16 1091   0.00578566 -0.0242249 922.976
16 1092   0.00492849 -0.022435 952.24
16 1093   0.00664283 -0.0206631 961.976
16 1094   0.00567277 -0.0193168 968.778
16 1095   0.00544698 -0.0175281 968.455
16 1096   0.00350686 -0.0190202 969.166
16 1097   0.0027396 -0.0175345 965.613
16 1098   0.00382255 -0.0169284 965.83
16 1099   0.000418295 -0.0165485 956.009
16 1100   0.00152958 -0.0168117 960.115
16 1101   -2.01713e-05 -0.0135749 968.378
16 1102   0.000607699 -0.0132639 962.636
16 1103   0.000641772 -0.0126834 951.328
16 1104   0.00306681 -0.0134746 955.568
16 1105   0.00289428 -0.0123033 968.87
16 1106   0.0036759 -0.0127223 959.984
16 1107   0.00342133 -0.0122177 967.817
16 1108   0.00250769 -0.0133462 954.508
16 1109   0.00258973 -0.0126794 959.271
16 1110   0.00206716 -0.0124913 937.085
16 1111   0.00307997 -0.0141798 954.775
16 1112   0.00378849 -0.0147183 954.53
16 1113   0.0033554 -0.0157648 960.446
16 1114   0.00246266 -0.0148744 957.36
16 1115   0.00262971 -0.0157159 959.905
16 1116   0.00188685 -0.0161567 960.016
16 1117   -2.33062e-05 -0.0144022 962.641
16 1118   -0.000488477 -0.0149813 958.599
16 1119   8.10686e-05 -0.0156928 956.382
16 1120   0.000660899 -0.0155036 958.241
16 1121   0.00135539 -0.0157043 958.744
16 1122   0.000570425 -0.0147929 959.876
16 1123   0.00156178 -0.015189 958.645
16 1124   0.00192619 -0.0147997 957.795
16 1125   0.00109988 -0.0146986 959.18
16 1126   0.00107669 -0.0138021 958.245
16 1127   0.00170383 -0.0143098 957.096
16 1128   0.00122475 -0.0143091 958.822
16 1129   0.0014565 -0.0136359 953.577
16 1130   0.00206734 -0.0136152 952.751
16 1131   0.00178678 -0.0139483 955.382
16 1132   0.00184049 -0.0128352 932.044
16 1133   0.00155141 -0.0133134 947.059
16 1134   0.00192271 -0.0132923 948.517
16 1135   0.00109442 -0.0127537 921.066
16 1136   0.00139479 -0.0130121 937.476
16 1137   0.00154359 -0.0127004 914.768
16 1140   0.00137498 -0.0124206 859.858
16 1141   0.00111146 -0.0124634 871.577
16 1198   -0.0100417 -0.0209888 821.525
16 1199   -0.0113382 -0.0229665 883.398
16 1200   -0.0093074 -0.0247982 891.774
16 1201   -0.0073626 -0.0218317 683.483
16 1202   -0.00722521 -0.0236634 825.112
16 1204   -0.00738959 -0.0104743 933.064
16 1205   -0.00731435 -0.010326 936.894
16 1206   0.0053644 0.0161663 967.965
16 1207   0.00356412 0.0158535 966.206
16 1208   0.00327976 0.0148331 963.848
16 1209   0.000613385 0.0128549 966.919
16 1210   0.000742794 0.014542 963.96
16 1211   0.00114043 0.0127693 967.758
16 1212   0.00254729 0.0143492 962.812
16 1213   0.00178206 0.0141768 964.043
16 1214   0.00205009 0.01277 945.45
16 1215   0.00160938 0.013296 963.292
16 1216   0.00373013 0.0136146 960.867
16 1217   0.00293216 0.0137535 960.424
16 1218   0.00260764 0.0130551 951.972
16 1219   0.00292925 0.0124002 930.261
16 1220   0.00462852 0.0128451 957.748
16 1221   0.00441568 0.0122863 961.873
16 1222   0.00403908 0.01311 961.044
16 1223   0.00398071 0.012299 968.676
16 1224   0.00337775 0.0124757 963.305
16 1225   0.00374769 0.0127123 963.989
16 1227   0.00374253 0.012041 962.801
16 1228   0.00347901 0.0120838 969.268
16 1231   -0.00742476 -0.0101803 859.908
16 1235   -0.00746238 -0.0100667 634.267
16 1236   -0.00738714 -0.0101061 821.831
16 1237   0.00734158 0.0104137 940.486
16 1241   0.00742079 0.0101517 856.789
16 1242   0.00726238 0.0102347 955.09
16 1250   -0.0114677 0.0229848 883.93
16 1251   -0.0101141 0.0209949 822.159
16 1252   -0.00958991 0.0248746 895.177
16 1253   -0.0075595 0.0218897 699.532
16 1254   -0.007619 0.0237795 834.005
16 1255   -0.00226239 -0.013155 957.746
16 1256   -0.00224743 -0.012476 945.902
16 1257   -0.000291667 -0.023359 968.145
16 1258   0.00227984 -0.022039 966.681
16 1259   0.00182827 -0.0199704 967.804
16 1260   -0.00294594 -0.020856 873.593
16 1261   -0.00279167 -0.0229501 920.461
16 1262   -0.000276061 -0.0171874 950.336
16 1263   -0.00160603 -0.0194005 929.302
16 1264   -0.000188988 -0.0189921 951.917
16 1265   -0.00352801 -0.0171416 899.69
16 1266   -0.00239721 -0.017958 915.648
16 1267   -0.00154998 -0.0169834 936.672
16 1268   -0.00204823 -0.016111 937.819
16 1269   -0.00331773 -0.0160649 922.368
16 1270   -0.00135802 -0.0151689 952.974
16 1271   -0.00192783 -0.0146027 954.074
16 1272   -0.00415195 -0.0146884 933.894
16 1273   -0.00283359 -0.0148764 943.703
16 1274   -0.00353328 -0.0153966 929.796
16 1275   -0.00368932 -0.0141178 945.32
16 1276   -0.00277794 -0.0137408 954.161
16 1277   -0.00300351 -0.0143618 947.575
16 1278   -0.00318298 -0.0134384 954.369
16 1279   -0.00374451 -0.0135553 951.467
16 1280   -0.00467195 -0.0127229 953.626
16 1281   -0.0041064 -0.0131014 955.916
16 1282   -0.00327272 -0.0129767 957.418
16 1283   -0.00374739 -0.0128333 962.095
16 1284   -0.00314788 -0.0123227 953.731
16 1285   -0.00268183 -0.0125167 938.63
16 1286   -0.0030236 -0.0126836 954.597
16 1289   -0.00267435 -0.0121772 902.518
16 1290   -0.00293788 -0.0121344 921.414
16 1291   -0.00177565 0.0141181 952.624
16 1292   -0.00212767 0.0131621 952.491
16 1293   -0.00043973 0.0141178 963.224
16 1294   -0.000132938 0.0132687 969.168
16 1296   -0.00163571 0.012684 926.506
16 1298   -0.00130631 0.0127374 922.337
16 1300   -0.000976906 0.0127909 953.453
16 1301   -0.000647502 0.0128443 965.168
16 1314   -0.00394707 -0.012245 968.741
16 1315   -0.00376179 -0.0124974 967.878
16 1316   -0.0034114 -0.0122799 966.67
16 1318   -0.00372844 -0.0120061 958.883
16 1319   -0.00346492 -0.0120489 969.079
16 1342   -0.0423615 -0.0198155 850.181
16 1343   -0.042041 -0.0170611 863.256
16 1344   -0.0389632 -0.0205875 589.597
16 1345   -0.040502 -0.0214044 769.176
16 1346   -0.0386076 -0.0179995 784.991
16 1347   -0.0398258 -0.016062 840.938
16 1348   -0.00499342 -0.0116371 936.813
16 1350   -0.00469224 -0.0121007 956.516
16 1351   -0.00423373 -0.0120172 968.221
16 1359   -0.0510349 0.0324945 690.712
16 1362   -0.0472092 0.0298584 856.834
16 1363   -0.044279 0.0323639 884.99
16 1376   -0.0461672 -0.0323582 832.062
16 1377   -0.0490976 -0.0323582 726.032
16 1413   -0.0346051 0.0210281 811.995
16 1414   -0.0330088 0.0230844 871.737
16 1415   -0.0348947 0.0252945 886.419
16 1416   -0.0374598 0.0226425 743.024
16 1417   -0.0372489 0.0248526 857.47
16 1443   -0.0405433 -0.0309521 958.209
16 1444   -0.0390406 -0.0336507 959.494
16 1445   -0.0373261 -0.0294778 961.43
16 1446   -0.0358235 -0.0321764 966.309
16 1449   -0.0222576 0.0247449 922.985
16 1450   -0.0210038 0.0297449 930.152
16 1451   -0.0144748 0.0242348 914.824
16 1452   -0.0137564 0.0292348 942.808
16 1453   -0.0162084 0.0322449 943.468
16 1455   -0.0197417 0.0222449 921.959
16 1456   -0.0166196 0.0222449 917.76
16 1560   0.00567811 -0.0307334 720.906
16 1561   0.00396377 -0.0269851 895.112
16 1562   0.000535093 -0.0265152 943.344
16 1563   -0.00293581 -0.0320666 928.181
16 1564   -0.00272072 -0.0287523 953.039
16 1567   0.00385623 -0.0335778 704.643
16 1568   0.000212454 -0.0335778 841.354
16 1598   0.00701523 0.0144877 958.863
16 1599   0.00598018 0.0153022 965.17
16 1600   0.0065994 0.0136383 951.27
16 1601   0.00732655 0.0123365 925.329
16 1602   0.00691072 0.0128838 938.961
16 1603   0.00715757 0.0115099 908.902
16 1604   0.00715311 0.0119343 916.911
16 1605   0.00680622 0.0120137 919.956
16 1606   0.00689963 0.0114678 907.785
16 1607   0.00672173 0.0117108 912.418
16 1608   0.00414325 0.0140714 961.585
16 1609   0.00407774 0.0146942 963.492
16 1610   0.00497788 0.0148505 963.537
16 1611   0.00587224 0.0140208 957.563
16 1612   0.004801 0.014037 960.446
16 1613   0.00528577 0.0144185 961.328
16 1614   0.00501179 0.0130813 954.997
16 1615   0.00511061 0.0136824 957.892
16 1616   0.00566432 0.013596 954.871
16 1617   0.00577058 0.0131569 950.027
16 1618   0.00536044 0.0128329 949.505
16 1619   0.00628982 0.0128271 941.503
16 1620   0.00635876 0.0123593 931.323
16 1621   0.00546669 0.0123938 941.407
16 1622   0.00594578 0.0122499 931.47
16 1623   0.00529877 0.011542 909.701
16 1624   0.0051552 0.0119524 934.305
16 1625   0.00571652 0.0115443 903.933
16 1626   0.00605203 0.0118108 916.507
16 1627   0.00622537 0.011031 878.077
16 1628   0.00588864 0.0110654 870.487
16 1629   0.00650888 0.0116232 909.31
16 1630   0.00625217 0.0116115 908.19
16 1631   0.00625339 0.0113105 894.119
16 1632   0.00677127 0.0112962 903.519
16 1633   0.00646623 0.0112325 895.066
16 1634   0.00655397 0.0114119 902.483
16 1635   0.00687197 0.010948 910.518
16 1636   0.00677188 0.0111458 902.549
16 1637   0.00659519 0.0110879 896.907
16 1638   0.00676725 0.0108362 909.616
16 1639   0.0066233 0.0109442 897.05
16 1640   0.00650023 0.0106495 878.711
16 1641   0.00646632 0.0108092 881.531
16 1642   0.00678964 0.0105362 943.444
16 1643   0.00676784 0.0106733 922
16 1644   0.00665781 0.0106216 912.037
16 1646   0.00664967 0.0105002 920.717
16 1647   0.00670953 0.0104689 941.437
52 377   0.00748452 0.00149978 941.217
52 378   -0.00428337 -0.00100737 966.614
52 379   0.00851217 -0.000576762 929.604
52 380   -0.000383114 0.00110083 969.462
52 381   -0.00224696 -0.00222964 969.433
52 382   -0.000329678 -0.00112673 969.471
52 383   -0.00428277 0.00125737 966.925
52 384   0.0015069 0.0021787 969.537
52 385   0.00155142 0.00443268 969.084
52 386   -0.00233574 0.00449953 969.514
52 387   -0.00866396 0.000609231 929.176
52 388   -0.00229979 0.00226267 969.386
52 389   -0.00211433 -0.00429916 969.209
52 390   -0.00416739 0.00544901 969.252
52 391   0.00742571 -0.00207837 949.348
52 392   -0.00782481 -0.00117688 936.442
52 393   -0.0058878 -0.00196023 961.318
52 394   -0.00764894 0.00217905 948.481
52 395   0.00545577 -0.00243921 965.878
52 396   0.0032684 0.00538136 965.644
52 397   -0.00580225 0.00246589 965.26
52 398   0.00344298 -0.00556288 969.184
52 399   0.00488116 0.00438666 969.248
52 400   0.00848935 0.00307682 931.59
52 401   0.00816953 -0.00393071 961.901
52 402   -0.00172929 0.0085491 964.833
52 403   -0.00452773 0.00717725 966.69
52 404   -0.00867786 -0.00278638 929.836
52 405   -0.00824097 0.00399892 962.429
52 406   -0.00565091 0.00442066 969.435
52 407   -0.00582355 -0.00386261 966.954
52 408   -0.00350441 0.00828537 963.012
52 409   -0.0034629 -0.0052521 966.323
52 410   -0.00742326 -0.00422881 952.301
52 411   -0.0072941 -0.00574287 963.989
52 412   0.00357852 0.0070144 945.686
52 413   -0.00487543 -0.00498631 967.992
52 414   -0.00699022 0.00521909 957.73
52 415   0.00299964 0.00810178 946.053
52 416   0.0028061 -0.00797384 965.093
52 417   0.00548217 -0.00407339 969.295
52 418   0.00486793 -0.0050697 969.517
52 419   0.00351723 -0.00701132 967.295
52 420   -0.00326742 -0.00679341 952.336
52 421   0.00694472 -0.00479782 964.21
52 422   -0.00535946 -0.00644167 931.877
52 423   -0.0059582 0.0075658 967.376
52 424   -0.00718599 0.00642227 959.964
52 425   0.00491571 0.00744467 902.218
52 426   0.00402932 0.00911351 933.842
52 427   -0.00617841 -0.00683203 864.485
52 428   0.00405218 0.0100612 958.851
52 429   0.00479478 -0.00748182 965.975
52 430   0.005752 0.00717492 855.126
52 431   0.00690142 -0.00577382 953.575
52 432   0.00579902 -0.00599192 968.503
52 433   -0.00398818 -0.00887529 929.906
52 434   0.00737737 -0.00647649 959.87
52 435   0.0048586 -0.00839843 959.403
52 436   -0.00671622 0.00712917 969.045
52 437   0.00555602 -0.00725289 967.664
52 438   0.00488935 0.00894288 898.364
52 439   -0.00799629 0.00692425 967.38
52 440   -0.00622797 0.00847343 965.125
52 441   0.00588938 -0.00670515 968.312
52 442   0.00519686 0.00836142 877.789
52 443   -0.00454944 -0.0100772 956.323
52 444   0.00560572 -0.00873275 954.026
52 445   0.00795816 -0.00674801 965.827
52 446   -0.00599707 -0.00857367 832.413
52 447   -0.00449327 -0.00944997 928.993
52 448   0.0068493 -0.00759157 969.616
52 449   0.00622595 -0.00785258 968.474
52 450   0.00621183 -0.00841582 965.473
52 451   0.0048242 0.0104415 965.862
52 452   0.00675031 -0.00697158 968.848
52 453   0.00598089 0.00858885 833.919
52 454   0.00673262 -0.00889084 961.697
52 455   -0.0063449 -0.00776995 817.829
52 456   0.00640178 0.00785676 815.052
52 457   0.00733896 -0.00786563 965.638
52 458   -0.00629387 -0.00825541 822.68
52 459   0.006613 -0.00943958 915.391
52 460   0.00716207 -0.00878406 968.747
52 461   0.00539744 0.00942714 879.839
52 462   -0.00726686 0.00775599 967.512
52 463   -0.00692757 0.0084462 969.261
52 464   0.00634953 0.00835394 819.506
52 465   0.00527268 0.0101329 940.435
52 466   0.0073687 -0.00833266 961.748
52 467   -0.00513785 -0.0102293 952.266
52 468   -0.00631992 -0.00911516 800.481
52 469   0.00611558 0.00903541 818.097
52 470   0.00543197 0.00980777 896.141
52 471   0.00791133 -0.00737524 967.012
52 472   -0.00720844 0.00816539 966.101
52 473   -0.00769142 0.00776998 960.129
52 474   0.0077246 -0.00767509 962.017
52 475   -0.00795108 0.00764513 960.52
52 476   0.00583965 0.00929225 835.991
52 477   -0.00617498 -0.00939433 798.009
52 478   -0.00541506 -0.00990768 906.998
52 479   -0.00532284 -0.0104697 964.446
52 480   0.0077341 -0.00842956 936.614
52 481   -0.00755534 0.00837781 951.942
52 482   0.00644428 0.00918054 787.575
52 483   0.00822213 -0.00755028 961.882
52 484   0.00608055 0.00954042 806.076
52 485   0.00560261 0.0103549 948.734
52 486   0.00585358 0.00988543 849.887
52 487   0.00797663 -0.00793657 945.916
52 488   0.00777864 -0.00870473 927.549
52 489   0.00605995 0.00975298 804.329
52 490   0.00633796 0.00945975 778.34
52 491   -0.00784814 0.00810836 942.291
52 492   -0.00777048 0.0083068 937.089
52 493   -0.00825206 0.0079133 945.518
52 494   0.0059764 0.0100908 852.791
52 495   0.00794446 -0.00831915 919.179
52 496   -0.00566147 -0.0100406 897.593
52 497   0.0080221 -0.00815047 927.375
52 498   0.00588472 0.0102352 907.946
52 499   -0.00561982 -0.0102619 934.907
52 500   0.00818336 -0.00782698 949.42
52 501   -0.00582343 -0.0102959 926.92
52 502   0.00799558 -0.00872869 893.363
52 503   0.00645544 0.00959908 748.339
52 504   0.00824645 -0.00820859 912.614
52 505   -0.00620445 -0.00985334 773.193
52 506   -0.00634385 -0.00977078 742.186
52 507   0.00810554 -0.00846173 888.769
52 508   0.00624558 0.00985474 761.856
52 509   0.00618867 0.0100847 785.803
52 510   0.00830876 -0.00794736 940.911
52 511   0.00811211 -0.00859609 861.282
52 512   0.00832639 -0.00811506 924.172
52 513   0.00643713 0.00977332 709.556
52 514   0.00637731 0.00984186 708.746
52 515   0.00829908 -0.00834063 894.501
52 516   -0.00834753 0.00822254 915.008
52 517   0.00823581 -0.0084251 865.938
52 518   0.00625147 0.00998105 745.641
52 519   -0.00624216 -0.00998585 752.033
52 520   -0.00824876 0.00855823 788.67
52 521   0.0082348 -0.00862156 766.875
52 522   0.00831836 -0.00850615 785.131
52 523   0.00627001 0.0101556 761.832
52 524   -0.00634687 -0.00999613 667.553
52 525   -0.00641441 -0.00996208 601.685
52 526   0.00635925 0.0100125 634.808
52 527   0.00831079 -0.00856824 735.607
52 528   0.00839196 -0.00837023 894.189
52 529   0.00838881 -0.00848993 827.713
52 530   -0.00833741 0.00856662 731.741
52 531   -0.00646415 -0.0100113 387.447
52 532   0.00839913 -0.00843847 880.089
52 533   -0.0064592 -0.0100584 151.093
52 534   0.00842129 -0.00852207 840.204
52 535   0.0084237 -0.008538 880.364
52 536   -0.00648422 -0.0100944 3.09084
52 537   0.00844127 -0.00852567 873.607
52 609   -0.00107467 0.00560399 968.715
52 610   0.000325593 0.00557936 968.043
52 611   -0.0008956 0.0076121 965.91
52 612   0.00189062 0.00805301 957.532
52 613   0.000231453 0.00803738 963.777
52 614   0.000777878 0.00713755 964.166
52 615   0.000660988 0.0097414 964.78
52 616   0.000659244 0.00889711 962.899
52 617   0.00161827 0.00892507 959.146
52 618   0.00127798 0.00995256 962.949
52 619   0.00196206 0.00958614 958.14
52 620   0.0033981 0.0103469 960.608
52 621   0.00261 0.0100115 955.433
52 623   0.00358414 0.0109759 967.585
52 639   -0.00702211 0.00925525 951.557
52 647   0.0073761 -0.00909871 966.033
52 648   0.00762728 -0.00892248 952.258
52 705   0.00641939 0.00999031 538.016
52 706   0.00644333 0.00994602 583.5
52 831   -0.00642332 -0.00953705 762.216
52 832   -0.00641047 -0.00965931 747.527
52 838   -0.00645259 -0.00983613 682.425
52 839   -0.00644563 -0.00990237 638.997
52 853   0.00646766 0.0100316 336.379
52 854   -0.00839194 0.00836907 900.188
52 855   -0.00832891 0.00832124 902.451
52 856   -0.00712103 0.0087763 968.893
52 857   -0.00712716 0.00904514 968.628
52 858   -0.00743562 0.00909833 968.066
52 859   -0.00754847 0.00859425 951.091
52 860   -0.00739504 0.00871192 962.286
52 861   -0.00750928 0.00890508 960.129
52 864   -0.00768128 0.00892122 945.699
52 865   -0.00788893 0.00884412 911.957
52 866   -0.00773282 0.00881172 934.445
52 867   -0.00771426 0.00867791 934.889
52 868   -0.00785177 0.00865138 915.419
52 869   -0.00793116 0.00874261 904.712
52 870   -0.00808625 0.00863698 867.518
52 871   -0.00805332 0.0087305 873.156
52 872   -0.00790005 0.00843667 916.629
52 873   -0.00790221 0.00855675 911.463
52 874   -0.00801453 0.00855446 897.771
52 875   -0.00800629 0.00838121 909.787
52 876   -0.00805997 0.00846669 897.657
52 877   -0.00821663 0.00849833 843.468
52 878   -0.0081432 0.00845875 884.282
52 879   -0.00825254 0.00817017 919.634
52 880   -0.00817746 0.00805492 933.67
52 881   -0.0080332 0.00812514 930.527
52 882   -0.00816037 0.00823001 913.574
52 883   -0.00805729 0.0083108 911.285
52 884   -0.00806626 0.00822544 918.57
52 885   -0.00816037 0.00839171 893.86
52 886   -0.00817466 0.0083015 905.443
52 887   -0.00812814 0.00832924 904.915
52 888   -0.00826656 0.00835026 895.145
52 889   -0.00820198 0.00838774 889.999
52 890   -0.00821179 0.00834021 898.621
52 891   -0.00826791 0.00845314 849.452
52 892   -0.0082361 0.00840959 879.598
52 893   -0.00827741 0.00838598 885.989
52 894   -0.0083637 0.00841993 883.878
52 895   -0.00830693 0.00845123 848.063
52 896   -0.00831153 0.00840783 878.284
52 897   -0.00837716 0.00845359 874.035
52 898   -0.00834104 0.00847308 834.27
52 899   -0.00836005 0.00851676 783.099
52 902   -0.00843576 0.00852004 911.598
52 903   -0.00841252 0.00847058 886.899
52 904   -0.00414181 -0.00736689 931.38
52 905   -0.00482132 -0.00728094 910.732
52 906   -0.00428586 -0.00826451 916.785
52 907   -0.00551378 -0.0084084 860.171
52 908   -0.0048248 -0.00836563 894.269
52 909   -0.00510594 -0.00799148 881.199
52 910   -0.00502418 -0.00921323 897.828
52 911   -0.00505802 -0.00873968 886.07
52 912   -0.00540724 -0.00882542 867.604
52 913   -0.00543693 -0.00965019 885.909
52 914   -0.00527817 -0.00938747 886.721
52 915   -0.00552066 -0.00918673 861.912
52 916   -0.00591228 -0.00942266 828.389
52 917   -0.00567149 -0.00955938 858.313
52 918   -0.00568734 -0.00933953 850.327
52 919   -0.00607965 -0.00979489 802.372
52 920   -0.00582365 -0.00966663 842.955
52 921   -0.0059692 -0.0096184 819.672
52 922   -0.00582191 -0.00994773 862.269
52 923   -0.00587491 -0.00980984 840.914
52 924   -0.00599329 -0.0098764 822.569
52 925   -0.00593416 -0.0101647 881.649
52 926   -0.00589099 -0.0100379 862.986
52 927   -0.00598959 -0.00999068 834.915
52 928   -0.00611631 -0.0102093 855.671
52 929   -0.00602475 -0.0101642 861.845
52 930   -0.00604077 -0.0100707 833.813
52 931   -0.00616077 -0.010148 815.734
52 932   -0.0061914 -0.0100503 777.341
52 933   -0.00611851 -0.0100793 811.522
52 936   -0.0062366 -0.0101591 788.095
52 937   -0.00625923 -0.0101081 751.913
52 938   -0.0063468 -0.0100607 624.431
52 939   -0.00633844 -0.0101374 624.598
52 940   -0.00630993 -0.0101082 691.601
52 941   -0.00642931 -0.01007 248.819
52 942   -0.00636966 -0.0101082 496.658
52 943   -0.00638097 -0.0100716 515.992
52 971   -0.00425083 0.00931926 953.266
52 972   -0.00466246 0.0106051 921.371
52 973   -0.00518929 0.0103719 840.677
52 974   -0.00590908 0.00893095 950.812
52 975   -0.00522886 0.00924065 937.653
52 976   -0.00596146 0.00989916 867.854
52 977   -0.00540598 0.00985236 891.968
52 978   -0.00675938 0.00930462 935.934
52 979   -0.00635208 0.00922193 938.075
52 980   -0.00622733 0.00957843 901.557
52 981   -0.00674313 0.00958516 896.852
52 982   -0.00652614 0.00973708 879.744
52 994   0.000648942 0.0114003 967.127
52 995   0.000313828 0.0114218 966.075
52 1008   0.00318984 0.00156771 968.6
52 1009   0.00484713 0.002827 967.225
52 1010   0.00571064 0.00165719 961.643
52 1011   0.00448325 -0.00133999 966.65
52 1012   0.00333649 0.000422996 967.984
52 1013   0.00477022 0.000372812 964.87
52 1014   0.00134762 -0.00175753 969.434
52 1015   0.00340703 -0.00187885 968.615
52 1016   0.00269202 -0.000700765 968.712
52 1017   0.00241157 -0.00457224 969.52
52 1018   0.00273389 -0.00298373 969.491
52 1019   0.00139135 -0.00288751 969.634
52 1020   -0.000493233 -0.00482596 968.913
52 1021   0.00140038 -0.00502385 969.229
52 1022   0.000737668 -0.00392817 969.589
52 1023   0.000780655 -0.00599654 968.258
52 1024   -0.000441691 -0.00584675 967.552
52 1025   0.00161301 -0.007943 965.508
52 1026   0.000672996 -0.00696252 966.674
52 1027   0.000131542 -0.00874463 963.916
52 1028   0.00133841 -0.00881394 964.247
52 1029   0.00172395 -0.00967161 963.159
52 1030   0.00232894 -0.0111655 959.542
52 1031   -0.000281701 -0.0113909 966.988
52 1032   -0.00011448 -0.00961965 964.575
52 1033   -0.000953225 -0.0113476 969.21
52 1034   0.000710078 -0.0100592 963.91
52 1035   0.000802102 -0.0116539 930.797
52 1036   0.000273346 -0.0111754 968.157
52 1037   0.000711915 -0.0107012 963.016
52 1038   0.00124159 -0.0115007 902.943
52 1039   0.0013444 -0.0110048 947.051
52 1040   0.0017848 -0.0111726 937.828
52 1042   0.00184396 -0.011623 900.269
52 1043   0.00152003 -0.0117139 848.43
52 1147   -0.00230632 -0.00727941 956.517
52 1148   -0.00116052 -0.00673785 964.165
52 1149   -0.000644051 -0.00821694 962.579
52 1150   -0.000377192 -0.00730577 964.548
52 1151   -0.00315034 -0.0087719 945.196
52 1152   -0.00152254 -0.00845028 958.959
52 1153   -0.00240148 -0.00808067 952.479
52 1154   -0.0026339 -0.00948436 953.829
52 1155   -0.00171288 -0.00928616 958.686
52 1156   -0.00136596 -0.0107984 965.064
52 1157   -0.00108042 -0.00992785 963.604
52 1158   -0.00280502 -0.0102145 954.811
52 1159   -0.00216955 -0.0108868 950.61
52 1160   -0.00242834 -0.0113929 908.378
52 1161   -0.00375554 -0.0109958 969.014
52 1162   -0.00333237 -0.0103447 957.23
52 1163   -0.00405525 -0.0103451 965.149
52 1164   -0.00423032 -0.0107937 969.225
52 1165   -0.00287745 -0.011169 917.109
52 1166   -0.0033941 -0.0109956 959.609
52 1167   -0.003146 -0.0107931 953.92
52 1169   -0.00300685 -0.011422 865.983
52 1170   -0.00324424 -0.0113209 934.901
52 1177   0.00429736 -0.00881057 956.369
52 1178   0.00352241 -0.00885648 961.657
52 1179   0.00447116 -0.00950682 944.896
52 1180   0.00337228 -0.00964368 962.512
52 1181   0.00397132 -0.00988332 956.473
52 1182   0.0026025 -0.0100369 964.407
52 1183   0.00276523 -0.010721 967.754
52 1184   0.00363421 -0.010944 967.004
52 1185   0.00466219 -0.0104943 915.224
52 1186   0.00401433 -0.0106763 968.819
52 1187   0.0041267 -0.0103227 958.112
52 1189   0.00471178 -0.0108024 908.49
52 1190   0.00438785 -0.0108934 966.877
52 1322   0.00636948 0.0100679 560.049
52 1323   0.00634304 0.0101074 624.358
52 1324   0.00638374 0.0101245 449.627
52 1325   0.00644598 0.0101011 91.2137
52 1326   0.00641069 0.0100989 367.668
52 1327   0.00640965 0.010071 433.539
52 1328   0.00158735 0.0104803 962.037
52 1329   0.00223442 0.0104835 955.201
52 1330   0.00146011 0.0114737 966.979
52 1331   0.00118515 0.0110793 968.211
52 1332   0.00235167 0.010906 947.359
52 1333   0.00197955 0.0112971 948.036
52 1334   0.00308256 0.0110118 946.204
52 1335   0.00263474 0.0113581 891.896
52 1336   0.00267174 0.0109885 937.821
52 1338   0.00291554 0.0114366 863.101
52 1339   0.00317558 0.0113262 928.802
52 1367   0.00515535 -0.010422 838.925
52 1368   0.00511971 -0.00987384 902.6
52 1369   0.00569303 -0.00951191 909.872
52 1370   0.00617952 -0.00974372 879.613
52 1395   -0.00368212 0.00989831 959.928
52 1396   -0.00412013 0.0104299 962.215
52 1397   -0.00151162 0.0113717 911.446
52 1398   -0.00126483 0.00980553 963.497
52 1399   -0.000853177 0.0114409 938.771
52 1400   -0.000122791 0.0109821 968.6
52 1401   -2.47488e-06 0.0101504 965.77
52 1402   -0.00296494 0.0101456 966.016
52 1403   -0.00214791 0.0102115 962.91
52 1404   -0.00193927 0.0109245 954.203
52 1405   -0.00265197 0.0112151 965.378
52 1406   -0.00367411 0.0107648 969.037
52 1407   -0.00313178 0.0105897 968.791
52 1408   -0.00302746 0.0109462 969.409
52 1411   -0.00340813 0.0111666 965.451
52 1412   -0.00373145 0.011076 963.96
52 1510   0.00244868 0.0115537 880.795
52 1511   0.00211357 0.0115752 932.731
52 1537   0.00779109 0.0047044 951.17
52 1538   0.00638854 0.00527192 967.395
52 1539   0.00644788 0.00649555 927.351
52 1593   -0.00640125 -0.0101154 328.337
52 1596   -0.00646437 -0.0101029 9.46037
52 1597   -0.00643534 -0.0100993 200.077
52 1668   0.00645457 0.0100827 113.7
52 1669   0.00645682 0.0100524 272.338
52 1670   0.00643859 0.0100612 337.802
52 1671   0.00647931 0.0100943 6.09636
52 1674   0.0064747 0.0100658 118.076
52 1675   0.00647193 0.0100822 38.1959
52 1687   -0.0081787 0.00864418 804.713
52 1688   -0.00822235 0.00861362 779.324
52 1703   -0.0083898 0.00853284 765.844
52 1704   -0.00840616 0.00850614 849.254
52 1705   -0.00842628 0.00852606 856.498
end
