905
16 179   -0.0449779 0.0031857 960.263
16 180   -0.045157 -0.00300351 960.193
16 181   -0.0477798 -0.0217978 902.036
16 182   -0.0411386 -0.00655308 962.122
16 183   -0.0435091 -0.0297249 819.212
16 184   0.00215781 0.0234595 886.646
16 185   -0.0384817 -0.0072779 964.001
16 186   0.00489766 0.0218967 892.613
16 187   -0.000972375 -0.0215742 920.145
16 188   -0.00124329 0.0213193 936.559
16 189   -0.00025006 -0.0188741 924.379
16 190   -0.000635728 0.0188109 944.937
16 191   0.00684861 0.0218018 888.359
16 192   -0.0022291 -0.0172876 962.804
16 193   0.00562856 0.0176266 955.034
16 194   0.00367761 0.0189098 939.899
16 195   -0.00246046 0.0175162 941.757
16 196   0.00229886 0.017858 952.428
16 197   0.00073524 0.0178427 949.304
16 198   0.00543602 0.0159547 968.798
16 199   0.00684861 0.0185491 942.132
16 200   -0.00191024 -0.0155472 964.575
16 201   -0.00207798 0.0159685 931.651
16 202   0.00140302 0.0152893 967.823
16 203   0.00136786 0.0142331 966.278
16 204   -3.12044e-05 0.0136936 966.218
16 205   0.0020135 0.0136878 934.557
16 206   0.000671447 0.0137362 964.264
16 207   -0.00196056 -0.0135966 963.246
16 208   -0.00266197 -0.0124719 939.244
16 209   -0.00135117 -0.0135216 968.461
16 210   -0.000133184 0.0129779 965.23
16 211   0.00168786 0.0130254 865.888
16 212   -0.00226842 -0.0127033 915.513
16 213   0.000909522 0.0130836 905.593
16 214   -0.00209181 -0.0130527 937.057
16 215   0.000348702 0.0126762 904.47
16 216   -0.00131269 -0.0129552 942.51
16 217   -0.000417834 0.0127427 957.071
16 218   0.0012803 0.0129181 848.152
16 219   0.000688756 0.0127392 865.013
16 220   -0.00110531 -0.0126681 898.506
16 221   -0.00191986 -0.0123559 847.683
16 222   -0.00166686 -0.0128351 908.95
16 223   -0.00088247 -0.0125869 917.691
16 224   -0.00165421 -0.0125164 841.613
16 225   0.00126298 0.0125407 769.621
16 226   0.00141992 0.012397 726.108
16 227   0.00110171 0.0124395 748.599
16 380   -0.0443252 -0.022563 928.139
16 381   -0.0429849 -0.0255762 912.034
16 391   -0.00994265 -0.0304356 916.486
16 392   -0.0072986 -0.0334785 878.155
16 393   -0.00853778 -0.0271997 933.539
16 394   -0.00561248 -0.0268138 920.298
16 399   -0.0511394 0.023991 826.049
16 400   -0.0451427 0.0217715 927.794
16 409   -0.00731031 0.0334711 889.632
16 410   -0.00996043 0.0304134 919.92
16 411   -0.00568701 0.026663 925.339
16 412   -0.00857926 0.0271248 935.961
16 413   -0.00638298 -0.0135703 879.016
16 414   -0.00537306 -0.0134432 892.975
16 415   -0.00699504 -0.0126193 830.341
16 417   -0.0410055 0.0310468 858.656
16 418   -0.0391945 0.0336823 861.938
16 419   -0.038713 0.0282581 919.709
16 427   -0.0326501 -0.0236769 965.15
16 447   -0.00334997 -0.0222047 956.857
16 448   -0.00483477 -0.0241209 953.612
16 452   -0.00348795 0.0220549 954.709
16 453   -0.00492421 0.0239321 954.116
16 454   -0.0473562 0.0130369 950.919
16 455   -0.0423562 0.0130369 964.218
16 456   -0.0432964 0.0167981 963.302
16 457   -0.0410177 0.0154604 968.4
16 461   0.00399158 0.0158307 968.749
16 462   0.0023566 0.0156712 968.296
16 463   0.00280537 0.0164508 964.877
16 464   0.00420089 0.0141992 952.948
16 465   0.00395525 0.0150701 968.52
16 466   0.00313035 0.0150321 968.988
16 467   0.00264497 0.0138454 943.106
16 468   0.003611 0.0139207 946.65
16 469   0.00314097 0.0144018 961.507
16 470   0.00339179 0.0133925 928.774
16 471   0.00283821 0.0133361 919.515
16 472   0.00352216 0.01295 917.702
16 473   0.00271733 0.0128979 900.338
16 474   0.00316626 0.0127523 914.375
16 475   0.00290341 0.0122112 929.659
16 476   0.00323376 0.0123766 927.72
16 477   0.00229076 0.0122741 863.355
16 478   0.00261841 0.0124033 897.229
16 479   0.00249983 0.0127143 885.605
16 480   0.00208079 0.0124448 830.979
16 481   0.00190937 0.0127459 836.562
16 482   0.00221075 0.0127154 860
16 483   0.00156413 0.0124374 759.427
16 484   0.00183547 0.0124025 794.256
16 485   0.00172335 0.0125482 796.521
16 487   0.00161592 0.0123015 739.291
16 488   0.00173658 0.0122819 765.934
16 503   0.00679735 -0.0148239 795.919
16 504   0.00409821 -0.0145308 771.724
16 505   0.0029715 -0.0143121 780.618
16 506   0.00120275 -0.0136595 868.14
16 507   0.00138518 -0.0125415 758.144
16 515   -0.050157 -0.00544887 957.604
16 518   -0.0489854 -0.0094174 954.749
16 519   -0.0513285 -0.0114736 948.793
16 520   -0.0435749 -0.0109743 961.095
16 521   -0.0464217 -0.0113933 955.668
16 522   -0.042136 -0.0127693 964.098
16 523   -0.0433699 -0.0152277 962.305
16 524   -0.0396998 -0.0119604 966.417
16 525   -0.0387181 -0.0134074 968.373
16 603   -0.0072044 -0.0109597 785.01
16 604   -0.00705661 -0.0105006 783.772
16 605   -0.0073522 -0.0103457 664.015
16 628   0.00714528 0.0104219 758.296
16 629   0.00738176 0.010298 610.179
16 631   -0.0403025 -0.0242477 959.584
16 640   -0.0411463 0.0249969 942.4
16 641   -0.0391987 0.0261903 943.142
16 655   -0.0423501 0.0186832 967.652
16 656   -0.0429354 0.0206988 961.973
16 674   -0.0423687 -0.0198683 967.084
16 675   -0.0420414 -0.0170891 967.642
16 678   -0.0112704 -0.0229356 966.07
16 679   -0.00922273 -0.0246997 962.264
16 687   -0.0112931 0.0229134 965.057
16 688   -0.00926258 0.0246248 961.374
16 689   -0.0039905 -0.0177008 965.943
16 690   -0.00688793 -0.0181542 893.108
16 691   -0.00505174 -0.0160071 949.449
16 692   -0.00627587 -0.0163084 933.757
16 695   -0.0329423 0.0230869 967.296
16 696   -0.0348526 0.0252982 962.846
16 699   -0.00406464 0.0178991 947.471
16 700   -0.00688784 0.0181688 962.907
16 712   -0.0461687 -0.032367 704.592
16 740   -0.0329608 -0.0212256 969.303
16 747   -0.00688784 0.0147791 893.525
16 748   -0.00627569 0.0163939 924.973
16 749   -0.00505138 0.0162901 919.552
16 750   -0.00451075 0.0149845 892.587
16 751   -0.00314152 0.0150457 906.351
16 752   -0.00267241 0.0142093 899.117
16 753   -0.00239013 0.0126166 826.945
16 754   -0.00312085 0.013266 830.697
16 755   -0.00363188 0.0126786 745.421
16 758   0.00229209 0.0269419 796.799
16 759   -0.00266633 0.0284387 870.059
16 760   -0.00290846 0.0319583 813.805
16 762   0.00386664 0.0334871 682.754
16 763   0.000233284 0.0334871 720.615
16 769   -0.00644697 -0.0122058 813.278
16 770   -0.00547394 -0.0114341 744.69
16 771   -0.00606514 -0.0111243 804.146
16 772   -0.00665633 -0.0113511 798.932
16 773   -0.00528614 -0.0119272 787.909
16 774   -0.00520613 -0.0127585 862.436
16 775   -0.00566797 -0.0124721 830.543
16 776   -0.0047304 -0.0124601 856.26
16 777   -0.00485353 -0.0119787 796.817
16 779   -0.00459794 -0.0117179 771.928
16 790   -0.0028973 -0.0321383 783.97
16 791   -0.00261603 -0.0287095 843.335
16 793   0.00023978 -0.0336598 707.812
16 794   0.00386989 -0.0336598 679.082
16 819   -0.004761 -0.0138575 923.355
16 820   -0.00454678 -0.0148134 946.578
16 821   -0.00278513 -0.013957 962.132
16 822   -0.00316668 -0.0147668 965.562
16 823   -0.00311915 -0.012777 944.911
16 824   -0.00406526 -0.0133891 930.011
16 825   -0.00346949 -0.0135352 944.953
16 826   -0.00393719 -0.0127844 923.054
16 827   -0.00347975 -0.0125041 947.958
16 829   -0.00346268 -0.0121277 964.001
16 830   -0.00374765 -0.0120814 958.387
16 836   -0.0242333 -0.0325 940.489
16 837   -0.0294052 -0.0249512 957.144
16 838   -0.0259582 -0.0225 957.311
16 839   -0.0209 -0.0297285 943.408
16 840   -0.0220872 -0.0247285 951.855
16 841   -0.0136143 -0.0291856 934.634
16 842   -0.0161428 -0.0322285 932.024
16 843   -0.0142572 -0.0241856 956.938
16 844   -0.0164075 -0.0222285 957.098
16 845   -0.0195382 -0.0222285 954.437
16 865   -0.0505643 -0.0249961 796.309
16 866   -0.0490991 -0.02991 701.224
16 867   -0.0510348 -0.0325431 675.639
16 875   -0.00141741 -0.0123874 786.291
16 876   -0.00151305 -0.0123718 788.629
16 880   -0.0242358 0.0325 941.373
16 881   -0.0263319 0.0225 957.786
16 882   -0.0297247 0.024558 959.128
16 883   -0.022094 0.0247211 952.001
16 884   -0.0209069 0.0297211 944.281
16 885   -0.0142802 0.0241634 956.448
16 886   -0.0161511 0.0322211 934.314
16 887   -0.0136309 0.0291634 936.648
16 889   -0.019549 0.0222211 954.225
16 890   -0.0164261 0.0222211 956.586
16 931   -0.00122095 -0.0124192 806.38
16 932   -0.00132005 -0.0124032 791.012
16 957   0.00500052 -0.0190427 822.387
16 958   0.00679735 -0.0176951 803.238
16 959   0.0046894 -0.01577 797.841
16 960   0.0060947 -0.0160963 799.006
16 961   0.00147558 -0.0183444 896.922
16 962   0.00339946 -0.0185962 852.579
16 963   0.00379099 -0.0169223 832.62
16 964   0.00125649 -0.0168654 900.853
16 965   0.00247772 -0.0164756 866.783
16 966   0.00128986 -0.0146339 885.521
16 967   0.00224943 -0.0151045 849.053
16 968   -0.000630068 -0.0154195 944.326
16 969   0.000361855 -0.015988 916.233
16 970   0.00062352 -0.0151275 909.677
16 971   -0.000979116 -0.0138505 965.771
16 972   -0.000689889 -0.0146075 951.523
16 973   -4.69159e-05 -0.0145105 930.336
16 974   -0.000546173 -0.0135901 958.874
16 975   -0.000126113 -0.0139168 937.262
16 976   0.000221277 -0.0136323 919.961
16 977   0.000693143 -0.0134869 896.377
16 978   -0.000397269 -0.0132046 958.805
16 979   4.86944e-05 -0.0132953 930.865
16 980   -0.000673437 -0.0127106 963.859
16 981   -0.00046436 -0.0129242 966.612
16 982   -0.000179434 -0.0127404 959.72
16 984   -0.000265249 -0.0125468 968.117
16 985   -0.000511774 -0.0125068 963.562
16 1139   -0.0386267 -0.0213939 822.02
16 1140   -0.0393526 -0.0200277 853.568
16 1141   -0.0401721 -0.0222452 961.608
16 1142   -0.040898 -0.020879 963.343
16 1167   -0.0370673 0.0218362 877.106
16 1168   -0.0410322 0.021835 966.869
16 1169   -0.0403511 0.0234396 966.127
16 1170   -0.0384035 0.024633 965.431
16 1171   -0.0368444 0.0240475 967.824
16 1172   -0.00616911 -0.0193192 848.316
16 1173   -0.00449581 -0.0191672 954.894
16 1174   -0.0042823 -0.0206685 962.958
16 1189   -0.00804283 -0.0218606 903.074
16 1190   -0.00639167 -0.0234318 968.121
16 1191   -0.00785433 -0.0236247 968.691
16 1192   -0.00668693 -0.020917 771.845
16 1193   -0.00586135 -0.0217026 919.09
16 1202   -0.00661321 0.0110014 798.638
16 1206   -0.0072044 0.0104233 886.731
16 1207   -0.0072044 0.01096 865.543
16 1212   -0.00806042 0.0218268 921.08
16 1213   -0.00789778 0.0235382 968.28
16 1214   -0.00645165 0.0233073 968.016
16 1216   0.00661321 -0.0110565 809.743
16 1218   0.0072044 -0.0104508 895.261
16 1219   0.0072044 -0.0110427 864.078
16 1222   -0.00458068 0.0192368 965.211
16 1223   -0.00438845 0.020622 966.952
16 1224   -0.00617958 0.0194026 935.946
16 1225   -0.00590603 0.0216435 952.079
16 1226   -0.00671041 0.0209033 842.869
16 1230   0.0072003 0.0121537 814.525
16 1231   0.0066009 0.0126837 845.484
16 1232   0.00594648 0.0124263 826.666
16 1233   0.00655409 0.0107317 823.999
16 1234   0.00696382 0.0115693 795.419
16 1235   0.00726352 0.0110682 781.651
16 1236   0.00702705 0.01072 786.518
16 1237   0.00634512 0.0111313 797.053
16 1238   0.00610044 0.0119476 797.628
16 1239   0.00651838 0.0116206 795.309
16 1240   0.00528098 0.0113347 697.16
16 1241   0.00571822 0.0117397 777.445
16 1242   0.00600416 0.0112189 781.326
16 1243   0.00579519 0.0115004 767.624
16 1244   0.00553121 0.0113486 735.914
16 1246   0.00562194 0.0111291 740.88
16 1247   0.00585842 0.0110052 782.638
16 1333   -0.0374911 -0.0216513 849.371
16 1334   -0.0367095 -0.0228769 958.586
16 1335   -0.0358567 -0.0206128 907.285
16 1336   -0.0350751 -0.0218384 964.313
16 1403   -0.0510348 0.0337472 670.958
16 1454   0.00531958 0.0125626 840.446
16 1455   0.00513006 0.0134548 909.458
16 1456   0.00453066 0.0135126 923.958
16 1457   0.00425956 0.0127993 892.668
16 1458   0.00388272 0.0127839 909.521
16 1459   0.00354554 0.012253 930.658
16 1460   0.00395967 0.0122241 888.213
16 1461   0.00383861 0.0124627 906.251
16 1463   0.00377946 0.0119961 940.265
16 1464   0.00355375 0.0120328 947.85
16 1467   -0.033492 0.021029 969.335
16 1468   -0.0356252 0.021029 937.213
16 1473   -0.0386394 0.0165022 967.949
16 1476   -0.0406411 0.0185133 965.147
16 1477   -0.039209 0.0176699 959.697
16 1478   -0.0380697 0.0186678 926.985
16 1479   -0.0398772 0.0203183 917.185
16 1480   -0.0384451 0.0203084 745.346
16 1518   -0.0386078 -0.018839 890.834
16 1520   -0.0398259 -0.0169111 966.721
16 1521   -0.0387181 -0.0155721 969.388
16 1524   -0.0109259 -0.0209785 969.335
16 1525   -0.00906667 -0.0209785 937.727
16 1528   -0.00395963 -0.012204 917.612
16 1529   -0.0041321 -0.0125306 908.721
16 1530   -0.0043965 -0.0124225 877.664
16 1531   -0.00440319 -0.0119186 806.783
16 1532   -0.00412319 -0.0120501 859.711
16 1533   -0.00432488 -0.0121418 851.046
16 1536   -0.00427539 -0.0117882 790.221
16 1537   -0.00412759 -0.0118657 814.761
16 1542   -0.0405623 -0.0310369 864.947
16 1543   -0.0390467 -0.033679 863.241
16 1552   0.00498272 0.012245 813.804
16 1553   0.00426633 0.0121699 831.388
16 1554   0.00452211 0.0124238 847.237
16 1555   0.0052274 0.0119008 778.216
16 1556   0.00505415 0.0116475 745.951
16 1557   0.00479017 0.0116138 733.544
16 1559   0.00431721 0.0118616 777.279
16 1560   0.00455369 0.0117377 758.518
16 1578   -0.0109435 0.0209711 969.131
16 1579   -0.00907567 0.0209711 948.878
16 1601   0.00615043 -0.0135875 780.322
16 1602   0.00485659 -0.0136207 752.327
16 1603   0.00437685 -0.012741 720.988
16 1604   0.00626189 -0.0118061 782.995
16 1605   0.00685308 -0.0126802 799.222
16 1607   0.00478391 -0.0119886 720.928
16 1608   0.0053751 -0.0116789 741.186
16 1609   0.00345626 -0.0128083 710.177
16 1610   0.00280929 -0.0134692 745.147
16 1611   0.0020001 -0.0132874 771.458
16 1612   0.00198826 -0.0127333 736.53
16 1614   0.00323831 -0.0122642 695.814
16 1615   0.0025795 -0.0123711 704.532
16 1631   0.000679903 -0.0236716 870.962
16 1632   0.00401052 -0.0279247 706.279
16 1633   0.000661676 -0.0271763 787.06
16 1634   0.00402875 -0.0218651 809.823
16 1635   0.00582558 -0.0240295 744.807
16 1658   -0.0499779 0.00574034 957.64
16 1659   -0.0499779 0.0107437 951.797
16 1675   0.000971596 -0.0127589 826.051
16 1676   0.00080323 -0.0130869 879.244
16 1677   0.000368811 -0.0130586 908.526
16 1678   0.000207773 -0.0127841 918.088
16 1681   0.000739327 -0.0125303 829.204
16 1682   0.000409923 -0.0125838 882.432
16 1685   0.00568494 -0.0323195 674.633
16 1686   0.00568494 -0.0296391 685.82
16 1704   -0.0314883 0.033529 927.192
16 1705   -0.0281028 0.031029 940.778
16 1706   -0.0295287 0.0280869 947.653
16 1707   -0.0347956 0.0322113 915.329
16 1708   -0.0333315 0.0277982 947.142
16 1709   -0.0352131 0.0294225 928.697
16 1720   -0.0399779 0.0107172 965.125
16 1721   -0.0399779 0.00566091 962.541
16 1746   0.00568332 0.0319743 678.328
16 1747   0.00568332 0.0289486 700.152
16 1758   -0.0492247 0.0260067 785.51
16 1759   -0.0434807 0.0258118 904.459
16 1760   -0.0459494 0.02453 890.648
16 1761   -0.0491201 0.0311767 689.948
16 1762   -0.0505853 0.0286711 708.166
16 1763   -0.0461898 0.0324295 704.387
16 1764   -0.0438256 0.029794 810.486
16 1824   -0.0315138 -0.0337256 925.993
16 1825   -0.0296073 -0.0286769 944.988
16 1826   -0.0281277 -0.0312256 939.734
16 1827   -0.0337513 -0.0298558 930.583
16 1828   -0.0346741 -0.0324046 914.602
16 1879   -0.0511394 0.0177494 918.347
16 1880   -0.0457964 0.0167981 948.513
16 1881   -0.0485177 0.0154604 941.012
16 1882   -0.0497787 0.0204988 902.552
16 1883   -0.0470574 0.0197559 923.474
16 1884   -0.0348112 -0.0260814 957.66
16 1885   -0.0381487 -0.0284415 920.582
16 1886   -0.0357103 -0.0285348 932.791
16 1887   -0.0384132 -0.025801 952.851
16 1888   -0.0367563 -0.0246687 967.043
16 1899   0.000480998 0.0156754 961.369
16 1900   9.53465e-05 0.0164318 955.034
16 1901   -0.000893136 0.0158523 946.175
16 1902   -0.000374279 0.0142337 956.216
16 1903   -0.000197187 0.0150605 957.399
16 1904   -0.000817783 0.0151313 946.374
16 1905   -0.00171848 0.0141867 917.704
16 1906   -0.000869536 0.0140448 943.718
16 1907   -0.00112021 0.0145641 938.331
16 1908   -0.00196034 0.0130938 891.514
16 1909   -0.00119848 0.0136141 927.754
16 1910   -0.00173712 0.0137206 911.441
16 1912   -0.000801029 0.0126805 931.838
16 1915   -0.00118839 0.0130252 917.864
16 1916   -0.00153695 0.0126581 895.273
16 1917   -0.0511078 -0.0172585 920.591
16 1918   -0.0483233 -0.0182698 926.537
16 1919   -0.0499362 -0.0144776 939.898
16 1920   -0.0473725 -0.0139552 948.989
16 1921   -0.0457595 -0.0159946 950.726
16 1946   -0.00688793 -0.015329 922.107
16 1947   -0.00688793 -0.0141989 896.889
16 2000   0.000833107 0.012483 796.872
16 2001   0.000963424 0.0124619 775.598
16 2074   -0.00628617 0.0135661 845.893
16 2075   -0.00513338 0.0138752 833.122
16 2076   -0.00456316 0.0129363 755.701
16 2077   -0.00689833 0.0125444 836.151
16 2078   -0.00630713 0.0117806 785.962
16 2081   -0.00542035 0.0117085 727.059
16 2082   -0.00482915 0.0120182 711.779
16 2083   0.00665607 0.0151336 966.692
16 2086   0.0069006 0.0134462 896.112
16 2087   0.00605667 0.0140809 938.192
52 233   -0.00478869 0.00121873 895.801
52 234   0.00156783 -0.00216191 907.972
52 235   -0.00466279 -0.00109848 901.739
52 236   -0.00273228 0.00239244 904.217
52 237   -0.000560691 -0.00106012 910.266
52 238   -0.00247461 -0.00456789 927.23
52 239   -0.000642104 0.00125142 909.546
52 240   -0.00252496 -0.00223631 911.918
52 241   0.00336594 0.00143605 907.15
52 242   0.00130777 0.002447 913.442
52 243   -0.00274216 0.00461351 904.617
52 244   0.00494499 0.00478164 921.381
52 245   -0.00634219 -0.00223146 895
52 246   -0.0062613 -0.00444417 908.636
52 247   0.00505487 0.00260648 905.006
52 248   0.00701936 -0.000565499 878.046
52 249   0.00656429 0.00542285 915.491
52 250   -0.00800317 -0.00161735 861.977
52 251   -0.00774692 -0.00501021 896.795
52 252   0.0065756 0.00201071 890.517
52 253   0.00931397 0.00474131 829.19
52 254   0.00787412 0.0042299 884.962
52 255   0.00718125 0.000867731 877.415
52 256   0.00777554 0.00299291 873.978
52 257   0.00182422 0.00885161 968.397
52 258   -0.00898363 -0.00274012 824.448
52 259   -0.0107252 -0.00373866 753.43
52 260   -0.00880827 -0.00392027 850
52 261   -0.00985225 -0.00453978 796.092
52 262   -0.00979725 -0.00570101 829.929
52 263   0.00872137 0.00234561 830.644
52 264   0.00846986 0.00127424 841.78
52 265   0.00942566 0.000111279 842.531
52 266   0.0101017 0.00408434 773.218
52 267   -0.0100008 -0.000562524 789.18
52 268   0.0092101 0.000893956 809.782
52 269   0.00957255 0.00259694 781.503
52 270   0.00199617 0.0100244 953.723
52 271   -0.00993011 -0.00238113 762.291
52 272   0.0108751 0.00400244 751.88
52 273   -0.00239217 -0.0108587 938.759
52 274   -0.0106277 -0.00276016 733.925
52 275   -0.00305332 -0.0108677 966.701
52 276   0.0103244 0.000167284 774.211
52 277   0.00993519 0.00322507 770.484
52 278   0.0100322 0.00199421 747.39
52 279   0.0099213 0.00136259 756.407
52 280   -0.0102396 -0.00130196 739.979
52 281   0.0107086 0.00314317 736.574
52 282   0.010953 0.00266481 718.075
52 283   0.001292 0.0103031 925.284
52 284   -0.0102233 -0.00179371 738.764
52 285   0.0106393 0.00214398 716.679
52 286   -0.0104481 -0.00011178 768.996
52 287   0.0105829 0.000737962 725.079
52 288   0.00198336 0.011246 876.548
52 289   0.0103954 0.00115059 727.261
52 290   -0.00227131 -0.0114555 910
52 291   0.00129988 0.0108239 871.799
52 292   -0.0110743 -0.00232508 710.094
52 293   -0.0109106 -0.000574267 716.355
52 294   -0.0108134 -0.00120074 707.603
52 295   0.0108951 0.00178131 703.387
52 296   0.0113808 0.00261324 708.407
52 297   -0.0107935 -0.00196547 711.314
52 298   0.000971461 0.0110509 828.613
52 299   -0.0110371 -0.000923798 702.196
52 300   -0.0114726 -0.00225076 700.461
52 301   0.0015861 0.0111113 843.242
52 302   0.0107621 0.00141955 705.948
52 303   0.0109949 0.000862343 702.126
52 304   -0.00182771 -0.0115822 812.946
52 305   0.0114987 0.00220207 697.088
52 306   -0.011059 -0.00149425 697.902
52 307   -0.0110554 -0.00176723 700.422
52 308   0.0112396 0.00180234 693.604
52 309   0.0112397 0.000794977 695.376
52 310   -0.011397 -0.00191396 693.886
52 311   0.011459 0.00194819 691.596
52 312   0.0110196 0.00123878 697.051
52 313   0.00204497 0.011597 853.692
52 314   -0.0113537 -0.00105519 689.357
52 315   0.00146495 0.0114049 779.718
52 316   0.00106223 0.0113606 775.626
52 317   -0.0115516 -0.00177744 687.619
52 318   0.011234 0.00134732 689.628
52 319   -0.0113286 -0.00143453 688.416
52 320   0.0116872 0.00176725 683.605
52 321   0.0114177 0.00106808 685.394
52 322   0.0113211 0.00154911 688.027
52 323   0.00126949 0.0114272 760.465
52 324   -0.0115309 -0.00100937 684.62
52 325   -0.0113997 -0.00127242 685.722
52 326   -0.0117257 -0.0017696 684.202
52 327   0.0113874 0.00124398 684.725
52 328   0.0116524 0.00159477 680.033
52 329   0.000994954 0.0115201 734.845
52 330   -0.0114796 -0.00157098 685.081
52 331   0.0115056 0.00152249 682.386
52 332   0.0115267 0.00136192 680.341
52 333   -0.0116155 -0.00150437 680.167
52 334   -0.00147499 -0.0118041 519.883
52 335   0.00126416 0.0115964 686.336
52 336   -0.0117252 -0.00157906 679.097
52 337   0.0117633 0.00149955 675.731
52 338   0.0116363 0.00132661 676.854
52 339   -0.0115632 -0.00130306 680.174
52 340   0.00115583 0.0116287 659.037
52 341   0.0116785 0.0012282 675.873
52 342   -0.0116498 -0.00116751 678.457
52 343   -0.011628 -0.00139855 678.391
52 344   0.00118363 0.011738 514.654
52 345   0.0117262 0.00139195 674.582
52 346   -0.0116361 -0.00124398 677.954
52 347   -0.0117212 -0.00137388 675.199
52 348   -0.00138674 -0.0118088 384.729
52 349   -0.0117502 -0.00118293 675.33
52 350   0.0118465 0.00150338 674.382
52 351   -0.0117225 -0.00129888 674.875
52 352   -0.0117768 -0.00128445 673.12
52 353   0.0118698 0.00142213 671.842
52 354   0.00128282 0.0118612 155.558
52 355   -0.0117909 -0.00124497 673.095
52 356   -0.0118235 -0.00131469 671.446
52 357   -0.0118458 -0.00126065 671.225
52 358   -0.00138094 -0.0118872 140.927
52 359   -0.0118583 -0.00129596 670.326
52 360   -0.0119255 -0.00131343 667.924
52 371   -0.00384236 -0.00569342 938.739
52 372   -0.00522074 -0.00559213 930.771
52 373   -0.0055964 -0.00710678 952.07
52 374   -0.00642046 -0.00758231 955.334
52 375   -0.00772825 -0.00858558 954.995
52 420   -0.00413158 0.0057353 893.194
52 435   -0.0065707 0.00188454 881.883
52 436   -0.00802908 0.00334116 842.712
52 437   -0.00660464 0.00316152 875.921
52 438   -0.00806161 0.00451734 829.939
52 442   0.00950825 0.00587222 852.128
52 443   0.00873141 0.006968 906.776
52 449   0.00057235 0.0108785 860.021
52 450   0.000730683 0.0102972 921.551
52 557   0.0117954 0.00135589 672.2
52 558   0.0118559 0.00138223 671.033
52 559   0.0118801 0.00135429 669.883
52 599   -0.00132524 -0.0119221 3.76232
52 600   -0.00131562 -0.0119249 2.76181
52 606   0.00778516 0.00727296 925.594
52 607   0.00666948 0.00678712 935.927
52 608   0.0076535 0.00843657 953.978
52 609   0.000920275 0.00418178 921.022
52 610   -0.00103948 0.00520727 916.245
52 611   0.00351976 0.00536571 935.051
52 612   0.0012427 0.00598367 939.309
52 613   0.001896 0.00480871 928.576
52 614   0.00247197 0.00800808 965.044
52 615   0.00221685 0.00656577 949.183
52 616   0.00351607 0.00651557 949.985
52 617   0.00341246 0.00841039 968.079
52 618   0.00412991 0.00750536 961.583
52 619   0.00488406 0.00814365 967.461
52 620   0.00580062 0.00793406 964.501
52 621   0.00710064 0.00850932 967.228
52 622   0.00636344 0.00849265 968.516
52 623   0.00724756 0.00904355 964.438
52 624   0.00697362 0.00923776 934.363
52 632   -0.00527685 -0.00885677 966.657
52 633   -0.00633114 -0.00831374 967.837
52 634   -0.00588279 -0.00872423 967.244
52 635   -0.00680552 -0.00865491 969.152
52 636   -0.00723764 -0.00873835 968.866
52 637   -0.00673892 -0.0091381 949.797
52 638   -0.00730831 -0.0091243 962.106
52 639   -0.00703377 -0.00931879 927.539
52 642   -0.00352883 -0.00725872 958.69
52 643   -0.00455353 -0.00840273 968.897
52 644   -0.00455959 -0.00758941 962.224
52 645   -0.00323692 -0.0102363 967.424
52 646   -0.00385524 -0.00895163 969.285
52 647   -0.00387012 -0.0103282 963.498
52 648   -0.00412869 -0.00965862 962.712
52 650   0.0045776 0.00892785 968.389
52 651   0.00375562 0.00916949 968.957
52 652   0.00373326 0.00980863 964.647
52 653   0.00408357 0.0108494 966.882
52 660   0.00248869 0.0103704 951.62
52 661   0.00231392 0.0109897 929.651
52 662   0.00323488 0.0102391 964.924
52 663   0.00349663 0.0107331 968.754
52 664   0.00320375 0.0111032 968.618
52 665   0.00276723 0.0112284 961.951
52 670   0.00499854 0.00943838 949.572
52 672   0.00565119 0.0102248 822.589
52 673   0.00537725 0.010419 793.333
52 680   -0.00890508 -0.00621446 890.571
52 681   -0.00789873 -0.00614317 907.435
52 682   -0.00788861 -0.00780635 931.978
52 683   -0.00727126 -0.00718597 934.998
52 685   -0.00895459 -0.00707691 905.063
52 686   -0.0085656 -0.007626 918.382
52 714   -0.00104363 0.00634694 921.516
52 715   0.000262822 0.00649642 938.66
52 716   -0.00164751 0.00731162 918.972
52 717   0.000779168 0.00858474 966.713
52 718   -0.000234337 0.00986722 936.315
52 719   0.000389799 0.00975164 954.222
52 720   0.000124079 0.00769157 951.673
52 721   -0.000804347 0.00804904 942.382
52 723   -0.00180442 0.00918734 914.657
52 724   -0.000757917 0.00956215 964.914
52 725   -0.00106407 0.00898561 945.644
52 726   0.00660502 0.00922943 938.166
52 727   0.00614176 0.00901855 960.47
52 728   0.00564116 0.00942299 934.441
52 729   0.00583048 0.00982808 876.825
52 732   0.00647302 0.0096422 882.997
52 733   0.00619908 0.00983641 862.559
52 780   -0.00431695 -0.0107794 956.999
52 781   -0.00408045 -0.010847 966.767
52 909   9.60331e-05 -0.010102 930.024
52 910   -0.000613953 -0.0102239 927.235
52 911   -0.000277257 -0.0102792 922.741
52 912   -0.000259415 -0.01067 892.337
52 988   0.00177955 0.0116117 791.757
52 989   0.00173505 0.0117474 759.43
52 990   0.00159678 0.0115543 761.932
52 991   0.00152947 0.0116437 716.048
52 992   0.001598 0.0117338 695.582
52 993   0.00148241 0.0117578 582.353
52 994   0.00154497 0.011837 553.052
52 995   0.00155029 0.0117826 617.548
52 996   0.00146436 0.0118026 499.77
52 997   0.00147333 0.0118708 379.946
52 998   0.00150411 0.0118355 494.204
52 999   0.00142777 0.0118174 432.783
52 1000   0.00143939 0.0118584 352.615
52 1005   0.0119044 0.00135776 669.486
52 1014   -0.0118066 -0.00154255 676.7
52 1018   -0.011771 -0.00141378 674.233
52 1019   -0.0118563 -0.00146493 673.638
52 1020   -0.0117978 -0.00147749 675.061
52 1021   -0.0118466 -0.00141629 672.395
52 1022   -0.0118285 -0.00134978 671.488
52 1023   -0.0118097 -0.00138826 672.674
52 1024   -0.0118934 -0.00138987 670.785
52 1025   -0.0118685 -0.00139466 671.367
52 1026   -0.011858 -0.00136246 670.8
52 1027   -0.0118907 -0.00136489 670.049
52 1028   -0.0118752 -0.00135044 670.061
52 1029   -0.0119057 -0.00135362 669.431
52 1030   0.0119034 0.0013394 668.979
52 1031   0.00134691 0.0116523 646.756
52 1032   0.00143902 0.0116541 674.955
52 1033   0.00143968 0.0117194 605.442
52 1034   0.00132404 0.0117059 576.19
52 1035   0.00137109 0.0117293 554.877
52 1036   0.00125323 0.0117755 440.268
52 1037   0.00128498 0.0117431 509.881
52 1038   0.00127515 0.0118214 331.009
52 1039   0.00134709 0.0117674 477.19
52 1040   0.00130609 0.0118062 372.291
52 1041   0.0013077 0.0117719 455.922
52 1042   0.00133622 0.0118146 358.301
52 1043   0.0013915 0.0118071 417.632
52 1044   0.00136136 0.011792 431.533
52 1045   0.00135296 0.0118386 288.498
52 1046   0.0013839 0.0118365 332.389
52 1047   0.00139304 0.01189 161.474
52 1048   0.00140478 0.0118645 281.043
52 1049   0.00131844 0.0118773 104.446
52 1050   0.00134256 0.0118625 198.83
52 1051   0.00136176 0.0118859 122.18
52 1053   0.00135465 0.011905 45.3693
52 1054   0.001322 0.0118987 32.7747
52 1055   0.00133519 0.0119171 8.30233
52 1056   0.00133901 0.0119029 33.1478
52 1057   0.00131928 0.0119244 3.52421
52 1060   0.00131369 0.0119098 9.95005
52 1061   0.00132193 0.0119166 6.36653
52 1076   -0.00271249 -0.00782294 963.956
52 1077   -0.00268521 -0.00931769 968.963
52 1078   -0.00304496 -0.00870253 969.192
52 1079   -0.00146803 -0.00890857 969.498
52 1080   -0.00204571 -0.00925926 968.714
52 1081   -0.000975071 -0.00985036 952.392
52 1082   -0.000879001 -0.00932909 968.022
52 1083   -0.0019843 -0.0104295 935.766
52 1084   -0.00143226 -0.00999805 947.873
52 1085   -0.00191387 -0.00982748 960.068
52 1086   -0.00137109 -0.010472 915.246
52 1087   -0.00163429 -0.0107282 897.696
52 1088   -0.00154867 -0.0110888 845.712
52 1089   -0.00148728 -0.0115911 717.422
52 1090   -0.00162214 -0.0114314 792.831
52 1091   -0.00128877 -0.0113545 781.87
52 1092   -0.00136996 -0.0114756 759.544
52 1093   -0.00113021 -0.0107515 878.097
52 1094   -0.00120094 -0.0111934 808.951
52 1095   -0.00128539 -0.0110269 841.051
52 1099   -0.000914395 -0.0107343 878.329
52 1100   -0.000746124 -0.0105678 898.067
52 1101   -0.000436893 -0.010749 881.72
52 1102   -0.000586905 -0.0107022 884.211
52 1103   -0.000473487 -0.0109816 853.637
52 1104   -0.000806412 -0.0109199 854.326
52 1105   -0.00064727 -0.0108601 865.046
52 1106   -0.000599728 -0.0110094 846.222
52 1107   -0.00072941 -0.0112371 806.983
52 1108   -0.000693032 -0.0111023 829.695
52 1109   -0.000824709 -0.0110362 836.699
52 1110   -0.000851785 -0.0112378 802.848
52 1111   -0.00103639 -0.011179 810.328
52 1112   -0.000923313 -0.0111115 823.032
52 1113   -0.00102604 -0.0113055 787.27
52 1114   -0.000907282 -0.0113313 785.001
52 1115   -0.000905205 -0.0114509 762.58
52 1116   -0.00101548 -0.0114685 754.977
52 1117   -0.00117226 -0.0114171 766.436
52 1118   -0.00107409 -0.0113826 773.106
52 1119   -0.00107874 -0.011639 662.014
52 1120   -0.00106929 -0.0115368 729.96
52 1121   -0.00116849 -0.0115115 739.363
52 1122   -0.00117607 -0.0116608 630.778
52 1123   -0.00130065 -0.0116026 685.785
52 1124   -0.0012157 -0.0115759 706.782
52 1125   -0.0013452 -0.0117592 488.724
52 1126   -0.00131424 -0.0116863 591.665
52 1127   -0.00123402 -0.0117107 558.834
52 1129   -0.0012163 -0.0117684 469.926
52 1132   -0.00131161 -0.011803 379.68
52 1133   -0.00126294 -0.0117878 424.205
52 1134   -0.00124976 -0.0118291 305.76
52 1135   -0.00128411 -0.0118467 236.873
52 1136   -0.00131276 -0.0118419 255.567
52 1138   -0.0012862 -0.011876 102.511
52 1265   0.00429128 0.00993094 952
52 1266   0.00473458 0.00980233 936.463
52 1267   0.00506094 0.0102808 854.643
52 1268   0.00481006 0.0104969 868.927
52 1269   0.00440907 0.0103258 936.591
52 1270   0.00435061 0.0106294 944.47
52 1271   0.00463269 0.0108345 907.603
52 1272   0.00487049 0.0107663 827.3
52 1304   -0.00463617 -0.00974089 946.365
52 1305   -0.00508605 -0.00948793 945.734
52 1306   -0.00453043 -0.0105737 921.481
52 1307   -0.00470933 -0.0101709 917.193
52 1310   -0.00493123 -0.0107487 815.204
52 1311   -0.00469473 -0.0108162 891.625
52 1352   0.00269377 -0.00900761 887.58
52 1353   0.00211241 -0.00915194 905.8
52 1354   0.00199659 -0.00391219 907.807
52 1355   0.00395197 -0.00449731 896.374
52 1356   0.0041675 -0.00575599 892.711
52 1357   0.00240089 -0.00736311 907.06
52 1358   0.00337926 -0.00636653 898.597
52 1359   0.00248324 -0.00634773 906.734
52 1360   0.00302813 -0.00772716 897.656
52 1361   0.00366625 -0.00735052 892.224
52 1362   0.0030959 -0.00850863 884.672
52 1363   0.00364447 -0.00883189 844.006
52 1365   0.00418154 -0.00858945 872.345
52 1366   0.0049431 -0.00790365 881.116
52 1367   0.00427109 -0.00788955 882.483
52 1368   -0.00365008 0.0071842 893.565
52 1369   -0.00358443 0.00878914 848.715
52 1370   -0.00254001 0.00763429 905.157
52 1371   -0.00243719 0.00857343 901.766
52 1372   -0.00300307 0.00893347 875.049
52 1373   -0.00498743 0.00766689 879.23
52 1374   -0.00425538 0.00761003 883.855
52 1375   -0.00400186 0.00834799 870.592
52 1378   -0.00498031 0.00823457 881.595
52 1379   -0.00448752 0.00857512 881.125
52 1431   -0.00112067 -0.00575689 937.058
52 1432   0.00133639 -0.00633329 920.057
52 1433   0.00061726 -0.00514703 919.64
52 1434   -0.00107621 -0.00809245 963.112
52 1435   -0.00167207 -0.00744664 958.106
52 1436   0.000595242 -0.0072711 936.715
52 1437   -0.000206582 -0.00790682 955.404
52 1438   0.0014864 -0.00860677 927.038
52 1439   0.00155198 -0.00767157 921.77
52 1440   0.000256319 -0.00920752 963.502
52 1441   -0.000189249 -0.00883588 966.855
52 1544   -0.00574109 -0.0098982 871.614
52 1545   -0.00540894 -0.00975747 909.067
52 1546   -0.00510034 -0.0101148 885.696
52 1549   -0.00571103 -0.0102626 814.199
52 1550   -0.00529522 -0.0103528 826.299
52 1551   -0.00518675 -0.0106176 778.126
52 1564   0.00101759 -0.00918262 948.851
52 1565   0.000726914 -0.00925479 962.223
52 1580   -0.00591504 0.00426436 879.346
52 1581   -0.0052141 0.00528289 883.642
52 1582   -0.00699892 0.00493678 860.003
52 1583   -0.00703004 0.00601217 853.18
52 1584   -0.00548021 0.00732634 871.658
52 1585   -0.00559141 0.00641967 872.493
52 1586   -0.00632346 0.00647652 846.348
52 1589   -0.00645865 0.00721292 830.41
52 1590   -0.00596587 0.00755347 858.232
52 1636   0.00383317 -0.000237834 901.48
52 1637   0.00325602 -0.0014848 902.25
52 1638   0.00578235 -0.00109982 888.748
52 1639   0.0048823 -0.00374319 890.159
52 1640   0.00579529 -0.00221261 886.027
52 1641   0.00461511 -0.00248096 894.361
52 1642   0.00637469 -0.00302128 877.716
52 1643   0.00575028 -0.00392838 881.542
52 1644   0.00784916 -0.00450043 834.17
52 1645   0.00757725 -0.00344738 847.897
52 1646   0.00616412 -0.00477428 872.613
52 1647   0.00706045 -0.00492024 858.388
52 1650   0.00747429 -0.00576613 851.895
52 1651   0.00713374 -0.00625891 850.788
52 1668   -0.00134422 -0.011908 22.225
52 1669   -0.00133288 -0.0118685 162.1
52 1670   -0.00135293 -0.011885 96.9555
52 1671   -0.00135384 -0.0119052 41.1651
52 1672   -0.001332 -0.0119099 10.7285
52 1673   -0.0013129 -0.011882 88.6566
52 1674   -0.00131591 -0.0119018 17.1381
52 1696   0.00864625 -0.00297275 840.441
52 1697   0.00837918 -0.00152302 865.37
52 1698   0.00928031 -0.00092058 875.911
52 1750   0.00523427 -0.00738342 876.51
52 1751   0.00517128 -0.00640413 879.516
52 1752   0.00595968 -0.00585717 869.317
52 1753   0.00651545 -0.00649591 842.663
52 1756   0.00637667 -0.00723194 834.071
52 1757   0.00588389 -0.0075725 861.981
52 1852   -0.00888563 0.00284962 848.029
52 2004   -0.0061078 -0.00926527 942.6
52 2005   -0.00648956 -0.00933797 928.113
52 2006   -0.00599083 -0.00973771 886.631
52 2008   -0.00650986 -0.00971316 874.406
52 2009   -0.00623532 -0.00990766 854.679
52 2093   -0.00928494 -0.000195824 848.706
52 2094   -0.00825011 -0.000399903 858.111
52 2095   -0.00776638 0.00079943 873.505
52 2096   -0.00931862 0.00110555 882.127
52 2097   -0.00865688 0.00158487 871.091
52 2122   -0.0118823 -0.00130995 669.426
52 2123   -0.0119014 -0.00130623 668.749
52 2124   -0.0118817 -0.00133174 669.527
52 2125   -0.011904 -0.00134103 669.059
52 2126   -0.0118955 -0.00133359 669.099
52 2127   -0.0119069 -0.00132265 668.505
52 2128   -0.0119235 -0.00132049 668.034
52 2129   -0.0119167 -0.00132565 668.316
52 2130   -0.0119156 -0.00133494 668.644
52 2158   0.0115536 0.00104206 681.955
52 2159   0.0116447 0.00113316 678.032
52 2170   0.0117707 0.00122534 673.3
52 2173   0.0118019 0.00130945 671.709
52 2174   0.0117936 0.00126593 672.181
52 2175   0.0118431 0.00125412 670.915
52 2176   0.0118633 0.00132831 669.872
52 2177   0.0118455 0.00130981 670.347
52 2178   0.0118561 0.00128513 670.147
52 2179   0.0118753 0.00131407 669.428
52 2180   0.0118868 0.00128919 669.231
52 2181   0.0118723 0.00129265 669.609
52 2182   0.0118952 0.00132636 668.894
52 2183   0.0118868 0.00131701 669.073
52 2184   0.0118924 0.0013043 668.903
52 2185   0.0119015 0.00131903 668.618
52 2186   0.0119078 0.0013059 668.426
52 2187   0.0119004 0.00130795 668.641
52 2188   0.0119147 0.0013244 668.297
52 2189   0.0119105 0.00131361 668.295
52 2190   0.0119073 0.00132034 668.445
52 2191   0.011926 0.00132085 667.898
52 2194   0.0119164 0.00131477 668.107
52 2195   0.01192 0.00131986 668.047
52 2197   0.0119184 0.00133113 668.45
52 2198   0.0119156 0.00134113 668.817
end
