901
16 254   -0.0449783 0.00325772 953.273
16 255   -0.0451577 -0.00292415 953.192
16 256   -0.0477775 -0.0217781 890.734
16 257   -0.0411403 -0.00644865 955.76
16 258   -0.00182446 0.0290458 827.692
16 259   -0.0434942 -0.0296599 800.33
16 260   -0.0384825 -0.00713881 958.313
16 261   -0.000820572 0.0243728 897.408
16 262   0.00187917 0.0225756 895.235
16 263   -0.00107053 -0.0213981 911.196
16 264   0.00451709 0.0225837 876.63
16 265   0.00412585 -0.0184049 807.863
16 266   -0.00029829 -0.0188144 912.867
16 267   0.00153735 -0.0178563 876.742
16 268   0.00100881 -0.0158943 883.888
16 269   -0.00184685 -0.0174697 947.245
16 270   -0.00339985 -0.0174515 967.648
16 271   0.00338692 -0.0147237 762.574
16 272   0.00190959 -0.0148739 814.262
16 273   0.0037561 -0.0132383 720.189
16 274   -0.00602899 -0.0158691 945.565
16 275   -0.00148504 -0.0159111 946.253
16 276   0.00306733 0.0156436 966.755
16 277   -0.000465015 -0.0152938 920.315
16 278   -0.00261078 -0.0151221 967.243
16 279   0.00417658 0.0139817 949.099
16 280   0.00320894 0.0144232 966.23
16 281   -0.00259252 -0.0141045 968.961
16 282   -0.000630467 -0.014116 929.773
16 283   0.00395308 0.0131692 913.809
16 284   -0.00322032 -0.0135571 953.426
16 285   0.00417763 0.0126052 885.717
16 286   -0.00193744 -0.0135764 968.395
16 287   0.00256134 0.0138888 956.131
16 288   -0.0013385 -0.0135824 961.153
16 289   0.0018686 0.0138957 966.134
16 290   0.00313641 0.012928 892.431
16 291   0.00271231 0.0132061 908.769
16 292   -0.00217593 -0.0129155 942.543
16 293   -0.00293254 -0.0129138 929.864
16 294   0.00227 0.012914 872.206
16 295   -0.00254323 -0.0128003 914.196
16 296   0.00363874 0.0121142 942.794
16 310   -0.0443159 -0.0225097 917.873
16 311   -0.042963 -0.0254775 902.744
16 320   -0.00994122 -0.0304275 907.63
16 321   -0.00730311 -0.0334758 860.015
16 322   -0.00853931 -0.0271718 922.752
16 323   -0.00562884 -0.0267569 910.709
16 339   -0.0511396 0.0239921 804.769
16 340   -0.0451446 0.0217755 917.22
16 341   -0.0410086 0.0310474 839.809
16 342   -0.039197 0.0336825 842.212
16 343   -0.0387216 0.028259 910.502
16 354   -0.0328797 -0.023077 963.233
16 364   -0.00503916 0.0303795 872.14
16 365   -0.00740657 0.0334598 876.836
16 366   -0.0101712 0.0304765 911.35
16 367   -0.00652899 0.0273476 912.955
16 368   -0.00907858 0.0274446 923.443
16 373   0.00534487 0.0114609 740.914
16 379   -0.00342831 -0.0220348 949.167
16 380   -0.00485707 -0.0240495 943.487
16 390   0.00120082 0.014399 967.138
16 391   0.00175195 0.0156125 961.458
16 392   0.000779183 0.0161033 949.999
16 393   0.00110993 0.0175055 942.45
16 394   0.00161176 0.0201482 919.536
16 395   0.00270113 0.0188918 931.116
16 396   7.57489e-05 0.0195573 928.34
16 397   -3.46225e-05 0.0179664 935.621
16 398   -0.00348672 0.0167098 918.084
16 399   -0.00125261 0.0173197 932.837
16 400   -0.00272686 0.0146974 894.567
16 401   -0.00183433 0.0163011 922.895
16 402   -0.0028874 0.0158546 909.07
16 403   -0.00177491 0.0148125 909.364
16 404   -0.00137251 0.0156537 922.96
16 405   -0.000521672 0.0154374 936.143
16 406   -0.000560715 0.014797 934.498
16 407   -0.00128741 0.0143953 913.583
16 408   -0.000154815 0.0143687 945.041
16 409   0.00053284 0.0141301 961.788
16 410   0.00163367 0.0126095 853.704
16 411   0.00185563 0.0129875 902.475
16 412   0.0016052 0.0132866 948.712
16 413   0.000656984 0.013512 967.871
16 414   0.00046108 0.0126362 967.179
16 415   0.00106157 0.0131718 964.531
16 416   0.000922161 0.0127724 953.97
16 418   0.00111338 0.0125303 916.237
16 419   0.00137429 0.012488 869.059
16 420   -0.047357 0.0130559 941.812
16 421   -0.042357 0.0130559 958.716
16 422   -0.0432975 0.0168079 956.99
16 423   -0.0410183 0.0154683 965.265
16 430   -0.0242304 -0.0325 929.794
16 431   -0.0296791 -0.0245514 951.793
16 432   -0.0263208 -0.0225 950.349
16 433   -0.0208941 -0.0297258 933.125
16 434   -0.0220755 -0.0247258 943.025
16 435   -0.01361 -0.0291775 923.978
16 436   -0.0161415 -0.0322258 921.016
16 437   -0.0142258 -0.0241775 949.203
16 438   -0.0163635 -0.0222258 949.526
16 439   -0.0195138 -0.0222258 946.191
16 444   0.0027887 -0.012612 702.549
16 445   0.00136729 -0.0138186 801.092
16 446   0.00187723 -0.0130421 724.805
16 448   0.00139435 -0.012556 716.269
16 466   -0.00192925 -0.0126612 920.455
16 467   -0.00179584 -0.0123219 847.728
16 468   -0.00207867 -0.0124773 861.069
16 469   -0.00196806 -0.0123611 829.823
16 470   -0.00206406 -0.0122321 774.285
16 471   -0.00216195 -0.0122162 764.036
16 484   -0.0501577 -0.00542441 949.858
16 487   -0.0489866 -0.00938664 946.391
16 488   -0.0513289 -0.0114622 939.464
16 489   -0.0435766 -0.0109113 954.326
16 490   -0.0464229 -0.011349 947.49
16 491   -0.042137 -0.0127181 958.354
16 492   -0.0433694 -0.015194 955.689
16 493   -0.0397007 -0.0118703 961.743
16 494   -0.0387182 -0.0133458 965.098
16 589   0.00690881 -0.0110185 832.879
16 590   -0.0402552 -0.0240408 954.502
16 592   0.00692146 0.0185712 933.735
16 593   0.00576437 0.0199104 913.424
16 594   0.00421582 0.0186459 933.758
16 595   0.00607788 0.0171264 956.625
16 596   0.00399927 0.0162886 963.752
16 597   0.00452933 0.0174137 951.579
16 598   0.00502921 0.0144049 958.362
16 599   0.00499352 0.0154913 969.08
16 600   0.0069457 0.0152756 968.789
16 601   0.00610212 0.0159469 967.927
16 602   0.00586067 0.0140412 940.203
16 603   0.00666855 0.0144564 954.795
16 604   0.00722285 0.0138378 919.306
16 605   0.00677651 0.0132613 878.697
16 606   0.00563026 0.0127672 849.868
16 607   0.00596863 0.0134104 898.649
16 608   0.00727683 0.012217 795.695
16 609   0.0068305 0.0126988 832.552
16 610   0.00621498 0.0123649 810.762
16 611   0.00631527 0.0118794 777.308
16 612   0.00693079 0.0117193 769.153
16 613   0.00590616 0.0114758 745.229
16 614   0.0064506 0.0108588 744.809
16 626   -0.00286023 0.0228905 929.006
16 627   -0.00707245 -0.0120671 784.871
16 628   -0.00655243 -0.0127223 826.542
16 629   -0.00589519 -0.0126424 831.968
16 630   -0.00543582 -0.0129562 866.151
16 631   -0.0057739 -0.0120929 796.076
16 632   -0.00534277 -0.0113607 742.181
16 633   -0.0411524 0.0249991 930.667
16 634   -0.0392093 0.0261917 931.721
16 665   -0.0423515 0.0186871 963.393
16 666   -0.0429376 0.0207029 954.045
16 680   -0.0423608 -0.0198182 962.538
16 681   -0.0420405 -0.0170651 963.634
16 682   -0.0112405 -0.0229275 961.33
16 683   -0.00922277 -0.0246718 955.4
16 684   -0.00422231 -0.0185294 968.122
16 685   -0.00426118 -0.0203628 967.894
16 703   -0.0329622 0.0230873 963.265
16 704   -0.0348721 0.0252989 956.295
16 733   -0.0510348 0.0324945 675.133
16 740   -0.046167 -0.0323584 699.341
16 747   0.00233297 0.0125921 821.016
16 748   0.00257742 0.0123888 812.135
16 749   0.00215193 0.0124986 796.584
16 750   0.00251861 0.0121936 780.641
16 751   0.00227359 0.0123664 773.689
16 752   0.0022049 0.0122752 742.321
16 753   0.00239582 0.0122647 766.289
16 754   0.00202724 0.0122528 728.21
16 755   0.00212279 0.0122373 715.088
16 834   -0.00290176 -0.032112 764.568
16 835   -0.00262942 -0.0286488 823.221
16 837   0.000233836 -0.0336362 702.13
16 838   0.00386692 -0.0336362 677.859
16 839   0.00021147 0.0321262 722.704
16 841   -0.0117895 0.023025 957.192
16 842   -0.00974126 0.0249931 949.848
16 853   -2.89775e-05 -0.0136907 904.766
16 854   0.00063111 -0.0136318 856.542
16 855   -0.000304825 -0.0131588 916.997
16 856   -5.08777e-05 -0.0128835 902.438
16 857   -0.00111053 -0.0130213 962.044
16 858   -0.000678344 -0.0130229 942.071
16 859   -0.00130661 -0.0127863 969
16 860   -0.00108835 -0.012595 967.776
16 861   -0.0016154 -0.0126913 958.061
16 862   -0.0015926 -0.0124683 931.334
16 864   -0.00122956 -0.0124138 968.245
16 865   -0.00142502 -0.0123821 947.014
16 876   -0.00500301 -0.0126064 858.57
16 877   -0.00524861 -0.0121742 814.377
16 878   -0.00467334 -0.011748 793.766
16 879   -0.00505076 -0.0117806 787.071
16 880   -0.00394051 -0.0162715 968.894
16 881   -0.00351326 -0.0155006 969.203
16 882   -0.00495686 -0.0156983 958.007
16 883   -0.00486623 -0.0149522 951.374
16 884   -0.00419298 -0.0149025 961.644
16 885   -0.00514392 -0.0136367 908.741
16 886   -0.00541834 -0.0141853 922.84
16 887   -0.00378109 -0.0137024 947.266
16 888   -0.00457761 -0.0137688 929.852
16 889   -0.00417877 -0.0142676 952.247
16 890   -0.00454338 -0.0127425 888.882
16 891   -0.00440987 -0.0132243 915.834
16 892   -0.00394999 -0.0131827 928.546
16 893   -0.00377173 -0.012723 923.069
16 894   -0.00318727 -0.0123094 927.673
16 895   -0.00331506 -0.0125994 924.458
16 897   -0.00343231 -0.0120984 957.203
16 898   -0.00372453 -0.012051 960.029
16 910   0.0066262 -0.0148966 778.23
16 911   0.00594843 -0.0170662 784.755
16 912   0.00507464 -0.015584 777.845
16 926   -0.0505626 -0.0249874 777.406
16 927   -0.0490974 -0.0299014 696.585
16 928   -0.0510348 -0.032543 674.795
16 940   -0.00288936 -0.0122023 902.014
16 963   -0.00257838 -0.0124725 871.284
16 964   -0.00267513 -0.0121515 847.935
16 965   -0.002752 -0.0123102 874.181
16 966   -0.00255723 -0.0122134 825.245
16 967   -0.00247151 -0.0123615 840.394
16 968   -0.00227933 -0.01224 784.523
16 969   -0.00229206 -0.0123721 825.748
16 971   -0.00237114 -0.012158 772.782
16 972   -0.00246958 -0.012142 793.326
16 1072   -0.0385859 -0.0212159 832.096
16 1073   -0.0393386 -0.0199611 875.083
16 1074   -0.0401243 -0.0220335 965.233
16 1075   -0.040877 -0.0207787 967.765
16 1094   0.00691951 0.0108602 745.549
16 1095   0.00715396 0.0112314 748.441
16 1096   -0.00798756 0.0218344 930.353
16 1097   -0.00811919 0.0238026 962.373
16 1098   -0.00500667 0.0233896 951.785
16 1099   -0.0062728 0.0247139 943.792
16 1100   -0.00804358 -0.021848 916.749
16 1101   -0.00640432 -0.0233848 966.264
16 1102   -0.00785955 -0.0235922 966.565
16 1107   -0.0370736 0.0218367 897.151
16 1108   -0.0410356 0.0218376 967.414
16 1109   -0.0403571 0.0234418 961.17
16 1110   -0.038414 0.0246344 960.03
16 1111   -0.0368562 0.0240483 967.168
16 1119   0.00714832 0.0104313 739.532
16 1120   0.00738277 0.0103084 624.877
16 1124   -0.00715009 -0.0104137 735.578
16 1125   -0.00738336 -0.0102915 589.926
16 1128   -0.00571017 0.0139276 838.377
16 1129   -0.00690881 0.0129696 839.811
16 1130   -0.0072044 0.0111523 866.084
16 1131   -0.00602202 0.0117718 765.732
16 1132   -0.00661321 0.012127 812.743
16 1133   -0.00631762 0.010952 773.358
16 1134   -0.00690881 0.0106422 843.534
16 1140   0.00613446 0.0110245 698.166
16 1141   0.00597109 0.0111101 698.798
16 1178   -0.00563418 -0.011208 709.16
16 1180   -0.00586745 -0.0115465 755.481
16 1192   -0.00628379 -0.020249 797.912
16 1193   -0.00546416 -0.0210174 937.777
16 1194   -0.00699817 -0.0212563 815.717
16 1195   -0.00617854 -0.0220247 950.078
16 1227   -0.00580689 0.01969 926.769
16 1228   -0.00467237 0.0203338 964.203
16 1229   -0.00671709 0.021148 871.861
16 1230   -0.00558258 0.0217919 967.989
16 1260   -0.0334705 -0.0210257 968.92
16 1262   -0.0366115 -0.0224602 960.078
16 1263   -0.0374404 -0.0214345 855.486
16 1264   -0.0351898 -0.0215385 966.836
16 1265   -0.0360187 -0.0205128 915.695
16 1313   0.00618931 -0.0138011 771.467
16 1314   0.0070631 -0.0131571 791.544
16 1315   0.00647191 -0.0120493 785.064
16 1316   0.00566227 -0.0121657 754.9
16 1317   0.00537967 -0.0132087 751.424
16 1318   0.00463418 -0.0127974 727.19
16 1321   0.00462119 -0.0119093 718.037
16 1322   0.00521238 -0.0115995 737.004
16 1341   -0.0114731 0.0210083 964.958
16 1342   -0.00929316 0.0210083 961.323
16 1344   -0.00637414 0.0183663 962.527
16 1347   -0.0051755 0.016656 918.901
16 1348   -0.00630136 0.0152845 894.935
16 1357   -0.00326153 0.0139724 847.872
16 1358   -0.00451965 0.013719 802.071
16 1359   -0.00261897 0.0130759 808.907
16 1360   -0.00328591 0.0124672 727.191
16 1361   -0.00543083 0.0120816 739.163
16 1362   -0.00424031 0.0125379 718.336
16 1363   -0.00483151 0.0128931 751.392
16 1366   -0.00454404 0.0118813 699.911
16 1367   -0.00513523 0.0115715 713.197
16 1386   -0.0386074 -0.0188335 911.45
16 1388   -0.0398256 -0.0168981 968.712
16 1389   -0.0387182 -0.0155645 968.932
16 1392   -0.0314665 -0.0335257 916.211
16 1393   -0.0294626 -0.028077 937.401
16 1394   -0.0280774 -0.0310257 929.467
16 1395   -0.032343 -0.0291027 929.472
16 1396   -0.0333603 -0.0320514 912.626
16 1399   -0.000297423 -0.01261 923.05
16 1400   -0.000594846 -0.01272 942.416
16 1401   -0.00080877 -0.012527 958.884
16 1414   -0.0356329 0.0210291 950.588
16 1415   -0.0335057 0.0210291 968.856
16 1420   -0.0386396 0.0165031 969.443
16 1423   -0.0406421 0.0185157 968.536
16 1424   -0.0392094 0.0176713 966.698
16 1425   -0.0380698 0.0186682 942.505
16 1426   -0.0398796 0.0203202 937.751
16 1427   -0.0384469 0.0203092 778.74
16 1434   -0.00432159 -0.0125211 891.137
16 1435   -0.00400983 -0.0125432 914.451
16 1436   -0.00394431 -0.012185 921.285
16 1437   -0.00414518 -0.0120522 866.929
16 1438   -0.00437473 -0.0121989 862.53
16 1439   -0.0044647 -0.0119554 824.339
16 1442   -0.00415333 -0.0118516 826.389
16 1443   -0.00431697 -0.0117659 804.345
16 1445   0.00567417 0.0251288 777.863
16 1446   0.00385327 0.0297937 701.188
16 1447   0.0056791 0.0326675 675.454
16 1467   -0.00905245 -0.0209758 945.03
16 1468   -0.0108862 -0.0209758 968.31
16 1510   -0.0242691 0.0325 930.803
16 1511   -0.026404 0.0225 950.366
16 1512   -0.0297641 0.0245582 951.941
16 1535   -0.000374499 0.01387 938.989
16 1536   0.000112994 0.0134528 958.033
16 1537   5.64971e-05 0.0129764 961.891
16 1538   -0.00179953 0.0129586 857.663
16 1539   -0.00147825 0.0125103 847.295
16 1540   -0.00142805 0.0136612 902.411
16 1541   -0.000921037 0.0135643 914.936
16 1542   -0.0003802 0.0129201 937.323
16 1543   -0.000870241 0.0130907 911.24
16 1544   -0.00105598 0.0127394 895.213
16 1547   -0.00073064 0.012542 903.86
16 1548   -0.000401237 0.0125955 923.463
16 1586   0.000636312 -0.0235731 849.87
16 1587   0.00400309 -0.0278131 701.097
16 1588   0.000642356 -0.0270776 767.324
16 1592   -0.00108705 0.019706 931.922
16 1593   -0.00349566 0.0198594 949.569
16 1594   -0.00225943 0.0208183 937.377
16 1595   -0.00176035 0.0184311 934.358
16 1596   -0.00294139 0.0182676 936.362
16 1603   -0.0499783 0.00575745 949.86
16 1604   -0.0499783 0.0107574 942.854
16 1623   0.00568346 -0.0322724 673.927
16 1624   0.00568346 -0.0295447 683.905
16 1625   -0.0315033 0.0335291 916.627
16 1626   -0.0295698 0.0280873 937.862
16 1627   -0.0281409 0.0310291 930.107
16 1628   -0.0348059 0.0322116 906.784
16 1629   -0.0333541 0.0277989 936.937
16 1630   -0.0352277 0.0294231 918.082
16 1663   -0.00664149 -0.0170155 940.211
16 1666   -0.0058351 -0.01816 939.335
16 1667   -0.0066936 -0.019225 850.609
16 1673   0.00567742 -0.0205204 777.537
16 1676   0.00399705 -0.0229233 768.926
16 1677   0.00581963 -0.025064 717.126
16 1704   -0.0399783 0.0107576 960.056
16 1705   -0.0399783 0.00575785 956.398
16 1718   0.000684986 -0.0130584 810.312
16 1719   0.000938294 -0.0127591 748.182
16 1720   0.000278846 -0.012842 855.208
16 1723   0.000696856 -0.012516 742.236
16 1724   0.000367452 -0.0125695 778.83
16 1742   0.00493229 0.0116771 768.71
16 1745   0.00503174 0.0123388 821.465
16 1746   0.00446488 0.0123042 834.533
16 1773   -0.0210075 0.0297583 934.085
16 1774   -0.0222336 0.0247583 943.231
16 1775   -0.0162333 0.0322583 923.421
16 1776   -0.0138331 0.029275 925.844
16 1777   -0.0147887 0.024275 947.046
16 1778   -0.0184151 0.0222583 946.633
16 1783   -0.0346156 -0.0252535 956.095
16 1784   -0.0342954 -0.0277535 934.669
16 1785   -0.0383189 -0.0253996 949.463
16 1786   -0.0366281 -0.0241238 966.496
16 1791   -0.0405424 -0.0309523 849.541
16 1792   -0.0390401 -0.0336508 844.569
16 1793   -0.0358214 -0.0321764 901.892
16 1794   -0.0360639 -0.0293529 914.836
16 1795   -0.0380749 -0.0281287 914.644
16 1809   -0.0492258 0.0260079 766.207
16 1810   -0.049121 0.0299242 696.687
16 1811   -0.0434843 0.0258136 893.123
16 1812   -0.0459516 0.0245323 875.708
16 1813   -0.0461906 0.0324297 699.156
16 1814   -0.0438282 0.0297946 788.956
16 1901   0.00228785 0.0121799 717.74
16 1902   0.00236641 0.0121672 736.149
16 1905   -0.0511396 0.0177504 909.368
16 1906   -0.0457975 0.0168079 938.629
16 1907   -0.0485183 0.0154683 930.513
16 1908   -0.0497792 0.0205007 892.729
16 1909   -0.0470584 0.0197597 913.608
16 1915   -0.0068875 -0.0150884 925.859
16 1917   -0.00697998 -0.0135251 867.662
16 1918   -0.00636747 -0.0141506 904.766
16 1940   0.00175477 0.0123788 793.229
16 1941   0.00192735 0.0124326 787.643
16 1942   0.00191912 0.0122704 747.81
16 1958   -0.0511074 -0.0172529 911.392
16 1959   -0.0483223 -0.0182533 916.6
16 1960   -0.0499363 -0.0144624 929.473
16 1961   -0.0473726 -0.0139248 939.61
16 1962   -0.0457587 -0.015963 941.473
16 1997   -0.00656691 -0.0107193 761.504
16 1998   -0.00683918 -0.0114982 760.586
16 1999   -0.00726673 -0.0110438 744.407
16 2000   -0.00703345 -0.0107052 751.501
16 2001   -0.0062365 -0.0108924 712.321
16 2002   -0.0062755 -0.0113327 744.809
16 2123   0.00307489 0.0125128 873.25
16 2124   0.00280221 0.0123523 844.907
16 2125   0.00335267 0.012263 909.626
16 2127   0.00295098 0.0121235 877.721
16 2128   0.003209 0.0120816 921.452
52 161   -0.00292957 0.00216749 893.827
52 162   -0.000645753 -0.00121987 902.547
52 163   0.00148308 -0.00232156 899.666
52 164   0.00525684 0.00241588 894.966
52 165   -0.00258181 -0.00240434 905.082
52 166   0.00164036 -0.00458455 900.85
52 167   0.00337479 -0.00108497 892.83
52 168   -0.00075521 0.00101472 901.086
52 169   -0.00283761 0.00431446 893.042
52 170   0.00123849 0.00217744 904.563
52 171   0.00323965 0.00117944 899.075
52 172   0.00530757 -0.00198616 875.713
52 173   -0.00622666 -0.00473389 906.411
52 174   0.001169 0.00423273 912.082
52 175   0.00704134 0.0014419 863.17
52 176   0.00695692 -0.000695726 855.509
52 177   0.00852667 -0.0012023 839.541
52 178   -0.00828869 0.00113881 851.103
52 179   -0.00940044 -0.00443542 818.553
52 180   0.0085033 0.00214905 816.558
52 181   -0.00282731 -0.00876014 967.503
52 182   -0.0088461 -0.000679869 798.541
52 183   -0.00900626 0.000327151 824.111
52 184   0.0096342 -0.000235782 783.125
52 185   0.0105092 0.00293928 736.955
52 186   -0.0104732 -0.00468794 762.081
52 187   0.00939925 0.00131244 765.393
52 188   0.0111852 0.00291231 725.629
52 189   0.0026707 0.00915876 969.349
52 190   0.00968513 0.000591005 750.543
52 191   -0.00302741 -0.00986369 965.53
52 192   -0.0109159 -0.00367462 740.356
52 193   0.0018474 0.00922274 969.228
52 194   -0.00996175 -0.000922417 741.093
52 195   -0.0102909 -0.00151817 728.845
52 196   0.0101459 0.00185131 732.921
52 197   0.0104265 -0.000536482 735.513
52 198   -0.0023013 -0.0102201 943.666
52 199   0.00171297 0.00992111 957.633
52 200   0.0105892 0.00141442 712.037
52 201   -0.0101296 0.000663968 766.549
52 202   0.00125217 0.0102565 937.337
52 203   0.0104769 0.000775011 711.098
52 204   -0.0104767 -0.000468344 715.2
52 205   -0.0106533 -3.58176e-05 711.644
52 206   -0.00239213 -0.0107662 897.119
52 207   -0.0105089 0.000334187 726.797
52 208   0.0109012 0.000541522 697.386
52 209   0.0112445 0.00193177 707.108
52 210   0.0110119 0.00152186 703.578
52 211   0.0110526 0.000187967 694.045
52 212   0.0109135 -0.000113199 701.909
52 213   0.00132226 0.0107647 885.982
52 214   0.0115911 0.00166188 699.008
52 215   0.00167826 0.010877 859.321
52 216   -0.00208617 -0.0110189 836.061
52 217   -0.00172461 -0.0109987 837.422
52 218   0.0112534 0.00114203 693.505
52 219   0.011255 0.000801096 689.008
52 220   -0.0111545 -3.37168e-06 694.433
52 221   -0.0113243 -0.000256037 686.951
52 222   0.0115548 0.00122699 690.448
52 223   -0.00172763 -0.0113051 774.744
52 224   -0.00218446 -0.0113239 771.597
52 225   0.00164905 0.011174 806.662
52 226   0.011461 0.000205549 682.59
52 227   0.0117466 0.00102062 684.133
52 228   0.0115204 0.000676801 681.362
52 229   0.00243797 0.0114983 755.307
52 230   0.0117105 0.000811361 679.895
52 231   0.00185421 0.0112543 782.786
52 232   -0.00196915 -0.0114308 718.942
52 233   0.0115704 0.000368036 678.596
52 234   -0.011565 -0.000220831 680.754
52 235   0.0115847 0.000510711 678.266
52 236   0.00182517 0.0114262 735.744
52 237   -0.00200256 -0.0115942 550.342
52 238   0.0118576 0.00072254 676.086
52 239   0.011755 0.000348299 674.029
52 240   0.00197606 0.0114796 690.947
52 241   0.00248483 0.0116317 711.581
52 242   0.0117661 0.000529018 673.831
52 243   0.0118488 0.000606287 673.464
52 244   -0.00219338 -0.0116731 373.711
52 245   0.00198564 0.0115859 568.145
52 246   -0.00210566 -0.0116597 392.252
52 247   0.00207451 0.0116251 475.337
52 248   0.011825 0.000450035 671.837
52 249   0.0119362 0.000573108 671.546
52 250   0.00206692 0.0116962 320.643
52 251   0.0119109 0.00045725 669.661
52 252   -0.0021066 -0.0117448 111.035
52 253   0.00214211 0.0118048 2.54145
52 303   0.00965364 0.00417155 791.866
52 304   0.00839441 0.00392019 850.766
52 305   0.00556861 0.00415678 904.415
52 306   0.00724421 0.00495394 898.049
52 307   0.0070573 0.00615972 914.425
52 308   0.00595154 0.00662729 936.663
52 309   0.00591809 0.00760645 957.849
52 371   0.000365291 -0.00577684 911.319
52 457   -0.0018979 -0.00833845 962.38
52 458   -0.00123628 -0.00747576 945.68
52 459   -0.00172987 -0.00999553 952.951
52 460   -0.000812217 -0.00935785 968.157
52 461   -0.00152657 -0.00921748 968.795
52 462   -0.00132378 -0.0107845 883.63
52 463   -0.00123733 -0.0103287 932.451
52 499   -0.00214366 -0.0117649 57.2386
52 576   0.00349037 -0.00524104 885.849
52 577   0.00526587 -0.00387923 869.332
52 578   0.00530398 -0.0068191 844.265
52 579   0.00371631 -0.00657973 877.027
52 580   0.00528282 -0.00781334 836.203
52 581   -0.00453048 0.00507774 874.976
52 582   -0.00628538 0.00374496 857.355
52 583   -0.00748799 0.00418558 826.867
52 584   -0.00431065 0.00625154 871.084
52 587   0.00765666 0.0068791 918.051
52 588   0.00842288 0.0079882 914.508
52 617   0.00667009 0.00795493 960.99
52 618   0.0073029 0.00769517 945.121
52 619   0.00713889 0.00870877 968.313
52 620   0.00665336 0.00844451 969.087
52 621   0.00577025 0.00896121 960.297
52 622   0.0062725 0.00873589 966.681
52 623   0.00649771 0.00921333 917.822
52 624   0.00712175 0.00912621 934.879
52 625   0.00686144 0.00933939 886.198
52 635   -0.00277472 -0.00415905 913.525
52 636   -0.00470528 -0.0053004 922.338
52 637   -0.00135714 -0.00529143 920.346
52 638   -0.00195215 -0.00650515 936.244
52 639   -0.00350924 -0.00791511 961.869
52 640   -0.00329569 -0.00652281 942.6
52 641   -0.00463125 -0.00645044 940.932
52 642   -0.00446925 -0.00827852 966.636
52 643   -0.00522035 -0.00740695 955.742
52 644   -0.0074605 -0.0057172 904.712
52 645   -0.0087407 -0.00545613 874.987
52 646   -0.00911492 -0.00685595 890.776
52 647   -0.00768199 -0.00846138 960.123
52 648   -0.00723938 -0.00706716 929.502
52 649   -0.00817033 -0.00737973 912.553
52 650   -0.00820145 -0.00803569 924.931
52 651   -0.00479674 -0.00907806 967.658
52 652   -0.00467023 -0.0099497 956.973
52 653   -0.00511632 -0.0103138 927.096
52 654   -0.00543595 -0.00889995 965.261
52 655   -0.00572028 -0.00841093 969.053
52 656   -0.00583218 -0.00771749 960.27
52 657   -0.00654334 -0.00754442 952.214
52 658   -0.00672111 -0.00808691 963.244
52 659   -0.00718854 -0.00847845 966.597
52 660   -0.0062736 -0.00851765 969.035
52 661   -0.0070177 -0.00896255 957.38
52 662   -0.00649432 -0.00891773 958.643
52 663   -0.00712155 -0.00926474 913.111
52 664   -0.00686182 -0.00947758 859.639
52 669   0.00644051 -0.00639037 841.525
52 670   0.0078707 -0.00454245 807.221
52 671   0.00662833 -0.0047892 843.21
52 672   -0.00357848 -0.0101346 965.448
52 673   -0.00421188 -0.0102661 966.927
52 674   -0.00428886 -0.0107646 969.474
52 675   -0.00394474 -0.0108898 968.222
52 686   -0.00745568 0.00545548 824.046
52 687   0.00982588 0.00544748 823.03
52 705   0.00278408 0.00492733 920.281
52 706   0.0044578 0.00469255 915.125
52 707   0.00502764 0.00595729 929.891
52 708   0.00211194 0.00710995 946.722
52 709   0.00274998 0.00607645 934.096
52 710   0.00401076 0.00642575 941.248
52 711   0.00303058 0.00862824 967.609
52 712   0.00285605 0.00777183 958.928
52 713   0.003779 0.0073707 955.487
52 714   0.00375521 0.00875967 968.964
52 715   0.00418461 0.00801888 964.336
52 716   0.00508078 0.00810137 966.229
52 717   0.00520079 0.0088539 968.214
52 718   0.00473263 0.00933794 963.296
52 719   0.00473521 0.0105017 956.301
52 720   0.00434831 0.0103292 965.885
52 721   0.0040842 0.00979937 966.61
52 722   0.00418321 0.00932621 968.625
52 723   0.00503574 0.00977073 940.208
52 724   0.00500529 0.0101964 927.895
52 726   0.00556578 0.0103567 817.353
52 727   0.00531093 0.0104492 882.132
52 779   0.00236027 0.0116769 543.153
52 780   0.00230505 0.0116717 484.371
52 781   0.0030247 0.00972039 967.405
52 782   0.00360392 0.00988301 967.638
52 783   0.00217314 0.0101303 948.135
52 784   0.00266158 0.00999352 960.527
52 785   0.00282965 0.0103352 951.161
52 786   0.00197393 0.0107164 886.188
52 787   0.00216276 0.0104395 925.071
52 788   0.00251165 0.0105248 928.722
52 789   0.00293306 0.0110948 927.208
52 790   0.00291031 0.0113861 902.461
52 791   0.00258047 0.0113555 823.798
52 792   0.00250078 0.0107522 907.379
52 793   0.00266785 0.0109302 902.479
52 794   0.00250831 0.0111208 853.094
52 795   0.0023358 0.0110565 844.379
52 796   0.00231689 0.0108336 882.618
52 797   0.00213894 0.010883 863.231
52 798   0.00201611 0.0111909 796.773
52 799   0.00210119 0.0110637 827.899
52 800   0.00221451 0.0111482 815.743
52 801   0.00206371 0.0114012 736.956
52 802   0.00207472 0.0112844 776.134
52 803   0.00218415 0.0112665 785.382
52 804   0.00226735 0.0114349 738.532
52 805   0.00220697 0.011346 766.985
52 806   0.00213929 0.0114205 732.628
52 807   0.00214335 0.011587 546.439
52 808   0.002163 0.0114978 677.876
52 809   0.00223634 0.0115211 665.104
52 810   0.00219134 0.0116197 506.035
52 811   0.00227313 0.011633 533.856
52 812   0.00225049 0.011591 589.243
52 813   0.00219142 0.0116608 419.331
52 814   0.00223654 0.0116625 443.659
52 815   0.00216655 0.0116975 309.866
52 816   0.00212221 0.0117159 243.167
52 918   0.000836198 0.0102172 941.254
52 919   0.000564178 0.00998074 949.075
52 929   -0.00339744 -0.0111713 968.503
52 930   -0.00333876 -0.0105673 962.583
52 931   -0.00362804 -0.0108241 969.202
52 932   -0.00311877 -0.0111045 950.461
52 933   -0.00301255 -0.0107811 945.942
52 934   -0.0027445 -0.0109042 911.618
52 935   -0.00271138 -0.0111942 874.417
52 936   -0.00294101 -0.0112661 917.085
52 938   -0.00294508 -0.0114329 908.005
52 939   -0.00276201 -0.0114995 845.111
52 946   -0.0023363 -0.0114117 756.518
52 947   -0.00227488 -0.0115896 593.4
52 948   -0.00254664 -0.0113447 816.338
52 949   -0.0025932 -0.0114832 796.597
52 951   -0.00249548 -0.0116029 729.812
52 952   -0.00238749 -0.0116422 609.197
52 962   -0.00214385 -0.0117832 12.5744
52 989   -0.0108587 -0.00141947 707.645
52 1005   -0.00432359 0.00104538 888.301
52 1006   -0.00408529 -0.00129187 897.401
52 1007   -0.00664537 0.000640674 865.921
52 1008   -0.00598654 0.00185956 870.688
52 1009   -0.00608149 -0.00306087 893.299
52 1010   -0.00509768 -0.00189429 894.771
52 1011   -0.00599482 -0.000775932 880.882
52 1012   -0.00805321 -0.00129812 832.936
52 1013   -0.00710529 -0.00251499 875.684
52 1014   -0.00685197 -0.00137003 871.026
52 1015   -0.00892664 -0.0032804 817.578
52 1016   -0.00805687 -0.00277193 850.226
52 1017   -0.00855621 -0.00211423 817.877
52 1018   -0.0100498 -0.00205973 746.541
52 1019   -0.00954787 -0.00291955 780.813
52 1020   -0.0093041 -0.00232586 784.285
52 1021   -0.0107369 -0.00314809 741.4
52 1022   -0.0101919 -0.00297439 753.781
52 1023   -0.0104442 -0.00244342 737.268
52 1024   -0.0113658 -0.00274127 726.831
52 1025   -0.0110469 -0.00287249 732.546
52 1026   -0.0108761 -0.00246467 727.016
52 1027   -0.0115093 -0.00214467 712.259
52 1028   -0.0110864 -0.00223857 718.729
52 1029   -0.0113035 -0.00242833 720.428
52 1030   -0.0111236 -0.00171275 707.418
52 1031   -0.0114239 -0.00194076 708.273
52 1032   -0.0111604 -0.00196906 711.872
52 1033   -0.0116476 -0.00158254 699.206
52 1034   -0.011483 -0.00175101 703.978
52 1035   -0.0112912 -0.00161789 703.293
52 1036   -0.0115396 -0.00140198 696.081
52 1037   -0.0113151 -0.00142318 699.235
52 1038   -0.0117843 -0.00111267 687.285
52 1039   -0.0116132 -0.00122955 691.562
52 1040   -0.0114604 -0.00108932 690.574
52 1041   -0.0108111 -0.000748951 702.332
52 1042   -0.010864 -0.00110432 703.722
52 1043   -0.0111527 -0.00120289 698.314
52 1044   -0.0112245 -0.00104147 694.373
52 1045   -0.0112334 -0.00046441 688.834
52 1046   -0.0111501 -0.0008305 693.443
52 1047   -0.0110255 -0.00063656 695.534
52 1048   -0.0113232 -0.00074057 688.004
52 1049   -0.0113929 -0.00057613 684.673
52 1050   -0.0115799 -0.000738897 681.86
52 1051   -0.0114518 -0.000824209 686.001
52 1052   -0.0115146 -0.000961989 687.222
52 1053   -0.0116697 -0.000813014 681.471
52 1054   -0.0116393 -0.000953886 684.977
52 1055   -0.0117563 -0.00096434 683.812
52 1058   -0.011852 -0.000858408 680.412
52 1059   -0.0117968 -0.000775972 678.823
52 1060   -0.0119132 -0.000679928 675.166
52 1061   -0.0118378 -0.000692485 676.292
52 1062   -0.0119486 -0.000583199 672.168
52 1063   -0.0119061 -0.000612284 673.333
52 1064   -0.0118719 -0.000571987 672.746
52 1065   -0.0119007 -0.000527709 671.186
52 1066   -0.0119398 -0.000545199 671.049
52 1068   -0.0119642 -0.000531137 670.451
52 1069   -0.0119783 -0.000504523 669.491
52 1070   -0.0119598 -0.000512137 669.808
52 1153   -0.00570157 -0.00939286 929.53
52 1154   -0.00647027 -0.0095616 858.825
52 1155   -0.00620661 -0.00930393 918.962
52 1156   -0.00574076 -0.0102633 800.715
52 1157   -0.00550845 -0.0099351 883.889
52 1159   -0.0063274 -0.00987233 804.042
52 1160   -0.00606767 -0.0100852 768.328
52 1165   0.00623322 0.0095489 868.496
52 1166   0.00574852 0.00942891 921.747
52 1167   0.00548217 0.00975439 904.352
52 1168   0.00570656 0.0100876 822.093
52 1170   0.00633664 0.00988813 797.589
52 1171   0.00607634 0.0101013 763.96
52 1205   0.00260006 -0.00905758 837.195
52 1206   0.00290132 -0.0074543 882.903
52 1207   0.00438627 -0.00809914 855.133
52 1208   0.00359244 -0.00797946 862.821
52 1209   0.00332419 -0.00862925 841.945
52 1212   0.0043757 -0.00859626 856.091
52 1213   0.00386036 -0.00890161 858.695
52 1219   -0.00242465 0.0090265 846.23
52 1220   -0.00451855 0.00785408 854.473
52 1221   -0.00319287 0.00851649 848.388
52 1222   -0.0036854 0.00714379 873.115
52 1223   -0.00287506 0.00750085 882.096
52 1225   -0.00441979 0.00851457 855.3
52 1226   -0.00390445 0.00881992 861.084
52 1492   0.00854325 0.00742474 902.77
52 1493   0.00826338 0.00672417 904.233
52 1494   0.00898645 0.00624697 883.46
52 1496   0.00909145 0.00723498 894.512
52 1497   0.00944119 0.00666009 882.399
52 1551   0.00842933 -0.00350475 822.441
52 1552   0.0087984 -0.002365 845.998
52 1562   0.00127254 -0.00929029 899.722
52 1563   0.000957803 -0.00738546 910.901
52 1564   0.00187905 -0.00871012 888.767
52 1565   0.00191206 -0.00775664 896.84
52 1566   -4.8766e-05 -0.00787066 933.363
52 1567   3.97376e-06 -0.00887372 948.87
52 1568   0.000682526 -0.00939372 917.158
52 1631   0.00401921 0.010656 969.325
52 1632   0.00361555 0.0103481 967.131
52 1633   0.00323516 0.0109703 960.225
52 1634   0.0032044 0.0105271 958.924
52 1635   0.00396482 0.0109885 967.725
52 1636   0.00359191 0.0111239 968.767
52 1678   -0.00133814 0.00525138 903.429
52 1679   -0.000127338 0.00518257 911.602
52 1680   -0.00177363 0.00685739 900.718
52 1681   -0.00101741 0.00751306 910.294
52 1682   0.00122781 0.00723851 942.227
52 1683   -0.000169992 0.00724696 923.551
52 1684   0.000284585 0.00652248 922.909
52 1685   0.0014048 0.00876779 965.823
52 1686   0.00037703 0.00795001 941.32
52 1687   0.00116943 0.00797596 952.506
52 1688   0.000400833 0.00860215 952.997
52 1689   0.000573277 0.00958559 965.849
52 1690   0.000863494 0.00903174 966.235
52 1691   -0.00116152 0.00950948 900.813
52 1692   -0.00159262 0.00889823 893.945
52 1693   -0.0011086 0.00843483 910.316
52 1694   -0.000483933 0.00879177 929.563
52 1695   9.17227e-06 0.00884997 948.56
52 1696   -0.000672955 0.00930688 922.924
52 1697   0.000165877 0.00956981 968.02
52 1698   6.44331e-05 0.00926378 959.596
52 1699   -0.00037568 0.00948899 941.625
52 1702   -0.000421739 0.00976916 939.443
52 1703   -0.000126734 0.00982087 963.153
52 1779   -0.000539577 -0.010026 952.853
52 1780   -0.00076139 -0.0102188 943.394
52 1818   -0.00864792 0.00336819 833.19
52 1819   -0.00901699 0.00222844 854.006
52 1822   0.00760258 0.00805486 949.67
52 1823   0.00797591 0.00815254 941.578
52 1824   0.00745529 0.00857889 967.219
52 1827   0.00795877 0.00856998 957.656
52 1828   0.00769846 0.00878315 967.983
52 1838   -0.00554554 0.00631242 850.519
52 1839   -0.00659388 0.00604707 841.901
52 1840   -0.00682109 0.0067352 840.448
52 1841   -0.00503389 0.00754873 846.435
52 1842   -0.00610987 0.00710179 818.63
52 1843   -0.00543562 0.00689932 844.192
52 1845   -0.0059658 0.00759853 808.906
52 1846   -0.00545046 0.00790388 830.873
52 1868   -0.00223539 -0.0117515 199.815
52 1870   -0.00216811 -0.0117643 74.7218
52 1871   -0.00220215 -0.0117636 109.423
52 2024   -0.0021608 -0.0117969 6.27731
52 2025   -0.00215999 -0.0117856 13.2921
52 2026   -0.00217735 -0.0117848 23.4902
52 2114   0.0119864 0.000486327 671.074
52 2117   0.0119477 0.000518789 670.012
52 2118   0.0119758 0.000481236 668.415
52 2119   0.0119416 0.00049241 669.317
52 2120   0.00213347 0.011778 16.0409
52 2121   0.00211259 0.0117598 66.5774
52 2122   0.00212622 0.0117432 123.579
52 2148   0.00229429 0.011726 366.879
52 2151   0.00224084 0.0116986 365.786
52 2152   0.00226668 0.0117234 330.171
52 2153   0.00225265 0.0117537 214.673
52 2154   0.00219007 0.0117147 269.273
52 2155   0.00221924 0.011714 299.248
52 2156   0.00222776 0.0117452 204.095
52 2157   0.00216109 0.0117513 100.179
52 2158   0.0021806 0.011741 155.976
52 2159   0.00219646 0.0117754 60.6792
52 2160   0.00220275 0.0117556 124.71
52 2161   0.00217334 0.0117774 35.0636
52 2162   0.00216012 0.0117677 52.0191
52 2163   0.00216364 0.0117922 7.28047
52 2164   0.00214927 0.0117958 4.34366
52 2165   0.00214613 0.0117778 16.7018
52 2166   0.00214498 0.0117911 6.9431
52 2178   -0.0021404 -0.0117922 6.825
52 2181   -0.0021483 -0.0118037 3.41473
52 2182   -0.00214823 -0.0117976 5.03991
52 2183   -0.0116574 -0.000353695 677.215
52 2184   -0.0117598 -0.000337617 674.656
52 2185   -0.0115541 -0.000548224 680.216
52 2186   -0.0116125 -0.000627351 679.476
52 2187   -0.0116402 -0.000457964 677.43
52 2188   -0.0117045 -0.000490884 675.814
52 2189   -0.0117117 -0.00057805 676.426
52 2190   -0.0117785 -0.000611336 675.424
52 2191   -0.0118196 -0.000558483 673.593
52 2192   -0.0117887 -0.00041144 673.343
52 2193   -0.0117989 -0.000494751 673.245
52 2194   -0.0117506 -0.000460438 674.398
52 2197   -0.0118355 -0.00046693 672.079
52 2198   -0.0118384 -0.000424577 671.993
52 2199   -0.0118809 -0.00041278 670.912
52 2200   -0.0118971 -0.000498121 670.701
52 2201   -0.0118731 -0.000474647 671.089
52 2202   -0.0118914 -0.000445694 670.48
52 2203   -0.0119207 -0.000485624 669.908
52 2204   -0.0119339 -0.000448258 669.287
52 2205   -0.0119136 -0.000454373 669.869
52 2206   -0.0119475 -0.000499047 669.522
52 2207   -0.0119364 -0.00048806 669.524
52 2208   -0.0119447 -0.000470208 669.028
52 2209   -0.0119562 -0.000487833 669.037
52 2210   -0.0119653 -0.000469963 668.44
52 2211   -0.0119553 -0.000473789 668.777
52 2212   -0.0119738 -0.000492267 668.889
52 2213   -0.0119685 -0.000479348 668.507
52 2214   -0.011964 -0.000488667 668.887
52 2217   -0.0119887 -0.000485376 668.619
52 2218   -0.0119762 -0.000479798 668.325
52 2219   -0.011981 -0.00048531 668.522
end
