979
52 239   -0.00502771 0.00107312 877.616
52 240   -0.00291646 0.00222536 890.283
52 241   -0.00478288 -0.00126791 889.716
52 242   0.0013429 -0.00235176 897.19
52 243   -0.000726394 -0.00118755 899.851
52 244   -0.00651526 -0.00265021 882.057
52 245   0.00323384 -0.00117909 890
52 246   -0.000786911 0.00104118 898.319
52 247   -0.0027966 0.00437723 889.258
52 248   0.00117794 0.00218399 902.092
52 249   -0.0026111 -0.0023444 902.374
52 250   0.00312939 0.00112793 896.455
52 251   0.00292888 0.00563439 926.104
52 252   0.00514791 -0.00212959 871.526
52 253   0.00112728 0.00426571 909.514
52 254   -0.00246421 -0.00444245 913.267
52 255   -0.000717708 0.00527478 904.581
52 256   -0.0040586 -0.00567123 927.065
52 257   0.00675472 -0.000899275 851.65
52 258   -0.00817498 -0.00205497 827.966
52 259   -0.00667112 0.00190655 853.44
52 260   -0.000508021 0.00697784 911.684
52 261   0.00836644 -0.00141932 833.756
52 262   0.00258773 0.0073188 948.64
52 263   -0.00825195 0.00123827 842.566
52 264   -0.00946292 -0.00455727 814.893
52 265   -0.00366772 -0.00725058 951.095
52 266   0.000995818 0.00765318 940.195
52 267   -0.00918954 -0.00314538 797.53
52 268   -0.0087488 -0.00066706 794.584
52 269   0.010411 0.00245018 733.088
52 270   -0.00891476 0.000410442 816.585
52 271   -0.00235663 -0.00772145 953.771
52 272   0.0109135 0.00329121 729.965
52 273   0.00949457 -0.000406712 783.032
52 274   0.00103396 0.0087912 960.162
52 275   -0.010539 -0.00456779 757.022
52 276   -0.010117 -0.00238377 746.043
52 277   -0.00242359 -0.00880035 967.188
52 278   -0.0108048 -0.00282895 733.41
52 279   0.00042637 0.00931532 961.933
52 280   -0.00988192 -0.000865866 740.009
52 281   0.0107812 0.00152041 710.747
52 282   -0.0102355 -0.00149215 728.976
52 283   -0.00183975 -0.00933072 969.071
52 284   -0.0109534 -0.00360109 734.272
52 285   0.00253745 0.00914945 969.175
52 286   -0.0113281 -0.00218246 716.166
52 287   0.0104158 -0.000643522 728.583
52 288   0.00380758 0.00988848 968.107
52 289   0.00183817 0.00923317 969.108
52 290   -0.0100736 0.000779858 761.151
52 291   0.00416273 0.010435 968.555
52 292   0.00177284 0.00995587 958.659
52 293   -0.0103735 0.000293359 724.206
52 294   0.00134012 0.0102596 942.8
52 295   -0.0024916 -0.010249 945.711
52 296   -0.0103478 -0.000274864 718.345
52 297   0.00319244 0.0100506 963.758
52 298   -0.0108894 -0.00122736 705.473
52 299   0.00275704 0.00978462 966.038
52 300   0.000797865 0.010061 954.289
52 301   -0.00202166 -0.00996865 958.499
52 302   -0.0112941 -0.00147248 703.003
52 303   -0.0015304 -0.0103407 935.987
52 304   0.00228011 0.0101975 946.467
52 305   0.0113954 0.00124792 695.988
52 306   0.00235968 0.0106249 908.874
52 307   0.00329336 0.010911 955.666
52 308   -0.00238403 -0.0107284 896.653
52 309   -0.0108295 -0.000394704 699.755
52 310   0.00308022 0.010562 949.563
52 311   -0.0110175 -0.000720916 696.707
52 312   0.00142106 0.0107265 899.629
52 313   -0.0108475 0.000453582 705.479
52 314   -0.0116585 -0.00113503 692.873
52 315   -0.0025712 -0.0110067 861.463
52 316   0.00272439 0.0107233 916.091
52 317   0.00171442 0.0109727 851.657
52 318   0.00217036 0.0109203 855.745
52 319   0.0117025 0.00125121 692.935
52 320   0.00303511 0.011182 913.91
52 321   -0.00201241 -0.0108134 872.839
52 322   0.00195142 0.0110428 827.496
52 323   -0.00197498 -0.0111212 813.905
52 324   0.00273903 0.0110403 878.677
52 325   0.00299127 0.0114129 880.555
52 326   -0.011649 -0.00083543 686.481
52 327   -0.00213171 -0.0112681 777.722
52 328   0.00256462 0.0111912 823.15
52 329   -0.00235631 -0.0112387 789.934
52 330   0.0117827 0.000836548 683.938
52 331   0.00236067 0.0111697 807.085
52 332   0.01173 0.000662663 680.576
52 333   0.00202554 0.0113615 754.728
52 334   -0.00177953 -0.0111718 811.1
52 335   0.00273187 0.0114578 790.513
52 336   -0.00241703 -0.0114112 735.807
52 337   0.00260131 0.0113779 780.9
52 338   0.00229579 0.0113517 753.227
52 339   0.0021796 0.0114209 713.734
52 340   -0.0118267 -0.000564028 678.27
52 341   0.0118367 0.000511466 676.195
52 342   0.00268034 0.0115856 732.071
52 343   0.00248553 0.0114616 718.273
52 344   -0.00220693 -0.0115008 649.324
52 345   0.00238397 0.0114569 697.807
52 346   -0.00231361 -0.0114973 644.979
52 347   0.00255649 0.0116042 604.559
52 348   -0.00240603 -0.0116417 385.845
52 349   0.00249223 0.0115601 616.347
52 350   0.00235357 0.0115548 560.811
52 351   -0.00219816 -0.01159 518.502
52 352   -0.00234193 -0.0115852 503.815
52 353   0.0119259 0.000497102 675.126
52 354   0.00241347 0.0116011 488.623
52 355   -0.00227646 -0.0116233 426.889
52 356   0.00239913 0.0116584 337.166
52 357   -0.00228607 -0.0116764 276.055
52 358   0.00242189 0.0116933 234.04
52 359   -0.00232992 -0.0117005 148.661
52 360   -0.00233008 -0.011733 37.4566
52 361   0.0119946 0.000269057 676.48
52 362   0.00837647 0.00426187 854.145
52 363   0.00808551 0.00693822 907.405
52 364   0.00817108 0.007869 922.996
52 365   0.00765798 0.00830437 956.662
52 423   0.00919008 0.00641945 878.515
52 424   0.0104218 0.00465844 763.823
52 425   0.00940036 0.00510715 830.48
52 492   -0.00108096 -0.0103028 941.609
52 498   0.00244638 -0.007735 880.76
52 500   0.00207212 -0.00922621 840.685
52 501   0.00266385 -0.0091331 809.176
52 523   -0.000189413 0.00939935 935.791
52 524   -0.000781138 0.00930624 906.141
52 583   -0.0118534 -0.000668588 680.693
52 584   -0.0118334 -0.000771443 683.32
52 596   -0.0119047 -0.000511298 676.338
52 612   -0.0023505 -0.0117438 14.4854
52 613   -0.0023677 -0.0117104 109.02
52 614   -0.00240174 -0.0117094 159.56
52 615   -0.00289773 -0.0101078 959.757
52 616   -0.00375216 -0.0100898 967.586
52 617   -0.00301162 -0.00929714 969.154
52 618   -0.00352965 -0.00934602 969.345
52 619   -0.00366718 -0.0107804 968.971
52 620   -0.00351364 -0.0103763 965.607
52 621   -0.00317725 -0.0104433 956.441
52 622   -0.00333201 -0.0112482 958.169
52 623   -0.00319776 -0.0107543 950.404
52 624   -0.00346383 -0.0109404 965.876
52 625   -0.00280339 -0.0110436 884.68
52 626   -0.00304286 -0.0109351 929.699
52 627   -0.00307924 -0.0112094 920.244
52 628   -0.00281461 -0.0115272 798.496
52 629   -0.00276836 -0.0112816 838.155
52 630   -0.00291117 -0.0113543 861.836
52 631   -0.00253706 -0.0114402 744.091
52 632   -0.00266021 -0.0113951 787.784
52 633   -0.00268338 -0.0115138 758.625
52 634   -0.00247187 -0.0116235 468.969
52 635   -0.00252277 -0.0115402 666.13
52 636   -0.00259769 -0.0115774 665.643
52 638   -0.00257804 -0.0116487 552.381
52 639   -0.00251555 -0.0116727 428.058
52 693   0.00504206 -0.00790131 830.646
52 695   -0.00445823 0.00515886 869.098
52 696   -0.00622149 0.00384041 850.549
52 697   -0.00741342 0.00430526 821.17
52 698   -0.00422156 0.00633585 864.354
52 726   0.00574808 0.00779143 960.765
52 727   0.00644648 0.00826559 967.191
52 728   0.00708312 0.00843657 967.187
52 729   0.00720665 0.00904291 949.516
52 730   0.00695011 0.0092606 898.069
52 731   -0.00637057 -0.0044665 900.301
52 732   -0.00550518 -0.00544447 917.482
52 733   -0.00870135 -0.00645296 889.583
52 734   -0.00830367 -0.00528314 879.502
52 735   -0.00766509 -0.00837824 957.666
52 736   -0.00633956 -0.00685352 936.93
52 737   -0.00602645 -0.00787312 961.888
52 738   -0.00817703 -0.00794355 925.251
52 739   -0.00760263 -0.00704537 917.527
52 740   -0.0064618 -0.0084517 968.572
52 741   -0.00709334 -0.00854762 967.988
52 742   -0.00721293 -0.00907824 948.061
52 743   -0.00695695 -0.00929558 894.773
52 773   0.00218329 0.0115527 590.085
52 775   0.00230058 0.0115729 521.662
52 776   0.00222734 0.0116246 439.001
52 777   0.00223997 0.0115654 551.259
52 778   0.00228705 0.011688 204.115
52 779   0.00227023 0.0116389 389.614
52 780   0.00230566 0.0116254 410.505
52 781   0.00231839 0.0116894 192.164
52 782   0.00235794 0.0116728 273.138
52 783   0.00233069 0.0116564 322.858
52 784   0.00233472 0.0117107 104.321
52 785   0.00235655 0.0117009 156.008
52 786   0.00233212 0.0117334 31.394
52 787   -0.00425049 -0.0108136 969.368
52 788   -0.00392687 -0.0109378 968.475
52 806   0.00650351 0.00928395 905.131
52 807   0.00612343 0.00889529 960.366
52 808   0.00415487 0.00926327 969.366
52 809   0.00497816 0.00814646 966.145
52 810   0.00332013 0.00879026 968.188
52 811   0.0037533 0.00811912 963.143
52 812   0.00519658 0.00870096 969.569
52 813   0.00564345 0.00897564 962.549
52 814   0.00480646 0.00914663 968.026
52 815   0.00509942 0.0100147 937.129
52 816   0.00502738 0.00949255 958.313
52 817   0.00547927 0.00935006 946.942
52 818   0.00546922 0.0100594 893.958
52 819   0.00562062 0.0096746 910.407
52 821   0.00565035 0.0103321 850.865
52 828   0.00510261 -0.0040201 864.529
52 829   0.00505893 -0.00691988 840.148
52 830   0.00630636 -0.00651409 837.17
52 831   0.00776038 -0.00469179 803.678
52 832   0.00649225 -0.00492912 838.358
52 833   -0.00736073 0.00558311 818.992
52 936   0.00392773 0.0108822 968.927
52 937   0.00359372 0.0110101 968.8
52 980   0.00143162 -0.00892103 889.365
52 981   0.00133407 -0.00812442 900.02
52 1060   0.00833704 -0.003664 817.462
52 1061   0.00872594 -0.00253087 839.33
52 1108   0.00253317 0.0116675 466.887
52 1109   0.0024678 0.0116925 300.662
52 1126   0.00235172 0.0117641 2.83856
52 1130   -0.0119483 -0.000311729 670.428
52 1132   0.0118901 0.000377134 672.433
52 1133   0.0119285 0.000416499 673.082
52 1134   0.0119611 0.000382729 672.101
52 1135   0.0119451 0.000346422 671.124
52 1136   0.0119004 0.000340305 671.443
52 1137   0.0117947 0.000143031 672.856
52 1138   0.0117204 0.000154033 674.536
52 1139   0.0111227 -0.000253927 693.347
52 1140   0.0107586 -0.000152324 703.029
52 1141   0.0111915 0.000170221 688.038
52 1142   0.0112507 -2.43948e-05 687.403
52 1143   0.0115897 0.000129854 677.743
52 1144   0.0115258 2.86699e-06 680.304
52 1145   0.011376 0.000280222 683.163
52 1146   0.011499 0.000212593 679.868
52 1147   0.00452226 0.00536659 921.11
52 1148   0.00705918 0.00479894 896.427
52 1149   0.00697849 0.00616299 913.951
52 1150   0.00579079 0.00675181 939.157
52 1151   0.00442029 0.00228031 897.197
52 1152   0.00604245 0.00407526 899.654
52 1153   0.00469324 0.00405409 907.154
52 1154   0.00645828 0.000652787 863.555
52 1155   0.00611738 0.0028629 888.605
52 1156   0.00542164 0.00174008 887.517
52 1157   0.00697301 0.00232454 868.856
52 1158   0.00733504 0.00122666 847.11
52 1159   0.00821538 0.00299984 834.748
52 1160   0.00907644 0.00242319 786.333
52 1161   0.00919014 0.000398887 769.805
52 1162   0.00879348 0.00147204 788.664
52 1163   0.00829446 0.000950811 810.359
52 1164   0.0102344 0.0012036 720.492
52 1165   0.00958134 0.00118223 748.761
52 1166   0.00979698 0.000658012 737.529
52 1167   0.0105441 0.000821873 707.97
52 1168   0.0103561 0.000536898 713.104
52 1169   0.0109509 0.000317003 694.747
52 1170   0.010646 0.000223989 704.043
52 1171   0.0112029 0.000858003 692.708
52 1172   0.0108983 0.000748758 698.258
52 1173   0.0110153 0.000556798 693.775
52 1174   0.0115626 0.000670784 683.158
52 1175   0.0113667 0.000745402 688.026
52 1176   0.0112731 0.000586683 687.869
52 1177   0.0115232 0.000534838 681.695
52 1178   0.0114005 0.000400302 683.104
52 1179   0.0113858 0.000513476 684.509
52 1180   0.0115689 0.000303675 678.327
52 1181   0.0115759 0.000449252 679.471
52 1182   0.0115 0.000394076 680.633
52 1183   0.0116519 0.000403347 677.284
52 1184   0.0116376 0.000314356 676.759
52 1185   0.0117854 0.000434725 675.177
52 1186   0.0118363 0.000380996 673.308
52 1187   0.0117153 0.000404071 675.956
52 1188   0.0117952 0.000345725 673.456
52 1189   0.0117371 0.000354959 674.823
52 1190   0.0117274 0.000242836 674.22
52 1191   0.0116974 0.000292832 675.177
52 1192   0.0118167 0.000206835 671.971
52 1193   0.0117786 0.000257716 673.001
52 1194   0.0118066 0.000298479 672.614
52 1195   0.0118427 0.000268515 671.489
52 1196   0.011894 0.00021232 670.106
52 1197   0.0118518 0.000222251 671.113
52 1198   0.0119101 0.000244956 669.691
52 1199   0.0118972 0.000303675 670.691
52 1200   0.0118819 0.00027527 670.608
52 1201   0.0119322 0.00029992 669.984
52 1202   0.0119517 0.000319665 670.356
52 1203   0.011976 0.000312627 670.134
52 1285   -0.00438054 -0.00796557 962.332
52 1286   -0.00522184 -0.00812128 965.748
52 1287   -0.00395165 -0.00883113 968.778
52 1288   -0.00451871 -0.00915432 969.234
52 1289   -0.00506719 -0.00881937 969.366
52 1290   -0.00554763 -0.00916254 957.09
52 1291   -0.0065132 -0.00935629 894.161
52 1292   -0.00613764 -0.00904302 951.82
52 1294   -0.00644501 -0.00973027 818.267
52 1302   0.00643701 0.00969597 823.376
52 1365   -0.00493791 -0.0105497 955.208
52 1366   -0.00460365 -0.00971151 964.673
52 1367   -0.00425909 -0.0101321 966.953
52 1368   -0.00444207 -0.010514 968.009
52 1369   -0.00516545 -0.0102051 931.366
52 1370   -0.00540967 -0.00953486 938.601
52 1371   -0.00501416 -0.00974889 951.714
52 1372   -0.00567472 -0.00981885 889.661
52 1373   -0.00549198 -0.0101773 889.257
52 1374   -0.00606026 -0.00986847 826.993
52 1375   -0.00612005 -0.0101338 760.146
52 1377   -0.00562825 -0.0103821 859.616
52 1378   -0.00587079 -0.010289 795.682
52 1384   -0.00227317 0.00907134 835.895
52 1385   -0.00122927 0.0087065 897.656
52 1386   -0.00153379 0.00760015 898.326
52 1387   -0.00439042 0.00793759 845.59
52 1388   -0.00305339 0.00857676 839.561
52 1389   -0.00358264 0.00722065 865.877
52 1390   -0.00276619 0.00756352 875.694
52 1392   -0.00427373 0.00859236 845.963
52 1393   -0.00375314 0.00888867 852.746
52 1399   0.00322363 -0.00811446 855.344
52 1400   0.00304769 -0.00876252 830.737
52 1401   0.00408886 -0.0081699 848.183
52 1404   0.00417321 -0.0086698 846.565
52 1405   0.00365262 -0.00896611 847.32
52 1418   0.00590054 0.00979413 859.795
52 1419   0.00617267 0.00980125 820.577
52 1420   0.00579159 0.0101925 818.804
52 1421   0.00589038 0.0100393 818.165
52 1422   0.00603424 0.0101553 758.731
52 1425   0.00588215 0.0103289 791.185
52 1426   0.00598874 0.0102881 743.404
52 1511   0.00629858 0.01005 757.567
52 1512   0.0061703 0.0101588 716.141
52 1759   -0.00544305 0.00640965 843.54
52 1760   -0.00648944 0.00615874 836.745
52 1761   -0.0067032 0.00685239 837.368
52 1762   -0.00491101 0.00764128 837.781
52 1763   -0.0059889 0.00720846 813.542
52 1764   -0.00532472 0.00699815 836.738
52 1766   -0.00583549 0.00770344 803.167
52 1767   -0.0053149 0.00799975 822.301
52 1770   0.000888673 -0.00941244 902.207
52 1852   -0.00858604 0.0035099 827.521
52 1853   -0.00897494 0.00237677 846.992
52 1856   0.00462125 0.0105397 966.17
52 1857   0.00498973 0.0103987 947.541
52 1960   0.00170214 -0.00414667 896.753
52 1961   0.00246325 -0.00675357 887.606
52 1962   0.00354777 -0.00486451 881.003
52 1963   0.00368998 -0.00617932 873.029
52 1964   -0.000891217 -0.00506416 913.176
52 1965   0.00128858 -0.00605209 901.959
52 1966   0.000669685 -0.00476001 903.347
52 1967   0.000321257 -0.00656254 911.712
52 1968   -0.00147087 -0.00729062 941.003
52 1969   -0.000878138 -0.00623701 921.795
52 1970   0.000562981 -0.00793549 914.432
52 1971   0.000204253 -0.00737139 917.591
52 1972   -0.000697929 -0.00777896 938.496
52 1973   -1.16538e-05 -0.0083617 932.118
52 1974   -0.000666749 -0.00832441 946.915
52 1993   -0.00211883 -0.0114719 694.334
52 1994   -0.00205266 -0.0114164 735.328
52 2054   -0.000981483 -0.00879569 960.704
52 2055   -0.00131458 -0.00921144 968.256
52 2056   -0.000993765 -0.0099982 957.844
52 2057   -0.00110031 -0.00962471 968.855
52 2058   0.000420491 -0.00928313 923.403
52 2059   4.41667e-05 -0.00886618 937.957
52 2060   -0.000635208 -0.00903881 961.008
52 2061   -0.000264654 -0.00907201 953.143
52 2062   -0.000748485 -0.00943343 968.813
52 2067   0.000321335 -0.00970471 929.289
52 2068   -0.000122421 -0.0094243 957.418
52 2069   8.72444e-05 -0.00964005 948.937
52 2070   -3.62989e-05 -0.00986248 962.417
52 2071   -0.000532341 -0.00956955 968.945
52 2072   -0.000276831 -0.00952722 965.934
52 2073   -0.000215097 -0.00976624 965.77
52 2074   -0.000677073 -0.0100115 953.293
52 2075   -0.000567475 -0.00977413 965.889
52 2076   -0.000373738 -0.00984302 945.864
52 2079   -0.000413103 -0.0100215 927.996
52 2080   -0.000553567 -0.0101393 939.02
52 2188   0.00237033 0.0117174 90.6799
52 2189   0.00238832 0.0117434 28.004
52 2190   0.00239447 0.0117242 89.2077
52 2191   0.00240124 0.0117384 57.1877
52 2192   0.0023558 0.0117545 5.74014
52 2193   0.00236179 0.0117294 49.9459
52 2194   0.00234573 0.0117499 7.89629
52 2195   0.00234542 0.0117356 25.6535
52 2196   0.00236671 0.011752 8.7382
52 2197   0.00237302 0.0117412 22.6495
52 2237   -0.0016021 -0.0110229 848.87
52 2239   -0.00149189 -0.0107032 901.042
52 2240   -0.00172285 -0.010785 883.216
52 2244   -0.0119762 -0.000313044 670.335
52 2248   -0.00236667 -0.0117571 6.63529
52 2250   -0.00238343 -0.0117444 27.9425
52 2251   -0.00236607 -0.0117453 16.0224
52 2258   -0.00234716 -0.0117537 6.97614
52 2261   -0.00235433 -0.0117647 3.21664
52 2262   -0.00235437 -0.0117584 5.07541
52 2264   0.0119407 0.000247966 668.934
52 2266   -0.0119874 -0.000291697 669.701
52 2267   -0.0119725 -0.000295856 669.709
52 2268   -0.01104 -9.90103e-05 693.72
52 2269   -0.0112849 0.000203965 689.473
52 2270   -0.0110323 0.000181053 696.066
52 2271   -0.0112386 -0.00016371 687.877
52 2272   -0.011365 3.86068e-06 685.201
52 2273   -0.0115216 -0.000224993 680.172
52 2274   -0.0116353 -3.90846e-05 678.082
52 2275   -0.0115033 -6.1225e-05 681.17
52 2276   -0.0116239 -0.000239951 677.489
52 2277   -0.0116836 -0.000141654 676.041
52 2278   -0.0118164 -0.000153336 672.711
52 2279   -0.0117596 -0.000225273 673.891
52 2280   -0.011753 -0.000162147 674.218
52 2281   -0.0118095 -0.000233881 672.59
52 2282   -0.0118365 -0.000199042 671.909
52 2284   -0.0113312 -0.000670211 688.834
52 2285   -0.011516 -0.000755311 686.514
52 2286   -0.0114555 -0.00031412 682.183
52 2287   -0.0113109 -0.000317923 686.025
52 2288   -0.0113417 -0.000486757 686.419
52 2289   -0.0115781 -0.000616294 682.98
52 2290   -0.0114657 -0.000529293 683.897
52 2291   -0.0115071 -0.000436615 681.811
52 2292   -0.0117351 -0.000538538 678.804
52 2293   -0.0116396 -0.000568068 681.032
52 2294   -0.0115995 -0.000479165 680.275
52 2295   -0.0117324 -0.00045804 677.206
52 2296   -0.0116576 -0.000441231 678.469
52 2297   -0.0116676 -0.000335581 676.931
52 2298   -0.011734 -0.000300411 674.956
52 2299   -0.011783 -0.000404408 675.269
52 2300   -0.0117745 -0.000352428 674.566
52 2301   -0.0118432 -0.000392615 673.946
52 2302   -0.011951 -0.000370529 672.212
52 2303   -0.0119286 -0.000340312 671.444
52 2304   -0.0118908 -0.000437969 674.496
52 2305   -0.0119406 -0.000423565 673.765
52 2306   -0.0118236 -0.000325528 673.048
52 2307   -0.0118867 -0.000338679 671.996
52 2308   -0.0118549 -0.00035731 672.983
52 2309   -0.0118722 -0.000306524 671.636
52 2310   -0.0118296 -0.000265071 672.196
52 2311   -0.0118362 -0.000299165 672.376
52 2312   -0.011881 -0.000278027 671.012
52 2313   -0.0118585 -0.000253249 671.368
52 2314   -0.0118687 -0.000218782 671.039
52 2315   -0.011896 -0.00021293 670.352
52 2316   -0.0119261 -0.00028911 670.105
52 2317   -0.011904 -0.000274089 670.381
52 2318   -0.0119088 -0.000243458 669.996
52 2319   -0.0119277 -0.000237793 669.48
52 2320   -0.0119373 -0.000273744 669.551
52 2321   -0.0119489 -0.000245664 668.91
52 2322   -0.0119342 -0.000253056 669.361
52 2323   -0.0119614 -0.000283738 669.294
52 2324   -0.0119503 -0.000274611 669.258
52 2325   -0.0119531 -0.000263838 668.968
52 2326   -0.0119549 -0.000255578 668.807
52 2327   -0.0119682 -0.000256854 668.458
52 2328   -0.0119671 -0.000275451 668.924
52 2329   -0.0119703 -0.00026347 668.501
52 2330   -0.0119625 -0.000266758 668.776
52 2331   -0.0119829 -0.000280217 669.051
52 2332   -0.011976 -0.000268239 668.487
52 2333   -0.0119738 -0.00027609 668.828
52 2334   0.0119462 0.000283815 669.357
52 2335   0.0119488 0.000265233 668.889
52 2336   0.0119707 0.000264498 668.327
52 2337   0.0119728 0.000297998 669.661
52 2338   0.0119624 0.00028893 669.303
52 2339   0.0119746 0.000278323 668.834
52 2340   0.0119931 0.000276781 672.241
52 2343   0.0119859 0.000282343 669.767
52 2344   0.0119855 0.000292726 669.702
52 2380   -0.0119828 -0.000269081 668.365
52 2383   -0.0119881 -0.000274853 668.822
52 2384   -0.0119951 -0.0002759 669.486
16 185   -0.0449783 0.00325867 950.87
16 186   -0.0451577 -0.00292318 950.784
16 187   -0.0477775 -0.021778 886.695
16 188   -0.0411403 -0.00644751 953.535
16 189   -0.00182867 0.0290451 821.162
16 190   -0.0384826 -0.00713777 956.292
16 191   -0.000824549 0.02437 894.258
16 192   -0.0009769 -0.0214878 905.844
16 193   0.0018778 0.0225723 891.96
16 194   0.00451657 0.0225824 871.856
16 195   -0.000160936 -0.0188053 906.784
16 196   0.00126965 -0.0152723 853.781
16 197   -0.00173717 -0.0173939 940.787
16 198   -0.00333965 -0.0174449 965.969
16 199   -0.00601619 -0.0158651 949.515
16 200   -0.000365493 -0.0150401 912.488
16 201   -0.0013842 -0.0157999 939.215
16 202   0.00306586 0.0156091 965.661
16 203   -0.00255977 -0.0150765 965.224
16 204   0.00319104 0.0143319 966.302
16 205   -0.00256078 -0.0140674 968.809
16 206   -0.000583351 -0.0139025 920.014
16 207   -0.00320032 -0.013551 957.725
16 208   0.00253272 0.0138083 957.835
16 209   0.00186058 0.0138784 968.418
16 210   0.00325343 0.0127427 883.975
16 211   0.00263313 0.0131519 911.036
16 212   0.00178428 0.0132495 950.371
16 213   -0.00217793 -0.0128939 954.4
16 214   -0.00292005 -0.0129223 934.383
16 215   0.00286171 0.0128306 873.962
16 216   -0.00254459 -0.0127967 923.979
16 217   -0.00198311 -0.0125223 915.91
16 218   0.00321478 0.0122862 876.138
16 219   0.00220297 0.0129664 899.196
16 220   0.00344422 0.0121253 915.746
16 221   -0.00175094 -0.0124351 938.755
16 222   0.00218882 0.0126344 842.526
16 223   0.00260672 0.0124823 815.755
16 224   -0.00257041 -0.0124512 863.816
16 225   0.002364 0.0124716 803.488
16 226   0.00293535 0.0121473 840.522
16 227   -0.00217662 -0.0122716 817.882
16 228   0.00263102 0.0122697 784.459
16 229   -0.0024478 -0.0122896 814.79
16 230   0.00274484 0.0121782 794.974
16 231   0.00231175 0.0122714 756.052
16 232   -0.00232566 -0.0122474 793.977
16 233   0.0024397 0.0121771 731.964
16 234   0.00219825 0.0122168 738.077
16 366   -0.0443159 -0.0225096 914.319
16 375   -0.00993415 -0.0304346 905.031
16 376   -0.0072961 -0.0334782 853.552
16 377   -0.00852485 -0.0271958 919.433
16 379   -0.0511397 0.0239922 798.598
16 380   -0.045146 0.0217757 914.165
16 386   -0.0410122 0.0310476 833.385
16 387   -0.0392003 0.0336825 835.587
16 388   -0.0387308 0.0282593 907.928
16 396   -0.0328797 -0.023077 961.603
16 406   -0.00504568 0.0303789 867.258
16 407   -0.00741355 0.0334596 871.998
16 408   -0.0101891 0.030476 908.906
16 409   -0.00654173 0.0273467 910.442
16 410   -0.00910072 0.0274439 920.257
16 419   -0.00293311 0.0163139 912.384
16 420   -0.0033787 -0.0220847 944.23
16 421   -0.00482583 -0.0241101 938.414
16 426   -0.00201251 0.0150104 905.167
16 427   0.00161044 0.0201415 916.508
16 428   0.00270053 0.0188818 928.042
16 429   0.00202437 0.0161922 956.363
16 430   0.001708 0.0176559 940.743
16 431   -0.000628294 0.015077 928.065
16 432   0.000176773 0.0159131 941.662
16 433   0.00120393 0.0143815 964.987
16 434   0.00114996 0.0154188 956.122
16 435   0.000519742 0.014046 957.986
16 436   -0.000339299 0.0142473 933.866
16 437   -0.00134082 0.0132322 885.11
16 438   -0.000643551 0.0137351 922.49
16 440   -0.00121555 0.0126193 864.329
16 444   -0.00688386 -0.0150808 929.987
16 446   -0.00675175 -0.012832 832.495
16 447   -0.00719193 -0.0136275 873.737
16 448   -0.00657579 -0.0142581 910.455
16 449   -0.00615099 -0.0130319 854.005
16 450   -0.00597503 -0.013889 904.588
16 451   -0.00579224 -0.0126456 837.547
16 452   -0.00533897 -0.0129568 872.17
16 453   -0.00497732 -0.0126122 862.813
16 454   -0.00462585 -0.0117714 802.283
16 455   -0.00499041 -0.0120744 817.321
16 456   -0.00389855 -0.0162563 969.131
16 457   -0.00347165 -0.015482 969.187
16 458   -0.00493507 -0.0156933 961.207
16 459   -0.00484738 -0.0149447 955.184
16 460   -0.00416895 -0.0148932 964.508
16 461   -0.00532774 -0.0141785 928.826
16 462   -0.00375796 -0.0136983 951.177
16 463   -0.00415606 -0.0142588 956.19
16 464   -0.00491178 -0.0133596 907.796
16 465   -0.00484987 -0.0138798 930.451
16 466   -0.00452068 -0.0127476 891.978
16 467   -0.00438909 -0.0132241 918.998
16 468   -0.00392908 -0.0131837 930.748
16 469   -0.00375517 -0.0127266 922.1
16 471   -0.0473572 0.0130562 938.852
16 472   -0.0423572 0.0130562 956.707
16 473   -0.0432981 0.0168081 954.704
16 474   -0.0410186 0.0154685 963.918
16 477   0.00537545 0.0114461 747.039
16 480   -0.0242302 -0.0325 926.377
16 481   -0.0296792 -0.0245514 949.292
16 482   -0.026321 -0.0225 947.8
16 483   -0.0208926 -0.0297282 929.761
16 484   -0.0220743 -0.0247282 940.182
16 485   -0.0136043 -0.0291846 920.891
16 486   -0.0161384 -0.0322282 917.924
16 487   -0.0195129 -0.0222282 943.361
16 503   -0.0501577 -0.00542417 947.243
16 505   -0.0489866 -0.00938633 943.611
16 506   -0.0513289 -0.0114621 936.45
16 507   -0.0435766 -0.0109108 951.977
16 508   -0.0464229 -0.0113486 944.749
16 509   -0.042137 -0.0127177 956.291
16 510   -0.0433694 -0.0151938 953.348
16 511   -0.0397007 -0.0118699 960.011
16 512   -0.0387182 -0.0133456 963.762
16 525   -0.0314665 -0.0335257 913.446
16 526   -0.0280775 -0.0310257 926.044
16 527   -0.0294627 -0.028077 934.209
16 528   -0.032343 -0.0291027 926.079
16 529   -0.0333604 -0.0320514 910.064
16 537   0.00553695 -0.0145843 766.509
16 538   0.00425982 -0.0140361 742.948
16 539   0.00304814 -0.0141264 739.847
16 540   0.00199662 -0.0143113 777.404
16 542   0.0035287 -0.0124558 698.587
16 543   0.00234414 -0.0126552 704.502
16 544   0.00290821 -0.0130921 711.716
16 652   -0.00315033 -0.0126503 914.934
16 653   -0.00345724 -0.0125747 922.516
16 654   -0.00324334 -0.0121423 931.859
16 655   -0.00347148 -0.012261 935.854
16 656   -0.00276387 -0.0123857 866.073
16 657   -0.00304712 -0.0122649 897.054
16 658   -0.00296834 -0.0124592 894.658
16 660   -0.00291038 -0.0121185 872.135
16 661   -0.00269587 -0.0121245 815.03
16 662   -0.0027806 -0.0122015 845.488
16 668   -0.00251791 -0.0121534 778.532
16 669   -0.00259517 -0.0121408 790.932
16 699   0.00690881 -0.0137329 783.775
16 700   0.00692146 0.0185707 931.098
16 701   0.00576438 0.0199089 911.091
16 702   0.00421571 0.0186391 930.878
16 703   0.00607813 0.017118 954.817
16 704   0.00399988 0.01626 962.462
16 705   0.00452946 0.0174 949.375
16 706   0.00503907 0.0143704 959.268
16 707   0.0049945 0.0154608 968.885
16 708   0.00694594 0.015269 969.05
16 709   0.00610261 0.0159317 967.35
16 710   0.00587016 0.0140191 941.633
16 711   0.00666891 0.0144469 956.69
16 712   0.00722297 0.013837 921.929
16 713   0.00678504 0.0132546 879.822
16 714   0.00598629 0.0133902 899.53
16 715   0.00728103 0.012217 793.821
16 716   0.0068431 0.0126928 832.119
16 717   0.00624427 0.0123499 810.004
16 718   0.00696799 0.0117004 764.394
16 719   0.00636915 0.0118523 775.088
16 720   0.0059651 0.0114461 744.524
16 721   0.00604887 0.0110693 697.893
16 722   -0.00727991 -0.0119442 776.776
16 723   -0.00683973 -0.0121748 791.909
16 724   -0.00707752 -0.0113644 750.028
16 725   -0.00669046 -0.0106528 742.477
16 746   -0.00567117 -0.0119095 787.844
16 747   -0.00523099 -0.0116829 779.597
16 749   -0.00577468 -0.0113612 742.327
16 750   -0.00627643 -0.0115555 758.152
16 751   -0.00632955 -0.0108419 699.484
16 752   -0.00651422 -0.0112023 733.376
16 753   -0.00286555 0.0228852 925.558
16 754   -0.0411586 0.0249995 927.071
16 755   -0.0392201 0.0261922 928.164
16 757   -0.0423524 0.0186872 961.618
16 758   -0.0429395 0.0207031 951.204
16 793   -0.0423608 -0.0198181 960.642
16 794   -0.0420405 -0.017065 961.994
16 795   -0.00920968 -0.0246958 952.178
16 826   -0.00417229 -0.0185381 968.603
16 827   -0.00421287 -0.0203866 968.092
16 842   -0.0329864 0.0230876 961.71
16 843   -0.0348921 0.0252993 953.925
16 865   0.00386966 -0.0336853 677.402
16 869   0.000209326 0.0321258 719.919
16 871   -0.0118335 0.0230246 954.768
16 872   -0.00976657 0.0249925 946.875
16 883   -0.0505626 -0.0249874 772.01
16 909   0.00567365 0.0251285 772.487
16 910   0.00567856 0.0326675 675.199
16 911   0.00385221 0.0297934 699.708
16 932   -0.0243034 0.0325 927.416
16 933   -0.0264748 0.0225 947.929
16 934   -0.0298061 0.0245584 949.507
16 962   -0.0334705 -0.0210257 968.45
16 964   0.00128356 -0.0136414 782.856
16 965   0.00177101 -0.0130196 721.642
16 967   0.0014033 -0.0125436 710.359
16 969   -0.000425206 -0.012717 916.708
16 984   -0.0346157 -0.0252535 953.701
16 985   -0.0342955 -0.0277535 931.404
16 1002   0.000601344 0.0134295 965.07
16 1003   0.000124108 0.0129029 961.221
16 1004   -0.000223288 0.0134032 938.873
16 1005   0.000162566 0.0132989 955.789
16 1006   -0.000670408 0.0128661 908.189
16 1007   -0.000375414 0.0131471 930.391
16 1008   -0.000148078 0.0128674 947.994
16 1010   -0.000607774 0.0125597 904.266
16 1011   -0.00027837 0.0126131 929.191
16 1012   -0.0315196 0.0335292 913.822
16 1013   -0.0296101 0.0280876 934.65
16 1014   -0.0281783 0.0310292 926.656
16 1015   -0.0348172 0.0322117 904.239
16 1016   -0.0352432 0.0294234 915.04
16 1017   -0.0333775 0.0277993 933.576
16 1018   -0.0499783 0.00575768 947.248
16 1019   -0.0499783 0.0107576 939.952
16 1027   0.00146183 0.0131058 955.778
16 1028   0.00110756 0.0125321 946.35
16 1029   0.000974003 0.0131787 969.375
16 1030   0.00084821 0.0127753 967.375
16 1031   0.0015416 0.0127751 925.483
16 1032   0.00145915 0.0123691 880.594
16 1033   0.00131312 0.0126047 931.67
16 1034   0.00196751 0.0125654 844.842
16 1035   0.00173224 0.012636 886.179
16 1036   0.00164304 0.012443 862.92
16 1038   0.00179149 0.012313 814.236
16 1039   0.00206002 0.0122393 762.55
16 1040   0.00195375 0.0123602 801.293
16 1062   -0.0399783 0.0107581 958.177
16 1063   -0.0399783 0.00575913 954.223
16 1077   -0.0356426 0.0210292 953.655
16 1078   -0.0335252 0.0210292 968.363
16 1083   -0.0386397 0.0165032 969.384
16 1246   -0.0385859 -0.0212159 840.969
16 1247   -0.0393386 -0.0199611 881.26
16 1248   -0.0401244 -0.0220335 966.571
16 1249   -0.040877 -0.0207787 968.112
16 1260   0.00690881 -0.0107377 853.183
16 1262   -0.00699404 -0.0104937 758.493
16 1263   -0.00739881 -0.0105102 658.436
16 1264   -0.00719642 -0.0108449 719.823
16 1265   0.00719465 0.0104074 693.017
16 1266   0.00739822 0.0103007 549.241
16 1267   -0.00799749 0.0218328 933.394
16 1268   -0.00813642 0.0238007 960.274
16 1269   -0.00501506 0.0233849 948.793
16 1270   -0.00628664 0.0247117 940.45
16 1271   -0.00803774 -0.0218588 921.132
16 1272   -0.00638356 -0.0234248 964.361
16 1273   -0.00784484 -0.02362 964.815
16 1274   -0.03708 0.0218369 902.82
16 1275   -0.0410389 0.0218378 966.597
16 1276   -0.0403632 0.0234421 959
16 1277   -0.0384247 0.0246348 957.805
16 1278   -0.0368684 0.0240486 966.3
16 1279   -0.00661321 0.0109693 800.241
16 1280   -0.0072044 0.0106595 872.263
16 1340   -0.00626644 -0.0202594 809.884
16 1341   -0.00543935 -0.0210424 945.776
16 1342   -0.00699001 -0.0212721 827.188
16 1343   -0.00616291 -0.0220551 956.507
16 1381   -0.00467629 0.0203244 962.555
16 1382   -0.00672196 0.0211452 882.796
16 1383   -0.00558931 0.0217862 968.138
16 1436   -0.0374404 -0.0214345 863.392
16 1437   -0.0360187 -0.0205128 921.273
16 1438   -0.0351899 -0.0215385 967.862
16 1471   -0.0510349 0.0337472 670.518
16 1501   0.00734348 0.0111023 724.639
16 1502   0.00703043 0.0113279 741.058
16 1503   0.00713991 0.0107142 718.698
16 1504   0.0067486 0.0111199 730.01
16 1505   0.00685809 0.0107536 731.317
16 1506   0.00639006 0.0110296 710.995
16 1507   0.00629598 0.0107699 686.547
16 1509   0.0065057 0.0106601 726.189
16 1510   0.00670927 0.0105534 759.046
16 1528   -0.00458622 0.0161198 905.449
16 1529   -0.00690365 0.0150455 891.791
16 1530   -0.0063073 0.0141582 861.121
16 1531   -0.0051146 0.0147075 862.213
16 1532   -0.00512749 0.0127003 747.161
16 1533   -0.00630988 0.01309 818.145
16 1534   -0.00690623 0.0123107 828.2
16 1535   -0.00631504 0.0116112 783.214
16 1537   -0.00483706 0.011881 708.907
16 1538   -0.00542825 0.0115712 725.824
16 1541   0.00631762 -0.012759 776.589
16 1542   0.00504049 -0.0130666 741.898
16 1543   0.0044493 -0.0125205 719.556
16 1544   0.00631762 -0.0114753 789.125
16 1545   0.00690881 -0.0120213 806.586
16 1547   0.00483964 -0.0118218 726.784
16 1548   0.00543083 -0.011512 746.539
16 1551   -0.0386074 -0.0188335 917.209
16 1553   -0.0398256 -0.016898 968.633
16 1554   -0.0387182 -0.0155645 968.407
16 1557   -0.0406429 0.0185158 968.839
16 1558   -0.0380699 0.0186682 946.573
16 1559   -0.0392096 0.0176714 967.91
16 1560   -0.0398819 0.0203204 943.138
16 1561   -0.0384487 0.0203093 789.417
16 1571   -0.00399346 -0.0125473 913.946
16 1572   -0.00429897 -0.012528 892.988
16 1573   -0.00434915 -0.012209 868.06
16 1574   -0.00443294 -0.01197 831.105
16 1577   -0.00428848 -0.0117802 809.26
16 1578   -0.00413747 -0.0118594 829.184
16 1592   -0.00905136 -0.0209782 948.691
16 1639   0.00554259 0.012453 826.839
16 1640   0.00534267 0.0129315 871.588
16 1641   0.00463411 0.0118549 789.601
16 1642   0.00507782 0.0119554 792.379
16 1643   0.00448201 0.0138943 945.502
16 1644   0.00385727 0.0138905 949.944
16 1645   0.00466948 0.0130843 896.816
16 1646   0.00368017 0.0130652 908.572
16 1647   0.0043653 0.0127871 884.448
16 1648   0.00400073 0.0127719 894.811
16 1649   0.00443388 0.0122101 830.893
16 1650   0.00417214 0.0119938 815.085
16 1651   0.00367255 0.0121804 911.282
16 1652   0.00387804 0.0123685 888.715
16 1653   0.00398088 0.0121676 879.86
16 1656   0.00383841 0.0119692 938.355
16 1657   0.00371237 0.0119897 939.958
16 1658   -0.00366771 -0.0121384 948.152
16 1659   -0.00389176 -0.0122728 922.995
16 1660   -0.00408641 -0.0121436 895.78
16 1661   -0.00401919 -0.0119837 887.021
16 1664   -0.00383166 -0.0119561 962.758
16 1665   -0.00367482 -0.0119815 964.702
16 1686   -0.04983 -0.0286729 702.872
16 1687   -0.0503022 -0.0337715 671.449
16 1690   -0.0517674 -0.032543 673.32
16 1691   -0.0517674 -0.030086 686.104
16 1699   -0.00182046 0.0176139 928.544
16 1700   7.28632e-05 0.0195454 924.619
16 1701   0.000562023 0.0181159 933.946
16 1702   -9.47941e-05 0.0171465 935.794
16 1703   -0.00349964 0.0198478 946.446
16 1704   -0.00226313 0.0208099 933.977
16 1705   -0.00232694 0.0187321 933.882
16 1706   -0.00109043 0.0196942 928.152
16 1709   -0.0115179 0.0210082 963.386
16 1710   -0.00931212 0.0210082 963.055
16 1713   0.00568483 -0.0323707 673.461
16 1714   0.00568483 -0.0297413 682.396
16 1715   -0.00663233 -0.017013 944.615
16 1718   -0.00581232 -0.0181618 944.891
16 1719   -0.00667999 -0.0192274 858.024
16 1733   0.000710163 -0.0237203 836.158
16 1734   0.00401192 -0.0280243 698.365
16 1735   0.00405598 -0.0222442 769.631
16 1736   0.00582709 -0.0244288 721.624
16 1753   0.000297805 0.0126528 969.039
16 1754   0.000576382 0.0126076 969.007
16 1778   -0.0390401 -0.0336508 839.188
16 1779   -0.0358214 -0.0321764 899.107
16 1780   -0.0380749 -0.0281287 912.275
16 1781   -0.036064 -0.0293529 912.263
16 1782   -0.0411462 -0.0323015 799.355
16 1783   -0.0399386 -0.029603 881.826
16 1784   -0.0445702 -0.0336508 710.306
16 1785   -0.046768 -0.0324223 693.476
16 1786   -0.0462958 -0.0297806 722.066
16 1787   -0.0440633 -0.0255059 885.821
16 1788   -0.0439907 -0.028339 816.183
16 1789   -0.0417901 -0.0282822 876.009
16 1790   -0.0405934 -0.0232988 958.429
16 1791   -0.0422009 -0.0247071 917.721
16 1792   -0.0415245 -0.026191 907.843
16 1793   -0.0385725 -0.0260895 933.591
16 1794   -0.0396634 -0.0240928 956.684
16 1795   -0.0401706 -0.0254726 929.808
16 1796   -0.0362518 -0.0247511 959.755
16 1797   -0.037689 -0.025337 951.15
16 1798   -0.0384417 -0.0240822 964.318
16 1799   -0.0362352 -0.0230875 968.708
16 1800   -0.0374189 -0.0229835 966.428
16 1801   -0.00693763 0.0185194 960.521
16 1802   -0.00524658 0.0193648 962.35
16 1803   -0.00637131 0.0200019 899.396
16 1804   -0.00521655 0.0175759 935.958
16 1805   -0.00634128 0.017051 931.379
16 1811   -0.0210524 0.0297582 930.858
16 1812   -0.0223118 0.0247582 940.247
16 1813   -0.0199294 0.0222582 942.888
16 1814   -0.017064 0.0222582 944.902
16 1815   -0.0148439 0.0242746 944.016
16 1816   -0.0138654 0.0292746 922.704
16 1817   -0.0162587 0.0322582 920.314
16 1818   -0.0492268 0.026008 760.764
16 1819   -0.0434881 0.0258139 889.247
16 1820   -0.0459536 0.0245325 870.413
16 1821   -0.049122 0.031177 686.405
16 1822   -0.0505871 0.0286715 701.158
16 1823   -0.0461917 0.0324298 697.806
16 1824   -0.043831 0.0297948 782.546
16 1831   -0.000162032 -0.0130033 898.937
16 1832   9.32812e-06 -0.0135182 893.436
16 1833   0.000672124 -0.0134764 826.397
16 1834   0.000293222 -0.0128595 827.278
16 1835   0.00095203 -0.0127526 734.144
16 1836   0.000708306 -0.0130635 787.097
16 1839   0.000372244 -0.0125753 756.561
16 1840   0.000701648 -0.0125218 728.898
16 1892   -0.00193959 -0.0132794 969.087
16 1893   -0.0018881 -0.0137925 965.209
16 1894   -0.00128746 -0.0137727 950.157
16 1895   -0.00149435 -0.013201 964.659
16 1896   -0.00118357 -0.0133182 952.16
16 1897   -0.000935586 -0.0126008 952.339
16 1898   -0.000828311 -0.0129043 940.91
16 1899   -0.00155415 -0.0125767 967.818
16 1900   -0.00141835 -0.0128514 967.307
16 1901   -0.00121484 -0.0126651 964.679
16 1903   -0.00125868 -0.0124054 968.692
16 1904   -0.00144261 -0.0123755 967.686
16 1915   -0.00274503 0.0140939 869.182
16 1916   -0.00209653 0.0132617 845.356
16 1917   -0.004194 0.0139851 817.021
16 1918   -0.00420432 0.013046 748.408
16 1920   -0.00263007 0.0125419 753.184
16 1921   -0.00328888 0.012435 721.113
16 1927   -0.0511397 0.0177504 906.963
16 1928   -0.0457981 0.0168081 935.427
16 1929   -0.0485186 0.0154685 927.211
16 1930   -0.0497794 0.0205008 889.225
16 1931   -0.0470589 0.0197599 910.893
16 2013   -0.0511074 -0.0172529 908.97
16 2014   -0.0483223 -0.0182532 913.729
16 2015   -0.0499363 -0.0144623 926.181
16 2016   -0.0473726 -0.0139246 936.551
16 2017   -0.0457587 -0.0159628 938.426
16 2117   -0.0151148 -0.0252987 940.646
16 2118   -0.0172557 -0.0233423 943.352
16 2119   -0.0154705 -0.0211141 950.193
16 2120   -0.0109539 -0.0239128 955.954
16 2121   -0.0136126 -0.0220923 954.504
16 2122   -0.0130467 -0.0240487 949.304
16 2123   -0.0118028 -0.0209782 963.845
16 2124   -0.0106027 -0.0219564 966.705
16 2130   -0.00446197 -0.03206 801.143
16 2131   0.000487395 -0.0322671 701.811
16 2132   -0.00132777 -0.0335818 719.625
16 2133   -0.00403519 -0.0269089 887.594
16 2134   -0.00563873 -0.0288211 880.595
16 2135   0.000629656 -0.0292354 719.013
16 2136   -0.000900994 -0.0271161 799.973
16 2161   0.00504296 -0.0195077 785.361
16 2162   0.00544221 -0.015984 776.098
16 2163   0.00681407 -0.0176999 777.056
16 2164   0.00162755 -0.0183495 869.348
16 2165   0.0020268 -0.0165373 840.857
16 2166   0.00347148 -0.0186978 810.392
16 2167   0.00387072 -0.0168857 793.038
end
