689
16 370   -0.0449783 0.0032995 952.262
16 371   -0.0451577 -0.00288111 952.295
16 372   -0.0499783 0.00826578 958.47
16 373   -0.0399783 0.00829817 946.829
16 374   -0.0477784 -0.0217762 956.073
16 375   -0.0411401 -0.00639884 950.553
16 376   -0.0434982 -0.0296596 912.759
16 377   -0.000197804 0.0238651 955.046
16 378   -0.0384824 -0.00709689 947.626
16 379   0.00487496 -0.0224408 910.887
16 380   -0.0012348 -0.0215788 967.985
16 381   -0.00189191 0.0214866 966.447
16 382   -0.000440342 -0.0187214 967.945
16 383   0.000918059 0.0174114 969.543
16 384   -0.00107254 0.0186078 967.806
16 385   0.0054462 -0.0177127 940.435
16 386   0.00158789 -0.0178986 964.514
16 387   -0.00242424 -0.017178 950.358
16 388   0.00350597 -0.0192732 947.736
16 389   0.0068152 -0.0225352 900.648
16 390   -0.0029565 0.0174645 963.146
16 391   0.0068152 -0.0190176 929.017
16 392   0.0050526 -0.0158469 944.606
16 393   -0.00242207 -0.0152849 954.926
16 394   0.000946283 0.0153061 967.757
16 395   -0.00314056 0.0157898 969.109
16 396   0.00177355 -0.0159688 966.199
16 397   0.00383012 0.0144217 957.926
16 398   -0.00686321 0.0146647 961.371
16 399   0.00686886 -0.0141339 922.523
16 400   -0.0038944 -0.014355 937.162
16 401   0.00579046 -0.0146838 935.263
16 402   -0.00592587 0.0158996 969.334
16 403   0.00235348 0.014481 963.267
16 404   -0.00125964 -0.0144712 966.457
16 405   0.00329802 -0.0154777 958.503
16 406   -0.00029215 0.0145135 967.583
16 407   -0.00233896 0.014699 969.479
16 408   -0.00463176 0.0153698 969.207
16 409   -0.0059657 0.0136842 948.587
16 410   -0.00140274 0.0143847 968.877
16 411   0.00204352 0.0132147 954.586
16 412   0.00100833 0.0128713 953.409
16 413   0.00301162 0.0125227 949.299
16 414   -0.0046716 0.0141599 964.889
16 415   -0.00181558 -0.0131782 965.022
16 416   0.00315601 -0.0142657 961.341
16 417   0.00209727 -0.0139012 967.821
16 418   -0.00588407 0.012861 928.572
16 419   0.00626391 -0.0128959 909.182
16 420   -0.000920519 -0.0127475 968.55
16 421   7.98546e-05 0.013345 964.85
16 422   -0.0046186 -0.0121147 884.608
16 423   0.00468339 -0.0137183 941.831
16 424   -0.00164202 0.0131171 968.624
16 425   0.00380351 -0.0136694 956.157
16 426   -0.00397299 0.0136199 966.526
16 427   -0.00313157 0.013739 969.479
16 428   0.00654291 -0.0122552 895.563
16 429   0.0048528 -0.0130028 934.459
16 430   0.00535493 -0.0127303 916.269
16 431   0.00356009 -0.0129414 961.495
16 432   -0.00407392 0.0129258 964.151
16 433   -0.00487886 0.0125544 942.056
16 434   -0.00732583 -0.0105149 697.15
16 435   -0.0044041 0.0126161 957.507
16 436   0.00522338 -0.0117597 895.267
16 437   -0.00514903 0.011727 902.054
16 438   0.00509926 -0.0121612 912.568
16 439   0.00436431 -0.012573 946.354
16 440   0.00395147 -0.0125605 957.231
16 441   -0.00487222 0.0120775 932.015
16 442   0.00467513 -0.0120529 933.163
16 443   0.0044423 -0.0121922 945.232
16 444   -0.00451755 0.0118811 950.708
16 445   -0.00490653 0.0114718 903.818
16 446   0.00489107 -0.0115045 901.427
16 447   0.00421619 -0.0119742 956.567
16 448   0.00456788 -0.0117726 941.076
16 449   -0.00456185 0.0116524 947.261
16 450   0.0046597 -0.0116257 929.343
16 451   0.00406288 -0.0119557 954.746
16 452   0.00437635 -0.0117354 958.725
16 453   0.00425748 -0.0117977 962.726
16 473   -0.00999161 -0.0304242 966.757
16 474   -0.007308 -0.0334747 941.398
16 475   -0.00862969 -0.0271706 968.326
16 476   -0.00571789 -0.0267647 968.107
16 477   -0.0114094 -0.0229242 941.352
16 478   -0.00931693 -0.0246706 941.633
16 480   -0.00912744 -0.0209747 834.377
16 481   -0.0110732 -0.0209747 916.85
16 488   -0.00642414 -0.0159726 895.89
16 490   -0.0065752 -0.0139826 896.139
16 491   -0.00549934 -0.014807 912.092
16 512   -0.0443187 -0.0225069 962.657
16 513   -0.0429688 -0.0254763 963.712
16 515   -0.0473127 0.0259426 913.759
16 516   -0.0511396 0.0239925 910.178
16 517   -0.0440389 0.0244669 964.515
16 518   -0.0451451 0.0217767 967.674
16 527   -0.00733586 0.033477 943.927
16 528   -0.0100253 0.0304309 967.271
16 529   -0.00294224 0.0307113 913.821
16 530   -0.00299872 0.0272586 948.683
16 531   -0.00617885 0.0267749 968.415
16 532   -0.00881184 0.0271815 968.132
16 533   -0.04101 0.0310459 929.702
16 534   -0.0391982 0.033682 931.986
16 535   -0.0387251 0.028256 967.83
16 536   -0.0359055 -0.0253786 944.343
16 537   -0.0345639 -0.0210257 869.696
16 538   -0.0329241 -0.0230772 934.212
16 541   -0.00405889 0.0221768 923.821
16 542   -0.00554492 0.0240716 934.329
16 545   -0.00349323 -0.0221391 933.076
16 546   -0.00494923 -0.0240618 938.799
16 557   -0.0473571 0.0130669 963.263
16 558   -0.0423571 0.0130669 943.121
16 559   -0.0386396 0.0173369 856.109
16 560   -0.0432977 0.016813 941.587
16 561   -0.0410184 0.0154726 925
16 565   -0.00420781 0.0122283 959.869
16 566   -0.0043279 0.0119702 958.315
16 567   -0.00420538 0.0118289 963.794
16 568   -0.00409608 0.0118862 957.112
16 584   -0.00678158 0.0123167 907.988
16 585   -0.0071358 0.0107102 873.512
16 586   -0.00568897 0.0113311 819.717
16 587   -0.00641738 0.0114688 863.092
16 592   -0.0501577 -0.00541416 954.883
16 595   -0.0489865 -0.00937356 958.794
16 596   -0.0513288 -0.0114574 964.131
16 597   -0.0435765 -0.01089 951.68
16 598   -0.0464229 -0.0113317 958.219
16 599   -0.0421371 -0.0127025 945.99
16 600   -0.0433698 -0.0151849 947.39
16 601   -0.0397006 -0.0118593 941.569
16 602   -0.0387182 -0.0133429 932.427
16 622   -0.0242867 -0.0325 968.952
16 623   -0.0297572 -0.0245515 957.147
16 624   -0.0264549 -0.0225 960.872
16 625   -0.0314954 -0.0335257 969.288
16 626   -0.0281464 -0.0310257 969.011
16 627   -0.0295379 -0.0280772 966.874
16 628   -0.0355867 -0.0278786 968.091
16 629   -0.0323858 -0.0291029 968.495
16 630   -0.0333879 -0.0320515 968.539
16 632   0.006363 -0.0109417 795.67
16 633   0.00197215 -0.0132135 969.102
16 634   0.00130556 -0.0128722 969.551
16 635   0.00182044 -0.0123993 969.464
16 636   0.00310053 -0.0128292 966.572
16 637   0.00243141 -0.0125249 969.504
16 638   0.00254265 -0.0129563 968.47
16 639   0.00333619 -0.0121957 968.418
16 640   0.00283907 -0.0123431 969.294
16 641   0.0031395 -0.0124524 967.981
16 643   0.00316192 -0.0120659 969.497
16 644   0.0029096 -0.0121069 969.62
16 672   -0.00428344 -0.0178259 903.896
16 673   -0.00588621 -0.0169239 884.83
16 674   -0.00696207 -0.0182559 815.679
16 676   0.00597056 -0.0111473 790.234
16 677   0.00588886 -0.0116195 852.802
16 678   0.00545613 -0.0115002 849.182
16 738   -0.0242667 0.0325 968.859
16 739   -0.0264213 0.0225 960.689
16 740   -0.0297923 0.0245563 956.885
16 741   -0.0221801 0.024727 965.7
16 742   -0.0209622 0.029727 968.425
16 743   -0.0143556 0.0241809 960.489
16 744   -0.0161887 0.032227 969.512
16 745   -0.0137053 0.0291809 969.032
16 747   -0.0196339 0.022227 964.585
16 748   -0.0164799 0.022227 962.079
16 885   -0.0370402 -0.021947 769.92
16 886   -0.0379055 -0.0242484 902.47
16 887   -0.0402657 -0.0240394 922.798
16 888   -0.0411548 0.0249973 963
16 889   -0.0392134 0.0261886 964.952
16 897   0.00661321 0.0110229 821.214
16 902   0.0072044 0.0109923 785.173
16 903   0.0072044 0.010434 670.317
16 915   -0.0400726 0.0190147 822.805
16 916   -0.0423519 0.0186885 917.08
16 917   -0.0429384 0.0207038 942.226
16 918   -0.0396884 0.0216257 769.55
16 919   -0.0414146 0.0226445 909.483
16 920   -0.00629244 -0.0193869 756.399
16 921   -0.00468967 -0.0192107 859.271
16 922   -0.00442626 -0.0206485 856.857
16 923   -0.00808118 -0.021848 793.727
16 924   -0.00647851 -0.0233915 882.593
16 925   -0.00793441 -0.0235944 899.89
16 926   -0.00675698 -0.0209261 616.739
16 927   -0.00595565 -0.0216979 780.352
16 974   0.00657189 0.0117733 847.853
16 975   0.00648923 0.0134298 918.759
16 976   0.00716308 0.0127359 883.05
16 977   0.00581223 0.0119774 865.371
16 978   0.00572958 0.0129199 904.292
16 979   0.00409316 0.0125586 911.557
16 980   0.0046017 0.0131914 928.646
16 981   0.0053609 0.0114851 855.629
16 985   0.00496677 0.0116917 848.874
16 986   0.00457264 0.0118982 846.822
16 999   0.00714786 -0.011998 896.128
16 1001   0.00688624 -0.0111568 868.633
16 1002   0.00723838 -0.0106263 886.606
16 1037   -0.00434541 0.018724 930.481
16 1038   -0.0061066 0.0207016 699.239
16 1039   -0.00462844 0.0205574 866.58
16 1040   -0.00582358 0.017579 936.616
16 1041   -0.00676092 0.0186388 845.181
16 1047   0.000772544 -0.0152261 969.343
16 1048   0.00123828 -0.0143705 969.122
16 1049   -0.00023459 -0.0147987 969.314
16 1050   -0.000211136 -0.0131968 969.524
16 1051   -8.11424e-05 -0.0139551 969.478
16 1052   0.000543429 -0.0139312 969.677
16 1053   0.000237062 -0.0129875 969.554
16 1054   0.000871747 -0.0129232 969.472
16 1055   0.000599922 -0.013318 969.661
16 1057   0.000347686 -0.0126189 968.671
16 1058   0.000670085 -0.0125666 968.662
16 1074   -0.00266021 -0.0129323 960.619
16 1075   -0.0035766 -0.0132954 944.706
16 1076   -0.00399915 -0.0126508 938.249
16 1077   -0.00352197 -0.0122165 963.678
16 1081   -0.00308276 -0.0122877 963.537
16 1082   -0.00264356 -0.012359 964.83
16 1090   -0.0113582 0.0229309 939.539
16 1091   -0.0100338 0.020977 877.066
16 1092   -0.0094944 0.0246815 946.515
16 1093   -0.00751573 0.0235012 887.357
16 1094   -0.00750786 0.0217506 752.835
16 1095   -0.0423631 -0.0198148 915.228
16 1096   -0.042041 -0.0170601 927.017
16 1097   -0.0389678 -0.0205873 662.724
16 1098   -0.040508 -0.021404 829.217
16 1099   -0.0386076 -0.0179994 834.724
16 1100   -0.0398258 -0.0160614 905.519
16 1106   -0.0510349 0.0324945 683.602
16 1109   -0.047208 0.0298584 807.05
16 1110   -0.0442777 0.0323639 838.111
16 1116   -0.0461678 -0.0323582 775.188
16 1171   -0.0345991 0.0210282 867.693
16 1172   -0.0329957 0.0230845 932.608
16 1173   -0.0348797 0.0252947 944.055
16 1174   -0.0374538 0.0226427 808.067
16 1175   -0.0372386 0.0248528 920.931
16 1183   -0.00249322 0.0123319 968.933
16 1184   -0.00225335 0.0128438 969.17
16 1185   -0.00280668 0.0131515 969.637
16 1186   -0.0035542 0.0127185 968.513
16 1187   -0.00296471 0.0124541 969.588
16 1188   -0.00312838 0.012825 969.565
16 1190   -0.00324298 0.0121725 969.501
16 1191   -0.00362264 0.0124094 968.595
16 1192   -0.00347509 0.0122343 969.589
16 1193   -0.00395686 0.0120281 963.709
16 1194   -0.00394607 0.0122289 965.075
16 1196   -0.00378911 0.0119846 968.303
16 1197   -0.00363077 0.0120103 969.583
16 1225   -0.00618809 -0.0130578 887.634
16 1226   -0.00541388 -0.0122865 881.536
16 1227   -0.00693872 -0.0113063 814.76
16 1228   -0.0061645 -0.0112882 846.169
16 1230   -0.00711289 -0.0127686 866.776
16 1231   -0.00711289 -0.0120153 845.831
16 1244   0.000219936 0.0322343 819.327
16 1247   0.00568256 0.0322411 686.104
16 1248   0.00385483 0.0294754 765.76
16 1259   0.000349665 -0.0253393 929.007
16 1260   0.003747 -0.0259644 865.833
16 1261   -0.00290563 -0.032059 896.437
16 1262   -0.00267743 -0.0286025 928.523
16 1281   0.00387447 -0.0335843 690.998
16 1282   0.00024894 -0.0335843 777.521
16 1327   -0.0405488 -0.0309521 935.136
16 1328   -0.0390457 -0.0336507 933.855
16 1329   -0.0373403 -0.0294779 967.223
16 1330   -0.0358372 -0.0321764 964.095
16 1332   -0.0505632 -0.0249872 898.04
16 1333   -0.0490981 -0.0299012 757.25
16 1334   -0.0510349 -0.032543 682.946
16 1397   0.00355613 -0.0121601 967.064
16 1398   0.00394588 -0.0120709 958.181
16 1399   0.00380644 -0.0122516 961.856
16 1400   0.00378935 -0.0119641 963.31
16 1401   0.00360179 -0.0119946 968.179
16 1414   -0.00118659 0.012718 967.086
16 1415   -0.000575306 0.0128172 967.419
16 1432   -0.0209792 -0.0297247 968.569
16 1433   -0.0161811 -0.0322247 969.506
16 1434   -0.0136855 -0.0291742 969.043
16 1435   -0.0222323 -0.0247247 965.87
16 1436   -0.0197208 -0.0222247 964.765
16 1437   -0.0144161 -0.0241742 961.023
16 1438   -0.0166087 -0.0222247 962.501
16 1456   -0.0511396 0.0177508 966.929
16 1457   -0.0457977 0.016813 964.276
16 1458   -0.0485184 0.0154726 968.379
16 1459   -0.0497793 0.0205016 956.528
16 1460   -0.0470586 0.0197614 967.505
16 1465   -0.0315056 0.0335282 969.29
16 1466   -0.0281392 0.0310282 968.947
16 1467   -0.0295717 0.0280845 966.767
16 1468   -0.0348087 0.0322101 966.061
16 1469   -0.0333617 0.0277947 965.953
16 1470   -0.0352323 0.0294203 968.863
16 1525   0.00568723 -0.0321686 683.405
16 1526   0.00568723 -0.0293372 717.434
16 1555   -0.0511076 -0.0172521 967.926
16 1556   -0.0483228 -0.0182508 968.05
16 1557   -0.0499364 -0.0144574 968.603
16 1558   -0.0473729 -0.0139149 964.249
16 1559   -0.0457592 -0.0159555 961.955
16 1563   0.00641065 0.0208165 944.013
16 1564   0.00240421 0.0227904 941.266
16 1565   0.00458292 0.024948 895.557
16 1566   0.00641065 0.0235754 905.493
16 1567   0.00292165 0.0201221 961.396
16 1568   0.00247977 0.0183089 968.613
16 1569   0.00510036 0.0195208 959.58
16 1570   0.00452931 0.0156491 966.569
16 1571   0.00542409 0.018119 967.144
16 1572   0.00389286 0.0172962 969.357
16 1574   0.00673438 0.0172636 969.12
16 1575   0.00682615 0.0145685 949.996
16 1576   0.00606054 0.0157003 965.908
52 228   0.000897487 -0.00120596 959.894
52 229   0.0021933 0.000989978 958.161
52 230   -0.00405765 0.000221957 951.41
52 231   -0.00209265 -0.00147596 959.527
52 232   0.00181197 -0.004161 964.651
52 233   -0.00394272 0.00299749 954.169
52 234   0.00115061 0.00391722 964.707
52 235   -0.00265522 -0.00445141 964.424
52 236   -0.000583911 -0.00584086 968.587
52 237   0.00473564 0.00130349 950.751
52 238   -0.000574583 0.00489069 967.317
52 239   0.00348354 -0.00517707 964.817
52 240   0.00625539 0.000360991 938.268
52 241   -0.00621355 -0.00106378 941.887
52 242   -0.00862708 0.00154122 906.874
52 243   -0.00445576 -0.00535982 963.313
52 244   -0.000646393 -0.00789581 969.237
52 245   -0.00800991 -0.000213546 918.252
52 246   -0.00240709 0.00446898 965.172
52 247   0.00788235 0.00231114 942.216
52 248   -0.00658706 -0.00313921 949.203
52 249   0.00232362 0.0084202 969.278
52 250   -0.00603153 -0.00452083 954.314
52 251   0.00912066 -0.000875377 902.202
52 252   0.00905054 0.0014806 920.655
52 253   -0.00894802 -0.00203946 934.261
52 254   0.000763579 -0.00887978 964.62
52 255   -0.0047673 -0.00719197 968.3
52 256   0.000826931 0.0087189 968.476
52 257   -0.00311795 0.00659071 969.107
52 258   -0.000650666 0.00696924 969.517
52 259   -0.00208323 -0.00882912 969.017
52 260   -0.000193738 0.0081659 967.872
52 261   -0.00415607 0.00746265 943.395
52 262   0.00326635 -0.0072482 966.186
52 263   -0.00416636 -0.00827282 969.336
52 264   0.00198023 -0.00879239 952.678
52 265   0.00796922 0.00386727 952.707
52 266   -0.00813317 -0.00346056 953.744
52 267   -0.00215213 0.00745932 965.419
52 268   -0.00322035 -0.00876343 968.706
52 269   -0.00178156 -0.0103609 967.923
52 270   -0.000758577 0.0111246 959.696
52 271   -0.0014762 0.0103511 957.466
52 272   -0.00625495 -0.0073722 965.406
52 273   0.00274895 -0.00819968 948.209
52 274   -0.00457192 -0.010374 943.783
52 275   -0.00709457 -0.00567048 947.663
52 276   -0.00511668 -0.00937347 959.784
52 277   -0.0022877 0.0086591 948.257
52 278   -0.00134912 0.0091445 957.712
52 279   -0.00358139 -0.0101862 961.297
52 280   -0.00700644 -0.00668971 953.092
52 281   0.00437652 -0.00780794 927.752
52 282   -0.00230782 0.0106842 951.443
52 283   -0.00426353 0.00887771 856.266
52 284   0.00198501 -0.010783 958.108
52 285   -0.00374947 0.00922873 881.527
52 286   0.00233846 -0.00999896 940.578
52 287   -0.00296489 0.00921398 920.29
52 288   -0.00798842 -0.00550302 931.717
52 289   -0.00856089 -0.00442518 950.962
52 290   0.00900681 0.0045558 938.375
52 291   -0.00785913 -0.00702212 936.303
52 292   -0.00810788 -0.00765387 940.631
52 293   0.0086553 0.00570987 910.512
52 294   0.00307025 -0.0101091 912.051
52 295   -0.00285793 0.0100325 920.65
52 296   -0.00835216 -0.00503812 932.298
52 297   0.00897267 0.005155 914.691
52 298   0.00249919 -0.0112705 966.019
52 299   -0.00253485 0.0112902 966.06
52 300   -0.00393731 0.00998309 857.19
52 301   -0.00877614 -0.00756771 911.087
52 302   -0.00837016 -0.00662549 913.568
52 303   -0.00924709 -0.00452883 940.386
52 304   -0.00841132 -0.00612561 913.251
52 305   -0.00339185 0.0102983 890.999
52 306   0.00909175 0.00606974 880.682
52 307   0.00953316 0.00534799 892.221
52 308   0.00321902 -0.0106592 914.568
52 309   -0.00894433 -0.00536421 910.707
52 310   0.00300141 -0.0110366 952.586
52 311   0.00906192 0.00695134 878.433
52 312   -0.00927466 -0.00510444 912.743
52 313   -0.00310536 0.0110368 947.49
52 314   -0.00883325 -0.00681356 894.733
52 315   -0.00888118 -0.00603651 897.779
52 316   -0.00899049 -0.00712403 887.051
52 317   -0.00424744 0.0102243 828.826
52 318   0.00920746 0.00636821 849.893
52 319   0.00949229 0.00575642 856.882
52 320   -0.00341225 0.0106966 896.093
52 321   -0.00905044 -0.00574001 897.125
52 322   0.00916238 0.00662883 853.485
52 323   -0.00917206 -0.00657855 854.835
52 324   -0.00917882 -0.00630138 861.985
52 325   0.00360319 -0.0107367 875.463
52 326   0.00327304 -0.0112897 964.407
52 327   -0.00948056 -0.00672104 777.66
52 328   0.00977438 0.00587731 801.847
52 329   -0.00411446 0.0106105 812.046
52 330   -0.00945657 -0.00616456 817.191
52 331   0.00937125 0.00712396 831.17
52 332   -0.00370865 0.0107801 859.851
52 333   0.00955247 0.00671158 759.365
52 334   -0.00395136 0.0107596 817.209
52 335   -0.00968582 -0.00625381 753.639
52 336   0.00975893 0.00611169 757.556
52 337   0.00959256 0.00628928 763.649
52 338   0.00363994 -0.0110026 876.928
52 339   0.00352741 -0.0111782 928.517
52 340   0.0095825 0.00688889 762.485
52 341   -0.00365111 0.0110135 874.332
52 342   0.00972029 0.00659505 718.913
52 343   0.0097153 0.00643336 723.324
52 344   -0.00399698 0.0109757 783.428
52 345   0.00995773 0.00616194 725.099
52 346   -0.00382175 0.0110739 823.118
52 347   0.00382763 -0.0110464 823.328
52 348   0.00366217 -0.0112998 930.912
52 349   -0.00408108 0.0110561 736.157
52 350   0.00995205 0.0062998 703.635
52 351   0.00987599 0.00639364 701.229
52 352   -0.00383887 0.0111808 805.306
52 353   0.00987474 0.00663391 697.535
52 354   -0.00378301 0.0112522 848.782
52 355   0.00995904 0.00646846 687.661
52 356   0.00383951 -0.011169 807.652
52 357   0.00378658 -0.0112467 847.253
52 358   0.0099528 0.00654705 687.302
52 359   0.0038635 -0.0112998 788.692
52 360   0.00393122 -0.0111951 739.027
52 361   -0.00388668 0.0112964 753.246
52 362   -0.00394976 0.0112031 714.104
52 363   -0.00403931 0.0111774 602.128
52 364   0.0100329 0.00642949 682.326
52 365   0.00393328 -0.0112631 674.001
52 366   -0.00400695 0.0112051 572.68
52 367   -0.00395026 0.0112646 611.594
52 368   0.0100795 0.00644931 675.586
52 369   -0.00404728 0.0112943 3.05923
52 463   0.00418642 0.0103596 941.734
52 501   -0.00643986 -0.00828069 969.292
52 504   -0.00653634 -0.0095573 931.147
52 505   -0.00609896 -0.00909372 959.498
52 506   -0.00582658 -0.00959398 946.08
52 609   0.000118848 -0.0101397 963.993
52 610   -0.000989452 -0.0106875 967.197
52 611   0.00134763 -0.0109841 961.777
52 612   0.000616483 -0.0106886 961.475
52 613   0.000170892 -0.0113453 958.523
52 614   0.000502648 -0.0117112 949.75
52 617   0.000902043 -0.0116408 962.27
52 618   0.00130144 -0.0115704 964.949
52 662   -0.00317422 -0.0108908 965.028
52 663   -0.00251151 -0.0109997 968.421
52 705   0.00359335 -0.00886404 896.382
52 706   0.00426365 -0.00865233 852.512
52 707   0.00419354 -0.00948737 851.724
52 708   0.00346658 -0.00979192 888.413
52 709   0.00364626 -0.00934178 884.221
52 710   0.00430709 -0.0101764 826.729
52 711   0.0041715 -0.00986709 845.742
52 712   0.00384906 -0.0100645 860.038
52 713   0.00379198 -0.0105717 851.769
52 714   0.00409738 -0.010416 829.343
52 715   0.00387194 -0.0103317 852.117
52 716   0.00416039 -0.0107821 788.345
52 717   0.0040913 -0.0106133 815.065
52 718   0.00394354 -0.0106986 824.976
52 719   0.00392062 -0.0109708 802.429
52 720   0.00406469 -0.0108881 786.517
52 721   0.00396056 -0.0108467 810.306
52 722   0.00405985 -0.0109922 766.809
52 723   0.00398965 -0.0110322 772.297
52 725   0.00410142 -0.0110433 740.383
52 761   0.0100503 0.006367 689.656
52 762   0.0100524 0.00631214 697.44
52 764   -0.00399007 0.0112854 328.661
52 766   -0.00948282 -0.00694182 785.818
52 767   -0.00933155 -0.0071098 835.251
52 798   0.00397327 -0.0112872 464.139
52 800   0.00399654 -0.0112709 389.247
52 801   0.00397789 -0.0111644 714.928
52 802   0.00399613 -0.0111034 748.18
52 803   0.00406997 -0.0111347 679.334
52 804   0.00405584 -0.0110938 727.506
52 805   0.00405779 -0.011215 451.061
52 806   0.0040433 -0.0111752 626.128
52 807   0.00401092 -0.0111954 616.872
52 808   0.00403775 -0.0112355 409.52
52 809   0.00400779 -0.011247 462.602
52 810   0.0040155 -0.0112263 520.285
52 811   0.00403693 -0.0112555 286.545
52 812   0.00402316 -0.011257 339.179
52 813   0.0040447 -0.0112707 107.901
52 823   -0.0095635 -0.00523332 902.281
52 826   -0.00956438 -0.00548365 887.58
52 827   -0.00975422 -0.00553944 874.264
52 828   -0.0093138 -0.00579842 878.742
52 829   -0.00944951 -0.00566272 877.908
52 830   -0.00942229 -0.0059581 848.451
52 831   -0.00971399 -0.00571655 849.284
52 832   -0.00956478 -0.00588829 834.781
52 833   -0.00955121 -0.00575651 857.603
52 834   -0.00989707 -0.00587661 806.437
52 835   -0.00968687 -0.00590028 816.064
52 836   -0.00976823 -0.00579639 830.28
52 837   -0.00979399 -0.00611846 758.34
52 838   -0.00975468 -0.00597334 793.858
52 839   -0.00987674 -0.00598766 781.006
52 840   -0.0100229 -0.00617256 733.456
52 841   -0.00989501 -0.00617221 736.779
52 842   -0.00993709 -0.00609336 753.428
52 843   -0.0099474 -0.00625481 715.979
52 844   -0.0100143 -0.006248 715.426
52 845   -0.00983347 -0.00664642 701.801
52 846   -0.00967079 -0.00660379 728.985
52 847   -0.00972002 -0.00641765 726.615
52 848   -0.00990047 -0.00650628 694.3
52 849   -0.00986492 -0.0064143 703.469
52 850   -0.00995197 -0.00631553 705.87
52 851   -0.00993631 -0.00636493 700.736
52 852   -0.0100377 -0.00630305 705.401
52 853   -0.0100183 -0.0063692 694.665
52 854   -0.00999638 -0.00633115 701.424
52 861   -0.0100773 -0.00631761 704.134
52 863   -0.0101095 -0.00636083 699.535
52 864   -0.0100746 -0.00634732 698.888
52 865   -0.0100569 -0.00637081 693.673
52 866   -0.0100799 -0.00638707 690.926
52 867   -0.0101037 -0.00638156 694.741
52 868   -0.00998993 -0.00648571 684.962
52 869   -0.0100176 -0.00640368 689.555
52 870   -0.00997998 -0.00641503 691.362
52 873   -0.0100247 -0.00651282 679.862
52 874   -0.0100486 -0.00643454 683.022
52 875   -0.0100717 -0.0064771 676.033
52 876   -0.0100458 -0.00647299 679.239
52 877   -0.0100776 -0.00640619 686.556
52 878   -0.0100669 -0.00642646 682.72
52 879   -0.0101003 -0.00644116 677.421
52 880   -0.0100811 -0.00644602 678.298
52 881   -0.0101023 -0.00642654 681.194
52 882   -0.0100938 -0.00641114 685.561
52 883   -0.0101072 -0.00640348 689.447
52 884   -0.0101149 -0.00639302 694.682
52 896   0.0052443 -0.00757143 966.928
52 908   -0.00609028 0.00646959 949.004
52 909   -0.00517178 0.00723874 968.492
52 928   0.00546341 0.0100777 938.584
52 929   0.00456235 0.00973704 957.235
52 930   0.00499115 0.0103361 939.169
52 931   0.00272991 0.00548417 966.654
52 932   0.00295833 0.0073556 969.501
52 933   0.00577491 0.00733184 967.285
52 934   0.00421391 0.00762929 969.428
52 935   0.00485748 0.00682311 967.176
52 936   0.00568372 0.0081391 969.583
52 937   0.00558701 0.00947974 953.541
52 938   0.00491141 0.00837185 969.258
52 939   0.00492208 0.00900987 965.858
52 940   0.00619862 0.00859614 968.536
52 941   0.0064399 0.00963834 931.301
52 942   0.00609123 0.00929876 953.688
52 943   0.00839949 0.00766686 931.039
52 944   0.00844758 0.00709653 914.979
52 945   0.00782873 0.00796021 957.688
52 946   0.00483432 0.0035687 956.402
52 947   0.00474327 0.0058874 964.196
52 948   0.00387128 0.00482214 963.163
52 949   0.00568127 0.00533057 958.508
52 950   0.00702625 0.00422283 947.994
52 951   0.00585562 0.00414183 954.121
52 952   0.00648458 0.00563738 953.839
52 953   0.00721921 0.00518575 945.53
52 954   0.00796447 0.00573255 929.057
52 955   0.00774149 0.00649822 934.97
52 956   0.00635252 0.00708577 963.51
52 957   0.00659109 0.00628653 955.708
52 958   0.00710275 0.00660058 951.479
52 959   0.00730244 0.00777895 962.133
52 960   0.00705563 0.00727013 958.389
52 961   0.00667272 0.0075295 964.756
52 962   0.0066055 0.00840851 969.466
52 963   0.00710648 0.00808454 967.66
52 964   0.00673258 0.00799211 968.257
52 965   0.00682463 0.00859808 968.914
52 966   0.00713415 0.00840379 969.512
52 967   0.00676191 0.00930119 944.973
52 968   0.00715281 0.00907485 960.235
52 969   0.0068523 0.00891733 963.593
52 972   0.00718048 0.0093941 938.976
52 973   0.00694435 0.0095233 920.911
52 989   -0.00683098 -0.00939621 934.315
52 990   -0.00702741 -0.00928882 949.663
52 1003   -0.00794023 -0.00820457 960.742
52 1005   -0.00725689 -0.00843341 968.667
52 1006   -0.00730885 -0.00903166 961.991
52 1009   0.00798712 0.00846748 966.371
52 1010   0.00748851 0.00860548 969.572
52 1011   0.00747949 0.00895728 959.57
52 1143   0.00368467 0.0105323 960.782
52 1144   0.00294832 0.009998 966.625
52 1146   0.00237362 0.0109426 968.679
52 1148   0.00184238 0.0110297 968.426
52 1150   6.30547e-05 0.0111796 960.78
52 1153   0.000654787 0.0104274 966.204
52 1154   0.00131115 0.0111169 968.368
52 1351   0.00495729 -0.00424263 951.762
52 1352   0.00610128 -0.00197313 934.63
52 1353   0.00779837 -0.00237896 910.754
52 1354   0.00667929 -0.00604788 930.821
52 1355   0.00560788 -0.00607726 955.913
52 1357   0.0080194 -0.00409698 910.674
52 1358   0.00743216 -0.0051412 918.948
52 1361   -0.00349094 0.0111797 935.648
52 1362   -0.00324159 0.0112865 963.961
52 1364   -0.00353156 0.0113247 959.63
52 1365   -0.00367988 0.0112984 926.68
52 1384   -0.00815333 0.00324773 905.951
52 1386   -0.00642216 0.00398863 932.907
52 1387   -0.00684316 0.0055629 927.92
52 1393   0.00448764 -0.00933633 836.53
52 1394   0.00461067 -0.00897904 824.934
52 1546   -0.00105669 -0.0114353 968.223
52 1547   -0.000393979 -0.0115442 963.621
52 1641   -0.0101287 -0.00639571 699.246
52 1644   -0.0101391 -0.00641264 723.39
52 1645   -0.0101315 -0.00640696 701.934
52 1652   0.0101416 0.00640962 831.865
52 1655   0.0101355 0.00641634 726.415
52 1656   0.0101131 0.00640968 686.581
52 1659   0.010107 0.00641875 677.566
52 1660   0.0101009 0.00642547 676.597
52 1662   0.0101009 0.0063596 690.919
52 1663   0.0101111 0.00638918 686.948
52 1669   -0.00404066 0.0112686 98.8244
52 1670   -0.00402334 0.0112526 365.45
52 1671   -0.00400595 0.0112715 296.922
52 1672   -0.0040384 0.0112959 4.05985
52 1675   -0.00401733 0.0112901 87.7546
52 1676   -0.00402947 0.0112864 38.9741
52 1679   0.00400556 -0.0112937 209.818
52 1681   0.00402355 -0.0112728 222.129
52 1682   0.0040172 -0.0112856 164.236
52 1683   0.00402568 -0.0112963 29.618
52 1684   0.00403886 -0.0112773 82.8487
52 1685   0.00403148 -0.0112778 115.318
52 1686   0.00403307 -0.0112893 29.0248
52 1687   0.00404091 -0.0112978 4.03144
52 1688   0.00403937 -0.0112918 9.64615
52 1689   0.00404251 -0.0112859 21.1665
52 1695   -0.0101192 -0.00642836 680.814
52 1696   -0.0101293 -0.00641621 691.081
52 1697   -0.0101188 -0.00641542 687.234
end
