929
16 286   -0.0449779 0.00318605 969.561
16 287   -0.045157 -0.00300314 969.554
16 288   -0.0477798 -0.0217978 926.043
16 289   -0.0411387 -0.00655265 969.662
16 290   -0.0435092 -0.0297249 870.32
16 291   -0.000159408 0.0239549 929.157
16 292   -0.0384817 -0.00727751 969.581
16 293   -0.00122839 -0.02128 955.309
16 294   -0.00180043 0.0215751 962.651
16 295   -0.00085457 0.0189598 964.468
16 296   -0.000607575 -0.0186995 959.229
16 297   0.00561634 -0.017803 885.178
16 298   0.00684897 -0.0221371 836.355
16 299   0.00366845 -0.019035 901.31
16 300   0.00229367 -0.0179123 916.679
16 301   -0.00594015 0.0153948 927.379
16 302   0.000757515 -0.0177948 943.16
16 303   0.00684897 -0.0188762 877.551
16 304   0.00529732 -0.0161307 879.279
16 305   0.0058599 -0.0148783 848.689
16 306   0.0017409 0.0146794 963.359
16 307   0.00256892 -0.0161281 913.651
16 308   0.00362468 -0.0155785 895.999
16 309   0.00141796 -0.0153036 937.939
16 310   0.00440662 -0.0129041 758.27
16 311   0.00361635 -0.0143983 881.399
16 312   0.00461895 -0.0139366 822.895
16 313   0.00139626 -0.0142449 943.077
16 314   0.00290507 -0.0137616 895.123
16 315   0.00105328 0.0136798 948.461
16 316   0.00209851 -0.0137261 922.125
16 317   0.00168533 0.0126333 878.591
16 318   0.00116186 0.0129704 913.433
16 319   -0.00183645 -0.0125607 925.49
16 320   0.00179524 -0.0130621 940.172
16 321   0.00095395 -0.0130458 966.727
16 322   0.00194805 -0.0126543 936.186
16 323   0.00133092 -0.0129394 963.217
16 324   0.000756543 -0.0126948 968.395
16 325   0.000513469 -0.0126174 968.079
16 326   0.00155884 -0.0124026 965.952
16 327   0.00130789 -0.0125602 968.559
16 328   0.000258394 -0.0126588 963.269
16 329   0.00112743 -0.0124339 945.074
16 333   0.0056779 0.0294864 711.231
16 344   -0.00702073 0.0148488 914.933
16 345   -0.0443252 -0.0225629 951.497
16 346   -0.0429851 -0.0255762 939.105
16 355   -0.0099599 -0.0304151 944.172
16 356   -0.00731013 -0.0334717 908.596
16 357   -0.00857792 -0.027131 958.909
16 358   -0.0056843 -0.0266759 950.971
16 360   -0.0511394 0.0239911 874.258
16 361   -0.0451428 0.0217716 953.815
16 370   -0.00732635 0.0334781 914.453
16 371   -0.0100078 0.0304342 946.933
16 372   -0.00878572 0.027193 959.835
16 373   -0.0410055 0.0310468 895.175
16 374   -0.0391945 0.0336823 899.111
16 375   -0.038713 0.0282581 947.981
16 377   -0.0326519 -0.0236769 969.008
16 382   -0.00397983 0.0222106 967.67
16 383   -0.00551311 0.0241014 968.116
16 393   -0.00347528 -0.0220055 966.228
16 394   -0.00492077 -0.0239483 967.556
16 398   -0.0473562 0.013037 966.944
16 399   -0.0423562 0.013037 969.066
16 400   -0.0432964 0.0167981 968.989
16 401   -0.0410177 0.0154604 965.488
16 406   -0.050157 -0.00544878 969.174
16 409   -0.0489854 -0.00941729 968.447
16 410   -0.0513285 -0.0114736 966.192
16 411   -0.0435749 -0.0109741 969.612
16 412   -0.0464217 -0.0113931 968.677
16 413   -0.0421361 -0.0127692 969.5
16 414   -0.0433699 -0.0152276 969.597
16 415   -0.0396998 -0.0119602 968.995
16 416   -0.0387181 -0.0134074 966.716
16 417   -0.00587913 0.0167776 958.009
16 425   0.00289037 -0.0126205 855.004
16 426   0.00318796 -0.0131215 859.347
16 427   0.00338932 -0.0122247 746.088
16 428   0.00368691 -0.0127257 767.432
16 430   0.00256349 -0.0123989 880.209
16 431   0.00220732 -0.0124567 912.122
16 476   -0.0405624 -0.0310369 899.498
16 477   -0.0390468 -0.033679 899.731
16 490   0.00260734 0.0239461 904.695
16 491   0.00476685 0.0260393 821.971
16 492   0.00658895 0.0246492 849.866
16 493   0.00642025 0.0208364 925.364
16 494   0.0033497 0.0221997 918.891
16 495   0.0055092 0.0229122 900.668
16 496   0.00507048 0.0195896 945.962
16 497   0.00291097 0.0202579 944.918
16 498   0.00248958 0.0176101 965.856
16 499   0.000567702 0.0183703 963.605
16 500   0.00194987 0.019035 958.676
16 501   0.0013382 0.0156104 969.543
16 502   0.00164506 0.0167219 968.68
16 503   0.000532917 0.0169478 967.677
16 504   0.000418165 0.0154466 969.611
16 505   3.39443e-05 0.0162259 968.65
16 506   -7.45123e-05 0.0148813 969.605
16 507   -0.000753005 0.0148624 968.979
16 508   -0.00105305 0.0142435 969.134
16 509   -0.000828189 0.0133409 966.473
16 510   -0.00119069 0.0132366 968.578
16 511   -0.00121264 0.012855 958.802
16 512   -0.000458482 0.0128044 956.818
16 513   -0.000700113 0.0129949 957.367
16 514   -0.000983414 0.0128057 944.805
16 515   -0.00083339 0.0128414 948.028
16 516   -0.00106662 0.0124992 886.248
16 517   -0.000964571 0.0126364 920.062
16 518   -0.00087281 0.0125364 902.523
16 520   -0.00103426 0.0123896 845.707
16 521   -0.000915461 0.0124089 859.799
16 522   -0.000486555 0.0125473 954.834
16 523   -0.000680212 0.0126364 937.125
16 524   -0.000738476 0.0125007 915.05
16 641   -0.00661321 -0.0109445 744.926
16 668   0.00682996 -0.0142863 841.256
16 694   -0.0403028 -0.0242477 966.089
16 696   0.00682511 0.0171689 967.073
16 697   0.00547534 0.018189 960.511
16 698   0.00385555 0.0174324 966.22
16 699   0.00606276 0.0161653 969.377
16 700   0.00444297 0.0162948 969.496
16 701   0.00285381 0.0147954 960.906
16 702   0.00388305 0.015477 967.827
16 703   0.00315291 0.0138939 939.027
16 704   0.0022956 0.0127377 880.164
16 705   0.00275886 0.0131728 910.265
16 706   0.00246216 0.0123039 842.818
16 707   0.00277999 0.0122523 842.119
16 710   -0.0411463 0.0249969 964.73
16 711   -0.0391988 0.0261903 964.758
16 712   -0.00470134 0.0207002 943.305
16 714   0.00690881 0.0108288 716.806
16 715   0.00730294 0.0106223 664.58
16 716   -0.0423501 0.0186832 964.442
16 717   -0.0429354 0.0206988 968.286
16 718   -0.0072044 -0.0108746 706.544
16 719   -0.0073522 -0.0103173 495.678
16 721   -0.00686487 -0.014436 887.715
16 722   -0.00436829 -0.0141901 923.916
16 723   -0.00346709 -0.0142496 940.349
16 724   -0.003223 -0.0136687 936.467
16 725   -0.00264693 -0.0135877 944.001
16 726   -0.0023085 -0.012707 919.653
16 727   -0.00254877 -0.013114 933.954
16 728   -0.00341179 -0.0131921 925.965
16 729   -0.00304924 -0.0124948 907.821
16 730   -0.00300362 -0.0129481 924.156
16 731   -0.0024992 -0.0123174 885.22
16 732   -0.00278509 -0.012271 876.842
16 738   -0.0423687 -0.0198683 962.314
16 739   -0.0420414 -0.0170891 965.443
16 740   -0.00625171 -0.0131094 861.477
16 741   -0.00540886 -0.0115942 817.303
16 742   -0.00688684 -0.0122593 813.212
16 743   -0.00629565 -0.0116094 791.694
16 744   -0.00471881 -0.0134797 907.445
16 745   -0.00533197 -0.0131396 884.716
16 746   -0.00506383 -0.012537 875.332
16 747   -0.00509679 -0.0120117 850.716
16 748   -0.00462593 -0.0125218 894.846
16 749   -0.00387508 -0.0128775 918.942
16 750   -0.00430287 -0.0129544 909.89
16 751   -0.00341877 -0.0123451 924.45
16 752   -0.00383645 -0.0124838 925.742
16 753   -0.00400159 -0.0121904 936.967
16 754   -0.00344074 -0.012075 939.294
16 755   -0.0037271 -0.0120285 965.015
16 756   -0.0112913 -0.0229151 968.528
16 757   -0.0092612 -0.024631 968.589
16 793   -0.00669545 -0.0181062 852.723
16 794   -0.00479006 -0.0156566 927.6
16 795   -0.00606032 -0.0161028 908.44
16 797   -0.00467536 -0.011734 851.97
16 798   -0.00451109 -0.012074 883.744
16 799   -0.00423197 -0.0119663 899.474
16 802   -0.0113388 0.0229342 969.017
16 803   -0.00946893 0.024693 969.103
16 804   -0.0329423 0.023087 967.638
16 805   -0.0348526 0.0252982 968.653
16 815   -0.0510348 0.0324944 678.863
16 831   -0.0461687 -0.032367 727.169
16 844   -0.0329626 -0.0212256 960.24
16 862   0.000997331 -0.012455 936.815
16 863   0.000908773 -0.0124694 941.561
16 898   0.00386111 0.0322479 696.426
16 901   -0.00520388 0.0137535 883.214
16 902   -0.00497434 0.0147348 914.327
16 903   -0.00430127 0.0126745 805.101
16 904   -0.00388933 0.0136698 905.193
16 905   -0.00451784 0.013541 883.097
16 906   -0.00338466 0.0128501 899.209
16 907   -0.00368183 0.0123455 829.143
16 908   0.00657379 -0.0116579 801.03
16 909   0.00716498 -0.0124082 832.056
16 910   0.00649494 -0.0129843 813.83
16 911   0.00501696 -0.0124337 740.628
16 912   0.00586433 -0.0126323 782.29
16 913   0.00594318 -0.0118358 765.473
16 915   0.00539141 -0.0114824 727.518
16 916   0.00480021 -0.0117921 711.201
16 917   -0.00290847 -0.0319955 842.273
16 918   -0.00266462 -0.0284838 889.248
16 920   0.000233135 -0.0335238 730.156
16 921   0.00386657 -0.0335238 683.527
16 961   -0.0242355 -0.0325 962.127
16 962   -0.029408 -0.0249512 968.772
16 963   -0.0259627 -0.0225 968.769
16 964   -0.020907 -0.0297217 963.513
16 965   -0.0220957 -0.0247217 967.109
16 966   -0.0136305 -0.0291651 958.266
16 967   -0.0161507 -0.0322217 956.795
16 968   -0.0142786 -0.0241651 968.674
16 972   -0.0505643 -0.0249961 848.938
16 973   -0.0490991 -0.02991 719.26
16 974   -0.0510348 -0.0325431 678.334
16 1135   -0.0386269 -0.0213938 741.396
16 1136   -0.0393527 -0.0200277 790.133
16 1137   -0.0401724 -0.0222451 917.427
16 1138   -0.0408981 -0.020879 924.425
16 1139   -0.0370673 0.0218362 824.961
16 1140   -0.0410322 0.0218351 936.515
16 1141   -0.0403511 0.0234396 956.714
16 1142   -0.0384036 0.0246331 960.829
16 1143   -0.0368445 0.0240475 947.813
16 1162   -0.00661299 -0.0216021 781.633
16 1163   -0.0080598 -0.0218296 849.954
16 1164   -0.00644939 -0.023318 942.363
16 1165   -0.00789619 -0.0235455 952.793
16 1166   -0.00815571 0.0218575 870.037
16 1167   -0.00815212 0.0236164 960.397
16 1168   -0.00683352 0.0234191 952.539
16 1169   -0.00689751 0.0209307 725.666
16 1170   -0.00623641 0.0217115 868.964
16 1171   -0.00589058 -0.0193117 817.89
16 1172   -0.00588992 -0.0207628 768.808
16 1173   -0.00428148 -0.0190847 927.586
16 1174   -0.00428082 -0.0205358 925.191
16 1175   -0.00574417 0.0131228 840.463
16 1176   -0.00659521 0.0135581 881.81
16 1177   -0.00707448 0.0130012 873.64
16 1179   -0.00707448 0.0119283 851.256
16 1180   -0.00648329 0.0115227 798.025
16 1227   0.0072044 -0.0106849 878.55
16 1228   0.00661321 -0.0109947 804.997
16 1232   -0.00661321 0.0108223 796.412
16 1233   -0.0072044 0.0105125 879.109
16 1236   0.0072044 0.0122312 814.629
16 1237   0.00681028 0.0113995 769.376
16 1238   0.00621908 0.0111902 769.936
16 1239   0.0056156 0.0124999 856.332
16 1240   0.00587422 0.0116305 800.728
16 1241   0.0048951 0.0127253 885.874
16 1242   0.00301161 0.0124698 875.145
16 1243   0.00315703 0.0129564 901.859
16 1244   0.00635648 0.0151535 961.991
16 1245   0.00711883 0.0143849 938.35
16 1246   0.00597342 0.0132756 893.99
16 1247   0.00682323 0.0131346 877.09
16 1248   0.00469677 0.0149162 960.972
16 1249   0.00546293 0.0140946 937.551
16 1250   0.0055504 0.0147221 955.021
16 1251   0.00390219 0.0141665 945.739
16 1252   0.0048018 0.01407 939.805
16 1253   0.00441681 0.0145073 953.313
16 1254   0.00454883 0.0132442 912.583
16 1255   0.00452262 0.0137427 930.486
16 1256   0.00405174 0.0137157 931.696
16 1257   0.00361749 0.0130868 911.613
16 1258   0.00392564 0.0133436 919.729
16 1259   0.00423025 0.0130908 910.366
16 1260   0.00409676 0.012423 905.532
16 1261   0.00373344 0.0128388 906.374
16 1262   0.00411075 0.0128292 904.717
16 1263   0.00335257 0.0123386 895.226
16 1264   0.00361394 0.0125772 903.647
16 1265   0.00382496 0.0122878 921.051
16 1266   0.00370547 0.0120262 957.859
16 1267   0.00342173 0.0120723 918.485
16 1291   -0.00698271 -0.0105109 664.047
16 1292   -0.0071305 -0.0104335 620.26
16 1309   0.00538156 0.0113695 797.443
16 1310   0.00498743 0.011576 815.876
16 1312   0.00475959 0.0120623 852.425
16 1313   0.0043162 0.0120351 867.603
16 1342   -0.0374914 -0.0216513 787.02
16 1343   -0.03671 -0.0228769 914.948
16 1344   -0.0358573 -0.0206128 855.725
16 1345   -0.035076 -0.0218384 931.583
16 1451   -0.00695971 0.0175406 968.019
16 1454   -0.00662916 0.0197121 820.157
16 1455   -0.00608887 0.0190337 928.686
16 1456   -0.00722985 0.0190671 892.304
16 1457   -0.00668956 0.0183888 962.099
16 1480   0.000129233 -0.0163304 957.66
16 1481   0.000514419 -0.0156234 954.611
16 1482   -0.000890072 -0.014181 969.603
16 1483   -0.000739697 -0.0149517 968.679
16 1484   -0.000142133 -0.0149545 965.179
16 1485   -0.000463993 -0.0139751 969.26
16 1486   -0.000121025 -0.0143924 966.688
16 1487   0.000544538 -0.0134786 965.11
16 1488   0.000513826 -0.0140025 962.202
16 1489   0.00010741 -0.0129071 967.943
16 1490   -0.00032134 -0.0135059 969.403
16 1491   5.23399e-05 -0.0133993 968.387
16 1492   -0.00222 -0.0177508 968.993
16 1493   -0.00364668 -0.018136 951.471
16 1494   -0.00398551 -0.0167299 945.518
16 1495   -0.0030608 -0.0160708 959.895
16 1496   -0.00209983 -0.0166118 968.836
16 1497   -0.00132807 -0.0153863 969.361
16 1498   -0.00111569 -0.0160961 968.5
16 1499   -0.00306062 -0.0147682 952.694
16 1500   -0.00286768 -0.015346 959.493
16 1501   -0.00211909 -0.0151771 966.953
16 1502   -0.0023837 -0.0139288 954.16
16 1503   -0.00207077 -0.0146702 965.311
16 1504   -0.0025533 -0.0145284 958.302
16 1505   -0.00129709 -0.0139533 968.19
16 1506   -0.00179294 -0.0142969 965.94
16 1507   -0.00200941 -0.0138443 959.051
16 1508   -0.00155316 -0.0129461 951.089
16 1509   -0.00174908 -0.0134817 958.286
16 1510   -0.00127802 -0.0135198 965.973
16 1511   -0.000900199 -0.0125141 957.894
16 1512   -0.00116555 -0.0128105 957.481
16 1513   -0.000998646 -0.0131579 966.092
16 1514   -0.000157937 -0.0128293 969.202
16 1515   -0.000624961 -0.0126771 966.684
16 1516   -0.000654785 -0.0129925 968.5
16 1517   -0.000384492 -0.0131129 969.643
16 1520   -0.000413318 -0.0125513 968.061
16 1521   -0.000216588 -0.0125832 969.314
16 1567   -0.0356252 0.021029 889.817
16 1568   -0.0334921 0.021029 955.718
16 1573   -0.0386394 0.0165022 945.53
16 1576   -0.0406411 0.0185133 933.787
16 1577   -0.039209 0.0176699 922.291
16 1578   -0.0380697 0.0186678 879.685
16 1579   -0.0398772 0.0203183 853.591
16 1580   -0.0384451 0.0203084 673.45
16 1581   -0.0242355 0.0325 962.566
16 1582   -0.0263321 0.0225 968.88
16 1583   -0.0297248 0.024558 969.102
16 1584   -0.0221099 0.0247281 967.182
16 1585   -0.0209224 0.0297281 963.917
16 1586   -0.014326 0.0241842 968.609
16 1587   -0.0161666 0.0322281 958.032
16 1588   -0.0136782 0.0291842 959.302
16 1590   -0.0195642 0.0222281 967.923
16 1591   -0.0164396 0.0222281 968.679
16 1601   0.000344241 0.0138353 962.425
16 1602   -3.53091e-05 0.014272 968.823
16 1603   -0.000494031 0.0136128 967.445
16 1604   -0.000527463 0.0140427 969.349
16 1605   0.000211485 0.0133925 956.326
16 1606   -0.000134633 0.0133992 961.949
16 1607   -7.36262e-05 0.0127091 964.918
16 1608   -0.000227159 0.0129367 959.896
16 1609   0.000549745 0.012789 916.8
16 1610   0.000308403 0.0130556 943.641
16 1611   0.000115818 0.0128347 942.163
16 1614   0.000487594 0.0125469 895.436
16 1615   0.000226726 0.0125893 913.172
16 1630   0.000467724 -0.023275 913.212
16 1631   0.00398849 -0.0273394 748.528
16 1632   0.000598905 -0.0267801 858.611
16 1633   0.00320628 -0.0217777 892.831
16 1634   0.00515417 -0.0238066 822.518
16 1635   -0.00238634 0.0180702 966.863
16 1636   -0.0045704 0.0172207 963.593
16 1637   -0.00505029 0.0186286 964.469
16 1638   -0.00405371 0.0191751 968.023
16 1639   -0.00224889 0.0169969 964.936
16 1640   -0.00343637 0.0166938 960.25
16 1641   -0.00109745 0.0162978 966.795
16 1642   -0.00139172 0.0154996 966.214
16 1643   -0.00232471 0.0153386 959.732
16 1644   -0.00321791 0.0158338 954.55
16 1645   -0.00352745 0.0143391 927.578
16 1646   -0.00392642 0.0151916 937.289
16 1647   -0.00227235 0.0145132 957.764
16 1648   -0.00276659 0.0141559 944.891
16 1649   -0.00163941 0.0140554 966.021
16 1650   -0.00162923 0.0135306 967.565
16 1651   -0.0020576 0.0132998 961.428
16 1652   -0.00256201 0.0134673 944.868
16 1653   -0.00253916 0.0124197 933.46
16 1654   -0.0028182 0.0128308 923.079
16 1655   -0.001913 0.0128319 966.984
16 1656   -0.00213837 0.0125882 961.34
16 1657   -0.00200296 0.0122785 967.28
16 1658   -0.0017858 0.0123137 967.349
16 1663   -0.0164247 -0.0222217 968.751
16 1664   -0.0195502 -0.0222217 967.949
16 1679   -0.0109569 0.0209781 961.549
16 1680   -0.00909065 0.0209781 903.575
16 1706   -0.0314882 0.033529 953.56
16 1707   -0.0295287 0.028087 965.635
16 1708   -0.0281028 0.031029 962.251
16 1709   -0.0347956 0.0322113 942.701
16 1710   -0.0333315 0.0277982 965.658
16 1711   -0.0352131 0.0294225 954.613
16 1730   -0.0492247 0.0260067 841.368
16 1731   -0.0491201 0.0299239 719.829
16 1732   -0.0434807 0.0258118 931.806
16 1733   -0.0459494 0.02453 917.739
16 1734   -0.0461898 0.0324295 726.976
16 1735   -0.0438256 0.029794 863.937
16 1748   -0.0386078 -0.018839 836.697
16 1750   -0.0398259 -0.0169111 941.808
16 1751   -0.0387181 -0.0155721 955.397
16 1754   -0.0499779 0.00574041 969.182
16 1755   -0.0499779 0.0107438 967.401
16 1758   -0.0109413 -0.0209717 958.152
16 1759   -0.00907483 -0.0209717 882.954
16 1772   0.00568328 -0.0320476 678.538
16 1773   0.00568328 -0.0290952 699.024
16 1775   -0.00457978 0.0120794 720.635
16 1778   -0.00533665 0.0123152 760.211
16 1779   -0.0055965 0.0116297 732.409
16 1827   -0.0511394 0.0177494 945.191
16 1828   -0.0457964 0.0167981 966.325
16 1829   -0.0485177 0.0154604 962.344
16 1830   -0.0497787 0.0204988 926.151
16 1831   -0.0470574 0.019756 949.71
16 1841   -0.0399779 0.0056614 969.672
16 1842   -0.0399779 0.0107174 969.281
16 1898   -0.0315145 -0.0337256 952.685
16 1899   -0.0296094 -0.0286769 964.4
16 1900   -0.0281295 -0.0312256 961.683
16 1901   -0.0346745 -0.0324046 941.936
16 1902   -0.0337522 -0.0298558 956.002
16 1903   -0.0511078 -0.0172584 947.268
16 1904   -0.0483233 -0.0182698 951.905
16 1905   -0.0499362 -0.0144775 961.642
16 1906   -0.0473725 -0.0139551 966.344
16 1907   -0.0457595 -0.0159945 967.182
16 1981   -0.0013303 0.0127096 952.709
16 1982   -0.00120313 0.0125232 906.322
16 1983   -0.0015972 0.0126549 966.474
16 1984   -0.00160542 0.0124465 957.015
16 1986   -0.00143325 0.0123709 915.667
16 1987   -0.00129786 0.0123929 883.712
16 1995   -0.0348123 -0.0260814 968.823
16 1996   -0.0357111 -0.0285348 957.509
16 1997   -0.0381491 -0.0284415 948.973
16 1998   -0.0384137 -0.0258009 967.125
16 1999   -0.036757 -0.0246686 962.208
16 2025   -0.00450606 0.031341 899.992
16 2026   -0.0013981 0.0266726 912.632
16 2027   -0.00134855 0.032863 808.177
16 2028   0.000462917 0.0301109 805.215
16 2029   -0.00457241 0.0261835 949.289
16 2030   -0.0058689 0.0280999 938.046
52 161   -0.0050014 0.00119197 915.533
52 162   -0.000825357 0.0012687 936.006
52 163   -0.00473796 -0.00116932 922.524
52 164   -0.000801105 -0.0010047 936.59
52 165   0.00306761 -0.000835966 926.982
52 166   0.00112333 0.00240067 940.138
52 167   0.00309134 0.00134824 931.334
52 168   -0.00266619 -0.00217065 936.533
52 169   0.00112385 -0.00205694 936.319
52 170   0.00484022 -0.00182085 914.928
52 171   0.00465019 -0.00396073 915.475
52 172   -0.00632175 -0.00231629 915.687
52 173   0.00477589 0.0024267 926.254
52 174   0.00652133 -0.000798623 907.272
52 175   0.00806701 -0.00169688 888.747
52 176   -0.000574119 0.00762958 967.498
52 177   0.009216 -0.000338982 899.462
52 178   -0.00786794 -0.00176454 906.611
52 179   0.00626091 0.0018497 913.542
52 180   -0.00861933 -0.000476943 907.376
52 181   0.000529366 0.00860413 968.703
52 182   0.00685898 0.000712081 909.12
52 183   0.00878217 0.00642027 897.147
52 184   -0.00877735 -0.00278451 892.481
52 185   -0.00875215 -0.00387671 886.23
52 186   0.00804557 0.00572418 909.046
52 187   0.0081549 0.00114425 905.26
52 188   0.00942835 0.00238223 881.248
52 189   0.00842932 0.00225678 899.376
52 190   -0.00976697 -0.0024027 867.79
52 191   0.00896624 0.000991438 912.101
52 192   0.000375593 -0.00965349 950.7
52 193   5.21774e-05 0.00973781 955.655
52 194   0.000103195 -0.0103403 939.983
52 195   0.00990488 0.00287911 822.504
52 196   -0.00960763 -0.000818877 920.949
52 197   0.00980998 0.0035433 804.958
52 198   -0.000998688 -0.0104233 961.407
52 199   -0.00961974 -0.00416844 831.905
52 200   -0.00995479 -0.00475532 810.931
52 201   0.000395867 0.0104603 952.807
52 202   -0.000417654 -0.0105649 956.621
52 203   -0.000656219 0.00994994 933.278
52 204   -0.00165121 -0.0114042 957.866
52 205   -0.00984584 -0.00172467 906.063
52 206   0.00979292 0.00170187 904.84
52 207   -0.0103004 -0.00288687 788.495
52 208   -0.000139327 0.0109353 931.159
52 209   -0.0011602 -0.0111929 965.473
52 210   -0.000636528 0.010678 903.193
52 211   -0.0101463 -0.00374069 770.465
52 212   -0.000720891 -0.011557 969.11
52 213   -0.000302637 -0.0113584 965.537
52 214   0.000573966 -0.0109249 900.114
52 215   0.010499 0.00364543 726.74
52 216   -0.0105407 -0.00449402 747.148
52 217   -0.0103162 -0.00337122 756.645
52 218   0.0105974 0.00268498 762.993
52 219   -0.000940922 0.0109445 863.46
52 220   -0.000167992 0.0113476 934.648
52 221   -0.010867 -0.00447174 722.907
52 222   -0.00127304 0.010886 848.939
52 223   -0.0107473 -0.00275441 754.935
52 224   -0.0105078 -0.00402104 732.27
52 225   0.000186012 -0.0116545 958.724
52 226   0.000379498 -0.0115404 913.613
52 227   -5.81309e-05 -0.0116334 966.633
52 228   -0.0108016 -0.00386705 705.799
52 229   -0.0107615 -0.00340955 711.316
52 230   0.000491108 -0.0113103 895.581
52 231   -0.00132618 0.0112473 802.631
52 232   0.00100734 -0.0113925 804.085
52 233   -0.000897116 0.0113049 828.319
52 234   -0.000497306 0.0115129 884.285
52 235   -0.0109901 -0.00403396 699.532
52 236   -0.0108855 -0.00362503 700.026
52 237   -0.0109639 -0.00324864 705.143
52 238   -0.0109654 -0.00307786 714.146
52 239   -0.000289832 0.0118014 951.359
52 240   -0.000795355 0.0114686 815.27
52 241   -0.00112346 0.0114033 787.606
52 242   0.000750223 -0.0114385 836.038
52 243   -0.000671274 0.0115307 833.649
52 244   0.000579887 -0.0117382 850.392
52 245   0.00110184 -0.0115523 761.011
52 246   -0.0111679 -0.00393877 689.283
52 247   -0.000457196 0.0117423 894.064
52 248   0.00073658 -0.0116227 807.329
52 249   -0.0111772 -0.00333184 692.624
52 250   -0.00112999 0.0115924 739.443
52 251   -0.0110913 -0.00358714 688.696
52 252   -0.000598752 0.0118535 828.246
52 253   -0.0112094 -0.00377328 683.014
52 254   -0.0111807 -0.00345486 687.278
52 255   0.000605445 -0.0118712 833.483
52 256   -0.000921458 0.0116424 751.128
52 257   0.00117653 -0.0116139 726.16
52 258   -0.00102975 0.0116678 708.757
52 259   0.000837833 -0.0117008 757.135
52 260   -0.011178 -0.00366413 683.368
52 261   0.0112844 0.00340263 682.874
52 262   -0.000732646 0.0117297 783.187
52 263   0.000945967 -0.0116764 731.863
52 264   -0.000700234 0.011823 774.093
52 265   -0.0113215 -0.00374831 677.237
52 266   -0.000890902 0.0117459 695.082
52 267   -0.0112846 -0.00348897 681.49
52 268   0.0113202 0.00350362 677.451
52 269   -0.000826171 0.011771 716.474
52 270   -0.000785675 0.0119043 626.281
52 271   -0.00105167 0.0117799 559.998
52 272   -0.0112691 -0.00358747 678.991
52 273   -0.000846124 0.011869 567.406
52 274   -0.0113481 -0.00346519 680.341
52 275   -0.000945842 0.0118129 553.852
52 276   -0.0113231 -0.00360881 675.719
52 277   -0.0113441 -0.0036605 674.425
52 278   -0.000998316 0.0118214 480.622
52 279   -0.000900491 0.0118966 382.597
52 280   -0.0113722 -0.00352821 676.275
52 281   -0.000935478 0.0118656 418.696
52 282   0.0114016 0.0036218 670.918
52 283   -0.0113627 -0.00357334 674.403
52 284   -0.0114558 -0.00356479 700.811
52 285   0.000986192 -0.011957 2.67417
52 343   0.008633 0.00735912 913.912
52 421   -0.00158719 0.010619 862.053
52 422   -0.00174286 0.00969551 906.487
52 423   -0.00127476 0.00994945 912.992
52 443   -0.00377117 -0.0102929 965.887
52 444   -0.00399313 -0.0108483 967.927
52 445   0.00140471 -0.0037543 939.995
52 446   0.00315844 -0.0046732 930.906
52 447   0.00334702 -0.00626569 935.712
52 448   0.00218282 -0.00651398 951.263
52 449   0.00105816 -0.00556985 951.922
52 450   0.000468632 -0.00440265 946.981
52 451   0.000166725 -0.00614285 959.086
52 452   -0.000974825 -0.00605689 960.192
52 453   0.000429976 -0.00750963 967.416
52 454   -0.00239945 -0.00800986 968.795
52 455   -0.00153116 -0.00704698 965.839
52 456   -0.000410996 -0.00885807 968.192
52 457   -0.000421123 -0.00791613 968.823
52 458   -0.00141319 -0.00990619 964.502
52 459   -0.00137934 -0.00898431 968.962
52 460   -0.00225776 -0.00900525 969.26
52 461   -0.00205083 -0.0100954 963.451
52 462   -0.00300184 -0.0100443 964.357
52 463   -0.00260496 -0.0096869 967.064
52 464   -0.00219182 -0.0104836 958.661
52 465   -0.00270361 -0.0104221 957.955
52 466   -0.00206989 -0.0110333 948.799
52 467   -0.00278516 -0.0114648 862.627
52 468   -0.00275294 -0.0107896 947.324
52 469   -0.00250712 -0.0114889 902.902
52 470   -0.00243257 -0.0111607 931.918
52 471   -0.00340107 -0.0109519 952.02
52 472   -0.00298767 -0.0109324 938.819
52 473   -0.00294535 -0.0112793 887.902
52 474   -0.00351205 -0.0112296 946.821
52 475   -0.00320544 -0.0113682 873.827
52 550   0.0106941 0.00332276 715.548
52 551   0.010943 0.00300434 714.006
52 552   0.0106977 0.0030265 729.386
52 553   0.0108887 0.0033644 701.698
52 554   0.0109749 0.00319061 703.305
52 555   0.0111548 0.00334953 689.668
52 556   0.0111336 0.003233 695.34
52 557   0.011055 0.00363851 688.708
52 558   0.0109789 0.00349848 694.109
52 559   0.0110863 0.00344122 689.692
52 560   0.0112646 0.0035469 678.671
52 561   0.0111645 0.00362489 683.088
52 562   0.0111603 0.0035376 684.044
52 563   0.0113553 0.00363335 673.301
52 564   0.0112455 0.00365888 678.908
52 565   0.011292 0.00360952 676.433
52 566   0.0112962 0.00370747 677.183
52 567   0.011309 0.00376183 678.095
52 571   0.00963205 0.0061803 873.066
52 572   0.0102639 0.00542656 815.502
52 573   0.00972621 0.00550925 852.02
52 574   0.00704494 0.00395074 912.474
52 575   0.00793977 0.0028157 901.882
52 576   0.00706728 0.00284078 909.835
52 577   0.00821188 0.00485311 900.59
52 578   0.00768286 0.00421686 906.264
52 579   0.00815198 0.00363446 898.703
52 580   0.00932653 0.0039172 851.398
52 581   0.00872739 0.0045951 888.213
52 582   0.00863461 0.00394631 889.045
52 583   0.00948122 0.00505287 854.148
52 584   0.00916596 0.00476982 871.522
52 585   0.00953055 0.00438312 836.2
52 586   0.0102244 0.00493903 792.297
52 587   0.00989366 0.00449349 803.96
52 588   0.00979795 0.00483885 823.198
52 589   0.0104067 0.00474567 769.047
52 590   0.0102336 0.00444166 769.026
52 591   0.0105827 0.00397254 721.38
52 592   0.0104376 0.00428451 743.779
52 593   0.0110417 0.00376265 690.265
52 594   0.0109352 0.00409911 703.206
52 595   0.0108546 0.0039081 702.073
52 596   0.0111248 0.004049 694.27
52 597   0.0112629 0.00385223 682.639
52 598   0.0111557 0.00388802 687.803
52 602   0.0106973 0.00474053 748.364
52 604   0.0109059 0.0043311 713.404
52 605   0.0106803 0.00445205 732.223
52 626   0.0113637 0.00367527 673.557
52 627   0.0113511 0.00370002 674.715
52 642   -0.00346899 -0.00800793 968.699
52 643   -0.00570354 -0.0076404 966.586
52 644   -0.00286597 -0.00383817 944.025
52 645   -0.00133544 -0.00440196 949.668
52 646   -0.00188747 -0.00548319 956.21
52 647   -0.00351334 -0.00647135 961.347
52 648   -0.00577421 -0.00385574 926.355
52 649   -0.00439019 -0.00437629 941.684
52 650   -0.00540433 -0.00643413 954.939
52 651   -0.00448554 -0.00592823 954.79
52 652   -0.00781626 -0.00440128 905.672
52 653   -0.00611852 -0.00540556 936.893
52 654   -0.00658374 -0.00437912 921.562
52 655   -0.00782306 -0.00517965 909.078
52 656   -0.00687901 -0.0056758 929.393
52 657   -0.00874233 -0.00593377 895.355
52 658   -0.00659885 -0.00740043 960.539
52 659   -0.00706013 -0.00646439 938.127
52 660   -0.00821202 -0.00670529 914.688
52 661   -0.00856746 -0.00750412 919.708
52 662   -0.00705725 -0.00796842 965.725
52 663   -0.0079633 -0.00841643 965
52 664   -0.00787398 -0.0078312 951.863
52 665   -0.00739273 -0.00863997 965.217
52 666   -0.00690041 -0.00846734 968.516
52 667   -0.00727519 -0.00908751 909.65
52 669   0.000809916 0.00409679 947.54
52 670   -0.000965895 0.0052302 950.313
52 671   -0.000285572 0.00636792 960.055
52 672   0.00119099 0.00581559 958.719
52 673   0.00178949 0.00465343 951.085
52 674   0.00443037 0.00395162 937.346
52 675   0.00307181 0.00455706 948.46
52 676   0.0064227 0.00447239 922.873
52 677   0.00493168 0.00545461 947.382
52 678   0.00530367 0.00443637 935.127
52 679   0.00579013 0.00575646 943.964
52 680   0.00722311 0.00592362 926.427
52 681   0.0065655 0.00529555 928.908
52 682   0.00684022 0.00657764 943.637
52 683   0.00599662 0.00645869 951.233
52 684   0.00695377 0.00729601 955.414
52 685   0.00638033 0.00775835 966.671
52 686   0.00774938 0.00764722 949.82
52 687   0.00776998 0.00838172 966.504
52 688   0.00716623 0.00868034 959.331
52 689   0.00657218 0.00840818 967.774
52 690   0.00724015 0.00916509 890.713
52 759   0.0010597 0.0105802 960.748
52 760   0.000967354 0.0112494 966.53
52 761   0.00154434 0.0114091 960.164
52 762   0.00373445 0.0102429 965.456
52 763   0.00398454 0.0108307 967.457
52 764   0.00217406 0.0063003 961.553
52 765   0.00410277 0.00604787 956.657
52 766   0.00311621 0.00563508 956.037
52 767   0.00148714 0.00832215 969.348
52 768   0.00220387 0.0072922 966.857
52 769   0.00163688 0.0100486 963.272
52 770   0.0017793 0.00920587 968.414
52 771   0.00251126 0.0090817 969.101
52 772   0.00264337 0.0097051 966.619
52 773   0.00298142 0.0100061 964.136
52 774   0.00217188 0.010137 962.401
52 775   0.00228815 0.0104725 957.557
52 776   0.00273171 0.0104036 957.602
52 777   0.00278663 0.0114582 864.379
52 778   0.00277588 0.0107529 947.399
52 779   0.00247633 0.0114853 907.098
52 780   0.00233232 0.0108217 948.056
52 781   0.00221586 0.0111775 938.766
52 782   0.00307424 0.0109301 938.771
52 783   0.00347713 0.0109561 954.419
52 784   0.00304631 0.0112932 884.9
52 786   0.00365318 0.0112269 957.984
52 787   0.0034492 0.0113192 927.641
52 788   0.00324522 0.0114114 858.246
52 817   -0.00431857 -0.00989673 966.831
52 818   -0.00427158 -0.00896454 969.122
52 819   -0.00515376 -0.010175 959.473
52 820   -0.00524547 -0.00862183 968.673
52 821   -0.00566843 -0.00910498 956.996
52 822   -0.00552972 -0.009726 945.982
52 823   -0.00638341 -0.00889783 949.186
52 825   -0.00601314 -0.00998428 916.497
52 833   0.00189555 -0.00909384 945.316
52 834   0.00139995 -0.00812447 968.542
52 835   0.00226136 -0.00770182 961.062
52 837   0.00269423 -0.00915371 968.12
52 838   0.00366807 -0.00868977 942.097
52 839   0.00302853 -0.00854488 959.728
52 852   -0.00634339 0.00510257 898.484
52 897   -0.00694347 0.00614268 894.236
52 925   0.00792369 -0.00410727 883.917
52 926   0.00840422 -0.00300985 878.562
52 930   0.00123892 -0.0100099 912.941
52 931   0.00179903 -0.00977736 900.39
52 932   0.00107476 -0.011166 831.802
52 933   0.000900497 -0.0108266 877.316
52 934   0.00129305 -0.0105984 876.804
52 936   0.00137085 -0.0110809 826.625
52 937   0.00156378 -0.0107949 851.068
52 992   0.000980417 -0.0117479 657.83
52 993   0.000950501 -0.0118005 580.55
52 996   0.001083 -0.0117526 610.316
52 997   0.00104276 -0.0117624 602.723
52 998   0.000992717 -0.01182 499.909
52 999   0.00104714 -0.0118348 435.401
52 1000   0.00103424 -0.0118041 521.551
52 1001   0.000979103 -0.0118778 314.366
52 1002   0.00101953 -0.0118529 387.55
52 1003   0.000991685 -0.0118485 422.411
52 1005   0.00101957 -0.0118778 290.084
52 1006   0.00100165 -0.011913 102.464
52 1007   0.00100054 -0.0118918 231.047
52 1055   -0.00101569 0.0118688 331.58
52 1057   -0.000967326 0.0118859 296.88
52 1058   -0.00100495 0.0119035 153.247
52 1059   -0.00099506 0.0118806 290.875
52 1060   -0.000987161 0.011912 126.364
52 1061   -0.000967269 0.0119057 205.839
52 1062   -0.000910428 0.011938 211.477
52 1064   -0.000953813 0.0119204 149.181
52 1065   -0.000936904 0.0119332 133.033
52 1066   -0.000982716 0.0119275 61.6977
52 1067   -0.000964315 0.0119307 75.4351
52 1077   -0.0113892 -0.00365579 672.053
52 1080   -0.0113864 -0.00359813 672.357
52 1081   -0.011414 -0.00362865 670.406
52 1082   -0.0113918 -0.0036289 671.64
52 1083   -0.0114147 -0.00360651 670.43
52 1084   -0.0114024 -0.00358924 671.703
52 1085   -0.0114298 -0.00359853 669.646
52 1086   0.000798796 -0.0117993 728.521
52 1087   0.000762478 -0.011912 687.012
52 1088   0.000723101 -0.0118543 762.508
52 1089   0.000906279 -0.0118272 571.211
52 1090   0.000847749 -0.0118278 655.449
52 1091   0.00082972 -0.0118878 587.317
52 1092   0.00090822 -0.0118738 452.331
52 1093   0.000890167 -0.0119352 288.601
52 1094   0.000869379 -0.0119034 459.632
52 1095   0.000960154 -0.011893 279.473
52 1096   0.000932461 -0.0118908 347.821
52 1097   0.000923984 -0.011923 227.776
52 1098   0.000962206 -0.0119177 139.185
52 1099   0.000944906 -0.0119315 114.1
52 1101   -0.011404 -0.00352225 675.881
52 1104   0.0114021 0.00359171 670.945
52 1105   0.011386 0.00354102 673.48
52 1106   0.0114113 0.00353064 673.161
52 1108   0.0114288 0.00359774 669.416
52 1109   0.0114271 0.0035674 670.81
52 1110   0.0114436 0.00358326 668.945
52 1111   0.0114285 0.0035838 669.763
52 1112   0.0114536 0.00357036 671.226
52 1113   0.0114452 0.00357121 670.204
52 1114   0.0114402 0.00356191 670.942
52 1121   0.00095019 -0.0119471 43.6346
52 1132   -0.000988677 0.0119365 22.7223
52 1157   -0.00655416 -0.00969901 816.355
52 1160   -0.00663241 -0.00930285 883.952
52 1161   -0.00703188 -0.00931989 847.196
52 1294   -0.0063964 -0.00981111 855.98
52 1295   -0.0062431 -0.00988038 890.979
52 1321   0.00426006 0.00687753 963.016
52 1322   0.00529545 0.00698649 961.47
52 1323   0.00556561 0.00756779 966.452
52 1324   0.00330331 0.00745663 967.135
52 1325   0.00499437 0.00816029 969.4
52 1326   0.0042113 0.00967553 967.167
52 1327   0.00332616 0.0088153 969.498
52 1328   0.00376747 0.0081581 969.292
52 1329   0.0061961 0.00882603 954.526
52 1330   0.005433 0.0087687 966.429
52 1331   0.00509123 0.00962674 960.013
52 1332   0.00550435 0.0101421 948.768
52 1333   0.00632223 0.0092966 911.998
52 1334   0.00597225 0.00975462 913.278
52 1335   0.00677223 0.00936349 860.482
52 1336   0.00672822 0.00968315 795.162
52 1338   0.0064133 0.0099069 857.224
52 1339   0.00610733 0.0100453 905.91
52 1421   -0.00369135 0.00249806 922.987
52 1422   -0.00221641 0.00243 933.071
52 1423   -0.00204353 0.00469538 941.567
52 1424   -0.00500116 0.00484088 913.057
52 1425   -0.00417303 0.00407263 920.004
52 1426   -0.00319507 0.00511353 933.401
52 1427   -0.00455752 0.00572844 917.776
52 1428   -0.00348889 0.00603513 933.602
52 1429   -0.00474976 0.00655634 915.387
52 1430   -0.00579349 0.00670889 906.553
52 1431   -0.00588415 0.00744311 904.364
52 1433   -0.0046507 0.00825034 909.909
52 1434   -0.00519383 0.00799773 897.821
52 1437   0.00705583 -0.00472808 887.938
52 1438   0.00580066 -0.00487229 906.221
52 1439   0.00724404 -0.00609235 888.574
52 1440   0.0043994 -0.0069896 920.232
52 1441   0.00536129 -0.00630866 909.916
52 1442   0.00619771 -0.00659278 903.971
52 1443   0.0059878 -0.00737732 905.242
52 1444   0.00519307 -0.00775384 900.859
52 1445   0.00410679 -0.00825905 925.702
52 1446   0.00444109 -0.00765023 917.909
52 1449   0.00513034 -0.00823636 896.909
52 1450   0.0045872 -0.00848897 910.929
52 1533   -0.0099497 -0.00538502 836.752
52 1534   -0.00959803 -0.00607684 874.946
52 1843   -0.00655616 0.00217363 904.975
52 1844   -0.00700241 0.00412554 893.329
52 1845   -0.00808627 0.00108978 899.474
52 1846   -0.00901305 0.00194428 870.813
52 1849   -0.00874203 0.0030912 875.828
52 1850   -0.0082615 0.00418862 883.829
52 1908   -0.00178793 0.00806721 966.724
52 1909   -0.00186095 0.00899995 951.151
52 1910   -0.00275413 0.00908484 968.555
52 1911   -0.00329727 0.00883223 954.434
52 1912   -0.00287085 0.00719232 949.562
52 1913   -0.00379948 0.00816288 935.281
52 1914   -0.00371765 0.0073294 935.703
52 1936   0.000474136 0.0116232 969.073
52 1938   0.000134455 0.0115541 966.58
52 1939   -2.74946e-05 0.0117784 968.587
52 2058   -0.000938952 0.0119499 62.2948
52 2115   -0.000960644 0.0119411 44.6426
52 2116   -0.00095219 0.0119475 39.4064
52 2117   -0.000961757 0.0119555 9.58986
52 2118   -0.000979565 0.0119442 12.0386
52 2119   -0.000969933 0.0119455 15.9393
52 2120   -0.000970489 0.0119527 7.81573
52 2121   -0.000976137 0.0119573 3.95491
52 2122   -0.000980986 0.0119519 5.61145
52 2123   -0.0114106 -0.00357229 672.24
52 2124   -0.0114327 -0.00355117 673.895
52 2125   -0.0114138 -0.00355029 673.859
52 2126   -0.0114303 -0.00358619 670.238
52 2127   -0.0114235 -0.00357722 671.405
52 2128   -0.0114363 -0.00356946 672.981
52 2129   -0.0114525 -0.00357114 681.78
52 2131   -0.0114451 -0.00357451 673.215
52 2132   -0.0114425 -0.00358304 669.849
52 2133   0.000974295 -0.0119267 70.7647
52 2134   0.000984626 -0.0119435 9.02401
52 2135   0.000990528 -0.0119347 20.9752
52 2136   0.000987273 -0.0119253 59.1697
52 2137   0.00097621 -0.0119453 9.48425
52 2138   0.000962329 -0.0119445 26.6328
52 2139   0.000969134 -0.0119378 35.2882
52 2140   0.000969275 -0.0119534 6.27651
52 2141   0.000978142 -0.0119527 4.13593
end
