735
52 1   0.000909546 0.00120462 959.877
52 2   0.00219872 -0.00102848 958.194
52 3   -0.00405899 -0.000225711 951.464
52 4   -0.00209131 0.00147504 959.549
52 5   0.0018381 0.00417401 964.633
52 6   -0.00394369 -0.00300432 954.236
52 7   0.00113098 -0.00400124 964.906
52 8   -0.00265508 0.00446864 964.474
52 9   -0.000569689 0.00586464 968.611
52 10   0.0047396 -0.00136405 950.857
52 11   0.00361021 0.0052471 964.654
52 12   -0.000592293 -0.00494669 967.418
52 13   0.00626446 -0.000389855 938.263
52 14   -0.00621439 0.00106598 941.98
52 15   -0.00446414 0.00538838 963.406
52 16   -0.00862717 -0.00154147 906.924
52 17   -0.000632464 0.00791953 969.226
52 18   -0.00801013 0.000213606 918.334
52 19   -0.00241011 -0.00448212 965.176
52 20   0.00788133 -0.00234174 942.483
52 21   -0.00658851 0.00314319 949.315
52 22   -0.0060388 0.00453843 954.42
52 23   0.0091217 0.000872487 902.161
52 24   0.00905158 -0.00148349 920.638
52 25   -0.00481037 0.00730032 968.535
52 26   -0.00894815 0.00203977 934.371
52 27   0.00218327 -0.00870022 969.025
52 28   0.000803809 -0.00890739 968.266
52 29   0.000781842 0.00889217 964.567
52 30   -0.000670281 -0.00702799 969.484
52 31   -0.00208116 0.0088488 969.024
52 32   -0.000212967 -0.00823923 967.711
52 33   0.00340186 0.00732763 965.474
52 34   -0.00419702 0.00838904 969.13
52 35   0.00796555 -0.00392297 952.3
52 36   0.00199992 0.00880437 952.491
52 37   -0.008134 0.0034624 953.871
52 38   0.00442059 -0.0102793 947.779
52 39   -0.00215781 -0.00747534 965.319
52 40   -0.00177635 0.010368 967.985
52 41   -0.0032141 0.00880237 968.669
52 42   -0.00630226 0.00748037 965.887
52 43   -0.000757464 -0.0111459 960.97
52 44   -0.00148166 -0.0103746 957.449
52 45   0.00278504 0.00822164 947.192
52 46   -0.00710263 0.00568878 947.77
52 47   0.00626593 0.00686189 950.443
52 48   0.00534743 0.00763104 967.003
52 49   -0.00229514 -0.00867082 948.211
52 50   -0.00135731 -0.00917628 957.481
52 51   -0.00450149 0.0104305 944.717
52 52   -0.00508157 0.00951194 957.895
52 53   -0.00357333 0.0102127 961.355
52 54   -0.00701986 0.00671878 953.374
52 55   0.00449857 0.00787868 923.924
52 56   -0.00233628 -0.0106838 950.291
52 57   -0.00426454 -0.00887876 852.903
52 58   -0.00587651 0.00966731 943.828
52 59   0.00198886 0.0107841 958.309
52 60   0.00234541 0.0100024 940.861
52 61   -0.00375585 -0.00922988 881.2
52 62   -0.00297517 -0.00921738 920.117
52 63   -0.00799074 0.00550778 931.852
52 64   0.0090052 -0.00458379 937.131
52 65   -0.00856168 0.0044269 951.067
52 66   -0.00786736 0.00703858 936.642
52 67   -0.00811497 0.00766705 941.209
52 68   -0.00267829 -0.0112671 965.197
52 69   0.00307512 0.0101117 912.677
52 70   -0.00289196 -0.010032 918.66
52 71   -0.00835315 0.00504023 932.446
52 72   0.00897258 -0.0051905 913.556
52 73   0.00250057 0.0112699 966.193
52 74   -0.00395133 -0.00998638 854.637
52 75   -0.00877686 0.00756822 911.518
52 76   -0.0083725 0.00662999 913.78
52 77   -0.00924719 0.00452905 940.477
52 78   -0.00841311 0.00612919 913.406
52 79   -0.00343063 -0.0102988 887.084
52 80   0.0041499 0.0102472 835.502
52 81   0.00953467 -0.00535548 891.587
52 82   0.00322049 0.0106604 915.723
52 83   -0.00894469 0.00536499 910.836
52 84   0.00300249 0.0110369 953.39
52 85   -0.00927483 0.00510486 912.837
52 86   -0.00961158 0.00537296 892.7
52 87   -0.00883408 0.00681524 895.011
52 88   -0.00888159 0.0060375 897.912
52 89   -0.00899084 0.007125 887.642
52 90   -0.00425609 -0.0102275 826.333
52 91   0.00949652 -0.00576932 854.483
52 92   -0.00328065 -0.0110148 932.632
52 93   -0.00905076 0.00574085 897.28
52 94   -0.00347731 -0.0106983 887.027
52 95   0.00390565 0.0106157 835.871
52 96   0.00360445 0.0107392 876.691
52 97   0.0032733 0.0112891 964.93
52 98   -0.00947971 0.00672093 778.41
52 99   -0.00962611 0.00575573 849.222
52 100   -0.00939543 0.00586349 862.395
52 101   0.00977704 -0.00588256 800.547
52 102   -0.00412312 -0.0106137 809.684
52 103   -0.00376841 -0.0108141 845.959
52 104   -0.00975039 0.00662485 714.921
52 105   -0.00397948 -0.0107922 807.059
52 106   0.00975986 -0.00611931 756.403
52 107   0.00408699 0.0108263 794.354
52 108   0.00964489 -0.00678422 740.565
52 109   -0.00350179 -0.0111896 931.86
52 110   -0.00985708 0.00593097 795.972
52 111   0.00364211 0.0110099 878.749
52 112   -0.00979988 0.00644107 711.177
52 113   0.00352897 0.0111833 931.444
52 114   -0.00358483 -0.0113211 947.626
52 115   0.00973672 -0.00661047 715.959
52 116   -0.00371086 -0.011047 855.892
52 117   -0.0040565 -0.0110171 757.631
52 118   0.00397533 0.0109993 784.105
52 119   0.00383165 0.0110594 822.877
52 120   0.00366326 0.0113035 933.175
52 121   0.00992706 -0.00616642 726.193
52 122   0.00384955 0.0112096 800.721
52 123   -0.00381832 -0.0111354 820.306
52 124   -0.00997776 0.00642869 690.393
52 125   0.00405791 0.0111003 721.353
52 126   0.00987821 -0.00663661 697.22
52 127   -0.00378692 -0.0112467 842.015
52 128   -0.00399079 -0.0111286 717.67
52 129   -0.0039192 -0.0111459 763.851
52 130   0.0100188 -0.00614633 725.825
52 131   0.0037943 0.0112803 857.668
52 132   0.00394612 0.011237 675.721
52 133   0.00401079 0.0111878 631
52 134   -0.0100446 0.00648306 678.48
52 135   0.00396624 0.0112943 431.713
52 136   0.00404793 0.0112312 378.088
52 137   0.00403466 0.0112698 92.6913
52 138   0.00401245 0.0112861 114.605
52 139   0.00402604 0.0112822 129.212
52 140   0.00403914 0.0112958 3.8481
52 141   -0.0101428 0.00640829 925.766
52 142   0.00404728 0.0112943 2.98254
52 473   0.00504752 -0.00936817 959.72
52 474   0.00600696 -0.00962973 941.057
52 510   -0.00649993 0.00841508 969.243
52 511   -0.00623156 0.00917245 956.741
52 512   -0.00699033 0.0093585 941.932
52 513   -0.00667397 0.0095316 929.404
52 661   0.000126134 0.0101447 964.043
52 662   -0.000983358 0.0106913 967.268
52 663   0.000177576 0.0113471 958.396
52 664   0.00135231 0.0109855 961.77
52 665   0.000623026 0.0106915 961.484
52 666   0.000508837 0.0117116 949.179
52 669   0.000906861 0.011641 961.957
52 670   0.00130488 0.0115705 964.79
52 708   -0.00317195 0.0108954 964.431
52 709   -0.00250791 0.0110043 968.451
52 712   0.00216999 -0.0110989 968.706
52 713   0.00349995 -0.0106559 961.498
52 714   0.00275719 -0.0102451 967.011
52 767   -0.00404736 -0.011203 534.975
52 775   -0.00905681 0.0065764 876.943
52 776   -0.00928706 0.00658204 832.621
52 777   -0.00906371 0.00629945 881.24
52 778   -0.00940557 0.00609645 836.15
52 779   -0.00924302 0.00623576 858.687
52 780   -0.00934491 0.00637442 825.875
52 781   -0.00966171 0.0063278 749.149
52 782   -0.00953118 0.00616404 801.062
52 783   -0.00948375 0.00630618 795.146
52 784   -0.00981551 0.00608247 764.774
52 785   -0.0098951 0.0061769 736.591
52 786   -0.00966934 0.00613845 774.682
52 787   -0.00974892 0.00623288 743.498
52 788   -0.00999112 0.00618355 730.649
52 792   -0.00997768 0.00633788 701.22
52 793   -0.0100526 0.00626019 713.394
52 794   -0.00998303 0.00626199 713.801
52 796   -0.0100762 0.00642828 681.463
52 798   -0.0101005 0.00643813 677.59
52 815   0.0101054 -0.00642396 677.701
52 816   0.0101221 -0.00642684 676.887
52 817   0.00269218 -0.00566625 967.074
52 818   0.00280568 -0.00761576 969.598
52 819   0.00507796 -0.00743993 968.786
52 820   0.00433788 -0.00819512 969.373
52 821   0.00481491 -0.0037301 956.947
52 822   0.00383523 -0.00505954 963.9
52 823   0.00468881 -0.00625386 965.623
52 824   0.00701514 -0.00434208 947.892
52 825   0.00583285 -0.0043322 954.768
52 826   0.00563808 -0.00565686 959.984
52 827   0.00629715 -0.00766613 967.114
52 828   0.00741525 -0.0054886 942.189
52 829   0.00665976 -0.00607587 953.463
52 830   0.00692967 -0.00689906 955.878
52 831   0.00857873 -0.00551991 915.311
52 832   0.00809146 -0.00574639 926.397
52 833   0.00826158 -0.00625208 916.994
52 834   0.00918282 -0.00594852 877.01
52 835   0.00882711 -0.00586409 901.791
52 836   0.00867058 -0.00618713 903.829
52 837   0.00788327 -0.00761386 947.77
52 838   0.00810097 -0.0066612 923.747
52 839   0.00760961 -0.00697376 944.034
52 840   0.0083941 -0.00698133 915.333
52 841   0.00875315 -0.00765943 916.234
52 842   0.00833701 -0.00752487 930.298
52 843   0.00923422 -0.00718347 861.721
52 844   0.008725 -0.00697048 902.524
52 845   0.00889546 -0.00726132 899.19
52 846   0.0088978 -0.00643054 891.336
52 847   0.00890477 -0.00673749 890.502
52 848   0.009405 -0.00671891 799.259
52 849   0.00920592 -0.0068832 850.694
52 850   0.00931026 -0.00648428 825.146
52 851   0.00910421 -0.00634162 872.368
52 852   0.00923269 -0.00618264 856.955
52 853   0.0096003 -0.00623546 767.653
52 854   0.00943191 -0.00625052 808.852
52 855   0.00944558 -0.00640007 793.596
52 856   0.00968422 -0.00649318 726.621
52 857   0.00965921 -0.00634246 742.332
52 858   0.00956873 -0.00642757 758.081
52 859   0.00976561 -0.00637009 717.748
52 860   0.00978379 -0.00644603 710.084
52 861   0.00989494 -0.00628721 709.624
52 862   0.00984098 -0.00634251 709.191
52 863   0.00990125 -0.00637246 700.319
52 864   0.00995659 -0.00629353 703.951
52 865   0.00995382 -0.00634081 698.557
52 866   0.0100182 -0.00625846 705.7
52 867   0.0100045 -0.0063448 694.535
52 868   0.0100758 -0.00629641 700.092
52 869   0.010036 -0.00629475 700.351
52 871   0.00999037 -0.00654794 683.335
52 872   0.00992288 -0.00655111 690.76
52 873   0.00992304 -0.00643184 693.831
52 874   0.00988095 -0.00647783 696.613
52 875   0.00998692 -0.00644524 686.002
52 876   0.0100123 -0.00648805 681.143
52 877   0.0100743 -0.0064337 677.975
52 878   0.0100642 -0.00646628 676.182
52 879   0.0100198 -0.00637365 689.996
52 880   0.0100119 -0.00640605 686.73
52 881   0.0100473 -0.00641627 682.607
52 882   0.0100626 -0.00639449 684.569
52 883   0.0100478 -0.00637327 688.501
52 884   0.0100978 -0.00634922 692.735
52 885   0.0100723 -0.00634608 692.541
52 886   0.0101025 -0.00640252 683.01
52 887   0.0100973 -0.0063724 688.976
52 888   0.0100867 -0.00639047 685.031
52 891   0.0101178 -0.006372 690.769
52 892   0.0101129 -0.00639603 685.617
52 893   0.0101176 -0.00638359 688.991
52 894   0.0101277 -0.00638869 690.236
52 895   0.0101258 -0.00641319 684.089
52 896   0.0101266 -0.00639844 688.454
52 897   0.0101195 -0.00640382 684.878
52 898   0.0101399 -0.00641485 706.978
52 899   0.0101328 -0.00640424 690.39
52 900   0.0101341 -0.00641106 692.72
52 931   0.00767746 -0.00808248 962.219
52 932   0.00677128 -0.00820945 968.844
52 933   0.00668376 -0.0087585 966.992
52 934   0.00642899 -0.00923193 951.414
52 935   0.00723541 -0.00902525 961.006
52 937   0.00683331 -0.00957922 920.04
52 938   0.00712795 -0.00941814 932.501
52 970   -0.00609054 -0.00647052 948.721
52 985   0.00757993 -0.00890402 960.755
52 986   0.00793446 -0.00851031 967.382
52 1006   -0.00794773 0.00821539 961.24
52 1008   -0.00733082 0.00906909 959.745
52 1009   -0.00728282 0.00848482 968.725
52 1230   -0.00385348 -0.011294 800.156
52 1234   -0.003928 -0.0112307 710.681
52 1235   -0.00392527 -0.0113007 656.42
52 1236   -0.00389369 -0.0112675 751.656
52 1237   -0.00395642 -0.0112798 555.633
52 1238   -0.00396274 -0.011248 609.161
52 1239   -0.0040249 -0.0112319 460.528
52 1240   -0.00399609 -0.0112431 505.015
52 1242   -0.00404653 -0.0112484 305.755
52 1253   0.00348695 0.00905825 899.447
52 1254   0.00343154 0.0097503 891.708
52 1255   0.00397511 0.00989375 857.638
52 1256   0.00422272 0.00948142 851.121
52 1257   0.00435095 0.00870163 844.413
52 1258   0.00395614 0.00898719 873.199
52 1261   0.00455602 0.00937449 832.703
52 1262   0.00467904 0.00901721 820.988
52 1277   -0.00815342 -0.00324797 905.98
52 1279   -0.00684341 -0.00556384 927.894
52 1280   -0.00642251 -0.00398981 933.101
52 1316   0.00150728 -0.0112078 968.443
52 1318   0.000715019 -0.0105612 966.428
52 1319   0.000132366 -0.0111898 961.558
52 1356   0.00507556 0.00430484 951.114
52 1357   0.0061753 0.00575315 939.897
52 1358   0.00780445 0.00237694 910.675
52 1359   0.00611746 0.00197284 934.426
52 1361   0.00743721 0.00514206 918.786
52 1362   0.00802445 0.00409784 910.612
52 1439   -0.000386838 0.0115454 963.685
52 1440   -0.00105088 0.0114365 968.302
52 1549   -0.00426992 -0.0080004 919.735
52 1550   -0.00505946 -0.00670391 966.629
52 1551   -0.00528462 -0.00777544 964.856
52 1552   -0.00323394 -0.00713501 966.658
52 1553   -0.00356423 -0.0062231 968.887
52 1581   -0.00398368 -0.0112944 355.562
52 1602   -0.00400429 -0.0112632 388.981
52 1603   -0.0039982 -0.0112827 314.579
52 1604   -0.00402236 -0.0112655 282.547
52 1605   -0.00403579 -0.0112619 243.255
52 1606   -0.0100566 0.00631753 703.266
52 1607   -0.0100379 0.00635464 696.482
52 1608   -0.0100977 0.006335 702.211
52 1609   -0.0100947 0.00637193 695.127
52 1610   -0.0100697 0.00639067 689.512
52 1612   -0.0101135 0.00638092 696.398
52 1615   -0.010108 0.00641879 683.817
52 1616   -0.0101277 0.0063992 700.402
52 1617   -0.010112 0.00639939 692.84
52 1618   -0.0101368 0.00641492 802.338
52 1621   -0.0101207 0.00642422 682.673
52 1622   -0.0101279 0.006414 712.407
52 1667   -0.00948172 0.00694103 786.958
52 1668   -0.0093307 0.00710907 836.471
52 1701   -0.00404416 -0.0112739 90.1267
52 1711   -0.00401224 -0.0112956 121.188
52 1715   -0.00401999 -0.0112893 105.109
52 1716   -0.00402402 -0.0112787 161.9
52 1717   -0.00402841 -0.011297 19.5819
52 1718   -0.00403378 -0.0112911 20.3341
52 1719   -0.00403879 -0.0112803 69.7213
52 1720   -0.00403207 -0.0112816 88.1382
52 1721   -0.00403848 -0.0112957 5.71488
52 1722   -0.00404148 -0.0112902 9.13414
16 386   -0.0449783 0.00321539 952.123
16 387   -0.0451578 -0.00297231 952.2
16 388   -0.0399783 0.00821672 947.3
16 389   -0.0411404 -0.00651648 950.32
16 390   0.00226336 -0.0239034 931.384
16 391   0.00563875 -0.0218352 932.451
16 392   -0.0384826 -0.00724058 947.239
16 393   -0.0011651 -0.0214958 968.826
16 394   0.00413086 -0.018249 967.236
16 395   0.00234574 0.022262 935.11
16 396   0.00468573 0.022364 913.302
16 397   -0.00211884 0.0215739 962.306
16 398   0.00642611 0.0189913 930.475
16 399   0.00490137 0.0176662 943.255
16 400   0.00520995 -0.0161938 968.411
16 401   -0.0029523 0.0173386 939.733
16 402   0.00256139 0.0192192 954.502
16 403   0.00671783 -0.0154547 962.022
16 404   0.0048382 0.0157817 945.982
16 405   -0.00284355 0.0154539 949
16 406   0.00100977 -0.0153311 967.864
16 407   -0.00575814 0.014286 904.982
16 408   -0.00661347 0.0152927 896.48
16 409   0.00280072 0.0152021 962.085
16 410   -0.00420282 0.014402 931.395
16 411   -0.00686167 -0.0146641 961.708
16 412   0.00686368 0.0141169 921.968
16 413   0.00572662 0.0146218 935.324
16 414   -0.00149348 0.0146879 964.887
16 415   -0.00591239 -0.015899 969.291
16 416   0.00372943 -0.0145766 960.269
16 417   0.00236448 -0.0145257 963.591
16 418   -0.00024766 -0.0145202 967.65
16 419   0.00405493 -0.0131846 937.615
16 420   -0.00135757 -0.0143867 968.877
16 421   -0.00186688 0.0132833 964.59
16 422   0.0027623 0.0139165 964.533
16 423   -0.0048711 0.0120083 878.821
16 424   0.00203117 -0.0132406 954.853
16 425   0.00101169 -0.0128756 953.757
16 426   -0.000922208 0.0128236 968.58
16 427   0.00627399 0.0128107 907.562
16 428   8.75708e-05 -0.0133499 964.664
16 429   -0.000876204 -0.0127682 968.053
16 430   0.00460266 0.0136342 942.62
16 431   -0.00163323 -0.0131172 968.604
16 432   0.00367581 0.0135084 957.923
16 433   0.00666677 0.01215 893.136
16 434   -0.00311979 -0.0137317 969.497
16 435   0.00536211 0.0126287 914.068
16 436   0.00482784 0.0129473 934.426
16 437   0.00608364 0.0114771 840.073
16 438   0.00725646 0.0119746 897.314
16 439   0.00346914 0.012812 963.018
16 440   0.002971 0.0125062 968.325
16 441   0.00554231 0.0113948 830.845
16 442   0.00511298 0.0120656 909.782
16 443   0.00432155 0.0125151 947.375
16 444   0.00523999 0.0116805 890.21
16 445   0.00388969 0.0125055 958.469
16 446   -0.00486939 -0.0120707 932.314
16 447   0.00316424 0.0121276 969.155
16 448   0.0046705 0.0120207 932.768
16 449   0.00441334 0.0121516 946.244
16 450   0.00375521 0.0121408 963.49
16 451   0.00489241 0.0114935 900.835
16 452   0.0035279 0.0120686 968.08
16 453   -0.00383606 -0.0120427 967.447
16 454   0.00456609 0.0117568 940.792
16 455   0.00419003 0.0119499 957.1
16 456   -0.0045614 -0.0116518 947.629
16 457   0.00466099 0.0116148 928.651
16 458   0.00391655 0.0119734 956.151
16 459   0.00403982 0.0119364 954.196
16 460   0.00437282 0.0117308 958.777
16 461   0.00425392 0.0117931 962.681
16 490   -0.00996996 -0.0304312 967.126
16 491   -0.0073174 -0.0334771 943.537
16 492   -0.00858003 -0.0271836 968.377
16 493   -0.00566796 -0.0267799 968.209
16 495   -0.0473135 0.0259424 913.524
16 496   -0.0511397 0.0239916 910.141
16 497   -0.0440401 0.0244663 964.408
16 507   -0.00732786 0.0334737 941.402
16 508   -0.0100512 0.0304213 966.758
16 509   -0.00887316 0.0271578 968.073
16 514   -0.0410116 0.0310471 929.463
16 515   -0.0392 0.0336824 931.758
16 516   -0.0387288 0.0282586 967.764
16 521   -0.0360462 -0.0260356 953.458
16 522   -0.0326817 -0.0236776 941.386
16 523   -0.0342358 -0.0212259 880.719
16 530   -0.0064118 -0.0136687 945.277
16 531   -0.00597174 -0.0124446 911.564
16 532   -0.00714054 -0.0121964 907.23
16 533   -0.00669067 -0.0127259 917.983
16 534   -0.00677633 -0.0113485 866.788
16 535   -0.0071358 -0.0107102 874.006
16 536   -0.00587768 -0.0119058 891.128
16 537   -0.0062324 -0.0113392 829.089
16 538   -0.00586345 -0.0110825 779.42
16 539   -0.00550346 -0.0114397 853.472
16 540   -0.00515242 -0.0118914 910.345
16 541   -0.00551294 -0.0118154 893.126
16 542   -0.00520271 -0.0113722 870.408
16 543   -0.00478989 -0.0115321 917.706
16 544   -0.00502666 -0.0115766 903.5
16 560   -0.00414156 0.0221327 908.99
16 561   -0.00562527 0.024025 928.537
16 564   -0.00349154 -0.0221824 942.647
16 565   -0.00489448 -0.0240781 945.742
16 578   -0.0473572 0.0130449 962.855
16 579   -0.0423572 0.0130449 943.215
16 580   -0.0386397 0.0173359 856.543
16 581   -0.0432979 0.0168023 941.567
16 582   -0.0410185 0.0154638 925.212
16 585   0.00638178 0.0109518 800.046
16 586   0.0069649 0.011149 872.699
16 587   0.00720844 0.0106555 883.904
16 592   -0.000137965 -0.0193248 969.021
16 593   0.000808645 -0.016728 969.326
16 594   0.00178262 -0.0181463 969.242
16 595   -0.00311104 -0.0180605 959.839
16 596   -0.00140856 -0.0184997 967.151
16 597   -0.000815323 -0.0173134 968.725
16 598   -0.00309908 -0.0169256 966.838
16 599   -0.00188359 -0.0166557 968.276
16 600   -0.0028747 -0.0147508 969.596
16 601   -0.00200876 -0.0152411 969.159
16 602   -0.00478833 -0.0157483 969.381
16 603   -0.00384317 -0.0162222 968.62
16 604   -0.00349362 -0.015462 969.544
16 605   -0.00476903 -0.015022 968.586
16 606   -0.00410853 -0.0149542 969.329
16 607   -0.00376348 -0.0138355 968.264
16 608   -0.0041333 -0.0143468 968.131
16 609   -0.00383546 -0.0128722 966.735
16 610   -0.0043819 -0.0133925 962.591
16 611   -0.00394324 -0.0133696 966.542
16 612   -0.00564276 -0.01395 955.611
16 613   -0.00512405 -0.0144485 964.9
16 614   -0.00473193 -0.0136651 961.011
16 615   -0.00466309 -0.0141535 965.147
16 616   -0.0056564 -0.01286 929.947
16 617   -0.00560628 -0.0134227 946.018
16 618   -0.00515641 -0.0134328 952.76
16 619   -0.00496451 -0.0123928 936.359
16 620   -0.00529694 -0.0127194 933.922
16 621   -0.00511612 -0.0130209 946.07
16 622   -0.0045277 -0.0129994 957.818
16 623   -0.00472995 -0.0125285 947.678
16 624   -0.00483744 -0.0128601 949.715
16 625   -0.004459 -0.0124613 955.03
16 626   -0.00409358 -0.0126771 963.543
16 627   -0.00434716 -0.0127814 959.494
16 628   -0.0040034 -0.0121662 963.912
16 629   -0.00430534 -0.0123262 958.365
16 630   -0.0041055 -0.0123876 962.779
16 631   -0.00429545 -0.0121454 958.15
16 632   -0.0041203 -0.0120377 960.229
16 633   -0.00443219 -0.0118085 955.659
16 634   -0.00449814 -0.0119734 950.855
16 635   -0.00409966 -0.0118706 957.675
16 636   -0.00420886 -0.0118134 964.541
16 646   -0.0501578 -0.00543926 954.78
16 649   -0.0489867 -0.00940657 958.666
16 650   -0.0513289 -0.0114693 963.987
16 651   -0.0435774 -0.0109563 951.41
16 652   -0.0464237 -0.0113794 958.118
16 653   -0.0421381 -0.0127558 945.463
16 654   -0.0433719 -0.01522 946.605
16 655   -0.0397011 -0.0119436 940.874
16 656   -0.0387185 -0.0133981 931.578
16 671   -0.00472363 0.0178892 890.022
16 672   -0.0061702 0.0167973 880.728
16 673   -0.00705673 0.0181007 816.509
16 674   -0.0390503 -0.033679 934.069
16 675   -0.0369424 -0.0284887 968.828
16 676   -0.0242667 -0.0325 968.849
16 677   -0.0294536 -0.0249517 959.51
16 678   -0.0260333 -0.0225 961.469
16 679   -0.0209438 -0.0297271 968.423
16 680   -0.0221616 -0.0247271 965.694
16 681   -0.0136499 -0.0291812 969.028
16 682   -0.0161703 -0.0322271 969.51
16 683   -0.0143002 -0.0241812 960.23
16 685   -0.0164614 -0.0222271 961.989
16 686   -0.0196154 -0.0222271 964.546
16 710   -0.00419342 -0.0187253 933.167
16 711   -0.00433039 -0.0205603 887.59
16 715   -0.0242867 0.0325 968.954
16 716   -0.0264549 0.0225 960.787
16 717   -0.0297972 0.0245581 957.119
16 745   -0.011469 0.0229213 941.263
16 746   -0.0095604 0.0246578 941.927
16 901   -0.0403089 -0.0242468 931.139
16 902   -0.0379851 -0.0246221 915.759
16 903   -0.0371078 -0.0222641 783.88
16 904   -0.0411572 0.0249979 963.149
16 905   -0.0392176 0.0261911 965.102
16 906   0.00503974 -0.0117676 855.53
16 907   0.00484877 -0.0128246 904.215
16 908   0.00715666 -0.0129638 894.113
16 909   0.00637449 -0.0136944 929.247
16 910   0.00568781 -0.0132604 918.867
16 911   0.00587879 -0.0118853 860.604
16 912   0.00681332 -0.0124287 871.448
16 913   0.00612664 -0.0126308 888.958
16 914   0.00626987 -0.0112019 840.782
16 918   0.0072044 -0.010473 693.883
16 919   0.00686106 -0.0112102 809.513
16 920   0.00715666 -0.0116915 830.729
16 945   -0.00575789 0.0121322 870.663
16 946   -0.00634908 0.0129994 882.719
16 947   -0.00616982 0.0109912 845.453
16 948   -0.00626835 0.0115281 848.109
16 949   -0.00649005 0.0109705 827.058
16 950   -0.00663784 0.0105988 805.464
16 952   -0.0072044 0.0127206 863.882
16 955   -0.00671174 0.0118018 841.497
16 956   -0.0073522 0.0118074 828.466
16 957   -0.00705661 0.0121271 846.636
16 958   -0.00714282 0.0114434 815.526
16 959   -0.00679796 0.0114947 828.713
16 960   -0.00667479 0.0112003 822.94
16 961   -0.00691497 0.0110494 803.597
16 962   -0.00739531 0.0109594 773.438
16 963   -0.00718593 0.0111839 799.09
16 964   -0.0068811 0.010606 780.333
16 965   -0.00697347 0.0108268 787.278
16 966   -0.00724443 0.0107495 759.5
16 967   -0.00740147 0.0102634 481.776
16 968   -0.00705353 0.0103685 719.33
16 969   -0.00725059 0.0104771 695.064
16 976   -0.0400728 0.0190131 823.312
16 977   -0.0423522 0.0186849 917.308
16 978   -0.0429391 0.0207007 943.221
16 979   -0.03969 0.0216253 770.149
16 980   -0.0414166 0.0226437 909.625
16 981   -0.00819299 0.021842 798.815
16 982   -0.00688128 0.0216311 701.786
16 983   -0.00823012 0.0235786 901.387
16 984   -0.00691841 0.0233677 877.155
16 1002   -0.00469285 0.0205292 839.254
16 1003   -0.00613943 0.020685 662.649
16 1004   -0.00488688 0.0191147 854.19
16 1005   -0.00633345 0.0192704 759.573
16 1014   0.00107257 0.0186856 966.159
16 1015   -0.00140153 0.0181428 962.951
16 1016   -0.000956112 0.019549 966.409
16 1017   0.0017827 0.0159414 966.47
16 1018   0.00125749 0.0173709 967.069
16 1019   -3.1812e-06 0.0171878 969.564
16 1020   -0.000460253 0.0151628 969.007
16 1021   0.000896002 0.0153951 969.238
16 1022   0.000148072 0.0161215 969.568
16 1023   0.000650637 0.0145068 969.624
16 1024   -7.52837e-05 0.014366 969.474
16 1025   0.00202918 0.0133379 968.929
16 1026   0.00244455 0.0126241 969.301
16 1027   0.00183051 0.0123765 969.453
16 1028   0.000954744 0.0138317 969.607
16 1029   0.00134529 0.0127785 969.498
16 1030   0.00148501 0.0134022 969.54
16 1031   -0.00021362 0.013181 969.528
16 1032   -0.00011406 0.013682 969.468
16 1033   0.000542003 0.0135109 969.667
16 1034   0.000236072 0.0128495 969.411
16 1035   0.000628734 0.013109 969.637
16 1036   0.000901758 0.0128061 969.338
16 1038   0.000670497 0.0125205 968.323
16 1039   0.000347694 0.0125729 968.696
16 1050   -0.0100154 -0.0209771 870.73
16 1051   -0.0113028 -0.0229312 938.008
16 1052   -0.00926259 -0.0246836 943.82
16 1064   -0.00409344 0.0126548 933.664
16 1065   -0.00372049 0.0133283 941.118
16 1068   -0.00295423 0.01294 957.876
16 1069   -0.00248189 0.0127102 963.734
16 1071   -0.00310757 0.0123022 963.384
16 1072   -0.00354677 0.0122309 963.511
16 1075   0.0025567 -0.0126155 949.921
16 1078   0.0029959 -0.0125442 948.173
16 1079   0.00343511 -0.012473 952.8
16 1083   -0.00805943 -0.0218532 789.848
16 1084   -0.00643481 -0.0234037 889.073
16 1085   -0.00789084 -0.0236056 900.601
16 1086   -0.00630808 -0.020316 654.495
16 1087   -0.00549577 -0.0210912 804.832
16 1088   -0.00700955 -0.0212638 645.66
16 1089   -0.00619724 -0.022039 804.052
16 1090   -0.0423712 -0.0198652 917.6
16 1091   -0.042043 -0.0170847 924.546
16 1092   -0.038993 -0.0207098 671.907
16 1093   -0.0405398 -0.0215603 836.517
16 1094   -0.0386081 -0.0180049 835.512
16 1095   -0.0398267 -0.016075 904.575
16 1101   -0.00671423 -0.0192838 782.521
16 1104   -0.00655072 -0.0170066 954.255
16 1105   -0.00576495 -0.018224 906.091
16 1140   -0.0510349 0.0324945 683.561
16 1143   -0.0472087 0.0298592 806.698
16 1144   -0.0442784 0.0323648 837.729
16 1196   -0.0345839 0.021029 868.329
16 1197   -0.0329841 0.0230871 933.003
16 1198   -0.0348872 0.0252986 944.351
16 1199   -0.0374569 0.0226439 808.341
16 1200   -0.0372439 0.0248553 921.328
16 1201   0.00230717 -0.027447 871.386
16 1202   0.00568256 -0.0308965 698.899
16 1203   -0.0029135 -0.0321092 900.02
16 1204   -0.00265399 -0.0286597 930.227
16 1207   0.00386511 -0.0336322 692.891
16 1208   0.000230222 -0.0336322 787.078
16 1209   -0.00224686 -0.0128431 969.13
16 1210   -0.00249068 -0.0123317 968.868
16 1211   -0.00279756 -0.0131449 969.636
16 1212   -0.00353575 -0.0126782 968.754
16 1213   -0.00312176 -0.0128161 969.588
16 1214   -0.00296102 -0.012451 969.558
16 1215   -0.00367182 -0.0121671 969.167
16 1216   -0.00352753 -0.0123861 969.197
16 1217   -0.00323545 -0.0122683 969.596
16 1219   -0.00326741 -0.0120676 969.289
16 1220   -0.00349207 -0.0120311 969.486
16 1297   -0.0505649 -0.0249959 898.459
16 1298   -0.0490997 -0.0299098 758.493
16 1299   -0.0510349 -0.032543 683.089
16 1327   -0.000621253 0.0335118 814.478
16 1328   -0.00379567 0.0319856 910.529
16 1363   -0.0222522 0.0247237 965.836
16 1364   -0.0209991 0.0297237 968.562
16 1365   -0.0144757 0.0241713 960.943
16 1366   -0.013745 0.0291713 969.028
16 1367   -0.016201 0.0322237 969.504
16 1369   -0.0197407 0.0222237 964.713
16 1370   -0.0166286 0.0222237 962.394
16 1379   -0.011093 0.0209737 916.083
16 1380   -0.0091473 0.0209737 828.457
16 1393   -0.0511397 0.0177498 966.866
16 1394   -0.0457979 0.0168023 964.246
16 1395   -0.0485185 0.0154638 968.429
16 1404   -0.0315154 0.033529 969.258
16 1405   -0.0281664 0.031029 969.015
16 1406   -0.0295979 0.0280871 966.9
16 1407   -0.0348147 0.0322114 965.954
16 1408   -0.0333716 0.0277986 966.096
16 1409   -0.0352395 0.0294228 968.848
16 1456   0.00575961 0.0249825 863.394
16 1457   0.00568723 0.032653 681.412
16 1458   0.00300428 0.0311648 730.225
16 1459   0.00307666 0.0281884 822.761
16 1465   -0.0511081 -0.0172576 968.128
16 1466   -0.049937 -0.0144735 968.546
16 1467   -0.0473741 -0.013947 964.325
16 1468   -0.0457615 -0.0159882 962.327
16 1494   -0.0497794 0.02154 948.482
16 1495   -0.0497794 0.0194594 962.736
16 1496   -0.0470588 0.0187174 969.192
16 1497   -0.0458258 0.022479 964.928
16 1498   -0.0444655 0.0210677 966.892
16 1499   -0.0477389 0.0215036 959.702
16 1500   -0.0463786 0.0200923 969.015
16 1511   -0.0499783 0.00574844 955.203
16 1512   -0.0499783 0.0107498 962.119
16 1539   -0.00561886 0.0257619 967.311
16 1540   -0.00688062 0.02771 967.742
16 1541   -0.00452645 0.0294853 939.144
16 1542   -0.000127535 0.0280542 903.64
16 1543   -0.00378592 0.0265441 962.712
16 1544   -0.00274345 0.0285302 929.707
16 1545   0.000686723 0.0240022 938.975
16 1546   -0.00129831 0.0235042 965.267
16 1547   -0.000177481 0.026317 923.289
16 1548   -0.00216252 0.025819 955.013
16 1554   -0.03997 -0.029716 951.842
16 1555   -0.0411625 -0.032358 914.766
16 1556   -0.0455733 -0.0310458 834.925
16 1557   -0.0445782 -0.033679 808.464
16 1558   -0.0418951 -0.025571 967.893
16 1559   -0.0440094 -0.0284082 920.422
16 1560   -0.0418218 -0.0283994 948.444
16 1561   -0.0315303 -0.0337259 969.279
16 1562   -0.0296458 -0.0286776 967.705
16 1563   -0.0281638 -0.0312259 968.996
16 1564   -0.0346855 -0.0324049 966.177
16 1565   -0.0337702 -0.0298566 969.324
16 1582   -0.0482054 -0.0233078 940.107
16 1583   -0.0439036 -0.0210486 958.884
16 1584   -0.0487487 -0.0197792 964.866
16 1585   -0.045965 -0.0190363 968.474
16 1586   -0.0436584 -0.0240679 966.746
16 1587   -0.0451765 -0.0255842 944.57
end
