1191
16 1   -0.0449783 0.00326162 961.273
16 2   -0.0451577 -0.00292013 961.216
16 3   -0.0411403 -0.00644404 959.434
16 4   -0.0384826 -0.00713478 956.824
16 5   0.00576624 0.0146924 910.041
16 6   0.00686623 0.0141845 900.399
16 7   -0.00685478 -0.0147327 946.768
16 8   0.0030072 0.0152803 950.394
16 9   -0.00596697 -0.01378 924.877
16 10   0.00313869 0.0140391 952.092
16 11   -0.00584172 -0.0129626 902.135
16 12   0.00465932 0.0135485 909.223
16 13   -0.00298515 -0.0135098 969.108
16 14   0.00173621 0.0136359 967.559
16 15   0.00384761 0.013525 934.527
16 16   0.00246932 0.0135346 964.906
16 17   0.00483432 0.0127677 887.886
16 18   0.00156534 0.0129135 969.42
16 19   0.00361043 0.0128196 946.132
16 20   0.00319699 0.0126682 965.612
16 21   0.00435496 0.0118753 814.914
16 22   -0.00267481 -0.012195 902.812
16 308   -0.00304527 0.0161182 944.228
16 309   -0.00232757 0.0147308 954.714
16 310   -0.0511398 0.0239922 902.222
16 316   -0.00853504 -0.0271874 968.688
16 323   -0.00912677 0.0274207 968.591
16 324   -0.0328797 -0.023077 945.456
16 327   -0.00486438 -0.0240887 956.156
16 347   -0.00373892 -0.0125002 960.923
16 348   -0.00377802 -0.0119908 961.443
16 349   -0.00357716 -0.0120234 966.31
16 364   -0.0432983 0.0168085 952.58
16 374   -0.00613834 -0.0116253 807.969
16 375   -0.00672953 -0.012383 883.904
16 376   -0.00661321 -0.0109984 798.497
16 379   -0.0501577 -0.00542333 963.331
16 381   -0.0489866 -0.00938535 965.847
16 382   -0.0513289 -0.0114617 968.471
16 383   -0.0435766 -0.0109093 960.268
16 384   -0.0464229 -0.0113474 965.304
16 385   -0.0421371 -0.0127166 955.319
16 386   -0.0433694 -0.0151931 956.415
16 387   -0.0397007 -0.0118691 951.03
16 388   -0.0387182 -0.0133453 942.733
16 390   -0.029679 -0.0245514 963.563
16 391   -0.0263206 -0.0225 966.037
16 392   -0.0314664 -0.0335257 967.725
16 393   -0.0280772 -0.0310257 969.646
16 394   -0.0294624 -0.028077 969.192
16 395   -0.0323429 -0.0291027 969.47
16 396   -0.0333603 -0.0320514 966.174
16 397   -0.00525155 -0.0115561 755.779
16 417   -0.00412877 -0.0187302 950.676
16 418   -0.00428431 -0.0205665 911.044
16 420   -0.0118689 0.0230176 955.283
16 421   -0.00979127 0.024975 957.899
16 533   -0.0411625 0.0249993 967.712
16 534   -0.039227 0.0261919 968.024
16 535   -0.00158858 -0.0127666 968.325
16 536   -0.00114963 -0.01343 968.843
16 537   -0.00117637 -0.0124839 969.507
16 542   -0.042353 0.0186873 933.551
16 543   -0.0429407 0.0207032 949.497
16 560   -0.0423608 -0.0198178 928.788
16 561   -0.0420405 -0.0170646 936.381
16 564   0.00400054 -0.0278133 811.223
16 566   0.00581738 -0.0250522 877.325
16 567   0.00658364 -0.0208445 939.879
16 568   0.00490102 -0.0232784 913.221
16 569   0.0030683 -0.0225209 934.437
16 570   0.00357619 -0.0202843 955.53
16 571   0.0054089 -0.0196469 955.998
16 572   0.00678344 -0.0172024 969.016
16 573   0.00417558 -0.0176983 968.458
16 574   0.0056087 -0.0183199 965.526
16 575   0.0060119 -0.0163279 969.05
16 576   0.00457878 -0.0166264 969.54
16 577   0.0031966 -0.0153566 965.39
16 578   0.00416553 -0.0159072 968.203
16 579   0.00477213 -0.0150905 961.099
16 580   0.00349671 -0.0145664 957.725
16 581   0.00441065 -0.0145533 954.592
16 582   0.00318819 -0.013987 951.032
16 583   0.00209267 -0.0124983 927.958
16 584   0.00259626 -0.0136331 946.793
16 585   0.0028946 -0.0131792 944.953
16 586   0.00290254 -0.0122993 961.938
16 587   0.0026235 -0.0126825 946.675
16 588   0.00329972 -0.01237 959.695
16 590   0.00342769 -0.0120789 967.597
16 592   -0.00628794 0.012856 861.565
16 593   -0.00655409 0.0109123 851.408
16 594   -0.00662303 0.012172 837.857
16 595   -0.00631762 0.0112445 835.866
16 596   -0.00615007 0.0117948 830.738
16 597   -0.00571159 0.0118392 823.323
16 598   -0.00324079 0.0139792 943.334
16 600   -0.00468144 0.0162855 914.479
16 601   -0.00692844 0.0162245 883.585
16 602   -0.00521375 0.0153148 910.295
16 603   -0.00635687 0.0153657 895.203
16 604   -0.00492796 0.014677 914.862
16 605   -0.00549953 0.0142858 903.075
16 606   -0.00438063 0.0135277 922.522
16 607   -0.00420501 0.0141748 927.242
16 608   -0.0055184 0.0131192 882.567
16 609   -0.00530156 0.0137412 900.825
16 610   -0.00490561 0.0134852 906.596
16 611   -0.00477178 0.012584 887.576
16 612   -0.00528597 0.012778 876.802
16 613   -0.00495896 0.0129484 895.033
16 614   -0.00538594 0.0121481 836.93
16 615   -0.00494069 0.0123805 864.772
16 616   -0.0052569 0.0124466 859.609
16 617   -0.00487244 0.0121275 843.125
16 618   -0.0112094 -0.0229322 949.963
16 619   -0.00921821 -0.0246874 952.725
16 624   -0.0330019 0.0230874 944.819
16 625   -0.0349049 0.025299 952.718
16 627   -0.000760543 -0.0125514 969.021
16 662   -0.0064074 -0.0234107 906.513
16 663   -0.00785867 -0.0236102 917.588
16 664   -0.00547449 -0.0210963 829.441
16 665   -0.00618219 -0.0220444 825.843
16 666   -0.0115541 0.0210059 937.092
16 675   0.00109135 0.0127168 968.773
16 700   0.00386633 -0.0336339 691.587
16 706   -0.0220734 -0.0247274 968.779
16 707   -0.0141946 -0.0241822 965.611
16 712   -0.00467624 0.0190534 869.205
16 713   -0.0063765 0.0175305 860.037
16 714   -0.00527263 0.0176424 881.973
16 717   -0.0194988 -0.0222274 968.182
16 718   -0.0163226 -0.0222274 966.661
16 723   -0.0265202 0.0225 965.955
16 724   -0.0298329 0.0245582 963.495
16 731   -0.00114921 0.0143148 964.541
16 732   -0.00132793 0.0134319 957.053
16 733   -0.0017886 0.0124604 935.286
16 734   -0.00193999 0.0129371 949.389
16 735   -0.000870506 0.0132025 958.034
16 736   -0.00136528 0.0126544 917.645
16 737   -0.000851791 0.0126848 923.423
16 738   -0.00105925 0.0129018 941.645
16 739   -0.00102606 0.0124588 869.985
16 740   -0.00128958 0.0124161 879.139
16 742   -0.0334705 -0.0210257 918.933
16 744   -0.00483418 -0.0118882 822.948
16 746   -0.00457006 -0.0116485 795.129
16 760   -0.0399783 0.00576307 959.024
16 762   0.00654935 0.0128772 879.773
16 763   0.00718312 0.0122724 876.724
16 764   0.00685429 0.0114597 848.671
16 765   0.00619664 0.0113118 780.3
16 766   0.00590453 0.011893 801.719
16 767   0.0053203 0.0125629 853.79
16 768   0.00592841 0.0126457 860.073
16 769   0.00468969 0.0116999 773.89
16 771   0.00537375 0.0115422 753.09
16 772   0.00510641 0.0119097 789.514
16 775   -0.0346155 -0.0252535 952.776
16 776   -0.0342954 -0.0277535 968.975
16 777   -0.00199292 -0.012701 964.019
16 778   -0.00247933 -0.0124015 940.987
16 779   -0.00279669 -0.0126451 962.048
16 780   -0.00256453 -0.0129034 967.2
16 781   -0.00223929 -0.0123114 943.061
16 782   -0.00198505 -0.0123527 957.12
16 916   0.00192739 0.0124609 968.088
16 956   -0.040877 -0.0207785 868.964
16 957   -0.00726352 0.0117906 824.54
16 958   -0.00702705 0.0110811 820.564
16 966   -0.00518303 0.0211547 830.234
16 967   -0.00519613 0.0198425 822.359
16 968   -0.00843764 0.023942 929.312
16 970   0.0072044 -0.010883 803.255
16 972   0.0073522 -0.0103202 633.476
16 973   0.00705661 -0.010475 789.801
16 974   -0.0072044 -0.0109555 874.894
16 979   -0.00429676 0.0119092 845.961
16 982   -0.00461769 0.0116835 786.01
16 983   -0.00460689 0.01192 824.091
16 991   -0.000616301 0.0125977 929.691
16 1003   0.0026103 -0.0179123 968.723
16 1004   0.0022107 -0.0191714 965.884
16 1005   0.00224437 -0.0156603 967.317
16 1006   0.000405128 -0.0167794 969.513
16 1007   0.00170299 -0.0169888 969.62
16 1008   0.00149951 -0.0148671 963.156
16 1009   -2.44414e-05 -0.0147833 967.071
16 1010   0.000508999 -0.0154614 967.985
16 1011   0.000367548 -0.0139179 960.531
16 1012   0.00095107 -0.0135913 945.46
16 1013   0.00177013 -0.0128734 913.411
16 1014   0.00200262 -0.0135115 940.561
16 1015   0.0015496 -0.0138624 948.988
16 1016   0.000994823 -0.0131303 921.082
16 1017   0.00136086 -0.0127633 887.321
16 1018   0.000739058 -0.0130029 915.451
16 1019   0.000841569 -0.0126786 863.317
16 1020   0.000607552 -0.0125552 848.36
16 1021   0.000344029 -0.012598 892.739
16 1038   -0.00701354 -0.017253 962.758
16 1039   -0.0052412 -0.018025 948.963
16 1040   -0.00539542 -0.0163612 968.71
16 1041   -0.00636833 -0.0161525 967.485
16 1042   -0.00710028 -0.0190143 820.702
16 1043   -0.00661383 -0.0181682 922.002
16 1044   -0.00581439 -0.0187314 900.085
16 1049   -0.0108455 -0.0209774 925.28
16 1051   -0.0083591 -0.0223437 866.253
16 1052   -0.00872081 -0.0204887 808.445
16 1053   -0.00935471 -0.0214661 879.137
16 1065   0.00128811 -0.0124524 841.54
16 1066   0.00102459 -0.0124951 824.887
16 1079   -0.0351898 -0.0215385 873.637
16 1108   0.00470691 -0.0116984 772.412
16 1109   0.00483403 -0.0123127 855.807
16 1110   0.0045337 -0.0118947 802.995
16 1111   0.00448289 -0.0121324 845.894
16 1112   0.00414914 -0.0118612 808.882
16 1113   0.00429694 -0.0117838 789.119
16 1118   -0.0386398 0.0165032 900.913
16 1120   -0.0406433 0.0185159 885.513
16 1121   -0.0392097 0.0176714 869.765
16 1131   0.00631521 -0.0154594 963.671
16 1132   0.00548869 -0.0149412 957.289
16 1133   0.00569917 -0.0142412 941.366
16 1134   0.00534475 -0.0137164 927.522
16 1135   0.00546241 -0.0131849 903.244
16 1136   0.00451071 -0.0129043 913.333
16 1137   0.00493806 -0.0127281 887.806
16 1138   0.00455911 -0.0139673 942.977
16 1139   0.00492444 -0.0136749 931.391
16 1140   0.00461474 -0.0133197 926.157
16 1141   0.00379404 -0.0138095 946.73
16 1142   0.00425101 -0.0138029 942.608
16 1143   0.00424781 -0.0134211 935.297
16 1144   0.00333227 -0.0132433 944.894
16 1145   0.00363978 -0.0135198 943.999
16 1146   0.0039419 -0.0133356 938.46
16 1147   0.00345646 -0.0126825 948.239
16 1148   0.00348144 -0.0130164 943.941
16 1149   0.00378735 -0.0131019 938.574
16 1150   0.0037113 -0.0126278 942.13
16 1151   0.00409111 -0.0126746 924.068
16 1152   0.00388734 -0.0128696 934.761
16 1153   0.00380164 -0.0124308 940.935
16 1154   0.00402849 -0.0124349 923.423
16 1155   0.00415578 -0.0122185 891.841
16 1156   0.0040588 -0.0120582 879.912
16 1157   0.00361712 -0.012126 961.862
16 1158   0.00373243 -0.0122629 949.011
16 1159   0.0038623 -0.0121066 941.972
16 1161   0.0036811 -0.0119804 967.21
16 1162   0.00381286 -0.0119591 965.137
16 1164   -0.000706051 0.0335543 800.928
16 1165   7.01356e-05 0.0276687 898.238
16 1182   -0.0358214 -0.0321764 959.204
16 1183   -0.0380749 -0.0281287 967.357
16 1184   -0.0360639 -0.0293529 967.026
16 1194   -0.0335378 0.0210291 917.675
16 1196   -0.0223629 0.0247559 968.823
16 1197   -0.0148866 0.0242676 967.058
16 1198   -0.0492275 0.026008 880.819
16 1205   -0.0315298 0.0335291 967.57
16 1206   -0.0282019 0.0310291 969.639
16 1207   -0.0296357 0.0280874 969.238
16 1209   -0.0171197 0.0222559 967.423
16 1210   -0.0199889 0.0222559 968.298
16 1222   -0.0511398 0.0177504 963.33
16 1223   -0.0457983 0.0168085 968.246
16 1238   -0.0499783 0.00575842 963.552
16 1241   0.00568316 -0.0295354 715.395
16 1242   0.00568316 -0.0322677 683.125
16 1250   -0.0511075 -0.0172528 965.285
16 1251   -0.0499363 -0.0144619 969.578
16 1252   -0.0473727 -0.0139239 968.509
16 1253   -0.0457587 -0.0159622 967.433
16 1275   -0.00226314 0.0214934 963.119
16 1276   -0.00249015 0.0249958 961.039
16 1308   -0.0438921 -0.020997 965.49
16 1309   -0.0459611 -0.0190129 969.375
16 1326   0.00343675 0.0120853 968.416
16 1327   0.00335381 0.0120987 967.394
16 1337   -0.00299426 -0.0180536 967.215
16 1338   -0.00124902 -0.0184932 969.353
16 1339   -0.000578875 -0.0172809 969.519
16 1340   -0.002961 -0.0169008 969.453
16 1341   -0.00166489 -0.0166062 969.453
16 1342   -0.00272697 -0.0146037 969.422
16 1343   -0.00167278 -0.0145175 969.397
16 1344   -0.00121433 -0.0154266 969.307
16 1345   -0.00473026 -0.0157579 967.17
16 1346   -0.00374334 -0.0161984 969.602
16 1347   -0.00338593 -0.0154166 969.059
16 1348   -0.0049792 -0.0142586 948.895
16 1349   -0.0047154 -0.0150292 962.059
16 1350   -0.00403029 -0.014923 965.669
16 1351   -0.00368666 -0.0137419 964.19
16 1352   -0.00451535 -0.0139626 951.296
16 1353   -0.00407284 -0.0143422 961.948
16 1354   -0.00438342 -0.0134775 946.233
16 1355   -0.00387601 -0.0128257 955.328
16 1356   -0.00389728 -0.0133099 958.288
16 1357   -0.00483265 -0.0128612 911.643
16 1358   -0.00424089 -0.0128461 937.907
16 1359   -0.00448342 -0.0131405 934.817
16 1360   -0.00471215 -0.0122275 887.556
16 1361   -0.00471164 -0.0125518 904.909
16 1362   -0.00435177 -0.012589 921.606
16 1363   -0.0042914 -0.0123532 915.028
16 1364   -0.00441317 -0.0121761 899.436
16 1365   -0.00404343 -0.0122848 934.769
16 1366   -0.00399138 -0.0120854 932.931
16 1367   -0.00434837 -0.0117647 839.688
16 1369   -0.0043135 -0.0119529 884.514
16 1370   -0.00413968 -0.0119307 892.544
16 1371   -0.0399386 -0.029603 946.285
16 1372   -0.0445702 -0.0336508 794.685
16 1373   -0.0439907 -0.028339 914.102
16 1374   -0.0417901 -0.0282822 942.422
16 1375   -0.0415245 -0.0261909 965.736
16 1376   -0.0385725 -0.0260895 965.656
16 1377   -0.0401706 -0.0254726 966.278
16 1378   -0.0362517 -0.0247511 937.212
16 1379   -0.037689 -0.025337 948.462
16 1380   -0.0384416 -0.0240822 907.877
16 1401   0.00232925 0.0122588 953.377
16 1402   0.00220624 0.0125524 967.658
16 1403   0.0029575 0.0128382 967.26
16 1404   0.00244611 0.0127877 969.565
16 1405   0.00270849 0.0130198 967.316
16 1406   0.00253167 0.0123607 959.094
16 1407   0.00260136 0.0126235 969.236
16 1408   0.00278886 0.0125888 969.337
16 1409   0.0028934 0.0122292 948.298
16 1410   0.00278217 0.0123819 963.956
16 1411   0.00265618 0.0122699 950.258
16 1413   0.00283915 0.0121055 913.198
16 1414   0.00269567 0.0121288 922.52
16 1432   0.0030127 0.0121436 935.899
16 1433   0.00327353 0.0121117 958.491
16 1434   0.00317841 0.0122597 966.977
16 1439   -0.00968446 0.0215088 891.937
16 1440   -0.00864564 0.0224875 878.647
16 1441   0.00714557 -0.0121196 840.708
16 1442   0.00684998 -0.0113036 827.06
16 1443   0.00587566 -0.0127412 873.178
16 1444   0.00658452 -0.0128708 876.881
16 1445   0.00562311 -0.0112222 803.951
16 1446   0.00589001 -0.0120299 834.65
16 1447   0.00630327 -0.0113435 832.138
16 1448   0.0060665 -0.0109899 849.828
16 1449   0.00550509 -0.0115209 795.386
16 1450   0.00553522 -0.011975 822.763
16 1451   0.00521021 -0.0121414 830.057
16 1452   0.00525379 -0.0115322 779.6
16 1453   0.00512106 -0.0118367 798.037
16 1454   0.00494349 -0.0116929 777.635
16 1456   0.00515012 -0.0113497 751.926
16 1457   0.00500232 -0.0114271 741.931
16 1551   -0.00312427 -0.0125647 964.286
16 1552   -0.00317582 -0.0121322 905.577
16 1553   -0.00304837 -0.0121529 890.297
16 1554   -0.00294275 -0.0122991 926.121
16 1555   -0.00344588 -0.0124874 969.2
16 1556   -0.00326537 -0.0121177 925.483
16 1557   -0.0034366 -0.0121938 964.364
16 1587   -0.0417147 0.0219435 928.628
16 1588   -0.0410408 0.0235477 941.264
16 1589   -0.0396932 0.0233363 893.841
16 1590   -0.0404103 0.0199221 840.331
16 1591   -0.0398402 0.0221304 830.803
16 1592   -0.040894 0.0213338 880.965
16 1593   -0.0387866 0.021217 672.099
16 1594   -0.0389766 0.019911 715.278
16 1608   -0.00738176 0.0102703 603.054
16 1609   -0.00726352 0.0107489 791.211
16 1610   -0.00714528 0.0103942 770.22
16 1624   -0.00663351 0.0205435 570.063
16 1625   -0.00606847 0.021495 780.512
16 1626   -0.00672697 0.022406 828.228
16 1627   -0.00764904 0.0219574 801.578
16 1628   -0.00757452 0.0209787 658.24
16 1629   -0.00588767 -0.0203369 789.75
16 1630   -0.00589664 -0.019596 831.096
16 1631   -0.00669608 -0.0196664 739.997
16 1632   -0.00777108 -0.0209275 708.539
16 1633   -0.0069537 -0.0217053 780.356
16 1634   -0.00767934 -0.0218051 806.991
16 1635   -0.00664124 -0.0208462 688.969
16 1636   -0.00704993 -0.0204572 524.054
16 1637   -0.0387633 -0.0216766 760.213
16 1638   -0.0384085 -0.020755 565.108
16 1639   -0.037263 -0.0209736 654.555
16 1640   0.00717117 0.010911 872.299
16 1651   -0.00705661 -0.0104992 868.005
16 1662   -0.0073522 -0.0104778 904.555
16 1663   -0.0073522 -0.0102109 929.225
16 1713   -0.00399953 0.0129868 934.517
16 1714   -0.00412246 0.0122309 918.169
16 1715   -0.00433734 0.0125799 913.826
16 1716   -0.00284269 0.0122893 968.596
16 1717   -0.00288195 0.0132855 951.304
16 1718   -0.00246703 0.0128516 957.088
16 1719   -0.00346506 0.0129403 951.4
16 1720   -0.00373699 0.0122695 963.521
16 1721   -0.0034174 0.012572 961.521
16 1722   -0.00320994 0.0123551 968.209
16 1724   -0.00366129 0.0120312 967.947
16 1725   -0.00339777 0.0120739 969.27
16 1734   -0.0404347 -0.0163466 920.628
16 1735   -0.0393272 -0.0150131 931.133
16 1736   -0.0381091 -0.0161155 906.817
16 1737   -0.0380537 -0.0185834 794.29
16 1738   -0.0386628 -0.0171989 874.824
16 1739   -0.0397703 -0.017699 880.584
16 1740   -0.0398923 -0.0193777 823.333
16 1741   -0.0387848 -0.0197109 706.4
16 1756   -0.000418659 0.0126298 957.948
16 1757   -0.000286897 0.0126512 967.375
16 1765   -0.0491226 0.031177 715.978
16 1766   -0.0505877 0.0286715 760.449
16 1774   -0.0517675 0.0337472 671.739
16 1775   -0.0503024 0.0337472 675.674
16 1807   0.00733559 0.0103324 911.706
16 1808   0.00700676 0.0105047 867.516
16 1814   -0.037482 0.0213222 691.058
16 1815   -0.0360467 0.0205146 799.617
16 1816   -0.035251 0.0215437 870.31
16 1830   -0.00191657 0.0172499 960.226
16 1831   0.000934741 0.0197731 959.215
16 1832   0.00202186 0.0184838 953.273
16 1833   -0.00295635 0.0188281 938.417
16 1834   -0.00172431 0.0198205 964.099
16 1835   0.00192258 0.0158901 960.845
16 1836   0.00101025 0.0171651 964.896
16 1837   -0.000205051 0.0167407 969.475
16 1838   -0.000456194 0.0146231 969.125
16 1839   3.77023e-05 0.015526 969.465
16 1840   0.00102016 0.0141803 968.251
16 1841   0.00101413 0.015108 967.476
16 1842   0.000407448 0.0138952 969.436
16 1843   -9.24791e-05 0.01392 969.512
16 1844   -0.000149563 0.0130159 969.065
16 1845   -0.000328073 0.0133824 968.568
16 1846   0.000235502 0.0130103 967.482
16 1847   0.000556919 0.013352 968.922
16 1848   0.000742108 0.0129563 967.924
16 1851   0.000549013 0.0125937 964.606
16 1852   0.00029237 0.0126354 957.718
16 1887   -0.04983 -0.0286728 771.189
16 1888   -0.0503022 -0.0337715 675.753
16 1889   -0.046768 -0.0324223 739.501
16 1890   -0.0462958 -0.0297806 833.602
16 1893   -0.0517674 -0.030086 706.981
16 1894   -0.0517674 -0.032543 678.572
16 1943   -0.00952706 0.0205029 861.35
16 1944   -0.00841371 0.0205029 776.457
16 1950   -0.00694807 0.0183893 813.659
16 1957   -0.0407162 -0.0219813 879.401
16 1958   -0.0395325 -0.0220854 819.369
16 1959   -0.0411853 -0.0232466 936.144
16 1960   -0.0394098 -0.0234027 889.788
16 1961   -0.0402552 -0.0240406 937.17
16 1991   -0.0381376 0.0253366 950.39
16 1992   -0.0387255 0.0239326 905.617
16 1993   -0.0365822 0.0247504 936.218
16 1994   -0.0363924 0.0230533 881.451
16 1995   -0.0375679 0.0228319 836.774
16 1996   -0.00608812 0.0195267 774.625
16 1997   -0.00664005 0.0198874 648.666
16 1998   -0.0066721 0.0190423 780.013
16 1999   -0.00722403 0.019403 706.776
16 2016   -0.0365521 -0.0205128 758.86
16 2017   -0.0354853 -0.0205128 838.497
16 2021   -0.004618 0.0221062 894.983
16 2022   -0.00345004 0.0222417 946.282
16 2023   -0.00465589 0.0238738 951.354
16 2024   -0.00348793 0.0240093 968.185
16 2025   -0.0361131 0.0322883 957.285
16 2026   -0.0335355 0.0321349 965.638
16 2027   -0.0365418 0.0294999 965.561
16 2028   -0.0346811 0.0278757 969.175
16 2029   -0.0325809 0.0291932 969.417
16 2078   -0.0364316 -0.0236056 899.739
16 2079   -0.0360387 -0.0225695 867.802
16 2080   -0.0376153 -0.0235015 876.418
16 2081   -0.037045 -0.0220046 796.132
16 2082   -0.0378142 -0.0224133 805.768
16 2086   0.00424797 0.0121205 879.57
16 2087   0.00432343 0.0124593 896.229
16 2088   0.00391125 0.0125348 924.901
16 2089   0.00356074 0.0121366 959.842
16 2090   0.00391318 0.012112 913.781
16 2091   0.00375839 0.0122801 937.607
16 2093   0.00379549 0.0119556 925.933
16 2094   0.00363557 0.0119815 953.779
16 2168   -0.00859471 -0.0334774 948.37
16 2169   -0.00601029 -0.0334774 924.704
16 2186   -0.00692844 0.0133079 867.582
16 2187   -0.00692844 0.0145579 888.21
16 2188   -0.00635687 0.0141157 888.839
16 2215   -0.00871535 0.0334515 946.739
16 2223   -0.0497796 0.0215412 940.406
16 2224   -0.0497796 0.0194606 957.476
16 2225   -0.0470592 0.0187197 968.337
16 2226   -0.0444667 0.0210705 968.973
16 2227   -0.0477393 0.0215057 953.523
16 2228   -0.0463791 0.0200949 967.544
16 2275   0.00566353 0.0262737 805.063
16 2279   0.00215818 0.0214574 935.317
16 2280   0.00415879 0.024706 882.731
16 2281   0.00130559 0.0252127 909.389
16 2282   0.00482227 0.0215186 910.155
16 2283   0.00599527 0.0229296 891.956
16 2284   6.41664e-05 0.0224563 954.043
16 2285   -0.000124947 0.0241911 939.986
16 2354   -0.0380699 0.0182516 819.758
16 2355   -0.0380699 0.0190849 764.996
16 2405   -0.0378492 0.0336825 939.637
16 2452   -0.0151404 0.0278956 969.611
16 2453   -0.0175267 0.0308838 969.532
16 2454   -0.0150242 0.0336279 967.484
16 2455   -0.0112593 0.0320795 962.079
16 2456   -0.0114582 0.0290912 967.929
16 2489   0.00138568 -0.0228624 944.904
16 2490   -0.000146844 -0.0243028 946.163
16 2491   -0.00078195 -0.0200756 969.13
16 2492   0.000786458 -0.0203317 965.684
16 2493   -0.00264684 -0.0231689 966.529
16 2494   -0.00268272 -0.0214724 961.32
16 2495   -0.0495939 -0.0261235 874.709
16 2496   -0.0515313 -0.0238512 902.405
16 2497   -0.0472327 -0.0244264 925.899
16 2498   -0.0477775 -0.0209016 956.15
16 2499   -0.0501388 -0.0201416 951.14
16 2556   -0.0439777 -0.0232514 967.49
16 2557   -0.0448254 -0.0262762 930.891
16 2558   -0.0455019 -0.0247922 941.576
16 2559   -0.0425392 -0.023965 967.933
16 2560   -0.042963 -0.0254774 961.942
16 2603   -0.0460964 0.0121861 965.54
16 2604   -0.0512392 0.0116292 968.625
16 2605   -0.0487175 0.00988727 966.129
16 2606   -0.0472579 0.0145978 968.824
16 2607   -0.0498789 0.0147989 969.545
16 2617   -0.0376851 -0.0336508 941.543
16 2620   -0.0397912 -0.0323015 924.128
16 2621   -0.04175 -0.0336508 892.545
16 2638   -0.0259048 0.0325 969.648
16 2641   -0.0204409 0.0322559 969.639
16 2642   -0.0226617 0.0297559 969.606
16 2643   -0.00446819 -0.032033 914.594
16 2644   0.000482543 -0.0321895 790.435
16 2645   -0.00133429 -0.0335556 838.433
16 2646   -0.00406554 -0.0268665 957.341
16 2647   -0.00565103 -0.0287882 951.538
16 2648   -0.000931649 -0.027023 922.368
16 2649   0.000616758 -0.0291012 872.507
16 2655   -0.000552054 -0.0133925 968.457
16 2656   -4.63273e-05 -0.0135551 963.422
16 2657   -0.000575175 -0.0127966 969.55
16 2658   -0.000230461 -0.0126777 968.076
16 2659   0.000281429 -0.0131011 948.788
16 2660   0.000120417 -0.0128196 948.81
16 2688   -0.0258073 -0.0325 969.653
16 2691   -0.0224694 -0.0297274 969.577
16 2692   -0.0203014 -0.0322274 969.656
16 2693   -0.0428103 0.0251084 965.443
16 2694   -0.0441705 0.0265191 936.036
16 2695   -0.046635 0.0252379 921.914
16 2696   -0.0445947 0.0231218 965.281
16 2697   -0.046507 0.0231866 949.139
16 2724   -0.0148055 -0.0277959 969.583
16 2725   -0.0149392 -0.0336137 967.844
16 2726   -0.0173403 -0.0308411 969.583
16 2727   -0.0110874 -0.0320911 962.68
16 2728   -0.0111371 -0.0290459 968.035
16 2752   0.00708674 -0.0149538 954.153
16 2754   0.00652569 -0.0142994 938.991
16 2755   0.00693894 -0.0136383 911.929
16 2758   -0.00277898 0.0320572 889.97
16 2759   -0.00198827 0.029063 907.152
16 2760   -0.00311802 0.0274117 940.561
16 2761   -0.00638102 0.0319544 931.778
16 2762   -0.00497535 0.0335029 909.551
16 2763   -0.00715837 0.0280862 964.518
16 2764   -0.00472457 0.0280832 950.195
16 2765   -0.00590421 0.0296317 944.945
16 2766   -0.00531439 0.0247848 960.907
16 2767   -0.00533917 0.0265105 967.374
16 2768   -0.00661828 0.0265649 969.029
16 2769   -0.00651898 0.0238604 919.123
16 2770   -0.00723305 0.0248663 950.665
16 2788   -0.0435964 0.0121861 960.103
16 2789   -0.0387392 0.0116307 949.902
16 2790   -0.0412175 0.00988881 957.726
16 2791   -0.0422579 0.0145978 950.56
16 2792   -0.0398789 0.0147989 935.003
16 2793   -0.0433856 0.0284772 919.503
16 2794   -0.041909 0.0336825 889.428
16 2795   -0.0401085 0.032365 919.74
16 2796   -0.0447274 0.0336825 787.114
16 2797   -0.0457452 0.0311122 811.957
16 2853   0.00632701 0.0199707 912.798
16 2857   0.00671152 0.0175854 917.344
16 2858   0.00396156 0.0183358 933.654
16 2859   0.00553852 0.0189046 919.803
16 2860   0.00561152 0.0161945 919.612
16 2861   0.00403455 0.0164073 935.82
16 2867   0.00476707 0.033833 680.456
16 2868   0.00658902 0.0314991 682.302
16 2869   0.00202688 0.0323873 724.674
16 2870   0.00475255 0.0286077 742.793
16 2871   0.00201236 0.0294959 792.57
16 2872   -0.0382836 0.0289179 962.822
16 2873   -0.0391896 0.0276004 966.816
16 2874   -0.0401142 0.0303887 936.128
16 2875   -0.0410202 0.0290712 940.918
16 2876   -0.0059629 0.0110137 846.447
16 2879   -0.00576089 0.011455 816.463
16 2880   -0.00584466 0.0111798 827.709
16 2881   -0.00560819 0.0110954 818.346
16 2882   -0.00554165 0.0114771 803.717
16 2883   -0.00550718 0.0112639 800.305
16 2884   -0.00535061 0.0116176 796.711
16 2885   -0.00519791 0.0114663 776.42
16 2886   -0.00504692 0.0119498 819.155
16 2887   -0.00524421 0.0119043 816.443
16 2888   -0.00489961 0.0116803 785.312
16 2889   -0.0049442 0.0114836 759.215
16 2891   -0.00532982 0.0112527 780.967
16 2892   -0.00521158 0.0113147 766.426
52 163   -0.00279887 0.00219551 955.045
52 164   0.00282421 0.0010975 951.078
52 165   -0.00288371 -0.00228183 952.144
52 166   0.00469227 0.00205182 940.019
52 167   0.00102531 0.00226222 957.387
52 168   -0.00265747 0.00439334 961.909
52 169   0.000955465 -0.00223767 958.127
52 170   -0.000872894 0.00106261 956.295
52 171   -0.000918575 -0.00112533 955.989
52 172   -0.00475661 -0.00129567 940.471
52 173   0.00280005 -0.00121446 952.712
52 174   0.00470586 -0.00453095 955.958
52 175   -0.00291945 -0.00430226 957.837
52 176   0.0045013 -0.00233452 948.622
52 177   0.000958554 0.00430313 963
52 178   0.0047645 0.00408268 943.165
52 179   -0.00424297 0.00545187 962.042
52 180   -0.000798252 0.00530134 966.599
52 181   0.0060833 -0.0015678 937.211
52 182   0.000809677 -0.00854355 967.215
52 183   0.0063541 -0.005118 946.316
52 184   -0.00419346 0.0071931 968.687
52 185   0.00222455 0.00542665 965.258
52 186   -0.00587479 0.00493982 950.559
52 187   -0.000541285 0.00690363 969.524
52 188   -0.00136064 0.0080487 969.042
52 189   0.00354989 0.00534593 959.648
52 190   -0.000515636 -0.0081315 965.566
52 191   0.00192418 0.00706622 969.208
52 192   0.000915146 0.00754499 968.118
52 193   -0.00688296 0.00609782 945.701
52 194   -0.0055978 0.00772341 968.587
52 195   0.00740447 -0.00404266 932.426
52 196   -0.00665549 0.00714018 958.756
52 197   0.000907423 0.00869423 958.71
52 198   -0.00150552 -0.00903154 944.456
52 199   -0.00159764 -0.00987957 927.015
52 200   0.00841166 -0.00451598 914.619
52 201   0.00841692 -0.00586144 909.061
52 202   -0.00784782 0.00586027 924.121
52 203   0.00160613 0.00925501 938.95
52 204   -0.00819589 0.00514015 915.195
52 205   0.00912471 -0.00359847 932.184
52 206   -0.00867569 0.00691976 912.136
52 207   0.00100584 0.0102698 946.647
52 208   0.0086951 -0.00522197 902.611
52 209   -0.00844686 0.00633311 911.266
52 210   0.00980927 -0.0040311 897.223
52 211   -0.00239562 -0.0100876 885.054
52 212   0.00150479 0.00992665 931.157
52 213   0.00898856 -0.00419916 909.89
52 214   0.00128931 0.0112336 960.004
52 215   0.00135504 0.010808 944.171
52 216   -0.00283644 -0.00972354 874.63
52 217   -0.00887437 0.00535434 898.146
52 218   -0.00935491 0.00683584 887.317
52 219   -0.0096262 0.00368214 925.009
52 220   -0.0092787 0.00441367 901.431
52 221   0.00253414 0.00998818 882.56
52 222   -0.0032579 -0.0100539 841.085
52 223   -0.00895007 0.00592468 894.112
52 224   0.0093712 -0.00526602 864.474
52 225   0.00208325 0.0102129 901.921
52 226   -0.00251531 -0.0106171 860.579
52 227   -0.00969091 0.00424413 896.309
52 228   -0.00925375 0.00517023 881.405
52 229   0.00348124 0.0100176 836.047
52 230   -0.00939778 0.00485174 881.321
52 231   0.00949664 -0.00462623 881.23
52 232   -0.0023041 -0.0109587 871.279
52 233   -0.00935567 0.00604075 863.855
52 234   0.00287901 0.0102431 854.05
52 235   -0.0100672 0.00458858 845.662
52 236   0.00217021 0.0105898 890.978
52 237   -0.00953168 0.00636527 849.137
52 238   0.00194095 0.0108417 909.928
52 239   0.00322758 0.0102482 835.867
52 240   0.00965007 -0.00559098 809.032
52 241   0.00991404 -0.00465723 837.208
52 242   0.00959584 -0.00498709 847.498
52 243   -0.00963622 0.00548425 819.925
52 244   -0.00966244 0.00578444 809.051
52 245   -0.00992056 0.0062537 779.372
52 246   0.00255294 0.0107596 852.981
52 247   0.00281085 0.0106376 836.899
52 248   0.00224176 0.0113775 895.061
52 249   -0.00982586 0.00501784 817.601
52 250   -0.0100831 0.00492423 793.346
52 251   0.00221489 0.0111186 886.868
52 252   -0.00997189 0.00593153 750.73
52 253   -0.00990916 0.00533867 773.807
52 254   0.00255092 0.0110534 841.126
52 255   -0.0025405 -0.011223 834.79
52 256   0.00996039 -0.00512182 776.51
52 257   -0.010225 0.00583053 709.742
52 258   0.0101563 -0.00498525 766.251
52 259   -0.010168 0.00544848 720.854
52 260   0.00998246 -0.00551175 744.356
52 261   0.00275143 0.0112156 797.732
52 262   -0.00233474 -0.0115542 893.522
52 263   -0.00250391 -0.0114482 844.088
52 264   -0.0102793 0.00564171 701.513
52 265   -0.0103551 0.00531829 711.104
52 266   0.0102082 -0.00579487 709.942
52 267   0.0100681 -0.00532152 739.887
52 268   0.0103852 -0.00510857 727.352
52 269   -0.00278054 -0.0112013 789.15
52 270   0.0101629 -0.00562888 712.604
52 271   0.0102843 -0.00536262 708.311
52 272   0.0104054 -0.00528623 705.422
52 273   0.0103936 -0.00576795 693.043
52 274   0.0103216 -0.00551259 698.244
52 275   -0.00269149 -0.011519 794.091
52 276   -0.0105045 0.00540826 694.008
52 277   -0.00284761 -0.011355 754.282
52 278   -0.00304365 -0.0113509 681.786
52 279   0.0104379 -0.00553919 687.383
52 280   -0.0104634 0.00565081 684.625
52 281   0.0104645 -0.00562855 684.116
52 282   -0.00279514 -0.0114475 752.117
52 283   -0.00295206 -0.0113824 699.443
52 284   -0.0027285 -0.0116071 786.91
52 285   0.0105258 -0.00533421 695.913
52 286   -0.0104911 0.00557562 682.844
52 287   -0.00287595 -0.0115057 673.675
52 288   -0.010502 0.00550858 685.236
52 289   -0.00294484 -0.011474 621.778
52 290   -0.010579 0.00537575 695.461
52 291   -0.00288195 -0.0115676 618.577
52 292   -0.00298924 -0.0115153 480.331
52 293   -0.00283815 -0.0115975 694.085
52 294   -0.0105621 0.00559783 676.032
52 295   -0.00303582 -0.0115103 412.349
52 296   -0.0105679 0.00551512 679.757
52 297   -0.0106185 0.00553868 673.574
52 298   -0.0105803 0.0055512 675.857
52 299   -0.0106601 0.00550333 752.193
52 300   0.00304752 0.0116041 2.66723
52 304   0.00113521 -0.00985249 961.673
52 305   0.00216744 -0.0112615 957.698
52 306   0.000462973 -0.0103712 956.96
52 307   0.000903138 0.0114484 968.963
52 329   -0.00318444 -0.0104476 825.196
52 330   -0.00288267 -0.0106467 828.783
52 331   -0.00289003 -0.0110672 789.602
52 332   -0.00293296 -0.010866 807.266
52 333   -0.00313971 -0.0108803 789.256
52 334   -0.00307127 -0.0112525 727.925
52 335   -0.00302612 -0.0111265 766.17
52 336   -0.00314082 -0.0110439 769.998
52 337   -0.00321001 -0.0111159 752.51
52 338   -0.00316192 -0.0112239 724.982
52 368   -0.00644431 -0.0020076 923.397
52 369   -0.00814303 -0.00103805 907.281
52 370   -0.00658634 -0.0031537 920.183
52 371   -0.0080024 -0.00334834 900.717
52 372   -0.00808942 -0.00446458 900.312
52 412   -0.0037822 -0.00943595 825.028
52 413   -0.00359171 -0.0098638 833.549
52 424   0.0105492 -0.00561231 677.031
52 427   0.010506 -0.00546962 685.228
52 428   0.0105259 -0.00540058 689.891
52 429   0.0105906 -0.00541349 686.753
52 430   0.0105892 -0.00546745 681.038
52 431   0.010552 -0.00549762 680.07
52 433   0.0105797 -0.00553615 675.376
52 434   0.0105826 -0.00556793 674.144
52 451   -0.00305238 -0.0115504 234.75
52 453   0.0106155 -0.00549009 677.957
52 454   0.010611 -0.00552216 674.035
52 455   0.0106379 -0.00548344 679.348
52 457   -0.00911486 0.00230943 944.203
52 458   -0.00877714 9.88969e-05 908.419
52 459   -0.00812932 0.00119973 926.979
52 495   -0.0103796 0.00517351 727.706
52 496   -0.0103274 0.00505622 749.946
52 515   0.00655271 -0.00658395 954.594
52 516   0.00759207 -0.00654971 936.108
52 517   0.00563981 -0.00782537 968.823
52 524   -0.00337669 0.00807056 969.225
52 525   -0.00238635 0.00838241 968.966
52 526   -0.00392176 0.00923468 963.028
52 527   -0.0044602 0.00947111 951.821
52 528   -0.00559944 0.0086507 965.547
52 529   -0.00498775 0.00920654 950.486
52 530   -0.00625014 0.00877469 962.272
52 531   -0.00624165 0.00934967 924.674
52 532   -0.00670487 0.00946211 901.475
52 540   -0.00426591 -0.00539744 954.821
52 545   0.00025685 0.0101696 956.699
52 546   -0.000754541 0.0092615 964.483
52 547   5.70916e-05 0.00926567 960.928
52 548   -0.0026054 0.00962972 966.177
52 549   -0.00339143 0.00978819 964.025
52 550   -0.00364712 0.0105002 966.918
52 551   -0.00133449 0.0101123 961.23
52 552   -0.00215965 0.0101469 964.375
52 553   -0.0025845 0.0107861 967.057
52 554   -0.00222333 0.0112669 959.522
52 555   -0.00103834 0.0106187 955.43
52 556   -4.15593e-05 0.0106257 959.975
52 557   -0.000475692 0.0107178 957.04
52 558   -0.000442301 0.0111546 954.276
52 559   -0.000386724 0.0117628 951.81
52 621   -0.00605077 0.00976156 886.15
52 630   0.00363941 -0.00565635 964.689
52 631   0.00194058 -0.00756672 969.522
52 632   0.0047278 -0.00784124 969.405
52 633   0.00402169 -0.0071284 968.76
52 634   0.00304973 -0.00794477 969.459
52 635   0.00329485 -0.0087202 968.234
52 636   0.00421681 -0.00859504 967.169
52 637   0.00431437 -0.00932836 956.854
52 638   0.00224222 -0.010059 964.43
52 639   0.00371889 -0.00959492 961.158
52 640   0.00278341 -0.00975114 965.781
52 641   0.00305242 -0.00934318 966.096
52 642   0.00368713 -0.00995607 960.081
52 643   0.00321263 -0.0100497 965.46
52 644   0.00396719 -0.0102651 954.892
52 645   0.0041274 -0.0109717 967.122
52 647   0.00753588 0.00395273 905.499
52 648   0.00608534 0.00455249 927.505
52 649   0.00803892 0.00485337 903.542
52 654   -0.00746594 0.00758925 952.801
52 655   -0.00832626 0.00738029 930.059
52 657   -0.00862941 0.00779644 932.421
52 680   0.0011976 -0.00391452 962.107
52 681   0.00176377 -0.00616009 968.212
52 682   0.00249063 -0.0050661 964.513
52 683   -0.00134408 -0.00480461 964.602
52 684   0.000739196 -0.00557348 967.342
52 685   0.000202265 -0.00444353 964.269
52 686   -0.000667605 -0.00707434 969.471
52 687   -0.000151004 -0.00606178 968.682
52 688   -0.00133391 -0.00587587 968.016
52 689   -0.00165159 -0.00720518 969.272
52 690   -0.00204943 -0.00657169 969.294
52 691   -0.00371746 -0.00662408 966.14
52 692   -0.00281806 -0.00678969 969.3
52 693   -0.00497765 -0.00734501 960.533
52 694   -0.00370467 -0.00758417 969.147
52 695   -0.00418019 -0.00704487 966.435
52 697   -0.00494161 -0.00801077 966.72
52 754   0.00401791 0.00661891 964.646
52 755   0.00494452 0.00799784 966.706
52 783   -0.00111534 -0.010325 942.316
52 784   -0.000370136 -0.0104078 956.851
52 785   -0.000893671 -0.011438 968.235
52 786   -0.000385304 -0.0111238 966.278
52 787   -0.00195331 -0.0110232 911.56
52 788   -0.00126248 -0.0112176 959.637
52 789   -0.00149931 -0.0108207 936.367
52 791   -0.00154729 -0.0115514 962.796
52 792   -0.00205415 -0.0115788 933.482
52 793   -0.0018685 -0.0114069 937.018
52 821   -0.00293129 -0.0115924 458.942
52 824   -0.00297557 -0.0115583 392.815
52 825   -0.00297299 -0.0116018 250.435
52 826   -0.00295303 -0.0115775 414.138
52 827   -0.00299219 -0.0115915 198.925
52 828   -0.00299887 -0.0115737 264.13
52 829   -0.00303756 -0.0115678 150.475
52 830   -0.00302064 -0.0115739 171.809
52 831   0.00885915 -0.00634655 899.669
52 832   0.00944064 -0.00680664 881.865
52 833   0.00956343 -0.00586448 824.845
52 834   0.00927217 -0.00614814 874.32
52 835   0.00950928 -0.00642154 854.447
52 837   0.0101301 -0.00599464 729.135
52 838   0.00987087 -0.00604456 774.209
52 839   0.00984539 -0.00629737 796.771
52 885   0.00336098 0.0105515 812.591
52 887   0.0030369 0.0107484 812.226
52 888   0.00323846 0.0106571 809.103
52 889   0.00332254 0.0108074 791.131
52 890   0.0031946 0.0110835 760.579
52 891   0.00304031 0.010899 797.283
52 892   0.00320164 0.0108982 786.672
52 893   0.00291048 0.0111749 775.468
52 894   0.00297129 0.0110413 787.097
52 895   0.00308353 0.0111507 758.181
52 896   0.00310456 0.0113746 639.09
52 897   0.00297653 0.0112961 734.963
52 898   0.00306892 0.0112724 723.81
52 899   0.00298108 0.0113853 691.491
52 900   0.00304712 0.0114208 611.185
52 901   0.00300278 0.0114969 509.355
52 902   0.00304512 0.0114757 511.907
52 903   0.00300641 0.0115347 404.901
52 904   0.00303616 0.0115417 299.449
52 905   0.00251297 0.0114748 851.037
52 906   0.00268662 0.0113782 797.319
52 907   0.00279492 0.0114467 759.942
52 911   0.00296588 0.0114863 587.465
52 912   0.00294218 0.0114296 680.485
52 913   0.00288689 0.0114496 708.385
52 914   0.00293261 0.0115134 596.924
52 915   0.00288857 0.0114992 676.728
52 917   0.00204943 0.0115132 934.386
52 918   0.00175476 0.0115393 955.669
52 927   0.00253445 0.0115916 862.07
52 931   0.00273224 0.0115038 780.316
52 932   0.00268939 0.0116076 814.519
52 933   0.00264541 0.0115521 820.912
52 934   0.00281557 0.0116058 742.874
52 935   0.00276604 0.0115805 772.154
52 936   0.00278639 0.0115381 756.013
52 937   0.00289542 0.0116033 568.886
52 938   0.00285052 0.0115869 691.427
52 939   0.00284333 0.0115469 707.154
52 940   0.00287553 0.0115328 670.652
52 941   0.00290485 0.0115517 605.259
52 942   0.00293429 0.0115423 549.205
52 943   0.00291756 0.0115821 529.165
52 944   0.00296472 0.0116017 297.279
52 945   0.00294234 0.0115845 446.09
52 946   0.00295166 0.0115611 469.296
52 947   0.00297914 0.0115859 294.496
52 948   0.00299102 0.0115559 368.743
52 949   0.00297148 0.0115641 402.609
52 950   0.00299507 0.0115869 218.405
52 951   0.00300229 0.0115686 281.733
52 952   0.00303632 0.0116051 4.42372
52 955   0.00300611 0.0116004 78.2384
52 960   0.00612377 -0.0084899 967.998
52 962   0.00581929 -0.00902166 952.83
52 963   0.00632825 -0.00934058 922.783
52 964   0.00672247 -0.00940696 905.433
52 965   0.00700196 -0.00922081 933.402
52 976   -0.00411855 0.0105742 954.199
52 977   -0.0044013 0.0100986 937.219
52 978   -0.0042464 0.0109301 959.484
52 985   -0.00312294 0.0110225 969.06
52 986   -0.00344895 0.0109393 968.111
52 987   0.00437141 -0.0109093 943.616
52 989   0.000107895 -0.0115256 966.677
52 990   -0.000142496 -0.0115037 968.425
52 1022   0.0016241 -0.0112031 939.918
52 1023   0.00105594 -0.0109063 950.152
52 1024   0.000411965 -0.0114351 950.333
52 1025   0.000769713 -0.0112324 939.87
52 1026   0.000779968 -0.011826 850.137
52 1027   0.000529577 -0.0118041 929.406
52 1028   -0.00560579 0.0102687 842.573
52 1029   -0.00523929 0.00967066 920.249
52 1030   -0.00565584 0.0098142 891.949
52 1031   -0.00501238 0.0100107 902.758
52 1032   -0.00470195 0.0101741 912.053
52 1033   -0.00524229 0.0102787 858.596
52 1034   -0.00508217 0.0104798 841.948
52 1035   -0.00475011 0.010447 884.819
52 1037   -0.0051657 0.0106565 804.848
52 1055   0.00728144 -0.00903466 963.887
52 1060   -0.00169982 0.011242 940.68
52 1061   -0.00130482 0.011026 946.161
52 1063   -0.00158624 0.0116448 906.955
52 1106   0.00157206 -0.0116108 907.538
52 1123   -0.00530063 -0.00508096 941.148
52 1124   -0.0059691 -0.00414572 929.027
52 1125   -0.00704715 -0.00483488 915.459
52 1126   -0.00689604 -0.00561188 918.676
52 1127   -0.00585755 -0.00595527 934.566
52 1129   -0.00709328 -0.0064779 911.812
52 1130   -0.00743129 -0.00598337 914.155
52 1174   -0.00557883 -0.00724335 947.551
52 1175   -0.00588672 -0.00659088 935.109
52 1176   -0.00658721 -0.00674202 912.758
52 1177   -0.0060338 -0.00756603 937.209
52 1178   -0.00652482 -0.00722294 913.793
52 1211   0.0027045 0.00766369 965.377
52 1212   0.0034729 0.00729709 969.454
52 1213   0.00274728 0.0083996 942.934
52 1214   0.00237685 0.00901835 924.153
52 1215   0.0027264 0.00946527 891.24
52 1216   0.00344763 0.00965348 847.062
52 1217   0.00320222 0.00932558 869.619
52 1218   0.00357436 0.00909265 844.566
52 1220   0.00376507 0.00954341 830.459
52 1221   0.00387447 0.00929769 817.895
52 1296   0.0082153 0.000114773 909.544
52 1297   0.00640987 -0.000152141 928.928
52 1298   0.00609036 0.00116531 927.612
52 1299   0.00887817 0.00125624 898.398
52 1300   0.00843574 0.00307916 897.753
52 1301   0.00775445 0.00201432 909.03
52 1303   -0.00304794 -0.0115777 66.1582
52 1321   0.00586312 0.005753 934.34
52 1322   0.0050103 0.00655617 953.432
52 1323   0.00529379 0.00728856 954.433
52 1324   0.00598362 0.00735452 937.528
52 1325   0.00647464 0.00701143 915.447
52 1502   -0.00328046 -0.0107916 791.939
52 1503   -0.00337549 -0.0105781 807.71
52 1514   -0.0106095 0.00544429 687.834
52 1518   0.0106305 -0.00553176 671.597
52 1521   0.0106382 -0.00550017 676.861
52 1522   0.0106354 -0.00551642 673.319
52 1523   0.010648 -0.00551752 672.801
52 1524   0.0106599 -0.00550561 685.828
52 1525   0.0106526 -0.00550548 678.636
52 1526   0.0106498 -0.00549663 679.047
52 1527   -0.00300863 -0.0116031 68.1491
52 1529   -0.00302735 -0.0116046 11.5075
52 1530   -0.00302309 -0.0115855 93.5767
52 1531   -0.00301776 -0.0115968 62.193
52 1532   -0.00303398 -0.0115981 13.2692
52 1533   -0.00304079 -0.0115857 42.9899
52 1534   -0.00303285 -0.0115873 56.8658
52 1565   -0.00304446 -0.0115934 12.4769
52 1568   -0.00304033 -0.0116001 6.87754
52 1569   -0.00304111 -0.0116064 3.64739
52 1573   -0.0106085 0.00547127 684.321
52 1574   -0.0105932 0.0054954 680.589
52 1575   -0.0106377 0.00548248 684.551
52 1576   -0.0106211 0.00551094 677.502
52 1577   -0.010643 0.00550174 687.705
52 1655   0.00132805 -0.0116732 880.251
52 1657   0.0009865 -0.0118161 820.803
52 1658   0.00109386 -0.0115915 887.009
52 1664   -0.00134173 0.0117072 878.677
52 1687   0.00528482 -0.00931653 940.655
52 1688   0.00477485 -0.00953397 941.545
52 1689   0.0055143 -0.0098216 894.445
52 1690   0.0047496 -0.0100137 917.873
52 1691   0.00523457 -0.0101418 874.629
52 1692   0.00443468 -0.0103211 927.265
52 1693   0.00482425 -0.0107718 818.384
52 1694   0.00455883 -0.0106562 899.779
52 1696   0.00504533 -0.010658 807.821
52 1697   0.00532481 -0.0104718 827.123
52 1746   -0.0044997 0.0107683 908.843
52 1747   -0.00464512 0.0109255 854.848
52 1748   -0.0046676 0.0106073 879.137
52 1749   -0.00498151 0.0107212 804.407
52 1750   -0.00481058 0.0108242 805.789
52 1751   -0.00481547 0.0107048 834.893
52 1754   -0.00502327 0.0108095 777.28
52 1755   -0.00492995 0.0108717 746.229
52 1796   -0.000706927 0.0113234 940.041
52 1797   -0.00100681 0.0112939 932.13
52 1798   -0.00102878 0.0117636 837.318
52 1799   -0.0011573 0.0115724 892.571
52 1800   -0.000868132 0.0116901 872.83
52 1801   -0.00058132 0.0116927 924.221
52 1802   -0.000696765 0.0115284 926.048
52 1804   -0.00068425 0.0118484 877.758
52 1805   -0.000821123 0.0118605 818.404
52 1877   -0.00403689 -0.00799262 966.098
52 1878   -0.00447636 -0.00811909 969.275
52 1879   -0.00399309 -0.00856028 916.222
52 1882   -0.00455532 -0.00860097 963.881
52 1883   -0.00430981 -0.00877251 927.32
52 1895   0.00758406 -0.00745694 949.143
52 1896   0.00793185 -0.00854101 951.254
52 1897   0.00739789 -0.0085677 966.8
52 1898   0.00702867 -0.00815571 966.662
52 1899   0.0088855 -0.00754327 920.808
52 1900   0.00819519 -0.00731847 932.336
52 1901   0.00864543 -0.00689635 912.101
52 1902   0.00898981 -0.00708303 907.425
52 1903   0.00808153 -0.00818619 947.908
52 1904   0.00852963 -0.00776691 934.731
52 1905   0.0081837 -0.0077288 940.857
52 1908   0.00833601 -0.00834564 949.35
52 1909   0.00851891 -0.00810295 943.232
52 1915   -0.00743748 0.00814867 961.275
52 1916   -0.00828335 0.00805177 943.82
52 1917   -0.00795175 0.00819506 950.906
52 1918   -0.0080261 0.00850581 946.191
52 1921   -0.00828048 0.0084652 945.967
52 1922   -0.00843492 0.00825984 945.384
52 1928   0.00732164 0.00549364 913.699
52 1929   0.00667889 0.0064911 914.081
52 1930   0.00659637 0.00579351 920.887
52 1933   0.00757316 0.00594396 913.603
52 1934   0.00723515 0.00643849 912.54
52 1975   0.000237237 0.0110274 964.597
52 1976   0.000498674 0.0113242 968.568
52 1977   -9.45161e-05 0.011257 963.214
52 1978   -0.000106825 0.011578 966.768
52 1980   0.000406172 0.0116792 968.555
52 1981   0.000132427 0.0117034 969.242
52 2127   -0.00714541 0.00847125 968.525
52 2128   -0.00676688 0.00861905 968.762
52 2129   -0.00720086 0.00906756 958.832
52 2130   -0.00687161 0.00923476 932.783
52 2131   -0.00692514 0.00896668 960.712
52 2133   -0.00707734 0.00938229 909.663
52 2134   -0.00721733 0.00928899 931.574
52 2142   -0.00913443 -0.00169938 899.309
52 2143   -0.00885176 -0.00286356 897.562
52 2152   -0.0079233 0.00875449 952.953
52 2155   -0.00755687 0.00876631 967.625
52 2156   -0.00745406 0.00901499 968.041
52 2200   0.00447686 0.00805063 969.458
52 2201   0.00389386 0.00782489 968.367
52 2202   0.00382982 0.00872059 881.95
52 2203   0.00349233 0.0083233 942.043
52 2205   0.00430739 0.00871699 939.456
52 2206   0.0045529 0.00854545 965.688
52 2232   0.00910566 -0.000579046 909.758
52 2236   0.00881008 -0.0028763 945.848
52 2237   0.00928699 -0.00208276 939.17
52 2238   0.00862997 -0.0014532 925.577
52 2239   0.00741304 -0.00217504 933.087
52 2240   0.00766674 -0.00300367 934.524
52 2252   -0.00222719 -0.00850914 945.922
52 2253   -0.0022213 -0.00773993 965.394
52 2254   -0.00315551 -0.00782535 963.943
52 2255   -0.00273162 -0.00745166 968.412
52 2256   -0.00287089 -0.00922078 892.105
52 2257   -0.00264936 -0.00876533 926.474
52 2258   -0.00306736 -0.00836982 939.849
52 2259   -0.00348285 -0.00912327 851.759
52 2260   -0.00357272 -0.0086963 887.138
52 2504   0.00306992 0.0115029 413.659
52 2505   0.00305733 0.0115311 308.49
52 2571   0.00301637 0.0115738 180.547
52 2572   0.00304317 0.0115864 24.1682
52 2573   0.00303486 0.0115682 145.147
52 2574   0.00304711 0.0115776 64.3939
52 2575   0.00301764 0.0115914 74.8496
52 2576   0.00303088 0.0115975 14.0144
52 2577   0.00304055 0.0115923 12.0432
52 2663   0.00588403 -0.00996541 867.207
52 2664   0.00616351 -0.00977926 880.323
52 2698   -0.00502003 0.000373423 941.062
52 2699   -0.00441487 0.00161405 947.768
52 2700   -0.0067676 0.0013048 933.395
52 2701   -0.00614774 0.00381062 944.118
52 2702   -0.00670747 0.00243592 938.198
52 2703   -0.00561741 0.00265494 944.518
52 2704   -0.00792044 0.00451619 924.184
52 2705   -0.00736638 0.0032144 936.473
52 2706   -0.00710923 0.00396879 936.93
52 2707   -0.00874422 0.00300529 948.627
52 2708   -0.00915139 0.00338427 946.314
52 2709   -0.008115 0.00329438 934.431
52 2710   -0.00891693 0.00395307 920.916
52 2711   -0.00838118 0.00395128 924.685
52 2716   -0.00306939 -0.0114682 501.913
52 2717   -0.00309664 -0.011407 602.333
52 2809   0.00315812 -0.0112055 968.742
52 2810   0.00317411 -0.0104264 967.515
52 2811   0.00255947 -0.0109641 967.116
52 2812   0.00253017 -0.0105771 965.897
52 2813   0.00374797 -0.0104977 964.721
52 2814   0.00342939 -0.0105653 968.258
52 2815   0.00386536 -0.0108483 968.894
52 2816   0.00341576 -0.0108542 969.636
52 2817   0.00335245 -0.0110607 968.808
52 2818   0.00367442 -0.0109854 968.942
52 2820   0.00352977 -0.0112126 965.07
52 2821   0.00369244 -0.0111711 965.108
end
