932
52 247   0.00492282 -0.00472005 912.319
52 248   -0.00502785 -0.00107341 877.681
52 249   -0.00478237 0.00126643 889.82
52 250   0.00134044 0.00235083 897.258
52 251   -0.000727919 0.00118677 899.889
52 252   -0.00651426 0.00264773 882.091
52 253   0.00322631 0.00117631 890.119
52 254   0.00507609 -0.00230241 892.853
52 255   -0.00078906 -0.00104173 898.414
52 256   0.00117229 -0.00218519 902.156
52 257   -0.00261079 0.00234273 902.413
52 258   0.0031193 -0.00113121 896.636
52 259   0.00291501 -0.00562973 925.871
52 260   0.00513856 0.00212609 871.729
52 261   0.00112128 -0.00426607 909.611
52 262   -0.00246246 0.00443843 913.285
52 263   0.00677289 -0.00123402 862.366
52 264   -0.00405215 0.00565871 926.966
52 265   0.00672835 0.000886959 852.366
52 266   -0.00817436 0.00205341 828.264
52 267   -0.0066711 -0.00190671 853.431
52 268   0.00834524 0.00140917 833.822
52 269   0.00257519 -0.0073119 948.737
52 270   0.00831883 -0.0018069 814.359
52 271   -0.00825186 -0.00123842 842.746
52 272   0.00885465 -0.0030434 806.627
52 273   -0.00365514 0.00722611 950.709
52 274   -0.00918927 0.00314314 798.076
52 275   -0.00874553 0.000667154 794.944
52 276   -0.00891166 -0.000410072 816.885
52 277   0.00330286 -0.00835881 964.731
52 278   -0.00234693 0.00770349 953.482
52 279   0.0093885 0.000364491 788.263
52 280   0.00931754 -0.000730602 762.92
52 281   0.00407867 -0.00878449 968.555
52 282   -0.0105406 0.00456323 757.228
52 283   -0.0101169 0.00238234 746.195
52 284   -0.00240785 0.00877586 966.962
52 285   -0.00325928 0.00910807 969.232
52 286   -0.010805 0.00282755 733.345
52 287   -0.00987569 0.000863816 740.49
52 288   -0.0102321 0.00148928 729.203
52 289   -0.00182794 0.00932001 969.066
52 290   -0.0109547 0.00359752 733.985
52 291   -0.0113276 0.00218177 716.231
52 292   0.00252176 -0.0091389 969.16
52 293   0.00183349 -0.00923032 969.094
52 294   -0.0100706 -0.000779357 761.589
52 295   0.00372052 -0.00982618 968.32
52 296   0.00408756 -0.0103806 968.399
52 297   0.00176999 -0.00995444 958.415
52 298   -0.00246631 0.010247 945.574
52 299   0.00133927 -0.0102593 942.164
52 300   -0.0108855 0.00122278 705.581
52 301   0.00316265 -0.0100361 963.458
52 302   0.00273969 -0.00977446 965.984
52 303   -0.0103336 -0.000289198 726.462
52 304   -0.00199986 0.00997156 958.376
52 305   -0.0103049 0.000276749 720.53
52 306   -0.0112928 0.00147006 703.057
52 307   0.0022736 -0.0101952 945.991
52 308   -0.00151597 0.0103527 935.315
52 309   -0.00319207 0.0111499 946.132
52 310   -0.00156288 0.0107839 887.93
52 311   -0.0110121 0.000682609 696.521
52 312   -0.0108317 -0.000432223 705.722
52 313   -0.00235559 0.010749 893.45
52 314   0.0023532 -0.0106245 907.581
52 315   -0.0107879 0.00036204 700.948
52 316   0.00305377 -0.010557 947.465
52 317   0.00142055 -0.0107265 898.402
52 318   -0.00193605 0.0109047 858.256
52 319   -0.0110148 -3.76324e-05 695.341
52 320   -0.0116567 0.00113283 692.914
52 321   -0.00282244 0.0111764 867.998
52 322   -0.00255702 0.0110267 858.423
52 323   0.00171391 -0.0109727 850.572
52 324   0.00271041 -0.0107248 913.737
52 325   0.00216772 -0.0109215 854.16
52 326   -0.0113667 0.000543852 686.457
52 327   -0.0113043 -6.41493e-05 687.517
52 328   0.00195076 -0.0110433 826.322
52 329   0.00299765 -0.0111967 902.771
52 330   -0.0114321 0.000196766 682.682
52 331   0.00272417 -0.0110457 874.001
52 332   -0.00191032 0.0112012 801.095
52 333   0.00296213 -0.0114264 867.365
52 334   -0.0116466 0.000834224 686.545
52 335   -0.0115521 0.000663878 684.315
52 336   0.00255745 -0.0111969 818.813
52 337   0.00235821 -0.011173 804.707
52 338   -0.00234694 0.0112651 782.581
52 339   -0.00211978 0.0112838 774.711
52 340   0.00202541 -0.0113619 753.713
52 341   -0.00278471 0.011485 806.637
52 342   -0.0116175 0.000155906 677.799
52 343   0.00272834 -0.0114667 784.77
52 344   0.00259714 -0.0113882 774.89
52 345   0.00229593 -0.011356 749.891
52 346   -0.0118409 0.000720963 682.14
52 347   0.00218009 -0.0114232 710.935
52 348   -0.0117096 0.000499317 678.463
52 349   -0.00241305 0.0114171 734.581
52 350   -0.00263721 0.0115053 750.056
52 351   -0.0118238 0.000567074 678.432
52 352   -0.00251798 0.011477 715.155
52 353   0.00248843 -0.0114758 704.719
52 354   0.00268213 -0.0115923 720.941
52 355   -0.0116981 0.000290895 675.803
52 356   -0.0117329 0.000380812 675.947
52 357   -0.0116809 5.53831e-05 676.749
52 358   0.00238645 -0.0114674 685.04
52 359   0.00250383 -0.0115988 550.126
52 360   -0.0119082 0.000481547 675.581
52 361   -0.00220486 0.0115016 651.155
52 362   -0.00230636 0.0114911 657.232
52 363   -0.0117955 0.000218867 672.905
52 364   -0.00246801 0.0115871 557.435
52 365   0.00256633 -0.0116368 548.131
52 366   -0.0118414 0.000352006 673.127
52 367   0.00242647 -0.0116404 403.192
52 368   -0.00219839 0.0115894 520.572
52 369   -0.0118613 0.000263519 671.389
52 370   -0.0119025 0.000384983 672.988
52 371   -0.00233554 0.0115725 530.695
52 372   -0.011793 0.000149421 673.209
52 373   -0.0025766 0.0116435 575.057
52 374   -0.00239227 0.0116087 462.594
52 375   -0.00265753 0.0116125 706.016
52 376   -0.00250632 0.0116464 475.27
52 377   -0.00227597 0.0116182 438.202
52 378   -0.00229121 0.0116769 252.204
52 379   -0.0119181 0.000243818 669.73
52 380   0.00241202 -0.0116979 221.201
52 381   -0.0119573 0.000343542 671.411
52 382   -0.00247202 0.0116957 322.16
52 383   -0.00233586 0.0116965 152.947
52 384   0.00242674 -0.0117297 110.959
52 385   -0.0023478 0.0117656 2.60334
52 386   0.00661281 -0.00545781 909.466
52 387   0.00834675 -0.00430854 857.245
52 388   0.00807623 -0.00694004 907.812
52 389   0.00653782 -0.00681085 932.563
52 390   0.00765541 -0.00830089 957.226
52 391   0.00816736 -0.0078662 923.738
52 467   0.00918462 -0.00642498 878.556
52 468   0.0104056 -0.00469602 765.642
52 469   0.00938014 -0.00514652 832.716
52 470   0.00457128 -0.0104868 966.613
52 474   0.00496021 -0.0103375 948.661
52 561   -0.00107824 0.0103035 941.74
52 588   -0.00236944 0.0117375 30.0679
52 616   0.0100494 -0.00291505 750.916
52 617   0.011177 -0.00319465 726.1
52 618   0.010567 -0.00372969 738.054
52 619   0.0103371 -0.00229978 732.538
52 620   0.0109818 -0.00246023 720.738
52 668   -0.00622161 -0.00384046 850.753
52 669   -0.00422192 -0.00633581 864.522
52 670   -0.00524321 -0.00774642 825.275
52 671   -0.00549754 0.00542946 917.529
52 672   -0.0063672 0.00445916 900.236
52 673   -0.00771508 0.0052233 893.225
52 674   -0.00887704 0.0045016 842.421
52 675   -0.00961471 0.00509167 823.47
52 676   -0.0075684 0.0061602 906.638
52 677   -0.00654732 0.0065929 927.64
52 678   -0.0063615 0.00750491 951.482
52 679   -0.00840124 0.00684602 899.289
52 680   -0.00839129 0.00769707 909.217
52 681   -0.00789399 0.00846716 955.719
52 682   -0.00786239 0.00779772 932.787
52 683   -0.00710028 0.00780623 951.226
52 684   -0.00738466 0.00858026 967.391
52 685   -0.0068791 0.00837108 967.326
52 686   -0.00701564 0.0092415 903.014
52 687   -0.00727219 0.00902382 954.98
52 688   0.00489984 -0.00850695 968.018
52 689   0.00573176 -0.00778108 960.137
52 690   0.00707882 -0.0084316 967.289
52 691   0.00643761 -0.00825833 967.008
52 692   0.00695212 -0.00925691 896.505
52 693   0.00720809 -0.00903956 949.242
52 709   -0.00398054 0.00869642 968.309
52 710   -0.00443731 0.00788682 961.473
52 711   -0.00541014 0.00794311 963.812
52 712   -0.00541668 0.00868121 969.111
52 713   -0.00471089 0.00906395 968.78
52 714   -0.00589736 0.00907233 953.741
52 715   -0.00639261 0.00886567 959.531
52 716   -0.00664162 0.00929253 900.249
52 717   -0.00650958 0.00972365 816.89
52 718   0.00591035 -0.0100736 807.256
52 719   0.00530109 -0.00922021 960.342
52 720   0.0052359 -0.00990283 928.342
52 721   0.00571589 -0.0101483 856.192
52 722   0.00622196 -0.00878899 965.601
52 723   0.00591737 -0.009025 955.112
52 724   0.0066072 -0.00917961 918.845
52 725   0.00648722 -0.0094496 871.683
52 726   0.006118 -0.00938163 909.336
52 727   0.00657616 -0.00974425 805.873
52 735   0.00509787 0.00401861 864.687
52 736   0.00630581 0.00651395 837.466
52 737   0.00775729 0.00469075 803.716
52 738   0.00648861 0.00492793 838.522
52 743   -0.00234521 0.01175 7.58307
52 744   -0.00234945 0.0117357 26.4671
52 745   -0.00233416 0.0117313 40.482
52 748   -0.00482366 0.010555 960.021
52 749   -0.00469718 0.00965112 962.727
52 750   -0.00510955 0.010234 934.873
52 751   -0.00514352 0.00979774 942.929
52 752   -0.00587284 0.00993499 837.869
52 753   -0.00563791 0.00960169 918.582
52 755   -0.00545868 0.0103649 891.266
52 756   -0.00572758 0.010262 831.368
52 771   0.00170044 0.00414579 896.82
52 772   0.00368897 0.00617875 873.34
52 773   0.00354562 0.00486379 881.045
52 774   0.00203027 0.00672508 893.776
52 775   0.00289545 0.00678066 880.929
52 776   0.00186602 0.00772993 892.138
52 777   0.00309543 0.00777613 866.238
52 778   0.00242691 0.00809571 874.817
52 779   0.00343634 0.00895214 838.48
52 780   0.00426122 0.00834563 847.049
52 781   0.00361233 0.00830395 849.214
52 899   -0.0021938 -0.00218166 894.493
52 900   -0.00364103 -0.00226956 886.06
52 901   -0.00463566 -0.00414828 871.124
52 902   -0.00373495 -0.0051149 878.245
52 903   -0.000447013 -0.00474705 905.366
52 904   -0.00180075 -0.0038061 896.567
52 905   -0.00234726 -0.00486062 893.063
52 906   -0.000405205 -0.00576676 908.682
52 907   -0.00158184 -0.00583638 899.008
52 908   0.00120156 -0.00729209 938.006
52 909   0.000288152 -0.00658336 918.55
52 910   -0.000131894 -0.00730126 918.851
52 911   0.0014035 -0.00880219 964.337
52 912   0.00115408 -0.00802281 948.952
52 913   0.000408944 -0.00799718 936.43
52 914   0.000914594 -0.00905858 964.547
52 915   0.000455145 -0.00863815 948.822
52 916   -0.00227327 -0.00907132 835.532
52 917   -0.00170272 -0.00691684 897.063
52 918   -0.000946133 -0.00756512 906.802
52 919   -0.00100739 -0.00953513 895.97
52 920   -0.00100378 -0.00847727 906.19
52 921   -0.00145563 -0.00893538 888.65
52 922   9.77307e-05 -0.00888087 943.486
52 923   -0.000384415 -0.0088279 923.311
52 924   -0.000540395 -0.00933256 917.3
52 925   0.000175247 -0.00928425 955.331
52 926   -0.000236957 -0.00950689 935.588
52 928   -0.000260158 -0.0097793 934.214
52 929   3.5705e-05 -0.00982585 960.257
52 1023   0.00872285 0.00252982 839.435
52 1024   0.00833394 0.00366295 817.753
52 1031   0.0011863 0.00814714 902.902
52 1058   0.00218413 -0.0115547 586.028
52 1061   0.00224125 -0.0115683 543.664
52 1062   0.00222832 -0.0116261 437.7
52 1063   0.00232773 -0.0115483 573.241
52 1064   0.00235236 -0.0115983 478.287
52 1065   0.00229153 -0.0116938 182.358
52 1066   0.00230998 -0.0116357 383.289
52 1067   0.00227243 -0.0116435 380.988
52 1068   0.002363 -0.0116915 198.323
52 1069   0.00233507 -0.0116715 270.612
52 1070   0.00232308 -0.0117006 149.439
52 1071   0.00236158 -0.011718 91.0049
52 1072   0.00234044 -0.0117233 66.4323
52 1074   0.00233995 -0.0117425 15.5538
52 1112   -0.0119634 0.000311953 670.425
52 1114   -0.0119652 0.000302538 670.108
52 1115   -0.0119548 0.000281449 669.42
52 1116   -0.0119801 0.00026883 668.659
52 1117   -0.0119924 0.000280504 672.385
52 1118   -0.0119942 0.000271088 674.756
52 1121   -0.00237223 0.0117508 10.1713
52 1124   -0.00235685 0.0117622 3.36331
52 1125   -0.0023587 0.0117543 6.03093
52 1129   0.0101467 0.000762395 751.347
52 1132   0.0106819 -0.000404778 703.044
52 1133   0.0111341 0.000190936 692.313
52 1134   0.0104623 0.000240563 716.352
52 1135   0.0107618 0.000503305 708.242
52 1136   0.0112259 -8.08512e-05 687.334
52 1137   0.0110733 -0.000413823 691.582
52 1138   0.0114959 -0.000116535 680.247
52 1139   0.0117171 -0.000292101 674.747
52 1140   0.011267 -0.000615993 688.291
52 1141   0.010057 -0.00112482 727.787
52 1142   0.0105338 -0.000831254 708.54
52 1143   0.0102357 -0.00172503 727.219
52 1144   0.0107897 -0.00124456 705.431
52 1145   0.0106353 -0.00161835 713.803
52 1146   0.0114082 -0.00177896 705.335
52 1147   0.0110417 -0.00192559 711.43
52 1148   0.0116796 -0.00125194 693.451
52 1149   0.0111341 -0.00121136 698.872
52 1150   0.0113462 -0.00143852 700.02
52 1151   0.0113135 -0.000851391 690.381
52 1152   0.0113161 -0.0010425 693.432
52 1153   0.0115723 -0.00104281 690.053
52 1154   0.011646 -0.000890619 686.294
52 1155   0.0114933 -0.000812785 686.68
52 1160   0.0118129 -0.000793787 682.815
52 1163   0.0116245 -0.000325623 677.17
52 1164   0.0114759 -0.0002633 680.432
52 1165   0.0113996 -0.000429786 683.291
52 1166   0.0115437 -0.000678472 683.568
52 1167   0.0115999 -0.000453348 678.994
52 1168   0.0114965 -0.00053087 682.19
52 1169   0.0116536 -0.000658451 681.457
52 1170   0.0117701 -0.000695933 680.884
52 1171   0.0116807 -0.000542012 678.837
52 1172   0.0118404 -0.000606809 678.274
52 1173   0.011914 -0.000546436 676.374
52 1174   0.0117757 -0.000530566 677.206
52 1175   0.0117761 -0.000360861 674.085
52 1176   0.0118011 -0.000452861 675.249
52 1177   0.011845 -0.00024627 671.312
52 1178   0.0118626 -0.000332596 671.862
52 1179   0.0118171 -0.000308317 672.478
52 1180   0.0119284 -0.000296186 669.963
52 1181   0.0118884 -0.000249627 670.313
52 1182   0.0118924 -0.000291471 670.599
52 1194   0.0116472 -4.87711e-05 677.037
52 1196   0.0118067 -0.000168727 672.434
52 1197   0.0117198 -0.000162013 674.521
52 1207   0.0119196 -0.000230409 669.494
52 1211   0.0119379 -0.000275289 669.375
52 1212   0.0119331 -0.000251357 669.198
52 1213   0.0119561 -0.000251409 668.63
52 1214   0.0119647 -0.000268618 668.626
52 1215   0.011957 -0.000282064 669.114
52 1219   0.0118775 -0.000373604 672.438
52 1220   0.0119053 -0.000458656 674.196
52 1221   0.0118571 -0.000441324 674.224
52 1222   0.0119162 -0.000373506 671.986
52 1223   0.0119618 -0.000393514 672.31
52 1224   0.0119326 -0.00041104 672.855
52 1225   0.0119411 -0.000322779 670.42
52 1226   0.0119347 -0.000350309 671.217
52 1227   0.0119561 -0.000361651 671.431
52 1228   0.0119585 -0.000324737 670.365
52 1229   0.0119799 -0.00033608 670.735
52 1230   0.0119667 -0.000343504 670.909
52 1231   0.011985 -0.000309888 669.997
52 1232   0.0119664 -0.000314477 670.037
52 1233   0.0119771 -0.000320148 670.245
52 1234   0.0119901 -0.000290156 669.461
52 1235   0.0119822 -0.000300417 669.654
52 1236   0.0119702 -0.000301294 669.611
52 1237   0.0119687 -0.000291735 669.277
52 1238   0.0119859 -0.00028241 669.031
52 1239   0.0119765 -0.000283112 668.927
52 1240   0.0119763 -0.000273467 668.539
52 1379   -0.00417963 0.0100079 967.443
52 1380   -0.00434008 0.0104756 968.395
52 1381   -0.00369141 0.00997162 967.879
52 1382   -0.00325277 0.00969318 968.609
52 1383   -0.00287227 0.0100737 960.48
52 1384   -0.00363913 0.0107291 968.584
52 1385   -0.00331286 0.0108243 959.995
52 1386   -0.00347404 0.0103045 965.658
52 1387   -0.00314778 0.0103998 956.852
52 1389   -0.00415139 0.0108123 969.178
52 1390   -0.00388249 0.0109153 968.579
52 1396   -0.0061889 0.00999576 762.293
52 1397   -0.00631717 0.00988691 798.112
52 1402   0.00638418 -0.00990726 784.706
52 1405   0.00614294 -0.00973062 840.038
52 1406   0.00607158 -0.00998195 782.348
52 1433   -0.00439058 -0.00793756 846.015
52 1434   -0.00305355 -0.00857673 840.105
52 1435   -0.00276657 -0.00756345 875.885
52 1436   -0.00358302 -0.00722059 865.986
52 1439   -0.00375319 -0.00888866 852.891
52 1440   -0.00427378 -0.00859235 845.78
52 1453   -0.00565694 -0.00710329 824.383
52 1454   -0.00544322 -0.00640965 843.81
52 1455   -0.0064895 -0.00615876 836.664
52 1458   -0.00651212 -0.00708301 836.179
52 1459   -0.00689432 -0.00662179 840.17
52 1471   -0.00945543 0.00620874 868.046
52 1472   -0.00911577 0.00678964 886.787
52 1689   0.00111147 0.00876808 902.196
52 1690   0.00106101 0.00958824 893.263
52 1691   0.00187464 0.00946021 839.446
52 1692   0.00150567 0.00890911 888.504
52 1693   0.00140647 0.00933083 882.179
52 1694   0.00228932 0.00863067 863.741
52 1695   0.00207216 0.00922607 840.69
52 1696   0.0018755 0.00885091 874.282
52 1697   0.00296397 0.00895458 813.789
52 1698   0.00256977 0.00881356 839.7
52 1699   0.00240221 0.0091981 818.851
52 1702   0.00264848 0.00936241 788.263
52 1703   0.00294434 0.00931585 783.111
52 1709   -0.00242055 0.0117274 105.123
52 1710   -0.0024356 0.0116977 261.983
52 1711   -0.00238811 0.0117255 79.0079
52 1712   -0.00239417 0.0116698 307.837
52 1713   -0.00236982 0.0116889 213.585
52 1808   -0.00897495 -0.00237679 847.097
52 1809   -0.00858605 -0.00350992 826.874
52 1935   0.00460951 0.00787339 842.844
52 1936   0.00549102 0.00694739 828.788
52 1937   0.00462583 0.00689181 851.722
52 1940   0.0052144 0.00807712 827.117
52 1941   0.00573499 0.00778081 810.515
52 1978   -0.000890043 0.00506105 913.194
52 1979   0.00128814 0.00605123 902.039
52 1980   0.000669067 0.00475911 903.403
52 1981   -0.00146703 0.00728451 940.899
52 1982   -0.000876015 0.00623291 921.777
52 1983   0.000322176 0.00656066 911.716
52 1984   -0.000694922 0.00777463 938.398
52 1985   0.000563544 0.00793435 914.496
52 1986   0.000205627 0.00736909 917.573
52 1987   -1.02933e-05 0.00835962 932.07
52 1988   -0.000663717 0.00832016 946.785
52 1994   0.00390183 -0.0108816 968.983
52 1996   0.00335604 -0.0111669 960.991
52 1997   0.00342591 -0.0108482 962.084
52 2031   -0.00716967 -0.00581374 827.23
52 2032   -0.00722236 -0.00453591 827.678
52 2033   -0.00820049 -0.0043071 791.173
52 2143   -0.00205126 0.0114186 735.116
52 2144   -0.00211753 0.0114742 693.526
52 2192   0.000957297 -0.00999541 957.926
52 2193   0.000841694 -0.00953158 969.295
52 2194   0.00034342 -0.00978374 956.959
52 2195   0.000459762 -0.00951453 968.055
52 2197   0.000753703 -0.0102235 943.326
52 2198   0.000521758 -0.0100289 944.021
52 2201   -0.000977068 0.00879186 960.576
52 2202   -0.00130826 0.00920947 968.218
52 2203   -0.000990102 0.00999871 957.874
52 2204   -0.0010948 0.00962491 968.865
52 2205   4.51024e-05 0.00886475 937.801
52 2206   0.000544114 0.00906042 918.218
52 2207   0.000592851 0.00945886 915.243
52 2208   -0.00063158 0.00903711 960.896
52 2209   -0.000262834 0.00907053 952.953
52 2210   -0.000744829 0.00943282 968.788
52 2218   0.000321357 0.00970464 929.355
52 2221   -0.000121466 0.00942401 957.415
52 2222   -3.62868e-05 0.00986244 962.563
52 2223   8.7276e-05 0.00963995 949.16
52 2224   -0.00053005 0.00956913 968.931
52 2225   -0.000214623 0.00976612 965.807
52 2226   -0.000275434 0.00952691 965.917
52 2227   -0.000675738 0.0100113 953.314
52 2228   -0.000372822 0.00984286 945.937
52 2229   -0.000565657 0.00977384 965.916
52 2232   -0.000553146 0.0101393 939.033
52 2233   -0.00041266 0.0100214 928.095
52 2251   0.00239092 -0.0117435 30.2404
52 2256   0.00236965 -0.011756 7.31603
52 2257   0.00237047 -0.0117341 44.3273
52 2258   0.0023791 -0.0117423 24.7983
52 2259   0.00236064 -0.0117535 7.31753
52 2260   0.00235015 -0.0117455 12.0704
52 2261   0.00235953 -0.0117424 17.8121
52 2262   0.00235485 -0.0117651 3.16278
52 2265   0.00234784 -0.0117551 6.42459
52 2266   0.00235402 -0.0117589 4.78678
52 2271   0.0119833 -0.000269355 668.272
52 2274   0.011995 -0.000275775 669.251
52 2275   0.0119888 -0.000275376 668.703
16 1   -0.0449783 0.0032561 950.877
16 2   -0.0451578 -0.0029259 950.879
16 3   -0.0477787 -0.0217784 887.113
16 4   -0.0411405 -0.0064509 953.686
16 5   -0.0384827 -0.00714147 956.462
16 6   -0.00183481 0.0211851 922.148
16 7   0.00109728 -0.018126 934.414
16 8   0.00529256 -0.0179893 941.201
16 9   0.00304033 -0.0195492 920.195
16 10   0.00674032 -0.0227118 846.924
16 11   -0.000827219 0.0185464 919.127
16 12   0.00674032 -0.0192597 920.457
16 13   0.00495749 -0.0161421 964.863
16 14   0.00670859 -0.0141816 938.267
16 15   0.00561383 -0.0148197 964.84
16 16   -0.00351851 0.0173768 967.543
16 17   -0.00205262 0.0173085 948.212
16 18   -0.00594573 0.0158632 950.284
16 19   0.00319385 -0.0155691 966.235
16 20   -0.00374374 0.0158412 969.249
16 21   -0.00161612 0.0157488 945.57
16 22   -0.00465126 0.015299 961.541
16 23   -0.00264552 0.0150453 966.241
16 24   0.00419484 -0.013769 941.747
16 25   0.00322262 -0.014237 964.353
16 26   -0.00458701 0.0140222 940.725
16 27   -0.00544902 0.0135105 897.538
16 28   -0.00260414 0.0140484 968.985
16 29   -0.00392827 0.0134268 938.57
16 30   -0.00320533 0.0135398 957.294
16 31   0.00255034 -0.0136981 952.358
16 32   0.00186852 -0.013758 967.051
16 33   0.00406067 -0.0129716 899.981
16 34   0.00263472 -0.0130058 892.709
16 35   0.00177499 -0.0131158 940.8
16 36   -0.00219177 0.0128838 953.164
16 37   -0.00292615 0.0129156 933.392
16 38   0.00342578 -0.0126725 888.693
16 39   -0.000748814 0.0126199 940.529
16 40   0.00284924 -0.0127264 859.531
16 41   -0.00255372 0.0127924 923.693
16 42   0.00219655 -0.0128413 878.254
16 43   0.0031022 -0.0126515 868.773
16 44   -0.00199054 0.0125149 914.415
16 45   -0.00039295 0.0126777 914.857
16 46   0.00353642 -0.0122465 903.546
16 47   0.00217161 -0.0124711 806.429
16 48   0.00190802 -0.0123627 806.849
16 49   0.00378034 -0.0120896 924.049
16 50   -0.00175703 0.0124285 937.62
16 51   -0.00280473 0.0122877 861.521
16 52   0.00261584 -0.0123562 794.648
16 53   0.00330323 -0.0120813 909.936
16 54   0.00295659 -0.0122671 840.039
16 55   -0.00257334 0.0124495 866.017
16 56   0.00233124 -0.0122728 752.538
16 57   -0.00217812 0.0122708 818.648
16 58   0.00304699 -0.0121229 862.659
16 59   0.00273051 -0.0121865 791.917
16 60   -0.00244929 0.0122887 815.629
16 61   -0.00275812 0.0121143 832.301
16 62   0.00247082 -0.0122502 752.535
16 63   -0.00232681 0.0122467 795.311
16 64   -0.00255647 0.012147 785.544
16 392   -0.00706754 0.0130289 839.414
16 393   -0.00680372 0.0149715 927.911
16 394   -0.00637126 0.0138956 896.714
16 400   -0.00677194 0.0121576 790.265
16 401   -0.0243034 -0.0325 927.424
16 402   -0.0297661 -0.0245518 949.662
16 403   -0.0264748 -0.0225 948.106
16 404   -0.0210282 -0.0297593 930.9
16 405   -0.0222876 -0.0247593 940.321
16 406   -0.0147713 -0.0242778 944.101
16 408   -0.0199052 -0.0222593 942.952
16 409   -0.0170398 -0.0222593 944.924
16 414   -0.0443192 -0.0225103 914.628
16 423   -0.00732632 0.0334734 854.46
16 424   -0.0100012 0.0304201 905.397
16 425   -0.00877906 0.0271419 921.159
16 427   -0.0511395 0.023992 798.208
16 428   -0.0451431 0.0217753 913.984
16 429   -0.0410053 0.0310472 833.061
16 430   -0.0391944 0.0336824 835.163
16 431   -0.0387121 0.0282585 907.849
16 441   -0.0137928 -0.0292778 922.693
16 442   -0.0162345 -0.0322593 920.388
16 443   -0.00461709 -0.0304487 859.845
16 444   -0.0101038 -0.0305278 908.589
16 445   -0.00737664 -0.0335093 871.73
16 446   -0.00879536 -0.0275068 918.902
16 447   -0.0058931 -0.0274276 906.825
16 449   -0.0329264 -0.0230776 961.869
16 453   -0.00400587 0.0219359 956.768
16 454   -0.00552235 0.0239673 949.716
16 455   0.00641299 -0.0127147 837.891
16 456   0.0072044 -0.0121339 788.35
16 457   0.00572169 -0.0124178 819.955
16 458   0.00592191 -0.011652 760.945
16 459   0.00533072 -0.0114671 748.796
16 465   -0.00108108 -0.0192329 929.46
16 477   -0.00548567 0.0126803 848.184
16 478   -0.00611231 0.012194 799.921
16 479   -0.00536239 0.011495 760.635
16 480   -0.00595359 0.0115273 756.993
16 481   -0.00504907 0.0119091 800.573
16 482   -0.00501362 0.0124277 845.048
16 483   -0.00417043 0.01274 906.628
16 484   -0.00462093 0.0125085 871.919
16 485   -0.00382397 0.0125443 917.752
16 486   -0.00330263 0.0126069 919.581
16 487   -0.00316159 0.0123219 911.12
16 489   -0.00339602 0.0121029 945.922
16 490   -0.0473568 0.0130555 938.818
16 491   -0.043297 0.0168076 954.277
16 492   -0.00193567 -0.0149983 906.068
16 493   0.00123377 -0.0142582 966.413
16 494   -0.000535273 -0.0150293 929.775
16 495   0.00094774 -0.0160383 948.313
16 496   0.00188683 -0.0155303 960.299
16 497   0.000546521 -0.0139256 959.741
16 498   -0.00028343 -0.0141888 935.656
16 499   -0.00130496 -0.0132266 886.262
16 500   -0.00059704 -0.0137112 924.101
16 502   -0.0012036 -0.0126175 864.784
16 516   -0.0242307 0.0325 926.527
16 517   -0.0263212 0.0225 947.722
16 518   -0.0297193 0.024558 949.24
16 519   -0.0220952 0.0247234 940.214
16 520   -0.0209138 0.0297234 929.887
16 521   -0.016162 0.0322234 918.061
16 522   -0.013669 0.0291701 921.161
16 524   -0.0195338 0.0222234 943.372
16 562   -0.0501578 -0.00542491 947.376
16 565   -0.0489868 -0.00938728 943.807
16 566   -0.0513289 -0.0114624 936.678
16 567   -0.0435771 -0.0109126 952.178
16 568   -0.0464234 -0.01135 944.969
16 569   -0.0421376 -0.0127191 956.496
16 570   -0.0433703 -0.0151947 953.58
16 571   -0.039701 -0.0118718 960.202
16 572   -0.0387183 -0.0133468 963.929
16 696   -0.0411459 0.0249987 927.007
16 697   -0.0391976 0.0261912 928.111
16 698   -0.00515915 -0.0249936 927.95
16 707   -0.0423505 0.0186868 961.362
16 708   -0.0429358 0.0207026 951.014
16 730   -0.0423636 -0.0198188 960.825
16 731   -0.0420414 -0.0170656 962.173
16 732   -0.00436246 0.0184623 968.443
16 733   -0.0045623 0.0202841 965.69
16 741   -0.00946156 0.0246419 953.029
16 757   -0.0329398 0.023087 961.512
16 758   -0.03485 0.0252983 953.742
16 782   -0.0117609 -0.0230278 954.915
16 783   -0.00947392 -0.0250068 946.661
16 787   -0.00467411 0.0117306 795.698
16 792   -0.00143208 -0.030557 777.98
16 794   0.00385712 -0.0336176 680.767
16 795   0.000214236 -0.0336176 710.906
16 800   0.00385555 0.0321533 680.859
16 815   0.00567304 0.0292456 685.77
16 818   0.0064146 0.0194138 771.656
16 819   0.00556619 0.0176016 781.722
16 820   0.00393936 0.01535 768.409
16 822   0.00462753 0.0119338 720.565
16 835   -0.0505633 -0.0249875 772.582
16 846   0.00162281 0.0144151 800.61
16 847   0.00301877 0.0144543 755.069
16 848   0.00176353 0.0130285 721.547
16 849   0.00119337 0.0136523 789.743
16 851   0.00136194 0.0125446 711.309
16 856   -0.0314996 -0.0335259 913.813
16 857   -0.0281583 -0.0310259 926.619
16 858   -0.0295501 -0.0280776 934.646
16 859   -0.0323916 -0.0291035 926.43
16 860   -0.0333914 -0.0320518 910.332
16 861   0.0024141 0.0129318 710.291
16 862   0.00323989 0.0135948 725.852
16 863   0.00420561 0.0131807 723.521
16 864   0.00403862 0.0124108 707.334
16 866   0.00333013 0.0122341 693.488
16 867   0.00267132 0.012341 697.264
16 891   0.000936845 -0.0128839 967.043
16 892   0.000647886 -0.0133165 966.769
16 893   0.000368627 -0.0126188 969.511
16 894   0.000706699 -0.012564 966.783
16 930   0.00451955 -0.012667 872.228
16 931   0.00505717 -0.0125296 841.78
16 932   0.00412858 -0.012211 854.882
16 933   0.0049618 -0.0119187 790.034
16 935   0.00432292 -0.011923 799.613
16 936   0.00461851 -0.0117681 781.944
16 940   -0.0114937 -0.0210093 963.298
16 990   0.00567856 -0.0294705 690.91
16 991   0.00567856 -0.0322353 675.913
16 994   -0.00271905 -0.0161406 910.942
16 995   -0.00254299 -0.0180878 931.737
16 1005   -0.0335052 -0.0210259 968.549
16 1017   -0.0346579 -0.0252544 953.992
16 1018   -0.034339 -0.0277544 931.71
16 1032   -0.0499783 0.00575709 947.192
16 1033   -0.0499783 0.0107571 939.835
16 1036   -0.0399783 0.00575564 954.187
16 1245   -0.0385952 -0.0212163 840.846
16 1246   -0.039342 -0.0199614 880.932
16 1247   -0.0401357 -0.0220342 966.56
16 1248   -0.0408825 -0.0207793 968.11
16 1257   -0.0370665 0.0218365 903.487
16 1258   -0.0410321 0.0218373 966.573
16 1259   -0.0403506 0.0234414 958.978
16 1260   -0.0384023 0.024634 957.768
16 1261   -0.0368429 0.0240479 966.239
16 1271   0.00665159 0.0165655 779.599
16 1274   0.0069923 0.0147861 781.357
16 1275   0.00512849 0.0151878 766.708
16 1276   0.00614389 0.0156867 777.098
16 1277   0.00709835 0.0129426 795.431
16 1278   0.00659065 0.013952 778.537
16 1279   0.00527966 0.0132933 749.369
16 1280   0.00557525 0.0140826 761.891
16 1281   0.00579864 0.0125859 760.281
16 1282   0.00660193 0.0123657 790.63
16 1283   0.0055256 0.0114564 749.291
16 1284   0.0053135 0.0119963 742.683
16 1286   0.0072044 0.0107843 866.757
16 1287   0.00670798 0.0114663 811.019
16 1288   0.00611679 0.0111466 774.919
16 1293   -0.00690881 -0.0108144 836.084
16 1302   -0.00815332 0.0218343 923.952
16 1303   -0.0081501 0.0235561 965.47
16 1304   -0.00683703 0.0233313 966.372
16 1317   0.0073522 -0.0104485 634.958
16 1322   0.0072783 -0.0102398 540.761
16 1323   0.0074261 -0.0101624 332.825
16 1325   -0.0072044 0.0115231 753.133
16 1333   -0.00705661 0.0110875 731.338
16 1334   -0.0073522 0.0107616 710.597
16 1335   -0.00690881 0.0104808 756.714
16 1336   -0.0074261 0.0102953 526.036
16 1337   -0.0072783 0.0105437 699.13
16 1338   -0.0071305 0.0104501 711.528
16 1341   -0.0072044 0.0102404 656.3
16 1342   -0.0073522 0.010163 470.367
16 1349   -0.00641108 0.0202195 782.449
16 1350   -0.00575293 0.0209679 923.354
16 1351   -0.00716932 0.0212352 818.541
16 1352   -0.00651118 0.0219836 946.034
16 1353   -0.00609592 0.0110777 709.216
16 1354   -0.00624372 0.0110003 703.325
16 1370   0.00609592 -0.0112304 715.155
16 1377   -0.00667015 -0.0240965 952.554
16 1378   -0.00808265 -0.0240305 956.916
16 1392   -0.00668711 0.0105969 751.98
16 1393   -0.00668711 0.010939 734.07
16 1394   -0.00639151 0.0109229 709.791
16 1407   -0.00419733 -0.0189685 949.586
16 1408   -0.00685707 -0.0184369 961.875
16 1409   -0.00471168 -0.0213326 962.289
16 1410   -0.00617013 -0.0196848 941.076
16 1411   -0.00479625 -0.0198563 964.043
16 1412   -0.00606432 -0.0222033 968.989
16 1413   -0.00679181 -0.021128 889.156
16 1475   -0.0374515 -0.0214348 862.22
16 1476   -0.036032 -0.0205129 920.1
16 1477   -0.0352132 -0.0215388 967.657
16 1516   -0.0510348 0.0337472 670.509
16 1534   -0.00674015 0.0192048 856.429
16 1535   -0.00664201 0.0170052 944.607
16 1536   -0.00588216 0.0181314 943.255
16 1537   -0.00690109 -0.015045 891.054
16 1538   -0.00441741 -0.0159536 901.957
16 1539   -0.0049723 -0.0173281 928.756
16 1540   -0.00625816 -0.0169681 927.894
16 1541   -0.00510435 -0.0147057 861.384
16 1542   -0.00630217 -0.0141572 859.732
16 1543   -0.00630603 -0.0130894 816.576
16 1544   -0.00512365 -0.0126996 746.448
16 1545   -0.00631376 -0.011611 782.282
16 1546   -0.00690495 -0.0123105 827.187
16 1548   -0.00542697 -0.011571 725.407
16 1549   -0.00483577 -0.0118808 708.667
16 1562   -0.0386077 -0.0188336 916.53
16 1564   -0.039826 -0.0168983 968.651
16 1565   -0.0387183 -0.0155647 968.48
16 1570   -0.00907213 0.0209734 949.151
16 1582   -0.0334906 0.021029 968.28
16 1583   -0.0356243 0.021029 954.198
16 1588   -0.0386395 0.0165031 969.39
16 1591   -0.0406413 0.0185156 968.836
16 1592   -0.0392092 0.0176713 967.866
16 1593   -0.0380697 0.0186682 946.949
16 1594   -0.0398771 0.02032 943.139
16 1595   -0.038445 0.0203091 789.219
16 1625   -0.00449972 0.012197 852.76
16 1626   -0.00451745 0.0119377 820.763
16 1627   -0.00423958 0.0118333 818.478
16 1628   -0.00406164 0.0122993 903.722
16 1629   -0.00415682 0.0120017 858.09
16 1630   -0.00428689 0.0121835 871.35
16 1631   -0.00366654 0.0121359 948.67
16 1632   -0.00388841 0.0122014 923.288
16 1633   -0.00397473 0.0120335 909.951
16 1636   -0.00367443 0.0119807 964.502
16 1637   -0.00383127 0.0119553 960.655
16 1651   -0.0498308 -0.028673 703.044
16 1652   -0.0503023 -0.0337715 671.465
16 1655   -0.0517674 -0.032543 673.345
16 1656   -0.0517674 -0.030086 686.182
16 1717   -0.0314865 0.033529 913.568
16 1718   -0.0280976 0.031029 926.227
16 1719   -0.0295228 0.028087 934.352
16 1720   -0.0347945 0.0322114 904.083
16 1721   -0.0333286 0.0277983 933.381
16 1722   -0.0352113 0.0294227 914.919
16 1733   -0.0390461 -0.0336509 839.871
16 1734   -0.0358387 -0.0321768 899.381
16 1735   -0.0380938 -0.0281295 912.472
16 1736   -0.0360905 -0.0293536 912.473
16 1737   -0.0411515 -0.0323018 799.989
16 1738   -0.0399474 -0.0296037 882.229
16 1739   -0.0445723 -0.0336509 710.518
16 1740   -0.04677 -0.0324224 693.592
16 1741   -0.0462985 -0.0297809 722.387
16 1742   -0.0440684 -0.0255065 886.207
16 1743   -0.0439955 -0.0283396 816.919
16 1744   -0.0417979 -0.0282829 876.444
16 1745   -0.0406045 -0.0232996 958.558
16 1746   -0.0422081 -0.0247079 917.959
16 1747   -0.0415333 -0.0261918 908.034
16 1748   -0.0385931 -0.0260905 933.828
16 1749   -0.0396773 -0.0240936 956.835
16 1750   -0.0401821 -0.0254735 930.063
16 1751   -0.0362829 -0.024752 959.973
16 1752   -0.0377149 -0.025338 951.351
16 1753   -0.0384617 -0.0240831 964.423
16 1754   -0.0362594 -0.0230882 968.687
16 1755   -0.037439 -0.0229841 966.235
16 1760   -0.000141715 -0.0133444 943.024
16 1761   0.000224147 -0.0128351 965.56
16 1762   0.00027326 -0.0132128 960.416
16 1763   -0.000652481 -0.0128633 908.828
16 1764   -0.00029852 -0.0131056 935.176
16 1765   -8.31357e-05 -0.0128278 952.735
16 1767   -0.000601798 -0.0125587 904.547
16 1768   -0.000272394 -0.0126122 930.268
16 1780   -0.00450709 0.0312867 814.629
16 1781   -0.00141036 0.0264637 835.612
16 1782   -0.00135217 0.0328134 725.153
16 1783   0.000455858 0.0299667 718.143
16 1784   -0.00458018 0.0260322 907.168
16 1785   -0.00586889 0.0280086 896.383
16 1794   -0.0492247 0.0260077 760.441
16 1795   -0.0434806 0.0258132 889.088
16 1796   -0.0459495 0.0245321 870.126
16 1797   -0.0491201 0.0311769 686.36
16 1798   -0.0505853 0.0286713 701.066
16 1799   -0.0461897 0.0324296 697.733
16 1800   -0.0438254 0.0297944 782.259
16 1854   0.000719269 0.0180887 892.99
16 1855   0.00231 0.0188214 847.769
16 1856   0.00363238 0.0176498 806.308
16 1857   0.00302095 0.0165265 808.409
16 1858   0.00120535 0.0151477 855.799
16 1859   0.00168289 0.0163635 854.235
16 1860   0.000703587 0.0167541 892.253
16 1861   -0.000763661 0.0154267 923.05
16 1862   0.000358437 0.0151176 894.616
16 1863   9.36606e-05 0.015959 903.429
16 1864   -0.00018266 0.0145284 906.458
16 1865   -0.000815109 0.0146422 926.996
16 1866   -0.000875322 0.0136903 934.667
16 1867   -0.00116855 0.0141203 943.21
16 1868   -0.00204521 0.0132241 969.194
16 1869   -0.00202462 0.0137328 967.37
16 1870   -0.00156698 0.0138857 958.317
16 1871   -0.00112854 0.0133854 949.544
16 1872   -0.00167118 0.0132302 967.911
16 1873   -0.00150397 0.0135239 960.985
16 1874   -0.00101391 0.0128044 953.386
16 1875   -0.00113883 0.0131311 953.674
16 1876   -0.00145266 0.0130524 965.72
16 1877   -0.00156356 0.0125667 967.531
16 1878   -0.00122347 0.0126358 965.286
16 1879   -0.001432 0.0128156 967.904
16 1881   -0.00126345 0.0124018 968.772
16 1882   -0.00144662 0.0123721 967.585
16 1953   -0.00207007 -0.0132575 846.015
16 1954   -0.00271343 -0.0140888 869.123
16 1955   -0.00419919 -0.0130451 747.86
16 1956   -0.00418375 -0.0139833 816.358
16 1958   -0.00328632 -0.0124346 720.883
16 1959   -0.00262751 -0.0125415 752.809
16 1967   -0.0511395 0.0177503 906.848
16 1968   -0.045797 0.0168076 935.282
16 1969   -0.0485181 0.0154681 927.186
16 1970   -0.0497789 0.0205006 889.018
16 1971   -0.0470579 0.0197595 910.737
16 1989   -0.00963043 -0.0215139 969.133
16 1990   -0.00894542 -0.0205046 954.118
16 1991   -0.00850627 -0.0225562 969.043
16 1992   -0.00782126 -0.0215469 929.705
16 2017   0.000173966 -0.0275374 806.522
16 2018   0.00364172 -0.0278333 725.639
16 2019   0.00470348 -0.024357 811.606
16 2020   0.00245125 -0.0224649 891.611
16 2021   -0.00123834 -0.021656 919.903
16 2022   0.000350937 -0.0234648 895.075
16 2023   -0.000864588 -0.0250611 889.451
16 2024   -0.00310025 -0.0241559 917.806
16 2025   -0.00325861 -0.0223881 936.628
16 2040   -0.0511077 -0.017253 909.192
16 2041   -0.0483231 -0.0182536 913.997
16 2042   -0.0499366 -0.0144627 926.459
16 2043   -0.0473732 -0.0139254 936.816
16 2044   -0.0457597 -0.0159636 938.711
16 2045   -0.000206241 0.0129592 901.701
16 2046   0.000506705 0.0134804 845.07
16 2047   -9.45974e-05 0.0138492 900.801
16 2048   -0.000433814 0.0135331 912.921
16 2049   0.000889998 0.0127541 737.732
16 2050   0.000604919 0.013066 800.627
16 2051   0.00023119 0.012861 841.008
16 2054   0.000680971 0.0125223 730.243
16 2055   0.000351567 0.0125758 759.272
16 2137   0.00118486 -0.012665 947.059
16 2139   0.00164759 -0.012405 856.776
16 2140   0.00148963 -0.0127879 927.891
16 2160   -0.0151875 0.0252818 940.705
16 2161   -0.0154811 0.0211117 950.195
16 2162   -0.0172869 0.023335 943.375
16 2163   -0.0110369 0.0238935 955.959
16 2164   -0.0131193 0.0240318 949.265
16 2165   -0.0136439 0.022085 954.444
16 2166   -0.0118238 0.0209734 963.774
16 2167   -0.0106443 0.0219467 966.558
16 2173   0.00475956 0.0256414 713.984
16 2174   0.00658652 0.0241264 721.513
16 2175   0.00550112 0.0216252 757.708
16 2176   -9.55035e-06 0.0247258 836.006
16 2177   -0.000353385 0.0225701 888.279
16 2178   0.00276068 0.0246247 753.733
16 2179   0.00350224 0.0220624 781.401
16 2180   0.00224493 0.0206642 836.604
16 2187   -0.043596 0.0121841 952.282
16 2188   -0.0387391 0.0116281 960.721
16 2189   -0.0412174 0.00988524 955.257
16 2190   -0.0422572 0.0145966 958.495
16 2191   -0.0398786 0.0147983 965.441
16 2276   0.00665016 -0.0106927 729.523
16 2277   0.00701966 -0.0114886 749.173
16 2278   0.00731525 -0.0110863 721.68
16 2279   0.00650236 -0.0107701 706.417
16 2280   0.00716745 -0.010669 709.378
16 2281   0.00687186 -0.0105765 745.61
16 2282   0.00635457 -0.0108475 689.615
16 2283   0.00650236 -0.0112648 732.531
end
