936
16 345   -0.0449783 0.00322036 893.906
16 346   -0.0451576 -0.00296723 893.881
16 347   -0.0411399 -0.00651078 892.774
16 348   -0.0435154 -0.0297248 935.913
16 349   -0.0384823 -0.00723619 889.311
16 350   -0.00615456 0.0151338 927.258
16 351   -0.00705663 0.0142223 939.196
16 352   0.00627329 -0.0127186 966.132
16 353   -0.0055624 0.012988 958.477
16 354   0.00676519 -0.0120234 966.635
16 355   -0.00678498 0.0130501 954.487
16 356   -0.00622291 0.012801 956.968
16 357   0.00725813 -0.011936 968.524
16 358   -0.0047852 0.0121411 965.185
16 359   -0.00523036 0.0123807 961.597
16 360   -0.00437822 0.0121336 968.304
16 361   -0.00629574 0.0120978 959.922
16 362   -0.00596797 0.0117964 954.626
16 363   0.00631149 -0.0114279 962.858
16 364   -0.0055631 0.0118922 952.823
16 365   -0.00493276 0.0115659 948.266
16 366   -0.00534058 0.011536 937.141
16 367   -0.00604743 0.0113911 947.984
16 368   -0.00633195 0.0112106 962.34
16 369   -0.0054822 0.011241 903.576
16 370   -0.00578418 0.0111919 912.253
16 371   -0.00624487 0.0109191 956.544
16 372   -0.00586459 0.010966 877.94
16 373   -0.00634985 0.010755 967.555
16 374   -0.00604075 0.0108737 900.023
16 386   -0.0099804 -0.030376 963.459
16 387   -0.00835926 -0.0268937 938.062
16 388   -0.0429939 -0.0255753 961.3
16 390   -0.0511395 0.0239916 937.604
16 391   -0.0451436 0.0217736 949.128
16 396   0.00652467 0.0232816 930.675
16 397   0.004574 0.0256683 906.912
16 398   -0.000629868 0.0248508 966.092
16 399   0.00224845 0.0241185 951.089
16 400   -0.000803024 0.0210188 953.179
16 401   -0.00195625 0.0232661 952.804
16 402   -0.0410062 0.0310471 953.421
16 403   -0.039195 0.0336824 956.605
16 404   -0.0387147 0.0282585 960.134
16 412   -0.0101041 0.030369 962.863
16 413   -0.0064906 0.0270162 952.332
16 414   -0.00898211 0.0272437 942.999
16 415   0.00604238 -0.0244154 912.573
16 416   0.0042244 -0.0279036 858.236
16 417   0.00157151 -0.0231687 962.283
16 418   0.00448675 -0.0222736 950.302
16 419   0.000484969 -0.0208779 966.888
16 420   0.00174657 -0.0185507 967.929
16 422   -0.0360744 -0.0260357 905.179
16 423   -0.0327422 -0.0236777 889.236
16 445   -0.047357 0.0130462 913.957
16 446   -0.042357 0.0130462 886.548
16 447   -0.0432972 0.016803 885.557
16 448   -0.0410182 0.0154643 867.078
16 475   -0.0501576 -0.00543797 896.858
16 478   -0.0489864 -0.00940503 903.664
16 479   -0.0513288 -0.0114687 914.535
16 480   -0.0435769 -0.0109539 895.095
16 481   -0.0464234 -0.0113774 904.416
16 482   -0.0421378 -0.0127541 888.276
16 483   -0.043372 -0.015219 891.037
16 484   -0.0397008 -0.0119429 882.541
16 485   -0.0387185 -0.0133982 871.795
16 488   -0.0405719 -0.0310371 955.646
16 489   -0.039055 -0.033679 957.089
16 490   -0.0369648 -0.0284888 953.228
16 491   -0.0243236 -0.0325 936.257
16 492   -0.0295461 -0.0249518 914.556
16 493   -0.0261793 -0.0225 919.089
16 510   0.00546526 -0.0125508 964.211
16 511   0.00551142 -0.0119564 955.559
16 512   0.0051812 -0.0113948 916.188
16 528   -0.0242424 0.0325 935.648
16 529   -0.0263454 0.0225 918.232
16 530   -0.0297322 0.024558 910.946
16 649   -0.0380015 -0.0246221 860.864
16 650   -0.0403184 -0.0242467 874.045
16 652   0.00563487 0.0139459 924.409
16 653   0.00690881 0.0128648 869.486
16 654   -0.0411478 0.0249979 923.486
16 655   -0.0392009 0.026191 925.411
16 666   -0.00216496 0.0197669 915.257
16 667   -0.0423509 0.0186852 861.232
16 668   -0.0429364 0.0207009 878.756
16 685   -0.00173148 -0.0203371 927.211
16 686   -0.00234894 -0.0178974 913.534
16 687   -0.00627208 -0.0186063 783.534
16 688   -0.00480478 -0.0172846 863.677
16 690   -0.00714528 -0.0104525 798.593
16 691   -0.042373 -0.0198649 859.847
16 692   -0.0420432 -0.0170842 865.459
16 693   -0.0386082 -0.0180048 775.624
16 694   -0.0398268 -0.0160746 844.491
16 741   -0.0116484 -0.022876 892.726
16 742   -0.00904128 -0.0243937 883.072
16 744   -0.00405752 0.0232788 886.924
16 745   -0.00587989 0.0245162 886.881
16 748   -0.00127572 0.0136725 964.645
16 749   -0.00101327 0.0125913 969.087
16 750   -0.000574061 0.0126626 960.777
16 752   -0.0329462 0.023087 880.407
16 753   -0.0348563 0.0252984 889.055
16 754   0.0044067 0.0138381 937.478
16 755   0.00311093 0.0141662 949.061
16 766   -0.00676635 -0.0148056 872.815
16 767   -0.00529904 -0.0157506 883.926
16 768   -0.00629339 -0.0133867 869.677
16 769   -0.00702705 -0.0123809 832.635
16 770   -0.00655409 -0.0107622 830.189
16 771   -0.00679057 -0.0117049 812.357
16 772   -0.00702705 -0.0107811 808.313
16 773   -0.00726352 -0.0111904 798.343
16 774   -0.00631762 -0.0111528 797.064
16 775   -0.00631762 -0.0116861 811.44
16 776   -0.00117002 -0.0168922 941.799
16 777   0.000709037 -0.0170047 961.101
16 778   -0.00164221 -0.015502 942.969
16 779   -0.00269039 -0.0149149 933.381
16 780   -0.00394039 -0.0150315 913.827
16 781   -0.00533538 -0.0133995 891.97
16 782   -0.00444968 -0.0140992 914.239
16 783   -0.00440763 -0.0124863 930.177
16 784   -0.00511707 -0.0126478 888.898
16 785   -0.00536263 -0.0122195 860.224
16 786   -0.00584163 -0.0119465 826.534
16 787   -0.00441672 -0.0120485 920.966
16 788   -0.00442277 -0.0117567 887.389
16 789   -0.00488664 -0.0120799 874.762
16 790   -0.00501548 -0.0114406 798.732
16 791   -0.00477597 -0.0117104 845.416
16 792   -0.00500942 -0.0118658 848.502
16 793   -0.00560364 -0.0116767 809.286
16 794   -0.00524741 -0.0117356 822.989
16 795   -0.00525044 -0.0114563 792.238
16 796   -0.0059629 -0.0112053 781.324
16 797   -0.00548843 -0.0113261 777.308
16 798   -0.00572491 -0.0114688 791.471
16 800   -0.00560819 -0.0111245 753.478
16 801   -0.00584466 -0.0110006 754.241
16 802   -0.0114129 0.0229828 888.64
16 803   -0.00961716 0.0248575 894.753
16 845   -0.00740207 0.0101714 964.635
16 851   -0.0330533 -0.0212259 859.275
16 869   -0.0510348 0.0324945 689.844
16 876   -0.0461701 -0.0323668 825.03
16 916   -0.0221393 0.0247442 928.01
16 917   -0.0209456 0.0297442 935.009
16 918   -0.0144022 0.0242328 918.837
16 919   -0.0161883 0.0322442 947.587
16 920   -0.0137285 0.0292328 946.584
16 921   -0.00722835 0.0125643 958.641
16 924   -0.00672199 0.0119704 963.937
16 925   -0.00709253 0.0121877 962.895
16 926   -0.00736418 0.011869 966.532
16 927   -0.0065892 0.0113273 968.659
16 928   -0.00676828 0.0116498 967.364
16 929   -0.00713881 0.0115991 968.868
16 930   -0.00716196 0.0113187 969.608
16 931   -0.00738732 0.0110803 968.823
16 932   -0.00684705 0.0111555 969.064
16 933   -0.00691815 0.0109079 963.45
16 934   -0.00723305 0.0108308 964.328
16 935   -0.00734573 0.0105914 963.453
16 936   -0.00705195 0.010385 927.681
16 937   -0.00724781 0.0104025 956.709
16 939   -0.00686314 0.0104839 921.512
16 940   -0.00652073 0.0106655 953.471
16 941   -0.00674409 0.0106987 949.209
16 945   0.00124761 -0.0159118 964.095
16 946   0.00242277 -0.0152158 966.974
16 947   0.00208713 -0.0143255 965.531
16 948   0.0013013 -0.0127722 955.545
16 949   0.00278094 -0.0124058 948.516
16 950   0.002529 -0.0136441 963.836
16 951   0.00176944 -0.0128748 942.392
16 952   0.00217867 -0.0131654 956.516
16 953   0.00245851 -0.0126366 935.71
16 955   0.00218104 -0.0123246 865.262
16 956   0.00191752 -0.0123673 879.619
16 957   -0.00273052 0.0132813 958.333
16 958   -0.00199059 0.013351 958.601
16 959   -0.00186299 0.0125038 924.833
16 960   -0.00155864 0.0128089 958.036
16 961   -0.00273596 0.0128212 955.681
16 962   -0.00295919 0.0124789 960.301
16 963   -0.00230038 0.0125858 927.597
16 965   -0.00268832 0.0122168 930.467
16 966   -0.00235891 0.0122702 878.524
16 979   0.00568108 0.0324176 690.103
16 980   0.00373042 0.0296397 805.278
16 991   -0.0009445 0.0170819 947.161
16 992   -0.00203177 0.018191 925.504
16 993   -0.00342927 0.017272 912.35
16 994   -0.00299929 0.0161722 935.441
16 995   -0.00150157 0.0160843 948.272
16 996   -0.00167876 0.0144903 958.117
16 997   -0.000907827 0.0150264 957.724
16 998   -0.0028632 0.0147697 951.41
16 999   -0.00358998 0.0153935 940.235
16 1000   -0.00527005 0.0136459 954.926
16 1001   -0.00530015 0.0145876 942.007
16 1002   -0.00447806 0.0149693 940.855
16 1003   -0.00461461 0.0137128 957.579
16 1004   -0.00428132 0.0143425 950.938
16 1005   -0.00336672 0.0135672 960.62
16 1006   -0.00350688 0.0142214 954.558
16 1007   -0.00421656 0.0125799 969.287
16 1008   -0.00430013 0.0132616 964.41
16 1009   -0.00382668 0.0132371 965.451
16 1010   -0.0032886 0.0124255 968.964
16 1011   -0.00385472 0.0123843 966.746
16 1012   -0.00363149 0.0127266 969.139
16 1014   -0.00367653 0.0120564 954.055
16 1015   -0.00334713 0.0121099 968.204
16 1031   0.00598271 -0.0114441 946.225
16 1032   0.0057488 -0.0116135 945.647
16 1033   0.0055649 -0.0111703 888.451
16 1034   0.00549283 -0.0113879 919.214
16 1035   0.00577919 -0.0111245 897.687
16 1036   0.00594103 -0.0111727 927.284
16 1038   0.00591389 -0.0108975 868.898
16 1039   0.00579417 -0.0109603 862.816
16 1040   -0.0399783 0.0107364 886.16
16 1041   -0.0399783 0.00570656 891.886
16 1086   0.00647231 -0.0111402 967.908
16 1087   0.00641908 -0.0107226 965.188
16 1088   0.00627614 -0.010997 960.969
16 1089   0.00630745 -0.0108476 965.986
16 1090   0.00603153 -0.0109024 907.871
16 1091   0.00607365 -0.0110133 932.224
16 1092   0.00618048 -0.0107579 945.686
16 1093   0.00610705 -0.0107963 915.598
16 1182   -0.0386389 -0.021393 579.095
16 1183   -0.0393573 -0.0200263 641.507
16 1184   -0.0401873 -0.0222435 785.264
16 1185   -0.0409056 -0.0208768 795.961
16 1186   -0.00545989 -0.0203684 697.106
16 1187   -0.00337513 -0.0214864 867.403
16 1188   -0.00420659 -0.0232644 880.857
16 1189   -0.00693726 -0.0231051 801.793
16 1190   -0.00733372 -0.0215874 654.81
16 1191   -0.0370685 0.0218364 706.837
16 1192   -0.0410332 0.0218363 805.292
16 1193   -0.0403525 0.0234407 838.729
16 1194   -0.0384057 0.0246337 851.909
16 1195   -0.0368467 0.0240478 831.45
16 1196   -0.00598398 0.0211287 637.788
16 1197   -0.00426103 0.021766 828.512
16 1198   -0.00352169 0.0205015 863.645
16 1238   -0.00738176 -0.0104619 749.731
16 1239   -0.00738176 -0.0101953 575.283
16 1242   0.00661321 0.0120616 831.513
16 1243   0.00631762 0.0109389 802.403
16 1244   0.0072044 0.0114324 805.1
16 1245   0.00690881 0.0109485 808.29
16 1247   0.00705661 0.0105517 814.82
16 1251   0.0073522 0.0105565 769.077
16 1252   0.0073522 0.0102371 661.458
16 1263   -0.00822229 0.0219316 753.375
16 1264   -0.00697653 0.0218178 660.638
16 1265   -0.0083217 0.0238063 853.883
16 1266   -0.00707594 0.0236926 834.999
16 1267   0.00602202 0.0114132 790.099
16 1268   0.00602202 0.0120519 831.827
16 1269   0.00479386 0.0129022 914.042
16 1270   0.00420267 0.0125732 931.82
16 1271   0.00454404 0.0118682 862.294
16 1272   0.00543083 0.0123617 864.002
16 1273   0.00513523 0.0118778 831.122
16 1274   0.00557863 0.0113261 769.258
16 1275   0.00528303 0.011481 787.117
16 1310   -0.00244827 -0.0136083 941.398
16 1311   -0.00183396 -0.0128753 906.043
16 1313   -0.00391369 -0.0123611 964.375
16 1316   -0.00373742 -0.0132224 943.892
16 1317   -0.00298601 -0.0128481 952.809
16 1344   0.00717073 -0.010544 953.739
16 1345   0.00675994 -0.0110324 967.444
16 1346   0.00667539 -0.0107642 957.567
16 1347   0.00709207 -0.0112327 969.083
16 1348   0.00733394 -0.010989 967.397
16 1349   0.00733679 -0.0103788 961.61
16 1380   0.00725519 -0.010226 957.146
16 1381   0.0074184 -0.0101405 961.689
16 1414   0.00540003 0.0205716 963.656
16 1415   0.00134938 0.0200891 967.886
16 1416   0.00307448 0.0216041 964.852
16 1417   0.000212165 0.0169706 955.669
16 1418   0.00311424 0.0170442 965.044
16 1419   0.00168774 0.0181714 964.357
16 1420   0.00240201 0.0147765 954.556
16 1421   0.00230179 0.0157833 959.074
16 1422   0.000975519 0.0159036 958.682
16 1423   0.00143236 0.014615 956.974
16 1424   0.000106082 0.0147353 960.75
16 1425   0.000719112 0.0151786 958.698
16 1426   0.0011509 0.0141417 957.596
16 1427   0.000487759 0.0142018 962.516
16 1428   0.000372083 0.0137134 965.83
16 1429   -0.000213728 0.0129349 967.624
16 1430   -0.000263836 0.0134383 969.188
16 1431   0.000860468 0.0134103 959.324
16 1432   0.00133277 0.0136169 952.631
16 1433   0.000342857 0.0128336 968.58
16 1434   0.000781134 0.0130339 959.505
16 1437   0.000333888 0.0125756 968.575
16 1438   0.000597411 0.0125328 961.514
16 1452   0.00291607 0.0133837 945.935
16 1453   0.00327115 0.0122405 967.594
16 1454   0.00362066 0.0127266 956.307
16 1455   0.00353467 0.0121978 964.428
16 1456   0.00237897 0.0131995 939.009
16 1457   0.00178605 0.0132957 939.255
16 1458   0.00180391 0.0128857 918.501
16 1460   0.00208027 0.0122981 851.754
16 1461   0.00181675 0.0123409 831.307
16 1489   -0.0375056 -0.0216511 647.173
16 1490   -0.036737 -0.022877 794.358
16 1491   -0.0358897 -0.0206129 754.788
16 1492   -0.0351211 -0.0218388 816.128
16 1493   0.00419947 -0.0135927 968.287
16 1494   0.00336952 -0.0134967 967.299
16 1495   0.00349021 -0.0129992 968.392
16 1496   0.00319305 -0.0125751 968.055
16 1497   0.00400125 -0.0127972 969.441
16 1498   0.00456481 -0.0130572 968.58
16 1499   0.00490553 -0.0127692 967.664
16 1500   0.00351691 -0.0122836 968.309
16 1501   0.00391014 -0.0124577 969.429
16 1503   0.00376361 -0.0120073 951.233
16 1504   0.00350009 -0.0120501 963.566
16 1540   0.00386404 -0.0337112 701.22
16 1573   -0.00925123 -0.0209587 807.07
16 1574   -0.0114619 -0.0209587 868.243
16 1579   -0.0356267 0.021029 785.838
16 1580   -0.0334949 0.021029 850.988
16 1585   -0.0386395 0.0165027 832.963
16 1588   -0.0406416 0.0185145 813.554
16 1589   -0.0392093 0.0176707 808.128
16 1590   -0.0380698 0.018668 792.359
16 1591   -0.0398779 0.0203193 736.408
16 1592   -0.0384456 0.0203088 523.67
16 1613   -0.0482063 -0.0233078 961.719
16 1614   -0.0439057 -0.0210483 918.676
16 1615   -0.0447546 -0.0240722 962.855
16 1618   -0.0110152 0.0209942 858.195
16 1619   -0.00912014 0.0209942 781.825
16 1626   0.00474023 -0.0116335 947.435
16 1627   0.00508495 -0.0116327 940.228
16 1628   0.00515921 -0.0119688 955.645
16 1629   0.00458001 -0.0118598 962.426
16 1630   0.00403526 -0.0120551 967.083
16 1631   0.00416496 -0.0122719 969.429
16 1632   0.00459679 -0.0123233 968.131
16 1633   0.00480432 -0.0121173 964.218
16 1636   0.00416775 -0.0118883 969.294
16 1637   0.0043178 -0.0118097 966.835
16 1638   -0.0505653 -0.0249959 923.324
16 1639   -0.0491003 -0.0299098 797.982
16 1640   -0.0510349 -0.032543 688.65
16 1642   -0.0196075 0.0222442 926.686
16 1643   -0.0165039 0.0222442 921.906
16 1666   -0.0511395 0.0177499 961.116
16 1667   -0.0457972 0.016803 920.72
16 1668   -0.0485182 0.0154643 932.357
16 1669   -0.049779 0.0204998 968.258
16 1670   -0.0470581 0.0197579 956.076
16 1695   -0.0210124 -0.0297087 935.54
16 1696   -0.0162017 -0.0322087 948.113
16 1697   -0.0136801 -0.029126 946.872
16 1698   -0.0222949 -0.0247087 928.264
16 1699   -0.0199128 -0.0222087 927.236
16 1700   -0.0146661 -0.024126 921.203
16 1701   -0.0170275 -0.0222087 924.253
16 1768   -0.0511082 -0.0172575 958.996
16 1769   -0.049937 -0.014473 932.445
16 1770   -0.0487491 -0.0197791 966.445
16 1771   -0.0459656 -0.0190359 940.464
16 1772   -0.0473741 -0.0139459 918.243
16 1773   -0.0457617 -0.0159874 916.922
16 1798   0.00081655 0.0126329 948.544
16 1799   0.000991303 0.012876 947.935
16 1800   0.00142007 0.0128123 921.25
16 1801   0.00150884 0.0125265 879.669
16 1803   0.00127323 0.0124291 876.52
16 1804   0.00100971 0.0124718 918.623
16 1820   -0.0314906 0.033529 951.465
16 1821   -0.0281094 0.031029 936.259
16 1822   -0.0295361 0.028087 928.636
16 1823   -0.0347974 0.0322114 963.685
16 1824   -0.0333356 0.0277984 927.622
16 1825   -0.0352157 0.0294227 950.861
16 1882   -0.00704897 0.0179355 810.882
16 1883   -0.0061469 0.0165301 887.798
16 1884   -0.00483438 0.017508 878.856
16 1885   -0.00610612 0.0195456 711.745
16 1886   -0.00479361 0.0191615 820.702
16 1927   0.00622606 0.0152205 948.42
16 1929   0.00510142 0.0169839 966.131
16 1930   0.00637536 0.0184327 969.459
16 1933   -0.00449079 -0.0320436 946.986
16 1934   -0.000263798 -0.0264731 950.074
16 1935   0.000833464 -0.0290662 903.754
16 1936   -0.00340971 -0.0262207 962.029
16 1937   -0.00545837 -0.0285613 964.308
16 1938   -0.00134487 -0.0335849 884.718
16 1939   0.000473106 -0.0322961 843.766
16 1970   -0.0492251 0.0260073 918.791
16 1971   -0.0491203 0.0299241 799.491
16 1972   -0.0434817 0.0258127 965.232
16 1973   -0.0459501 0.0245312 964.049
16 1974   -0.04619 0.0324296 825.058
16 1975   -0.0438262 0.0297943 932.372
16 1987   -0.031557 -0.0337259 952.738
16 1988   -0.029717 -0.0286777 932.194
16 1989   -0.028229 -0.0312259 937.36
16 1990   -0.034704 -0.0324049 964.436
16 1991   -0.0338034 -0.0298567 949.54
16 1998   0.00299618 0.0124209 959.394
16 1999   0.00267683 0.0127441 938.618
16 2000   0.00233235 0.0123929 903.985
16 2001   0.00227652 0.0126733 916.129
16 2003   0.00262379 0.0122099 943.768
16 2004   0.00288731 0.0121671 964.732
16 2016   0.00568202 -0.0324223 688.068
16 2017   0.00568202 -0.0298446 734.759
16 2029   0.00692592 -0.0104767 926.283
16 2030   0.00676271 -0.0105622 931.205
16 2039   -0.006105 0.0333805 957.633
16 2040   -0.00868857 0.0333805 969.072
16 2043   -0.00109857 0.027594 947.699
16 2044   -0.000751011 0.033611 872.346
16 2045   0.000936163 0.030833 867.523
16 2046   -0.00418544 0.0287525 963.184
16 2047   -0.00396962 0.0319915 940.528
16 2048   -0.0499783 0.00574962 896.911
16 2049   -0.0499783 0.0107507 909.162
16 2069   0.00667318 -0.0183074 967.432
16 2070   0.00511755 -0.0200102 964.019
16 2071   0.00346392 -0.0185781 969.373
16 2072   0.00360154 -0.0155135 968.668
16 2073   0.00419273 -0.0169819 969.561
16 2074   0.00584636 -0.0167688 969.607
16 2075   0.0045214 -0.0145238 968.668
16 2076   0.00639934 -0.0136234 967.843
16 2077   0.0063063 -0.0154513 969.405
16 2078   0.00557253 -0.0146747 968.906
16 2080   0.00713311 -0.0148724 969.036
16 2081   0.00713311 -0.0139276 968.038
16 2111   -0.00861889 -0.0334587 968.895
16 2112   -0.00603017 -0.0334587 956.774
16 2137   -0.000620481 -0.0150615 957.208
16 2138   0.000390279 -0.0153589 961.712
16 2139   0.000994174 -0.0145248 965.419
16 2140   -0.000521697 -0.0127518 965.942
16 2141   -0.00078549 -0.0141215 961.871
16 2142   -0.00130157 -0.0132982 955.885
16 2143   -0.00104874 -0.0126663 954.907
16 2144   -0.000131896 -0.0131421 968.362
16 2145   0.000626039 -0.0139859 967.253
16 2146   -0.000142864 -0.0138799 967.847
16 2147   0.000258039 -0.0128262 960.098
16 2148   0.00090053 -0.0132053 968.376
16 2149   0.000521562 -0.0127834 968.832
52 198   -0.0045356 0.00107314 964.926
52 199   -0.00265543 -0.00231342 969.004
52 200   -0.00463924 -0.00124042 965.463
52 201   0.00131023 0.00224044 969.367
52 202   -0.00265899 -0.00452431 969.599
52 203   0.00141722 -0.00436365 969.309
52 204   -0.000673233 -0.00111767 969.216
52 205   0.00118259 0.00442107 969.529
52 206   -0.000674287 0.0010819 969.22
52 207   -0.00255283 0.00219972 969.014
52 208   0.00126532 -0.00214751 969.375
52 209   0.0031544 0.0011633 967.924
52 210   -0.008755 -0.000196174 925.859
52 211   0.00310844 -0.00102508 967.804
52 212   0.00493672 -0.00206946 963.967
52 213   0.00501757 0.00205711 965.558
52 214   0.00329824 -0.00519257 967.546
52 215   0.00281844 0.00547127 969.369
52 216   -0.00245866 0.00422045 969.445
52 217   -0.000707759 0.00528326 968.377
52 218   0.00497462 -0.00402081 968.081
52 219   -0.00441093 -0.00553353 969.542
52 220   -0.00789762 0.00147715 932.623
52 221   -0.00606478 0.00208636 958.162
52 222   0.00643785 -0.00100541 953.301
52 223   -0.00214126 -0.00844381 964.231
52 224   -0.00789971 -0.00178882 943.311
52 225   0.00810191 -0.0015349 928.201
52 226   -0.0061988 -0.0022955 962.858
52 227   0.00275232 0.00730038 966.98
52 228   0.00911856 0.00017287 919.475
52 229   0.00647275 0.000932791 955.911
52 230   -0.00859423 0.00317032 927.853
52 231   0.00810852 0.00160097 937.24
52 232   -0.0038074 0.00527398 966.764
52 233   0.00369048 -0.00683401 945.235
52 234   -0.00851515 -0.00353399 959.223
52 235   0.00527473 0.00364027 968.147
52 236   -0.00103223 0.00690232 962.724
52 237   0.00302667 -0.00811174 936.042
52 238   -0.000289182 0.00809664 961.477
52 239   0.0044124 0.004869 969.609
52 240   -0.00596702 0.00383037 963.848
52 241   -0.00512505 0.00497199 969.125
52 242   -0.00740286 0.00435148 946.511
52 243   -0.00372114 -0.00796033 964.595
52 244   -0.00450051 -0.0069887 968.42
52 245   -0.00357161 0.00686256 944.775
52 246   0.00858535 0.00281429 944.871
52 247   -0.00627652 -0.00390284 968.356
52 248   0.00777984 0.00375977 965.721
52 249   -0.00580633 -0.00495524 969.563
52 250   -0.00254735 0.00742809 948.894
52 251   -0.00274817 0.00876373 939.898
52 252   0.00662617 0.00411958 968.432
52 253   0.00544448 0.00583213 969.634
52 254   -0.00752754 -0.00450649 965.454
52 255   -0.00584207 -0.00741408 968.81
52 256   0.00648306 0.00531846 969.659
52 257   0.00401439 -0.00909956 911.306
52 258   -0.00674389 -0.00715341 969.043
52 259   -0.00446384 0.00752738 906.745
52 260   -0.00364816 0.00923817 925.088
52 261   0.00831171 0.00463968 965.252
52 262   -0.00675715 -0.00580028 969.557
52 263   0.0071769 0.00580952 969.318
52 264   -0.00579426 -0.00828728 962.092
52 265   -0.00703523 -0.00652896 969.271
52 266   -0.00760446 -0.00546324 956.408
52 267   0.0071606 0.00662088 968.893
52 268   0.00785188 0.00549055 948.674
52 269   0.00480646 -0.00885954 866.818
52 270   -0.00740035 -0.00772294 961.387
52 271   -0.00448796 0.00833438 884.494
52 272   -0.00793258 -0.00650783 967.955
52 273   -0.00425285 0.00884364 894.063
52 274   -0.00819221 -0.00591698 964.491
52 275   0.00826603 0.00602491 967.209
52 276   -0.00832355 -0.00683951 959.696
52 277   0.00773905 0.00688606 963.525
52 278   0.00816949 0.00660907 965.013
52 279   -0.00511451 0.00857038 847.14
52 280   -0.00824732 -0.00729265 941.357
52 281   -0.0047488 0.00930339 872.251
52 282   -0.0079657 -0.00762614 938.353
52 283   -0.00482694 0.00975415 879.251
52 284   0.00515474 -0.00940227 845.606
52 285   -0.00454698 0.0100188 920.193
52 286   -0.00515863 0.00907995 842.426
52 287   -0.00796069 -0.0085298 933.755
52 288   0.00761032 0.00772016 955.241
52 289   -0.00452552 0.0107131 968.435
52 290   0.00781353 0.00736204 953.078
52 291   -0.00546756 0.00936008 816.908
52 292   0.00797343 0.00832312 928.041
52 293   -0.00476656 0.0104323 943.042
52 294   -0.00578307 0.00931294 792.898
52 295   0.00792565 0.00798798 932.383
52 296   -0.00520465 0.0099227 843.056
52 297   0.00818431 0.00747459 931.902
52 298   -0.00823045 -0.00822064 899.759
52 299   -0.00824152 -0.00794256 906.284
52 300   -0.00862803 -0.00746626 918.522
52 301   -0.00593257 0.00971314 755.757
52 302   -0.00543544 0.00975207 809.906
52 303   0.00822425 0.00780475 912.945
52 304   -0.00508179 0.0105462 928.243
52 305   0.00827657 0.00839702 895.043
52 306   0.00845283 0.00788778 886.375
52 307   -0.0052185 0.0104074 876.695
52 308   0.00534124 -0.0104071 853.902
52 309   -0.00528172 0.010197 841.025
52 310   -0.00563242 0.00994868 775.837
52 311   0.00848368 0.00823523 818.163
52 312   0.00854846 0.00807375 810.61
52 313   -0.00581404 0.00995688 738.227
52 314   -0.00849334 -0.00827562 809.367
52 315   -0.00850269 -0.00787241 881.661
52 316   -0.00860757 -0.0077296 896.282
52 317   -0.00540658 0.010532 852.426
52 318   -0.00548769 0.0102426 793.899
52 319   -0.00560761 0.0101648 762.527
52 320   -0.00552462 0.0104165 791.229
52 321   -0.0086326 -0.00799194 808.531
52 322   -0.00876754 -0.00780516 880.466
52 323   -0.00587739 0.0101553 646.513
52 324   -0.0086453 -0.00815666 738.048
52 325   -0.0056377 0.0104644 750.106
52 326   -0.00571676 0.0102676 700.889
52 327   -0.00867698 -0.00808369 746.472
52 328   0.00871754 0.00804794 744.797
52 329   -0.00875018 -0.00792927 828.516
52 330   -0.00570993 0.0103932 667.523
52 331   -0.00580491 0.0102499 630.18
52 332   -0.00594782 0.0102152 528.587
52 333   -0.00577734 0.0104413 532.784
52 334   -0.00584286 0.0103361 487.392
52 335   0.00877385 0.00810216 704.527
52 336   -0.00582212 0.010402 440.44
52 337   -0.00592167 0.0103203 359.575
52 338   -0.00588918 0.0103466 355.316
52 339   -0.00586192 0.0104323 240.109
52 340   0.00879333 0.0081294 691.813
52 341   -0.00589515 0.0104028 171.472
52 342   -0.00594278 0.0103621 153.219
52 343   -0.00886981 -0.00807697 949.303
52 344   -0.0088759 -0.00807221 911.236
52 425   -0.00750603 0.00546464 956.388
52 427   -0.00596506 0.00893739 796.99
52 428   -0.00587954 0.00808845 806.773
52 429   -0.00560544 0.00847496 820.416
52 513   0.00384068 -0.00983723 936.697
52 514   0.00439617 -0.0100263 931.148
52 515   0.00515731 -0.0104372 899.118
52 516   0.00495353 -0.0102929 909.278
52 517   0.00477449 -0.0105215 952.665
52 518   0.00487595 -0.0107032 964.366
52 519   0.00508061 -0.0106285 944.038
52 543   0.00398234 0.00795147 964.475
52 544   0.00403203 0.00906228 957.463
52 545   0.00525925 0.00854409 955.705
52 546   0.00472689 0.00907267 948.31
52 547   0.0058391 0.00870067 949.277
52 548   0.00527003 0.00666743 969.305
52 549   0.00523441 0.00798869 964.295
52 550   0.00465235 0.00740646 967.13
52 551   0.00665192 0.00695018 969.327
52 552   0.00578351 0.0075557 968.608
52 553   0.00592067 0.00694362 969.477
52 554   0.00717868 0.00773727 966.144
52 555   0.00629465 0.00770454 969.315
52 556   0.00673487 0.00741999 969.186
52 557   0.00704432 0.00816919 968.75
52 558   0.00653193 0.00815796 968.824
52 559   0.00641115 0.00858376 959.431
52 560   0.00772458 0.00851089 954.35
52 561   0.00731953 0.00880212 969.025
52 562   0.00733091 0.0084825 967.716
52 563   0.00781245 0.00875296 957.654
52 564   0.00761393 0.00890805 968.89
52 601   -0.00593284 0.0103949 57.6262
52 602   -0.00591769 0.0104091 65.3652
52 603   -0.00592373 0.0104244 13.0464
52 610   0.00848505 0.00682274 957.515
52 614   0.00834785 0.0073196 933.782
52 615   0.00842967 0.00706992 947.353
52 616   0.00862903 0.007135 941.309
52 617   0.00871876 0.00748783 913.572
52 618   0.00849523 0.00743959 920.366
52 619   0.0085992 0.00732977 927.488
52 620   0.00857021 0.00774037 891.663
52 621   0.00855287 0.0075898 907.726
52 622   0.00867672 0.0076055 904.229
52 623   0.00879456 0.00779533 878.214
52 624   0.0086668 0.00779604 874.27
52 625   0.00872132 0.00771608 891.782
52 626   0.00872415 0.00795335 797.271
52 627   0.00870712 0.00787957 839.639
52 628   0.00877295 0.00787101 848.876
52 631   0.00877522 0.00795763 798.468
52 632   0.00883306 0.0079324 835.737
52 633   0.00879676 0.00791528 831.679
52 634   0.00884553 0.00799423 810.297
52 635   0.00879906 0.00798523 786.178
52 636   0.00882398 0.00796427 813.579
52 637   0.008806 0.00804586 736.524
52 638   0.00880644 0.00801497 765.924
52 639   0.00883476 0.00801541 786.435
52 640   0.00882817 0.00805541 736.967
52 641   0.00884446 0.00803544 780.532
52 644   -0.00636817 -0.00860605 957.59
52 645   -0.00741042 -0.00865298 966.326
52 646   -0.00707244 -0.00830238 968.066
52 647   -0.00718272 -0.009092 947.008
52 648   -0.00685276 -0.0093503 887.266
52 673   -0.00512491 -0.0086809 951.392
52 674   -0.00439336 -0.00877933 957.348
52 675   -0.00519916 -0.00932562 928.708
52 676   -0.0056247 -0.00955166 893.871
52 677   -0.00612435 -0.0092257 909.688
52 678   -0.00643595 -0.0094902 867.701
52 679   -0.00627498 -0.0099238 808.956
52 682   0.00665377 0.00945237 866.666
52 683   0.00676098 0.0090327 933.015
52 684   0.00716266 0.00908003 942.347
52 703   0.00502247 0.00947948 929.557
52 704   0.00565416 0.00923443 918.778
52 705   0.006119 0.00953719 870.132
52 706   0.00541394 0.0102121 851.175
52 707   0.00498526 0.00993744 918.592
52 708   0.00474837 0.0103144 945.392
52 709   0.00501797 0.0106428 941.831
52 710   0.000201099 -0.00553285 968.212
52 711   -0.0012509 -0.00555656 968.957
52 712   -0.00110883 -0.00756374 965.638
52 713   0.00182241 -0.00808677 953.333
52 714   0.000665063 -0.0070809 963.497
52 715   2.12804e-05 -0.00799916 962.613
52 716   0.0017162 -0.00905476 953.433
52 717   0.000641064 -0.0089553 959.785
52 718   0.00205949 -0.00994531 950.809
52 719   0.00251165 -0.0104226 948.227
52 720   0.00319891 -0.0102948 955.637
52 721   0.00343806 -0.010818 967.286
52 723   0.00300879 -0.01128 952.025
52 724   0.00326953 -0.0111848 967.317
52 731   0.000751579 0.00847761 963.528
52 732   0.00183275 0.00825021 964.317
52 733   0.00226342 0.00952099 961.391
52 734   0.00285893 0.00979099 961.971
52 735   0.00360643 0.00957293 960.734
52 736   0.00283786 0.0104187 962.062
52 737   0.00337775 0.0106903 968.397
52 739   0.00338483 0.0111246 969.088
52 740   0.00306669 0.0112321 964.332
52 759   0.00392034 -0.0108561 967.172
52 762   0.00451399 -0.010726 967.716
52 763   0.00423669 -0.0105219 965.677
52 853   -0.0010928 0.00917275 956.956
52 854   -0.00203667 0.00931407 950.201
52 855   -0.00211104 0.0102122 950.106
52 856   0.000584996 0.00985703 962.954
52 857   -0.00137189 0.0104596 955.641
52 858   -0.000160315 0.0103594 966.071
52 859   -0.000797347 0.0100561 960.854
52 860   -0.00135791 0.0109607 952.632
52 861   -0.00142927 0.0116469 932.631
52 878   0.000920864 0.0112253 961.626
52 879   0.00113126 0.0103637 960.353
52 880   0.00172852 0.010255 956.24
52 881   0.00125385 0.0116012 935.693
52 911   0.00195311 0.0109442 937.132
52 912   0.00246695 0.0108379 948.942
52 913   0.00268871 0.0112169 939.405
52 914   0.00245364 0.0115147 885.546
52 915   0.0021355 0.0116222 822.358
52 942   -0.00244579 0.0106455 944.913
52 944   -0.00282421 0.0113758 926.483
52 1055   0.00886007 0.0080448 799.351
52 1058   -0.00881834 -0.00796713 825.29
52 1061   -0.00594068 0.0104054 13.5179
52 1064   -0.00594162 0.0104228 3.6611
52 1065   -0.00593809 0.0104151 7.37256
52 1069   0.00500768 -0.00971706 861.89
52 1070   0.00476388 -0.00989705 895.839
52 1071   0.00494116 -0.0101064 892.216
52 1072   0.00521779 -0.00984124 841.432
52 1073   0.00515214 -0.0100116 855.879
52 1074   0.00538585 -0.0102365 823.868
52 1075   0.00531102 -0.0100995 833.403
52 1076   0.00556201 -0.0101445 780.47
52 1077   0.00551634 -0.0102403 789.064
52 1078   0.00562722 -0.010409 753.385
52 1079   0.0056953 -0.0103027 709.046
52 1080   0.00560094 -0.0103068 760.831
52 1081   0.00580858 -0.0104017 480.148
52 1082   0.00574929 -0.0103663 632
52 1083   0.00570405 -0.0104247 687.216
52 1084   0.00573466 -0.0104705 643.137
52 1085   0.00579201 -0.0104496 491.307
52 1105   0.00543243 -0.0105372 852.929
52 1106   0.00556358 -0.0104893 796.27
52 1132   0.00594198 -0.0104218 3.12225
52 1136   -0.00884915 -0.0080681 814.965
52 1137   -0.00880801 -0.00801879 782.533
52 1138   -0.00882068 -0.00809231 705.978
52 1139   -0.00878423 -0.00807267 722.456
52 1140   0.00584769 -0.0103942 381.55
52 1143   0.00593861 -0.00877781 802.047
52 1145   0.00566717 -0.00804465 815.155
52 1146   0.00533726 -0.00845693 837.339
52 1149   0.00550318 -0.00931569 816.029
52 1150   0.00598173 -0.00934089 780.93
52 1151   0.00575625 -0.00909384 804.187
52 1152   0.00583779 -0.0095617 778.654
52 1153   0.00561954 -0.00956378 799.206
52 1155   0.0059381 -0.00976372 752.391
52 1158   0.00541591 -0.0098387 814.736
52 1159   0.00555786 -0.00975249 798.271
52 1160   0.005541 -0.0100334 789.464
52 1161   0.0054205 -0.00999233 812.322
52 1162   0.00581825 -0.00982839 760.201
52 1163   0.00563481 -0.00994237 777.817
52 1164   0.00565626 -0.0098151 782.902
52 1165   0.00595086 -0.0100231 691.917
52 1166   0.00573772 -0.00998058 756.418
52 1167   0.00585587 -0.00993076 741.201
52 1168   0.00588557 -0.0100872 688.182
52 1169   0.00577986 -0.0100586 734.036
52 1170   0.00569795 -0.0101314 746.116
52 1171   0.00574664 -0.0102232 696.963
52 1172   0.00594623 -0.0102519 468.902
52 1173   0.0059037 -0.0101724 626.917
52 1174   0.00584668 -0.0102355 603.354
52 1175   0.00591425 -0.0103054 420.649
52 1176   0.00586062 -0.0103471 450.126
52 1177   0.00586756 -0.0103033 508.787
52 1178   0.00589475 -0.0103543 341.222
52 1179   0.00591987 -0.0103441 301.279
52 1181   0.00593975 -0.0103671 139.305
52 1203   -0.00412535 -0.00950255 956.006
52 1204   -0.00466483 -0.00969013 941.397
52 1205   -0.00207883 -0.011276 896.538
52 1206   -0.00176888 -0.00969906 961.381
52 1207   -0.00142367 -0.0113797 918.143
52 1208   -0.0032736 -0.0110472 968.322
52 1209   -0.00276203 -0.0100466 961.509
52 1210   -0.00251905 -0.0107943 953.186
52 1211   -0.00363808 -0.00992563 963.763
52 1212   -0.00429053 -0.0105369 968.457
52 1213   -0.00377457 -0.0103786 968.164
52 1214   -0.00365308 -0.0107525 969.386
52 1216   -0.00400967 -0.0109647 965.634
52 1217   -0.00432839 -0.0108569 968.442
52 1220   -0.000594263 -0.010136 963.537
52 1221   -0.000255009 -0.0114216 966.975
52 1222   -0.000810769 -0.0109611 964.59
52 1223   0.00134693 -0.0102668 956.586
52 1224   0.000204141 -0.0101963 965.153
52 1225   0.000681745 -0.00983542 961.208
52 1226   0.000445392 -0.0108173 968.376
52 1227   0.000202747 -0.0112175 968.928
52 1229   0.000430928 -0.011626 964.77
52 1230   0.000767361 -0.011622 969.244
52 1279   0.00541565 0.0105085 825.642
52 1280   0.00525658 0.0105622 890.322
52 1283   0.00447085 0.0105566 965.996
52 1285   0.00398657 0.0102835 966.767
52 1286   0.00377897 0.0107731 968.024
52 1291   0.00137013 -0.0108414 954.098
52 1292   0.00103999 -0.0114272 964.543
52 1293   0.000946199 -0.011031 964.145
52 1294   0.00216551 -0.0109454 934.611
52 1295   0.00173655 -0.0110426 937.09
52 1296   0.00271614 -0.0112798 921.879
52 1297   0.00239159 -0.0111841 915.914
52 1298   0.00219465 -0.0114701 852.297
52 1300   0.00264957 -0.0115182 876.986
52 1301   0.00238883 -0.0116134 812.956
52 1318   -0.00476603 -0.0100992 937.322
52 1319   -0.00462101 -0.0104438 958.593
52 1320   -0.00551948 -0.00995606 863.76
52 1321   -0.00519514 -0.0101391 893.036
52 1322   -0.00565412 -0.0103166 791.391
52 1323   -0.00598408 -0.0100583 801.91
52 1324   -0.00573225 -0.0100691 825.982
52 1327   -0.00598844 -0.0102413 771.071
52 1328   -0.00582346 -0.0103704 742.527
52 1329   0.000115776 0.0116458 961.736
52 1330   -8.05631e-05 0.0109184 969.231
52 1331   0.000454349 0.0112777 969.448
52 1332   0.000451554 0.0116497 967.027
52 1333   -0.00015168 0.0114662 966.514
52 1334   -0.000350814 0.0111108 969.519
52 1335   -0.000888521 0.0111236 965.249
52 1336   -0.00102516 0.011475 964.585
52 1338   -0.000404911 0.0116492 964.072
52 1339   -0.000740689 0.0116453 969.091
52 1351   -0.00177903 0.0111418 928.567
52 1352   -0.00212776 0.0110741 924.224
52 1353   -0.00199123 0.0115568 841.886
52 1354   -0.00165545 0.0115607 900.646
52 1355   -0.00177203 0.0113924 905.704
52 1358   -0.00179069 0.0117261 852.42
52 1359   -0.00195858 0.0117242 799.184
52 1368   0.00606716 0.00993882 816.791
52 1369   0.0057648 0.010175 798.305
52 1372   -0.00252729 0.0113913 887.934
52 1373   -0.00229514 0.0112907 897.308
52 1374   -0.00216559 0.0115229 835.558
52 1377   -0.00248817 0.0115906 837.272
52 1378   -0.00230732 0.0116564 788.41
52 1394   0.00142332 -0.0116212 936.417
52 1397   0.00169594 -0.0114263 911.852
52 1398   0.00192797 -0.0116152 842.857
52 1401   0.00152978 0.0114825 898.736
52 1402   0.00191658 0.0115533 838.175
52 1403   0.00179688 0.0113081 906.465
52 1406   0.00173342 0.0117287 803.649
52 1407   0.00156553 0.0117267 854.53
52 1409   -0.00497761 -0.010656 946.569
52 1412   -0.00520948 -0.0104298 891.722
52 1413   -0.00545569 -0.0104943 828.011
52 1745   0.0059137 -0.0104228 32.5372
52 1746   0.0058998 -0.0103839 225.952
52 1747   0.0058872 -0.0104325 111.08
52 1748   0.00587778 -0.0104142 221.083
52 1749   0.00592585 -0.0104168 11.7156
52 1750   0.00592314 -0.010385 125.551
52 1751   0.00593216 -0.0104023 24.5789
52 1862   0.0062921 -0.00454574 964.325
52 1863   0.00778369 -0.00533292 947.321
52 1864   0.0067221 -0.00670576 950.775
52 1865   0.00697637 -0.00570793 966.889
52 1866   0.00613271 -0.00554098 968.949
52 1867   0.00501472 -0.00688673 923.959
52 1868   0.00547289 -0.00751216 843.775
52 1869   0.00564935 -0.0062261 958.614
52 1870   0.00610752 -0.00685153 911.181
52 1919   -0.00577821 0.00597701 965.078
52 1920   -0.00672335 0.00594854 969.309
52 1921   -0.00591244 0.00737383 837.454
52 1922   -0.00535279 0.00694382 910.963
52 1925   -0.00693949 0.00658542 965.78
52 1926   -0.006554 0.0070439 931.527
52 1976   -0.00407054 0.0106298 968.853
52 1977   -0.00313098 0.0110152 960.598
52 1978   -0.00303602 0.010552 955.991
52 1979   -0.00408504 0.0101311 948.245
52 1980   -0.00362949 0.0100277 947.138
52 1981   -0.00353654 0.0110527 968.945
52 1982   -0.00388337 0.0109265 966.904
52 1993   0.00863346 -0.0026396 924.329
52 1996   0.00836768 -0.00430928 926.717
52 1997   0.00771975 -0.00368905 942.226
52 2128   -0.00884511 -0.00801932 814.316
52 2129   -0.00884981 -0.00804899 804.455
52 2133   0.00883215 0.00809128 700.204
52 2134   0.00883484 0.00807359 718.585
52 2135   0.00885793 0.00805857 787.043
52 2136   0.00884899 0.00806739 746.254
52 2151   0.00884495 0.00809393 698.351
52 2152   0.00886101 0.00808139 740.5
52 2153   0.00885165 0.0080809 720.792
52 2159   0.00886625 0.00806317 814.572
52 2162   0.00886666 0.00807247 834.76
52 2163   0.0088717 0.00807698 888.868
end
