550
52 272   0.00506692 -0.00243112 705.756
52 273   0.000963908 -0.00464516 707.752
52 274   0.0049555 -0.00463967 712.427
52 275   0.00104293 -0.00235947 706.892
52 276   0.00301045 -0.00125667 705.67
52 277   -0.0046942 0.000960347 704.785
52 278   -0.00288158 -0.00232427 705.887
52 279   -0.00150211 -0.00769233 710.155
52 280   -0.00106852 -0.00558853 708.624
52 281   -0.000883826 0.00095771 706.555
52 282   -0.000891139 -0.0012381 706.446
52 283   -0.00646839 0.00220503 704.905
52 284   0.00282001 -0.00575091 708.824
52 285   -0.00479301 -0.0012414 703.152
52 286   0.000916281 0.00418385 707.57
52 287   0.00283034 0.00507482 708.684
52 288   0.0010129 0.00200936 706.446
52 289   0.00297311 0.000916347 704.877
52 290   -0.00277546 0.00207328 707.028
52 291   -0.00297994 -0.00438901 707.832
52 292   -0.00981155 0.00216586 695.791
52 293   0.00473575 0.00191946 702.51
52 294   -0.00814175 0.00120484 698.882
52 295   -2.37856e-05 -0.00888599 707.078
52 296   0.0046896 0.00390344 705.276
52 297   -0.00626292 0.00433089 714.447
52 298   0.00283541 -0.00770227 705.69
52 299   -0.00460161 0.00529466 715.32
52 300   -0.00649458 -0.00222233 699.094
52 301   0.00638394 -0.00577038 728.765
52 302   -0.00458626 -0.00516578 709.675
52 303   -0.00480371 -0.00680347 718.888
52 304   -0.00877613 0.00554708 715.501
52 305   -0.0074199 0.00547021 728.087
52 306   0.00622838 0.00439979 703.09
52 307   0.00174245 -0.00875566 707.043
52 308   -0.00838843 -0.000530982 695.062
52 309   -0.00781624 -0.00162298 695.109
52 310   -0.00662877 -0.00369166 699.712
52 311   -0.00591672 -0.00458675 705.623
52 312   -0.0106409 -0.0010328 688.078
52 313   0.00599279 -0.00728339 758.064
52 314   0.00755801 0.00353763 694.18
52 315   0.00414216 -0.00829932 700.294
52 316   -0.00961953 -0.001125 690.997
52 317   -0.00699511 -0.00539138 708.3
52 318   0.00514925 -0.00791836 735.166
52 319   -0.00708513 0.00681558 765.153
52 320   -0.00787772 -0.00410446 693.223
52 321   -0.00879144 -0.0025468 690.629
52 322   -0.00906999 0.00690704 732.929
52 323   0.00848574 0.0041406 688.185
52 324   -0.0112599 -0.00206216 686.409
52 325   0.00826165 0.00500004 691.586
52 326   -0.00583852 0.00729198 754.991
52 327   -0.00795375 -0.00501863 696.322
52 328   0.011272 0.00231998 684.525
52 329   -0.0096156 -0.00217625 689.235
52 330   -0.00897332 -0.00333389 688.212
52 331   -0.00865164 -0.00389699 687.986
52 332   -0.00648413 0.00726842 780.725
52 333   -0.00834073 0.00745445 784.869
52 334   0.00685972 -0.00775986 816.552
52 335   -0.00875851 -0.00532276 682.215
52 336   0.0106104 0.00354934 683.81
52 337   -0.0077121 0.00743986 802.763
52 338   -0.0101965 -0.00269408 687.311
52 339   -0.0108195 -0.00267219 687.19
52 340   0.0110281 0.00317064 684.987
52 341   -0.00976339 -0.00359243 685.255
52 342   -0.0061945 0.00860541 839.461
52 343   -0.00925951 -0.00446679 682.386
52 344   -0.00929035 -0.0049784 679.076
52 345   0.00671478 -0.00841313 864.859
52 346   -0.0101624 -0.00332316 686.004
52 347   0.00546948 -0.0086637 767.675
52 348   -0.01067 -0.00370229 685.611
52 349   0.00597261 -0.00877986 824.178
52 350   0.0108023 0.00416743 682.559
52 351   0.00639703 -0.00873485 865.465
52 352   -0.0074835 0.00804545 858.818
52 353   -0.00676514 0.00799072 834.497
52 354   -0.00842112 0.00806378 829.164
52 355   -0.00983061 -0.00520613 674.538
52 356   -0.0106671 -0.00413792 684.278
52 357   -0.0099264 -0.0040715 682.864
52 358   -0.00974419 -0.00438278 681.05
52 359   0.00720064 -0.00858911 899.556
52 360   -0.00659933 0.00838832 859.242
52 361   0.0105963 0.00445842 680.541
52 362   -0.00713753 0.00814347 864.361
52 363   0.010299 0.00457698 678.358
52 364   -0.0101097 -0.00497965 675.743
52 365   -0.00625433 0.00900881 870.861
52 366   -0.0103226 -0.00423786 682.331
52 367   -0.00807547 0.00844693 884.179
52 368   -0.00768013 0.00839316 889.507
52 369   -0.0100542 -0.00466791 678.677
52 370   0.00722503 -0.00890859 922.366
52 371   -0.00688204 0.00866588 894.947
52 372   -0.00713723 0.00853439 895.524
52 373   -0.0103437 -0.00456175 680.285
52 374   -0.00787374 0.00852479 895.809
52 375   -0.00664458 0.0090989 902.581
52 376   0.00684501 -0.00913458 913.642
52 377   0.00658951 -0.0090756 897.492
52 378   0.00706022 -0.00910303 930.611
52 379   -0.0073211 0.0087126 910.45
52 380   -0.00691482 0.00890871 908.239
52 381   -0.0105375 -0.00472338 680.316
52 382   0.0103952 0.00489925 675.932
52 383   0.0108297 0.00472273 680.951
52 384   -0.00751803 0.00866939 909.192
52 385   -0.0103818 -0.00507755 675.177
52 386   -0.0107394 -0.00469732 682.827
52 387   -0.0068313 0.00906672 911.398
52 388   -0.00763857 0.00888202 928.451
52 389   -0.00728652 0.00895006 931.978
52 390   -0.00780694 0.0088598 920.789
52 391   -0.00713543 0.00901468 929.145
52 392   0.00745331 -0.00898007 943.063
52 393   -0.0105201 -0.00492744 678.381
52 394   0.0107309 0.00488328 679.453
52 395   -0.00757307 0.0090427 950.287
52 396   0.007212 -0.00928106 959.254
52 397   -0.0104752 -0.00521803 673.578
52 398   0.0105938 0.00494124 676.914
52 399   -0.00714272 0.00919365 946.353
52 400   -0.0070041 0.00923901 934.331
52 401   -0.00741795 0.00906754 953.034
52 402   -0.010652 -0.00502803 679.623
52 403   -0.0072407 0.00929156 963.646
52 404   -0.00740321 0.00920776 967.89
52 405   0.00742888 -0.00914743 963.17
52 406   -0.0107559 -0.00501844 683.45
52 407   0.010822 0.00499288 681.095
52 408   -0.00733359 0.00928184 967.247
52 409   -0.0106314 -0.00515096 677.147
52 410   0.0105763 0.00515318 673.709
52 411   0.0106217 0.00507215 675.827
52 412   0.00752714 -0.00918548 967.686
52 413   0.00733464 -0.00928486 967.204
52 414   -0.00762773 0.00914654 962.228
52 415   0.00738329 -0.0092366 968.295
52 416   -0.00755153 0.009231 968.983
52 417   -0.00748214 0.00926738 960.614
52 418   0.0107766 0.00507763 680.791
52 419   0.0107134 0.00509893 677.872
52 420   -0.0107039 -0.00519509 678.785
52 421   0.0108118 0.005139 685.149
52 422   -0.00743339 0.00941737 4.12618
52 466   0.00573503 0.0070722 735.495
52 467   0.00749329 0.0057996 715.516
52 468   0.00638775 0.00580233 714.726
52 490   0.000210268 0.00926542 706.741
52 491   0.000918719 0.00808751 708.341
52 705   0.00752477 -0.0092688 965.463
52 706   0.00746898 -0.00934196 883.769
52 707   0.00746252 -0.00929578 950.147
52 708   0.00762007 -0.00913561 961.99
52 710   0.00771345 -0.00891902 931.395
52 711   0.00759998 -0.00896436 941.022
52 728   0.00876286 0.00536919 682.03
52 729   0.00947288 0.00535778 675.681
52 730   0.00922478 0.00511004 678.74
52 731   0.00674416 -0.00178866 701.852
52 732   0.00824895 -0.00280906 701.014
52 733   0.00606865 0.000980056 699.495
52 734   0.00662608 -0.000497643 699.571
52 735   0.00791665 -0.000280233 695.917
52 736   0.00758691 0.0025995 693.79
52 737   0.00694871 0.00158639 696.623
52 738   0.00776974 0.000808546 694.763
52 739   0.00840439 0.00227387 690.924
52 740   0.00841148 0.00136946 692.078
52 743   0.0091417 -0.001962 695.76
52 744   0.00892749 -0.000724182 693.938
52 745   0.0111414 -0.00150569 689.822
52 746   0.0103609 -0.00233805 691.801
52 747   0.0109115 0.00164204 684.659
52 748   0.00970797 0.000108184 690.54
52 749   0.0113709 0.000520403 686.047
52 750   0.0107027 -0.000297266 689.244
52 751   0.00907867 0.00127289 690.278
52 752   0.00959909 0.000953195 689.41
52 753   0.0101344 0.00166938 686.981
52 754   0.0090808 0.00246914 688.431
52 755   0.00988341 0.00212107 686.947
52 756   0.00934455 0.00185709 688.662
52 757   0.0100846 0.00324397 684.489
52 758   0.00934846 0.00282724 686.945
52 759   0.00989086 0.00263902 686.131
52 760   0.00915144 0.00386033 684.65
52 761   0.00930885 0.00328982 685.906
52 762   0.0097756 0.00357455 683.809
52 763   0.00999821 0.0044553 679.108
52 764   0.0094417 0.00424091 681.845
52 765   0.00979466 0.00404923 681.806
52 766   0.00941994 0.00480867 678.866
52 767   0.00947238 0.00458896 679.853
52 768   0.00979551 0.00466099 678.065
52 769   0.00974136 0.00514035 675.101
52 770   0.00984262 0.00485478 676.58
52 771   0.00964353 0.00490662 677.058
52 772   0.0100645 0.0052945 672.539
52 773   0.00990293 0.00517636 674.084
52 774   0.00997797 0.00500064 675.059
52 775   0.0102722 0.00501746 674.389
52 776   0.0101706 0.00519082 672.872
52 777   0.0101085 0.00504675 674.312
52 778   0.0104884 0.00516977 672.859
52 779   0.0103022 0.00520428 672.422
52 780   0.0103663 0.00511878 673.354
52 782   0.01047 0.00524474 671.758
52 783   0.0103788 0.00526579 671.627
52 790   0.0106321 0.005211 673.168
52 794   0.0107111 0.00515418 677.063
52 795   0.0107039 0.00521025 674.817
52 796   0.0106752 0.00518522 674.676
52 797   0.0107362 0.00519142 677.36
52 798   0.0107434 0.00516701 678.715
52 799   0.0107808 0.00517312 683.752
52 801   0.00736205 -0.00937243 938.834
52 836   -0.00308103 -0.00836794 718.751
52 837   -0.00418091 -0.00789307 717.176
52 843   0.00475461 0.00772618 719.05
52 844   0.00231117 0.00838369 715.796
52 845   0.00316645 0.00707848 713.22
52 899   -0.00605247 -0.00705039 739.775
52 900   -0.00691342 -0.00621732 722.895
52 930   -0.000724818 0.0047847 708.003
52 931   -0.00251983 0.00372579 708.343
52 932   -0.00325683 0.00483767 709.855
52 933   -0.00210842 0.00593223 708.271
52 934   -0.000216172 0.00700058 708.031
52 935   -0.000800935 0.00589395 708.142
52 936   -0.00213171 0.00696384 707.244
52 937   -0.00117845 0.00751452 707.23
52 938   -0.00216403 0.00906008 705.553
52 939   -0.0012403 0.00865679 707.244
52 940   -0.00462868 0.00804841 712.597
52 941   -0.00306258 0.00735062 706.563
52 942   -0.00506499 0.00718116 725.951
52 943   -0.00438407 0.00677599 716.68
52 944   -0.00303305 0.00830458 702.786
52 946   -0.00363348 0.00869005 698.807
52 947   -0.00420298 0.00850438 696.441
52 1143   0.00774135 -0.00520197 719.671
52 1144   0.00846796 -0.00396675 705.246
52 1145   0.00911373 -0.00710828 740.175
52 1146   0.00918179 -0.0060388 712.963
52 1147   0.00823136 -0.00619645 735.28
52 1148   0.00746556 -0.00754716 811.98
52 1149   0.00836318 -0.00749292 789.906
52 1150   0.00796343 -0.00703893 770.829
52 1151   0.00802786 -0.00799308 844.886
52 1152   0.00748547 -0.00835718 888.668
52 1153   0.00760545 -0.0079685 852.444
52 1155   0.00812626 -0.00833279 874.532
52 1158   0.00786332 -0.00875254 911.277
52 1159   0.00780641 -0.00849447 896.073
52 1193   0.0106922 -0.00348105 694.225
52 1196   0.0099158 -0.00534025 705.515
52 1197   0.009692 -0.00426268 701.967
52 1198   -0.00580047 0.00844901 793.427
52 1199   -0.00562893 0.00801374 764.413
52 1200   -0.00512539 0.00828707 734.029
52 1203   -0.00545317 0.00875841 775.461
52 1204   -0.00514068 0.00868627 740.85
52 1313   -0.0110407 0.00119404 692.591
52 1314   -0.0111185 -0.000149541 689.983
52 1383   -0.0102427 0.0036203 698.727
52 1384   -0.00972365 0.00486202 706.701
52 1514   0.0108051 0.00520166 706.741
52 1517   0.0107853 0.00519484 686.074
52 1518   0.0107622 0.00520124 679.306
52 1519   0.00744668 -0.00938781 683.657
52 1520   0.00743273 -0.00936114 838.444
52 1521   0.00739994 -0.00936838 873.954
52 1522   0.00743179 -0.00941198 216.745
52 1525   0.00742505 -0.00939763 645.087
52 1526   0.0074025 -0.00939349 807.628
52 1573   -0.0111288 -0.0031806 687.337
52 1574   -0.0110134 -0.00358162 686.825
52 1580   -0.0109215 -0.00432675 685.109
52 1581   -0.0108588 -0.00454473 684.314
52 1588   -0.0108405 -0.00484091 684.059
52 1589   -0.0108112 -0.00494267 684.115
52 1612   -0.0108092 -0.00509527 687.079
52 1613   -0.0107984 -0.00513262 689.156
52 1627   -0.0107919 -0.00515526 691.466
52 1628   -0.0107713 -0.00517163 689.603
52 1630   -0.0107949 -0.00520089 728.694
52 1631   -0.010799 -0.00519203 703.873
52 1632   -0.0108121 -0.00519641 901.965
52 1633   -0.0108098 -0.00520434 948.289
52 1636   -0.00746903 0.00935872 833.502
52 1637   -0.00745354 0.00933536 898.059
52 1638   -0.00738133 0.00935465 924.38
52 1639   -0.00737552 0.00938447 885.761
52 1640   -0.00743917 0.00938 754.032
52 1641   -0.00742053 0.00940265 521.294
52 1642   -0.00741788 0.00938646 772.431
52 1643   -0.00743975 0.00941033 12.2663
52 1646   -0.00744747 0.00939219 571.066
52 1647   -0.00743729 0.00940121 399.945
16 247   -0.0449735 0.00275832 857.111
16 248   -0.0451551 -0.00345835 856.513
16 249   -0.0399735 0.00780158 871.636
16 250   -0.024433 -0.0323827 781.344
16 251   -0.04779 -0.0218377 725.468
16 252   -0.0208798 -0.0293177 791.781
16 253   -0.0322315 0.0320578 759.232
16 254   -0.0398894 -0.0323652 702.13
16 255   -0.026119 -0.0223827 843.964
16 256   -0.0291268 -0.029823 787.114
16 257   -0.029739 -0.024823 841.412
16 258   -0.00175922 0.028883 693.167
16 259   -0.0363418 -0.0298055 744.133
16 260   -0.0411366 -0.00708782 866.53
16 261   -0.0325834 -0.0324403 754.245
16 262   -0.0435495 -0.0297404 692.49
16 263   -0.0219536 -0.0243177 820.406
16 264   -0.000350871 0.0232443 707.331
16 265   -0.0497187 -0.0177958 761.008
16 266   -0.0384814 -0.00786438 875.407
16 267   -0.00584896 0.0146422 886.396
16 268   -0.00701 0.0138705 906.439
16 269   0.00541025 -0.0121305 904.976
16 270   0.00457278 -0.0121619 888.912
16 271   0.00715508 -0.0121525 932.261
16 427   0.00631762 0.0128362 767.024
16 428   0.00572642 0.0116682 782.265
16 430   -0.00500582 -0.0129347 742.8
16 431   -0.00618821 -0.0139819 793.636
16 432   -0.00572642 -0.0117626 761.545
16 433   -0.00690881 -0.0111431 843.376
16 436   0.00584889 -0.0112725 934.729
16 443   0.00732754 -0.0112155 967.593
16 444   0.00698262 -0.0115692 954.379
16 445   0.00642522 -0.0108841 964.117
16 446   0.00643049 -0.0112888 952.534
16 447   0.00680225 -0.0108038 968.442
16 448   0.00715244 -0.0108548 953.606
16 450   0.00700521 -0.0103765 849.136
16 451   0.00675142 -0.0105095 951.647
16 464   -0.00726923 0.0106564 907.709
16 465   -0.00715385 0.0103599 800.488
16 469   -0.0443505 -0.0226194 753.763
16 470   -0.0430342 -0.0256103 725.208
16 474   -0.049776 0.0184058 753.021
16 475   -0.0473106 0.0259327 695.769
16 476   -0.051138 0.0239836 698.429
16 477   -0.048414 0.0211489 729.353
16 478   -0.044035 0.0244499 727.194
16 479   -0.0451384 0.0217462 752.326
16 503   -0.00712091 -0.0336367 710.366
16 504   -0.00776732 -0.0278317 743.321
16 505   -0.00456546 -0.0271287 719.581
16 509   -0.00211021 0.0207746 749.625
16 510   -0.0355296 0.0307392 743.659
16 511   -0.0410099 0.031044 699.857
16 512   -0.0391995 0.0336813 702.485
16 513   -0.0359535 0.0279495 771.416
16 514   -0.0387263 0.0282543 737.466
16 515   -0.00744231 0.0102087 350.375
16 516   -0.00732692 0.0102692 599.508
16 528   -0.00489957 0.0302256 703.805
16 529   -0.00736498 0.0334929 709.025
16 530   -0.0100779 0.0304787 738.593
16 531   -0.00631643 0.0270849 733.917
16 532   -0.00890852 0.027338 756.71
16 535   -0.00105112 -0.0203325 746.097
16 536   -0.0361948 -0.0260256 819.703
16 537   -0.0330486 -0.0236604 872.602
16 564   0.00564313 0.0253626 683.165
16 566   0.00526758 0.0198585 702.685
16 567   0.00341072 0.0224389 696.283
16 585   0.00608675 -0.0236801 693.707
16 586   0.00111051 -0.0216714 717.428
16 587   0.00642512 -0.0186628 738.637
16 588   0.00286212 -0.0198296 724.771
16 589   0.00501188 -0.020937 711.448
16 590   0.00324254 -0.0176746 747.698
16 591   0.0053923 -0.0171518 765.922
16 592   0.00498101 -0.0148182 819.897
16 593   0.00597179 -0.0156563 806.008
16 594   0.00566892 -0.0133018 883.561
16 595   0.00665969 -0.0131492 897.665
16 597   0.00700461 -0.0150418 835.198
16 598   0.00700461 -0.014051 874.472
16 656   -0.0471508 0.0160749 799.912
16 657   -0.0473483 0.0129219 821.601
16 658   -0.0423483 0.0129219 872.019
16 659   -0.038638 0.0173295 916.577
16 660   -0.0432888 0.0167377 861.484
16 661   -0.0410128 0.015412 888.739
16 662   -0.0173278 -0.0304024 779.489
16 663   -0.0149517 -0.0334675 757.241
16 664   -0.0107426 -0.0293774 751.673
16 665   -0.0109288 -0.0321041 737.375
16 666   -0.0156385 -0.0240391 822.334
16 667   -0.0158029 -0.0275065 791.444
16 668   -0.0132405 -0.0278449 781.039
16 669   -0.013681 -0.0232408 835.43
16 670   -0.0124712 -0.0255141 809.968
16 672   -0.0124906 -0.0211367 864.256
16 673   -0.0242959 0.0325 779.947
16 674   -0.0288826 0.0295578 789.521
16 675   -0.0264539 0.0225 844.649
16 676   -0.0297965 0.0245578 846.466
16 677   -0.0222542 0.0247429 817.78
16 678   -0.0210101 0.0297429 788.707
16 679   -0.0144795 0.0242287 825.08
16 680   -0.0162237 0.0322429 764.564
16 681   -0.0137642 0.0292287 768.981
16 683   -0.0197406 0.0222429 827.246
16 684   -0.0166256 0.0222429 831.299
16 686   0.00520141 0.0141835 733.235
16 687   0.00415138 0.017684 712.089
16 688   0.00638379 0.0164672 719.982
16 689   0.00178517 0.0165448 715.521
16 690   -0.000714833 0.0174725 734.419
16 691   -0.00232138 0.016514 761.614
16 692   -0.000535691 0.013882 704.954
16 693   -0.00187466 0.0147848 732.963
16 694   -0.00467725 0.0139278 844.133
16 695   -0.00333674 0.0141986 762.318
16 696   -0.00430971 0.012614 815.09
16 697   -0.00500209 0.0130085 868.075
16 699   -0.00458271 0.0119071 848.489
16 854   0.0073249 -0.0105607 843.455
16 855   0.00722851 -0.0103767 773.434
16 856   0.00690881 0.0114181 829.861
16 857   0.00690881 0.0106792 861.88
16 870   -0.0371765 -0.0222651 927.363
16 871   -0.0380788 -0.0246303 849.049
16 872   -0.0403752 -0.02428 810.447
16 881   -0.00507603 -0.020342 883.002
16 882   -0.00290252 -0.0219123 768.842
16 883   -0.00375506 -0.0242467 746.772
16 884   -0.0411522 0.0249841 766.236
16 885   -0.0392142 0.0261835 771.231
16 888   0.0074036 -0.0102264 472.925
16 892   0.0073554 -0.0101344 313.562
16 893   0.0074518 -0.0100839 56.386
16 902   -0.0400692 0.0189997 921.003
16 903   -0.0423452 0.0186587 876.222
16 904   -0.0429315 0.0206733 827.249
16 905   -0.0396865 0.0216141 911.363
16 906   -0.0414108 0.0226249 839.095
16 908   -0.00132829 0.0128445 699.434
16 909   -0.00330471 0.0125237 723.946
16 910   -0.00265658 0.0131889 721.784
16 911   -0.005497 0.020547 904.875
16 912   -0.00425859 0.0222797 800.489
16 913   -0.00570001 0.0244584 776.915
16 919   -0.0510349 0.0324937 670.414
16 922   -0.0472075 0.0298564 680.789
16 923   -0.0442773 0.0323627 683.077
16 924   -0.010692 -0.0249392 820.585
16 925   -0.00848611 -0.0257243 785.455
16 926   -0.0107827 -0.0226659 865.939
16 927   -0.00914945 -0.0215292 901.548
16 928   -0.00645891 -0.0242056 810.092
16 929   -0.0070315 -0.0222838 892.454
16 955   -0.0461851 -0.0323752 676.886
16 976   -0.0501551 -0.00560881 844.162
16 979   -0.0485462 -0.015063 797.995
16 980   -0.0489827 -0.00958752 833.28
16 981   -0.0513276 -0.0115436 815.194
16 982   -0.0435734 -0.0112592 859.547
16 983   -0.0464196 -0.0116084 836.068
16 984   -0.0459831 -0.0146055 823.94
16 985   -0.0421368 -0.0129865 872.095
16 986   -0.043374 -0.0153548 860.687
16 987   -0.0396999 -0.0122645 883.242
16 988   -0.0387184 -0.0135917 891.133
16 989   -0.0423885 -0.0199314 861.233
16 990   -0.0420465 -0.0171662 880.952
16 991   -0.0390217 -0.0207322 937.684
16 992   -0.0405822 -0.021602 890.812
16 993   -0.0386093 -0.0180205 926.583
16 994   -0.0398278 -0.0161251 900.223
16 1010   0.00146288 -0.0262324 692.286
16 1011   0.00428938 -0.0271337 682.41
16 1012   -0.00270369 -0.0323725 691.922
16 1013   -0.00193542 -0.0289428 695.862
16 1016   0.00390524 -0.0337358 672.161
16 1017   0.000310481 -0.0337358 680.581
16 1018   0.000181991 0.0321503 680.858
16 1021   0.00567962 0.0322849 670.268
16 1022   0.00382275 0.0294352 676.146
16 1034   -0.00562128 0.0124988 899.225
16 1035   -0.00694748 0.012168 933.408
16 1036   -0.00645748 0.0126464 912.884
16 1037   -0.00521258 0.0119557 891.771
16 1038   -0.00543374 0.0114612 905.597
16 1039   -0.00719248 0.0113213 965.875
16 1040   -0.00602494 0.0114192 929.288
16 1041   -0.00663997 0.0116324 945.533
16 1042   -0.00696172 0.0109067 965.89
16 1043   -0.00653882 0.0107713 967.094
16 1044   -0.00615455 0.0109727 948.236
16 1105   -0.0505713 -0.0250073 693.823
16 1106   -0.0491092 -0.0299192 676.778
16 1107   -0.0510379 -0.032544 670.315
16 1120   -0.0345832 0.0210289 912.816
16 1121   -0.032983 0.0230868 882.509
16 1122   -0.034886 0.025297 847.591
16 1123   -0.0374552 0.0226395 917.355
16 1124   -0.0372414 0.0248497 850.734
16 1160   -0.00564707 0.0160813 884.934
16 1161   -0.00426328 0.0172031 846.738
16 1162   -0.0068081 0.0176785 911.672
16 1163   -0.00542431 0.0188003 905.462
16 1232   -0.00547565 -0.0154422 799.756
16 1233   -0.00536232 -0.0185478 880.51
16 1234   -0.00678744 -0.0172937 879.145
16 1253   0.000859495 0.013789 704.902
16 1254   0.00224329 0.0150419 713.239
16 1255   0.00342711 0.0138975 716.018
16 1257   0.00138451 0.0127515 702.617
16 1258   0.00270213 0.0125377 705.019
16 1265   -0.0333983 -0.0212201 899.727
16 1266   -0.0356422 -0.0212201 925.769
16 1273   -0.0114728 0.0229787 856.59
16 1274   -0.0101191 0.0209929 897.86
16 1275   -0.00958814 0.024838 818.858
16 1276   -0.00755763 0.0218593 917.452
16 1277   -0.00761526 0.0237185 851.618
16 1278   -0.00114361 -0.0174239 754.33
16 1279   -0.0032813 -0.0172095 782.348
16 1280   -0.00339463 -0.0157706 758.89
16 1282   -0.00316463 -0.0128278 702.755
16 1285   -0.002266 -0.0142033 718.701
16 1286   -0.00107779 -0.0135548 708.687
16 1340   0.00570262 -0.0324717 670.144
16 1341   0.00570262 -0.0299433 673.314
16 1359   0.00390614 -0.0150795 792.213
16 1360   0.00274715 -0.0164404 760.177
16 1361   0.000860998 -0.0163309 749.211
16 1362   0.000510754 -0.0146561 737.096
16 1364   0.00158854 -0.0133875 745.833
16 1365   0.00348565 -0.0124932 803.92
16 1366   0.00309777 -0.0137014 786.319
16 1411   -0.0169022 -0.0219349 831.305
16 1412   -0.0195722 -0.0219349 828.455
16 1489   -0.0499735 0.00560785 844.184
16 1490   -0.0499735 0.0106511 823.909
end
