706
52 309   0.00530494 0.00234795 795.922
52 310   -0.00260645 -0.0022237 810.211
52 311   0.00334777 0.00112036 796.338
52 312   -0.00462088 0.00126167 770.437
52 313   0.00143025 0.0044729 819.788
52 314   -0.00258449 0.00227868 782.841
52 315   -0.000627977 0.00115467 796.457
52 316   -0.000630427 -0.00102247 800.087
52 317   0.00134374 0.00224354 805.941
52 318   0.00331456 -0.00101937 781.233
52 319   0.00129408 -0.00424361 784.896
52 320   -0.00258325 0.00445604 774.314
52 321   0.00130809 -0.00207331 791.381
52 322   0.00354394 -0.00707915 758.313
52 323   -0.00670759 -0.0043719 823.658
52 324   0.00320005 -0.00509117 767.478
52 325   0.00512839 -0.00210679 760.987
52 326   -0.000511929 -0.00519908 805.831
52 327   -0.00247394 -0.00423001 831.298
52 328   0.00699993 0.00141188 756.386
52 329   0.00510205 0.00437767 840.628
52 330   0.00323138 0.00537944 857.428
52 331   0.00930257 0.00363674 740.184
52 332   0.00502788 -0.0040083 760.972
52 333   -0.00621017 0.00236542 751.589
52 334   0.000239125 -0.00815474 755.766
52 335   0.00873531 0.00505093 782.925
52 336   -0.000751701 -0.00681927 805.557
52 337   -0.00533373 -0.0054162 872.704
52 338   0.00847037 0.00211689 738.613
52 339   -0.00378149 -0.00529155 863.464
52 340   -0.00776962 0.00194829 729.382
52 341   0.00665085 -0.0015265 743.461
52 342   0.00718479 -0.000287545 737.878
52 343   0.00621829 0.00540874 864.05
52 344   -0.00238765 -0.00735052 868.21
52 345   0.00803416 -0.00423324 762.658
52 346   -0.00345542 -0.00679187 889.062
52 347   0.010719 0.00107571 700.937
52 348   0.00953156 0.000851235 710.841
52 349   0.00732437 0.0054982 848.427
52 350   0.0113677 -4.22935e-05 695.5
52 351   -0.00258815 -0.00855957 886.783
52 352   -0.00560884 -0.00684679 903.556
52 353   0.00780982 -0.00240798 727.616
52 354   -0.0112116 -0.000215509 699.444
52 355   -0.00858844 0.00318151 734.271
52 356   0.00493681 0.00740256 914.84
52 357   0.0093908 -0.000276256 706.665
52 358   0.00851447 -0.000710035 715.002
52 359   0.00827729 -0.0032892 739.63
52 360   -0.00452011 -0.0074161 911.057
52 361   0.00574275 0.00676259 901.873
52 362   -0.0108549 0.000734818 697.028
52 363   -0.00635657 -0.00746717 916.879
52 364   0.00729612 0.00689303 893.85
52 365   0.00868488 -0.00176753 711.136
52 366   0.00651539 0.00737977 913.082
52 367   -0.00353349 -0.00902317 937.52
52 368   -0.00463741 -0.00827913 936.896
52 369   0.0101651 -0.000968197 696.843
52 370   0.00376535 0.00917031 948.315
52 371   0.0109545 -0.000958707 692.631
52 372   0.00515077 0.00836851 946.789
52 373   0.00948308 -0.00211518 700.073
52 374   -0.00947154 0.0032581 704.633
52 375   0.00941186 -0.00339682 708.619
52 376   0.00642377 0.00821722 944.191
52 377   0.0097426 -0.00286325 695.589
52 378   -0.00604478 -0.00836858 950.698
52 379   -0.00986264 0.0027679 693.629
52 380   -0.00421867 -0.00880955 948.307
52 381   0.0100869 -0.00174963 693.289
52 382   -0.00541435 -0.00861124 957.753
52 383   0.00686579 0.00876965 961.526
52 384   0.0058651 0.00856599 958.345
52 385   0.00485444 0.00891845 961.796
52 386   -0.0114818 0.00123377 692.655
52 387   0.00445425 0.00912321 961.855
52 388   -0.00540879 -0.00922209 968.731
52 389   0.0106199 -0.00211051 685.529
52 390   0.0103508 -0.0029279 684.537
52 391   0.0112721 -0.00157981 687.502
52 392   0.00593229 0.00915638 968.645
52 393   0.00636812 0.0094045 953.948
52 394   -0.00462455 -0.0093394 968.367
52 395   -0.0103339 0.00301412 684.989
52 396   0.0110156 -0.00195018 684.349
52 397   0.0106242 -0.00254072 682.179
52 398   -0.00503773 -0.00941984 966.874
52 399   0.00465094 0.00970117 963.575
52 400   -0.00433874 -0.00989984 964.526
52 401   0.00674295 0.00936653 955.473
52 402   0.00632091 0.00979549 894.016
52 403   0.00525914 0.00934831 967.758
52 404   0.0106376 -0.00317352 679.671
52 405   0.00562267 0.00938877 961.497
52 406   -0.0104917 0.00324836 681.859
52 407   -0.00455202 -0.00970215 966.137
52 408   0.0116108 -0.00172879 686.104
52 409   0.00596029 0.00989884 869.775
52 410   0.00497539 0.00983623 926.93
52 411   0.0051834 0.00968814 940.952
52 412   -0.0106245 0.0026387 682.312
52 413   0.00569787 0.00974023 910.327
52 414   -0.00510938 -0.00978545 930.162
52 415   0.00588929 0.0101848 802.121
52 416   -0.00533891 -0.00998457 860.318
52 417   0.0112744 -0.00221573 680.494
52 418   0.0109617 -0.0026683 677.325
52 419   0.0047576 0.0103426 829.16
52 420   -0.00486341 -0.00990854 927.04
52 421   0.00544355 0.00987941 883.152
52 422   0.0054361 0.0101217 810.374
52 423   0.0115134 -0.00209726 682.037
52 424   0.0109669 -0.00292556 675.557
52 425   -0.0108414 0.00274605 678.73
52 426   -0.0115757 0.00226452 682.449
52 427   0.00561942 0.0102685 767.562
52 428   -0.00491187 -0.0101448 860.432
52 429   -0.0110128 0.00304065 674.644
52 430   -0.0108084 0.00300134 677.576
52 431   0.00495674 0.010319 796.135
52 432   0.00505005 0.0101229 844.278
52 433   -0.00479666 -0.010292 836.3
52 434   -0.01105 0.00266762 677.172
52 435   0.011197 -0.00295968 672.522
52 436   0.0112731 -0.00243673 677.707
52 437   0.0111699 -0.00257785 676.333
52 438   0.00525062 0.0102171 790.808
52 439   -0.00527744 -0.0102066 794.591
52 440   -0.0115126 0.00245849 679.381
52 441   0.011629 -0.00225773 680.565
52 442   -0.00509637 -0.0102438 800.284
52 443   -0.00491019 -0.0104815 757.924
52 444   0.00508979 0.0104705 703.047
52 445   0.00558967 0.0104488 678.944
52 446   0.0052489 0.0103942 716.353
52 447   0.0113224 -0.00271103 673.619
52 448   0.0113443 -0.0028356 671.836
52 449   -0.00511629 -0.0104014 742.53
52 450   0.0114459 -0.00251685 676.317
52 451   -0.00504532 -0.0104919 706.142
52 452   0.0116154 -0.00245262 678.128
52 453   0.00546078 0.0104895 592.041
52 454   0.00510484 0.010594 547.616
52 455   0.0115584 -0.00252096 676.768
52 456   0.00533788 0.0104747 615.296
52 457   0.0114394 -0.00265192 674.166
52 458   -0.0116275 0.00256489 678.892
52 459   0.00546411 0.0105995 410.42
52 460   -0.00509897 -0.0106003 549.86
52 461   0.0114643 -0.00287404 670.284
52 462   0.0115263 -0.0026958 673.687
52 463   0.00522213 0.010616 407.217
52 464   0.00529605 0.0105729 455.326
52 465   0.0115991 -0.00263905 675.382
52 466   -0.00518035 -0.0106072 464.459
52 467   0.00536689 0.0106256 326.431
52 468   -0.0115951 0.00270733 676.474
52 469   0.0115262 -0.00282474 670.883
52 470   -0.0116209 0.00265765 677.646
52 471   0.01155 -0.00276327 672.528
52 472   0.00523489 0.0106837 234.164
52 473   0.0116485 -0.00267771 675.532
52 474   -0.00520139 -0.0106697 319.61
52 475   0.0115807 -0.00285475 670.239
52 476   -0.00525222 -0.010679 226.693
52 477   -0.00529083 -0.0106593 253.942
52 478   -0.0116408 0.0027594 677.307
52 479   0.00528738 0.0106929 128.314
52 480   -0.00525927 -0.0107134 98.3646
52 481   0.00528918 0.0107265 36.2176
52 482   -0.0116555 0.00284454 854.105
52 497   0.00785051 0.00841083 917.183
52 498   0.00735821 0.00876855 955.222
52 515   0.00500997 -0.00760238 778.937
52 516   0.00598708 -0.0069092 760.208
52 517   -0.00401282 0.00559977 764.134
52 518   -0.0039103 0.0074777 758.499
52 519   -0.00493515 0.00795697 781.127
52 520   -0.00591226 0.0072638 763.355
52 544   0.000161885 0.00558803 797.95
52 545   -0.00124233 0.00553475 778.09
52 546   0.000502511 0.00725646 790.458
52 547   0.000237427 0.00937094 725.065
52 548   -0.000538147 -0.00926428 733.968
52 619   -0.00395388 -0.00985694 968.418
52 620   -0.00349827 -0.00964449 957.002
52 633   0.0053283 0.0106903 110.614
52 634   0.00536444 0.0106803 153.085
52 667   0.0035809 0.00972174 961.036
52 670   0.00400422 0.00991914 969.377
52 671   0.00447611 0.0102114 921.968
52 672   0.00438536 0.00994566 960.489
52 679   0.00957611 0.00604711 788.695
52 733   -0.00602028 0.00395619 757.337
52 734   -0.00518644 0.00509614 762.616
52 735   -0.00606103 0.00628089 758.582
52 737   -0.00715219 0.0058503 769.989
52 738   -0.00823804 0.00428646 767.188
52 739   -0.00722933 0.00464401 761.78
52 793   0.0116077 -0.00275887 673.632
52 794   0.0116335 -0.00273006 674.701
52 795   0.0116545 -0.00275524 675.114
52 796   0.0116409 -0.00278093 674.573
52 797   0.0116167 -0.00278716 673.338
52 798   0.0116125 -0.00283092 671.84
52 799   0.0116143 -0.00281221 672.674
52 800   0.0116295 -0.00284344 671.957
52 803   -0.00531528 -0.0107554 2.74517
52 806   -0.0111617 0.00279752 674.607
52 807   -0.0111576 0.00291526 673.489
52 808   -0.0113198 0.00293894 671.428
52 809   -0.0112867 0.00278068 673.683
52 810   -0.0113612 0.00286173 671.858
52 811   -0.00428778 -0.00170504 799.613
52 812   -0.00499297 -0.000422126 777.007
52 813   -0.00629751 -0.00279943 791.367
52 814   -0.00873322 -0.00155793 731.388
52 815   -0.00732644 -0.0021052 762.623
52 816   -0.00667897 -0.000927847 759.015
52 817   -0.00806968 0.000880406 723.839
52 818   -0.00861285 -0.000427666 723.032
52 819   -0.00755866 -0.000333483 738.873
52 820   -0.0100945 0.000930747 699.519
52 821   -0.00923359 0.000426526 709.802
52 822   -0.00901415 0.00114592 709.5
52 823   -0.0101175 0.0015292 695.851
52 824   -0.0098297 0.00217479 695.727
52 825   -0.00956425 0.00169728 701.028
52 826   -0.0106174 0.00236735 684.593
52 827   -0.010472 0.00186376 690.464
52 828   -0.0102939 0.00214965 689.829
52 829   -0.0115858 0.00180884 687.712
52 830   -0.0113053 0.00168382 688.672
52 831   -0.0114446 0.00207276 684.298
52 832   -0.0108085 0.00191935 687.379
52 833   -0.0110378 0.00183891 687.235
52 834   -0.0108212 0.00218418 684.51
52 835   -0.010999 0.00219838 683.264
52 836   -0.0111266 0.00199605 685.233
52 837   -0.0112529 0.00210489 683.667
52 838   -0.0110935 0.00251258 678.713
52 839   -0.011195 0.00228058 681.43
52 840   -0.0110557 0.00233385 681.287
52 841   -0.0113805 0.00247794 678.416
52 842   -0.0112455 0.00239715 679.696
52 843   -0.01122 0.00252146 677.932
52 844   -0.0113342 0.00271337 674.453
52 845   -0.0114005 0.0025938 676.529
52 846   -0.0113096 0.00261069 676.241
52 847   -0.0115369 0.00270784 675.24
52 848   -0.0114678 0.00266762 675.431
52 849   -0.0114142 0.00272504 674.091
52 850   -0.0115074 0.00287594 670.621
52 851   -0.0114405 0.00284922 671.506
52 852   -0.011446 0.00277984 672.944
52 853   -0.0115288 0.00283396 671.706
52 854   -0.0115046 0.00277838 673.119
52 855   -0.0115419 0.00276379 673.994
52 856   -0.0115713 0.00280164 673.523
52 857   -0.0115608 0.00283711 671.911
52 858   -0.0116267 0.00279085 676.781
52 859   -0.0115995 0.00280518 674.514
52 862   -0.0116481 0.00280344 678.853
52 871   -0.00823968 -0.00484995 801.812
52 872   -0.00993038 -0.00559448 756.788
52 873   -0.00812414 -0.00595184 843.214
52 874   -0.00907301 -0.00608249 810.366
52 875   -0.00706328 -0.00731432 906.249
52 876   -0.00757386 -0.00675152 885.792
52 877   -0.00733324 -0.00791856 917.961
52 878   -0.00803695 -0.00848946 910.525
52 879   -0.00793533 -0.00797442 901.805
52 880   -0.00741895 -0.0089857 962.021
52 881   -0.00761332 -0.00855041 933.538
52 882   -0.00725641 -0.00831677 935.023
52 883   -0.00655207 -0.00870283 961.309
52 884   -0.00700618 -0.00854636 951.483
52 885   -0.00711791 -0.00895777 965.498
52 886   -0.00647011 -0.00904518 969.258
52 887   -0.0068575 -0.0091833 968.08
52 888   -0.00676123 -0.00949932 942.302
52 971   -0.00311035 0.00838869 740.509
52 973   -0.00187195 0.00758947 755.051
52 974   -0.000937774 0.00928268 739.828
52 975   -0.000858454 0.00818051 752.927
52 988   0.0015101 -0.00864769 747.557
52 989   0.00266918 -0.00834474 741.925
52 1001   0.00308674 0.00869828 911.18
52 1002   0.00140957 0.00775766 815.534
52 1003   0.00287007 0.00699576 876.986
52 1004   0.00374663 0.00752504 902.324
52 1005   0.00102845 0.00903885 748.008
52 1006   0.00141916 0.00850109 796.206
52 1007   0.00221977 0.00891244 850.18
52 1009   0.00212689 0.0094186 776.615
52 1010   0.00153123 0.0094818 741.801
52 1012   0.00900311 0.00687568 848.269
52 1015   0.00828766 0.00795578 896.46
52 1016   0.00813407 0.00727433 887.791
52 1089   -0.009061 -0.00694277 849.432
52 1090   -0.00842278 -0.0077775 891.548
52 1091   -0.00833127 -0.00715884 880.452
52 1098   -0.0020273 -0.00910626 794.696
52 1099   -0.00143164 -0.00916947 755.57
52 1287   0.00534772 0.0107208 34.1192
52 1338   -0.00444191 -0.0102101 930.097
52 1339   -0.00462793 -0.0102968 874.132
52 1347   0.0110582 0.00213747 705.826
52 1348   0.010703 0.00343285 720.935
52 1376   0.00719152 -0.00476817 761.154
52 1377   0.00617517 -0.00484417 758.437
52 1378   0.00630192 -0.00610368 756.714
52 1381   0.0074855 -0.00577921 774.646
52 1382   0.00715104 -0.00627615 770.317
52 1535   -0.00974923 -0.00377825 740.099
52 1536   -0.0104911 -0.00439213 728.361
52 1537   -0.0110738 -0.00142731 703.041
52 1538   -0.00997651 -0.00211147 719.521
52 1594   -0.00580513 -0.00943209 958.17
52 1595   -0.00618016 -0.00929213 965.855
52 1596   -0.00630485 -0.00983023 891.732
52 1597   -0.00641541 -0.00954056 941.761
52 1598   -0.00557205 -0.0099377 864.419
52 1599   -0.00575515 -0.00972021 917.848
52 1600   -0.00601961 -0.00986992 881.595
52 1601   -0.00571147 -0.0100945 819.812
52 1602   -0.00595228 -0.0102118 804.129
52 1603   -0.00593613 -0.0100564 837.28
52 1604   -0.00569521 -0.0104194 722.759
52 1605   -0.00567377 -0.0102266 784.766
52 1606   -0.00578147 -0.0102733 781.365
52 1607   -0.00558083 -0.0103152 754.54
52 1608   -0.0055942 -0.0104303 696.258
52 1609   -0.00537175 -0.0103144 756.033
52 1610   -0.00547969 -0.0103377 741.982
52 1611   -0.00551535 -0.0104832 628.254
52 1612   -0.00539132 -0.0104514 651.074
52 1613   -0.00545469 -0.010414 694.303
52 1614   -0.00541 -0.0105177 554.738
52 1615   -0.00547282 -0.0106097 405.194
52 1616   -0.00548005 -0.0105378 537.901
52 1617   -0.00521839 -0.0104288 702.641
52 1618   -0.00529277 -0.010379 728.101
52 1619   -0.00533735 -0.0104397 668.291
52 1620   -0.00521859 -0.0105568 528.322
52 1621   -0.00523048 -0.0104898 634.407
52 1622   -0.00529546 -0.0104891 612.134
52 1623   -0.00529365 -0.0106176 370.169
52 1624   -0.00526649 -0.0105744 473.023
52 1625   -0.00530067 -0.0105378 532.68
52 1626   -0.00533865 -0.0105552 490.693
52 1627   -0.00538381 -0.0105542 486.396
52 1628   -0.00533332 -0.0105987 398.803
52 1629   -0.00536538 -0.0106159 361.159
52 1630   -0.00541775 -0.0106251 349.286
52 1631   -0.00539878 -0.0105896 422.316
52 1632   -0.00538871 -0.0106884 125.442
52 1633   -0.00536945 -0.0106465 278.348
52 1634   -0.00539924 -0.0106562 258.392
52 1635   -0.00532456 -0.0106783 162.198
52 1636   -0.00535403 -0.0106666 207.243
52 1637   -0.0053638 -0.0106908 113.197
52 1638   -0.00535417 -0.0107134 47.552
52 1639   -0.00533561 -0.0107299 13.6562
52 1640   -0.0053199 -0.0107003 88.0957
52 1641   -0.00533974 -0.0107112 52.9122
52 1642   -0.00531889 -0.0107401 6.30962
52 1643   -0.00532659 -0.0107364 8.7659
52 1645   -0.00530827 -0.0107371 9.46379
52 1648   -0.00530065 -0.0107192 40.9754
52 1649   -0.00528351 -0.0107247 37.9381
52 1655   0.00531203 0.0107289 19.2639
52 1656   0.00532965 0.0107257 21.9947
52 1657   0.00531861 0.0107543 3.49492
52 1660   0.00530911 0.0107428 7.84344
52 1661   0.00531814 0.0107459 5.71448
52 1662   0.0116509 -0.00280088 675.26
52 1663   0.0116552 -0.00282239 677.267
52 1664   0.0116317 -0.0028159 673.726
52 1665   0.0116442 -0.00281079 675.046
52 1666   0.0116488 -0.00282936 676.786
52 1667   0.0116364 -0.00283594 673.389
52 1668   0.0116368 -0.00282711 674.026
52 1669   0.011658 -0.00283797 686.424
52 1670   0.0116454 -0.00284067 674.518
52 1671   0.0116516 -0.00283664 678.687
52 1679   -0.0115839 0.00285838 671.331
52 1683   -0.0116065 0.00282488 674.168
52 1684   -0.0116013 0.00284261 672.692
52 1685   -0.0116257 0.00284654 673.942
52 1686   -0.0116404 0.00281628 678.985
52 1687   -0.0116261 0.00282339 676.284
52 1688   -0.0116357 0.00283422 678.453
52 1691   -0.011656 0.00283723 748.952
52 1692   -0.0116497 0.0028317 693.464
52 1693   -0.0116519 0.00282263 682.94
52 1720   0.00532717 0.0107438 6.36596
52 1721   0.00533575 0.0107376 9.20429
16 1   -0.044978 0.00332891 909.11
16 2   -0.0451567 -0.0028501 908.971
16 3   -0.039978 0.00832554 914.21
16 4   -0.0477766 -0.0217741 799.452
16 5   -0.0397913 -0.032301 748.268
16 6   -0.0411381 -0.00636231 911.252
16 7   -0.00181312 0.0290282 731.284
16 8   0.00227811 -0.0240105 716.088
16 9   -0.0434939 -0.0296588 720.318
16 10   -0.0497142 -0.0177496 853.899
16 11   0.0056501 -0.0222003 707.938
16 12   -0.0384814 -0.00705925 914.125
16 13   -0.000802485 0.0243433 796.866
16 14   0.00191345 0.0225115 792.901
16 15   0.00425163 -0.0184128 732.005
16 16   0.00610153 -0.0161178 739.228
16 17   -0.00115454 -0.0215594 820.782
16 18   0.00454383 0.0225174 767.308
16 19   0.00138648 -0.0173026 757.389
16 20   -0.0006477 -0.0186391 830.184
16 21   0.000571616 0.0181202 879.231
16 22   0.00225584 0.0193717 864.035
16 23   0.00491914 -0.0136455 738.104
16 24   -0.00653935 -0.0175088 966.358
16 25   0.000548853 0.0143354 877.227
16 26   0.00157211 0.0158096 895.587
16 27   -0.00283716 -0.0174228 903.19
16 28   -0.00305219 -0.01572 908.035
16 29   -0.00579283 -0.0156534 961.522
16 30   -0.00444051 -0.0152162 943.322
16 31   0.00605336 0.0130739 955.702
16 32   -0.00428805 -0.0139861 949.85
16 33   0.00501752 0.0130267 964.577
16 34   -0.00491576 -0.0135071 967.026
16 35   -0.00565423 -0.0136407 969.07
16 36   -0.00724234 -0.0121925 853.827
16 37   -0.00686769 -0.0128784 925.635
16 38   -0.00584534 -0.0128866 947.313
16 39   -0.00631229 -0.0126252 910.816
16 40   -0.00434421 -0.012355 965.664
16 41   -0.00480198 -0.0127519 967.348
16 42   -0.0068657 -0.0116886 810.242
16 43   -0.00535969 -0.0124629 929.839
16 44   0.00573732 0.0117547 793.57
16 45   -0.00536068 -0.0119649 852.226
16 46   0.00674038 0.0112743 781.012
16 47   -0.00504871 -0.0116955 815.746
16 48   0.00635427 0.0107703 786.002
16 49   -0.00514603 -0.0113726 737.762
16 50   0.00540566 0.0112333 636.077
16 502   0.00572642 -0.0120935 762.959
16 503   -0.00572703 0.0139525 799.06
16 504   -0.00454465 0.0132411 738.811
16 505   -0.00513523 0.0119044 727.832
16 507   0.00717242 0.0110016 769.883
16 508   0.00733761 0.0103051 579.683
16 511   0.00701003 0.0106467 762.492
16 512   0.00668525 0.0105969 798.244
16 513   -0.0443147 -0.0225038 853.045
16 514   -0.0429624 -0.0254745 818.983
16 530   -0.00994985 -0.0304355 829.859
16 531   -0.00730289 -0.0334785 757.808
16 532   -0.00855773 -0.0271983 866.072
16 533   -0.00565164 -0.0268099 831.097
16 537   -0.049779 0.0184217 843.369
16 539   -0.0473123 0.0259428 724.848
16 540   -0.0511395 0.0239928 727.188
16 541   -0.0484185 0.0211728 806.934
16 542   -0.0440383 0.0244675 819.694
16 543   -0.0451444 0.0217781 854.466
16 549   -0.0410092 0.0310458 739.558
16 550   -0.0391971 0.0336819 745.486
16 551   -0.0387243 0.0282557 838.809
16 564   -0.035877 -0.025378 907.066
16 565   -0.0345385 -0.0210257 951.647
16 566   -0.0328819 -0.023077 920.927
16 569   0.00152891 0.0128977 900.494
16 584   -0.0139354 0.0320153 861.363
16 587   -0.00503228 0.0303712 766.824
16 588   -0.00740294 0.0334571 773.893
16 589   -0.0101674 0.0304724 842.695
16 590   -0.0065205 0.0273359 847.719
16 591   -0.00907306 0.0274371 871.527
16 594   0.00484508 0.0123478 923.306
16 595   0.00534245 0.0118512 812.263
16 596   0.00505401 0.0120423 861.295
16 597   0.00479553 0.0117489 820.401
16 598   0.00528742 0.0113732 705.578
16 599   0.0052048 0.0115725 765.898
16 600   0.00498106 0.0115537 774.097
16 602   0.00514475 0.011312 689.739
16 603   0.00498261 0.011397 740.113
16 635   -0.0242346 -0.0325 881.721
16 636   -0.0296838 -0.0245513 906.491
16 637   -0.02633 -0.0225 904.919
16 638   -0.0209027 -0.0297285 886.399
16 639   -0.0220891 -0.0247285 897.722
16 640   -0.0136211 -0.0291855 870.773
16 641   -0.0161462 -0.0322285 865.303
16 642   -0.0142672 -0.0241855 902.76
16 644   -0.0195418 -0.0222285 900.438
16 645   -0.0164155 -0.0222285 903.12
16 660   -0.00186227 0.0185614 881.02
16 661   -0.00305011 0.0165593 855.477
16 662   -0.00474746 -0.0117141 853.167
16 663   -0.00443244 -0.0118792 924.36
16 677   -0.00349065 -0.0222178 890.196
16 678   -0.00488304 -0.0241157 886.23
16 688   -0.0471575 0.0161464 890.112
16 689   -0.0473565 0.0130747 898.206
16 690   -0.0423565 0.0130747 915.511
16 691   -0.0386395 0.0173372 955.841
16 692   -0.043297 0.016817 911.864
16 693   -0.041018 0.0154758 926.5
16 721   -0.00202481 -0.0148311 875.417
16 722   -0.00343781 -0.0136191 923.307
16 723   -0.0025629 -0.0139603 893.544
16 724   -0.00207403 -0.0131914 847.448
16 726   -0.00255026 -0.0125103 872.191
16 727   -0.00369272 -0.0123053 946.409
16 728   -0.00327834 -0.0127967 918.126
16 777   -0.0501567 -0.00540454 906.127
16 780   -0.0485426 -0.0149518 889.412
16 781   -0.0489851 -0.00936271 902.975
16 782   -0.0513284 -0.0114531 896.244
16 783   -0.0435736 -0.0108717 909.605
16 784   -0.0464205 -0.0113177 903.772
16 785   -0.045978 -0.0144051 900.471
16 786   -0.0421346 -0.0126888 913.676
16 787   -0.0433674 -0.0151769 910.304
16 788   -0.0396991 -0.011842 918.778
16 789   -0.0387177 -0.0133332 926.1
16 866   -0.00733179 -0.0103183 627.395
16 899   0.00690881 -0.0120562 802.818
16 900   0.00690881 -0.0108919 853.298
16 902   -0.00690881 0.0129714 822.034
16 903   -0.00631762 0.0119504 787.884
16 904   -0.00690881 0.0109752 841.586
16 910   -0.0370266 -0.0219463 955.664
16 911   -0.0378885 -0.0242474 919.946
16 912   -0.0402549 -0.0240374 905.158
16 931   -0.00292281 0.0203953 896
16 932   -0.00286514 0.0228941 875.256
16 933   -0.00529242 0.0200802 937.253
16 934   -0.005364 0.0245436 889.958
16 935   -0.041154 0.0249976 880.534
16 936   -0.0392128 0.0261884 883.071
16 946   -0.0400722 0.0190154 955.964
16 947   -0.0423512 0.0186899 919.861
16 948   -0.0429377 0.0207052 903.62
16 949   -0.039688 0.0216261 942.045
16 950   -0.0414139 0.0226452 909.385
16 964   -0.000980367 0.0142374 808.975
16 965   -0.00229859 0.0150505 806.128
16 966   -0.00329495 0.0135059 732.844
16 967   -0.00131792 0.0127996 724.258
16 968   -0.00263554 0.0125858 707.509
16 982   0.00128714 -0.0151909 740.263
16 983   0.00296991 -0.0138287 713.505
16 984   -0.00032637 -0.0146832 766.63
16 985   3.87834e-05 -0.0135349 722.673
16 986   0.00120957 -0.0129073 698.932
16 987   0.00252719 -0.0126935 700.14
16 1022   -0.0510348 0.0324945 672.073
16 1025   -0.0472076 0.0298583 691.596
16 1026   -0.0442772 0.0323638 696.853
16 1037   -0.0423594 -0.0198111 915.116
16 1038   -0.042039 -0.0170554 920.451
16 1039   -0.038962 -0.0205858 929.368
16 1040   -0.0405001 -0.0214015 942.252
16 1041   -0.0386071 -0.0179985 961.105
16 1042   -0.0398248 -0.0160585 938.164
16 1043   -0.0100023 -0.0209785 946.1
16 1044   -0.0112803 -0.0229355 915.287
16 1045   -0.00924217 -0.0246983 905.157
16 1046   -0.00732504 -0.0217628 944.401
16 1047   -0.00715008 -0.0235256 920.238
16 1053   -0.0461668 -0.0323578 684.354
16 1061   -0.00418833 -0.0187069 930.063
16 1062   -0.00575568 -0.018842 959.331
16 1063   -0.00433497 -0.0205816 928.693
16 1064   -0.00590232 -0.0207167 948.281
16 1070   0.00670131 0.0138054 968.093
16 1076   0.00706796 0.0116235 801.697
16 1078   0.00642001 0.0119519 832.116
16 1079   0.00685205 0.012401 888.341
16 1107   -0.0345927 0.021028 951.972
16 1108   -0.0329893 0.0230841 921.981
16 1109   -0.0348795 0.0252941 909.385
16 1110   -0.0374536 0.0226426 951.672
16 1111   -0.0372383 0.0248526 912.642
16 1113   0.00231244 -0.0275425 694.697
16 1114   0.00568444 -0.0309739 673.532
16 1115   -0.00290129 -0.0321365 709.171
16 1116   -0.00264216 -0.0287051 728.513
16 1119   0.00386887 -0.033658 673.71
16 1120   0.000237748 -0.033658 686.708
16 1121   0.000219327 0.032114 694.561
16 1148   -0.0505624 -0.0249868 716.159
16 1150   -0.0490972 -0.0299008 683.385
16 1151   -0.0510348 -0.032543 671.896
16 1168   0.00568086 0.0250957 712.076
16 1170   0.00567949 0.0326605 672.177
16 1171   0.00386035 0.0297746 684.949
16 1228   -0.000841385 -0.0129673 735.214
16 1229   -0.00150019 -0.0128604 775.877
16 1252   -0.0117872 0.0230229 909.74
16 1253   -0.00973753 0.0249877 901.766
16 1254   -0.00708456 0.0216724 945.084
16 1255   -0.0072138 0.0236371 912.477
16 1266   -0.031468 -0.0335257 854.558
16 1267   -0.0294676 -0.028077 892.52
16 1268   -0.0280819 -0.0310257 881.959
16 1269   -0.0355569 -0.027878 882.525
16 1270   -0.0365732 -0.0308267 821.724
16 1271   -0.0323455 -0.0291027 882.55
16 1272   -0.0333618 -0.0320513 847.299
16 1327   -0.0146908 0.0220153 905.111
16 1384   0.00430208 0.0118515 874.9
16 1385   0.00457803 0.0117069 830.241
16 1412   -0.00695515 -0.0112519 784.835
16 1413   -0.00733179 -0.011009 769.304
16 1414   -0.00682717 -0.0105827 790.704
16 1415   -0.00716359 -0.0106367 756.138
16 1416   -0.00627779 -0.0107783 789.686
16 1417   -0.00663885 -0.0108193 789.539
16 1418   -0.00659863 -0.0111162 783.064
16 1419   -0.00608219 -0.0112975 762.698
16 1420   -0.00616125 -0.0109773 766.97
16 1421   -0.00631388 -0.0111731 773.97
16 1422   -0.00595904 -0.0110157 742.168
16 1423   -0.00590009 -0.0111875 736.283
16 1425   -0.00582723 -0.0109469 720.529
16 1436   -0.00639967 -0.0118267 818.92
16 1437   -0.00622091 -0.0120773 848.872
16 1438   -0.00606912 -0.0115207 780.522
16 1439   -0.00585094 -0.011606 783.259
16 1440   -0.00562615 -0.0118006 810.632
16 1441   -0.00588375 -0.0118808 822.942
16 1442   -0.00566104 -0.0114912 762.459
16 1443   -0.00552564 -0.0115605 773.299
16 1444   -0.00535748 -0.0114018 736.255
16 1445   -0.00560883 -0.0113422 726.969
16 1446   -0.00538415 -0.011179 630.376
16 1447   -0.00543407 -0.0112929 695.656
16 1448   -0.00560982 -0.0111312 657.67
16 1449   -0.00566187 -0.0112448 704.428
16 1450   -0.00575016 -0.0111986 708.756
16 1451   -0.00567208 -0.0110282 663.533
16 1452   -0.00575361 -0.0110559 694.725
16 1454   -0.00553965 -0.0110976 621.977
16 1455   -0.00547408 -0.0111319 617.923
16 1475   0.00636297 0.0199262 833.214
16 1478   0.00676163 0.017496 899.365
16 1479   0.00414786 0.018305 882.323
16 1480   0.0056246 0.0188537 870.477
16 1481   0.00599309 0.0166126 911.749
16 1482   0.00451635 0.0168622 904.482
16 1483   0.00673147 0.0155306 936.548
16 1484   0.00593277 0.0148364 949.589
16 1485   0.00473356 0.0149919 937.684
16 1486   0.00319415 0.0153008 914.498
16 1487   0.00405551 0.0159357 914.269
16 1488   0.00454794 0.0135334 964.609
16 1489   0.00438457 0.0142941 948.294
16 1490   0.00355337 0.0142682 934.24
16 1491   0.00403198 0.0131436 964.13
16 1492   0.00343792 0.0135869 944.131
16 1493   0.00271426 0.0130383 929.486
16 1494   0.00283236 0.0123734 938.382
16 1495   0.00390098 0.0126654 967.92
16 1496   0.00342503 0.0124437 959.742
16 1497   0.00424451 0.0123762 958.3
16 1498   0.00409796 0.012101 930.307
16 1500   0.00372201 0.0120625 969.168
16 1501   0.0033926 0.012116 961.412
16 1528   -0.0242685 0.0325 882.888
16 1529   -0.0221386 0.0225 900.493
16 1530   -0.0264267 0.0225 905.087
16 1531   -0.0297896 0.0245561 906.739
16 1532   -0.0185105 0.0245153 898.021
16 1533   -0.0187104 0.0295153 885.968
16 1548   -0.049978 0.00577447 905.942
16 1549   -0.049978 0.0107711 899.316
16 1553   -0.00929224 0.0210076 947.193
16 1554   -0.0114712 0.0210076 921.931
16 1556   -0.00641063 0.0184142 928.326
16 1559   -0.00522885 0.0167273 879.957
16 1560   -0.00631823 0.0153094 854.178
16 1566   -0.0315044 0.033528 855.077
16 1567   -0.0295753 0.0280841 892.811
16 1568   -0.0281423 0.031028 882.628
16 1569   -0.0348076 0.03221 827.112
16 1570   -0.0333613 0.0277941 891.973
16 1571   -0.0352316 0.0294199 860.743
16 1572   -0.00712536 -0.0135783 959.656
16 1574   -0.00675348 -0.0148653 968.787
16 1575   -0.00637884 -0.0140791 969.359
16 1672   0.00574753 0.0110514 672.787
16 1673   0.00585442 0.0113976 747.519
16 1674   0.00588382 0.01098 720.959
16 1675   0.00567213 0.0110909 647.964
16 1676   0.0056191 0.0112546 685.416
16 1677   0.00614819 0.0110114 758.049
16 1678   0.00620953 0.0112456 762.622
end
