704
16 229   -0.0449783 0.00325747 931.597
16 230   -0.0451577 -0.00292441 931.497
16 231   -0.0477774 -0.0217781 851.813
16 232   -0.0397909 -0.0323015 795.779
16 233   -0.0411403 -0.006449 935.102
16 234   -0.00181732 0.0290213 775.563
16 235   0.00223355 -0.0239928 748.5
16 236   -0.0434939 -0.0296599 754.835
16 237   -0.0161192 0.0220157 925.351
16 238   -0.0497149 -0.0177531 892.863
16 239   0.00560963 -0.022165 726.033
16 240   -0.0384826 -0.00713925 938.902
16 241   -0.000794698 0.0243097 863.152
16 242   0.00190864 0.0224723 859.425
16 243   -0.00121607 -0.0215643 882.115
16 244   0.00452773 0.0224972 828.945
16 245   0.00105182 -0.01722 823.005
16 246   0.000708303 0.0178863 910.798
16 247   -0.000781265 -0.0187538 890.374
16 248   0.00220457 0.0193619 903.458
16 249   -0.00656918 -0.0176979 959.355
16 250   -0.00296008 -0.017609 938.613
16 251   -0.0032329 -0.0159366 949.773
16 252   0.00157039 0.0158451 927.781
16 253   -0.00686979 -0.014739 953.047
16 254   -0.00593897 -0.0159738 968.808
16 255   0.00312843 0.0154237 950.243
16 256   -0.00242962 -0.01487 936.444
16 257   0.00107042 0.0146466 931.66
16 258   -0.00139823 -0.0146218 905.321
16 259   -0.00466141 -0.0154553 968.765
16 260   -0.00599125 -0.0137917 938.409
16 261   -0.00581857 -0.0129135 891.721
16 262   0.00316258 0.0141481 966.187
16 263   -0.00471369 -0.0142718 967.773
16 264   0.00222475 0.0137724 961.006
16 265   0.0047102 0.0136569 958.801
16 266   -0.00401164 -0.0136926 967.938
16 267   -0.00315608 -0.0138095 962.902
16 268   0.00382582 0.0135631 965.553
16 269   0.00230673 0.0128913 967.941
16 270   0.00553243 0.0125911 867.657
16 271   0.00574931 0.011345 789.479
16 272   0.00171915 0.0125991 964.511
16 273   0.00491382 0.0129099 902.81
16 274   -0.00414934 -0.0129231 943.459
16 275   -0.00239572 -0.0127958 953.467
16 276   0.00528945 0.0118856 809.361
16 277   -0.00467872 -0.012624 890.763
16 278   -0.00288439 -0.0131027 964.486
16 279   0.00362031 0.0128307 929.503
16 280   -0.00505586 -0.011591 803.264
16 281   0.00468414 0.011775 783.969
16 282   -0.00444625 -0.0120893 823.513
16 283   0.00286394 0.0125243 948.044
16 284   0.00440709 0.0125012 856.669
16 285   -0.0036769 -0.0125641 938.054
16 286   -0.0032675 -0.0126269 965.283
16 287   0.00324512 0.0126026 924.343
16 288   -0.00463129 -0.0118134 799.111
16 289   0.00399796 0.0125158 871.06
16 290   0.00442038 0.0120718 794.131
16 291   -0.002539 -0.0122478 965.845
16 292   -0.00374155 -0.0121673 882.515
16 293   -0.00315223 -0.0122593 950.038
16 294   0.00390935 0.0121398 816.275
16 295   -0.0029124 -0.0121872 964.013
16 296   0.00334927 0.0121981 855.744
16 297   0.00286931 0.0121358 904.987
16 298   0.00373495 0.0120341 822.525
16 299   -0.00391015 -0.012029 859.526
16 300   0.00352943 0.0120674 819.203
16 301   -0.00406675 -0.0119777 795.811
16 302   -0.00335348 -0.0120668 896.122
16 303   0.00315643 0.0120892 854.213
16 304   -0.0035334 -0.0120376 871.39
16 468   0.00634988 0.0198733 890.826
16 469   0.00673689 0.0173878 929.692
16 470   0.00406055 0.0183164 913.112
16 471   0.00558677 0.0188029 907.387
16 472   0.00412233 0.0164194 942.06
16 473   0.0052598 0.0144126 968.907
16 474   0.00619272 0.0163196 949.55
16 475   0.00510437 0.0158375 955.165
16 477   0.00695583 0.0152275 966.198
16 486   0.00719616 0.0137779 952.689
16 487   0.00604431 0.0142201 966.966
16 488   0.00665199 0.014553 969.312
16 489   0.00611331 0.0128916 894.462
16 490   0.00689232 0.0133574 929.587
16 491   0.00628464 0.0135326 944.527
16 492   0.00726241 0.0122887 834.118
16 493   0.00695858 0.0128662 887.972
16 494   0.00648341 0.0125668 863.727
16 495   0.00636238 0.0114808 788.818
16 496   0.00702483 0.0118941 806.266
16 497   0.00654966 0.0120846 823.715
16 498   0.00662512 0.0111585 763.922
16 499   0.00704998 0.0114221 773.919
16 500   0.00665028 0.0106883 727.512
16 502   0.00318483 -0.0175081 768.505
16 503   0.00480137 -0.0188973 756.101
16 504   0.00669173 -0.0168 755.182
16 505   0.00426693 -0.015579 746.479
16 506   0.00588346 -0.0152427 755.018
16 507   0.00690881 -0.0123317 796.476
16 508   0.00610054 -0.0138477 758.46
16 509   0.00631762 -0.0112935 788.38
16 510   -0.00309553 0.0127241 722.06
16 511   -0.00424627 0.0133211 745.902
16 512   -0.00450806 0.0147314 826.214
16 514   -0.00601068 -0.0116235 803.717
16 515   -0.00669712 -0.0123294 837.263
16 516   -0.00635593 -0.0111322 778.661
16 520   -0.00681356 -0.0108924 746.41
16 560   -0.0443158 -0.0225097 890.265
16 561   -0.0429626 -0.0254775 872.066
16 570   -0.00993281 -0.0304352 882.574
16 571   -0.00730128 -0.0334784 807.537
16 572   -0.00853559 -0.0271974 900.466
16 573   -0.00564635 -0.0268084 886.087
16 575   -0.0497792 0.0184201 886.621
16 576   -0.047312 0.0259431 761.414
16 577   -0.0511396 0.0239921 759.702
16 578   -0.0484188 0.0211705 859.619
16 579   -0.0440378 0.0244675 875.153
16 580   -0.0451446 0.0217755 893.174
16 587   -0.0410086 0.0310474 785.139
16 588   -0.039197 0.0336825 790.744
16 589   -0.0387217 0.028259 887.762
16 592   -0.0358732 -0.0253785 929.568
16 593   -0.0345359 -0.0210257 964.417
16 594   -0.0328769 -0.023077 945.894
16 610   -0.013937 0.0320157 898.933
16 613   -0.005034 0.030367 824.057
16 614   -0.00740474 0.0334557 829.057
16 615   -0.0101691 0.0304714 890.121
16 616   -0.00652206 0.0273305 892.843
16 617   -0.00907471 0.0274349 902.462
16 636   -0.0027821 0.0223439 907.948
16 641   -0.00351375 -0.0222363 920.827
16 642   -0.00488483 -0.0241139 914.895
16 644   -0.0471579 0.0161381 910.648
16 645   -0.047357 0.0130559 917.849
16 646   -0.042357 0.0130559 939.214
16 647   -0.0386396 0.0173365 966.935
16 648   -0.0432975 0.0168078 935.627
16 649   -0.0410183 0.0154683 950.447
16 650   -0.0242254 -0.0325 907.664
16 651   -0.0296733 -0.0245514 928.708
16 652   -0.0263098 -0.0225 926.728
16 653   -0.0208851 -0.0297284 909.741
16 654   -0.0220605 -0.0247284 917.666
16 655   -0.0135994 -0.0291852 902.248
16 656   -0.0161361 -0.0322284 900.73
16 657   -0.0141751 -0.0241852 924.766
16 658   -0.0162953 -0.0222284 925.218
16 659   -0.0194791 -0.0222284 921.138
16 681   0.000683996 0.012767 936.286
16 682   0.00110435 0.0126988 949.595
16 698   -0.0501577 -0.00542449 926.956
16 701   -0.0485437 -0.0149626 910.375
16 702   -0.0489866 -0.00938673 922.629
16 703   -0.0513289 -0.0114622 915.478
16 704   -0.0435766 -0.0109115 932.723
16 705   -0.0464229 -0.0113492 923.875
16 706   -0.04598 -0.0144251 919.483
16 707   -0.042137 -0.0127183 938.423
16 708   -0.0433693 -0.0151941 933.975
16 709   -0.0397007 -0.0118705 943.958
16 710   -0.0387182 -0.013346 949.91
16 882   -0.00738559 -0.0105927 591.39
16 883   -0.00715678 -0.0107126 695.572
16 897   0.00696892 0.0105214 666.632
16 900   0.00739378 0.0105419 541.571
16 901   0.00718135 0.0108963 694.585
16 902   -0.0370249 -0.0219473 940.882
16 903   -0.0378866 -0.0242488 945.397
16 904   -0.0402545 -0.0240408 930.372
16 939   -0.00690881 0.0109441 830.544
16 942   -0.0411524 0.0249991 906.865
16 943   -0.0392093 0.0261917 907.64
16 946   -0.0400723 0.0190141 959.073
16 947   -0.0423515 0.018687 945.611
16 948   -0.0429377 0.0207028 925.145
16 949   -0.0396869 0.0216263 935.699
16 950   -0.0414127 0.0226452 936.576
16 956   -0.00992629 -0.0209784 963.693
16 957   -0.0111916 -0.0229352 942.323
16 958   -0.00921869 -0.0246974 928.779
16 959   -0.0073207 -0.0217623 927.998
16 960   -0.00714141 -0.0235245 950.315
16 961   -0.00590997 0.0248305 912.816
16 962   -0.00458973 0.0230112 923.518
16 963   -0.00573628 0.0210999 946.618
16 973   -0.00424361 -0.018794 961.038
16 974   -0.00579399 -0.0189094 941.938
16 975   -0.00436247 -0.0206109 959.878
16 976   -0.00591285 -0.0207262 915.048
16 982   -0.0510348 0.0324945 673.44
16 985   -0.0472072 0.0298594 703.902
16 986   -0.0442768 0.0323649 712.288
16 993   -0.0423606 -0.0198182 941.442
16 994   -0.0420405 -0.0170652 945.784
16 995   -0.0389618 -0.0205885 903.163
16 996   -0.0405001 -0.0214061 964.236
16 997   -0.0386074 -0.0180002 964.949
16 998   -0.0398256 -0.0160648 958.812
16 1008   -0.046167 -0.0323584 690.782
16 1015   -0.0345693 0.0210291 965.25
16 1016   -0.0329623 0.0230873 946.759
16 1017   -0.0348722 0.0252989 932.391
16 1018   -0.0374507 0.0226443 950.73
16 1019   -0.0372334 0.0248559 938.73
16 1039   -0.00588896 0.0156543 881.433
16 1040   -0.00680955 0.0148931 871.92
16 1041   -0.00584925 0.0194925 960.139
16 1042   -0.0070397 0.0183159 953.115
16 1043   -0.00611911 0.0170125 913.177
16 1096   0.00230702 -0.0275375 708.689
16 1097   0.0056831 -0.0309697 675.448
16 1098   -0.00290026 -0.032135 731.147
16 1099   -0.00264254 -0.0287027 769.111
16 1102   0.0038662 -0.0336566 675.425
16 1103   0.0002324 -0.0336566 693.055
16 1114   0.000215276 0.03211 705.163
16 1138   -0.0117893 0.0230236 934.936
16 1139   -0.0103832 0.0210079 957.437
16 1140   -0.00973894 0.0249871 922.583
16 1141   -0.00762978 0.0219635 951.767
16 1142   -0.00775956 0.023927 938.229
16 1146   -0.00498635 0.0127595 739.031
16 1147   -0.00626799 0.0117607 780.86
16 1148   -0.00616873 0.0134087 809.153
16 1149   -0.00685918 0.0127196 822.927
16 1152   -0.00479001 0.0119007 709.613
16 1153   -0.0053812 0.011591 727.384
16 1209   0.00407177 0.0119548 755.576
16 1210   0.00417367 0.0119014 750.968
16 1221   0.000250679 -0.0133896 764.124
16 1222   -0.000190598 -0.0146468 843.796
16 1223   0.000883917 -0.0150335 797.74
16 1225   0.00142994 -0.012765 701.759
16 1226   0.000771135 -0.012872 705.787
16 1230   -0.0505626 -0.0249874 741.317
16 1231   -0.0490974 -0.0299014 688.997
16 1232   -0.0510348 -0.032543 673.194
16 1272   0.00307696 -0.0124978 698.867
16 1273   0.00367573 -0.014352 731.172
16 1274   0.00242573 -0.0140947 724.321
16 1275   0.00220108 -0.013137 706.999
16 1276   0.00392283 -0.0128391 711.63
16 1277   0.00510521 -0.0135676 740.697
16 1278   0.00429694 -0.0137357 727.441
16 1279   0.00543083 -0.0120951 748.933
16 1280   0.0044355 -0.0124889 720.242
16 1281   0.00502669 -0.0128531 736.643
16 1284   0.00454404 -0.0118858 724.049
16 1285   0.00513523 -0.011576 741.997
16 1287   0.00567785 0.02508 740.266
16 1288   0.00567914 0.0326567 673.693
16 1289   0.00385699 0.0297667 691.846
16 1352   -0.0314647 -0.0335257 896.352
16 1353   -0.0294566 -0.028077 912.786
16 1354   -0.028072 -0.0310257 907.383
16 1355   -0.0355529 -0.0278785 906.677
16 1356   -0.0365716 -0.0308272 879.298
16 1357   -0.0323399 -0.0291027 907.089
16 1358   -0.0333585 -0.0320514 892.131
16 1392   -0.0242692 0.0325 908.216
16 1393   -0.0187113 0.0295157 909.417
16 1394   -0.0199376 0.0245157 918.033
16 1395   -0.0264043 0.0225 927.061
16 1396   -0.0297643 0.0245582 929.031
16 1424   -0.00053059 -0.012909 828.502
16 1427   -0.00129649 -0.0133095 899.259
16 1428   -0.00178452 -0.0127351 920.603
16 1498   -0.00218051 0.0134336 790.168
16 1499   -0.00166809 0.0146387 873.36
16 1500   -7.51626e-05 0.014395 908.427
16 1501   7.12222e-05 0.0132968 911.049
16 1503   -0.000732 0.0129422 843.367
16 1504   -0.00139081 0.0128353 785.917
16 1521   -0.0499783 0.0057574 926.87
16 1522   -0.0499783 0.0107574 918.724
16 1533   -0.0315033 0.0335291 896.497
16 1534   -0.02957 0.0280873 912.978
16 1535   -0.028141 0.0310291 907.707
16 1536   -0.0348059 0.0322116 881.248
16 1537   -0.0333542 0.0277989 912.005
16 1538   -0.0352278 0.0294231 897.151
16 1539   -0.0399783 0.0107574 941.681
16 1540   -0.0399783 0.00575751 936.138
16 1543   -0.00215661 0.0198038 911.066
16 1544   -0.000993446 0.0182578 907.349
16 1545   -0.00407722 0.0188637 925.307
16 1546   -0.00434707 0.017416 909.253
16 1547   -0.00342648 0.0161126 884.402
16 1548   -0.00199346 0.0160143 890.452
52 305   -0.00467671 -0.000974027 852.186
52 306   -0.00267579 -0.00204486 876.372
52 307   -0.00663138 -0.00204581 828.572
52 308   -0.000709499 0.00141531 869.861
52 309   -0.000742749 -0.000815762 872.042
52 310   0.00504699 0.00246816 863.676
52 311   0.00124788 0.00249653 878.229
52 312   0.00309687 0.00135553 868.573
52 313   0.00475613 -0.00380252 817.585
52 314   0.00303016 -0.000771702 855.148
52 315   0.00114792 -0.00186177 866.99
52 316   0.00648753 -0.00477162 790.361
52 317   0.00490808 -0.00173922 825.257
52 318   0.006767 0.0013377 811.778
52 319   -0.00672568 -0.00412321 866.853
52 320   -0.00250808 -0.00410258 891.457
52 321   0.00320073 0.0056503 905.274
52 322   0.0050052 0.0044401 890.639
52 323   0.0066948 -0.000742447 797.079
52 324   -0.0068958 0.00418915 792.818
52 325   0.00607827 -0.00665723 800.561
52 326   0.00844512 0.00190752 768.261
52 327   -0.00823284 -0.00101314 769.925
52 328   -0.00539852 -0.00527286 900.843
52 329   -0.0038004 -0.00524027 902.719
52 330   0.00625517 0.00544242 897.001
52 331   0.00350483 0.00726654 927.564
52 332   0.00882007 0.00329933 779.035
52 333   0.0083292 0.00469011 831.092
52 334   -0.0102936 -0.00243242 726.292
52 335   -0.00784682 0.00143785 779.659
52 336   -0.00464118 -0.00765769 942.139
52 337   0.00807436 -0.00135939 768.276
52 338   0.00748423 0.00543108 879.875
52 339   0.0103449 0.00310736 727.818
52 340   -0.00841395 0.000406593 758.264
52 341   -0.00956311 -0.00152628 734.946
52 342   0.00497797 0.00756695 941.115
52 343   0.00957111 0.000766626 723.24
52 344   0.00286361 0.00830677 944.791
52 345   0.00592384 0.00695303 924.585
52 346   0.00929992 0.00572459 810.332
52 347   -0.00467539 -0.00872168 962.639
52 348   0.00852425 -0.002239 789.34
52 349   0.00508381 0.00871103 963.758
52 350   -0.00883512 0.00220128 791.791
52 351   0.00953821 -0.000170583 719.491
52 352   0.0110976 0.00230144 709.041
52 353   -0.00964473 0.000595414 720.686
52 354   0.00909197 -0.000753438 735.951
52 355   -0.0103352 -0.000538007 709.19
52 356   -0.00387292 -0.00920695 966.558
52 357   -0.0113561 -0.00190253 710.656
52 358   -0.00310465 -0.00918521 964.276
52 359   0.0109141 0.00162522 708.712
52 360   -0.00981137 0.00189897 744.057
52 361   0.010482 0.00106081 708.316
52 362   -0.0100539 0.00132435 712.712
52 363   0.00439758 0.00921075 967.543
52 364   0.00365052 0.0091069 965.048
52 365   0.00985117 -0.00142441 720.079
52 366   -0.0111482 -0.000501217 699.52
52 367   -0.0102358 0.000163959 705.688
52 368   0.00978617 -0.0019922 747.216
52 369   0.00926174 0.00674263 829.999
52 370   -0.0114386 -0.000959597 703.407
52 371   -0.00533709 -0.0101245 962.918
52 372   -0.00196492 -0.00999482 969.167
52 373   0.0104456 -0.00118531 698.097
52 374   0.0103819 -0.000492855 699.213
52 375   -0.00468469 -0.010202 965.548
52 376   0.00516089 0.0103035 963.281
52 377   0.00346646 0.00977067 969.196
52 378   0.00445809 0.00989718 968.746
52 379   -0.00411314 -0.00991878 968.43
52 380   0.0115267 0.00120783 702.679
52 381   -0.00293708 -0.00988647 969.074
52 382   0.0108785 -0.000322749 691.496
52 383   0.00470109 0.0103092 964.337
52 384   0.00306525 0.00999259 967.316
52 385   -0.00251268 -0.0101435 967.053
52 386   0.010952 -0.00136768 687.178
52 387   0.0109303 0.000499687 699.069
52 388   -0.0107107 0.00128221 693.447
52 389   -0.00458769 -0.0106843 959.932
52 390   -0.0114486 7.93782e-05 690.19
52 391   -0.0108254 0.000506156 692.55
52 392   0.0110309 6.37899e-05 693.47
52 393   0.0039244 0.0101361 964.171
52 394   -0.00371952 -0.0102115 960.622
52 395   0.0113951 0.000686205 698.052
52 396   -0.00331172 -0.010201 960.871
52 397   0.0116649 0.000365719 693.415
52 398   -0.0112253 0.000384786 687.593
52 399   0.00318298 0.0104944 941.164
52 400   -0.0108912 0.00089547 688.923
52 401   -0.00264066 -0.010607 942.694
52 402   0.00389785 0.0105455 944.696
52 403   -0.00411299 -0.0107624 942.022
52 404   0.011516 1.60058e-05 689.056
52 405   0.0112308 -0.000664746 682.96
52 406   0.0112406 -0.00101722 680.559
52 407   -0.00299644 -0.0107256 913.648
52 408   -0.00381636 -0.0105729 938.983
52 409   -0.00324311 -0.0105766 929.692
52 410   0.00296209 0.0107037 917.821
52 411   -0.0109687 0.00151924 688.478
52 412   -0.00352687 -0.0107416 906.07
52 413   0.0117108 -0.000192758 685.201
52 414   0.00366897 0.0107024 918.517
52 415   0.00344799 0.0106897 912.68
52 416   0.0115399 -0.00110709 674.771
52 417   -0.0117884 0.000185578 686.953
52 418   -0.00402033 -0.0110123 924.604
52 419   -0.0112805 0.0013089 680.647
52 420   -0.0114638 0.000644879 681.079
52 421   -0.0112358 0.000960716 681.703
52 422   0.0116495 -0.00040113 681.999
52 423   -0.00355437 -0.0109745 857.233
52 424   0.0115065 -0.000577148 680.245
52 425   -0.00305823 -0.0109881 860.765
52 426   0.00309423 0.0109989 855.859
52 427   -0.0113671 0.00113712 678.509
52 428   -0.00342257 -0.0111329 796.822
52 429   -0.00326495 -0.0111275 806.621
52 430   0.00342169 0.0109595 854.751
52 431   0.00328882 0.0110593 826.221
52 432   -0.0114086 0.000831495 679.454
52 433   0.0116736 -0.000928548 673.342
52 434   -0.011813 0.000466008 681.922
52 435   -0.00375121 -0.0110557 861.466
52 436   0.01165 -0.000751076 676.127
52 437   0.0118377 -0.000507114 679.553
52 438   -0.00407743 -0.011147 934.505
52 439   -0.0116645 0.000648291 678.836
52 440   -0.0115688 0.00107989 674.698
52 441   -0.0117745 0.000593009 679.445
52 442   0.0118019 -0.000678258 676.43
52 443   -0.0115754 0.00093379 675.527
52 444   -0.0117041 0.000901208 673.886
52 445   -0.011738 0.000802325 675.326
52 446   0.00332177 0.0112163 775.765
52 447   -0.00351187 -0.0112837 710.58
52 448   -0.0116821 0.00111684 672.436
52 449   0.0118875 -0.000750056 674.982
52 450   0.0118053 -0.000969158 670.896
52 451   -0.0117929 0.000982966 671.269
52 452   -0.0117775 0.0010525 670.775
52 453   -0.00348898 -0.0113692 526.128
52 454   0.011834 -0.00103816 669.559
52 455   -0.0118662 0.000965722 670.621
52 456   0.0035379 0.0113713 485.299
52 457   -0.0119012 0.00100128 669.271
52 458   0.00352106 0.0114081 309.08
52 459   0.00356479 0.0114558 2.86373
52 460   0.011957 -0.000986192 696.338
52 618   0.00295265 -0.00656427 822.75
52 619   0.00448776 -0.00733716 792.513
52 620   0.00200669 -0.00721375 831.234
52 627   0.00102136 0.00423136 886.005
52 628   0.0017657 0.00540736 897.787
52 629   -0.000719598 0.00543876 871.738
52 630   -0.00058825 0.00659742 873.192
52 631   0.00063773 0.00663212 894.924
52 632   0.000647859 0.00765795 899.311
52 634   0.000141344 0.00941519 856.908
52 667   0.00430936 -0.00837308 780.525
52 751   -0.00388912 -0.0112429 878.974
52 752   -0.00375255 -0.011318 785.656
52 753   -0.00380809 -0.0112374 838.555
52 754   -0.00372727 -0.0111849 822.835
52 755   -0.00359361 -0.0112725 732.651
52 756   -0.00364583 -0.0112365 776.068
52 757   -0.00368603 -0.0113097 747.526
52 760   -0.00360954 -0.011337 639.202
52 761   -0.00366481 -0.0113884 551.269
52 762   -0.00366155 -0.0113479 671.247
52 763   -0.00359812 -0.0113662 534.369
52 764   -0.00362749 -0.0113887 473.34
52 765   -0.00354641 -0.0113933 377
52 766   -0.00357218 -0.0113813 445.655
52 768   -0.00354394 -0.0114224 182.381
52 769   0.0118437 -0.000884248 672.139
52 770   0.011869 -0.000829594 673.341
52 771   0.0119217 -0.000852782 673.016
52 772   0.0119104 -0.000896287 671.965
52 773   0.0118822 -0.000918584 671.226
52 776   0.0119379 -0.000922317 671.661
52 780   0.00376966 0.0112512 820.624
52 781   0.00376411 0.0113221 793.543
52 782   0.00415379 0.0106764 947.283
52 783   0.00444609 0.0108955 959.391
52 784   0.00442335 0.010679 958.073
52 785   0.00415407 0.0110881 947.027
52 786   0.00410554 0.0108591 938.09
52 787   0.00424753 0.0109266 950.729
52 788   0.00399351 0.0109603 922.821
52 789   0.00403066 0.011081 927.278
52 790   0.00384932 0.0111749 870.226
52 791   0.0039448 0.0111945 907.178
52 792   0.00376514 0.0109247 893.604
52 793   0.00389336 0.0109772 904.853
52 794   0.00383504 0.0110783 878.699
52 795   0.00355868 0.0110266 842.46
52 796   0.00368116 0.0109792 871.908
52 797   0.00373248 0.0110725 857.131
52 798   0.00354254 0.0112163 767.496
52 799   0.00356334 0.0111184 812.24
52 800   0.00365666 0.0111215 825.82
52 801   0.00361114 0.0112363 768.196
52 802   0.0037015 0.0112221 800.895
52 803   0.00365761 0.0111851 802.931
52 804   0.00369605 0.0113194 748.321
52 805   0.00363319 0.0112812 743.175
52 806   0.00367688 0.0112655 772.723
52 807   0.00362746 0.0113292 671.378
52 808   0.00365673 0.0113921 505.441
52 809   0.00366838 0.0113489 679.342
52 810   0.00358107 0.0113711 483.196
52 811   0.00360811 0.0113576 567.789
52 812   0.0036183 0.0113929 429.538
52 813   0.00358065 0.0114023 328.03
52 814   0.00360187 0.0114104 295.628
52 819   -0.0118269 0.000790522 675.147
52 820   -0.0119168 0.000762703 676.044
52 821   -0.011862 0.000703239 677.104
52 822   -0.0119117 0.000704134 677.24
52 823   -0.0119279 0.000849276 674.204
52 824   -0.0118993 0.000806345 674.959
52 825   -0.0118591 0.000835059 674.084
52 826   -0.0119114 0.000882185 673.215
52 827   -0.011876 0.000920159 671.884
52 828   -0.0118688 0.000883057 672.892
52 829   -0.0119453 0.000914373 673.005
52 830   -0.0119251 0.000905281 672.809
52 831   -0.0119099 0.000928899 671.881
52 832   -0.0119218 0.00094272 671.611
52 833   -0.0119382 0.000933261 672.386
52 834   -0.0119226 0.000978311 670.076
52 835   -0.0119232 0.000960767 670.952
52 836   -0.0119355 0.000987499 669.696
52 840   0.00695414 0.00895823 958.472
52 841   0.00728785 0.00860884 966.075
52 854   -0.00560341 -0.00966335 967.089
52 855   -0.00553261 -0.00904858 968.64
52 856   -0.0103186 -0.00362037 742.214
52 859   -0.00815033 -0.00479677 844.735
52 860   -0.00941137 -0.00442046 787.542
52 861   -0.00987141 -0.0056746 794.197
52 862   -0.00820163 -0.00608194 877.857
52 863   -0.009076 -0.00722716 866.439
52 864   -0.00918593 -0.00631756 826.44
52 865   -0.008352 -0.00735226 903.624
52 866   -0.00783141 -0.00663082 898.605
52 867   -0.00601024 -0.00652023 914.359
52 868   -0.00564541 -0.00729155 934.43
52 869   -0.00707344 -0.00674983 911.172
52 870   -0.0071266 -0.00742484 927.616
52 871   -0.00650148 -0.00783543 946.73
52 872   -0.00785805 -0.00836426 951.018
52 873   -0.00782961 -0.00776062 926.374
52 874   -0.00654576 -0.00832663 960.608
52 875   -0.00616318 -0.00873032 967.446
52 876   -0.00720305 -0.00905193 958.421
52 877   -0.00719932 -0.00851967 964.316
52 879   -0.00625353 -0.00976492 950.796
52 880   -0.00679574 -0.00938425 942.881
52 881   -0.00640943 -0.00925568 965.256
52 887   0.0057719 0.00913517 969.039
52 888   0.00644882 0.00913367 962.799
52 889   0.00563815 0.00988961 963.526
52 890   0.00597759 0.0100597 951.43
52 894   0.00631508 0.00988811 941.097
52 895   0.00665258 0.00971655 926.578
52 911   -0.00605729 0.00531573 796.221
52 912   -0.00674647 0.00632175 792.527
52 913   -0.00588982 0.00715924 810.79
52 999   0.00178172 -0.00912065 770.197
52 1020   0.00262616 -0.00814813 801.815
52 1021   0.00226261 -0.00878622 788.883
52 1022   0.00339372 -0.00853457 791.429
52 1025   0.00330452 -0.00905253 790.811
52 1026   0.00275581 -0.0092928 799.988
52 1044   -0.00439127 0.000879327 839.381
52 1045   -0.0023571 0.00203956 858.154
52 1046   -0.00606188 0.00171467 810.539
52 1047   -0.00542746 0.00297711 815.218
52 1048   -0.00179164 0.00490186 855.724
52 1049   -0.00375864 0.0033402 834.658
52 1050   -0.0023589 0.003238 854.335
52 1051   -0.00290666 0.00533471 835.202
52 1052   -0.00382476 0.00429561 828.735
52 1053   -0.00465506 0.0050591 814.417
52 1054   -0.00426123 0.00593484 812.249
52 1055   -0.0032127 0.00626155 820.833
52 1056   -0.00438853 0.00798161 783.308
52 1057   -0.00480681 0.00702896 796.764
52 1058   -0.00289444 0.00728297 811.83
52 1059   -0.00352469 0.00790891 796.427
52 1060   -0.00118373 0.00759919 847.393
52 1061   -0.00211184 0.00789481 812.092
52 1062   -0.00219338 0.00876101 786.619
52 1063   -0.000416101 0.00895133 838.377
52 1064   -0.000319785 0.00807172 872.315
52 1067   -0.00335633 0.00881834 789.456
52 1068   -0.00280762 0.00905861 796.726
52 1104   0.00791539 0.00668714 898.328
52 1105   0.00872219 0.00696421 881.782
52 1106   0.00751099 0.00803188 942.989
52 1107   0.0070966 0.00734395 924.658
52 1108   0.00841341 0.00797416 919.547
52 1109   0.00880581 0.00756332 897.534
52 1119   0.00207434 0.00849913 938.157
52 1120   0.00129065 0.0082418 914.725
52 1121   0.000614086 0.00921835 898.433
52 1122   0.00105409 0.00890721 917.316
52 1123   0.00130504 0.00936239 943.176
52 1126   0.000715482 0.00966584 897.354
52 1127   0.00101459 0.00968122 919.297
52 1130   -0.00166069 0.00932963 760.937
52 1131   -0.00106248 0.00936038 774.52
52 1137   0.00360085 0.0114297 143.136
52 1167   0.00141164 -0.00342515 863.999
52 1168   0.00314194 -0.00439838 837.193
52 1169   0.00248158 -0.00543209 842.323
52 1170   -0.000924236 -0.00445572 887.696
52 1171   0.00103402 -0.00495686 869.109
52 1172   0.000468538 -0.00396087 873.902
52 1173   -0.00126783 -0.00669275 902.78
52 1174   0.000172546 -0.00546271 881.322
52 1175   -0.000890047 -0.00544071 892.526
52 1176   0.000875172 -0.00697545 865.165
52 1177   0.000125027 -0.00633773 884.157
52 1178   -0.000535496 -0.00709178 896.52
52 1179   0.000629782 -0.00780605 864.421
52 1180   -0.00024959 -0.00793338 891.976
52 1181   0.000719265 -0.00935529 794.451
52 1182   0.00109863 -0.00869782 812.777
52 1183   -0.000479403 -0.00858316 897.923
52 1184   -0.000193636 -0.00958224 856.016
52 1185   2.06007e-05 -0.00911329 861.749
52 1186   -0.00200486 -0.00707394 912.405
52 1187   -0.00361362 -0.00724598 929.259
52 1188   -0.00320214 -0.0064616 913.79
52 1189   -0.00267853 -0.00867626 951.223
52 1190   -0.00200956 -0.00785416 922.254
52 1191   -0.00282311 -0.00786249 935.28
52 1192   -0.00173782 -0.00957598 963.933
52 1193   -0.00204638 -0.00901927 950.858
52 1194   -0.00107593 -0.00885794 917.682
52 1195   -0.00158315 -0.00858935 929.193
52 1196   -0.000692523 -0.00946893 901.056
52 1197   -0.00107481 -0.00927476 924.969
52 1198   -0.00127347 -0.00956288 951.368
52 1201   -0.00074163 -0.00974937 898.966
52 1202   -0.00104074 -0.00976474 925.981
52 1250   -0.00826591 0.00423328 799.274
52 1251   -0.00877113 0.00314701 809.003
52 1296   0.0106144 0.0040656 740.565
52 1297   0.0100603 0.00529205 782.084
52 1316   0.00796708 -0.00418665 790.618
52 1317   0.0084723 -0.00310037 799.356
52 1397   0.00257423 0.0105769 946.648
52 1399   0.00258175 0.0100248 968.723
52 1402   0.00222586 0.00956927 965.478
52 1403   0.00169312 0.00976711 966.059
52 1444   0.00339755 0.0112674 744.525
52 1446   0.00348078 0.0112754 722.91
52 1447   0.00348697 0.0113505 598.659
52 1550   -0.0036178 -0.0114147 301.898
52 1613   -0.0035821 -0.011404 320.795
52 1614   -0.00359835 -0.011415 263.334
52 1615   -0.0035904 -0.0114378 50.2995
52 1616   -0.00355875 -0.011425 136.504
52 1617   -0.00357115 -0.0114187 204.111
52 1618   -0.00357608 -0.0114355 51.8977
52 1619   -0.00357041 -0.0114536 4.82725
52 1621   -0.00356799 -0.0114447 16.2925
52 1622   -0.00355879 -0.0114397 48.094
52 1626   0.0118872 -0.00100225 669.05
52 1629   0.0118957 -0.000954455 670.23
52 1630   0.0118984 -0.000980713 669.412
52 1631   0.0119275 -0.000987418 668.999
52 1632   0.0119322 -0.000941673 671.113
52 1633   0.0119181 -0.000951515 670.527
52 1634   0.0119332 -0.000969368 670.217
52 1635   0.0119485 -0.000973962 679.756
52 1636   0.0119488 -0.000959396 671.871
52 1643   0.00355537 0.011438 33.2925
52 1644   0.00355226 0.0114224 147.889
52 1645   0.00356868 0.0114169 208.072
52 1646   0.00356821 0.0114386 25.4565
52 1647   0.00358666 0.0114318 103.978
52 1648   0.00357571 0.011427 113.743
52 1649   0.00357985 0.0114447 11.0901
52 1650   0.00357045 0.0114477 5.01668
52 1653   -0.0119489 0.000944886 672.531
52 1655   -0.0119544 0.000964604 672.85
52 1656   -0.0119357 0.000961598 671.364
52 1657   -0.011945 0.000955176 672.156
52 1658   -0.0119501 0.000971994 672.216
52 1659   -0.0119407 0.000979695 670.547
52 1660   -0.0119402 0.000971337 671.159
52 1661   -0.0119511 0.000981216 671.574
52 1662   -0.0119559 0.000976726 675.091
end
