600
16 209   -0.0449779 0.00318508 901.914
16 210   -0.045157 -0.00300417 901.807
16 211   -0.0399779 0.00818847 906.71
16 212   -0.0477803 -0.0217979 779.101
16 213   -0.0398074 -0.0323581 732.859
16 214   -0.0322011 0.032058 835.66
16 215   -0.0411387 -0.00655387 904.365
16 216   -0.0361849 -0.0298095 821.137
16 217   -0.00183465 0.028791 709.918
16 218   -0.0322715 -0.0324514 831.829
16 219   -0.0435112 -0.0297251 710.763
16 220   -0.0497157 -0.0177642 832.418
16 221   -0.0384817 -0.00727865 907.209
16 222   0.00451391 -0.0226628 743.406
16 223   0.00111552 -0.018102 853.087
16 224   0.00313832 -0.0194086 827.4
16 225   0.00538304 -0.0178019 870.286
16 226   -0.00225082 0.0156628 860.932
16 227   -0.000703487 0.0146169 752.925
16 228   0.00675862 -0.0226525 736.193
16 229   0.00174517 -0.0157718 879.346
16 230   -0.00654734 0.0171871 958.122
16 231   0.000620747 -0.0142975 849.22
16 232   0.00675862 -0.0191486 829.841
16 233   0.00533532 -0.0157294 910.455
16 234   0.0067109 -0.0143635 948.015
16 235   0.00372025 -0.0150061 908.595
16 236   -0.00609746 0.015084 956.536
16 237   -0.00392463 0.0141114 916.682
16 238   -0.00515434 0.0140868 952.548
16 239   -0.00705013 0.0142259 967.755
16 240   0.00606111 -0.0130753 967.592
16 241   -0.00279684 0.0126007 844.116
16 242   -0.00147923 0.0128146 742.928
16 243   -0.00369491 0.0128517 919.872
16 244   0.00502492 -0.0130291 964.877
16 245   0.00640418 -0.012221 918.089
16 246   -0.00554325 0.0129748 968.628
16 247   -0.0067777 0.0130527 963.531
16 248   0.00490029 -0.0121439 957.845
16 249   0.00685149 -0.0118924 854.292
16 250   -0.00621395 0.0127987 961.184
16 251   -0.00476807 0.0121341 968.385
16 252   -0.00521641 0.012371 966.634
16 253   0.00436769 -0.0119937 962.433
16 254   0.00729753 -0.0119045 851.195
16 255   -0.00436239 0.0121271 965.657
16 256   -0.00629309 0.0121016 901.766
16 257   0.00526613 -0.0117361 896.291
16 258   0.00573383 -0.0117669 865.158
16 259   -0.00596613 0.0117988 869.142
16 260   -0.00556015 0.0118921 916.79
16 261   -0.0049318 0.0115651 932.002
16 262   0.00644384 -0.0112835 769.266
16 263   -0.00534451 0.0115333 874.98
16 264   0.00577333 -0.011317 778.344
16 265   -0.00604668 0.0113947 792.456
16 266   -0.006331 0.011215 761.701
16 267   0.00520431 -0.0113392 828.969
16 268   -0.00548415 0.0112406 796.838
16 269   0.00610475 -0.0111262 725.609
16 270   -0.00578034 0.0111954 762.69
16 271   -0.00624493 0.0109213 697.357
16 272   0.00590211 -0.0111131 717.836
16 273   0.00550776 -0.0111802 767.808
16 274   -0.00635534 0.0107535 703.565
16 275   -0.0060394 0.0108752 635.343
16 276   0.00606358 -0.0108718 632.043
16 461   0.00630847 0.0162826 733.082
16 462   0.00512608 0.0140391 736.626
16 463   0.0014254 0.0153448 725.376
16 465   0.00631762 0.0127747 766.76
16 476   -0.0051294 -0.012839 746.75
16 477   -0.00631178 -0.0138862 810.965
16 478   -0.00572642 -0.0117626 754.431
16 479   -0.00690881 -0.0111431 837.1
16 480   0.00572642 0.0116477 773.057
16 481   0.00690881 0.0110282 839.263
16 483   0.00733167 -0.0102536 485.091
16 484   -0.0443267 -0.0225632 832.077
16 485   -0.042988 -0.0255765 791.51
16 487   -0.0497787 0.0184182 820.745
16 488   -0.04731 0.0259417 714.586
16 489   -0.0511394 0.023991 717.663
16 490   -0.0484181 0.0211676 785.792
16 491   -0.0440347 0.0244651 791.478
16 492   -0.0451427 0.0217715 832.449
16 501   0.00465834 0.0251811 692.374
16 502   0.00536125 0.0189944 718.913
16 503   0.00297818 0.0186602 728.377
16 504   -0.000329693 0.0244392 727.693
16 505   0.00203096 0.0206589 728.872
16 506   0.00251959 0.0235645 707.008
16 518   -0.0355084 0.0307403 814.66
16 519   -0.0410054 0.0310468 726.156
16 520   -0.0391945 0.0336823 730.848
16 521   -0.0359257 0.0279516 856.1
16 522   -0.0387129 0.0282581 812.277
16 539   -0.00493067 0.0301804 734.134
16 540   -0.00735855 0.0334904 742.684
16 541   -0.010052 0.0304712 806.055
16 542   -0.00635381 0.0270158 812.665
16 543   -0.00889451 0.0273065 843.499
16 551   -0.0138872 -0.0320175 835.701
16 554   -0.00460325 -0.0304438 739.257
16 555   -0.0100801 -0.0305262 814.973
16 556   -0.00736382 -0.0335087 753.692
16 557   -0.00876671 -0.0275025 844.394
16 558   -0.00587243 -0.02742 804.393
16 594   -0.00591737 0.0109392 661.535
16 595   -0.00580089 0.0110002 698.187
16 652   -0.0360478 -0.0260352 891.849
16 653   -0.0326875 -0.0236772 907.635
16 655   -0.00722757 0.0125756 932.31
16 659   -0.00672063 0.0119776 868.25
16 660   -0.00709136 0.0121976 891.377
16 661   -0.00736379 0.0118812 842.496
16 662   -0.00658855 0.0113329 780.378
16 663   -0.00676741 0.0116572 820.326
16 664   -0.00713815 0.0116091 809.781
16 665   -0.00716154 0.0113277 779.875
16 666   -0.00738718 0.0110892 756.035
16 667   -0.00684647 0.0111615 765.981
16 668   -0.00691448 0.0109144 749.656
16 669   -0.00722955 0.0108381 737.094
16 671   -0.00685233 0.0104907 758.695
16 672   -0.00652454 0.0106648 746.014
16 673   -0.00673969 0.0107034 749.042
16 688   -0.00183013 -0.022432 832.848
16 689   -0.00113126 -0.0192933 855.111
16 692   0.00655278 0.0212422 706.55
16 693   0.00655278 0.0239774 694.307
16 725   -0.0242367 0.0325 861.508
16 726   -0.0288152 0.029558 871.861
16 727   -0.0263303 0.0225 897.078
16 728   -0.029724 0.024558 898.781
16 729   -0.0221192 0.0247404 887.517
16 730   -0.0209344 0.0297404 870.022
16 731   -0.0143741 0.0242212 893.512
16 732   -0.0161849 0.0322404 841.491
16 733   -0.0137171 0.0292212 849.86
16 735   -0.019581 0.0222404 891.327
16 736   -0.0164726 0.0222404 894.495
16 845   0.00729753 -0.0113064 775.572
16 883   -0.0403084 -0.024248 890.1
16 884   -0.0379856 -0.0246224 903.686
16 885   -0.0371086 -0.0222643 952.419
16 897   -0.0399755 0.0226323 927.708
16 898   -0.0411462 0.0249969 860.83
16 899   -0.0391986 0.0261904 864.03
16 903   -0.00538864 -0.0212366 928.161
16 904   -0.00385169 -0.0231717 868.729
16 905   -0.00513953 -0.0249823 853.968
16 907   -0.00734237 0.0105976 699.446
16 912   -0.00739878 0.0101743 440.132
16 913   -0.00724115 0.0104082 659.925
16 914   -0.00703872 0.010393 733.408
16 915   -0.00200463 0.0226623 802.899
16 916   -0.000591197 0.0201677 789.818
16 917   -0.00511671 0.01887 939.723
16 918   -0.00249978 0.0180654 877.096
16 920   0.00196727 0.0135425 705.372
16 921   0.00328489 0.0133287 710.343
16 937   -0.00328821 -0.0127321 706.259
16 938   -0.00223477 -0.0142423 755.931
16 939   -0.000922991 -0.0136894 756.541
16 955   -0.00562296 -0.0156356 844.323
16 956   -0.00543354 -0.0194152 928.952
16 957   -0.00681118 -0.0175828 909.973
16 958   -0.00319772 -0.0182115 873.891
16 959   -0.00338714 -0.0160987 824.492
16 983   -0.050157 -0.00544904 898.46
16 986   -0.0485442 -0.0149834 875.586
16 987   -0.0489855 -0.00941762 894.491
16 988   -0.0513285 -0.0114737 885.188
16 989   -0.0435751 -0.0109747 902.671
16 990   -0.0464218 -0.0113936 895.633
16 991   -0.0459806 -0.0144611 891.456
16 992   -0.0421362 -0.0127696 906.811
16 993   -0.0433703 -0.0152279 903.538
16 994   -0.0396999 -0.0119607 911.082
16 995   -0.0387182 -0.0134076 916.788
16 996   -0.04237 -0.0198685 906.843
16 997   -0.0420418 -0.0170893 912.024
16 998   -0.0389928 -0.0207109 937.837
16 999   -0.0405392 -0.0215624 927.831
16 1000   -0.0386079 -0.0180057 955.654
16 1001   -0.039826 -0.0160779 928.44
16 1011   -0.047157 0.0161292 876.323
16 1012   -0.0473562 0.0130368 887.839
16 1013   -0.0423562 0.0130368 907.743
16 1014   -0.0386394 0.0173355 946.735
16 1015   -0.0432963 0.016798 903.779
16 1016   -0.0410176 0.0154603 917.056
16 1017   -0.0426427 0.019691 903.836
16 1018   -0.040364 0.02002 941.783
16 1024   -0.0510348 0.0324944 671.608
16 1027   -0.0472055 0.029859 688.332
16 1028   -0.0442751 0.0323646 692.494
16 1034   -0.0461689 -0.032367 682.317
16 1076   0.00154374 -0.0128943 876.065
16 1077   0.00388269 -0.012492 958.04
16 1078   0.00264501 -0.013038 906.474
16 1079   0.0036971 -0.0136755 926.476
16 1080   0.00427598 -0.0132364 949.156
16 1082   0.0034071 -0.0122695 937.406
16 1083   0.00274829 -0.0123764 909.956
16 1099   -0.00142458 -0.0305493 706.026
16 1100   -2.82811e-05 -0.0258806 733.566
16 1101   0.00343477 -0.026174 704.94
16 1104   0.00385898 -0.0336142 674.672
16 1105   0.000217961 -0.0336142 688.499
16 1137   0.00013999 0.032101 687.013
16 1140   0.00567814 0.0322648 671.296
16 1141   0.0037837 0.0293658 680.091
16 1158   -0.0345584 0.021029 943.34
16 1159   -0.0329419 0.023087 912.959
16 1160   -0.0348523 0.0252983 901.763
16 1161   -0.0374426 0.0226435 946.167
16 1162   -0.0372196 0.0248548 904.679
16 1163   -0.0057616 0.0243704 879.88
16 1164   -0.00546763 0.0211691 942.331
16 1165   -0.00426413 0.0228591 884.239
16 1201   -0.0117148 -0.0230262 902.494
16 1202   -0.0094462 -0.0250025 891.769
16 1203   -0.00744495 -0.0220797 938.57
16 1204   -0.00735514 -0.024056 899.912
16 1231   -0.0505646 -0.0249962 709.395
16 1232   -0.0490994 -0.0299101 681.586
16 1233   -0.0510348 -0.0325431 671.479
16 1237   -0.0113872 0.0229712 906.59
16 1238   -0.01005 0.0209904 935.289
16 1239   -0.00957265 0.0248065 895.623
16 1240   -0.00756685 0.0218354 949.338
16 1241   -0.0076337 0.0236708 909.856
16 1283   -0.00926808 -0.0210087 941.006
16 1284   -0.0114469 -0.0210087 913.383
16 1293   0.0068096 -0.0105292 753.778
16 1294   0.00711213 -0.0110492 754.816
16 1295   0.00714627 -0.0105182 707.233
16 1296   0.0073146 -0.0107736 721.933
16 1297   0.00668141 -0.0107397 740.994
16 1298   0.0068156 -0.0110044 750.517
16 1299   0.00659335 -0.0110725 746.56
16 1300   0.00619322 -0.0108039 652.974
16 1302   0.00638389 -0.0108473 704.886
16 1303   0.00645488 -0.0106909 726.875
16 1322   0.00567949 -0.0322284 671.936
16 1323   0.00567949 -0.0294568 678.853
16 1341   -0.0329988 -0.0212257 924.612
16 1342   -0.035482 -0.0212257 953.901
16 1426   -0.0242684 -0.0325 863.196
16 1427   -0.0289094 -0.0299514 869.731
16 1428   -0.0186622 -0.0295175 868.903
16 1429   -0.0294626 -0.0249514 896.196
16 1430   -0.026049 -0.0225 896.441
16 1435   -0.0146424 -0.0220175 897.431
16 1437   -0.0221384 -0.0225 891.522
16 1438   -0.0184622 -0.0245175 888.005
16 1483   -0.0499779 0.0057402 898.148
16 1484   -0.0499779 0.0107436 889.3
52 283   -0.00451754 0.00127424 766.437
52 284   -0.00650937 0.00244239 762.754
52 285   0.00330816 -0.000964525 767.421
52 286   -0.000175563 -0.0053445 762.615
52 287   -0.00253666 0.00235073 780.111
52 288   -0.00438901 -0.000945918 751.841
52 289   0.00160339 -0.0043023 784.389
52 290   -0.000506855 -0.000989374 767.751
52 291   0.00319492 0.00117543 756.671
52 292   0.00513288 -0.00210207 768.978
52 293   -0.000600834 0.00115211 770.242
52 294   0.00142344 -0.00208371 774.153
52 295   -0.00231414 -0.00201091 759.894
52 296   -0.00216281 -0.00414745 754.807
52 297   0.00109235 0.00435351 759.271
52 298   -0.00837378 0.00137509 725.202
52 299   0.00489728 0.00237003 743.185
52 300   0.00121622 0.00219772 763.638
52 301   -0.00643459 0.00453249 808.303
52 302   -0.00387438 -0.00495157 748.293
52 303   -0.00600482 -0.00197726 736.068
52 304   -0.000657116 0.00524613 772.513
52 305   0.00271769 0.00526486 749.293
52 306   -0.00246908 0.00428897 795.717
52 307   0.00336771 -0.00523186 819.064
52 308   0.00501248 -0.00415082 806.277
52 309   0.00677663 -0.00119433 740.228
52 310   0.00454391 0.00430368 745.63
52 311   -0.00564152 -0.00384637 742.134
52 312   -0.0100271 0.00220641 714.849
52 313   -0.00013485 0.00816513 736.808
52 314   0.00631737 -0.00527913 834.7
52 315   0.00647647 0.00178888 729.364
52 316   0.00822146 -0.00202894 729.767
52 317   -0.00860388 -0.000358272 711.494
52 318   0.00841408 -0.00353933 747.039
52 319   -0.00769454 -0.00150112 717.602
52 320   -0.000971594 0.0068131 769.208
52 321   0.00372015 -0.00685591 862.38
52 322   0.00985198 -0.00392261 723.321
52 323   0.00761472 -0.00495035 798.428
52 324   -0.00371479 0.00530785 827.356
52 325   -0.0103817 0.00355112 718.931
52 326   0.00707306 0.000427504 724.978
52 327   -0.00507745 0.0054285 848.068
52 328   -0.00732756 0.0075342 897.388
52 329   0.00318755 -0.00801625 865.532
52 330   0.00938374 -0.000870262 708.088
52 331   0.0106345 -0.000909446 699.251
52 332   0.00604335 -0.0068058 891.149
52 333   -0.00248479 0.00722294 816.203
52 334   -0.011202 0.00118228 700.412
52 335   -0.00341602 0.00667484 852.157
52 336   0.00509091 -0.00730154 900.612
52 337   -0.00868524 -0.00253578 705.604
52 338   -0.0086151 -0.00350481 715.266
52 339   0.00843542 0.000805667 708.714
52 340   -0.00999089 -0.000819447 699.339
52 341   0.00930128 0.000342518 703.504
52 342   0.0113481 0.000295058 693.051
52 343   -0.00532507 0.00681184 890.846
52 344   -0.0060613 0.0074969 910.384
52 345   0.00869974 0.00192593 703.992
52 346   -0.0108897 -0.000484828 697.063
52 347   -0.00439197 0.00729875 891.834
52 348   -0.0112995 0.000151569 695.633
52 349   -0.00974168 -0.0037691 688.913
52 350   -0.00382532 0.0087157 908.592
52 351   -0.00445494 0.00817618 911.656
52 352   0.00411494 -0.00890202 921.93
52 353   0.00953532 0.00219548 695.111
52 354   0.0108715 0.000968044 693.028
52 355   0.00526506 -0.00830031 932.053
52 356   -0.0101194 -0.00177078 694.192
52 357   -0.00972306 -0.00234427 693.989
52 358   0.0100754 0.00097632 696.105
52 359   -0.00581426 0.00840227 945.719
52 360   -0.005141 0.00859464 943.098
52 361   -0.0114378 -0.00121303 694.14
52 362   -0.00411582 0.00942257 942.723
52 363   0.0100451 0.00170902 693.044
52 364   0.00482169 -0.00874045 941.41
52 365   0.00593333 -0.00864258 956.483
52 366   0.011122 0.00164911 689.681
52 367   -0.00616088 0.0089528 967.262
52 368   -0.0102329 -0.00286806 685.845
52 369   -0.00660457 0.00914103 962.423
52 370   -0.0108104 -0.00199911 689.706
52 371   -0.00514743 0.0092302 965.553
52 372   -0.00475187 0.0095186 964.924
52 373   -0.0103216 -0.00332386 681.368
52 374   -0.0112301 -0.00177598 691.271
52 375   0.0106056 0.00199026 688.503
52 376   0.00592341 -0.00922924 966.31
52 377   0.0114791 0.00194231 687.979
52 378   0.00513651 -0.00929846 967.017
52 379   0.00556995 -0.00944498 959.624
52 380   0.0106994 0.00243076 684.816
52 381   0.010462 0.00276468 683.424
52 382   -0.0109422 -0.00250573 685.118
52 383   0.00493339 -0.0096635 968.209
52 384   -0.0107609 -0.00280119 682.411
52 385   -0.00554651 0.00946953 960.972
52 386   -0.0058867 0.00938449 956.549
52 387   -0.00490928 0.00991154 963.303
52 388   0.0107127 0.00307108 678.858
52 389   -0.0115196 -0.00211964 689.53
52 390   0.0113186 0.00241159 684.269
52 391   -0.0113194 -0.00262858 684.373
52 392   0.0110553 0.00255889 682.635
52 393   0.00563728 -0.00981624 880.082
52 394   -0.00622566 0.00982899 826.841
52 395   0.00512063 -0.00998117 934.172
52 396   -0.00601679 0.00970668 876.497
52 397   0.00539108 -0.00998738 868.871
52 398   -0.0109877 -0.00308525 678.229
52 399   -0.0107892 -0.00344698 675.426
52 400   -0.0114772 -0.00246563 686.681
52 401   0.0114903 0.00263807 682.765
52 402   -0.00582396 0.00990672 818.218
52 403   0.00584796 -0.00995366 798.313
52 404   -0.0114248 -0.00289901 682.141
52 405   0.0110895 0.00283912 679.72
52 406   0.0109843 0.00301739 677.845
52 407   -0.00616863 0.0101067 724.364
52 408   0.00548646 -0.0102026 770.172
52 409   -0.0109272 -0.00327524 676.017
52 410   -0.00585618 0.0101165 712.718
52 411   -0.0112172 -0.00310115 678.036
52 412   -0.0109288 -0.00360148 672.812
52 413   0.0114062 0.00286984 680.096
52 414   -0.0113552 -0.00304124 679.955
52 415   0.0111276 0.00316807 675.586
52 416   0.0112687 0.00292358 678.869
52 417   -0.00599197 0.0101942 595.353
52 418   0.005798 -0.0101621 685.796
52 419   0.0056827 -0.01024 642.796
52 420   0.0114893 0.00302609 679.004
52 421   0.0112662 0.00309982 676.644
52 422   -0.0112796 -0.00326889 675.694
52 423   -0.0110929 -0.00337423 673.76
52 424   -0.0110838 -0.00349386 672.273
52 425   -0.0112157 -0.00335198 673.789
52 426   -0.0114067 -0.00329782 677.069
52 427   0.011355 0.0031723 676.109
52 428   -0.0111982 -0.00351965 671.089
52 429   -0.0114781 -0.0031631 679.889
52 430   -0.00596203 0.0103384 300.823
52 431   0.0114406 0.00315231 677.223
52 432   -0.0112778 -0.00344288 672.054
52 433   0.00571868 -0.0103576 417.625
52 434   0.0113612 0.00328021 674.574
52 435   -0.0114672 -0.00325194 678.979
52 436   0.0114409 0.00330749 675.461
52 437   0.0114844 0.00324581 676.857
52 438   -0.0114337 -0.00337325 676.804
52 439   -0.0113505 -0.00345852 671.803
52 440   -0.0113962 -0.00342409 673.751
52 441   0.0114556 0.00336338 675.29
52 442   -0.0114871 -0.00338433 679.964
52 443   -0.0114388 -0.00345149 674.287
52 444   0.0114905 0.00337161 676.787
52 445   0.0114907 0.00345064 875.87
52 446   0.00586867 -0.0104643 2.59498
52 447   -0.00786566 0.00835128 914.815
52 466   0.00804342 -0.00823625 904.94
52 467   0.00789063 -0.00741511 879.737
52 468   0.00688561 -0.00741326 904.096
52 469   0.00734389 -0.00839732 936.589
52 470   0.00642116 -0.00846498 950.366
52 471   0.00678172 -0.00803755 925.983
52 472   0.00678668 -0.00938798 942.415
52 473   0.00726917 -0.00893002 965.078
52 474   0.00683222 -0.00894688 966.961
52 493   -0.0064462 0.0097704 848.44
52 494   -0.00663232 0.00961967 890.252
52 507   -0.000428075 -0.00700391 749.319
52 508   -0.00230283 -0.00789834 735.353
52 509   0.000524931 -0.00767393 749.339
52 510   -0.00017648 -0.00881022 728.347
52 511   0.000716208 -0.009335 716.313
52 515   -0.00671704 -0.00627841 762.029
52 516   -0.00804631 -0.00445193 748.423
52 517   -0.00690109 -0.00481801 747.668
52 559   0.00650063 -0.00950143 919.509
52 560   0.00623076 -0.00948408 929.397
52 561   0.00599521 -0.00991221 803.269
52 562   0.0061378 -0.00977776 847.822
52 563   0.0061085 -0.0102231 597.447
52 564   0.00612556 -0.0100916 733.117
52 565   0.00603356 -0.0100674 741.822
52 566   0.00591182 -0.0102162 580.901
52 567   0.0060329 -0.010235 556.67
52 568   0.00600013 -0.0101629 661.134
52 569   0.00598213 -0.0102916 434.873
52 570   0.00590705 -0.0102849 448.689
52 571   0.00597113 -0.0103497 287.935
52 620   -0.00097329 0.00922514 718.9
52 624   0.0100017 -0.00522424 740.353
52 625   0.00876333 -0.00689514 831.289
52 626   0.00869917 -0.00590625 800.23
52 792   0.00586986 -0.010338 325.56
52 793   0.00581317 -0.0103689 279.421
52 794   0.00581864 -0.010413 118.703
52 795   0.00591755 -0.0103668 223.722
52 796   0.00591401 -0.0104033 85.7919
52 798   -0.00589396 0.0103657 218.391
52 799   -0.00589534 0.0104064 79.6727
52 800   -0.00526108 0.0101341 856.882
52 801   -0.00520143 0.0099491 923.372
52 802   -0.00566652 0.00985584 858.923
52 803   -0.00536704 0.00985015 914.4
52 804   -0.00551916 0.00974084 921.944
52 805   -0.00540939 0.0101011 825.891
52 806   -0.00545563 0.00995392 865.036
52 807   -0.00557317 0.0099764 830.684
52 808   -0.0055404 0.0102747 706.94
52 809   -0.00557079 0.0100886 788.781
52 810   -0.00548307 0.0101586 787.943
52 811   -0.00573949 0.0101952 672.127
52 812   -0.00562883 0.0101522 753.672
52 813   -0.00562739 0.0102571 672.528
52 814   -0.0058406 0.0103392 349.334
52 815   -0.00577216 0.0102866 496.471
52 816   -0.00570392 0.0103135 510.762
52 818   -0.0057293 0.0103765 372.352
52 821   -0.00581553 0.0103699 282.024
52 822   -0.00579055 0.0104149 157.442
52 823   -0.00577246 0.0103803 309.972
52 824   -0.00582084 0.0104131 118.08
52 825   -0.0058378 0.0103921 185.456
52 826   -0.00586426 0.010402 109.804
52 827   -0.00583859 0.0104267 59.8963
52 828   -0.00585601 0.0104192 64.6213
52 829   -0.005851 -0.0070777 748.382
52 831   -0.00368105 -0.007955 751.275
52 832   -0.00426791 -0.0067225 750.329
52 843   -0.00701204 0.00904259 966.701
52 844   -0.00735349 0.00876606 953.218
52 922   0.00118306 0.00814505 735.679
52 923   0.00251508 0.00681142 744.054
52 924   0.00378887 0.00849508 750.514
52 925   0.00394755 0.00740332 748.933
52 927   0.00269617 0.00893656 724.789
52 928   0.00152283 0.00917842 729.698
52 940   -0.0022872 -0.00901556 724.414
52 941   -0.00111386 -0.00925743 730.096
52 960   -0.00988571 0.00477884 736.585
52 963   -0.00848383 0.00681281 839.012
52 964   -0.00830104 0.00538151 796.74
52 1042   0.00160352 -0.00919356 719.613
52 1043   0.00254576 -0.00853112 772.69
52 1044   0.00171339 -0.00815156 756.982
52 1045   -0.00311877 0.00863108 863.193
52 1046   -0.00254348 0.00814166 812.144
52 1047   -0.00186872 0.00879183 743.059
52 1049   -0.00214824 0.0093284 726.978
52 1050   -0.00273978 0.00923411 754.183
52 1051   0.00402073 -0.00947148 938.239
52 1052   0.00452436 -0.00967496 962.683
52 1196   0.00654261 -0.0098038 839.248
52 1199   0.00626432 -0.0100287 771.229
52 1200   0.00631491 -0.00987009 817.379
52 1449   0.0107666 -0.00310884 710.545
52 1450   0.0110536 -0.00179398 702.703
52 1531   -0.00584315 0.0104426 19.9606
52 1532   0.0114922 0.0034385 737.619
52 1533   0.0114866 0.00340367 677.449
52 1534   0.00586301 -0.0104444 9.08528
52 1535   0.00588675 -0.0104113 65.5726
52 1536   0.00585821 -0.0104156 71.3441
52 1537   0.00584912 -0.0104388 18.8874
52 1538   0.00587764 -0.010457 3.49067
52 1540   0.00587776 -0.0104428 8.42689
52 1541   0.0058924 -0.0104329 16.4452
52 1544   -0.0114753 -0.00341629 680.34
52 1545   -0.0114901 -0.00342513 684.491
52 1546   -0.0114644 -0.00343261 678.485
52 1547   -0.0114919 -0.00344484 699.102
52 1550   -0.0114747 -0.00344441 679.833
52 1551   -0.0114841 -0.00343946 686.297
52 1569   -0.00590495 0.0104264 31.7525
52 1575   -0.00586947 0.0104309 27.8002
52 1576   -0.0058878 0.0104472 7.25137
52 1577   -0.00588734 0.0104337 17.6466
52 1578   -0.00587442 0.0104496 6.74241
52 1579   -0.00585635 0.010444 12.4174
52 1580   -0.00586525 0.0104398 14.003
52 1581   -0.00586513 0.0104548 5.69362
52 1582   -0.00587426 0.0104573 4.09346
52 1583   0.00729466 0.00282012 722.749
52 1584   0.00815556 0.00257901 710.698
52 1585   0.00689555 0.00640512 763.761
52 1586   0.00556991 0.00520066 746.536
52 1587   0.00602951 0.00720441 748.201
52 1588   0.00517614 0.00675374 751.78
52 1589   0.00711201 0.00390733 733.861
52 1590   0.00654715 0.0047957 744.429
52 1591   0.00701942 0.00554948 756.398
52 1594   0.00764623 0.00423329 737.6
52 1595   0.00846421 0.00476639 767.401
52 1596   0.0081042 0.00524514 766.536
52 1597   0.00768805 0.00510762 756.895
52 1598   0.00836814 0.00336656 713.655
52 1599   0.0084433 0.00432922 750.426
52 1600   0.00804146 0.00393364 729.664
52 1601   0.00934327 0.00406179 703.276
52 1602   0.00875568 0.00402022 732.272
52 1603   0.00878429 0.00350407 708.776
52 1604   0.0100343 0.00354057 684.301
52 1605   0.00958316 0.003716 692.994
52 1606   0.00922509 0.00335608 698.681
52 1607   0.0100697 0.002981 685.944
52 1608   0.00963286 0.00289836 692.114
52 1611   0.0103084 0.00367871 679.976
52 1612   0.0106338 0.0032869 677.731
52 1613   0.0106508 0.0036631 675.603
52 1614   0.010475 0.00348866 678.366
52 1615   0.0110149 0.00356991 671.942
52 1616   0.0107938 0.00353652 674.447
52 1617   0.0108254 0.00338618 675.124
52 1618   0.0111141 0.00329413 673.937
52 1619   0.0110973 0.00346783 671.901
52 1620   0.0109956 0.00337132 673.74
52 1621   0.0112108 0.00343662 671.468
52 1622   0.0113058 0.00332949 673.214
52 1623   0.0112119 0.00333808 672.958
52 1624   0.0113448 0.00347835 670.273
52 1625   0.0112868 0.00344767 670.982
52 1626   0.0113299 0.00339081 672.16
52 1627   0.0114235 0.00339528 673.597
52 1628   0.0113934 0.00343898 671.426
52 1629   0.0113824 0.003404 672.284
52 1630   0.0114285 0.00344229 672.118
52 1631   0.0114405 0.00341823 673.751
52 1632   0.0114767 0.00343437 680.697
52 1633   0.0114687 0.0034184 676.409
52 1635   0.011464 0.00344766 673.234
52 1636   0.011444 0.00345574 671.914
end
