971
16 1   -0.0449783 0.00322089 888.355
16 2   -0.0451575 -0.00296669 888.318
16 3   -0.0499783 0.00825029 897.255
16 4   -0.0399783 0.00822196 883.674
16 5   -0.0322035 0.032058 945.24
16 6   -0.0411397 -0.00651022 887.303
16 7   -0.00186362 0.0287481 946.071
16 8   -0.0323017 -0.0324518 948.493
16 9   -0.0435155 -0.0297249 937.747
16 10   -0.0497164 -0.0177623 953.449
16 11   -0.0384822 -0.00723589 883.92
16 12   -0.00579406 0.0114193 912.613
16 13   -0.00627759 0.0113643 919.294
16 14   0.00633393 -0.0112822 920.152
16 15   -0.00713923 0.0105437 968.826
16 16   -0.00626551 0.010962 899.861
16 17   -0.00564386 0.0110894 883.643
16 18   -0.00666299 0.0107912 950.261
16 19   0.0063389 -0.0109094 904.435
16 20   -0.00685536 0.010492 965.379
16 21   -0.00642691 0.0107606 909.345
16 22   -0.00601687 0.0108939 867.876
16 23   0.00589812 -0.0109526 866.404
16 24   0.00643239 -0.0107472 908.348
16 25   0.00610186 -0.0108458 866.12
16 26   -0.00669063 0.0105783 966.621
16 331   -0.009982 -0.030376 961.339
16 332   -0.00732432 -0.0334587 964.528
16 333   -0.00836114 -0.0268937 936.165
16 334   -0.00498211 -0.0260943 945.526
16 344   -0.042994 -0.0255753 960.015
16 346   -0.0473105 0.0259424 942.104
16 347   -0.0511395 0.0239916 939.522
16 348   -0.0440355 0.0244663 960.359
16 349   -0.0451435 0.0217736 947.651
16 358   0.00654559 0.0224934 941.693
16 359   0.00463678 0.0250914 916.691
16 360   -0.000412585 0.0243761 967.294
16 361   0.00244433 0.0234805 956.929
16 372   -0.0355103 0.0307404 958.861
16 373   -0.0410061 0.0310471 955.138
16 374   -0.0391949 0.0336824 958.134
16 375   -0.0359285 0.0279517 935.789
16 376   -0.0387145 0.0282585 958.2
16 400   -0.00494736 0.0301605 963.223
16 401   -0.00736054 0.0334881 964.717
16 402   -0.0100587 0.0304644 961.54
16 403   -0.00638035 0.0269849 949.619
16 404   -0.00891065 0.0272888 940.239
16 407   0.00568225 -0.0311327 708.628
16 408   -0.0021962 -0.0282876 951.619
16 409   -0.00291756 -0.0321696 925.993
16 410   0.00604293 -0.024414 915.287
16 411   0.00131106 -0.0265989 931.232
16 412   0.00422519 -0.0279027 862.968
16 413   0.0015747 -0.0231682 963.833
16 414   0.00448883 -0.0222724 953.076
16 415   0.000489369 -0.0208783 965.615
16 416   0.00175235 -0.0185508 966.817
16 418   -0.0360752 -0.0260357 900.648
16 419   -0.032744 -0.0236777 884.172
16 459   -0.0473569 0.0130464 909.415
16 460   -0.0423569 0.0130464 880.663
16 461   -0.0432972 0.016803 880.748
16 462   -0.0410182 0.0154644 862.436
16 486   -0.0501575 -0.00543783 891.201
16 489   -0.0485452 -0.0149777 923.132
16 490   -0.0489862 -0.00940488 897.917
16 491   -0.0513287 -0.0114686 909.44
16 492   -0.0435766 -0.0109537 889.751
16 493   -0.0464232 -0.0113773 898.222
16 494   -0.0459821 -0.0144506 906.123
16 495   -0.0421376 -0.012754 883.474
16 496   -0.0433718 -0.015219 885.319
16 497   -0.0397007 -0.011943 877.35
16 498   -0.0387185 -0.0133984 866.646
16 642   -0.0380019 -0.0246221 856.252
16 643   -0.0403186 -0.0242467 869.344
16 650   -0.0411475 0.024998 919.908
16 651   -0.0392006 0.026191 923.343
16 652   -0.00116398 -0.0168951 940.075
16 653   0.000715542 -0.0170058 958.95
16 654   -0.00163693 -0.015505 942.547
16 657   -0.00676534 -0.014825 875.747
16 658   -0.00529601 -0.0157623 885.084
16 659   -0.00629238 -0.0134061 875.701
16 660   -0.00702705 -0.0123995 844.758
16 661   -0.00726352 -0.0111998 819.66
16 662   -0.00679057 -0.0117165 830.467
16 663   -0.00655409 -0.0107646 867.545
16 664   -0.00714528 -0.0108583 818.539
16 665   -0.00690881 -0.0107132 839.905
16 666   -0.00702705 -0.0103823 823.376
16 668   -0.0423508 0.0186852 856.807
16 669   -0.0429363 0.0207009 874.508
16 684   0.00716357 0.0124549 858.546
16 685   0.00682713 0.0115566 831.94
16 689   0.00633407 0.0108014 863.823
16 690   0.00598991 0.0109817 817.123
16 691   -0.000764742 0.0201223 944.555
16 692   -0.00209999 0.0226144 936.007
16 693   -0.00172772 -0.0203381 924.665
16 694   -0.00234426 -0.0179 911.57
16 695   -0.0062712 -0.0186113 782.129
16 696   -0.00480187 -0.0172912 863.046
16 715   -0.0423729 -0.0198649 855.005
16 716   -0.0420431 -0.0170842 860.584
16 717   -0.0386082 -0.0180048 771.773
16 718   -0.0398267 -0.0160746 839.717
16 722   0.00606772 0.0118897 835.198
16 723   0.00573129 0.0114335 804.035
16 725   0.0051401 0.0115527 785.184
16 747   -0.0116585 -0.022876 888.631
16 748   -0.0090434 -0.0243937 879.253
16 756   0.00125409 -0.0159125 962.175
16 757   0.00242824 -0.0152156 964.841
16 758   0.00130217 -0.0127723 964.057
16 759   0.00209099 -0.0143257 963.938
16 760   0.00253173 -0.013644 961.355
16 761   0.00225452 -0.0124912 920.286
16 762   0.00197555 -0.0130201 954.461
16 763   0.00421433 -0.0135886 963.332
16 764   0.00337613 -0.0134951 962.674
16 765   0.00349795 -0.0129971 963.559
16 766   0.00272297 -0.0125937 937.264
16 767   0.00325464 -0.0123863 964.052
16 768   0.00313744 -0.0127624 959.689
16 770   0.0027084 -0.012239 897.624
16 771   0.00297192 -0.0121963 940.805
16 775   -0.00244574 0.0189174 902.701
16 776   -0.0024845 0.0173264 919.605
16 777   -0.00415909 0.0166782 902.217
16 778   -0.00330512 0.0150233 940.044
16 779   -0.00405924 0.0155326 925.708
16 780   -0.00345674 0.0141405 949.004
16 781   -0.0042369 0.013775 949.361
16 782   -0.00322174 0.0134689 955.899
16 783   0.000581813 0.0155416 957.537
16 784   -0.00214441 0.0148738 950.368
16 785   -0.00122394 0.0160313 947.324
16 786   -0.00132938 0.0139221 963.284
16 787   -0.00264692 0.0133474 955.738
16 788   -0.00192829 0.0135128 961.219
16 789   -0.00121407 0.0124646 969.195
16 790   -0.00145526 0.0130828 966.73
16 791   -0.00193703 0.0123527 936.76
16 792   -0.00156997 0.0125739 963.887
16 793   -0.00175471 0.0128781 962.265
16 794   -0.00250156 0.0128698 952.334
16 795   -0.00208239 0.0128304 954.217
16 796   -0.00216117 0.0124835 933.8
16 797   -0.00300726 0.0124237 951.964
16 798   -0.00270435 0.0126399 947.42
16 799   -0.00245633 0.0124057 923.768
16 801   -0.00262748 0.0122108 893.927
16 802   -0.002891 0.0121681 929.519
16 803   -0.0329455 0.023087 875.381
16 804   -0.0348556 0.0252984 884.645
16 823   -0.00579346 0.0243329 874.747
16 824   -0.00431321 0.0228226 856.252
16 829   -0.00631762 -0.0116954 829.489
16 830   -0.00631762 -0.0111574 832.135
16 831   -0.00268635 -0.0149204 934.721
16 832   -0.00393635 -0.0150417 915.675
16 833   -0.00533386 -0.0134123 896.225
16 834   -0.00444715 -0.0141105 917.044
16 835   -0.00511631 -0.0126566 891.482
16 836   -0.00536225 -0.0122273 862.419
16 837   -0.00584151 -0.0119553 834.284
16 838   -0.00488614 -0.0120838 869.502
16 839   -0.00477579 -0.011712 828.521
16 840   -0.00500911 -0.0118692 840.384
16 841   -0.00560345 -0.0116818 814.394
16 842   -0.00524716 -0.0117392 817.855
16 843   -0.0059629 -0.0112088 813.929
16 844   -0.00572485 -0.0114733 802.64
16 845   -0.00548837 -0.0113282 778.296
16 847   -0.00584466 -0.0110018 810.328
16 848   -0.00560819 -0.0111257 772.002
16 849   -0.011406 0.0229644 883.734
16 850   -0.00958891 0.0247888 888.413
16 856   -0.0330552 -0.0212259 854.53
16 884   -0.0510348 0.0324945 690.834
16 886   -0.0472058 0.0298592 857.223
16 887   -0.0442755 0.0323647 885.379
16 893   -0.0461701 -0.0323668 829.126
16 895   0.00530755 0.0195835 967.991
16 896   0.00195666 0.0167426 961.304
16 897   0.00159344 0.0191374 966.382
16 898   0.00311511 0.0207338 968.007
16 902   0.00688098 0.0171994 967.746
16 903   0.00564294 0.0178237 969.159
16 904   0.00340471 0.0162955 962.375
16 905   0.00461492 0.0170792 966.731
16 906   0.00422641 0.014056 946.245
16 907   0.00433035 0.0150561 953.816
16 908   0.00331913 0.0151518 956.866
16 909   0.00359378 0.0136864 950.131
16 910   0.00362846 0.0130321 953.143
16 911   0.00709099 0.0150576 945.039
16 912   0.00647198 0.0161427 960.839
16 913   0.00524496 0.0152918 953.384
16 914   0.00544395 0.0161712 961.49
16 915   0.00675456 0.0134418 902.798
16 916   0.00668199 0.0143874 932.643
16 917   0.00586398 0.0145932 941.641
16 918   0.00476132 0.0136298 935.645
16 919   0.00548428 0.0139312 931.377
16 920   0.00561545 0.0126154 878.83
16 921   0.00596585 0.0132692 904.612
16 922   0.00463365 0.0130494 928.433
16 923   0.0050062 0.012697 901.544
16 924   0.00445333 0.0117937 843.029
16 925   0.00485825 0.0122927 879.961
16 926   0.00487631 0.0118884 833.255
16 927   0.00396465 0.0122389 951.492
16 928   0.00455363 0.0123335 904.348
16 929   0.00431693 0.0120626 896.92
16 930   0.00401507 0.0126859 947.936
16 931   0.00435832 0.0127118 931.718
16 933   0.00371454 0.0121248 967.407
16 934   0.00345101 0.0121676 969.002
16 974   -0.0243251 -0.0325 931.615
16 975   -0.0289749 -0.0299518 930.236
16 976   -0.0295489 -0.0249518 909.488
16 977   -0.0261837 -0.0225 914.323
16 978   -0.00622599 0.0152903 909.042
16 979   -0.00707533 0.0145001 916.935
16 980   -0.00499958 0.0149467 926.227
16 981   -0.00502562 0.014072 938.648
16 982   -0.00584036 0.0134941 936.993
16 983   -0.00666367 0.0135787 929.023
16 984   -0.00729502 0.0124658 929.201
16 985   -0.00647339 0.0125057 933.713
16 986   -0.00688336 0.0129576 930.776
16 987   -0.00657353 0.0115673 929.568
16 988   -0.00668006 0.012055 931.217
16 989   -0.00709003 0.0119728 931.245
16 990   -0.00731402 0.0108229 960.08
16 992   -0.00729502 0.0114943 935.809
16 993   -0.00700251 0.0109841 951.718
16 994   -0.0069835 0.0113147 938.812
16 1124   -0.0386391 -0.021393 572.436
16 1125   -0.0393573 -0.0200263 635.523
16 1126   -0.0401874 -0.0222435 781.123
16 1127   -0.0409056 -0.0208768 791.792
16 1128   -0.00545862 -0.0203689 693.497
16 1129   -0.00337275 -0.0214869 865.174
16 1130   -0.0042052 -0.0232645 876.483
16 1131   -0.00693765 -0.0231052 795.365
16 1132   -0.007334 -0.0215875 649.048
16 1133   -0.0370683 0.0218364 701.704
16 1134   -0.041033 0.0218363 799.496
16 1135   -0.0403523 0.0234407 833.28
16 1136   -0.0384053 0.0246337 847.857
16 1137   -0.0368463 0.0240478 827.314
16 1144   -0.00820905 0.0219003 745.562
16 1145   -0.0069439 0.0217484 644.463
16 1146   -0.00828552 0.0237246 846.241
16 1147   -0.00702037 0.0235727 824.371
16 1148   -0.00738176 -0.0105999 783.496
16 1151   -0.00738176 -0.0101964 567.802
16 1152   -0.00726352 -0.0103929 767.428
16 1159   0.00733178 0.0108501 806.867
16 1160   0.00699535 0.0110264 826.587
16 1161   0.00666664 0.0108176 851.46
16 1162   0.00684065 0.0106312 851.039
16 1163   0.00685224 0.0104346 858.163
16 1164   0.00716936 0.0106495 809.299
16 1166   0.00718095 0.0103577 776.166
16 1167   0.00733758 0.0104661 766.265
16 1171   0.00742169 0.0101363 434.24
16 1172   0.00726506 0.0102183 694.583
16 1177   -0.0074126 0.010146 912.781
16 1178   -0.00723781 0.0102376 966.984
16 1179   -0.0073252 0.0103922 966.481
16 1184   0.000866782 0.0143265 959.796
16 1185   0.00171033 0.014001 954.322
16 1186   0.00145753 0.0134576 949.778
16 1187   0.0017775 0.0131008 938.351
16 1188   0.001154 0.0126993 914.081
16 1189   0.00151934 0.0128505 922.739
16 1190   0.00162841 0.0125751 888.689
16 1192   0.00113132 0.0124453 872.879
16 1193   0.00139484 0.0124025 843.675
16 1196   0.00276462 0.0122704 966.48
16 1197   0.00318038 0.0128687 958.803
16 1198   0.00318512 0.0124298 967.817
16 1199   0.00280068 0.0144125 953.837
16 1200   0.00235497 0.0140296 952.779
16 1201   0.00317926 0.0139471 951.678
16 1202   0.00285933 0.0131228 953.324
16 1203   0.00289289 0.0135469 951.47
16 1204   0.00257421 0.0135815 950.312
16 1205   0.00218484 0.0130971 942.647
16 1206   0.00263529 0.0130411 951.074
16 1207   0.002446 0.0132738 948.43
16 1208   0.00248494 0.0125306 951.454
16 1209   0.00251969 0.012845 949.001
16 1210   0.00222858 0.0128837 939.802
16 1212   0.00181471 0.012416 881.37
16 1215   0.00206208 0.0125907 922.746
16 1216   0.00222379 0.0123539 934.788
16 1220   -0.00426777 0.0198941 825.244
16 1221   -0.00620377 0.0209932 590.063
16 1222   -0.0048 0.0213072 785.996
16 1233   -0.00489718 -0.0115035 792.765
16 1234   -0.00513208 -0.0115201 791.189
16 1235   -0.00525189 -0.0113176 764.234
16 1240   -0.00454089 -0.0116954 841.171
16 1347   -0.00262113 -0.0140017 944.069
16 1348   -0.00200784 -0.0132656 946.273
16 1349   -0.00228307 -0.0125473 937.05
16 1350   -0.00289756 -0.0126565 964.487
16 1351   -0.0029862 -0.0122243 969.264
16 1352   -0.00393528 -0.0136542 933.419
16 1353   -0.00335926 -0.0136666 942.816
16 1354   -0.00336045 -0.0130397 956.458
16 1355   -0.00379562 -0.0128838 953.758
16 1356   -0.00419557 -0.0131088 936.393
16 1357   -0.00448989 -0.0128094 927.319
16 1358   -0.00430753 -0.0125064 938.607
16 1359   -0.00390128 -0.0125746 959.542
16 1360   -0.00445784 -0.0122101 916.299
16 1361   -0.00434591 -0.0119788 906.546
16 1362   -0.00411259 -0.0119561 938.445
16 1365   -0.00338148 -0.0121602 966.829
16 1366   -0.00386259 -0.0120394 967.051
16 1367   -0.00368651 -0.0122769 968.72
16 1392   0.00667442 -0.0183056 968.601
16 1393   0.00512031 -0.0200089 965.811
16 1394   0.00346916 -0.0185771 969.478
16 1395   0.0036065 -0.0155126 966.611
16 1396   0.00419769 -0.0169806 969.088
16 1397   0.00584885 -0.0167671 969.343
16 1398   0.00453276 -0.0145206 965.041
16 1399   0.00631197 -0.0154484 967.315
16 1400   0.00558707 -0.01467 964.872
16 1401   0.0060502 -0.0137021 959.741
16 1402   0.00728382 -0.012312 942.089
16 1403   0.00648902 -0.0124276 944.967
16 1404   0.00692137 -0.0127975 948.758
16 1405   0.00657531 -0.0115094 932.195
16 1406   0.00663529 -0.0119586 937.781
16 1407   0.00706765 -0.0119256 939.001
16 1408   0.00686959 -0.0113609 938.512
16 1409   0.00714574 -0.0115921 938.06
16 1410   0.00694769 -0.0110641 948.411
16 1411   0.00703535 -0.010349 960.968
16 1413   0.00713755 -0.0148698 964.854
16 1414   0.0067751 -0.0140087 960.273
16 1415   0.00713755 -0.0134543 955.09
16 1428   0.00736192 -0.0114109 940.113
16 1431   0.00743096 -0.0109746 951.629
16 1432   0.00729288 -0.0111884 945.76
16 1433   0.0071548 -0.0110728 950.559
16 1434   0.00717567 -0.0107093 966.265
16 1435   0.00722384 -0.0108836 958.677
16 1436   0.00736192 -0.0108345 958.18
16 1437   0.00744139 -0.0105522 961.235
16 1438   0.00737236 -0.0106939 962.17
16 1439   0.00725514 -0.0106265 966.914
16 1440   0.00722784 -0.0103595 969.588
16 1441   0.00738279 -0.0104599 963.89
16 1442   0.00726558 -0.0105097 968.681
16 1445   0.00744139 -0.0103178 950.159
16 1446   0.00734505 -0.0102511 956.773
16 1449   0.00735548 -0.0101343 928.983
16 1450   0.00745183 -0.0100838 805.301
16 1520   -0.00327854 0.0122424 966.576
16 1528   0.000125961 0.0320757 871.481
16 1531   0.00567826 0.0322389 693.192
16 1532   0.00376944 0.0293146 819.356
16 1534   -0.0375058 -0.0216511 641.403
16 1535   -0.0367374 -0.022877 790.685
16 1536   -0.0358903 -0.0206129 751.348
16 1537   -0.035122 -0.0218388 812.249
16 1555   -0.040572 -0.0310371 957.006
16 1556   -0.0390551 -0.033679 958.606
16 1557   -0.0369654 -0.0284888 950.457
16 1558   -0.0354485 -0.0311308 961.416
16 1582   -0.000489288 0.0137133 968.209
16 1583   0.00013957 0.0139073 965.186
16 1584   0.000907628 0.0134071 957.082
16 1585   0.000433217 0.0135312 965.602
16 1586   0.000862258 0.012899 946.698
16 1587   -0.000536388 0.0132209 969.592
16 1588   -0.000847011 0.0126857 968.262
16 1589   -0.000903452 0.0129997 969.506
16 1590   9.61025e-05 0.013223 969.32
16 1591   -0.000244644 0.0131067 969.036
16 1592   0.00053467 0.0128351 961.843
16 1593   6.21616e-05 0.012783 966.987
16 1594   0.000242926 0.0130349 969.279
16 1596   0.000222144 0.0126046 968.2
16 1597   0.000485667 0.0125618 959.462
16 1600   -0.00567155 0.0188906 790.66
16 1601   -0.00679811 0.0194675 662.969
16 1602   -0.00665066 0.0164638 873.894
16 1603   -0.0055241 0.0172658 861.941
16 1610   0.00370852 -0.0121341 963.344
16 1611   0.00344499 -0.0121769 969.242
16 1623   0.00386451 -0.0337109 702.254
16 1624   0.000229019 -0.0337109 835.857
16 1627   -0.00061584 -0.0150635 956.109
16 1628   0.000395656 -0.0153603 960.277
16 1629   0.000998172 -0.0145257 964.54
16 1630   -0.000782595 -0.0141233 960.86
16 1631   -0.00104824 -0.0126667 933.628
16 1632   -0.00130005 -0.0132994 951.844
16 1633   0.00062898 -0.0139868 966.999
16 1634   -0.000140291 -0.0138811 967.321
16 1635   0.000902093 -0.0132057 968.963
16 1636   -0.000650026 -0.0128997 968.488
16 1637   -1.86737e-06 -0.0129953 966.731
16 1638   -0.000259536 -0.0132903 969.535
16 1640   -0.000524119 -0.0125833 969.13
16 1641   -0.000260596 -0.0126261 958.744
16 1645   -0.00925594 -0.0209587 803.936
16 1646   -0.0114746 -0.0209587 864.176
16 1658   -0.0356265 0.021029 782.676
16 1659   -0.0334944 0.021029 846.447
16 1664   -0.0386395 0.0165027 828.996
16 1667   -0.0406415 0.0185145 809.586
16 1668   -0.0392093 0.0176707 804.612
16 1669   -0.0380698 0.018668 789.931
16 1670   -0.0398778 0.0203193 731.456
16 1671   -0.0384455 0.0203088 517.234
16 1672   0.00560807 -0.0129786 956.172
16 1673   0.00590061 -0.0124435 947.317
16 1674   0.00401128 -0.0127944 966.702
16 1675   0.00397289 -0.0123288 969.463
16 1676   0.00458133 -0.0130526 963.043
16 1677   0.00492075 -0.012765 960.24
16 1678   0.00532629 -0.011324 901.08
16 1679   0.00560475 -0.0119243 936.402
16 1680   0.005753 -0.0112137 891.729
16 1681   0.00595177 -0.0114797 916.569
16 1682   0.00473798 -0.0116352 938.728
16 1683   0.00519268 -0.011958 942.072
16 1684   0.00511299 -0.0116238 928.089
16 1685   0.0042263 -0.0121437 968.268
16 1686   0.0045807 -0.0118604 954.225
16 1687   0.00480944 -0.0121165 955.189
16 1688   0.0046041 -0.0123217 962.095
16 1691   0.00416821 -0.0118885 968.441
16 1692   0.00431727 -0.0118104 961.008
16 1693   -0.024242 0.0325 931.095
16 1694   -0.0288215 0.029558 927.843
16 1695   -0.0263429 0.0225 913.533
16 1696   -0.0297309 0.024558 906.066
16 1697   -0.0221348 0.0247381 923.481
16 1698   -0.0209431 0.0297381 930.494
16 1699   -0.0143949 0.0242144 914.183
16 1700   -0.0161898 0.0322381 943.66
16 1701   -0.0137259 0.0292144 942.83
16 1703   -0.0164987 0.0222381 917.395
16 1704   -0.0196022 0.0222381 922.227
16 1710   0.00659615 -0.0107553 944.058
16 1711   0.00682214 -0.010848 955.728
16 1712   0.00686807 -0.0105306 968.655
16 1713   0.00698109 -0.0106824 967.828
16 1715   0.00656473 -0.0105839 951.32
16 1716   0.00667771 -0.0105248 968.529
16 1720   -0.00426542 0.0130607 959.276
16 1721   -0.00362732 0.0130092 961.858
16 1722   -0.00380558 0.0121569 961.323
16 1723   -0.00352656 0.0124766 968.48
16 1724   -0.0054858 0.0117436 932.686
16 1725   -0.00490705 0.0116383 945.586
16 1726   -0.0058692 0.0123601 938.688
16 1727   -0.00545585 0.0127274 946.058
16 1728   -0.00486398 0.0124945 957.548
16 1729   -0.00447527 0.0126873 962.867
16 1730   -0.0041162 0.0123161 969.318
16 1731   -0.00431796 0.0120786 968.685
16 1732   -0.00470597 0.0118808 959.4
16 1733   -0.00469116 0.0121628 962.021
16 1736   -0.00423594 0.0118473 969.05
16 1737   -0.0044296 0.0117459 966.316
16 1759   -0.000555267 0.0125715 961.398
16 1762   -0.000159982 0.0126356 950.206
16 1763   -0.000319964 0.0127713 962.244
16 1769   0.000522252 -0.0127837 968.29
16 1770   0.000258729 -0.0128264 960.706
16 1776   -0.0473573 -0.0202839 960.5
16 1777   -0.0482062 -0.0233078 962.955
16 1778   -0.0439056 -0.0210483 914.335
16 1779   -0.0447545 -0.0240722 962.012
16 1797   -0.0110112 0.0209881 853.503
16 1798   -0.0091176 0.0209881 777.721
16 1833   -0.0505653 -0.0249959 925.417
16 1836   -0.0491003 -0.0299098 801.406
16 1837   -0.0510349 -0.032543 689.173
16 1849   -0.0511395 0.0177499 958.409
16 1850   -0.0457972 0.016803 915.906
16 1851   -0.0485182 0.0154644 927.206
16 1852   -0.049779 0.0204998 968.1
16 1853   -0.047058 0.0197579 953.505
16 1894   -0.0210149 -0.0297087 930.934
16 1895   -0.0146767 -0.024126 916.824
16 1896   -0.017042 -0.0222087 919.852
16 1897   -0.0199213 -0.0222087 922.76
16 1898   -0.0222995 -0.0247087 923.693
16 1899   -0.0162029 -0.0322087 944.038
16 1900   -0.0136825 -0.029126 943.04
52 207   -0.00666945 0.00287617 954.341
52 208   -0.00455536 0.00137344 965.975
52 209   0.00362089 -0.00102337 967.532
52 210   0.00366906 0.00121241 967.643
52 211   0.00851808 0.000424305 928.994
52 212   -0.00449001 -0.000984688 966.172
52 213   -0.0024845 0.00245507 969.416
52 214   -0.000484443 -0.0010219 969.423
52 215   0.00755059 -0.00155019 939.373
52 216   0.00153459 0.00229128 969.499
52 217   0.00156395 -0.00441294 969.066
52 218   -0.000487646 0.00119267 969.449
52 219   0.00148962 -0.00215907 969.514
52 220   -0.00241595 -0.00211764 969.279
52 221   -0.00242142 -0.00436232 969.562
52 222   0.00537908 -0.00223413 963.774
52 223   -0.00849384 0.001994 929.389
52 224   0.00141225 0.0043689 969.497
52 225   -0.00878109 -0.000345454 926.992
52 226   0.00342743 -0.00539202 965.365
52 227   -0.00236958 0.00449395 968.987
52 228   -0.00424175 -0.00526604 969.432
52 229   -0.0078109 -0.00189812 945.06
52 230   -0.000495056 0.00530917 968.232
52 231   -0.00599122 -0.00217812 963.763
52 232   0.00737946 0.00183522 948.786
52 233   0.0051113 -0.00434892 969.059
52 234   0.00304988 0.0053674 969.298
52 235   0.00532617 0.0021911 965.617
52 236   -0.00642061 0.00485958 965.633
52 237   0.00282888 0.00718263 966.89
52 238   0.00853062 -0.00314071 930.143
52 239   -0.00573749 -0.00421479 969.27
52 240   -0.00832679 -0.00381985 961.341
52 241   0.00655625 -0.00528012 967.104
52 242   -0.0023595 0.00788712 951.425
52 243   0.00363748 -0.00700693 942.872
52 244   -0.0044604 -0.00680827 967.96
52 245   -0.00365047 0.0055212 964.431
52 246   -0.00706881 -0.00502874 961.143
52 247   -0.003604 -0.00791494 964.331
52 248   0.00459127 0.0048307 969.62
52 249   0.00789661 0.00326019 956.388
52 250   0.00528682 0.00371721 968.81
52 251   0.0084768 0.00413919 963.66
52 252   -0.00491363 0.00545678 964.266
52 253   0.00780405 -0.00475585 947.903
52 254   0.0056979 0.00575452 969.257
52 255   -0.0033758 0.00693204 947.368
52 256   0.00649797 -0.0065884 930.054
52 257   -0.00584006 -0.00723549 968.327
52 258   0.0048826 -0.00754605 897.248
52 259   -0.00722797 -0.0062226 962.447
52 260   0.00671188 0.00510211 968.826
52 261   0.00398979 -0.0091319 927.219
52 262   -0.00444477 0.00746519 914.14
52 263   -0.00522066 0.00678741 916.171
52 264   0.00574825 -0.007334 845.754
52 265   0.00658999 0.00403737 968.589
52 266   -0.00670012 -0.00696382 969.409
52 267   0.00753013 0.00541888 944.688
52 268   -0.00598913 0.00713352 848.06
52 269   -0.00574394 -0.00824263 963.195
52 270   0.00480016 -0.00867163 888.007
52 271   -0.00458508 0.00829149 894.901
52 272   -0.00409136 0.00890584 918.475
52 273   -0.00806745 -0.00667669 968.034
52 274   0.00760578 0.00669997 969.269
52 275   0.0054195 -0.00912858 854.408
52 276   0.00782717 0.00612411 955.536
52 277   0.00595558 -0.00887522 817.548
52 278   -0.0052054 0.00929892 868.87
52 279   0.00492949 -0.0103678 958.232
52 280   0.00526289 -0.0100821 911.86
52 281   0.00812671 0.00702434 967.32
52 282   0.00546789 -0.00970339 857.288
52 283   -0.0055557 0.00961186 844.424
52 284   0.00803455 0.0074304 958.488
52 285   -0.00620357 0.00913113 793.2
52 286   0.00565885 -0.0103197 895.124
52 287   0.00587993 -0.00985459 800.07
52 288   0.00834215 0.00755666 948.651
52 289   -0.00589246 0.00956318 801.197
52 290   -0.00609213 0.00940685 787.1
52 291   0.00620515 -0.00966737 756.083
52 292   -0.00823811 -0.00831573 869.969
52 293   0.00611168 -0.00982296 747.243
52 294   -0.00831614 -0.00814428 898.973
52 295   0.00783487 0.00885049 938.531
52 296   0.00593047 -0.0101297 786.672
52 297   -0.00602681 0.00982434 770.872
52 298   0.00811256 0.00852627 888.423
52 299   -0.00630135 0.00958899 752.15
52 300   0.00825088 0.00843054 849.521
52 301   0.00810352 0.00865533 890.523
52 302   0.0062492 -0.0100399 587.024
52 303   0.00837943 0.00845964 756.119
52 304   0.00611702 -0.0102048 686.284
52 305   -0.00841971 -0.0084452 735.097
52 306   -0.00852092 -0.00822909 877.24
52 307   0.00843867 0.00837204 762.324
52 308   0.00617926 -0.0101597 524.461
52 309   0.006216 -0.0101219 509.145
52 310   0.00850367 0.00838651 730.654
52 311   0.00628415 -0.0101725 100.249
52 312   0.00623566 -0.0102167 230.932
52 313   0.00852566 0.0084151 703.763
52 314   -0.00858199 -0.008382 953.256
52 315   -0.00858878 -0.00837705 842.598
52 365   0.00394205 0.007953 964
52 366   0.00541792 0.00872182 952.423
52 367   0.00658378 0.00916001 933.087
52 368   0.00618226 0.00929918 916.445
52 369   0.00638788 0.00869977 960.676
52 370   0.00598636 0.00883894 949.064
52 371   0.00688249 0.00932055 918.213
52 391   0.00611683 0.00972425 868.007
52 508   0.00617407 -0.00843281 814.967
52 509   0.00622971 -0.00797963 812.48
52 567   0.00822963 0.00791911 921.999
52 568   0.00832036 0.00780549 931.215
52 569   0.00847591 0.00791571 919.354
52 570   0.00833808 0.0080307 908.337
52 571   0.00844127 0.00801856 908.721
52 572   0.00853426 0.0081365 897.844
52 573   0.00844454 0.00813434 893.736
52 574   0.00848091 0.00808693 902.149
52 575   0.00847658 0.00818214 883.939
52 576   0.0085192 0.00818566 887.78
52 578   0.00552477 0.00664026 968.766
52 579   0.00530534 0.0081138 962.953
52 580   0.0047366 0.00744482 966.222
52 581   0.00698785 0.00695726 969.456
52 582   0.00596915 0.00766809 968.193
52 583   0.00621786 0.00695037 969.058
52 584   0.00643057 0.00789034 969.158
52 585   0.00653595 0.00838357 968.244
52 586   0.00707047 0.00745506 968.796
52 587   0.0067619 0.00767042 969.557
52 588   0.00776126 0.00764096 956.878
52 589   0.00744247 0.00763112 964.605
52 590   0.00771122 0.00801656 949.126
52 591   0.00785425 0.0078445 947.112
52 592   0.00687802 0.00830844 969.556
52 593   0.00697961 0.00795415 968.875
52 594   0.00729892 0.00788358 965.282
52 595   0.00747468 0.00806547 959.48
52 596   0.00734674 0.00829646 963.378
52 597   0.00706939 0.00846886 969.043
52 598   0.00726093 0.00919626 957.469
52 599   0.00703119 0.00906188 958.554
52 600   0.00707192 0.00874556 969.322
52 601   0.00760237 0.00887603 960.377
52 602   0.00725613 0.00876965 969.131
52 603   0.00734719 0.00899023 969.554
52 604   0.00760341 0.0086675 954.28
52 605   0.00746519 0.00843181 959.832
52 606   0.00737204 0.0086283 965.545
52 607   0.00793788 0.00847736 916.009
52 608   0.0077429 0.00853371 939.337
52 609   0.00765021 0.00840831 948.126
52 610   0.00775572 0.0082984 939.721
52 611   0.00778089 0.00814968 941.003
52 612   0.00790412 0.0083403 922.535
52 613   0.00798493 0.00824692 916.799
52 614   0.00790805 0.008119 930.876
52 615   0.00811603 0.00799494 921.414
52 616   0.00799215 0.0079586 933.28
52 617   0.00820175 0.00831502 887.806
52 618   0.0080979 0.00825469 906.379
52 619   0.0081449 0.0081631 907.863
52 620   0.00826655 0.00826312 881.981
52 621   0.00823094 0.00818376 899.122
52 622   0.00831052 0.00812719 899.272
52 623   0.00837734 0.00816245 889.198
52 624   0.00840834 0.00830866 818.299
52 625   0.00834126 0.00827463 859.055
52 626   0.00837247 0.00823054 870.222
52 627   0.00846742 0.00822506 866.364
52 628   0.00844857 0.00828379 825.706
52 629   0.00843051 0.00824534 853.762
52 630   0.00849117 0.00828267 832.816
52 631   0.00849442 0.00824599 859.966
52 632   0.00855168 0.00825116 877.149
52 633   0.00852802 0.00823029 876.825
52 634   0.00852163 0.00834117 788.327
52 635   0.00851483 0.00830353 825.725
52 636   0.00856206 0.00830852 861.507
52 637   0.00854174 0.00828772 857.054
52 638   0.00854412 0.00835288 794.894
52 639   0.00855764 0.00833604 841.51
52 670   0.00162268 0.00809586 964.888
52 671   0.0017709 0.00944489 962.558
52 672   0.000849129 0.00996924 962.762
52 673   0.000926352 0.0106414 960.694
52 674   0.00367608 0.00915588 959.64
52 675   0.00237628 0.00980033 962.262
52 676   0.00304599 0.00966874 963.334
52 677   0.0015579 0.0108195 951.302
52 678   0.00208605 0.0105028 958.555
52 680   0.00213141 0.0114592 916.568
52 681   0.00148115 0.0115958 857.793
52 682   0.00166758 0.0112889 918.754
52 698   0.000299235 -0.00553554 967.898
52 699   -0.0011304 -0.00550536 968.795
52 700   0.000450106 -0.00756484 963.473
52 701   -0.0023925 -0.00796392 965.128
52 702   -0.000562874 -0.00799791 964.379
52 703   -0.00139619 -0.0070714 966.728
52 704   -0.00100178 -0.00889988 963.713
52 705   -0.00211659 -0.00888098 963.549
52 706   -0.00290874 -0.01114 966.996
52 707   -0.0026576 -0.00970948 963.228
52 708   -0.0033096 -0.0108513 969.475
52 709   -0.00411533 -0.0106098 967.919
52 710   -0.00330159 -0.0101796 966.537
52 711   -0.00378502 -0.0100347 963.009
52 713   -0.00395819 -0.010994 965.181
52 714   -0.0036359 -0.0110906 964.723
52 729   -0.00246975 0.00922879 949.952
52 730   -0.00333927 0.00936018 943.246
52 731   -0.00339701 0.0101542 955.603
52 732   -0.00353879 0.0108367 967.273
52 733   -0.00313427 0.0105112 957.773
52 734   -0.00331721 0.0111739 960.163
52 739   0.0013823 -0.00807962 958.737
52 740   0.00273856 -0.0076605 947.568
52 741   0.00317331 -0.00865988 939.697
52 742   0.00233258 -0.00913053 951.976
52 743   0.00130151 -0.00902747 958.677
52 744   0.00220971 -0.0099444 954.678
52 745   0.00266258 -0.010416 951.577
52 746   0.00324273 -0.0112308 954.175
52 749   -0.0045202 -0.010657 959.484
52 751   -0.00394278 0.010918 968.48
52 805   0.00445264 -0.0102544 960.149
52 806   0.00392728 -0.00985418 947.546
52 807   0.00326551 -0.0103019 957.142
52 808   0.00348043 -0.0108279 965.264
52 809   0.00391323 -0.010871 968.588
52 810   0.00422367 -0.0107452 968.717
52 826   0.00115258 0.0116362 890.461
52 827   0.000817142 0.0116206 955.323
52 1005   -0.00636903 -0.00854351 963.253
52 1006   -0.00699951 -0.00921866 939.704
52 1007   -0.00624035 -0.00902188 943.643
52 1008   -0.00665877 -0.0092169 930.535
52 1010   -0.00656751 -0.00960059 878.254
52 1013   -0.00604722 0.0102311 745.715
52 1014   -0.00610872 0.0102626 689.142
52 1015   -0.00405276 0.0101072 957.641
52 1016   -0.00437009 0.00958717 929.075
52 1017   -0.00478183 0.00962166 913.405
52 1018   -0.00456724 0.0106423 968.839
52 1019   -0.00419401 0.0105455 968.767
52 1020   -0.00520027 0.0105104 959.846
52 1021   -0.00487211 0.0100775 937.134
52 1022   -0.00480335 0.0103997 962.694
52 1023   -0.0054411 0.00993362 871.416
52 1024   -0.00518106 0.0100765 916.435
52 1025   -0.00535699 0.0102999 928.074
52 1026   -0.00563132 0.0100495 853.458
52 1027   -0.00558159 0.0102546 891.3
52 1028   -0.00591421 0.0102112 802.19
52 1029   -0.00579767 0.0103146 862.74
52 1030   -0.00594911 0.00994217 779.476
52 1031   -0.00580242 0.0100069 815.273
52 1032   -0.00586923 0.0101087 804.373
52 1033   -0.00603815 0.0100095 751.764
52 1034   -0.00599371 0.0100784 764.038
52 1035   -0.00617176 0.00979763 743.53
52 1036   -0.00624664 0.00971861 742.047
52 1037   -0.00631435 0.00979911 706.641
52 1038   -0.00630058 0.00996181 624.757
52 1039   -0.00627324 0.00986849 695.434
52 1040   -0.00620569 0.00988778 713.917
52 1041   -0.00626179 0.0100059 613.849
52 1042   -0.00620076 0.00997208 683.976
52 1043   -0.0061915 0.0100877 611.081
52 1044   -0.00608085 0.0101574 709.314
52 1045   -0.00607232 0.0101072 723.208
52 1046   -0.00616775 0.0100285 677.057
52 1047   -0.00611677 0.0100382 709.391
52 1048   -0.00614662 0.0102139 605.316
52 1049   -0.00616777 0.0101349 604.283
52 1050   -0.00613033 0.0101604 651.597
52 1051   -0.00618719 0.0101705 533.297
52 1052   -0.0062108 0.0102328 366.905
52 1053   -0.00618049 0.0102117 510.505
52 1054   -0.00622067 0.0101738 429.051
52 1055   -0.00623226 0.0102076 312.579
52 1056   -0.00629849 0.0101051 388.674
52 1057   -0.00627041 0.010062 535.392
52 1058   -0.00623313 0.0100874 546.011
52 1059   -0.00627791 0.0101322 361.504
52 1060   -0.00624094 0.0101521 413.787
52 1061   -0.00624482 0.0101234 465.032
52 1062   -0.0062832 0.0101572 254.027
52 1063   -0.00626487 0.0101645 295.556
52 1065   -0.00629849 0.0101732 97.3695
52 1103   0.00857343 0.00834716 861.379
52 1119   -0.00850951 -0.00832268 825.147
52 1120   -0.00855775 -0.00834251 855.168
52 1121   -0.00855698 -0.00837086 840.712
52 1122   -0.00853088 -0.00839174 729.1
52 1123   -0.00848633 -0.00836735 758.701
52 1223   0.00295782 -0.0113462 911.463
52 1224   0.00276789 -0.0114231 852.496
52 1228   -0.00303022 0.0112898 922.993
52 1243   -0.000934897 -0.00977353 962.908
52 1244   -0.00243964 -0.010875 958.223
52 1245   -0.00219651 -0.0101162 961.949
52 1246   -0.00158862 -0.0101613 959.98
52 1247   -0.0015972 -0.0107877 951.596
52 1248   -0.00204795 -0.0111267 939.343
52 1250   -0.00203361 -0.0115366 899.15
52 1251   -0.00171132 -0.0116332 847.497
52 1262   -0.00173368 0.0100422 957.128
52 1263   -0.0011756 0.0113749 967.555
52 1264   -0.0019696 0.0106504 952.748
52 1265   -0.00165602 0.0111462 953.632
52 1266   -0.00253091 0.0107281 946.782
52 1267   -0.00264843 0.0111696 916.614
52 1268   -0.00246803 0.011487 840.852
52 1270   -0.00186921 0.011549 931.906
52 1271   -0.00220464 0.0115334 876.125
52 1274   0.000584788 -0.00983135 963.58
52 1275   -0.000280524 -0.0101902 965.015
52 1276   0.00157254 -0.0102536 959.078
52 1277   0.000978685 -0.0102436 964.292
52 1278   0.000657088 -0.0110065 969.304
52 1279   0.00109015 -0.011398 968.514
52 1280   0.00150663 -0.0111915 959.522
52 1281   0.00166743 -0.01081 957.108
52 1282   0.00224194 -0.0109209 943.637
52 1283   0.00241723 -0.0112866 900.901
52 1285   0.00181081 -0.0115701 939.327
52 1286   0.00214689 -0.0115543 883.988
52 1289   0.00491468 0.00912555 943.089
52 1290   0.00425176 0.00938591 952.411
52 1291   0.00424435 0.009948 951.554
52 1293   0.00456216 0.0107505 960.087
52 1294   0.00488386 0.0106542 895.742
52 1297   -0.0050656 -0.00859598 954.64
52 1298   -0.00430532 -0.00869551 958.228
52 1299   -0.00411827 -0.00942809 954.259
52 1300   -0.0046814 -0.00945931 940.633
52 1301   -0.00511538 -0.00912053 940.793
52 1302   -0.00515808 -0.00975095 907.312
52 1303   -0.00477794 -0.00980071 928.219
52 1304   -0.00517943 -0.0100662 883.891
52 1305   -0.00518125 -0.0106434 806.978
52 1306   -0.0050201 -0.0106917 873.974
52 1307   -0.00477438 -0.0104283 916.315
52 1308   -0.00479929 -0.0101159 916.612
52 1309   -0.00593988 -0.00930806 918.968
52 1310   -0.00547968 -0.00963031 900.925
52 1311   -0.00553352 -0.0093413 922.019
52 1312   -0.00617294 -0.00988784 846.937
52 1313   -0.00622678 -0.00959883 883.182
52 1314   -0.00588296 -0.0102238 808.255
52 1315   -0.0059368 -0.00993484 847.372
52 1316   -0.00572759 -0.00983733 869.126
52 1317   -0.00540835 -0.0101379 853.543
52 1318   -0.00563491 -0.0100297 849.93
52 1319   -0.00571259 -0.010223 815.76
52 1320   -0.00529353 -0.0105054 802.663
52 1321   -0.00558585 -0.0103493 802.707
52 1322   -0.00538621 -0.010313 830.43
52 1325   -0.00542741 -0.0105896 751.035
52 1326   -0.00555893 -0.0104938 776.986
52 1327   -0.000303114 -0.0108089 967.514
52 1328   0.000240601 -0.011213 968.776
52 1329   -0.000646047 -0.011022 964.637
52 1330   -0.000438421 -0.0114419 969.116
52 1331   -0.00118944 -0.0110202 949.958
52 1332   -0.0013179 -0.0114558 903.253
52 1334   -0.00106211 -0.011677 897.224
52 1335   -0.000726024 -0.0116612 961.611
52 1338   0.0051843 0.00955508 919.081
52 1339   0.00565109 0.00978039 876.521
52 1340   0.00480921 0.00993047 923.198
52 1341   0.00504365 0.0103246 874.614
52 1343   0.0054379 0.0103891 800.842
52 1344   0.00567025 0.0102203 820.505
52 1521   -0.00597805 0.00789332 817.913
52 1522   -0.00604334 0.00878256 813.68
52 1523   -0.0053499 0.0083735 855.337
52 1524   -0.00547049 0.0088123 847.741
52 1526   -0.00631662 0.00844299 806.967
52 1527   -0.00637193 0.00799254 802.93
52 1566   -0.00677992 0.00653587 942.722
52 1567   -0.00751843 0.00559256 964.776
52 1738   -0.0011688 0.00779068 960.238
52 1739   -0.00035048 0.0067923 965.163
52 1740   0.000639808 0.00773783 964.759
52 1741   0.000230595 0.00958329 963.737
52 1742   -0.000526519 0.00877149 961.766
52 1743   0.000169497 0.00870092 963.128
52 1744   -0.00117789 0.00990433 960.967
52 1745   -0.00078441 0.00945837 961.612
52 1746   -0.000314152 0.00984156 964.235
52 1747   -0.000872264 0.0109505 968.671
52 1748   -0.000965493 0.0103013 964.026
52 1749   -0.000449766 0.0102738 966.305
52 1750   -0.000243658 0.0106962 968.692
52 1751   -0.000469417 0.0111499 969.215
52 1752   0.000426866 0.0113702 968.525
52 1753   0.000317187 0.0109009 967.127
52 1754   6.58436e-05 0.0116134 965.041
52 1755   -0.000269594 0.0115978 963.259
52 1764   0.000169525 -0.0116281 962.517
52 1765   -0.000166563 -0.0116439 966.077
52 1781   -0.00809307 -0.00847812 892.599
52 1801   0.00284243 0.0113719 964.815
52 1802   0.00238547 0.0112576 948.062
52 1803   0.0024498 0.0107705 959.412
52 1804   0.00308403 0.0102901 966.285
52 1805   0.00277807 0.0106895 965.797
52 1806   0.00303544 0.0110802 969.052
52 1807   0.00343791 0.010535 968.887
52 1808   0.00336042 0.0109915 969.026
52 1809   0.00417612 0.0107491 968.728
52 1810   0.00393191 0.0103889 965.851
52 1812   0.00397165 0.0110424 964.033
52 1813   0.00364996 0.0111387 963.047
52 1889   0.00626512 -0.00917893 787.275
52 1890   0.00623455 -0.00942791 776.012
52 1933   -0.00625655 0.0102144 143.636
52 1939   0.00856694 0.00839161 741.813
52 1940   0.00855213 0.00838937 729.888
52 1941   0.00855264 0.00837248 771.426
52 1942   0.00857173 0.00838003 813.475
52 1943   0.00857096 0.00836088 851.979
52 1944   0.00856368 0.00836936 809.923
52 1945   0.00858005 0.00837142 882.305
52 1946   0.00858017 0.00838103 886.119
52 1960   0.00626161 -0.0102062 99.6334
52 1962   0.00627707 -0.0101983 156.533
52 1963   0.00626903 -0.0102032 72.168
52 1964   0.00629845 -0.0102095 3.48712
52 1965   0.00630588 -0.0102065 2.90211
52 1968   -0.00627049 0.0101841 186.578
52 1969   -0.00626729 0.0102019 123.026
52 1970   -0.0062824 0.0102123 22.122
52 1971   -0.00629256 0.0101839 72.0077
52 1972   -0.00628289 0.0101875 101.751
52 1973   -0.00628883 0.0102016 24.185
52 1974   -0.00630169 0.0102096 4.35475
52 1977   -0.00629795 0.0102025 9.6229
52 1978   -0.00630008 0.0101937 18.6742
52 2030   -0.00694289 -0.0083359 969.25
52 2031   -0.00778041 -0.00841627 934.881
52 2032   -0.00769232 -0.00874208 948.397
52 2033   -0.00745827 -0.00891247 966.93
52 2034   -0.00715495 -0.00881603 968.854
52 2035   -0.00715823 -0.00799228 967.187
52 2036   -0.0071975 -0.00753442 968.199
52 2037   -0.00758991 -0.00805085 954.68
52 2038   -0.0077806 -0.00776366 953.12
52 2039   -0.00796627 -0.00730397 963.2
52 2040   -0.00762416 -0.00742049 964.479
52 2042   -0.00830322 -0.00753431 952.571
52 2043   -0.00833719 -0.00794267 920.662
52 2044   -0.00813718 -0.00776507 940.902
end
