649
16 1   -0.044978 0.00332888 911.022
16 2   -0.0233035 0.03 891.463
16 3   -0.0451567 -0.00285013 910.975
16 4   -0.0278938 0.0270561 897.854
16 5   -0.049978 0.00827278 905.012
16 6   -0.039978 0.00832552 916.723
16 7   -0.0477765 -0.0217741 805.432
16 8   -0.0397909 -0.0323011 752.998
16 9   -0.0322209 0.0320561 866.245
16 10   -0.0411381 -0.00636235 913.328
16 11   -0.00181335 0.0290281 735.592
16 12   -0.0288246 0.0220561 912.817
16 13   -0.0434936 -0.0296588 723.424
16 14   -0.0497142 -0.0177496 859.606
16 15   -0.0384814 -0.00705931 916.52
16 16   -0.000803598 0.0243428 805.251
16 17   0.00191149 0.0225108 800.956
16 18   0.00454277 0.0225174 773.945
16 19   0.000561767 0.0181155 884.188
16 20   0.00224638 0.0193684 871.414
16 21   -0.00164099 0.0146421 815.118
16 22   -0.00263604 0.0130991 724.015
16 23   0.000541143 0.0143242 884.706
16 24   0.00155676 0.0157958 899.574
16 25   -0.00383473 -0.0143482 937.662
16 26   -0.00701962 -0.0126098 891.187
16 27   -0.00659507 -0.0120323 842.634
16 28   -0.0067769 -0.0111308 792.532
16 29   0.00692047 0.0119472 832.935
16 30   -0.00593875 -0.0121034 842.307
16 31   0.00594951 0.0122388 856.607
16 32   0.00717413 0.012439 883.142
16 33   0.00640254 0.0119168 824.426
16 34   -0.00552326 -0.0123835 892.747
16 35   0.00696093 0.010829 777.755
16 36   -0.00626919 -0.0108987 798.647
16 37   -0.00579169 -0.0113742 759.034
16 38   0.00557184 0.0117887 786.66
16 39   0.00653577 0.0109394 791.066
16 40   0.00630326 0.0113091 781.723
16 41   0.00524445 0.0118433 793.08
16 42   0.00596481 0.0111665 761.156
16 43   -0.0059403 -0.011071 766.086
16 44   0.00561418 0.011362 720.081
16 45   0.00629664 0.0107447 804.106
16 46   -0.00550656 -0.0112698 695.637
16 47   0.0047979 0.0115467 754.69
16 48   0.00516557 0.01148 711.148
16 49   0.00572562 0.0111776 723.037
16 50   0.00598996 0.0109054 774.206
16 51   0.00501053 0.0114353 693.584
16 52   0.00528762 0.0112851 632.033
16 53   0.00540883 0.0112216 634.698
16 463   -0.00735073 -0.0105763 722.94
16 464   -0.00705218 -0.0107327 782.214
16 466   0.00735729 0.0103013 556.957
16 467   0.00707187 0.0104509 750.852
16 470   0.00628405 -0.0163523 739.669
16 471   0.00138621 -0.0164931 756.74
16 472   0.000709888 -0.0137783 715.138
16 473   0.00199394 -0.0150011 729.659
16 474   0.00508489 -0.014826 738.486
16 475   0.00326072 -0.0145821 723.173
16 476   0.00329428 -0.0131455 709.211
16 478   0.00630083 -0.0134859 760.069
16 479   0.00511845 -0.0126734 744.202
16 480   0.00572642 -0.0116453 770.136
16 481   0.00690881 -0.0110258 837.999
16 482   -0.00572723 0.0139521 800.781
16 483   -0.00454484 0.0132409 740.796
16 484   -0.00513523 0.0119044 727.016
16 485   -0.0443144 -0.0225038 858.114
16 486   -0.042962 -0.0254745 825.985
16 499   -0.049779 0.0184217 849.886
16 501   -0.0473123 0.0259428 728.336
16 502   -0.0511395 0.0239928 730.396
16 503   -0.0484185 0.0211728 813.294
16 504   -0.0440383 0.0244675 827.285
16 505   -0.0451444 0.0217781 860.341
16 516   -0.00997911 -0.030477 836.692
16 517   -0.00733313 -0.0334923 763.107
16 518   -0.00863558 -0.0273335 870.076
16 519   -0.00581741 -0.0270769 834.717
16 522   -0.0355241 0.030738 846.594
16 523   -0.0410092 0.0310458 744.391
16 524   -0.0391971 0.0336819 749.719
16 525   -0.035948 0.027948 880.552
16 526   -0.0387243 0.0282557 846.748
16 541   -0.0358746 -0.0253781 909.421
16 542   -0.0345368 -0.0210257 953.602
16 543   -0.0328788 -0.023077 923.738
16 556   -0.0139354 0.0320153 867.366
16 559   -0.00503242 0.0303712 773.054
16 560   -0.00740299 0.0334571 779.747
16 561   -0.0101675 0.0304723 850.019
16 562   -0.00652069 0.0273359 855.452
16 563   -0.00907317 0.027437 876.853
16 573   -0.00336114 -0.0133849 929.397
16 574   -0.00393955 -0.0129504 957.884
16 575   -0.00378189 -0.0124506 959.878
16 577   -0.00514585 -0.011933 831.37
16 578   -0.00536808 -0.011455 730.987
16 579   -0.00521998 -0.0116906 781.979
16 580   -0.0052318 -0.0113011 653.66
16 586   -0.00186513 0.0185585 885.104
16 587   -0.00305228 0.0165567 860.857
16 588   -0.00641129 0.017412 909.641
16 589   -0.00522971 0.0157249 855.871
16 609   -0.024231 -0.0325 886.018
16 610   -0.0296776 -0.0245513 908.594
16 611   -0.0263183 -0.0225 906.97
16 612   -0.0209034 -0.0297423 890.003
16 613   -0.0220819 -0.0247423 900.121
16 614   -0.0136424 -0.029227 875.575
16 615   -0.0161573 -0.0322423 871.274
16 616   -0.0142557 -0.024227 904.884
16 618   -0.0195219 -0.0222423 902.669
16 619   -0.0163762 -0.0222423 905.311
16 622   -0.0471575 0.0161464 893.132
16 623   -0.0473565 0.0130747 900.2
16 624   -0.0423565 0.0130747 917.843
16 625   -0.0386395 0.0173372 957.704
16 626   -0.043297 0.016817 913.99
16 627   -0.041018 0.0154758 929.33
16 652   0.00628405 -0.0224952 705.931
16 653   0.00263621 -0.0188401 744.681
16 654   0.00506811 -0.019024 727.721
16 677   -0.00422241 -0.0118629 906.544
16 678   -0.00414781 -0.0121932 959.652
16 679   -0.00701962 -0.0136992 958.916
16 681   -0.00702071 -0.0154646 968.996
16 682   -0.00654033 -0.0144016 969.129
16 683   -0.00578832 -0.0142519 969.104
16 684   -0.00476469 -0.014482 960.373
16 685   -0.00531012 -0.0151188 962.584
16 686   -0.00542702 -0.0129029 951.695
16 687   -0.00551506 -0.0135844 968.276
16 688   -0.00497072 -0.0136457 968.555
16 689   -0.00443933 -0.0129265 968.996
16 690   -0.00497502 -0.0127828 960.066
16 691   -0.00479034 -0.0131458 969.43
16 692   -0.00472825 -0.0125151 955.448
16 693   -0.00433087 -0.0123947 965.521
16 694   -0.00446474 -0.0126283 968.936
16 695   -0.00484902 -0.0120941 887.437
16 696   -0.00448128 -0.0122556 947.052
16 697   -0.00470749 -0.0123076 936.622
16 698   -0.00448955 -0.0120693 918.085
16 699   -0.00441375 -0.0118781 887.652
16 700   -0.00469802 -0.0119725 876.458
16 702   -0.00452776 -0.0116728 829.669
16 705   -0.00500965 -0.0116546 781.871
16 706   -0.0048056 -0.0114908 761.654
16 707   -0.00469007 -0.0116668 808.727
16 708   -0.00478452 -0.0117753 824.205
16 709   -0.00512076 -0.0114156 716.024
16 710   -0.00504671 -0.0115334 755.408
16 711   -0.00493711 -0.0114782 746.948
16 713   -0.00505263 -0.0113386 681.951
16 714   -0.00496971 -0.0113821 709.962
16 874   0.00724635 0.0113907 790.105
16 875   0.00724635 0.0110676 775.049
16 957   -0.00690881 0.0129713 821.072
16 958   -0.00631762 0.0119503 786.732
16 959   -0.00690881 0.0109751 838.692
16 965   -0.0370254 -0.0219464 954.977
16 966   -0.0378871 -0.0242474 922.917
16 967   -0.0402541 -0.0240374 907.881
16 979   -0.041154 0.0249976 884.951
16 980   -0.0392128 0.0261884 887.052
16 981   -0.00292473 0.0203936 898.782
16 982   -0.00286649 0.0228932 880.962
16 983   -0.00529345 0.0200789 940.72
16 984   -0.00536451 0.0245432 893.583
16 999   -0.0050867 -0.0244486 886.474
16 1000   -0.00545147 -0.0205375 944.887
16 1001   -0.0400722 0.0190154 957.358
16 1002   -0.0423512 0.0186899 922.6
16 1003   -0.0429377 0.0207052 905.695
16 1004   -0.039688 0.0216261 942.4
16 1005   -0.0414139 0.0226452 911.733
16 1063   -0.0501567 -0.00540455 908.137
16 1066   -0.0485425 -0.0149518 892.539
16 1067   -0.048985 -0.00936272 905.081
16 1068   -0.0513283 -0.0114531 898.828
16 1069   -0.0435735 -0.0108718 911.609
16 1070   -0.0464205 -0.0113177 905.827
16 1071   -0.045978 -0.0144051 902.652
16 1072   -0.0421346 -0.0126888 916.007
16 1073   -0.0433673 -0.0151769 912.353
16 1074   -0.0396991 -0.0118421 921.629
16 1075   -0.0387177 -0.0133332 929.094
16 1076   -0.0423592 -0.0198112 917.659
16 1077   -0.042039 -0.0170555 923.262
16 1078   -0.0389615 -0.0205858 927.005
16 1079   -0.0404995 -0.0214015 945.449
16 1080   -0.0386071 -0.0179985 962.365
16 1081   -0.0398248 -0.0160585 940.907
16 1102   -0.0510348 0.0324945 672.22
16 1105   -0.0472076 0.0298583 692.76
16 1106   -0.0442772 0.0323638 698.382
16 1112   -0.0461668 -0.0323578 684.993
16 1115   -0.00998157 -0.0209923 948.623
16 1116   -0.0112708 -0.022977 917.701
16 1117   -0.00931396 -0.0248335 906.366
16 1118   -0.00738013 -0.0218564 948.106
16 1119   -0.00726027 -0.0237128 920.921
16 1120   -0.0345927 0.021028 953.867
16 1121   -0.0329893 0.0230841 924.308
16 1122   -0.0348795 0.0252941 911.548
16 1123   -0.0374536 0.0226426 952.633
16 1124   -0.0372383 0.0248526 914.956
16 1149   0.00567838 -0.030791 674.197
16 1150   0.000991387 -0.0260956 711.283
16 1151   0.00446243 -0.0265615 690.334
16 1152   -0.00293109 -0.0320894 711.333
16 1153   -0.0027589 -0.0288175 732.856
16 1156   0.00385676 -0.033597 673.981
16 1157   0.000213521 -0.033597 687.52
16 1162   0.000219191 0.032114 695.627
16 1228   -0.00271485 -0.0123611 892.668
16 1229   -0.00337366 -0.0122542 933.784
16 1279   0.00568073 0.025096 714.644
16 1281   0.00567949 0.0326607 672.338
16 1282   0.00386022 0.0297747 685.662
16 1315   -0.0505623 -0.0249868 718.422
16 1317   -0.0490971 -0.0299008 683.944
16 1318   -0.0510348 -0.032543 672.028
16 1324   0.00152252 0.0128882 905.666
16 1327   0.00261319 0.0130288 933.54
16 1328   0.00273768 0.0123733 942.931
16 1335   -0.00685797 -0.0180183 968.74
16 1336   -0.00557392 -0.018904 962.376
16 1337   -0.00461534 -0.0174956 945.207
16 1338   -0.00637868 -0.0164411 966.561
16 1339   -0.0054201 -0.016245 959.791
16 1345   -0.000634496 -0.0167396 829.562
16 1346   -0.0018845 -0.0179896 885.308
16 1347   -0.00349402 -0.0172343 919.962
16 1348   -0.00147995 -0.0158626 864.57
16 1349   -0.00305542 -0.0160308 912.262
16 1350   -0.00313681 -0.0150321 914.33
16 1351   -0.00035794 -0.0141204 754.021
16 1352   -0.00113529 -0.0150904 835.112
16 1353   -0.00198738 -0.0146375 881.594
16 1354   -0.000917394 -0.0134921 766.979
16 1355   -0.00173543 -0.0139626 855.85
16 1356   -0.00241127 -0.013394 890.269
16 1357   -0.00225204 -0.0128165 866.673
16 1359   -0.00151361 -0.0126347 783.174
16 1360   -0.000854804 -0.0127416 737.831
16 1361   -0.0117873 0.0230229 912.049
16 1362   -0.0103818 0.0210076 937.089
16 1363   -0.0097376 0.0249876 903.653
16 1364   -0.00708494 0.021672 946.503
16 1365   -0.00721423 0.0236367 915.227
16 1370   0.00265226 -0.0125341 699.308
16 1371   0.00133464 -0.0127479 697.622
16 1384   -0.0314662 -0.0335257 861.361
16 1385   -0.0294613 -0.028077 895.386
16 1386   -0.0280764 -0.0310257 886.107
16 1387   -0.0355544 -0.0278781 886.407
16 1388   -0.0365721 -0.0308267 829.283
16 1389   -0.0323423 -0.0291027 886.492
16 1390   -0.0333599 -0.0320513 854.177
16 1442   -0.0146909 0.0220153 907.382
16 1443   -0.0163181 0.0270153 894.55
16 1444   -0.0199462 0.025 898.527
16 1476   0.00323179 0.0122932 960.815
16 1477   0.00371008 0.0124651 967.716
16 1478   0.00393703 0.0121106 945.769
16 1518   -0.00159931 -0.0195578 870.562
16 1519   0.000900691 -0.0206548 771.326
16 1520   -0.000138463 -0.0230361 767.674
16 1521   -0.00340294 -0.021075 906.801
16 1522   -0.00315804 -0.0231297 871.748
16 1525   0.00636204 0.0199267 841.96
16 1528   0.00675781 0.017496 903.037
16 1529   0.00413546 0.0183011 887.864
16 1530   0.00561984 0.0188528 877.387
16 1531   0.00595907 0.0166072 915.73
16 1532   0.00447469 0.0168535 907.837
16 1533   0.00710063 0.0152949 947.389
16 1534   0.0063019 0.0157611 934.409
16 1535   0.00544663 0.0150573 946.934
16 1536   0.00673801 0.014576 961.607
16 1537   0.00588274 0.0144292 961.695
16 1538   0.00713738 0.0137859 968.248
16 1539   0.00681151 0.0132289 956.003
16 1540   0.00587687 0.0128693 938.01
16 1541   0.00622093 0.0134341 966.238
16 1542   0.00569153 0.0138442 968.592
16 1543   0.00462849 0.0149707 942.236
16 1544   0.00316182 0.0152814 919.113
16 1545   0.00399937 0.0159208 918.398
16 1546   0.0041138 0.0143139 948.86
16 1547   0.00314096 0.0136134 942.466
16 1548   0.00333278 0.0142875 935.396
16 1549   0.00360378 0.0133629 957.331
16 1550   0.00388371 0.0128968 967.889
16 1551   0.00415785 0.0137438 960.003
16 1552   0.00510977 0.0136044 968.887
16 1553   0.00452688 0.0135326 967.068
16 1554   0.00434866 0.0130227 969.222
16 1555   0.00469658 0.0128821 963.728
16 1556   0.00513951 0.0131869 967.527
16 1557   0.00537721 0.012862 945.741
16 1558   0.0050779 0.0121586 854.26
16 1559   0.00509769 0.0125221 916.139
16 1560   0.00477088 0.0125921 940.489
16 1561   0.00426827 0.0121483 896.172
16 1562   0.00458056 0.0123387 913.083
16 1563   0.00464062 0.0117808 805.138
16 1564   0.00476873 0.0120676 851.243
16 1567   0.00439565 0.0117782 821.31
16 1568   0.00421147 0.0118747 848.062
52 299   0.00512105 0.00263823 810.913
52 300   -0.00660388 -0.00205272 780.78
52 301   -0.00463367 -0.000949135 794.263
52 302   -0.00260899 -0.00212022 817.893
52 303   -0.000660165 -0.00100724 809.36
52 304   0.00320483 0.00124544 806.706
52 305   -0.00464944 0.00124941 776.821
52 306   -0.00265341 0.00228113 790.138
52 307   -0.000688814 0.00119556 805.241
52 308   0.00126381 0.00452269 829.212
52 309   0.0012274 0.00231159 815.6
52 310   -0.00268912 0.0044295 780.739
52 311   0.00321722 -0.000887045 790.472
52 312   0.0014134 -0.00415855 792.919
52 313   0.00126844 -0.0020237 800.67
52 314   -0.00650105 -0.00419291 828.66
52 315   0.00683509 0.00170952 768.661
52 316   -0.0084049 -0.000921219 733.273
52 317   -0.0104193 -0.00328611 726.625
52 318   0.00328466 -0.00488299 774.193
52 319   0.00481145 0.0046252 856.485
52 320   0.00482587 -0.00186308 770.797
52 321   -0.00632637 0.00225586 755.497
52 322   -0.0101496 -0.00147485 712.501
52 323   0.00293163 0.00544351 864.17
52 324   0.00474834 -0.00372418 768.013
52 325   0.00833949 0.00241895 748.335
52 326   0.00649849 -0.00554544 761.576
52 327   0.00626376 -0.00129652 754.405
52 328   0.00698029 -0.000139625 746.596
52 329   0.00947723 0.000961954 713.44
52 330   0.00610544 -0.00419636 760.94
52 331   -0.00847242 0.000683908 721.308
52 332   -0.00770457 0.00166539 734.34
52 333   0.0107006 0.00120634 702.362
52 334   -0.00321808 -0.0086929 927.416
52 335   0.00928532 -0.000238246 709.04
52 336   0.00717679 -0.00330283 749.813
52 337   0.00829277 -0.00063039 721.464
52 338   0.00725758 -0.00226409 740.36
52 339   0.0113893 0.000236884 696.697
52 340   0.00822132 -0.00364652 756.073
52 341   -0.0112462 -0.000382975 700.432
52 342   0.00501723 0.00852474 952.752
52 343   0.00828189 -0.00176073 721.288
52 344   -0.00860278 0.00247459 722.141
52 345   0.00905636 -0.00219836 709.54
52 346   0.0100414 -0.00100099 698.024
52 347   -0.00957308 0.00117188 703.906
52 348   0.00907659 -0.00304542 725.201
52 349   -0.00876197 0.00322071 742.253
52 350   -0.011026 0.000388742 698.451
52 351   0.00982335 -0.00183077 696.805
52 352   -0.00937443 0.00201508 704.71
52 353   0.00439671 0.00904741 961.303
52 354   0.00981783 -0.00321942 699.609
52 355   -0.0102384 0.00110463 697.364
52 356   -0.00509584 -0.00917551 968.635
52 357   0.0107229 -0.00096451 693.034
52 358   0.0111552 -0.000624544 694.026
52 359   -0.0096119 0.00330099 707.201
52 360   0.0103992 -0.00223162 687.203
52 361   -0.0106622 0.000834743 696.613
52 362   -0.00990264 0.00233524 695.719
52 363   0.0103734 -0.00277321 685.804
52 364   -0.00998092 0.00287504 693.881
52 365   0.0109186 -0.00202393 682.839
52 366   0.0110243 -0.0015866 686.524
52 367   0.00468382 0.00963958 963.811
52 368   -0.00489879 -0.00969115 953.368
52 369   0.0115995 -0.00109626 690.292
52 370   -0.0116325 0.000641706 696.259
52 371   -0.010465 0.00172582 691.046
52 372   -0.010328 0.00211324 689.768
52 373   -0.0104523 0.00300061 684.338
52 374   0.00508015 0.00982909 921.125
52 375   0.0108442 -0.00288022 678.009
52 376   0.0114412 -0.00154064 686.084
52 377   -0.0111214 0.00129348 691.051
52 378   -0.00446421 -0.0100309 929.476
52 379   -0.0046804 -0.00989273 932.895
52 380   -0.0107009 0.00272046 680.753
52 381   -0.0108698 0.00181502 686.72
52 382   -0.0106548 0.00237288 683.53
52 383   0.00581915 0.010182 832.02
52 384   -0.0111023 0.00165256 687.363
52 385   -0.0116075 0.00111047 692.835
52 386   -0.0109422 0.00218732 682.106
52 387   0.011231 -0.00228492 677.624
52 388   -0.0114601 0.00131625 690.63
52 389   -0.00585166 -0.0101962 832.359
52 390   0.0047469 0.0103298 822.894
52 391   -0.00530225 -0.00993882 889.302
52 392   -0.0114326 0.0018334 684.84
52 393   0.00504803 0.0102016 825.643
52 394   -0.0116211 0.00165431 687.447
52 395   -0.00528392 -0.0102196 811.498
52 396   0.0112778 -0.00255308 673.925
52 397   -0.0111821 0.00231317 678.659
52 398   0.00547319 0.0103569 775.882
52 399   0.0116175 -0.00178199 683.676
52 400   0.00481058 0.010583 712.766
52 401   -0.0109637 0.00283825 676.443
52 402   0.0111908 -0.00271119 673.628
52 403   0.0115073 -0.00219806 678.143
52 404   -0.00460111 -0.0104548 816.147
52 405   -0.00551565 -0.010342 784.521
52 406   -0.00509513 -0.01034 780.573
52 407   -0.00489508 -0.0102609 824.786
52 408   0.0116044 -0.00203271 680.665
52 409   0.00521533 0.0103732 763.364
52 410   -0.0114919 0.00204978 682.091
52 411   -0.00479833 -0.0104573 778.822
52 412   -0.0113699 0.00220667 679.509
52 413   -0.0111219 0.00269475 674.994
52 414   -0.00546841 -0.0105206 718.451
52 415   -0.0112045 0.00252727 675.693
52 416   0.00547384 0.0105412 701.796
52 417   0.00513456 0.0105632 635.571
52 418   -0.00511971 -0.0105464 661.354
52 419   -0.0116668 0.00212635 681.8
52 420   -0.0112655 0.00278361 672.533
52 421   -0.00487699 -0.0106295 664.167
52 422   0.0115184 -0.00257456 671.894
52 423   -0.00520788 -0.0106419 499.893
52 424   -0.011505 0.002333 677.632
52 425   -0.00530586 -0.0106342 543.797
52 426   -0.0113704 0.00256009 673.743
52 427   -0.00499832 -0.0106395 570.218
52 428   0.00503094 0.0106448 523.554
52 429   0.0116103 -0.00236127 676.017
52 430   -0.0116219 0.0022737 679.378
52 431   0.00521778 0.0106692 446.105
52 432   -0.011378 0.00268354 671.979
52 433   -0.0115185 0.00244113 675.757
52 434   -0.0114714 0.00251807 674.047
52 435   0.0115746 -0.00246961 674.015
52 436   0.0052992 0.0106636 489.794
52 437   -0.0114778 0.00270126 670.686
52 438   -0.0116835 0.0023467 678.957
52 439   -0.0116303 0.00247453 676.284
52 440   0.0115824 -0.00265897 669.98
52 441   0.0116984 -0.00236618 676.698
52 442   -0.00515119 -0.0107493 245.125
52 443   -0.0115447 0.00258458 672.661
52 444   -0.0115434 0.00264433 671.188
52 445   0.0116611 -0.00250431 674.354
52 446   -0.0116785 0.00243941 677.661
52 447   -0.0050873 -0.0107594 246.9
52 448   -0.0116477 0.00253802 675.568
52 449   -0.0116092 0.00257113 673.724
52 450   0.0116937 -0.00245711 675.482
52 451   -0.011693 0.00255788 676.921
52 452   -0.00508631 -0.0108081 74.1977
52 453   -0.00511385 -0.0108215 16.5447
52 454   -0.00512443 -0.0108482 2.65603
52 487   0.0018923 -0.00796049 756.763
52 488   0.00325203 -0.00644512 766.512
52 489   0.00603712 -0.00673052 762.999
52 490   0.00462632 -0.00699045 768.87
52 491   0.00442021 -0.00818268 772.154
52 495   -0.0041278 0.00553951 769.039
52 496   -0.00404885 0.00741067 762.9
52 497   -0.00507614 0.00787042 786.141
52 498   -0.00604101 0.00716029 766.108
52 520   0.000585536 -0.00825016 756.739
52 521   -0.000272887 -0.00942087 731.641
52 537   4.8584e-07 0.00558962 805.762
52 538   -0.00137671 0.00552044 785.122
52 539   0.000309642 0.00725085 797.853
52 540   5.80278e-05 0.00937014 729.484
52 564   0.00121069 0.00776701 824.883
52 565   0.00123103 0.00851578 807.786
52 566   0.000846813 0.00905015 755.97
52 568   0.0013576 0.00950533 751.111
52 570   -0.0011679 -0.00934167 752.085
52 628   0.00346173 0.0097617 964.521
52 630   0.00391161 0.00998112 968.919
52 631   0.00441923 0.0102778 899.029
52 632   0.00432403 0.00996016 955.807
52 633   0.00516125 0.0107505 248.172
52 634   0.00506633 0.0107922 154.513
52 635   0.00507651 0.0107515 286.06
52 637   0.00518445 0.0107856 128.127
52 646   0.00758298 -0.00552485 775.967
52 647   0.00823446 -0.00451946 774.011
52 660   -0.00608092 0.00386942 761.344
52 661   -0.00519457 0.00506368 767.215
52 662   -0.00608048 0.00622471 761.432
52 664   -0.00716109 0.00577436 770.16
52 665   -0.00838702 0.00410289 771.596
52 666   -0.00729258 0.00452776 764.886
52 744   -0.0050421 -0.0107545 317.508
52 745   -0.00500311 -0.0107355 411.881
52 767   -0.00517805 -0.0107914 100.438
52 769   0.0116442 -0.00261008 671.66
52 770   0.0116963 -0.00256951 674.44
52 771   0.0116667 -0.00256037 673.551
52 772   0.0116631 -0.00263726 670.982
52 773   0.00511489 0.0108036 70.3529
52 774   0.00514827 0.0107981 78.5629
52 776   0.00510957 0.0108244 21.8567
52 812   -0.0117035 0.00263811 794.098
52 815   -0.0117041 0.00262752 711.282
52 818   -0.011691 0.00259643 677.378
52 819   -0.0116915 0.00258584 677.116
52 824   -0.0115995 0.00266214 670.588
52 827   -0.0116341 0.00260451 673.336
52 828   -0.0116257 0.00263576 671.752
52 829   -0.0116709 0.00260465 675.713
52 830   -0.0116846 0.00262514 679.678
52 832   -0.0116496 0.00264906 671.566
52 833   -0.0116716 0.00263831 672.975
52 836   -0.00513553 -0.0108404 3.87615
52 838   -0.00513284 -0.0108211 13.8466
52 839   -0.00515144 -0.0108099 38.1806
52 843   0.00515987 0.0108156 33.2456
52 847   0.011687 -0.00260277 674.047
52 848   0.0117015 -0.00261334 675.697
52 849   0.0116764 -0.00262081 672.647
52 850   0.0117038 -0.00263504 681.742
52 851   0.0116961 -0.00262882 675.824
52 852   0.0116861 -0.00263487 672.621
52 856   -0.00787039 -0.00848716 917.163
52 860   0.00595166 0.00552527 875.033
52 861   0.00855781 0.00379161 767.641
52 862   0.00976668 0.00564537 764.151
52 863   0.00886118 0.00606589 821.2
52 864   0.00720607 0.00565495 861.374
52 865   0.00799822 0.00519883 821.199
52 866   0.00721572 0.00664278 891.499
52 867   0.00752398 0.00805061 916.675
52 869   0.00732734 0.00893653 962.319
52 870   0.00776626 0.00862917 930.142
52 893   0.000204879 -0.00539859 802.129
52 894   0.000117327 -0.00715475 788.993
52 895   -0.00134259 -0.00741096 835.221
52 896   -0.00227555 -0.00386857 834.922
52 897   -0.000911717 -0.00501855 825.292
52 898   -0.00159835 -0.00629106 848.357
52 899   -0.00485766 -0.0048349 865.456
52 900   -0.00264525 -0.00578012 867.408
52 901   -0.00327913 -0.00450204 851.688
52 902   -0.00360617 -0.00626468 887.628
52 903   -0.00484139 -0.00596129 889.97
52 904   -0.00384051 -0.00767951 915.031
52 905   -0.00482248 -0.00816716 941.009
52 906   -0.0065935 -0.00713362 907.767
52 907   -0.00537981 -0.00748351 920.724
52 908   -0.00563304 -0.00669246 903.22
52 909   -0.00604222 -0.00802376 939.4
52 910   -0.0066383 -0.00782557 926.228
52 911   -0.00713546 -0.00889155 962.33
52 912   -0.00723084 -0.0083809 937.44
52 913   -0.00616595 -0.00857551 958.755
52 914   -0.00666666 -0.00888797 965.45
52 915   -0.00560621 -0.00915 968.355
52 916   -0.00594758 -0.00893722 967.759
52 917   -0.00557898 -0.0096858 933.65
52 918   -0.00589666 -0.00982074 907.466
52 919   -0.0067323 -0.00939526 958.04
52 922   -0.00628759 -0.00969314 928.657
52 923   -0.00631127 -0.00934542 963.46
52 928   0.00576739 0.00877866 964.357
52 929   0.00554319 0.00949084 955.229
52 930   0.00595912 0.00971393 921.051
52 931   0.00504491 0.00776743 926.887
52 932   0.00533411 0.00644825 898.293
52 933   0.00577064 0.00740823 918.521
52 934   0.00656272 0.00685622 902.915
52 935   0.00593552 0.00679138 904.399
52 936   0.00689255 0.00774867 921.46
52 937   0.00656754 0.00735013 912.851
52 938   0.00622815 0.007596 922.501
52 939   0.00625827 0.00839219 952.565
52 940   0.00637775 0.00793441 934.045
52 941   0.00672856 0.00805467 936.014
52 942   0.00694618 0.00883139 963.402
52 943   0.00645879 0.00861974 959.792
52 944   0.00675937 0.00840515 950.105
52 945   0.00638953 0.00941236 956.834
52 946   0.00680159 0.00912175 968.708
52 947   0.0064896 0.00897022 968.503
52 948   0.00657063 0.00965554 928.063
52 949   0.0068324 0.00947223 949.087
52 1010   0.00890108 0.00704505 864.808
52 1011   0.00804776 0.00716581 890.473
52 1012   0.0081701 0.00783655 901.954
52 1013   -0.00800338 -0.00480461 811.507
52 1014   -0.00982458 -0.00573895 766.091
52 1015   -0.0094728 -0.00450968 750.96
52 1016   -0.00725856 -0.00686392 895.625
52 1017   -0.00781672 -0.00590806 854.594
52 1018   -0.00889361 -0.0061597 824.37
52 1020   -0.00887323 -0.00704762 865.309
52 1021   -0.0082851 -0.00806123 902.758
52 1022   -0.00813919 -0.00738884 893.694
52 1028   0.00220736 -0.00902244 748.201
52 1029   0.00336097 -0.00869931 739.448
52 1035   -0.00326204 0.0083347 744.52
52 1036   -0.00202858 0.00755449 760.351
52 1037   -0.00111545 0.00926138 743.332
52 1038   -0.00103561 0.00815804 758.42
52 1216   -0.00161541 -0.00930206 773.704
52 1219   -0.00191856 -0.00841397 856.462
52 1220   -0.00251283 -0.00879201 887.959
52 1222   -0.00407359 -0.0099742 964.187
52 1223   -0.00350004 -0.00969446 963.431
52 1288   0.00218836 0.00737041 875.969
52 1289   0.00295036 0.0066828 884.137
52 1290   0.00421262 0.00678748 900.91
52 1291   0.0040883 0.00748982 911.445
52 1292   0.00335733 0.00787408 908.704
52 1293   0.00271966 0.00785935 895.301
52 1294   0.00369342 0.00867437 936.242
52 1295   0.0032682 0.00914121 940.041
52 1296   0.00193394 0.00870376 858.366
52 1297   0.00244489 0.00844394 893.039
52 1298   0.00265734 0.00892551 909.029
52 1299   0.001752 0.00934533 792.297
52 1300   0.00194411 0.00907814 845.82
52 1301   0.00234867 0.00929253 886.443
52 1304   0.00200739 0.00957292 791.56
52 1305   0.00230573 0.00954652 842.106
52 1416   0.0110063 0.00234027 708.056
52 1419   0.0103471 0.00445524 731.958
52 1420   0.0100012 0.00346855 730.71
52 1569   0.00512486 0.0108251 15.1177
52 1570   0.00514324 0.0108337 7.63493
52 1571   0.00514178 0.0108219 18.1664
52 1572   0.00513048 0.0108457 3.80424
52 1575   0.00513021 0.0108388 5.98006
52 1576   0.00512197 0.010836 7.79897
end
