629
16 1   -0.0449782 0.00325771 889.602
16 2   -0.0451573 -0.00292863 889.494
16 3   -0.0499782 0.00825754 898.713
16 4   -0.0399782 0.0082577 884.741
16 5   -0.0411393 -0.0064657 888.52
16 6   -0.0322861 -0.0324516 948.763
16 7   -0.0435134 -0.0297243 938.312
16 8   -0.038482 -0.0071971 885.232
16 9   -0.000328494 0.0236413 966.767
16 10   0.00482219 -0.0223368 948.141
16 11   -0.00134214 -0.0215211 943.46
16 12   0.00232887 0.0221097 964.397
16 13   0.00468057 0.0222852 952.202
16 14   -0.0021432 0.02145 922.491
16 15   0.00134193 -0.0176452 963.818
16 16   0.00493595 0.017402 968.943
16 17   -0.000690175 -0.018719 944.595
16 18   0.00538277 -0.0174647 969.116
16 19   0.00340259 -0.0189239 969.316
16 20   0.00642526 0.0189869 967.965
16 21   -0.00122534 0.018663 934.99
16 22   -0.00273569 -0.0172317 915.285
16 23   0.00532936 0.0152001 959.485
16 24   -0.00291175 0.0172026 911.862
16 25   0.00680236 -0.0224788 939.893
16 26   0.00529586 -0.0153285 961.174
16 27   0.00680236 -0.0190238 967.566
16 28   0.00118708 -0.015481 962.348
16 29   -0.00271359 -0.0153522 938.214
16 30   -0.0027881 0.0153309 937.624
16 31   0.00671546 -0.0143028 946.364
16 32   0.00386 0.0143184 957.832
16 33   0.00612427 -0.0125733 909.188
16 34   -0.00599572 -0.0152388 894.836
16 35   -0.00600445 0.0152057 895.647
16 36   0.00681867 0.0141981 942.373
16 37   0.00381779 -0.0144704 959.32
16 38   0.0024673 -0.0145967 963.708
16 39   -0.000188583 -0.0146267 962.926
16 40   -0.000266139 0.0146001 962.774
16 41   -0.00148317 -0.0145681 958.21
16 42   -0.00621432 0.0126435 895.253
16 43   -0.00396413 -0.0143899 933.548
16 44   -0.00155431 0.0145502 958.515
16 45   -0.00397939 0.0143767 933.338
16 46   -0.00696633 0.01418 894.431
16 47   -0.00697004 -0.0142723 893.214
16 48   0.00494188 -0.0121372 907.426
16 49   -0.00500455 -0.0144006 915.605
16 50   -0.00500998 0.0143754 916.945
16 51   0.00416692 0.0128828 944.126
16 52   0.004055 -0.0130085 949.011
16 53   -0.00291216 0.0126184 966.444
16 54   0.00102378 -0.0128939 968.378
16 55   -0.00521985 0.0127653 914.5
16 56   0.00204571 -0.0132417 965.076
16 57   0.00299835 -0.012527 963.635
16 58   -0.00188369 -0.0132292 966.259
16 59   -0.00189888 0.0132223 966.895
16 60   0.00300706 0.0125015 966.79
16 61   -0.00674798 0.0119336 871.21
16 62   -0.00375889 0.0129922 951.819
16 63   6.97087e-05 -0.0133946 968.695
16 64   -0.00096314 0.0127832 969.354
16 65   4.81042e-05 0.0133792 968.522
16 66   -0.00649931 0.0110855 851.369
16 67   -0.00725133 0.0109192 794.018
16 405   -0.0429911 -0.0255738 958.894
16 428   -0.00721417 -0.0109348 815.619
16 429   0.00661321 0.0109952 862.186
16 430   0.0072044 0.0109507 820.862
16 440   -0.0099967 -0.030422 962.122
16 441   -0.00731025 -0.033474 964.308
16 442   -0.00864253 -0.0271631 940.792
16 443   -0.00574053 -0.0267492 951.43
16 445   -0.0473141 0.0259418 941.294
16 446   -0.0511397 0.023992 938.509
16 447   -0.044041 0.0244656 960.612
16 448   -0.045146 0.0217745 950.233
16 458   -0.00733018 0.0334726 964.372
16 459   -0.0100563 0.0304179 961.993
16 460   -0.006263 0.0267072 945.429
16 461   -0.00888282 0.0271446 938.869
16 462   -0.00707125 -0.0104863 789.881
16 479   0.00690881 -0.0118932 873.63
16 481   -0.0410126 0.0310456 954.304
16 482   -0.0392005 0.0336819 957.345
16 483   -0.0387321 0.0282556 959.155
16 484   0.00651468 -0.0110441 850.981
16 488   -0.00737566 0.0104067 666.911
16 489   -0.00712699 0.0104231 750.757
16 491   -0.0360606 -0.0260351 902.643
16 492   -0.0327129 -0.0236774 884.176
16 493   -0.0342583 -0.0212258 824.985
16 494   0.00690881 -0.0105737 795.831
16 495   0.00710587 -0.0109982 816.413
16 496   -0.00415754 0.0220728 848.31
16 497   -0.00564016 0.0239886 862.774
16 498   -0.00356709 -0.022123 873.699
16 499   -0.00497664 -0.0240423 878.614
16 502   0.0073522 0.0103427 641.84
16 503   0.00705661 0.0104976 788.004
16 506   -0.047357 0.013056 911.019
16 507   -0.042357 0.013056 881.518
16 508   -0.0386397 0.0173364 802.179
16 509   -0.0432979 0.0168075 881.874
16 510   -0.0410185 0.0154681 861.984
16 534   -0.0501573 -0.00542879 892.27
16 537   -0.048986 -0.0093932 898.908
16 538   -0.0513287 -0.0114644 909.537
16 539   -0.043576 -0.0109343 890.852
16 540   -0.0464227 -0.0113616 899.766
16 541   -0.0421371 -0.0127397 884.424
16 542   -0.0433712 -0.0152106 887.184
16 543   -0.0397004 -0.0119315 878.918
16 544   -0.0387184 -0.0133944 868.725
16 545   -0.00660367 -0.0130453 891.531
16 546   -0.00713363 -0.0122823 872.955
16 547   -0.0068478 -0.0113874 857.273
16 548   -0.00611507 -0.011248 882.583
16 549   -0.00553894 -0.0118417 885.833
16 550   -0.00511692 -0.013133 917.409
16 551   -0.00574172 -0.0127441 899.203
16 552   -0.00494775 -0.0116292 872.666
16 565   -0.00461657 0.017817 860.995
16 566   -0.00605718 0.0166033 864.423
16 567   -0.00701906 0.0179325 797.093
16 568   -0.00449024 -0.0178385 864.053
16 569   -0.00701284 -0.0179469 802.37
16 570   -0.00603853 -0.0166247 865.201
16 571   -0.040569 -0.0310366 957.218
16 572   -0.0390526 -0.0336789 958.769
16 573   -0.0369538 -0.0284882 950.54
16 574   -0.0354375 -0.0311305 961.458
16 577   -0.0242898 -0.0325 932.365
16 578   -0.0289393 -0.0299516 930.872
16 579   -0.0295012 -0.0249516 910.719
16 580   -0.0261086 -0.0225 915.709
16 608   -0.0242899 0.0325 932.329
16 609   -0.0264807 0.0225 914.113
16 610   -0.0298227 0.0245563 906.538
16 622   -0.0073135 0.0102116 501.225
16 627   -0.0114803 0.0229179 885.607
16 628   -0.0095699 0.0246446 886.094
16 630   -0.0114189 -0.022922 883.827
16 631   -0.0101067 -0.020974 822.668
16 632   -0.00932963 -0.0246631 887.787
16 676   -0.0330091 0.0230844 873.774
16 677   -0.034605 0.0210281 813.413
16 678   -0.0348955 0.0252944 887.931
16 792   -0.0371146 -0.0222635 725.95
16 793   -0.0379933 -0.0246212 854.735
16 794   -0.0403134 -0.0242449 870.438
16 795   -0.005021 0.0191909 804.25
16 796   -0.004868 0.0206095 777.256
16 797   -0.00646161 0.0193801 679.996
16 798   -0.0063086 0.0207987 557.66
16 799   -0.0411594 0.0249961 922.562
16 800   -0.0392218 0.0261879 928.234
16 801   -0.0372495 0.0248522 859.054
16 802   -0.0374602 0.0226422 744.647
16 813   0.00730294 -0.0104991 736.656
16 816   0.00740147 -0.0101836 386.137
16 817   0.0072044 -0.0102868 666.267
16 818   -0.00637183 -0.0193919 709.259
16 819   -0.00482354 -0.0192137 811.454
16 820   -0.00451582 -0.0206419 798.093
16 821   0.00656814 0.0116594 874.957
16 822   0.006478 0.01298 915.841
16 823   0.00715933 0.0124028 890.905
16 824   0.00500002 0.012436 906.012
16 825   0.00593188 0.0118376 885.874
16 826   0.00584174 0.0126356 909.137
16 827   0.00548429 0.0114315 879.402
16 830   0.00509016 0.011638 865.138
16 831   0.00469603 0.0118445 861.437
16 835   -0.040073 0.0190136 769.853
16 836   -0.0423524 0.0186864 855.644
16 837   -0.0429396 0.0207016 885.419
16 838   -0.0396914 0.0216247 692.134
16 839   -0.0414183 0.022643 842.401
16 840   -0.00808675 -0.0218445 737.821
16 841   -0.00649701 -0.0233787 816.86
16 842   -0.007948 -0.0235856 838.026
16 843   -0.00599474 -0.0216906 719.978
16 844   -0.00678961 -0.0209235 538.823
16 845   -0.00735708 -0.0104674 730.592
16 849   -0.00742854 -0.0101683 346.413
16 850   -0.00728563 -0.0102432 598.445
16 873   -0.00819697 0.021836 741.451
16 874   -0.00688706 0.0216173 627.619
16 875   -0.00823898 0.0235626 841.088
16 876   -0.00692907 0.0233439 814.056
16 877   -0.00743783 0.0102033 376.392
16 887   -0.00740675 0.0101058 188.805
16 888   -0.00746892 0.0100732 44.4743
16 904   -0.0423716 -0.0198615 855.361
16 905   -0.0420425 -0.0170795 862.765
16 906   -0.0389954 -0.0207083 604.725
16 907   -0.0405428 -0.0215578 777.822
16 908   -0.0386081 -0.018004 787.487
16 909   -0.0398264 -0.0160715 842.495
16 921   -0.0510349 0.0324945 690.538
16 924   -0.0472093 0.0298582 855.409
16 925   -0.044279 0.0323638 883.789
16 926   -0.00271204 -0.0129496 966.144
16 927   -0.00356206 -0.0133263 952.285
16 929   -0.00342944 -0.0122401 968.953
16 930   -0.00277063 -0.012347 969.502
16 943   -0.0461696 -0.0323665 830.2
16 959   0.00029667 -0.0252797 954.248
16 960   0.00370693 -0.0259064 912.797
16 961   -0.00290772 -0.0320544 926.679
16 962   -0.00269218 -0.0285886 953.402
16 1018   -0.0045601 -0.012708 929.342
16 1019   -0.00404567 -0.012912 947.569
16 1020   -0.00385445 -0.0124284 958.93
16 1021   -0.00465832 -0.0119268 882.066
16 1022   -0.0045291 -0.0122864 916.755
16 1023   -0.00420867 -0.0121624 927.716
16 1026   -0.00422548 -0.0118616 885.855
16 1027   -0.0044503 -0.0117439 852.633
16 1044   0.0038742 -0.0335804 702.953
16 1045   0.000248404 -0.0335804 835.988
16 1054   -0.00128348 -0.0127334 968.182
16 1055   -0.00062467 -0.0128403 967.961
16 1067   0.000413549 0.0182786 958.449
16 1068   0.00215305 0.019534 969.109
16 1069   0.00301545 0.0181246 968.617
16 1070   0.00038642 0.0154314 960.529
16 1071   0.00193842 0.0168696 964.694
16 1072   0.000613479 0.0168688 959.57
16 1073   0.0027229 0.0148995 962.847
16 1074   0.00204049 0.0157986 963.692
16 1075   0.00138223 0.0150659 962.968
16 1076   0.00238098 0.013121 965.007
16 1077   0.00240374 0.0140834 963.124
16 1078   0.00172554 0.0142502 963.825
16 1079   0.000681841 0.0129356 963.838
16 1081   0.00137338 0.0133413 964.614
16 1082   0.00167975 0.0127453 965.1
16 1101   -0.050565 -0.0249956 926.072
16 1103   -0.0490999 -0.0299096 802.572
16 1104   -0.0510349 -0.032543 689.449
16 1110   -0.000662053 0.0270112 949.258
16 1111   -0.00062402 0.0335011 871.072
16 1112   -0.00390625 0.0284817 963.419
16 1113   -0.00379998 0.0319737 939.568
16 1122   -0.0511397 0.0177503 959.51
16 1123   -0.0457979 0.0168075 917.722
16 1124   -0.0485185 0.0154681 928.954
16 1125   -0.0497794 0.0205005 968.203
16 1126   -0.0470588 0.0197593 954.979
16 1127   -0.00435595 0.0122264 931.091
16 1128   -0.00478631 0.0120009 911.994
16 1140   -0.0482056 -0.0233065 963.393
16 1141   -0.0439041 -0.0210448 911.501
16 1142   -0.044753 -0.02407 960.395
16 1177   -0.0222616 0.0247226 924.486
16 1178   -0.0210045 0.0297226 931.691
16 1179   -0.0144882 0.0241679 915.76
16 1180   -0.0137512 0.0291679 943.7
16 1181   -0.0162043 0.0322226 944.823
16 1183   -0.0166435 0.0222226 919.056
16 1184   -0.0197532 0.0222226 923.386
16 1204   -0.0209846 -0.029724 931.752
16 1205   -0.0144267 -0.024172 915.888
16 1206   -0.0166207 -0.022224 919.393
16 1207   -0.0197322 -0.022224 923.566
16 1208   -0.0222415 -0.024724 924.659
16 1209   -0.0161844 -0.032224 944.841
16 1210   -0.0136916 -0.029172 943.853
16 1211   -0.0111046 0.0209726 856.912
16 1212   -0.00915218 0.0209726 780.176
16 1243   -0.0511081 -0.0172567 955.869
16 1244   -0.0499367 -0.0144684 927.637
16 1245   -0.0487486 -0.0197773 964.954
16 1246   -0.0459647 -0.0190326 935.955
16 1247   -0.0473734 -0.0139368 913.431
16 1248   -0.0457609 -0.0159804 912.333
16 1294   0.00575531 0.0249622 908.883
16 1296   0.00568708 0.0326533 687.61
16 1297   0.00300182 0.0311544 777.307
16 1298   0.00307005 0.0281566 881.705
16 1314   -0.0315182 0.0335281 949.015
16 1315   -0.0281715 0.0310281 933.015
16 1316   -0.0296065 0.0280844 925.158
16 1317   -0.0348174 0.03221 962.539
16 1318   -0.0333801 0.0277944 924.621
16 1319   -0.0352444 0.02942 948.781
16 1415   0.0056871 -0.0293218 758.336
16 1416   0.0056871 -0.0321609 691.376
52 303   -0.000998268 -0.00451503 969.403
52 304   -0.000901611 0.00448915 969.371
52 305   -0.00500744 8.2622e-05 963.83
52 306   0.000940595 -0.00328213 969.603
52 307   0.000997199 0.00321931 969.606
52 308   -0.00448291 -0.00243957 967.706
52 309   -0.00438914 0.00254131 967.914
52 310   0.00207135 0.000998186 968.815
52 311   0.00205847 -0.00110892 968.862
52 312   -0.00313031 -0.00404595 969.37
52 313   -0.0030087 0.00405737 969.211
52 314   0.00703532 -0.00120803 947.218
52 315   0.00705598 0.00093774 946.85
52 316   -0.00784054 0.000138932 936.575
52 317   0.00476109 0.00202622 966.522
52 318   0.00472755 -0.00222666 966.859
52 319   -0.000641915 0.00764406 967.507
52 320   -0.000825116 -0.00767383 967.7
52 321   0.00307817 0.00515664 969.202
52 322   0.00866098 0.00209564 930.064
52 323   0.00298016 -0.0052732 968.703
52 324   0.00859919 -0.00240679 930.982
52 325   -0.00873737 -0.00176907 929.238
52 326   0.0048092 0.00399939 969.263
52 327   0.00473427 -0.00418188 969.376
52 328   -0.00436666 -0.00668168 963.813
52 329   0.00062162 0.00861806 967.651
52 330   0.000400213 -0.00865126 967.589
52 331   0.00337416 0.00672014 966.726
52 332   0.00324032 -0.00682424 964.424
52 333   0.00165343 -0.00865779 966.794
52 334   0.00186147 0.00859391 967.044
52 335   -0.00199055 0.00871558 966.066
52 336   0.00262712 -0.00799851 964.506
52 337   0.00279273 0.00791355 965.887
52 338   -0.00412014 0.00660088 960.868
52 339   -0.00220628 -0.00871318 966.621
52 340   -0.00322183 0.00868054 962.504
52 341   -0.00409505 -0.00806109 961.93
52 342   0.00384284 -0.0100895 960.673
52 343   -0.00394334 0.00796725 957.936
52 344   0.00311944 0.0107585 968.4
52 345   -0.00332489 -0.00867375 963.848
52 346   0.00278263 -0.0108574 967.87
52 347   -0.0017238 0.0103136 968.277
52 348   -0.00644362 -0.00642085 919.461
52 349   0.00120228 0.0111486 966.047
52 350   -0.00617662 0.00653631 904.796
52 351   -0.00202353 -0.0102781 968.194
52 352   0.00183356 -0.0103484 968.315
52 353   -0.00564159 -0.0068939 953.271
52 354   0.0021323 0.0102819 968.192
52 355   0.00486063 0.00710837 960.201
52 356   -0.00274184 0.0109539 968.169
52 357   0.00386746 -0.00892116 959.638
52 358   -0.00361902 0.0101774 961.128
52 359   -0.00532665 0.0068336 943.826
52 360   0.00465902 -0.00720736 952.512
52 361   0.00401112 0.00878577 961.489
52 362   0.00495675 0.00822853 958.563
52 363   0.00477477 -0.008348 951.095
52 364   0.00474515 -0.0104193 956.167
52 365   -0.00501701 0.00861178 949.211
52 366   0.00565801 -0.00861106 941.809
52 367   -0.00439826 0.0104973 954.374
52 368   -0.00508589 -0.00887101 957.07
52 369   0.0057838 0.00857737 957.903
52 370   -0.00727461 -0.00739796 921.853
52 371   -0.00561308 0.00802292 934.014
52 372   -0.00698136 0.00750415 883.209
52 373   -0.00603278 -0.0080312 952.83
52 374   -0.00571567 -0.0100255 944.66
52 375   -0.00574869 -0.00862891 957.703
52 376   -0.00624741 0.0083958 925.126
52 377   -0.00676571 0.00817431 905.086
52 378   -0.00624156 -0.00909779 961.609
52 379   -0.00625726 -0.00954908 958.908
52 380   -0.00633267 0.00898853 938.889
52 381   0.00670916 0.00929551 967.247
52 382   0.00745609 0.00810425 946.626
52 383   -0.00714728 0.0085882 898.669
52 384   0.00690975 0.00894688 968.654
52 385   -0.00747873 -0.00854281 959.687
52 386   -0.00667784 -0.00963949 963.622
52 387   -0.00669383 0.00915182 939.197
52 388   -0.00705844 0.00889047 905.206
52 389   0.00722365 0.00905566 968.362
52 390   -0.0069052 0.00905169 922.433
52 391   0.00724279 0.00927745 963.222
52 392   -0.0072602 0.0090163 889.489
52 393   -0.00704968 0.0092394 924.886
52 394   -0.00720122 0.00917551 897.385
52 395   0.00740573 0.00931112 938.734
52 396   -0.00761146 -0.00897294 968.405
52 397   -0.00728334 0.00925811 879.72
52 398   0.00750325 0.00923423 932.227
52 399   -0.00725559 0.00935944 886.911
52 400   0.00730943 -0.0093854 859.235
52 401   -0.00731116 0.00939553 851.167
52 402   0.00756846 0.00926956 906.611
52 403   -0.00766609 -0.00922894 106.661
52 404   0.00733933 -0.00949086 5.39887
52 521   0.00637331 0.00961713 958.058
52 522   0.00584217 0.00939832 956.356
52 524   0.00548035 0.00997017 946.03
52 525   0.005071 0.0102065 939.277
52 526   0.00398411 0.010516 940.132
52 527   0.00427167 0.00982461 954.629
52 594   0.00804544 -0.00408904 950.658
52 595   0.00602446 -0.00478706 968.761
52 596   0.00755546 -0.00567049 961.577
52 597   0.00726369 -0.00453827 966.608
52 598   0.0053743 -0.00669816 944.881
52 599   0.00677689 -0.00604871 921.649
52 600   0.00585559 -0.00578983 959.149
52 601   0.00660918 -0.00678593 870.951
52 602   0.005982 -0.00712815 919.101
52 604   0.00706372 -0.00726517 864.357
52 626   -0.00275865 -0.0109334 969.29
52 679   -0.0078068 -0.00325933 948.299
52 680   -0.00638544 -0.00387352 967.003
52 681   -0.00665713 -0.00533101 958.79
52 683   -0.00837851 -0.00419836 953.637
52 684   -0.00777847 -0.00523528 967.76
52 703   0.00816628 0.00379618 949.125
52 704   0.00613532 0.00456445 968.942
52 705   0.00739219 0.00426763 965.606
52 706   0.00774028 0.00539856 964.534
52 707   0.00558637 0.00656458 955.278
52 708   0.00600498 0.00558457 964.307
52 709   0.00696183 0.0058062 933.38
52 710   0.00621527 0.00698953 939.495
52 711   0.00680792 0.00657498 895.864
52 712   0.00711635 0.00763235 934.532
52 713   0.00729383 0.00711491 901.849
52 714   0.00625947 0.00814484 954.71
52 715   0.00630863 0.00756634 945.505
52 716   0.0067238 0.00766924 941.452
52 717   0.00683086 0.00868263 965.169
52 718   0.00657482 0.00837991 958.438
52 719   0.00677446 0.00811555 952.694
52 720   0.00729535 0.00831822 955.845
52 721   0.00705473 0.0085439 963.724
52 722   0.00700627 0.00829263 956.751
52 723   0.00758156 0.00868718 963.325
52 724   0.00727342 0.00861624 965.26
52 725   0.00741422 0.00852273 960.971
52 726   0.00736461 0.00892991 969.356
52 727   0.0073692 0.00876128 968.377
52 728   0.00751232 0.00880009 968.021
52 729   0.00761928 0.00902418 969.432
52 730   0.00746906 0.00901025 968.173
52 731   0.00754637 0.00892719 969.388
52 732   0.00752026 0.00916802 953.4
52 733   0.00750806 0.00910346 963.688
52 734   0.00758672 0.00909799 968.227
52 735   0.00758501 0.00917679 958.294
52 736   0.00761283 0.00914829 967.924
52 737   0.00760547 0.00922137 943.49
52 738   0.00763283 0.00922618 954.086
52 740   -0.00515777 0.00931989 953.927
52 741   -0.00545337 0.0102173 959.926
52 742   -0.00489213 0.00995381 957.995
52 743   -0.00603946 0.00925981 950.834
52 744   -0.00563875 0.00938771 953.57
52 745   -0.00573676 0.00982829 959.304
52 747   -0.00615327 0.0095728 958.052
52 748   -0.00622534 0.00996868 964.4
52 749   -0.00603319 0.00983245 961.171
52 750   -0.00654927 0.00981775 966.851
52 751   -0.00634952 0.00960894 960.379
52 752   -0.00634132 0.00980911 964.074
52 753   -0.00665281 0.00942951 956.469
52 754   -0.00650564 0.00954722 960.641
52 755   -0.00660931 0.00968792 965.953
52 756   -0.00677618 0.00949105 961.013
52 757   -0.00673679 0.00964937 967.04
52 758   -0.00702043 0.00936983 944.913
52 759   -0.00690648 0.009451 959.82
52 760   -0.00718659 0.00940202 926.105
52 761   -0.00710186 0.00941251 946.558
52 768   -0.00684738 0.00968848 969.11
52 772   -0.00701382 0.00963434 969.483
52 773   -0.00691599 0.00961766 969.07
52 774   -0.00693569 0.0095385 967.143
52 775   -0.0070662 0.00948639 964.399
52 776   -0.00701398 0.00953122 968.148
52 777   -0.00705305 0.00957914 969.587
52 778   -0.00715826 0.00956619 968.351
52 779   -0.00710361 0.0095609 969.525
52 780   -0.00710691 0.00950773 967.318
52 781   -0.00718967 0.00946395 947.722
52 782   -0.00717747 0.00953027 969.513
52 783   -0.00714565 0.00949578 965.459
52 784   -0.00723904 0.00948911 946.762
52 785   -0.0072285 0.00952884 969.274
52 786   -0.00729681 0.0094434 848.879
52 787   -0.00727778 0.00947715 894.548
52 788   -0.00730236 0.00949822 838.303
52 789   -0.0073345 0.00948723 403.568
52 790   -0.00732264 0.00945226 798.511
52 791   -0.00732117 0.00947668 744.427
52 803   0.00708627 0.00944078 968.763
52 804   0.00686654 0.00956763 966.941
52 851   -0.00702069 -0.00795203 944.916
52 852   -0.00721157 -0.00833798 955.748
52 853   -0.00658089 -0.00811223 952
52 854   -0.0065807 -0.0088698 964.359
52 855   -0.00663593 -0.00848195 959.563
52 856   -0.00690758 -0.00851442 961.669
52 857   -0.00677701 -0.00899972 967.758
52 858   -0.00692768 -0.00880484 967.398
52 859   -0.00686894 -0.00942049 968.93
52 860   -0.00684797 -0.00921576 969.067
52 862   -0.00703586 -0.00948692 969.534
52 879   -0.00359019 -0.00986224 962.324
52 880   -0.0032067 -0.010557 967.688
52 883   -0.00379841 -0.0110291 961.486
52 884   -0.00346778 -0.0110915 969.012
52 889   -0.00491608 -0.00958546 953.149
52 890   -0.00515826 -0.0100471 943.8
52 891   -0.00419054 -0.00996403 955.457
52 892   -0.0047329 -0.0104766 935.301
52 893   -0.00422465 -0.0103956 949.564
52 894   -0.0040507 -0.0107972 944.696
52 896   -0.00441142 -0.0109635 904.105
52 897   -0.00470646 -0.0107927 919.424
52 1029   -0.00125581 -0.0106097 968.026
52 1030   -0.000999056 -0.0114522 964.878
52 1031   -0.000213236 -0.0100222 967.748
52 1032   0.00102777 -0.0108282 969.006
52 1033   0.000234187 -0.0105086 967.916
52 1034   -0.000147143 -0.0112208 966.258
52 1036   0.000313836 -0.0115912 967.445
52 1037   0.000979036 -0.0114896 969.602
52 1046   -0.000919255 0.010633 968.784
52 1047   0.000387366 0.0108516 966.771
52 1048   7.75335e-05 0.010009 967.707
52 1050   -0.000277455 0.0115263 967.534
52 1051   -0.00094139 0.0114251 969.568
52 1372   -0.00790937 0.00499693 963.766
52 1373   -0.00768954 0.00353293 950.11
52 1374   -0.00646047 0.00551954 955.02
52 1375   -0.00624064 0.00405554 967.575
52 1412   -0.00855323 0.00266231 932.37
52 1413   -0.00878905 0.00148773 927.808
52 1432   0.00764703 0.00916871 969.475
52 1434   0.00766105 0.00922106 907.495
52 1435   0.00764657 0.00920202 966.016
52 1447   -0.00708948 -0.00892937 969.357
52 1448   -0.00733655 -0.00884378 968.948
52 1449   -0.00746385 -0.00896292 969.339
52 1450   -0.00726307 -0.00939019 959.749
52 1451   -0.00711134 -0.00936955 968.509
52 1452   -0.0071106 -0.00911417 969.249
52 1453   -0.00701976 -0.00920568 969.466
52 1454   -0.00726014 -0.0091687 965.43
52 1455   -0.00736633 -0.00910304 965.442
52 1456   -0.00732103 -0.00928085 955.812
52 1457   -0.00748954 -0.00929494 919.727
52 1458   -0.00741259 -0.00926366 944.605
52 1459   -0.00745303 -0.00916235 957.53
52 1460   -0.0075419 -0.00922569 932.792
52 1461   -0.00751805 -0.00916158 955.722
52 1462   -0.00757896 -0.00911228 967.516
52 1464   -0.00762568 -0.00913631 968.759
52 1467   -0.00758606 -0.00921768 941.359
52 1468   -0.00764416 -0.00919442 968.961
52 1469   -0.00760893 -0.0091776 965.701
52 1472   -0.0076517 -0.00923726 766.113
52 1473   -0.00761002 -0.00924277 925.532
52 1474   -0.00763333 -0.00922754 953.377
52 1475   0.00576706 -0.00922534 950.341
52 1476   0.00600238 -0.00997717 962.249
52 1477   0.00542756 -0.0098277 958.052
52 1478   0.00631089 -0.0091806 947.521
52 1479   0.00637285 -0.00956902 960.2
52 1480   0.00672126 -0.00955131 964.116
52 1481   0.0061395 -0.00766455 917.467
52 1482   0.00616041 -0.00813626 924.48
52 1483   0.00676058 -0.00767213 895.42
52 1484   0.00721571 -0.00828996 895.13
52 1485   0.0066382 -0.00829035 913.667
52 1486   0.00692478 -0.00799733 899.258
52 1487   0.00678889 -0.00855459 914.721
52 1488   0.00706937 -0.00861137 903.962
52 1489   0.00673121 -0.0088124 923.238
52 1490   0.00662195 -0.00897822 933.766
52 1491   0.00676678 -0.00936177 954.512
52 1492   0.00672943 -0.00917709 941.992
52 1493   0.00695028 -0.00932487 946.369
52 1494   0.00688927 -0.00941731 958.483
52 1495   0.00704416 -0.00937519 948.943
52 1499   0.00680815 -0.00971572 969.008
52 1501   0.00691998 -0.00965613 969.521
52 1505   0.00709641 -0.00958957 968.466
52 1506   0.00704775 -0.00946066 963.288
52 1507   0.00698968 -0.00958651 969.522
52 1508   0.00696936 -0.00950745 967.133
52 1509   0.00713815 -0.00953485 969.501
52 1510   0.00710981 -0.00948501 966.384
52 1511   0.00708818 -0.00887384 905.657
52 1512   0.00689331 -0.00892836 919.835
52 1516   0.00722709 -0.00897834 896.039
52 1519   0.00729389 -0.00918282 883.809
52 1520   0.00717817 -0.00908977 901.118
52 1521   0.00727282 -0.00933875 887.327
52 1522   0.00725514 -0.00925834 892.294
52 1523   0.0069316 -0.00923253 937.197
52 1524   0.00683324 -0.0091403 935.132
52 1525   0.00688787 -0.00905739 926.285
52 1526   0.00707207 -0.00911663 915.23
52 1527   0.0069753 -0.00910583 923.45
52 1528   0.00699717 -0.00919341 928.768
52 1529   0.00718509 -0.00923521 906.964
52 1530   0.00707014 -0.00922186 923.558
52 1531   0.00711773 -0.00918654 913.856
52 1532   0.00710287 -0.00933141 934.706
52 1533   0.00710929 -0.00926809 923.582
52 1534   0.00716571 -0.00927297 914.488
52 1535   0.00721588 -0.00935855 911.639
52 1536   0.00717882 -0.00931591 916.784
52 1537   0.00713978 -0.00935668 933.082
52 1538   0.00719368 -0.00940159 930.829
52 1539   0.00714044 -0.00944746 957.138
52 1540   0.00714579 -0.00940216 943.156
52 1541   0.00717147 -0.00945964 956.8
52 1542   0.00720518 -0.00943415 938.017
52 1543   0.007221 -0.00951941 968.038
52 1544   0.00718296 -0.00950721 968.194
52 1545   0.0072427 -0.00948785 952.152
52 1546   0.00723838 -0.00945016 930.825
52 1547   0.00731049 -0.00946749 786.28
52 1548   0.00728301 -0.00944386 877.845
52 1551   0.00732499 -0.0094985 249.254
52 1552   0.00727581 -0.00950643 953.892
52 1553   0.00729897 -0.00949237 819.472
end
