838
16 351   -0.0449779 0.003186 968.527
16 352   -0.045157 -0.00300319 968.505
16 353   -0.0477797 -0.0217977 920.403
16 354   -0.00161266 0.0284581 885.586
16 355   -0.0411386 -0.0065527 969.049
16 356   -0.0435086 -0.0297249 859.81
16 357   -0.000318458 0.0234759 928.797
16 358   -0.0384817 -0.00727755 969.453
16 359   -0.00231195 0.0211149 962.924
16 360   0.00238232 0.0220559 921.582
16 361   -0.00132014 -0.0214607 949.248
16 362   0.00471177 0.0223644 906.32
16 363   0.0064514 0.0191918 943.838
16 364   0.00555058 -0.0178935 871.421
16 365   0.00507681 0.0179242 959.614
16 366   -0.00074843 -0.0189372 954.872
16 367   -0.00141247 0.0185668 962.35
16 368   0.00356896 -0.0191824 894.052
16 369   0.00274735 0.0191221 952.003
16 370   -0.00265547 -0.0176118 968.372
16 371   0.00682732 -0.0191711 857.807
16 372   -0.00270079 0.0169822 959.174
16 373   0.00508736 0.0162155 969.235
16 374   0.0021656 -0.018035 910.538
16 375   0.000612117 -0.0179892 936.387
16 376   -0.00233073 -0.0158578 968.331
16 377   0.00520487 -0.0161404 863.413
16 378   0.00165877 0.0179929 961.823
16 379   0.00018348 0.0178514 962.231
16 380   0.0057834 -0.0148631 829.145
16 381   0.00585606 0.0150323 963.187
16 382   0.00237645 -0.0161742 908.223
16 383   -0.00189891 0.0154591 957.43
16 384   0.0034341 -0.0155684 887.065
16 385   0.00689411 0.0146007 951.56
16 386   -0.00088096 -0.0154557 966.158
16 387   0.00015484 -0.0162617 950.917
16 388   0.0012143 -0.0154752 930.972
16 389   0.0044613 0.0139444 941.977
16 390   0.000100649 0.016179 967.108
16 391   -0.000693423 0.0153714 966.558
16 392   0.00431696 0.0128939 904.813
16 393   0.00115621 0.0155452 969.423
16 394   -0.00235858 0.014316 945.397
16 395   0.00342766 -0.014358 863.25
16 396   0.00433623 -0.0128872 742.519
16 397   0.00450022 -0.013913 799.557
16 398   0.00103646 -0.0144985 938.976
16 399   0.00275154 -0.0137125 878.297
16 400   -0.000652497 -0.014413 967.585
16 401   0.00107624 0.014614 968.015
16 402   -0.000381937 0.0143717 969.344
16 403   0.00151308 0.0140141 956.424
16 404   -0.00102254 -0.0137481 969.353
16 405   0.00201067 -0.0136423 908.067
16 406   -0.00171392 0.0135301 958.478
16 407   0.00144749 0.0125957 890.117
16 408   0.00145131 -0.0139169 929.428
16 409   0.000205467 -0.0142424 960.018
16 410   0.000332164 0.0142481 968.256
16 411   -0.000708946 0.0137509 969.236
16 412   -0.00114366 0.0134804 968.54
16 413   -0.00191629 0.0128186 952.455
16 414   -0.00155081 -0.0124789 944.177
16 415   0.000961171 0.0134371 942.234
16 416   0.000903401 0.0129155 910.264
16 417   0.000398216 0.0136094 957.84
16 418   0.000193007 -0.0136176 964.62
16 419   0.00180865 -0.0129887 913.555
16 420   0.00359106 0.0123288 920.763
16 421   -0.000982092 0.012828 962.148
16 422   0.00196297 -0.0126226 902.755
16 423   0.000976595 -0.0134081 950.921
16 424   0.000378849 0.0126701 888.641
16 425   -0.00151781 0.0124777 967.898
16 426   6.04551e-05 0.013301 954.11
16 427   0.000549286 -0.0133649 962.091
16 428   -0.000332607 0.013319 963.382
16 429   0.0013379 -0.0128805 943.233
16 430   9.88574e-05 0.0128834 928.905
16 431   0.00106521 -0.0130254 954.515
16 432   -0.000648052 0.0127326 936.774
16 433   -0.00115387 0.0125367 954.947
16 434   0.00157815 -0.0123878 926.718
16 435   0.000469713 -0.0129911 967.467
16 436   -0.000433277 0.0129532 953.1
16 437   0.00128262 -0.0125484 952.657
16 438   -0.000193978 0.0127286 944.408
16 439   -0.000580603 0.0124802 895.8
16 440   -0.000232367 0.0125367 952.507
16 441   -0.000404217 0.0125088 921.607
16 455   -0.00661321 -0.0110522 777.626
16 478   -0.0443249 -0.0225629 947.118
16 479   -0.0429844 -0.0255761 933.741
16 489   -0.0099344 -0.0304202 937.104
16 490   -0.0072817 -0.0334734 902.053
16 491   -0.00856434 -0.0271545 953.546
16 492   -0.00569038 -0.0267298 944.236
16 494   0.00680179 -0.0142764 825.781
16 496   -0.04731 0.0259417 866.711
16 497   -0.0511394 0.023991 863.495
16 498   -0.0440346 0.024465 933.878
16 509   -0.00484811 0.0299362 907.79
16 510   -0.00730852 0.0334708 907.79
16 511   -0.0100114 0.0304123 940.466
16 512   -0.00626239 0.0266397 950.584
16 513   -0.00883953 0.0271158 955.447
16 514   -0.0410052 0.0310468 886.987
16 515   -0.0391941 0.0336823 891.783
16 516   -0.0387128 0.028258 940.414
16 523   -0.0360283 -0.0260347 966.669
16 524   -0.0326458 -0.0236768 969.46
16 525   -0.0342103 -0.0212256 943.412
16 527   -0.00435718 0.0218298 967.697
16 528   -0.005662 0.0239017 968.674
16 534   -0.0242213 -0.0325 957.661
16 535   -0.0293986 -0.0249512 967.088
16 536   -0.025948 -0.0225 966.976
16 537   -0.0208885 -0.0297234 959.445
16 538   -0.0220787 -0.0247234 964.343
16 539   -0.0136081 -0.0291702 953.112
16 540   -0.0161269 -0.0322234 951.27
16 541   -0.0142259 -0.0241702 966.97
16 542   -0.0163558 -0.0222234 967.003
16 543   -0.0195141 -0.0222234 965.64
16 553   -0.00353948 -0.0221488 967.281
16 554   -0.00494181 -0.0240174 966.925
16 558   -0.0473562 0.013037 964.013
16 559   -0.0423562 0.013037 969.26
16 560   -0.0386394 0.0173355 927.848
16 561   -0.0432963 0.0167981 969.187
16 562   -0.0410176 0.0154604 968.231
16 571   -0.00694433 -0.0150573 906.895
16 572   -0.00340949 -0.0150921 956.111
16 573   -0.00474199 -0.015275 937.054
16 574   -0.00385889 -0.013866 936.159
16 575   -0.00304141 -0.0142596 954.799
16 576   -0.00216868 -0.0129592 947.205
16 577   -0.00194136 -0.0137072 963.237
16 578   -0.00358414 -0.0131741 930.438
16 579   -0.00299398 -0.0128198 931.526
16 580   -0.00305179 -0.0122298 913.187
16 581   -0.00680889 0.0146347 904.741
16 582   -0.00323656 0.0141374 918.536
16 583   -0.00423589 0.014449 907.693
16 585   -0.0024188 0.0125131 918.41
16 586   -0.00309441 0.013046 901.104
16 587   -0.00360246 0.0125579 822.88
16 599   -0.050157 -0.00544879 967.579
16 602   -0.0489854 -0.0094173 966.276
16 603   -0.0513285 -0.0114736 962.997
16 604   -0.0435749 -0.0109742 968.78
16 605   -0.0464216 -0.0113931 966.691
16 606   -0.042136 -0.0127692 969.48
16 607   -0.0433698 -0.0152276 969.192
16 608   -0.0396998 -0.0119602 969.662
16 609   -0.0387181 -0.0134074 969.018
16 624   -0.0405616 -0.0310368 891.692
16 625   -0.0390461 -0.0336789 892.695
16 626   -0.0369278 -0.028488 947.981
16 683   -0.0242273 0.0325 958.134
16 684   -0.0263325 0.0225 967.266
16 685   -0.0297247 0.0245579 967.843
16 686   -0.022116 0.0247208 964.478
16 687   -0.0209206 0.0297208 959.953
16 688   -0.0143463 0.0241623 966.806
16 689   -0.0161561 0.0322208 952.741
16 690   -0.0136867 0.0291623 954.449
16 692   -0.0195722 0.0222208 965.615
16 693   -0.0164502 0.0222208 966.832
16 706   -0.00426958 -0.0179871 946.259
16 707   -0.00694433 -0.0182946 853.741
16 708   -0.00527733 -0.016416 930.549
16 709   -0.00638866 -0.0165893 913.241
16 710   -0.000711651 -0.0126151 958.887
16 711   -0.000980124 -0.0125715 955.182
16 903   -0.000540854 -0.0133369 969.465
16 904   -0.000183268 -0.013377 969.013
16 905   -0.000573327 -0.0128592 966.706
16 906   -0.000146579 -0.0130214 969.592
16 907   -0.00032946 -0.012779 967.865
16 908   -0.000199311 -0.0125785 965.832
16 909   0.00023952 -0.0128982 969.083
16 910   -4.07523e-05 -0.0127106 969.64
16 911   7.89179e-06 -0.0129312 969.457
16 912   0.000104031 -0.0126545 968.753
16 913   0.000381359 -0.0125896 969.324
16 914   0.000270585 -0.0127218 969.502
16 916   0.000282353 -0.0125113 969.359
16 917   0.000147257 -0.0125332 965.166
16 973   -0.0403018 -0.0242476 967.466
16 974   -0.0379743 -0.0246219 965.6
16 975   -0.0370993 -0.022264 860.182
16 978   -0.0072044 -0.0110362 745.397
16 983   -0.00705661 -0.0105261 683.606
16 984   -0.0073522 -0.0103712 545.683
16 990   -0.0411462 0.0249968 960.413
16 991   -0.0391986 0.0261903 959.836
16 995   -0.00690881 0.0108457 824.446
16 997   -0.00626698 -0.0194412 802.946
16 998   -0.00602362 -0.0208284 774.755
16 999   -0.00470356 -0.0193069 918.456
16 1000   -0.0044602 -0.0206942 924.333
16 1004   0.00730294 0.0103835 530.937
16 1007   0.00690881 0.01059 702.705
16 1008   0.00710587 0.0110473 749.37
16 1043   -0.0400714 0.0190122 897.308
16 1044   -0.0423501 0.0186832 967.457
16 1045   -0.0429354 0.0206988 968.883
16 1046   -0.0396829 0.0216245 871.866
16 1047   -0.0414076 0.0226423 967.031
16 1052   -0.00421746 0.0172858 959.27
16 1053   -0.00686656 0.0180313 960.915
16 1054   -0.00479322 0.01574 931.411
16 1055   -0.00617545 0.0161172 937.416
16 1056   -0.00624125 0.0205486 814.739
16 1057   -0.00497437 0.0201802 947.58
16 1058   -0.00623312 0.0190368 924.474
16 1059   -0.00496625 0.0186685 969.307
16 1087   0.0035029 0.0160667 969.33
16 1088   0.00198404 0.015871 969.416
16 1089   0.00240377 0.0166463 967.964
16 1090   0.00365101 0.014379 956.076
16 1091   0.00346131 0.015318 968.577
16 1092   0.00270503 0.0152649 968.824
16 1093   0.00213568 0.0140369 953.199
16 1094   0.0030945 0.0140501 949.914
16 1095   0.00269494 0.0146016 963.131
16 1096   0.0020373 0.012871 905.574
16 1097   0.00282558 0.0134788 932.112
16 1098   0.0022449 0.0134921 934.799
16 1099   0.00317499 0.012602 896.121
16 1100   0.00282167 0.0130304 913.173
16 1101   0.00241429 0.012685 895.462
16 1102   0.00300279 0.0122185 873.181
16 1103   0.00253243 0.0122948 873.287
16 1113   0.00690881 -0.0108391 835.927
16 1217   -0.0099647 -0.0209734 940.132
16 1218   -0.0112406 -0.0229202 969.379
16 1219   -0.00925274 -0.0246545 968.979
16 1220   -0.00733891 -0.0217344 835.927
16 1221   -0.00717782 -0.0234688 954.113
16 1222   -0.0423685 -0.0198683 967.486
16 1223   -0.0420413 -0.0170891 968.49
16 1224   -0.0389893 -0.0207108 775.088
16 1225   -0.0405345 -0.021562 926.558
16 1226   -0.0386077 -0.0180057 908.034
16 1227   -0.0398259 -0.0160778 961.37
16 1243   -0.00640899 -0.0139164 893.004
16 1244   -0.00696466 -0.0128759 852.951
16 1245   -0.00637347 -0.0120106 825.228
16 1246   -0.00480297 -0.013731 916.172
16 1247   -0.00531798 -0.0143075 917.594
16 1248   -0.00551461 -0.0122895 857.31
16 1249   -0.00503512 -0.0130312 895.804
16 1250   -0.00526169 -0.0115892 839.11
16 1254   -0.00486756 -0.0117957 851.993
16 1265   -0.0510347 0.0324944 678.074
16 1268   -0.0472053 0.029859 754.008
16 1269   -0.0442748 0.0323645 776.399
16 1270   -0.0113592 0.0229123 969.497
16 1271   -0.0100327 0.0209708 945.885
16 1272   -0.0095277 0.0246158 968.83
16 1273   -0.00757588 0.023407 959.213
16 1274   -0.00753794 0.0217035 859.628
16 1290   -0.00393703 -0.0127613 918.507
16 1291   -0.00444392 -0.0127534 905.524
16 1292   -0.00420576 -0.0119713 884.578
16 1293   -0.00452928 -0.0122182 883.508
16 1294   -0.00343856 -0.0122796 922.275
16 1295   -0.00391701 -0.0122019 929.074
16 1296   -0.00373364 -0.0124568 921.817
16 1299   -0.00350232 -0.0120442 928.488
16 1300   -0.00374155 -0.0120054 956.461
16 1314   -0.0461683 -0.032367 720.564
16 1332   0.00511318 0.0125878 875.149
16 1333   0.00591614 0.0112756 803.851
16 1334   0.00650733 0.0115264 796.99
16 1335   0.00690146 0.0125584 851.149
16 1336   0.00629556 0.0132068 896.637
16 1338   0.00552201 0.0114821 816.304
16 1339   0.00512788 0.0116886 828.127
16 1340   0.00473375 0.0118951 839.063
16 1344   -0.0345587 0.021029 936.055
16 1345   -0.0329423 0.0230869 969.065
16 1346   -0.0348525 0.0252982 968.935
16 1347   -0.0374427 0.0226435 887.564
16 1348   -0.0372198 0.0248547 968.545
16 1374   0.0065597 -0.011654 797.777
16 1375   0.0071509 -0.0124029 824.011
16 1376   0.00645269 -0.0129739 802.692
16 1377   0.00497471 -0.012425 734.009
16 1378   0.005915 -0.0118297 761.577
16 1379   0.00580799 -0.0126204 772.803
16 1381   0.00478613 -0.0117892 710.718
16 1382   0.00537732 -0.0114795 728.593
16 1383   -0.00288433 -0.0320473 826.692
16 1384   -0.00266307 -0.0285693 878.854
16 1385   0.000324883 0.0319926 757.421
16 1399   0.00387681 -0.0335739 682.17
16 1400   0.000253618 -0.0335739 722.831
16 1406   0.00240971 -0.0124062 842.503
16 1409   0.00299625 -0.0128424 804.181
16 1410   0.00350838 -0.0124621 728.773
16 1430   -0.0505642 -0.0249961 837.042
16 1431   -0.0490989 -0.02991 714.172
16 1432   -0.0510347 -0.0325431 677.639
16 1459   0.00041548 -0.0234298 905.778
16 1460   0.000585504 -0.0269308 841.249
16 1461   0.00398744 -0.0275566 732.372
16 1462   0.00314474 -0.0219729 881.826
16 1463   0.00512636 -0.022222 841.042
16 1464   0.00579903 -0.0243046 783.478
16 1476   0.00576037 0.0249822 832.881
16 1477   0.00568817 0.0326632 678.071
16 1478   0.00394854 0.0296558 720.274
16 1537   -0.00616773 0.0133554 856.764
16 1538   -0.00497696 0.013547 856.683
16 1539   -0.00448569 0.0127473 784.441
16 1540   -0.00685885 0.0124722 843.132
16 1541   -0.00626766 0.0117101 781.016
16 1543   -0.00538087 0.0116388 720.218
16 1544   -0.00478967 0.0119486 710.436
16 1567   0.0056884 -0.0321478 677.211
16 1568   0.0056884 -0.0292956 694.414
16 1665   -0.0314871 0.033529 947.4
16 1666   -0.0281018 0.031029 957.727
16 1667   -0.0295283 0.0280869 962.163
16 1668   -0.0347951 0.0322112 935.445
16 1669   -0.0333311 0.0277982 962.007
16 1670   -0.0352126 0.0294225 948.552
16 1671   -0.0499779 0.0057404 967.572
16 1672   -0.0499779 0.0107438 964.614
16 1704   -0.0511394 0.0177494 938.383
16 1705   -0.0457963 0.0167981 962.896
16 1706   -0.0485176 0.0154604 957.735
16 1707   -0.0497787 0.021539 910.358
16 1708   -0.0497787 0.0194585 928.829
16 1709   -0.0470574 0.0187157 950.411
16 1710   -0.045823 0.0224774 933.413
16 1711   -0.0444624 0.0210657 958.68
16 1712   -0.0477377 0.021502 922.569
16 1713   -0.0463771 0.0200904 947.431
16 1719   -0.0399779 0.0107174 969.536
16 1720   -0.0399779 0.00566132 969.169
16 1754   -0.0511077 -0.0172584 941.105
16 1755   -0.0483232 -0.0182698 946.277
16 1756   -0.0499362 -0.0144775 957.212
16 1757   -0.0473724 -0.0139551 963.199
16 1758   -0.0457594 -0.0159945 964.365
16 1765   -0.0315113 -0.0337256 946.719
16 1766   -0.0296019 -0.0286768 960.604
16 1767   -0.0281224 -0.0312256 957.152
16 1768   -0.0346725 -0.0324046 935.133
16 1769   -0.0337486 -0.0298558 950.437
16 1775   0.000671715 -0.0128333 967.973
16 1776   0.000839901 -0.0128244 965.872
16 1777   0.000764077 -0.0124795 965.174
16 1778   0.000877845 -0.0125737 969.157
16 1779   0.000495413 -0.0125611 967.772
16 1780   0.000610964 -0.0126459 969.559
16 1781   0.000665381 -0.0125427 967.057
16 1783   0.000592768 -0.012451 955.444
16 1784   0.000506892 -0.0124649 958.713
16 1800   0.00111198 -0.0124322 965.716
16 1801   0.000983764 -0.012453 969.159
52 238   -0.00502428 -0.00118961 914.72
52 239   -0.000861463 -0.00110619 929.66
52 240   -0.000827623 0.00125397 928.671
52 241   -0.00284493 -0.00226717 929.441
52 242   0.00311875 -0.000941729 919.404
52 243   0.00121299 0.00239463 933.189
52 244   0.00111982 -0.00221239 929.237
52 245   0.00317808 0.00130514 923.691
52 246   0.00488406 -0.00196626 909.522
52 247   0.00473324 -0.00411588 909.275
52 248   0.00642296 -0.00499247 890.295
52 249   0.00492129 0.00240248 918.685
52 250   -0.00665608 -0.00230196 908.282
52 251   0.00655811 -0.000942362 902.338
52 252   -0.00651902 -0.00422751 915.705
52 253   0.00805289 -0.00192641 880.973
52 254   0.00921481 -0.00062385 893.313
52 255   0.00638243 0.00180126 907.961
52 256   -0.0086857 -0.00587063 890.39
52 257   -0.00800195 -0.00468415 900.25
52 258   0.00692903 0.000608898 903.838
52 259   0.000705816 0.00869369 969.021
52 260   -0.00904315 -0.000120088 903.839
52 261   -0.00809614 -0.00182807 897.802
52 262   0.00762601 0.00280864 899.134
52 263   0.00768001 0.00392274 900.707
52 264   -0.00320011 -0.00895561 969.31
52 265   -0.00880855 -0.00105349 904.821
52 266   -0.00602706 -0.00962973 943.224
52 267   -0.00501343 -0.00959254 965.195
52 268   0.00827373 0.00104814 898.311
52 269   -0.00891021 -0.00373907 871.582
52 270   0.00865218 0.00450445 883.984
52 271   -0.00992236 -0.00555831 840.98
52 272   0.00855673 0.00221906 888.919
52 273   0.00916252 0.00621279 875.978
52 274   0.00845267 0.00561673 897.962
52 275   0.00998263 0.00563094 833.198
52 276   -0.00886734 -0.00280854 877.598
52 277   0.00906473 0.000799437 905.476
52 278   0.00020707 0.00991346 956.523
52 279   0.009477 0.00419265 832.965
52 280   -0.00984814 -0.00240337 828.72
52 281   0.00939976 0.00248535 854.395
52 282   -0.00993764 -0.00164879 874.354
52 283   0.00905536 0.00706957 895.468
52 284   -0.00978273 -0.00398502 806.672
52 285   -0.0101111 -0.00461778 796.211
52 286   -0.0104378 -0.00281099 750.141
52 287   0.0100976 0.00472307 796.708
52 288   -0.000472731 0.0100758 935.877
52 289   0.00981079 0.0035708 795.195
52 290   0.00977501 0.0030348 803.801
52 291   0.00989949 0.00188747 853.573
52 292   -0.0103295 -0.00346211 746.921
52 293   -0.0107531 -0.00439558 743.667
52 294   0.00984746 0.00137247 896.132
52 295   0.010483 0.00211217 783.695
52 296   0.0106843 0.00441668 747.32
52 297   0.00117202 -0.0107509 874.101
52 298   0.0104139 0.00287417 740.919
52 299   0.0104625 0.0036845 733.216
52 300   0.0107154 0.00399995 725.498
52 301   -0.0109443 -0.0026303 716.314
52 302   0.0106221 0.00254943 737.324
52 303   0.000867969 -0.0110105 859.852
52 304   -0.0107696 -0.00362033 712.47
52 305   -0.0108647 -0.00392105 715.586
52 306   0.0106911 0.00313274 712.048
52 307   0.010704 0.00340707 711.114
52 308   0.01101 0.00263995 707.801
52 309   0.000205391 0.0117411 963.334
52 310   0.0110771 0.00388314 704.63
52 311   -0.0111174 -0.00295511 695.865
52 312   -0.000115547 0.0117023 905.527
52 313   -0.0111662 -0.00381029 700.051
52 314   0.00094562 -0.0112994 821.346
52 315   -0.0110254 -0.00343693 696.429
52 316   0.0109807 0.00305432 697.017
52 317   0.0110914 0.00288627 695.733
52 318   0.0111058 0.00363313 696.037
52 319   0.0109855 0.0034725 697.318
52 320   -0.0111574 -0.00315824 689.376
52 321   -0.0111318 -0.00330114 690.055
52 322   -0.000186511 0.0118613 890.611
52 323   0.0113049 0.00355477 687.146
52 324   -0.0111835 -0.00360246 693.024
52 325   0.0111326 0.00319211 688.485
52 326   0.0113028 0.00293158 686.368
52 327   0.0111246 0.00333597 689.305
52 328   0.0112918 0.00339562 683.164
52 329   -0.011328 -0.00352774 685.807
52 330   -0.0113234 -0.00339498 682.421
52 331   -0.0113591 -0.00315337 679.633
52 332   -0.0113616 -0.00296465 685.764
52 333   -0.000687858 0.0117219 729.328
52 334   0.0113839 0.00331954 678.053
52 335   0.0113342 0.00305874 681.242
52 336   -0.0112733 -0.0028432 693.455
52 337   0.0112747 0.00315122 682.092
52 338   -0.0114073 -0.00307168 680.006
52 339   0.0113588 0.003219 677.87
52 340   -0.0114162 -0.00336678 678.127
52 341   0.0114702 0.00332135 674.855
52 342   0.0114341 0.00318185 674.561
52 343   -0.0114997 -0.00311236 675.303
52 344   0.0114947 0.00320634 671.626
52 345   0.0115056 0.0032453 671.641
52 346   0.0115352 0.00318556 669.734
52 347   0.0115413 0.00316881 670.01
52 348   0.0115689 0.00317198 669.912
52 349   0.0115732 0.00316281 673.071
52 350   -0.000568298 0.0119841 2.87306
52 458   0.00144953 -0.00400717 933.217
52 459   0.00329764 -0.00488613 921.62
52 460   0.000520772 -0.00472466 941.675
52 461   0.00123415 -0.00599317 947.48
52 462   -0.00251129 -0.00408662 940.306
52 463   -0.00084083 -0.00476203 946.194
52 464   -0.00521046 -0.00491403 934.788
52 465   -0.00294097 -0.00599723 954.596
52 466   -0.00353036 -0.00469605 942.335
52 467   -0.00391243 -0.0065188 957.343
52 468   -0.00523034 -0.00610678 947.469
52 469   -0.00395243 -0.00794233 967.203
52 470   -0.00487629 -0.00837605 968.762
52 471   -0.00726492 -0.0072064 946.443
52 472   -0.00566247 -0.00761397 964.192
52 473   -0.00605653 -0.00676822 950.884
52 474   -0.00651524 -0.00893216 953.033
52 475   -0.0062878 -0.00813289 968.291
52 476   -0.00718161 -0.00802891 964.31
52 477   -0.00764372 -0.008588 968.795
52 610   -0.00453504 -0.0104158 963.784
52 632   0.00273567 0.00578041 953.495
52 633   0.00461903 0.00717573 961.848
52 634   0.00555508 0.00762504 964.673
52 635   0.00658736 0.00931954 926.863
52 636   0.00468475 0.00398988 929.71
52 637   0.00457579 0.00619102 952.158
52 638   0.00374058 0.0051351 945.437
52 639   0.00541822 0.00559684 940.493
52 640   0.00674867 0.00449522 914.196
52 641   0.00565113 0.0045103 926.526
52 642   0.00758755 0.00585004 914.798
52 643   0.00617579 0.00585328 936.559
52 644   0.00685573 0.00531023 919.815
52 645   0.0074515 0.00664923 930.736
52 646   0.0081262 0.00794623 949.889
52 647   0.00820945 0.0072727 926.282
52 648   0.00658852 0.00664493 944.425
52 649   0.00647334 0.00742443 959.221
52 650   0.0068813 0.00877716 952.629
52 651   0.00753054 0.00818719 966.049
52 652   0.0069756 0.00801734 966.284
52 654   0.00760131 0.00877795 965.334
52 655   0.00727117 0.00911608 899.904
52 747   0.011522 0.00313254 672.145
52 749   0.0114554 0.0031248 674.76
52 750   0.0114396 0.00306946 677.131
52 751   -0.000348196 0.0118421 792.138
52 752   -0.000485202 0.0118729 639.597
52 753   -0.000458396 0.0119121 578.965
52 754   -0.000493577 0.0119553 314.833
52 796   0.000600624 -0.011718 749.344
52 797   0.000586082 -0.0118448 589.09
52 798   0.00053886 -0.0118365 652.788
52 799   0.000521918 -0.0118905 528.867
52 803   0.000626851 -0.0118253 624.597
52 804   0.000661167 -0.0117781 694.227
52 805   0.000652076 -0.0116395 770.859
52 806   0.000784789 -0.0114413 805.028
52 808   0.000761839 -0.0116317 764.629
52 809   0.000825964 -0.0115435 783.008
52 826   0.000599459 -0.011898 422.319
52 829   0.00054902 -0.0119082 423.678
52 830   0.00058632 -0.0119344 220.522
52 831   0.000579339 -0.0119074 390.648
52 832   0.000544999 -0.0119298 326.101
52 833   0.000567003 -0.0119405 204.15
52 836   -0.0014693 -0.0102459 964.254
52 837   -0.00123913 -0.0114478 967.394
52 838   -0.000687342 -0.0104503 956.523
52 839   0.000229239 -0.00666479 957.878
52 840   -0.00134441 -0.00907204 969.072
52 841   -0.00214653 -0.00818691 968.293
52 842   -0.000846329 -0.00602629 955.346
52 843   -0.0019274 -0.00665206 960.411
52 844   0.000183321 -0.00768215 965.864
52 845   -0.000452317 -0.00855879 969.128
52 846   0.000454877 -0.00928039 962.415
52 847   -9.44254e-05 -0.00938657 964.466
52 848   -0.000204568 -0.0101042 952.358
52 849   0.00329293 -0.0060431 925.344
52 850   0.0021582 -0.00643265 942.622
52 851   0.0044018 -0.00707072 910.067
52 852   0.00411036 -0.00804551 910.808
52 853   0.0031371 -0.00798639 937.102
52 854   0.00229381 -0.00740114 949.74
52 855   0.000859032 -0.00807162 967.337
52 856   0.000772696 -0.00884207 968.404
52 857   0.00168328 -0.00798114 962.984
52 858   0.00129955 -0.00906095 965.179
52 859   0.00180753 -0.00858313 967.915
52 860   0.00180391 -0.00999261 886.346
52 861   0.00182338 -0.00951862 911.035
52 862   0.00144538 -0.00947033 942.729
52 863   0.00121513 -0.0104072 895.75
52 864   0.00152147 -0.0100971 900.287
52 865   0.00133036 -0.00979155 926.016
52 866   0.000712474 -0.0098349 941.179
52 867   0.00108268 -0.00993456 926.184
52 868   0.000965335 -0.0102689 911.765
52 869   0.000148735 -0.0101917 941.505
52 870   0.000673777 -0.0103099 919.353
52 871   0.000516474 -0.0100286 937.199
52 872   4.398e-05 -0.0108316 924.23
52 873   0.00046057 -0.010475 918.508
52 874   0.000151505 -0.010471 931.717
52 875   0.000623108 -0.0109628 877.837
52 876   0.000464162 -0.01073 904.248
52 877   0.000277986 -0.0109501 903.839
52 878   0.000532227 -0.0111883 862.626
52 879   0.000341637 -0.0111775 884.094
52 880   -0.000178323 -0.0110354 935.347
52 881   -0.000767762 -0.0112916 964.53
52 882   -0.000632223 -0.0108802 954.835
52 883   -0.000181707 -0.011356 939.565
52 884   -0.000311365 -0.0117733 968.745
52 885   -0.000440136 -0.0115434 963.845
52 886   -3.13466e-05 -0.0115034 929.518
52 887   -9.32349e-05 -0.0117149 953.637
52 888   0.000253359 -0.0113639 882.873
52 889   0.000117766 -0.0114876 902.077
52 890   0.000163443 -0.011649 889.959
52 891   0.000666182 -0.0114171 818.527
52 892   0.000566331 -0.0113386 841.764
52 893   0.000597594 -0.011527 804.811
52 894   0.000362007 -0.0114269 859.233
52 895   0.000511096 -0.0115062 820.977
52 896   0.000484389 -0.0113909 844.415
52 897   0.000276161 -0.0116207 857.837
52 898   0.000339133 -0.0115223 852.504
52 899   0.000438296 -0.0115622 825.135
52 900   0.000413487 -0.0116402 815.007
52 901   0.000337162 -0.011681 830.438
52 902   0.000346663 -0.011759 812.551
52 925   0.000122518 -0.0117426 905.071
52 926   5.93762e-05 -0.0118833 947.968
52 927   1.49524e-05 -0.0117927 944.136
52 928   0.000207657 -0.0119124 883.036
52 929   0.000146166 -0.0118623 910.5
52 930   0.000187718 -0.0118041 883.737
52 931   0.000323976 -0.0119331 791.105
52 932   0.000266194 -0.0118944 840.067
52 933   0.000325486 -0.0118196 809.691
52 934   0.000268467 -0.0118314 841.722
52 935   0.000362874 -0.0119127 762.125
52 936   0.000362111 -0.0118621 778.221
52 937   0.000426653 -0.0119584 574.582
52 938   0.000397226 -0.0119295 705.621
52 939   0.000509892 -0.0118069 715.653
52 940   0.000413794 -0.0117682 781.106
52 941   0.000513729 -0.0117316 761.429
52 942   0.000453875 -0.0117102 785.569
52 943   0.000399492 -0.0118479 759.365
52 944   0.000466241 -0.0118318 721.755
52 945   0.000429997 -0.0118145 757.102
52 946   0.0004161 -0.0118721 732.591
52 947   0.000413072 -0.0119031 706.378
52 948   0.000451963 -0.0118641 700.927
52 949   0.000443411 -0.0119088 641.94
52 950   0.00046456 -0.0118864 646.38
52 951   0.000492783 -0.0119 552.795
52 952   0.000486803 -0.0119253 488.741
52 953   0.000456155 -0.0119503 498.939
52 954   0.000457067 -0.0119272 565.477
52 955   0.000478357 -0.0119599 393.032
52 956   0.000492424 -0.0119732 271.882
52 957   0.000493381 -0.0119435 404.919
52 958   0.000526234 -0.0119417 308.246
52 959   0.000507197 -0.011966 245.173
52 960   0.000507698 -0.0119478 337.97
52 961   0.00053312 -0.0119562 193.318
52 962   0.00053589 -0.0119798 32.6998
52 963   0.000521617 -0.011969 148.719
52 964   0.000561001 -0.011956 100.733
52 965   0.000545883 -0.0119598 117.29
52 966   0.000548903 -0.0119743 27.85
52 967   0.000562805 -0.0119834 4.93538
52 969   0.000568434 -0.0119662 38.9164
52 970   0.000560452 -0.0119755 13.3718
52 992   0.00652967 -0.0063769 891.986
52 993   0.00566278 -0.00720379 902.912
52 1025   -0.00819637 -0.0072851 926.24
52 1026   -0.00866571 -0.00680472 901.834
52 1039   -0.00729171 -0.00894828 948.662
52 1040   -0.00705704 -0.00918847 894.067
52 1060   0.00167843 0.00838627 968.902
52 1061   0.00248525 0.00735176 964.814
52 1062   0.00349591 0.00854599 969.339
52 1063   0.0035334 0.00769116 966.395
52 1064   0.00196754 0.00927226 969.118
52 1065   0.00273688 0.00909258 969.502
52 1066   0.00287741 0.00988511 967.085
52 1067   0.00254569 0.0112787 952.601
52 1068   0.00210807 0.0100648 965.85
52 1069   0.00437788 0.00888624 969.502
52 1070   0.00535142 0.00848072 969.456
52 1071   0.0059341 0.00915926 960.085
52 1072   0.00567635 0.00990589 950.447
52 1073   0.00440344 0.0106712 963.156
52 1074   0.00424077 0.00957321 967.828
52 1075   0.00349934 0.0100255 965.579
52 1076   0.00495655 0.00991432 962.516
52 1077   0.00488599 0.0104326 960.41
52 1078   0.00394737 0.0106979 959.305
52 1079   0.00351778 0.0105126 959.531
52 1080   0.00303905 0.0110099 946.181
52 1081   0.00322737 0.0113145 918.302
52 1083   0.00358145 0.0112264 913.205
52 1084   0.00382272 0.0111071 951.287
52 1108   -0.00343971 -0.0100451 965.781
52 1109   -0.00402823 -0.0103972 963.309
52 1111   -0.00398852 -0.0109558 960.075
52 1112   -0.00368757 -0.0111048 934.161
52 1119   0.00117387 0.0114673 967.37
52 1120   0.000656913 0.0105009 954.216
52 1121   0.0019275 0.011048 961.584
52 1122   0.00163308 0.0104717 963.094
52 1123   0.000408575 0.0109151 947.017
52 1124   0.000315083 0.0114995 955.293
52 1125   0.000631115 0.0113053 961.851
52 1126   9.4129e-05 0.0109756 930.044
52 1127   9.09588e-05 0.011243 928.562
52 1128   -0.000557776 0.0106492 905.11
52 1129   -0.000172522 0.0109018 912.837
52 1130   -0.000392964 0.0108272 902.543
52 1131   -0.000148397 0.0112395 902.832
52 1132   -0.000422882 0.0111347 878.405
52 1133   -0.000257032 0.0110685 898.474
52 1134   -0.00040253 0.0112974 866.112
52 1135   -0.000252155 0.0115496 868.557
52 1136   -0.000238266 0.0113649 884.381
52 1138   0.000938953 0.00412426 941.493
52 1139   0.00166259 0.00526748 949.986
52 1140   -0.000834765 0.00528146 944.476
52 1141   0.000208172 0.00770983 966.663
52 1142   -0.000704331 0.00641665 953.639
52 1143   0.00048208 0.00643272 957.97
52 1144   -0.00183994 0.00766702 958.259
52 1145   -0.00123713 0.00720916 958.098
52 1146   -0.000686441 0.00793073 966.663
52 1147   -0.00156941 0.00826075 966.574
52 1148   -0.00100911 0.00851642 969.008
52 1149   -0.000819605 0.00971395 944.235
52 1150   -0.000960115 0.00915344 964.008
52 1151   -0.00220596 0.00246315 925.433
52 1152   -0.00193906 0.00476102 934.561
52 1153   -0.00489263 0.00498134 908.298
52 1154   -0.00410001 0.00418537 913.938
52 1155   -0.00307784 0.00521018 925.822
52 1156   -0.00440662 0.00586615 912.161
52 1157   -0.0033343 0.00614616 925.798
52 1158   -0.00464475 0.00828964 897.807
52 1159   -0.00455992 0.00670654 910.462
52 1160   -0.00394175 0.00813899 915.424
52 1161   -0.00390706 0.00730069 917.85
52 1162   -0.00307775 0.0071383 934.199
52 1163   -0.0025512 0.0077442 948.764
52 1164   -0.00340747 0.00879164 932.207
52 1165   -0.00284623 0.00855924 950.427
52 1166   -0.00187562 0.00872263 968.842
52 1167   -0.00244119 0.00894394 964.976
52 1168   -0.0024508 0.00940984 967.203
52 1169   -0.00199258 0.00938121 937.089
52 1170   -0.00134761 0.00921829 960.169
52 1171   -0.00170282 0.00904315 967.627
52 1172   -0.00145371 0.00961091 932.239
52 1173   -0.00181372 0.00966872 894.941
52 1174   -0.00181122 0.0100686 882.233
52 1175   -0.00150426 0.0102071 895.053
52 1176   -0.00108255 0.0100627 918.802
52 1177   -0.00132916 0.0098948 919.961
52 1178   -0.00115039 0.0103806 898.271
52 1179   -0.00139575 0.0104127 889.142
52 1180   -0.00142535 0.0106559 873.797
52 1181   -0.00122175 0.0107131 874.667
52 1182   -0.000876151 0.0106568 889.782
52 1183   -0.00106885 0.0105538 890.171
52 1184   -0.000927253 0.0108447 873.04
52 1185   -0.00113475 0.0108633 864.677
52 1186   -0.00115344 0.0110606 844.591
52 1187   -0.000971496 0.011136 841.627
52 1188   -0.000856456 0.0109901 862.662
52 1189   -0.000640541 0.0109803 875.512
52 1190   -0.00058595 0.011121 865.53
52 1191   -0.000935859 0.0112966 821.258
52 1192   -0.000691363 0.0115978 777.335
52 1193   -0.000805584 0.0115317 785.571
52 1194   -0.000681412 0.0112889 837.584
52 1195   -0.000806061 0.0113559 817.603
52 1196   -0.000583195 0.0113976 830.194
52 1197   -0.000467382 0.0113923 846.47
52 1198   -0.000593623 0.0115307 803.089
52 1199   -0.000510235 0.011573 807.172
52 1200   -0.000372864 0.0115889 834.931
52 1201   -0.000423827 0.0114991 838.277
52 1202   -0.000499004 0.0116535 788.942
52 1203   -0.000419541 0.011672 804.857
52 1204   -0.000475265 0.011801 733.521
52 1205   -0.000412192 0.011758 783.788
52 1206   -0.000610424 0.0117569 717.415
52 1207   -0.000594032 0.0118184 644.935
52 1208   -0.000544791 0.0117107 762.112
52 1209   -0.0005284 0.0117722 730.986
52 1211   -0.000615633 0.0118603 534.426
52 1214   -0.000538792 0.011889 520.81
52 1215   -0.00059929 0.0119089 335.866
52 1216   -0.000581991 0.0118805 474.223
52 1281   -0.00200695 -0.0105488 963.746
52 1282   -0.00176413 -0.0111151 963.457
52 1283   -0.00312812 -0.0109613 946.288
52 1284   -0.00284055 -0.0104601 962.17
52 1286   -0.00276783 -0.0113103 940.036
52 1287   -0.00223745 -0.0113755 958.65
52 1327   0.00313721 -0.00888316 942.769
52 1330   0.00228819 -0.00942602 959.888
52 1331   0.00241817 -0.0088999 964.305
52 1417   -0.0067397 0.00637339 888.138
52 1420   -0.00562981 0.00764269 899.8
52 1421   -0.00557967 0.00689789 902.539
52 1488   0.00832783 -0.00328691 868.945
52 1489   0.00780929 -0.00436689 877.96
52 1587   -0.00552574 0.000539256 908.858
52 1588   -0.0048103 0.00314608 909.678
52 1589   -0.00405502 0.00187302 914.388
52 1590   -0.00781834 0.00079827 898.735
52 1591   -0.00857581 0.00176594 880.663
52 1592   -0.00770413 0.00276511 882.561
52 1593   -0.00621842 0.00318237 900.38
52 1594   -0.00687162 0.00528235 882.149
52 1595   -0.00590444 0.00461964 900.579
52 1598   -0.00856646 0.0035803 869.813
52 1599   -0.00804791 0.00466027 874.584
52 1631   -0.000354197 0.0119206 767.936
52 1632   -0.000414728 0.011928 664.952
52 1649   -0.000557069 0.0119828 4.28316
52 1650   -0.000519147 0.0119584 172.304
52 1651   -0.000537556 0.0119313 270.699
52 1652   -0.00056708 0.0119677 19.8934
52 1653   -0.000568259 0.01194 181.251
52 1837   -0.0115166 -0.00315857 672.52
52 1838   -0.0114081 -0.00323562 676.447
52 1839   -0.0114116 -0.00330518 676.929
52 1840   -0.0114787 -0.00330407 674.097
52 1841   -0.0114973 -0.00318132 672.469
52 1842   -0.0114846 -0.00325279 672.844
52 1843   -0.0114657 -0.00321624 673.653
52 1878   -0.011523 -0.00324181 670.946
52 1881   -0.0115163 -0.0031983 671.206
52 1882   -0.0115232 -0.00322224 670.715
52 1883   -0.0115423 -0.00321966 669.777
52 1884   -0.0115562 -0.00318985 669.283
52 1885   -0.0115297 -0.00318896 670.697
52 1886   -0.0115414 -0.00320248 669.813
52 1887   -0.0115534 -0.00317639 670.139
52 1888   -0.0115424 -0.0031608 671.714
52 1889   -0.0115364 -0.00317421 670.985
52 1891   -0.0115713 -0.0031686 671.349
52 1894   -0.0115624 -0.00316709 670.944
52 1895   -0.0115573 -0.00315826 671.711
end
