907
52 276   -0.00494216 -0.00108513 900.408
52 277   0.00310828 -0.00144635 911.899
52 278   -0.00478068 0.00112865 905.451
52 279   -0.000777973 0.00100429 914.801
52 280   -0.000845408 -0.00124511 913.868
52 281   0.00312472 0.000798652 907.841
52 282   -0.0026454 0.0044138 930.881
52 283   0.00108251 -0.00246453 918.632
52 284   0.00122534 0.00431931 919.226
52 285   -0.00269027 0.00216389 915.686
52 286   -0.00461434 0.00538836 933.741
52 287   0.00116639 0.00202988 913.909
52 288   0.00484814 0.00191575 899.115
52 289   0.00470671 -0.0048901 927.507
52 290   0.00482188 -0.00264114 909.79
52 291   0.00658966 0.0010033 889.345
52 292   0.002989 0.00512857 909.176
52 293   -0.00643799 0.00223885 898.909
52 294   -0.0063165 0.00424865 909.336
52 295   0.00611974 0.00517537 876.19
52 296   0.00465347 0.00395624 898.042
52 297   -0.00473212 0.00715291 956.153
52 298   0.0063153 -0.00561743 922.322
52 299   -0.00809436 0.00169327 872.84
52 300   -0.00343734 0.00834712 967.799
52 301   0.00638004 -0.00202254 897.669
52 302   0.00702715 -0.000660519 888.8
52 303   -0.00203255 0.00849749 968.074
52 304   -0.00785164 0.00485152 895.76
52 305   0.00913162 -0.00508007 847.997
52 306   0.00772598 -0.00442661 893.47
52 307   0.00767555 -0.00308067 884.117
52 308   0.0102724 -0.00435718 779.118
52 309   0.00148763 -0.00875468 968.689
52 310   -0.00906682 0.00277166 831.324
52 311   -0.00894559 0.00392012 849.582
52 312   0.00839549 -0.00107644 865.917
52 313   0.00866077 -0.00237771 848.898
52 314   -0.00965847 0.00605884 842.631
52 315   -0.00155735 0.00975532 963.842
52 316   0.0102043 -0.00328714 757.948
52 317   0.00955104 -0.0026092 791.016
52 318   0.0091079 -0.000720235 851.22
52 319   -0.0100469 0.00248848 761.02
52 320   -0.00266094 0.0107067 965.948
52 321   -0.010087 0.000747626 819.543
52 322   0.00168922 -0.00988661 962.069
52 323   0.00935056 -0.000125684 883.832
52 324   -0.000743049 0.00997309 948.159
52 325   -0.00199695 0.010402 955.756
52 326   -0.0103405 0.00131567 757.347
52 327   0.0102535 -0.00054799 815.234
52 328   -0.00234592 0.0113605 962.794
52 329   0.00999545 -0.0019448 760.611
52 330   -0.0103345 0.00189207 740.204
52 331   0.00101831 -0.0102536 939.459
52 332   0.00981759 -0.0013571 790.478
52 333   0.0109083 -0.0029509 715.396
52 334   0.0103824 -0.00112035 758.095
52 335   -0.000735624 0.0107142 899.297
52 336   0.00111318 -0.0108278 906.089
52 337   -0.001519 0.0109244 924.424
52 338   -0.00107197 0.0110189 884.856
52 339   -0.000358484 0.0109972 855.926
52 340   0.0108035 -0.00142078 714.279
52 341   -0.0017009 0.0113405 925.036
52 342   0.0105167 -0.00208054 720.702
52 343   -0.0109025 0.00202569 704.143
52 344   0.0107762 -0.00240869 709.52
52 345   -0.0108803 0.00116176 724.681
52 346   0.000818725 -0.0110629 865.939
52 347   0.0112928 -0.00309903 709.148
52 348   0.011164 -0.00139198 700.19
52 349   0.01076 -0.00179327 709.093
52 350   -0.000959456 0.0114226 829.49
52 351   -0.00146974 0.0116326 897.368
52 352   -0.0110618 0.00146917 704.775
52 353   -0.000401705 0.0114146 794.789
52 354   -0.01109 0.0017567 698.245
52 355   0.0110805 -0.0022563 696.666
52 356   -0.00117532 0.0116203 842.113
52 357   0.00124542 -0.0116013 858.975
52 358   0.0114251 -0.00271339 696.504
52 359   0.011045 -0.00194945 696.455
52 360   0.000919746 -0.0113482 836.708
52 361   0.0112865 -0.00232747 690.852
52 362   0.0114155 -0.00248577 690.894
52 363   0.0112434 -0.00186481 689.296
52 364   0.0113188 -0.00167982 688.798
52 365   0.00104333 -0.011502 829.303
52 366   -0.000743156 0.0115327 782.411
52 367   -0.0113417 0.00184302 687.611
52 368   -0.000581508 0.0115263 773.181
52 369   -0.00106211 0.0118154 804.723
52 370   -0.011285 0.00143051 697.983
52 371   0.0116058 -0.00236808 684.11
52 372   0.00070545 -0.011425 802.373
52 373   0.0115245 -0.00170661 681.887
52 374   0.0113988 -0.00199352 683.467
52 375   0.00121333 -0.0117956 848.669
52 376   0.0114064 -0.00214933 684.454
52 377   -0.0114572 0.00171504 685.471
52 378   0.0115712 -0.00220361 680.665
52 379   0.0007441 -0.0115747 775.14
52 380   0.000897364 -0.0116359 782.683
52 381   -0.0114287 0.00159005 689.344
52 382   -0.000545616 0.0117266 690.66
52 383   -0.011605 0.00177336 679.64
52 384   0.00103181 -0.0118373 796.13
52 385   0.000548506 -0.0116503 735.989
52 386   0.01165 -0.0021144 676.788
52 387   0.000888018 -0.0117497 753.533
52 388   0.0115711 -0.00183725 678.118
52 389   0.000663841 -0.0116509 743.165
52 390   0.0115208 -0.00193918 679.094
52 391   0.00093658 -0.0118252 750.928
52 392   0.000554342 -0.0117654 648.822
52 393   -0.0116474 0.00186982 676.307
52 394   -0.000644513 0.0117803 635.541
52 395   0.0116073 -0.00200578 676.292
52 396   0.0117399 -0.00211777 674.707
52 397   0.000710492 -0.0117528 687.309
52 398   0.0116662 -0.00186518 674.734
52 399   0.000781405 -0.0117905 677.283
52 400   0.000647999 -0.011811 588.426
52 401   0.000857289 -0.0119064 625.842
52 402   0.0116709 -0.00195697 673.895
52 403   0.0117219 -0.00184812 673.318
52 404   0.000671661 -0.0118723 448.141
52 405   0.000772629 -0.0118601 572.4
52 406   0.0117486 -0.00203271 672.339
52 407   0.0117223 -0.00198053 672.258
52 408   0.000799951 -0.0119005 517.637
52 409   0.0117932 -0.00201795 670.904
52 410   0.000725378 -0.0118838 454.687
52 411   0.0117577 -0.00190872 671.149
52 412   0.0117533 -0.00194934 670.989
52 413   0.0118404 -0.00193576 667.879
52 419   0.000696871 -0.00416858 926.814
52 420   -0.00129878 -0.00512718 921.569
52 421   0.00325649 -0.00543498 940.053
52 422   0.00165555 -0.00481417 933.966
52 423   0.000976811 -0.00596286 943.656
52 424   0.0021364 -0.00795149 965.403
52 425   0.0032234 -0.00658909 953.255
52 426   0.00193211 -0.00657825 952.339
52 427   0.00466051 -0.00801619 966.48
52 428   0.00390662 -0.0074513 961.661
52 429   0.00315899 -0.00823935 967.435
52 430   0.00434082 -0.00868995 969.468
52 431   0.00348494 -0.00891853 969.536
52 439   -0.00413872 0.00938488 967.145
52 440   -0.00321371 0.0105273 967.459
52 441   -0.00372629 0.0100025 962.134
52 442   -0.00361287 0.0110161 968.625
52 443   -0.00407706 0.010909 936.568
52 478   -2.10158e-05 -0.00644216 943.436
52 479   -0.00133793 -0.00625208 927.667
52 481   0.00920767 -0.00632226 876.37
52 482   0.0060075 0.00672296 873.646
52 488   0.00296773 0.0067089 910.788
52 500   0.00185685 0.00757887 929.592
52 501   0.0020923 0.00830927 929.29
52 502   0.00263127 0.00867984 912.187
52 504   0.00231073 0.00931224 920.996
52 516   0.00219019 -0.0102209 961.102
52 517   0.00156724 -0.0109714 924.692
52 518   0.00222381 -0.0110865 957.894
52 519   0.00197335 -0.0107315 950.691
52 522   0.00203992 -0.0114623 951.858
52 523   0.00152866 -0.0115992 906.143
52 524   0.00167962 -0.0113582 923.183
52 547   0.000775045 -0.0119402 344.23
52 567   -0.000639599 0.0118628 477.637
52 599   0.000646266 -0.0119026 327.358
52 628   -0.00068481 0.0118842 419.676
52 630   -0.000668271 0.0119219 255.95
52 642   -0.00970676 0.00442964 811.684
52 643   -0.0105098 0.00504112 779.841
52 644   -0.00991734 0.00521849 801.057
52 645   -0.0109042 0.00396699 752.684
52 646   -0.0101246 0.00405895 782.351
52 647   -0.0104737 0.00444558 776.08
52 648   -0.0104107 0.00307131 744.254
52 649   -0.0103134 0.003582 762.553
52 650   -0.0107968 0.00357872 741.877
52 651   -0.0107883 0.00291098 720.996
52 652   -0.0109998 0.00322508 723.185
52 653   -0.0110267 0.00231651 700.737
52 654   -0.0109584 0.00260703 707.31
52 655   -0.0112442 0.00226899 692.738
52 656   -0.0113888 0.00199186 685.097
52 657   -0.0113388 0.00213706 687.786
52 658   -0.0115934 0.00193072 677.561
52 659   -0.0114959 0.00197556 681.163
52 660   -0.0115234 0.00206146 680.55
52 661   -0.0116394 0.00198753 675.779
52 662   -0.0116024 0.0020457 677.599
52 664   -0.0112855 0.00309577 711.503
52 667   -0.0114654 0.00278249 699.259
52 668   -0.0112717 0.00288078 705.405
52 669   -0.0111561 0.00270614 703.565
52 670   -0.0114175 0.00262186 695.551
52 671   -0.0112579 0.00257489 698.028
52 672   -0.0112777 0.00242826 694.335
52 674   -0.0114841 0.00253373 691.886
52 675   -0.0115975 0.00250409 688.987
52 676   -0.011402 0.00242745 690.953
52 677   -0.0114741 0.00235373 687.382
52 678   -0.0115777 0.0023974 686.199
52 679   -0.0115219 0.00216331 682.029
52 680   -0.0114443 0.00222261 685.481
52 686   -0.0116452 0.00235128 683.647
52 689   -0.0115985 0.00222627 681.146
52 690   -0.0116353 0.00229794 682.254
52 691   -0.0116982 0.00227941 680.566
52 692   -0.0117283 0.00218501 677.166
52 693   -0.0116376 0.00218755 679.195
52 694   -0.0116852 0.00222792 679.244
52 695   -0.0117665 0.00208634 673.476
52 696   -0.0117195 0.00213346 675.82
52 697   -0.011655 0.00207746 676.269
52 698   -0.0116603 0.00212674 677.124
52 699   -0.0117452 0.00204494 672.903
52 700   -0.011693 0.00204279 674.477
52 701   -0.0116912 0.0019958 673.991
52 702   -0.0117265 0.00198233 672.581
52 703   -0.0117603 0.00201357 671.813
52 740   -0.0117306 0.00186891 673.656
52 742   -0.0117426 0.00195304 671.932
52 743   -0.0117443 0.00190878 672.396
52 745   -0.0117983 0.00200631 670.512
52 746   -0.0117925 0.00198028 670.139
52 747   -0.0117706 0.00195825 670.841
52 752   -0.0117706 0.00188867 671.974
52 755   -0.0117791 0.00193394 670.688
52 756   -0.0117944 0.00190281 670.926
52 757   -0.0117775 0.0019086 671.268
52 758   -0.0117931 0.00193654 670.123
52 759   -0.0117991 0.00191973 670.299
52 760   -0.0118131 0.00192289 669.804
52 770   0.00635178 -0.00703717 945.431
52 771   0.00546398 -0.00802884 965.957
52 772   0.00831449 -0.00696939 914.793
52 773   0.00736253 -0.00720769 936.953
52 774   0.00859658 -0.00771694 927.863
52 794   -0.00614246 0.00752413 956.095
52 795   -0.00879792 0.00639352 896.16
52 796   -0.00790995 0.00600926 906.622
52 797   -0.00715316 0.006922 933.328
52 798   -0.00862698 0.00740859 918.28
52 799   -0.00786028 0.0082886 952.256
52 800   -0.00783285 0.00756966 936.793
52 803   0.00318736 -0.0107298 968.05
52 804   0.00336702 -0.00967211 967.629
52 805   0.00289327 -0.0101304 966.363
52 806   0.00455792 -0.00930927 965.43
52 807   0.00406305 -0.00978041 961.198
52 808   0.00537845 -0.00957458 945.609
52 809   0.0054867 -0.010134 897.466
52 826   -0.00199315 -0.0071917 925.212
52 827   0.000613191 -0.00831257 966.369
52 828   -4.215e-05 -0.00740891 953.839
52 829   -0.00100702 -0.00773857 947.108
52 830   0.000466035 -0.00999044 945.275
52 831   0.000262498 -0.00918133 968.067
52 832   -0.000863086 -0.00847646 959.465
52 833   -0.000248912 -0.00901557 968.909
52 834   -0.00061639 -0.0095877 949.461
52 835   -0.00212061 -0.00886047 928.331
52 836   -0.00136386 -0.00874896 954.646
52 837   -0.00109726 -0.00934822 965.875
52 839   -0.00214052 -0.00937245 928.821
52 840   -0.00156751 -0.00954701 959.066
52 853   0.00801229 0.00397981 844.725
52 854   0.0073837 0.00499967 863.643
52 874   0.000669394 -0.0119283 177.369
52 985   -0.00134378 0.00555092 941.386
52 986   -4.52661e-06 0.00553636 935.081
52 987   -0.0013412 0.00747011 960.651
52 988   -0.000353779 0.00773175 960.033
52 989   0.000966045 0.00748451 945.397
52 990   0.000330454 0.00694667 946.099
52 991   -4.32873e-05 0.00838958 965.545
52 992   0.000606911 0.00814961 958.365
52 993   0.00150228 0.0087564 951.196
52 994   0.000907689 0.0086911 962.599
52 995   0.00131648 0.00948144 967.562
52 996   0.00188949 0.00930688 942.086
52 997   0.00162 0.0091216 952.896
52 999   0.00172922 0.00962308 952.013
52 1000   0.00144271 0.00971036 966.675
52 1046   0.000688792 -0.0119776 2.79423
52 1047   0.000696694 -0.0119758 3.84293
52 1051   0.000707643 -0.0119536 57.7483
52 1075   -0.0008999 0.0118127 736.064
52 1076   -0.000796812 0.0117277 735.346
52 1077   -0.000734062 0.011775 675.388
52 1079   -0.000887959 0.0118958 695.497
52 1108   0.009305 0.000755663 886.263
52 1111   0.00844029 0.00288177 846.884
52 1112   0.00808694 0.00177005 876.447
52 1137   0.00254189 -0.0112197 966.907
52 1138   0.00292759 -0.011131 968.998
52 1141   -0.000691264 0.0119323 199.859
52 1142   -0.000682607 0.0119515 68.9179
52 1160   -0.0118171 0.00197339 669.175
52 1162   0.0117825 -0.00196503 670.048
52 1163   0.0117961 -0.00198147 669.897
52 1164   0.0118197 -0.00197276 669.08
52 1267   0.00594785 -0.00929261 954.235
52 1268   0.00598178 -0.00864321 969.346
52 1270   0.00648262 -0.00958228 922.579
52 1271   0.00676697 -0.00940242 934.446
52 1272   -0.00614135 0.00843194 968.293
52 1273   -0.00727332 0.00909408 967.843
52 1274   -0.00717948 0.00854875 964.172
52 1275   -0.00510211 0.00922295 963.857
52 1276   -0.00571612 0.00891888 968.533
52 1277   -0.00618679 0.00939489 948.275
52 1278   -0.00580811 0.00993697 909.584
52 1279   -0.00528905 0.00987857 927.296
52 1281   -0.00656399 0.0095431 926.949
52 1282   -0.00684772 0.00936349 939.46
52 1444   -0.0040053 -0.00698092 899.341
52 1445   -0.00291529 -0.0074816 910.132
52 1446   -0.00286964 -0.00842604 907.826
52 1447   -0.00442737 -0.00812621 882.329
52 1448   -0.00537593 -0.00739446 888.234
52 1449   -0.00463797 -0.00737539 891.947
52 1451   -0.00492819 -0.00832821 890.656
52 1452   -0.00540248 -0.00796234 891.078
52 1462   0.00502659 0.00708649 891.249
52 1463   0.00401333 0.0070818 898.416
52 1466   0.00479054 0.0083354 886.832
52 1467   0.00526483 0.00796953 890.804
52 1491   -0.000601195 -0.0100947 918.297
52 1510   -0.00403556 -0.0085889 865.875
52 1511   -0.00346256 -0.00876346 887.203
52 1515   0.00320428 0.00850528 900.126
52 1516   0.00374494 0.0079625 895.929
52 1517   0.00428392 0.00833306 874.5
52 1519   0.00345675 0.00896312 883.352
52 1520   0.00402976 0.00878856 855.264
52 1521   0.00716863 -0.0080744 958.319
52 1522   0.00692611 -0.00898779 966.266
52 1523   0.00667569 -0.00851825 968.245
52 1524   0.00814999 -0.00804051 944.011
52 1525   0.00767401 -0.00815966 953.295
52 1526   0.00773279 -0.00856849 956.591
52 1528   0.00831307 -0.00831734 949.298
52 1529   0.00810447 -0.00858133 956.241
52 1543   -0.00498111 0.010267 902.577
52 1544   -0.00433335 0.0106466 909.836
52 1545   -0.00438175 0.0102289 939.279
52 1547   -0.00507458 0.0105948 854.59
52 1548   -0.00479085 0.0107744 828.886
52 1556   0.00415551 -0.0102713 948.129
52 1557   0.00426517 -0.0109863 904.234
52 1558   0.00375356 -0.0107625 962.466
52 1559   0.00387948 -0.011075 966.188
52 1560   0.00492613 -0.0102925 899.432
52 1561   0.0044824 -0.0103383 925.654
52 1562   0.00446614 -0.0107408 881.31
52 1564   0.0047677 -0.0107849 829.663
52 1565   0.00505205 -0.0106051 852.203
52 1805   0.00762001 -0.00886283 963.101
52 1806   0.00733566 -0.00904269 967.171
52 1860   -0.00758393 -0.00524499 861.313
52 1861   -0.00805537 -0.00448009 848.428
52 1862   -0.00222994 -0.00231925 911.046
52 1863   -0.00360841 -0.00227935 905.285
52 1864   -0.00229767 -0.00449726 912.522
52 1865   -0.00408205 -0.0060611 900.605
52 1866   -0.00333572 -0.00499224 906.831
52 1867   -0.00401658 -0.00392248 902.649
52 1868   -0.00483076 -0.00547202 895.153
52 1869   -0.0055902 -0.00427478 890.472
52 1870   -0.00477366 -0.0043832 897.337
52 1871   -0.00543779 -0.00569478 888.67
52 1872   -0.0058568 -0.00503242 885.582
52 1873   -0.00674118 -0.00540467 871.239
52 1874   -0.00585022 -0.00702858 881.196
52 1875   -0.00579604 -0.00631246 881.798
52 1876   -0.00721961 -0.00642681 827.762
52 1877   -0.00669115 -0.00607656 863.565
52 1879   -0.00635104 -0.00723059 869.457
52 1880   -0.00682532 -0.00686471 837.411
52 1891   0.000680958 -0.0119412 98.1691
52 1894   0.000694252 -0.01195 62.6349
52 1895   0.000691205 -0.0119703 6.07077
52 1965   -0.00672485 -0.00165027 888.954
52 1966   -0.00655644 -0.00325099 884.281
52 1967   -0.0079801 -0.00333902 852.85
52 1970   -0.00904135 -0.00241247 859.252
52 1992   -0.000331895 0.00965947 958.428
52 1993   -0.000144359 0.00907214 969.372
52 1994   0.000980812 0.00945934 960.635
52 1995   0.000689747 0.0090342 968.903
52 1996   0.000287897 0.00917528 969.055
52 1997   0.000767129 0.00974719 929.667
52 1998   0.000382296 0.00961571 956.644
52 1999   8.76034e-05 0.00997991 939.427
52 2000   0.000263013 0.010344 912.913
52 2003   0.000636901 0.0102981 906.27
52 2004   0.000846325 0.0100655 901.919
52 2110   -6.38807e-05 0.0109102 867.32
52 2111   0.000145543 0.0106776 889.808
52 2146   0.000733584 -0.0119191 352.518
52 2147   0.000755929 -0.0119351 299.892
52 2148   0.000746537 -0.0119563 153.148
52 2149   0.00073068 -0.01196 81.2097
52 2150   0.000720241 -0.0119412 149.624
52 2215   -0.00934001 0.000519982 871.017
52 2216   -0.00833345 0.000606043 874.271
52 2217   -0.00787264 -0.00051903 884.231
52 2218   -0.00938248 -0.000648122 891.657
52 2219   -0.00876549 -0.00119321 881.405
52 2237   -0.000165923 -0.0108257 875.619
52 2238   -0.000216219 -0.0103237 915.294
52 2239   0.000155862 -0.0103397 918.677
52 2240   0.000513153 -0.0109483 867.651
52 2241   0.000119585 -0.0109442 863.389
52 2242   0.000292731 -0.0107393 887.103
52 2243   0.000535047 -0.0113427 808.315
52 2244   0.000443771 -0.0111513 837.64
52 2245   0.000236243 -0.0111552 836.218
52 2247   0.000215092 -0.0113303 809.697
52 2250   0.000420019 -0.0115664 763.614
52 2251   0.000392941 -0.0114192 792.673
52 2258   -0.0118039 0.00194801 669.54
52 2259   -0.0118144 0.00195993 669.08
52 2260   -0.0118269 0.00194582 668.612
52 2261   -0.0118137 0.00194141 669.244
52 2262   -0.0118169 0.00193311 669.356
52 2263   -0.000731302 0.011869 505.665
52 2264   -0.000775638 0.0118424 607.621
52 2265   -0.0008421 0.0118904 621.728
52 2266   -0.000810798 0.0118657 609.226
52 2267   -0.000821025 0.0119354 486.079
52 2268   -0.000789176 0.0118949 516.681
52 2269   -0.00079027 0.0119265 438.598
52 2270   -0.000715836 0.0119262 277.852
52 2271   -0.000750729 0.0119537 209.322
52 2272   -0.000763143 0.0119349 343.022
52 2273   -0.000762049 0.0119032 448.319
52 2274   -0.000739334 0.0119007 415.191
52 2275   -0.000731952 0.0119521 148.071
52 2276   -0.000720321 0.0119429 179.701
52 2277   -0.000694491 0.0119563 52.7287
52 2278   -0.000707634 0.0119538 86.0024
52 2279   -0.000694332 0.0119782 3.61718
52 2280   -0.000689775 0.0119663 12.6821
52 2281   -0.000695772 0.0119714 7.49942
52 2292   -0.0118319 0.00195218 668.29
52 2293   -0.0118293 0.00195968 668.487
52 2299   0.0117877 -0.00190378 670.308
52 2303   0.0117986 -0.00194786 669.378
52 2304   0.0118173 -0.00192632 668.939
52 2305   0.0117994 -0.00192723 669.506
52 2306   0.0118225 -0.0019425 668.496
52 2307   0.0118188 -0.0019601 668.788
52 2308   0.0118113 -0.00195163 668.928
52 2325   -0.0118281 0.00193379 669.015
52 2328   -0.0118328 0.00194055 668.62
52 2329   -0.0118398 0.00194246 668.428
52 2331   -0.00072508 0.0119676 56.3729
52 2332   -0.000705638 0.0119721 10.4294
52 2333   -0.000712784 0.0119645 45.2556
52 2350   0.01183 -0.00195567 668.364
52 2353   0.0118314 -0.00194675 668.156
52 2354   0.0118381 -0.00194255 667.851
16 194   -0.0449779 0.00332917 963.353
16 195   -0.0451567 -0.0028498 963.364
16 196   -0.0477766 -0.021774 907.991
16 197   -0.0411382 -0.00636191 964.894
16 198   0.00212794 -0.0237275 887.415
16 199   -0.0384814 -0.00705869 966.31
16 200   0.00485503 -0.0222687 890.53
16 201   -0.00171883 0.0213897 940.949
16 202   -0.00127844 -0.0214074 942.138
16 203   0.00135664 0.0175236 904.916
16 204   0.00555166 -0.0178574 954.136
16 205   -0.000662201 0.0187534 939.173
16 206   -0.000657025 -0.0188715 950.008
16 207   0.00357875 -0.0191558 940.507
16 208   0.00682794 -0.0225236 878.503
16 209   -0.00244002 -0.017364 947.174
16 210   0.00682794 -0.0191415 935.6
16 211   0.00104785 0.0154137 910.37
16 212   0.00218713 -0.0180107 954.252
16 213   0.00520086 -0.0160966 968.577
16 214   0.000685684 -0.0179569 953.072
16 215   -0.00191788 0.0173937 963.603
16 216   -0.0034425 0.0173754 968.354
16 217   0.00577387 -0.0148151 962.308
16 218   -0.00196259 -0.0157597 940.025
16 219   -0.00456736 0.0149267 945.647
16 220   0.00239181 -0.0161538 967.217
16 221   0.00343263 -0.015538 969.178
16 222   -0.0035992 0.0157552 964.87
16 223   -0.00052453 0.0151923 952.336
16 224   -0.00147141 0.0159424 963.131
16 225   0.000257207 -0.0162538 961.441
16 226   0.00126671 -0.0154798 968.222
16 227   -0.000608073 -0.0155641 957.121
16 228   -0.00247294 0.0151317 969.169
16 229   0.00342134 -0.0143265 959.831
16 230   0.0044863 -0.0138728 943.03
16 231   0.00108689 -0.0145126 968.718
16 232   0.00274915 -0.0136917 943.623
16 233   -0.00145086 -0.01375 934.733
16 234   -0.000781941 0.0141583 964.168
16 235   -0.00229819 0.0142678 967.946
16 236   -0.000388827 -0.0145742 962.643
16 237   0.00201514 -0.0136277 934.977
16 238   -0.00143945 -0.0129593 925.401
16 239   -0.00197972 -0.0125652 891.597
16 240   0.00146669 -0.0139109 952.493
16 241   -0.00265712 0.0136675 959.096
16 242   -0.000754781 -0.0139767 958.573
16 243   0.00029663 -0.0142967 969.216
16 244   -0.00155407 0.0140446 969.377
16 245   -0.00044993 0.0135783 965.192
16 246   -0.00205189 0.0127307 938.722
16 247   -0.00026606 -0.0134881 968.663
16 248   0.000257789 -0.0136705 966.442
16 249   -0.00210501 0.0132417 954.291
16 250   -0.00160512 0.0134497 963.265
16 251   0.00181573 -0.0129743 890.631
16 252   0.000992877 -0.0134049 921.703
16 253   0.00196473 -0.0126136 882.967
16 254   0.000574233 -0.0133804 938.161
16 255   -0.00127997 0.0132026 956.47
16 256   0.00134867 -0.0128543 853.265
16 257   0.00107426 -0.0130016 863.802
16 258   -0.000896897 0.0132175 964.699
16 259   -0.000314178 0.0126613 945.576
16 260   0.000485264 -0.0130006 885.529
16 261   -0.0013429 0.0128561 926.091
16 262   -0.000592785 0.0127054 912.205
16 263   0.000763383 -0.0128084 828.294
16 264   -0.000811037 0.0128897 938.614
16 265   0.00131565 -0.0125232 816.913
16 266   -0.00106503 0.012731 901.157
16 267   0.000724114 -0.0125723 776.523
16 268   -0.00103411 0.0125164 850.423
16 269   0.00112671 -0.0124141 782.577
16 270   -0.000668488 0.0124809 831.533
16 271   0.000517653 -0.0125088 764.517
16 272   -0.00116785 0.0124053 840.839
16 273   -0.000855822 0.0124505 816.776
16 274   0.000958899 -0.0124414 762.656
16 275   0.000834166 -0.0124616 752.827
16 418   0.00679672 -0.0142341 942.876
16 438   -0.0443146 -0.0225037 934.451
16 452   -0.00731652 0.0334762 886.389
16 453   -0.00999673 0.0304287 921.978
16 454   -0.00876739 0.027176 940.716
16 456   -0.0511394 0.0239928 837.019
16 457   -0.0451432 0.021778 933.209
16 467   -0.00994708 -0.0304202 925.435
16 468   -0.00728692 -0.0334734 895.437
16 469   -0.0085788 -0.0271519 941.616
16 470   -0.00569422 -0.0267216 930.819
16 471   -0.00246975 0.0124033 949.749
16 475   -0.0410061 0.0310456 867.09
16 476   -0.0391946 0.0336819 871.268
16 477   -0.0387156 0.0282554 925.218
16 480   -0.0328821 -0.023077 968.695
16 485   -0.00394742 0.0220286 966.228
16 486   -0.0054825 0.0240606 963.498
16 495   0.00240488 -0.0124025 911.531
16 496   -0.0035051 -0.0221021 959.282
16 497   -0.00494015 -0.0240065 958.395
16 498   -0.0473563 0.0130747 955.217
16 499   -0.0432966 0.0168169 965.636
16 507   -0.0242329 0.0325 945.975
16 508   -0.0263517 0.0225 961.195
16 509   -0.0297494 0.0245559 962.303
16 510   -0.0221041 0.0247262 956.175
16 511   -0.0209175 0.0297262 948.573
16 512   -0.0161606 0.0322262 937.939
16 513   -0.0136683 0.0291787 940.562
16 514   -0.019554 0.0222262 958.313
16 526   0.00169618 -0.0123644 854.644
16 527   0.00151417 -0.012394 832.58
16 556   -0.0501567 -0.00540445 961.277
16 558   -0.0489851 -0.00936259 958.902
16 559   -0.0513284 -0.0114531 953.637
16 560   -0.0435736 -0.0108715 964.154
16 561   -0.0464205 -0.0113175 959.724
16 562   -0.0421346 -0.0126886 966.473
16 563   -0.0433674 -0.0151768 965.219
16 564   -0.0396992 -0.0118416 968.098
16 565   -0.0387177 -0.0133329 969.285
16 581   -0.024227 -0.0325 946.662
16 582   -0.0296843 -0.0245513 962.433
16 583   -0.0263316 -0.0225 961.298
16 584   -0.031467 -0.0335257 933.207
16 585   -0.0280814 -0.0310257 946.089
16 586   -0.0294678 -0.028077 952.393
16 587   -0.0323453 -0.0291026 946.183
16 588   -0.0333614 -0.0320513 928.616
16 606   0.00659657 0.0231772 763.436
16 607   0.00478972 0.0257125 735.738
16 608   0.00291207 0.0185656 879.399
16 609   0.00554495 0.0207433 812.058
16 610   0.00344169 0.0211116 851.987
16 612   0.00644837 0.0185192 818.86
16 613   0.00501533 0.0172409 830.87
16 614   0.00678348 0.0148265 802.998
16 615   0.00535044 0.0154611 805.773
16 616   0.00404272 0.0145395 787.209
16 617   0.00289936 0.0143254 811.261
16 618   0.00179502 0.0144618 884.173
16 619   0.00343545 0.0128115 716.255
16 620   0.00222447 0.0129866 771.072
16 621   0.00275795 0.0134794 772.33
16 622   0.00257257 0.0123722 715.423
16 623   0.00323137 0.0122653 699.281
16 775   0.00456632 -0.0130955 905.361
16 776   0.00403461 -0.012897 908.299
16 777   0.0041398 -0.0123603 867.518
16 778   0.00281245 -0.0126127 922.585
16 779   0.00351243 -0.0129858 924.427
16 780   0.00305236 -0.0130934 926.71
16 781   0.0037277 -0.0121549 922.396
16 782   0.00315256 -0.0122647 934.671
16 783   0.00344507 -0.0124771 923.22
16 784   -0.0411481 0.0249972 948.077
16 785   -0.0392022 0.0261879 948.73
16 786   -0.00414878 0.0137298 935.857
16 787   -0.00318605 0.0134497 950.921
16 788   -0.00293241 0.012522 953.015
16 789   -0.00317118 0.0128708 947.497
16 790   -0.00362444 0.0124931 942.156
16 792   -0.00355731 0.0121165 963.59
16 793   -0.00321403 0.0121722 962.39
16 801   -0.0423504 0.0186898 968.813
16 802   -0.042936 0.020705 965.015
16 810   -0.0423594 -0.0198111 968.535
16 811   -0.042039 -0.0170554 968.861
16 812   -0.00430951 0.0184607 958.197
16 813   -0.00450968 0.0203441 948.234
16 815   -0.00945236 0.024676 965.193
16 816   -0.0112939 -0.0229202 967.22
16 817   -0.00926702 -0.0246519 964.418
16 822   -0.0329697 0.0230838 968.651
16 823   -0.0348595 0.0252936 965.309
16 824   -0.00386548 -0.0177562 950.816
16 825   -0.00670319 -0.0182913 963.949
16 877   0.00161898 0.0130742 839.307
16 878   0.00104812 0.0137033 904.159
16 879   0.000146647 0.0129112 953.923
16 880   0.000234596 0.0134334 942.568
16 881   0.000978866 0.0126201 879.174
16 882   0.00141807 0.0125488 818.466
16 883   0.00228908 -0.0272376 797.004
16 884   -0.00288898 -0.0320471 822.56
16 885   -0.00266457 -0.0285636 875.133
16 887   0.000252881 -0.0335737 724.206
16 888   0.00387644 -0.0335737 683.373
16 905   -0.0505623 -0.0249868 808.444
16 929   -0.000893646 -0.0126614 949.858
16 932   -0.000341246 -0.0131288 968.293
16 933   -0.000609783 -0.0128606 964.524
16 934   0.00025719 -0.0129171 896.599
16 935   -0.000103787 -0.0127487 935.614
16 936   -4.40175e-05 -0.012983 955.844
16 937   0.000110541 -0.0126651 848.055
16 938   0.00037962 -0.0125922 795.655
16 939   0.000278077 -0.0127307 842.926
16 941   0.000277797 -0.0125159 785.377
16 942   0.00014637 -0.0125373 803.921
16 1001   -0.0208987 -0.0297234 949.334
16 1002   -0.0220937 -0.0247234 956.276
16 1003   -0.0136223 -0.0291702 942.201
16 1004   -0.0161344 -0.0322234 939.995
16 1005   -0.0142809 -0.0241702 960.181
16 1011   -0.033472 -0.0210257 968.363
16 1028   0.00568822 -0.0321473 678.027
16 1029   0.00568822 -0.0292947 698.206
16 1030   -0.0346179 -0.0252531 965.51
16 1031   -0.0342977 -0.0277531 950.726
16 1039   -0.0499779 0.00577452 961.138
16 1040   -0.0499779 0.0107711 955.967
16 1043   -0.0399779 0.00585396 965.182
16 1057   -0.00136145 0.0123739 865.558
16 1058   -0.00150558 0.0126101 904.704
16 1059   -0.00170924 0.0124822 913.999
16 1089   -0.0314888 0.0335279 932.96
16 1090   -0.0295322 0.0280838 952.113
16 1091   -0.0281024 0.0310279 945.714
16 1102   -0.0386394 0.0165039 965.84
16 1118   -0.0435953 0.0122095 964.243
16 1119   -0.0412169 0.00993235 965.782
16 1120   -0.038739 0.0116629 968.256
16 1121   -0.0398784 0.0148053 969.485
16 1122   -0.0422567 0.0146106 967.503
16 1128   -0.0390398 -0.0336505 874.3
16 1129   -0.0358219 -0.0321762 914.562
16 1130   -0.036065 -0.0293523 931.337
16 1131   -0.0380753 -0.0281277 931.522
16 1263   -0.0385859 -0.0212136 781.236
16 1264   -0.0393381 -0.019958 839.803
16 1265   -0.0401239 -0.0220292 947.464
16 1266   -0.0408762 -0.0207737 956.391
16 1286   -0.0370695 0.0218352 866.214
16 1287   -0.0410332 0.0218378 964.185
16 1288   -0.040353 0.0234407 966.952
16 1289   -0.0384071 0.0246314 966.947
16 1290   -0.0368486 0.024045 966.507
16 1291   -0.00814862 0.0218499 896.973
16 1292   -0.00813559 0.0235972 968.781
16 1293   -0.0068123 0.0233921 965.942
16 1294   -0.00661321 -0.0110497 798.414
16 1298   -0.0072044 -0.0110325 864.806
16 1299   -0.0072044 -0.0104474 885.331
16 1302   -0.00806258 -0.0218392 911.125
16 1303   -0.00646172 -0.0233558 968.64
16 1304   -0.00790401 -0.0235709 968.978
16 1306   -0.00590457 -0.0194384 934.904
16 1307   -0.00431095 -0.0192657 966.474
16 1308   -0.00430733 -0.0206511 968.059
16 1309   -0.0066221 -0.0209314 837.801
16 1310   -0.00582167 -0.0216897 945.749
16 1312   0.00644508 -0.0129411 879.095
16 1313   0.00714836 -0.0123794 845.335
16 1314   0.00590532 -0.0111462 823.878
16 1315   0.00673606 -0.0118568 824.48
16 1316   0.00688156 -0.0114458 811.809
16 1317   0.00729385 -0.0111814 793.976
16 1318   0.0064086 -0.0111689 821.632
16 1319   0.00658442 -0.0107662 824.343
16 1320   0.00738176 -0.0104554 634.253
16 1321   0.00717561 -0.0108499 780.972
16 1322   0.00693914 -0.0107115 787.629
16 1324   0.00726352 -0.0102551 596.807
16 1325   0.00702705 -0.010379 757.173
16 1336   -0.00647238 0.0130905 868.223
16 1337   -0.00714528 0.0123557 835.138
16 1338   -0.00726352 0.0112088 797.375
16 1339   -0.00690881 0.0116659 816.166
16 1340   -0.00655409 0.0107668 831.027
16 1341   -0.00738176 0.0104688 632.705
16 1342   -0.00714528 0.0108639 787.439
16 1343   -0.00690881 0.0107166 792.862
16 1345   -0.00726352 0.0102595 589.231
16 1346   -0.00702705 0.0103834 756.689
16 1354   -0.00639187 0.0202432 732.744
16 1355   -0.00572371 0.0210143 880.949
16 1356   -0.00715941 0.0212592 771.754
16 1357   -0.00649125 0.0220303 907.782
16 1358   0.0072044 0.010747 873.269
16 1359   0.00661321 0.0110567 806.641
16 1366   0.00570071 -0.0115881 807.173
16 1367   0.0060585 -0.0120219 826.623
16 1368   0.00517633 -0.012629 858.534
16 1369   0.00576752 -0.0125816 855.474
16 1370   0.00443042 -0.0121467 812.055
16 1371   0.00493524 -0.012217 819.612
16 1372   0.0043091 -0.0118513 768.095
16 1373   0.00454558 -0.0117274 746.555
16 1384   -0.00461255 0.0132496 912.584
16 1385   -0.00410307 0.0125919 909.915
16 1386   -0.00554473 0.012954 874.484
16 1387   -0.00556733 0.0122887 838.366
16 1388   -0.0056673 0.0112315 821.049
16 1389   -0.00614026 0.0112549 824.363
16 1390   -0.0062585 0.0117354 821.52
16 1391   -0.00445319 0.0122899 852.218
16 1392   -0.00498526 0.0122823 836.842
16 1394   -0.00431669 0.0118991 800.851
16 1395   -0.00455317 0.0117752 772.316
16 1414   -0.00534215 0.0115375 795.382
16 1415   -0.00481921 0.0117714 780.524
16 1416   -0.0051148 0.0118877 803.822
16 1418   -0.00516479 0.0113592 779.065
16 1419   -0.00492831 0.0114831 756.454
16 1424   0.00530127 -0.0116542 790.084
16 1425   0.00479799 -0.0117626 765.45
16 1426   0.00506633 -0.0119567 796.081
16 1428   0.00515116 -0.0113981 770.741
16 1429   0.00491469 -0.011522 745.332
16 1439   -0.0374408 -0.0214335 818.539
16 1440   -0.0360193 -0.0205128 884.854
16 1441   -0.035191 -0.0215385 953.01
16 1512   -0.0510348 0.0337472 671.154
16 1553   -0.00672594 0.0192759 817.838
16 1554   -0.00663168 0.0171424 921.629
16 1555   -0.00585762 0.0181636 914.324
16 1580   -0.0406413 0.0185173 961.407
16 1581   -0.0380697 0.0186686 917.549
16 1582   -0.0392091 0.0176725 953.679
16 1583   -0.0398779 0.0203206 904.937
16 1584   -0.0384457 0.0203092 729.153
16 1587   -0.0090836 0.0209762 921.656
16 1616   -0.0386071 -0.0188318 878.24
16 1618   -0.0398248 -0.0168918 963.676
16 1619   -0.0387177 -0.01556 968.581
16 1629   0.000649463 0.0126736 905.571
16 1630   0.00042986 0.0127092 915.275
16 1631   -0.0335274 0.0210279 968.594
16 1632   -0.0356381 0.0210279 928.173
16 1639   -0.00907602 -0.0209734 941.112
16 1640   -0.0109443 -0.0209734 969.399
16 1659   0.00612962 0.0135914 783.971
16 1660   0.00684614 0.012682 800.421
16 1661   0.00625495 0.0118075 780.824
16 1662   0.00435605 0.0127443 722.503
16 1663   0.00482191 0.0136264 758.757
16 1665   0.00536816 0.01168 738.003
16 1666   0.00477697 0.0119898 718.22
16 1694   -0.0498297 -0.0286723 714.934
16 1695   -0.0503021 -0.0337715 672.439
16 1698   -0.0517674 -0.032543 674.549
16 1699   -0.0517674 -0.030086 690.525
16 1709   -0.00687795 -0.0149517 901.132
16 1710   -0.00483705 -0.0161254 921.976
16 1711   -0.00608114 -0.0164877 931.938
16 1712   -0.00627134 -0.0136197 854.068
16 1713   -0.00689338 -0.012675 842.063
16 1714   -0.00630219 -0.0118146 786.876
16 1716   -0.0054154 -0.0116942 725.958
16 1717   -0.00482421 -0.0120039 711.306
16 1742   -0.049225 0.026008 796.318
16 1743   -0.0434817 0.0258119 909.891
16 1744   -0.0459499 0.0245326 897.11
16 1745   -0.0491204 0.0311763 691.714
16 1746   -0.0505856 0.0286708 711.647
16 1747   -0.04619 0.0324291 707.742
16 1748   -0.0438263 0.0297928 821.677
16 1767   -0.00445012 -0.0147328 893.843
16 1768   -0.0050876 -0.0137631 837.37
16 1769   -0.00452726 -0.0128529 758.194
16 1770   -0.00249978 -0.0139672 908.182
16 1771   -0.00300112 -0.0147593 911.664
16 1772   -0.00259827 -0.0126581 850.466
16 1773   -0.00366997 -0.0127915 770.42
16 1774   -0.00310692 -0.0132694 861.7
16 1776   -0.00341632 -0.0121389 727.407
16 1777   -0.00290632 -0.0122216 773.059
16 1813   -0.0399383 -0.0296021 902.892
16 1814   -0.0411459 -0.032301 840.329
16 1815   -0.0445698 -0.0336505 727.645
16 1816   -0.0467678 -0.032422 702.66
16 1817   -0.0462954 -0.0297798 747.16
16 1818   -0.0440625 -0.0255028 908.089
16 1819   -0.0439901 -0.0283377 863.961
16 1820   -0.0417897 -0.0282809 899.722
16 1821   -0.0405929 -0.0232946 967.924
16 1822   -0.0422001 -0.0247034 938.284
16 1823   -0.041524 -0.0261888 926.334
16 1824   -0.038573 -0.026088 953.669
16 1825   -0.0396633 -0.0240898 967.091
16 1826   -0.0401703 -0.0254702 951.195
16 1827   -0.0362532 -0.0247502 968.449
16 1828   -0.0376899 -0.0253354 965.213
16 1829   -0.0384421 -0.0240799 968.447
16 1830   -0.0362364 -0.0230869 961.373
16 1831   -0.0374196 -0.0229819 944.919
16 1896   -0.0511394 0.0177511 923.706
16 1897   -0.0457966 0.0168169 953.134
16 1898   -0.0485178 0.0154758 946.214
16 1899   -0.0497788 0.0205022 907.114
16 1900   -0.0470576 0.0197628 928.856
16 1901   -0.00448872 0.0313639 856.377
16 1902   -0.00135904 0.026729 869.901
16 1903   -0.00133359 0.0328877 748.487
16 1904   -0.00453917 0.0261772 924.799
16 1905   -0.00584564 0.0281112 913.562
16 1941   -0.0511071 -0.0172511 926.542
16 1942   -0.0483213 -0.0182481 932.477
16 1943   -0.0499355 -0.0144532 945.568
16 1944   -0.0473709 -0.0139065 953.938
16 1945   -0.0457568 -0.0159487 955.571
16 1946   -0.0164268 -0.0222234 960.27
16 1947   -0.0195493 -0.0222234 958.209
16 1953   -0.000238056 -0.0126146 965.086
16 1954   -0.000446823 -0.0125807 968.565
16 1957   0.00477746 0.033691 675.412
16 1958   0.00478563 0.028372 700.72
16 1959   0.00138895 0.0315786 709.936
16 1960   0.00139713 0.0288777 738.422
16 1963   0.00659249 0.0323819 672.363
16 1964   0.00659249 0.0297638 683.761
16 2058   -0.00682709 0.0139895 895.853
16 2060   -0.00595877 0.0151256 927.843
16 2061   -0.00663168 0.0160182 928.177
16 2202   -0.0335004 0.0321328 927.577
16 2203   -0.0360937 0.0322868 912.746
16 2204   -0.0365132 0.0294966 927.702
16 2205   -0.0325278 0.0291887 945.183
16 2206   -0.0346348 0.0278706 949.16
16 2207   -0.0152013 0.0252918 956.738
16 2208   -0.0155293 0.0211131 962.757
16 2209   -0.0173141 0.0233394 958.385
16 2210   -0.011049 0.0239049 966.483
16 2211   -0.0131432 0.0240418 962.55
16 2212   -0.0136899 0.0220894 965.291
16 2213   -0.011869 0.0209762 969.159
16 2214   -0.0106672 0.0219525 969.213
16 2252   7.44067e-05 0.0250569 870.17
16 2253   -0.000221999 0.0228899 905.029
16 2254   0.00283467 0.0245462 800.813
16 2255   0.00253826 0.0223792 859.157
end
