847
52 1   -0.00484417 0.001162 859.236
52 2   -0.00276562 0.00238252 876.064
52 3   -0.00466661 -0.00125173 876.842
52 4   0.00526453 0.00229323 878.135
52 5   -0.000764817 -0.00107704 889.314
52 6   -0.000721965 0.00117447 887.479
52 7   0.000955336 -0.00438421 889.735
52 8   0.00126186 0.00230912 892.709
52 9   0.00314784 0.00121796 885.612
52 10   0.00275311 -0.00523853 868.795
52 11   -0.0026309 -0.00228272 892.855
52 12   0.00112488 -0.00210556 886.194
52 13   0.00305371 -0.0009452 877.269
52 14   0.00703484 0.00112489 828.659
52 15   -0.00767078 -0.00598401 893.301
52 16   -0.00262024 -0.00448728 905.206
52 17   -0.00628872 -0.00255403 869.942
52 18   -0.000923697 -0.00556025 905.626
52 19   0.00130172 0.00438653 901.236
52 20   0.00484675 -0.00188018 853.799
52 21   -0.000432108 0.0055851 895.476
52 22   0.00471569 -0.00389486 845.629
52 23   0.00671119 -0.000885358 824.299
52 24   -0.00654094 0.00195892 829.864
52 25   0.00971479 0.00285585 751.814
52 26   0.00874944 0.00161309 772.809
52 27   0.00830377 -0.00160391 805.288
52 28   0.00275772 0.00736893 938.512
52 29   -0.00784981 -0.00197884 816.735
52 30   -0.000135484 0.00721721 902.963
52 31   -0.00846209 -0.000705219 781.459
52 32   -0.00787318 0.00108992 806.093
52 33   -0.00878165 -0.00313612 798.946
52 34   0.00343201 0.00840504 959.705
52 35   0.00123006 0.00771898 926.689
52 36   0.00429022 0.0088414 966.725
52 37   0.00975241 0.000513484 726.964
52 38   -0.0084108 0.00026432 784.351
52 39   -0.0105605 -0.00315007 732.239
52 40   -0.00977618 -0.00253955 751.179
52 41   0.0110888 0.00240493 716.474
52 42   -0.00967633 0.000794576 746.396
52 43   -0.00884679 0.00184015 819.433
52 44   0.00947975 -0.00100275 765.299
52 45   -0.0112335 -0.00251902 719.079
52 46   0.00973344 -0.000327864 729.63
52 47   -0.010263 0.000432579 712.319
52 48   -0.00957824 -0.000937276 739.391
52 49   -0.00996049 -0.00161433 733.804
52 50   0.00252996 0.0092529 967.671
52 51   0.0110268 0.00147125 707.26
52 52   0.0106558 0.00082256 704.548
52 53   -0.00979914 0.001488 780.573
52 54   -0.0111578 -0.0015782 710.433
52 55   -0.0106692 -0.00128402 712.393
52 56   -0.0101136 -0.000329734 716.54
52 57   0.00316158 0.0101725 959.23
52 58   0.00270339 0.00989581 966.95
52 59   0.0105837 -0.000644199 700.938
52 60   -0.0107075 -0.000576689 703.786
52 61   0.0021616 0.010314 952.358
52 62   0.0101512 -0.00145382 735.364
52 63   0.0110745 0.000323715 692.588
52 64   -0.0115767 -0.00114632 702.115
52 65   0.0110046 -0.000475762 689.306
52 66   -0.0110944 -0.000249377 693.459
52 67   0.0115765 0.00125371 700.828
52 68   -0.0108263 0.000637279 696.546
52 69   0.00221041 0.0107455 910.25
52 70   0.010582 -0.00112917 706.344
52 71   0.00299549 0.0107026 915.884
52 72   0.0111145 -9.25046e-05 687.699
52 73   -0.00273363 -0.0109782 849.962
52 74   0.0115188 0.000451107 688.595
52 75   -0.0110637 0.000202278 690.028
52 76   0.00258611 0.0108575 879.874
52 77   0.0116498 0.000732413 692.602
52 78   0.00339836 0.0110892 903.618
52 79   -0.0110248 0.000926406 692.966
52 80   0.0031618 0.0109732 882.643
52 81   -0.0113416 0.000345496 682.734
52 82   0.00256916 0.0111559 814.798
52 83   -0.0113085 0.000626452 683.645
52 84   0.0114906 -0.000159425 679.709
52 85   0.0112972 -0.000739009 683.4
52 86   0.011696 0.000183478 682.491
52 87   -0.0115587 0.000235974 678.686
52 88   0.0114954 -0.000589613 678.27
52 89   -0.0114976 0.000640813 679.341
52 90   0.00329915 0.0113836 824.391
52 91   0.0116278 -1.08343e-05 679.583
52 92   0.00294969 0.0111977 799.924
52 93   0.00276643 0.0112256 786.362
52 94   -0.011721 0.000369735 673.889
52 95   0.0115914 -0.00033033 676.204
52 96   0.0115907 -0.000464249 675.841
52 97   0.0118708 0.000152758 680.913
52 98   -0.0116929 0.000493618 674.232
52 99   0.00274756 0.0113825 722.659
52 100   0.00298447 0.0113397 749.263
52 101   0.00313028 0.0114227 725.493
52 102   -0.00304118 -0.0114487 636.044
52 103   0.0117577 -0.000293591 673.27
52 104   -0.00294694 -0.0114471 584.29
52 105   -0.0118551 0.000323831 671.704
52 106   0.00304449 0.0113969 709.109
52 107   -0.0118875 0.000234388 673.5
52 108   0.00286593 0.0114164 669.352
52 109   0.0117422 -0.000489085 672.732
52 110   0.0118292 -0.000373159 671.063
52 111   0.00286854 0.0114973 510.773
52 112   0.0118143 -0.000434734 671.142
52 113   -0.0030478 -0.0115587 341.582
52 114   0.00298264 0.0114925 507.375
52 115   -0.0119214 0.00037655 669.395
52 116   0.0119051 -0.000354004 669.827
52 117   0.00292522 0.0115162 429.441
52 118   -0.0119601 0.00026619 672.58
52 119   0.00292257 0.0115695 204.056
52 120   -0.0119922 0.00035906 699.104
52 121   -0.00296035 -0.0116266 2.65269
52 304   -0.00800864 -0.00740168 912.091
52 305   0.00565533 0.00400781 892.201
52 414   0.00918272 0.00407483 796.722
52 415   0.00743499 0.00462422 878.21
52 417   0.0101696 0.0047807 778.884
52 456   -0.00749051 -0.00854273 964.625
52 457   -0.00689474 -0.00779938 948.911
52 458   -0.00407051 -0.00510355 910.558
52 459   -0.00618256 -0.00530454 904.606
52 460   -0.00570329 -0.0042013 895.777
52 461   -0.00402556 -0.00616688 923.159
52 462   -0.00507401 -0.0062467 924.305
52 463   -0.00270167 -0.00779136 946.353
52 464   -0.00344979 -0.00709837 938.235
52 465   -0.00409976 -0.00851038 963.47
52 466   -0.00415789 -0.0076309 950.291
52 467   -0.0056322 -0.00781649 956.514
52 468   -0.00497329 -0.00725103 944.688
52 469   -0.00472138 -0.00895271 968.76
52 470   -0.00543841 -0.0086387 968.488
52 471   -0.00523307 -0.0101844 961.265
52 472   -0.00469793 -0.00983229 968.761
52 473   -0.00677036 -0.00889546 962.359
52 474   -0.0059808 -0.00897431 966.428
52 475   -0.00706825 -0.00926714 905.173
52 489   0.00311242 0.0115274 553.868
52 494   0.0119322 -0.00038399 668.888
52 496   -0.0029195 -0.0115498 325.219
52 497   0.00301292 0.0115249 423.744
52 498   0.00305164 0.0115725 297.879
52 499   0.00305692 0.0115341 448.351
52 500   0.00301996 0.0115722 249.86
52 501   0.00299534 0.0115544 301.084
52 502   0.00295341 0.0115806 132.413
52 503   0.0029714 0.01157 209.849
52 504   0.00295287 0.0116041 28.3428
52 505   -0.00299351 -0.0115666 231.466
52 506   -0.00295945 -0.0115592 267.162
52 507   -0.0119563 0.00031854 671.037
52 508   -0.0119712 0.000354508 669.22
52 509   -0.01195 0.000339457 670.083
52 510   -0.0119908 0.000348633 680.022
52 511   -0.011978 0.000325654 671.322
52 512   -0.0119786 0.000341317 671.526
52 521   0.0119564 -0.000365693 668.668
52 618   0.005091 0.00857391 966.246
52 619   0.00285829 0.00502737 908.889
52 620   0.00339372 0.00630982 924.285
52 621   0.00448262 0.00468387 905.835
52 622   0.00630374 0.00627082 916.623
52 623   0.0052443 0.00563699 912.526
52 624   0.0047918 0.00629563 924.818
52 625   0.00553236 0.00771597 954.62
52 626   0.00545538 0.00693316 936.969
52 627   0.00624711 0.00692576 931.982
52 628   0.00607984 0.00793901 958.935
52 629   0.00656834 0.00747812 944.273
52 630   0.00630165 0.00846932 968.34
52 631   0.00715236 0.00914585 925.321
52 632   -0.00202257 0.00526605 878.629
52 633   -0.00300866 0.00416543 869.354
52 634   -0.00314148 0.0066262 851.201
52 635   -0.00373806 0.00863035 819.906
52 636   0.00301008 -0.00679762 852.085
52 637   0.00364446 -0.00871284 820.213
52 638   -0.00592352 -0.00943877 945.705
52 639   -0.00567427 -0.00984214 941.935
52 640   -0.00670817 -0.0094435 868.167
52 641   -0.006353 -0.00953629 894.785
52 642   -0.00642035 -0.00979906 841.432
52 643   -0.00669391 -0.00978322 776.568
52 644   -0.00685711 -0.00962934 803.987
52 663   -0.00424489 -0.0101732 968.881
52 664   -0.00428969 -0.0107431 969.406
52 685   -0.00628709 0.00496834 815.464
52 686   -0.00462061 0.00497527 842.977
52 687   -0.00705471 0.00595231 805.954
52 688   -0.00624307 0.00683349 825.374
52 689   -0.00140505 -0.0100971 965.824
52 690   -0.00153735 -0.00949131 968.421
52 691   -0.00282277 -0.0086175 960.708
52 692   -0.00351277 -0.00880399 965.138
52 693   -0.00322782 -0.00993498 966.569
52 694   -0.00368135 -0.0095872 969.474
52 695   -0.0020941 -0.0092984 967.49
52 696   -0.00250525 -0.00908876 966.135
52 697   -0.00274173 -0.00962303 969.072
52 698   -0.00190753 -0.0101247 963.51
52 699   -0.00248189 -0.00994836 966.032
52 700   -0.00217926 -0.00971697 969.455
52 701   -0.00242022 -0.0108654 884.588
52 703   -0.00198389 -0.0105349 939.715
52 704   -0.00235267 -0.0104634 939.181
52 723   -0.00107357 0.0079101 884.816
52 724   -0.00276623 0.00849939 816.198
52 725   -0.00248911 0.00763815 848.976
52 726   0.000211682 0.00911235 919.377
52 727   -0.000966367 0.00907804 862.66
52 728   -0.00054344 0.0085887 894.03
52 730   -0.00050914 0.00957068 874.111
52 731   8.66481e-05 0.0096327 905.733
52 732   0.00535866 0.0093375 967.573
52 733   0.00575232 0.0100938 934.778
52 754   -0.0105391 -0.00425867 753
52 755   -0.00922816 -0.00551398 843.28
52 756   -0.00925721 -0.00434451 807.17
52 757   -0.00271287 -0.011312 765.003
52 758   -0.00283889 -0.0114069 687.738
52 773   -0.00294056 -0.0115863 110.19
52 826   0.000821549 0.00917728 950.012
52 827   0.00127264 0.00869376 945.866
52 828   0.00189825 0.00919157 964.887
52 829   0.00176346 0.0101278 963.536
52 830   0.00122079 0.00970187 969.229
52 831   0.00167354 0.00964832 969.335
52 832   0.00115297 0.0100625 965.677
52 833   0.00146843 0.0103002 958.637
52 934   0.00364718 0.010101 966.961
52 935   0.00404554 0.00983078 969.206
52 939   0.00542634 0.0100674 953.739
52 940   0.00514873 0.00984797 963.724
52 941   0.00517234 0.0104747 962.197
52 942   0.00452717 0.0101224 968.213
52 943   0.00492432 0.0104137 966.297
52 944   0.00486515 0.010097 966.39
52 945   0.00446233 0.0104085 968.355
52 946   0.00453183 0.0108457 969.536
52 947   0.00472068 0.0105901 968.519
52 948   0.00392001 0.0105089 965.134
52 949   0.00429344 0.0108036 969.443
52 950   0.00425353 0.0105247 968.515
52 951   0.00363803 0.0109542 951.273
52 952   0.00384038 0.0107158 963.037
52 953   0.00407947 0.0108595 968.822
52 955   0.00376597 0.0111474 966.298
52 956   0.00398828 0.0110484 969.302
52 967   -0.00891182 0.00269692 830.511
52 984   0.0117637 -0.000104895 676.309
52 985   0.0117929 -0.000216747 673.866
52 986   0.0118495 -3.5672e-05 677.095
52 987   0.011912 -9.83769e-05 675.567
52 988   0.0119565 -0.00021747 672.853
52 989   0.0119035 -0.00018041 673.75
52 990   0.0118702 -0.000229556 672.803
52 991   0.011914 -0.000308716 670.591
52 992   0.0119428 -0.000263514 671.668
52 993   0.0119035 -0.000269718 671.626
52 994   0.0119778 -0.000297701 670.997
52 995   0.0119565 -0.000289224 671.052
52 996   0.0119443 -0.000309853 670.424
52 997   0.0119725 -0.000313806 670.484
52 998   0.0119586 -0.000322856 670.049
52 999   0.011964 -0.0003526 668.978
52 1000   0.0119629 -0.000338613 669.528
52 1001   0.0119922 -0.000352976 670.21
52 1002   0.0119761 -0.000359013 668.655
52 1003   0.0119835 -0.000352081 669.316
52 1004   0.00300763 0.0115958 98.1069
52 1007   0.00298052 0.0115882 105.357
52 1008   0.00299213 0.0115961 76.8754
52 1010   0.0029899 0.0116115 20.8083
52 1016   0.0029725 0.0116001 49.8665
52 1017   0.00296284 0.0116053 23.2771
52 1018   0.00297539 0.0116185 7.26115
52 1019   0.00297927 0.0116102 17.9989
52 1020   0.00296766 0.011626 3.42946
52 1022   0.00296157 0.0116165 7.81258
52 1023   0.00296734 0.0116195 5.75574
52 1119   -0.0113871 -0.000412661 691.343
52 1120   -0.011536 -0.000696282 694.983
52 1121   -0.0117748 -0.000468381 689.586
52 1122   -0.0116027 7.21744e-05 680.181
52 1123   -0.0117161 -0.000213512 684.549
52 1124   -0.0115356 -0.000156008 685.116
52 1125   -0.0118615 0.000144857 675.851
52 1126   -0.0118094 -4.24453e-05 680.465
52 1127   -0.0117571 7.17865e-05 678.275
52 1129   -0.0119067 -2.02862e-05 679.693
52 1130   -0.0119209 8.1536e-05 677.27
52 1219   0.00774471 0.0078474 937.436
52 1220   0.0070344 0.00777798 949.291
52 1221   0.00686035 0.00831199 965.627
52 1222   0.00724499 0.00868866 968.405
52 1224   0.00772227 0.00860815 965.733
52 1225   0.00804794 0.00830089 947.621
52 1303   0.00584683 0.00912834 963.146
52 1304   0.00619684 0.00889136 966.849
52 1305   0.0066629 0.00919122 925.232
52 1306   0.00665169 0.0095716 836.2
52 1307   0.00595119 0.00983779 920.623
52 1308   0.00597458 0.00949256 936.708
52 1309   0.00631337 0.00963596 883.789
52 1310   0.00619639 0.0100229 884.442
52 1311   0.00638357 0.00993952 844.224
52 1327   -0.00147572 0.0092917 810.753
52 1328   -0.00207151 0.00922968 788.1
52 1329   0.00205093 -0.00755606 862.786
52 1330   0.00275636 -0.00850635 817.373
52 1332   0.00215525 -0.00915415 791.778
52 1333   0.00155946 -0.00921617 815.932
52 1334   -0.00597914 -0.0101413 912.25
52 1335   -0.00629572 -0.0100007 861.548
52 1478   -0.000889527 -0.00703954 914.049
52 1479   -0.00179299 -0.00772289 935.485
52 1480   0.00059055 -0.00756424 896.046
52 1481   -0.00115177 -0.00884676 950.419
52 1482   -0.000436558 -0.00920674 924.761
52 1483   0.000159229 -0.00914472 898.079
52 1484   0.000700195 -0.00857655 884.373
52 1548   -0.00455499 0.00596271 835.778
52 1549   -0.00406195 0.00651302 836.565
52 1550   -0.00540983 0.00683695 813.425
52 1551   -0.00447185 0.00801206 809.7
52 1552   -0.00457982 0.00730628 817.353
52 1553   -0.00525376 0.00746825 801.216
52 1556   -0.00541349 0.0080397 785.867
52 1557   -0.00487811 0.00830835 796.465
52 1566   0.00849933 -0.00280051 818.484
52 1678   0.00709547 0.00626342 908.754
52 1679   0.00754797 0.00560478 893.091
52 1680   0.00790076 0.00721452 914.075
52 1681   0.00938317 0.00564831 834.563
52 1682   0.00850931 0.005923 876.198
52 1683   0.00908835 0.00720342 864.621
52 1684   0.00852287 0.0068815 893.523
52 1686   0.00956821 0.00659785 842.738
52 1687   0.00987659 0.00600124 827.431
52 1744   -0.00296053 -0.011591 79.053
52 1745   -0.00298941 -0.0116065 31.9408
52 1746   -0.00298588 -0.0115918 85.399
52 1757   -0.00857607 0.00353034 817.262
52 1759   -0.0071788 0.00354258 818.553
52 1760   -0.00739155 0.00452163 801.456
52 1786   -0.0029598 -0.0116111 10.207
52 1787   -0.00295108 -0.0116045 24.5092
52 1897   -0.00305548 -0.0108257 902.845
52 1898   -0.00335739 -0.0105097 950.864
52 1899   -0.00379122 -0.0110554 965.267
52 1900   -0.0038557 -0.0107318 964.525
52 1901   -0.00349876 -0.0111288 930.181
52 1902   -0.00326133 -0.0111212 869.588
52 1905   -0.00322242 -0.0113424 811.436
52 1906   -0.00315307 -0.0114297 755.719
52 1907   -0.00339716 -0.0113778 873.761
52 1908   -0.00352254 -0.0113221 929.432
52 1958   0.00753172 -0.00556597 788.052
52 1959   0.00603632 -0.00443481 823.261
52 1960   0.00816137 -0.00456976 788.943
52 1961   0.00753612 -0.0036943 810.006
52 1962   0.00639472 -0.00697733 827.005
52 1963   0.00582067 -0.00562302 820.298
52 1964   0.00669082 -0.00587871 812.469
52 1965   0.00455411 -0.00686245 824.73
52 1966   0.0052924 -0.0063735 821.536
52 1967   0.00575673 -0.00706978 809.807
52 1968   0.00540221 -0.00759847 798.097
52 1969   0.00433145 -0.00813578 812.005
52 1970   0.00463467 -0.00751899 814.19
52 1973   0.00536669 -0.00808094 786.74
52 1974   0.00483131 -0.0083496 798.768
52 2138   -0.00296685 -0.0116237 3.18691
52 2141   -0.0029774 -0.0116118 12.0671
52 2142   -0.00296878 -0.011614 7.5852
52 2144   0.011984 -0.000323835 670.413
52 2145   0.0119861 -0.000342409 669.968
52 2146   0.0119776 -0.000335354 669.869
16 280   -0.0449783 0.00325821 942.09
16 281   -0.0451577 -0.00292367 941.983
16 282   -0.0477775 -0.0217781 871.032
16 283   -0.0411403 -0.00644816 945.251
16 284   -0.0434943 -0.0296599 773.722
16 285   -0.0384826 -0.00713858 948.614
16 286   0.00188229 0.0225254 878.916
16 287   -0.00122022 -0.0215561 897.799
16 288   0.00451974 0.0225614 852.61
16 289   0.0014189 0.0157762 942.436
16 290   -0.00594825 -0.0158763 961.491
16 291   -0.00244808 -0.0147804 955.118
16 292   -0.00141198 -0.0145655 925.713
16 293   0.000812915 0.0146306 944.745
16 294   -0.00317867 -0.013695 968.847
16 295   0.0054284 0.0121534 817.29
16 296   0.0018216 0.0137113 967.499
16 297   0.00323928 0.01226 826.821
16 298   0.00341271 0.0120935 839.354
16 299   0.00306929 0.0121403 789.02
16 308   0.00630033 0.011899 790.664
16 309   0.00689152 0.0125695 835.39
16 310   0.00651468 0.0110064 719.413
16 311   -0.044316 -0.0225097 902.697
16 312   -0.0429632 -0.0254775 886.994
16 321   -0.00994795 -0.0304352 895.875
16 322   -0.00730722 -0.0334784 831.357
16 323   -0.00855572 -0.0271971 909.897
16 325   -0.0511397 0.0239922 779.236
16 326   -0.045146 0.0217757 904.846
16 327   -0.0410122 0.0310476 810.987
16 328   -0.0392003 0.0336825 813.183
16 329   -0.038731 0.0282593 899.591
16 342   -0.00298577 0.0161757 901.735
16 343   -0.00228083 0.014776 885.039
16 355   -0.00741356 0.0334574 853.517
16 356   -0.0101938 0.0304734 900.67
16 357   -0.00654415 0.0273375 902.796
16 358   -0.00910782 0.0274387 910.913
16 359   -0.00687492 -0.0150701 944.165
16 361   -0.00718746 -0.0135923 886.748
16 362   -0.00656238 -0.0142372 925.777
16 363   -0.00596484 -0.0138706 919.624
16 364   -0.00558019 -0.0119463 805.211
16 365   -0.00536742 -0.0129392 881.288
16 366   -0.00501688 -0.0125948 866.784
16 367   -0.00469341 -0.0117379 805.462
16 368   -0.00505455 -0.0120404 822.014
16 369   0.00480067 -0.018893 771.95
16 370   0.00118502 -0.0163229 841.376
16 371   0.00304683 -0.0183827 794.008
16 372   0.00332116 -0.016622 779.032
16 373   -0.000260134 -0.0194164 895.544
16 374   0.00143743 -0.0187659 849.143
16 375   0.000383955 -0.0174014 884.059
16 376   -0.00322267 -0.0181399 955.722
16 377   -0.00156707 -0.0186192 919.179
16 378   -0.00106015 -0.0174846 912.193
16 379   -0.00268277 -0.0157629 954.012
16 380   -0.00328017 -0.0171068 958.802
16 381   -0.00215131 -0.0169039 937.848
16 382   -0.00484961 -0.0157166 968.185
16 383   -0.00398359 -0.0163541 967.873
16 384   -0.00363966 -0.0155776 967.348
16 385   -0.00482844 -0.0149588 965.294
16 386   -0.00418291 -0.0149212 969.254
16 387   -0.00532953 -0.0141743 943.507
16 388   -0.00382788 -0.0137486 963.604
16 389   -0.00420498 -0.0142792 966.025
16 390   -0.00494334 -0.0133565 920.788
16 391   -0.00487804 -0.0138829 944.719
16 392   -0.00456563 -0.0127563 895.446
16 393   -0.00443714 -0.0132431 930.425
16 394   -0.00399474 -0.0132389 944.406
16 395   -0.00381765 -0.0127942 925.836
16 397   -0.003767 -0.0120639 928.282
16 401   -0.00282333 -0.0131266 967.44
16 402   -0.00233136 -0.0128561 969.081
16 403   -0.00238563 -0.0123577 955.499
16 407   -0.000534829 -0.0129011 888.55
16 408   -0.00130904 -0.0132651 927.5
16 409   -0.00179884 -0.0126977 958.077
16 410   -0.00351813 -0.0222301 933.611
16 411   -0.00489307 -0.0241124 927.223
16 412   -0.0473572 0.0130561 928.625
16 413   -0.0432981 0.016808 945.691
16 418   -0.0031236 -0.0127634 945.8
16 419   -0.00349588 -0.0126333 922.183
16 420   -0.00262653 -0.012441 936.621
16 421   -0.00287252 -0.0125762 937.652
16 422   -0.00265367 -0.0121918 881.502
16 423   -0.00279908 -0.0121682 849.61
16 428   -0.00302265 -0.0123946 899.935
16 429   -0.00292207 -0.0122358 863.976
16 430   -0.00361679 -0.0121758 904.708
16 431   -0.00345892 -0.0120263 894.188
16 432   -0.00348822 -0.0123718 902.423
16 433   -0.00335168 -0.0121313 874.475
16 434   -0.00319447 -0.0123319 886.59
16 435   -0.00333768 -0.0123087 890.058
16 437   -0.00302928 -0.012096 822.655
16 438   -0.00321546 -0.0120658 843.402
16 439   -0.00315118 -0.0121638 851.757
16 454   0.00515009 0.0115189 778.544
16 455   0.000608751 0.0128263 958.042
16 476   -0.0242327 -0.0325 915.961
16 477   -0.0208988 -0.0297284 918.777
16 478   -0.0220829 -0.0247284 929.696
16 479   -0.013617 -0.0291852 911.288
16 480   -0.0161452 -0.0322284 909.302
16 481   -0.019524 -0.0222284 933.229
16 533   0.00153438 0.0131812 968.277
16 534   0.0010423 0.0129685 965.167
16 535   0.00120858 0.0125164 969.266
16 537   0.00634511 0.0199946 900.799
16 538   0.0067282 0.017611 937.872
16 539   0.0040297 0.0184048 923.657
16 540   0.00557331 0.0189446 915.303
16 541   0.00619021 0.0165327 955.772
16 542   0.00484524 0.0153969 966.918
16 543   0.0041438 0.0170422 944.125
16 544   0.00514941 0.0165037 954.769
16 545   0.00397322 0.01538 965.35
16 546   0.00276716 0.0156445 957.388
16 547   0.00350559 0.0162169 954.003
16 548   0.00359605 0.0147418 968.749
16 549   0.00289281 0.014737 966.597
16 550   0.00236863 0.0138063 969.114
16 551   0.00305358 0.013824 967.357
16 552   0.00270025 0.0142419 968.897
16 553   0.00288379 0.0134302 959.397
16 554   0.00256012 0.0133466 963.381
16 555   0.00375513 0.0142491 969.086
16 556   0.0034052 0.0138264 964.878
16 559   0.00696201 0.0154592 968.038
16 562   0.00658728 0.0134008 911.307
16 563   0.00719576 0.0138452 937.719
16 564   0.00665777 0.0146736 967.647
16 565   0.0053128 0.0147729 969.439
16 566   0.00601405 0.0138744 946.525
16 567   0.00608454 0.0145839 967.091
16 568   0.00547606 0.0138578 949.261
16 569   0.00500856 0.014269 965.812
16 570   0.00517148 0.0128768 880.867
16 571   0.00469221 0.0127447 876.005
16 572   0.00520118 0.013437 927.017
16 573   0.00459915 0.0131361 912.127
16 574   0.00484467 0.0134738 933.475
16 575   0.00420809 0.0139453 961.61
16 576   0.00461681 0.013951 958.86
16 577   0.00365381 0.0135197 951.187
16 578   0.00427792 0.0132361 924.483
16 579   0.00411473 0.013568 947.745
16 580   0.00398608 0.0131275 919.863
16 581   0.00364793 0.0132481 934.319
16 582   0.00328248 0.012541 863.221
16 583   0.00353675 0.0127571 889.815
16 584   0.00343983 0.0130542 921.029
16 585   0.00306205 0.012679 882.931
16 586   0.00250507 0.0127819 927.385
16 587   0.00261326 0.0129786 941.407
16 588   0.00314724 0.0129554 917.179
16 589   0.00293694 0.0130621 935.234
16 590   0.00255827 0.0123735 854.852
16 591   0.00283598 0.0125701 872.943
16 592   0.00265114 0.0126079 892.077
16 593   0.00291325 0.0122349 803.177
16 594   0.0028087 0.0123942 839.945
16 595   0.00267751 0.0122771 821.935
16 596   0.0027104 0.0121294 786.294
16 597   0.00285371 0.0121061 772.831
16 646   -0.0402556 -0.0240408 941.696
16 650   -0.0411587 0.0249995 916.114
16 651   -0.0392204 0.0261921 917.226
16 652   -0.00559537 -0.0114466 776.372
16 656   -0.00601049 -0.0112291 754.434
16 657   -0.00664781 -0.0113439 746.345
16 658   -0.00684805 -0.0107903 675.919
16 661   -0.0423525 0.0186872 954.094
16 662   -0.0429396 0.0207031 940.73
16 669   -0.0501577 -0.00542431 937.883
16 672   -0.0489866 -0.00938651 933.796
16 673   -0.0513289 -0.0114622 925.997
16 674   -0.0435766 -0.0109112 943.29
16 675   -0.0464229 -0.0113489 934.986
16 676   -0.0421371 -0.012718 948.412
16 677   -0.0433694 -0.0151939 944.564
16 678   -0.0397007 -0.0118704 953.158
16 679   -0.0387182 -0.013346 958.134
16 680   -0.0423609 -0.0198182 952.587
16 681   -0.0420405 -0.0170651 955.154
16 682   -0.00593049 0.0248375 924.124
16 683   -0.00923865 -0.0246971 942.109
16 707   -0.00425043 -0.0187674 967.338
16 708   -0.00436601 -0.0206029 966.132
16 720   -0.0461671 -0.0323584 694.093
16 722   -0.0348927 0.0252993 944.656
16 742   0.00681028 0.0108515 687.012
16 743   0.00440526 0.0125049 860.86
16 744   0.00402036 0.0127878 890.896
16 745   0.00377913 0.0126113 878.222
16 747   0.0047067 0.0117512 788.598
16 748   0.00414796 0.0119549 800.351
16 749   0.00445842 0.0120799 814.911
16 805   -0.0243043 0.0325 916.797
16 806   -0.0210561 0.029758 919.789
16 807   -0.0223172 0.024758 929.794
16 808   -0.0162616 0.032258 911.29
16 809   -0.0138729 0.029274 912.928
16 810   -0.0148791 0.024274 933.6
16 812   -0.0199486 0.022258 932.702
16 813   -0.0171092 0.022258 934.79
16 818   0.00386586 -0.0336565 676.429
16 824   -0.0118682 0.023024 945.796
16 825   -0.009776 0.0249893 936.206
16 840   0.00357767 0.0121403 861.868
16 841   0.00392687 0.0121179 863.265
16 842   0.00378027 0.0122889 862.485
16 843   0.00364664 0.0119819 889.192
16 844   0.00380191 0.0119567 912.597
16 860   -6.97487e-05 0.0143401 923.64
16 861   -0.00109434 0.0143672 900.803
16 862   0.000188518 0.01325 937.091
16 863   -0.000491294 0.0128283 895.459
16 864   -0.0016624 0.0127349 795.654
16 865   -0.00116548 0.0132236 872.082
16 873   -0.0505626 -0.0249874 755.511
16 874   -0.0490974 -0.0299014 691.902
16 875   -0.0510348 -0.032543 673.837
16 879   0.00567464 0.0251211 755.395
16 880   0.00567857 0.0326669 674.45
16 884   0.000248375 -0.0133809 815.376
16 885   -0.000196099 -0.0146259 879.295
16 886   0.000880517 -0.0150182 829.536
16 887   0.00142988 -0.012764 706.765
16 888   0.000771067 -0.0128709 718.87
16 908   -0.0314673 -0.0335257 905.612
16 909   -0.0280798 -0.0310257 915.676
16 910   -0.0323444 -0.0291027 915.847
16 911   -0.0333612 -0.0320514 902.075
16 914   -0.00522751 0.0167523 911.189
16 915   -0.00634837 0.0157906 897.139
16 931   -0.00463743 0.0190914 947.04
16 932   -0.00693957 0.0188142 963.422
16 933   -0.0058187 0.0181092 945.305
16 1165   -0.0071667 -0.010399 545.332
16 1166   -0.0072778 -0.0107895 643.584
16 1167   -0.0385862 -0.0212159 868.909
16 1168   -0.0393387 -0.0199611 900.722
16 1169   -0.0401247 -0.0220335 966.994
16 1170   -0.0408772 -0.0207787 966.326
16 1191   0.00730294 0.0103483 526.162
16 1194   0.00700734 0.0105032 619.957
16 1195   0.0072044 0.0108901 669.492
16 1196   -0.00805061 -0.0218593 933.221
16 1197   -0.00642843 -0.0234263 957.401
16 1198   -0.00787695 -0.0236212 958.15
16 1199   -0.0370802 0.0218369 920.699
16 1200   -0.041039 0.0218378 961.582
16 1201   -0.0403633 0.0234421 950.253
16 1202   -0.038425 0.0246348 948.972
16 1203   -0.0368688 0.0240486 961.463
16 1211   -0.00690881 0.0115598 824.998
16 1215   -0.00661321 0.0108813 806.878
16 1216   -0.0072044 0.0105715 879.416
16 1236   -0.00744445 -0.0102535 323.693
16 1237   -0.00733335 -0.0103117 452.122
16 1249   0.00426665 -0.0155742 757.833
16 1250   0.00502666 -0.0118415 734.918
16 1254   0.00669166 -0.0176602 762.967
16 1256   0.00709583 -0.0154196 770.778
16 1257   0.0062875 -0.0164498 766.058
16 1258   0.00547916 -0.0157544 762.463
16 1259   0.00558773 -0.0138578 754.612
16 1260   0.00669166 -0.0146406 770.525
16 1261   0.00588333 -0.014808 761.801
16 1262   0.00715012 -0.0131506 788.478
16 1263   0.00674595 -0.013908 774.125
16 1264   0.00604619 -0.0134729 763.4
16 1265   0.00585916 -0.0120149 762.549
16 1266   0.00680024 -0.0125963 790.697
16 1267   0.00610047 -0.0128349 767.102
16 1268   0.0072044 -0.0111653 847.371
16 1269   0.00685452 -0.0119582 804.826
16 1270   0.00626333 -0.0115944 782.237
16 1273   0.00631762 -0.0109563 789.992
16 1274   0.00690881 -0.0106466 844.871
16 1314   -0.00515782 0.0211807 961.968
16 1315   -0.0063391 0.0210318 916.888
16 1316   -0.00516766 0.0198709 963.01
16 1317   -0.00634893 0.019722 936.51
16 1318   -0.00828222 0.0219907 954.424
16 1319   -0.00700038 0.0219401 939.429
16 1320   -0.00842352 0.023956 949.055
16 1321   -0.00714168 0.0239054 947.156
16 1344   -0.00632016 -0.0203316 831.942
16 1345   -0.00550907 -0.0211151 958.999
16 1346   -0.00700763 -0.0212727 855.24
16 1347   -0.00619654 -0.0220562 966.266
16 1366   -0.0366122 -0.0224602 968.225
16 1367   -0.0374407 -0.0214345 884.181
16 1368   -0.0351905 -0.0215385 969.394
16 1369   -0.036019 -0.0205128 936.972
16 1417   -0.0510349 0.0337472 670.225
16 1425   -0.0115618 0.021008 956.935
16 1426   -0.00932832 0.021008 966.484
16 1427   -0.0386075 -0.0188335 934.717
16 1429   -0.0398256 -0.016898 966.917
16 1430   -0.0387182 -0.0155645 965.356
16 1442   -0.00577256 0.0145192 850.658
16 1443   -0.00692419 0.0137286 852.738
16 1444   -0.00515061 0.0121579 729.799
16 1445   -0.006333 0.0123717 795.782
16 1446   -0.00335556 0.0139743 810.008
16 1447   -0.00460556 0.0139743 799.144
16 1448   -0.0045748 0.0129699 739.762
16 1449   -0.0023289 0.0128791 769.204
16 1450   -0.00300308 0.0132744 770.591
16 1451   -0.00364651 0.0126653 717.284
16 1454   -0.00264292 0.0123235 722.664
16 1455   -0.00330173 0.0122166 704.186
16 1456   0.00367546 -0.0143475 738.111
16 1457   0.00242546 -0.0140906 733.245
16 1458   0.00220094 -0.0131349 710.71
16 1459   0.00459237 -0.0135777 734.365
16 1460   0.00421832 -0.0126825 716.016
16 1463   0.00274749 -0.0125502 699.436
16 1464   0.0034063 -0.0124433 697.744
16 1465   -0.0356427 0.0210292 961.686
16 1470   -0.0386397 0.0165032 967.889
16 1473   -0.0406429 0.0185158 967.609
16 1474   -0.0392096 0.0176714 969.375
16 1475   -0.0380699 0.0186682 957.996
16 1476   -0.039882 0.0203203 956.857
16 1477   -0.0384487 0.0203093 823.527
16 1485   -0.00905729 -0.0209784 958.795
16 1492   -0.00434729 -0.0125443 889.678
16 1493   -0.00404172 -0.0125865 906.078
16 1494   -0.00396308 -0.0122109 894.817
16 1495   -0.00415949 -0.0120628 851.118
16 1496   -0.00439379 -0.0122074 857.143
16 1497   -0.00448103 -0.0119533 825.013
16 1499   -0.00433111 -0.0117645 804.167
16 1500   -0.00416236 -0.011853 814.678
16 1588   -0.00657333 -0.0170271 957.609
16 1591   -0.00579903 -0.0182475 957.482
16 1592   -0.0067257 -0.0192995 872.234
16 1631   -0.0499783 0.00575758 937.847
16 1632   -0.0499783 0.0107575 929.751
16 1636   0.00568293 -0.0323131 672.939
16 1637   0.00568293 -0.0296262 681.114
16 1650   0.000542273 -0.0236165 815.976
16 1651   0.00399402 -0.0279096 695.238
16 1652   0.00392009 -0.021789 757.727
16 1653   0.00581109 -0.0239925 716.83
16 1659   -0.0399783 0.0057585 946.113
16 1662   -0.0346169 -0.0252535 944.45
16 1663   -0.0342967 -0.0277535 920.226
16 1664   -0.0383196 -0.0253996 936.024
16 1665   -0.036629 -0.0241238 959.455
16 1701   -0.0315198 0.0335292 905.905
16 1702   -0.0281793 0.0310292 916.148
16 1703   -0.0348174 0.0322117 895.05
16 1704   -0.0333781 0.0277993 922.349
16 1705   -0.0352436 0.0294234 906.498
16 1718   0.00181752 0.0128565 966.436
16 1719   0.00158379 0.0126018 966.967
16 1720   0.00183744 0.0123481 943.252
16 1721   0.00218804 0.0127301 944.931
16 1722   0.00212482 0.0124478 922.12
16 1724   0.00226373 0.0122789 878.125
16 1725   0.00243424 0.0122513 845.318
16 1810   -0.00681997 -0.0130622 858.325
16 1811   -0.00622243 -0.0132733 882.403
16 1812   -0.00605758 -0.0124486 829.356
16 1813   -0.00588248 -0.012887 864.066
16 1814   -0.00686634 -0.0119025 780.476
16 1815   -0.00692129 -0.0126261 827.689
16 1816   -0.00649885 -0.0123987 817.856
16 1818   -0.00728878 -0.0123542 804.547
16 1819   -0.00728878 -0.0119055 775.626
16 1848   -0.0492268 0.026008 744.68
16 1849   -0.0434882 0.0258139 874.552
16 1850   -0.0459537 0.0245325 850.509
16 1851   -0.049122 0.031177 684.158
16 1852   -0.0505871 0.0286715 697.046
16 1853   -0.0461917 0.0324298 693.979
16 1854   -0.0438311 0.0297948 762.71
16 1872   0.000500271 0.0170479 925.518
16 1873   -0.00183526 0.0173291 914.897
16 1874   0.00100979 0.0198489 910.267
16 1875   0.00210364 0.018565 919.152
16 1876   -0.00289572 0.0188879 926.233
16 1877   -0.00165404 0.0198906 919.438
16 1892   -0.0511397 0.0177504 898.521
16 1893   -0.0457981 0.016808 924.45
16 1894   -0.0485186 0.0154684 917.096
16 1895   -0.0497795 0.0205008 874.741
16 1896   -0.0470589 0.0197599 902.2
16 1945   -0.000698398 0.0335602 716.096
16 1946   -0.00413696 0.0289324 851.432
16 1947   -0.00392036 0.0320176 792.014
16 1948   0.00294446 0.0312271 691.81
16 1949   0.00294053 0.0283475 714.648
16 1950   0.000194769 0.0244358 864.98
16 1951   9.81119e-05 0.0276982 779.492
16 1952   -0.00193599 0.0274926 837.507
16 1953   -0.00220464 0.0215529 917.792
16 1954   -0.00122833 0.0234216 898.442
16 1955   -0.00245033 0.0250386 894.716
16 1956   -0.00399692 0.0222126 936.443
16 1957   -0.00403765 0.0239784 917.769
16 1981   -0.0405426 -0.0309523 823.204
16 1982   -0.0390402 -0.0336508 815.922
16 1983   -0.0358219 -0.0321765 888.799
16 1984   -0.0360647 -0.0293529 904.034
16 1985   -0.0380755 -0.0281287 903.724
16 1986   -0.0511075 -0.0172529 900.979
16 1987   -0.0483224 -0.0182533 904.938
16 1988   -0.0499363 -0.0144624 916.117
16 1989   -0.0473727 -0.0139247 925.845
16 1990   -0.0457587 -0.0159629 927.736
16 1994   -0.0151301 -0.0252994 929.84
16 1995   -0.0172686 -0.0233426 933.107
16 1996   -0.0154848 -0.0211142 940.89
16 1997   -0.0109696 -0.0239136 947.136
16 1998   -0.0136286 -0.0220926 945.864
16 1999   -0.0130638 -0.0240494 939.506
16 2000   -0.0118169 -0.0209784 957.852
16 2001   -0.0106146 -0.0219568 962.056
16 2010   -0.00447443 -0.0320459 779.936
16 2011   0.000480072 -0.032224 697.507
16 2012   -0.001337 -0.0335675 711.595
16 2013   -0.00408995 -0.0268963 872.737
16 2014   -0.00566664 -0.0288078 863.808
16 2015   0.000608232 -0.029164 710.997
16 2016   -0.000952517 -0.0270745 777.995
16 2026   -0.0435964 0.0121849 943.737
16 2027   -0.0412175 0.00988662 947.406
16 2028   -0.0387392 0.0116291 954.289
16 2029   -0.0422578 0.0145972 951.145
16 2030   -0.0398789 0.0147986 960.581
16 2051   -0.0274078 0.02125 942.583
16 2052   -0.025547 0.02375 934.444
16 2053   -0.0281608 0.0272792 926.837
16 2054   -0.0305418 0.0268376 929.286
16 2055   -0.033247 0.0241167 951.274
16 2056   -0.0309978 0.0243376 943.475
16 2057   -0.0304777 0.0222792 949.777
16 2058   -0.0324668 0.0210292 960.593
16 2059   -0.0337855 0.0220584 963.863
16 2083   -0.0272731 -0.02125 942.487
16 2084   -0.0253787 -0.02375 934.225
16 2085   -0.0280418 -0.0272757 926.333
16 2086   -0.0304125 -0.0268271 928.954
16 2087   -0.0331192 -0.0241027 950.967
16 2088   -0.0303908 -0.0222757 949.68
16 2089   -0.0308671 -0.0243271 943.191
16 2090   -0.0324047 -0.0210257 960.631
16 2091   -0.0337095 -0.0220514 963.895
end
