718
16 225   -0.0449783 0.00326195 943.223
16 226   -0.0451577 -0.00291977 943.096
16 227   -0.0499783 0.00825838 950.623
16 228   -0.0399783 0.00826174 937.698
16 229   -0.0477775 -0.0217779 959.97
16 230   -0.0411403 -0.0064436 941.283
16 231   0.00227672 -0.0238992 935.808
16 232   -0.0384826 -0.00713432 938.065
16 233   -0.000300649 0.0237452 958.159
16 234   -0.0011443 -0.0214755 967.955
16 235   0.00416687 -0.0182463 968.246
16 236   0.00235071 0.022254 941.875
16 237   0.00468736 0.0223611 919.778
16 238   -0.00210074 0.0215605 957.666
16 239   -0.000591332 -0.0185661 967.124
16 240   0.00134976 -0.0173802 969.348
16 241   0.0064273 0.0189891 939.769
16 242   0.00490855 0.0176586 951.572
16 243   0.000873537 0.0179612 968.949
16 244   -0.00114774 0.0188233 961.51
16 245   0.00534413 -0.0162616 967.95
16 246   0.00257189 0.0192072 959.807
16 247   -0.0028406 0.0173124 935.738
16 248   -0.00277642 -0.0174017 959.172
16 249   0.00486103 0.0157728 954.746
16 250   0.00118654 0.0158241 969.123
16 251   0.00682406 -0.0155917 961.567
16 252   0.00107233 -0.015183 966.505
16 253   -0.00271817 0.0154231 946.529
16 254   -0.00600591 0.0152815 896.783
16 255   -0.00301867 -0.015704 967.553
16 256   0.00283737 0.0151844 965.633
16 257   -0.00587596 -0.0158084 967.779
16 258   -5.08815e-05 0.0147689 969.006
16 259   0.00687155 0.014119 937.642
16 260   0.00391259 -0.0145969 957.417
16 261   -0.00683767 -0.0146973 967.349
16 262   0.00575133 0.0146248 947.951
16 263   -0.00144482 0.0146553 963.444
16 264   0.00245791 -0.0143844 961.003
16 265   -0.00395797 0.0143879 931.016
16 266   -0.00453922 -0.0152272 969.195
16 267   -0.000197722 -0.0143606 966.834
16 268   -0.00221485 -0.0146152 968.791
16 269   -0.00501677 0.0142847 911.937
16 270   0.00283555 0.0138766 966.933
16 271   -0.00130156 -0.0143046 967.703
16 272   0.00180451 0.0131733 969.166
16 273   -0.00183257 0.013262 963.864
16 274   0.000220175 0.0134825 969.559
16 275   0.00221874 -0.0130985 949.608
16 276   -0.00447558 -0.014015 968.45
16 277   -0.00622342 -0.0136498 957.898
16 278   -0.00638324 -0.0127686 937.552
16 279   0.00627796 0.0128797 925.182
16 280   -0.00459544 0.0120881 901.307
16 281   0.00139776 -0.0127178 952.979
16 282   0.00082509 0.0130055 963.951
16 283   0.000119397 -0.0132215 967.385
16 284   0.0046735 0.0136509 953.527
16 285   0.00653906 0.0121987 909.164
16 286   0.00378137 0.0134911 961.877
16 287   -0.00519805 -0.0135487 963.167
16 288   -0.00301702 -0.0136625 969.613
16 289   0.00221504 0.0124672 968.767
16 290   0.00713266 0.0119533 906.499
16 291   -0.00234195 -0.0125679 968.533
16 292   -0.00375719 -0.0135392 968.95
16 293   -0.002851 -0.0128533 969.622
16 294   0.00536721 0.0126812 938.533
16 295   0.00488298 0.0129467 950.359
16 296   -0.00555094 -0.0123926 939.715
16 297   0.000616858 -0.0128445 964.651
16 298   -0.00502809 -0.0128169 958.323
16 299   -0.00384997 -0.0128424 967.467
16 300   0.00584805 0.0117426 901.302
16 301   -0.00337259 -0.0124752 968.665
16 302   -0.00458465 -0.0125323 962.605
16 303   -0.00537173 -0.0119285 933.53
16 304   0.00513518 0.0120941 941.694
16 305   -0.00417299 -0.0125525 964.912
16 306   0.00535491 0.0118364 924.555
16 307   -0.00576645 -0.011386 882.385
16 308   -0.0049178 -0.0119214 957.751
16 309   -0.00465358 -0.0121008 963.226
16 310   -0.0034513 -0.0120944 967.733
16 311   -0.00554168 -0.0116384 913.242
16 312   -0.00401597 -0.0121333 961.909
16 313   -0.00549542 -0.0111769 877.656
16 314   0.00511496 0.0115287 933.942
16 315   -0.00439778 -0.0119072 967.751
16 316   0.00526241 0.0113285 908.747
16 317   -0.00377166 -0.0120424 961.26
16 318   -0.00527065 -0.0114293 917.952
16 319   -0.00417183 -0.0119194 962.219
16 320   -0.0050706 -0.0114075 938.503
16 321   -0.00444455 -0.011707 969.244
16 322   0.00490725 0.0114813 955.907
16 323   -0.00458802 -0.0116319 968.89
16 495   -0.00697639 0.0144774 887.127
16 501   -0.0443159 -0.0225094 960.539
16 516   -0.00993529 -0.0304307 968.542
16 517   -0.00730181 -0.0334769 948.573
16 518   -0.00853593 -0.0271819 966.498
16 519   -0.00563896 -0.0267766 968.345
16 521   -0.0473135 0.0259431 919.487
16 522   -0.0511397 0.0239921 915.773
16 523   -0.0440401 0.0244676 966.234
16 524   -0.0451457 0.0217757 967.363
16 534   -0.00732798 0.0334736 947.081
16 535   -0.0100515 0.0304209 968.445
16 536   -0.00624789 0.0267328 967.111
16 537   -0.00887287 0.0271563 965.913
16 542   -0.0410116 0.0310474 934.929
16 543   -0.0392 0.0336824 937.209
16 544   -0.0387289 0.0282589 968.807
16 575   -0.0358743 -0.0253785 934.888
16 576   -0.0345367 -0.0210257 859.533
16 577   -0.0328784 -0.023077 924.622
16 579   -0.00412611 0.0221233 899.072
16 580   -0.00562263 0.024021 916.408
16 583   -0.00347614 -0.0221678 932.778
16 584   -0.00487369 -0.0240739 936.311
16 596   0.00636285 0.0108833 809.71
16 597   0.0072434 0.0106335 894.67
16 598   0.00687605 0.0111134 881.699
16 600   0.00509286 -0.0117994 864.671
16 601   0.00627524 -0.0118844 847.032
16 602   0.00686643 -0.0128972 888.384
16 603   0.00619049 -0.0136232 924.447
16 604   0.00435996 -0.0136264 941.298
16 605   0.00515794 -0.0133226 925.087
16 606   0.00465149 -0.0125116 906.162
16 607   0.0030424 -0.0127772 937.437
16 608   0.00372894 -0.0130926 937.8
16 609   0.0039781 -0.0125382 928.059
16 611   0.00355991 -0.0121793 941.174
16 612   0.0030232 -0.0122664 927.1
16 615   -0.0473571 0.0130571 957.301
16 616   -0.0423571 0.0130571 933.801
16 617   -0.0386397 0.0173365 845.481
16 618   -0.0432979 0.0168084 932.198
16 619   -0.0410185 0.0154688 914.321
16 620   0.00355011 0.0128214 963.977
16 621   0.00301481 0.0125008 967.599
16 622   0.00313764 0.0121542 967.025
16 677   -0.00699749 -0.0123241 921.902
16 679   -0.00721565 -0.0107189 889.79
16 680   -0.00614445 -0.0110613 819.028
16 681   -0.00671314 -0.0113333 884.794
16 683   -0.0501577 -0.00542324 945.869
16 686   -0.0489866 -0.00938524 950.614
16 687   -0.0513289 -0.0114617 957.702
16 688   -0.0435766 -0.0109091 942.576
16 689   -0.0464229 -0.0113472 950.139
16 690   -0.0421371 -0.0127164 936.288
16 691   -0.0433694 -0.015193 937.856
16 692   -0.0397007 -0.0118688 931.463
16 693   -0.0387182 -0.0133452 921.549
16 699   -0.0242279 -0.0325 966.406
16 700   -0.0296763 -0.0245514 950.26
16 701   -0.0263155 -0.0225 955.023
16 702   -0.0314656 -0.0335257 969.372
16 703   -0.0280748 -0.0310257 966.617
16 704   -0.0294597 -0.028077 962.553
16 705   -0.0355541 -0.0278785 964.908
16 706   -0.0323415 -0.0291027 965.91
16 707   -0.0333594 -0.0320514 969.299
16 708   -0.0045843 0.01787 886.196
16 709   -0.00604427 0.0167803 875.919
16 710   -0.00701476 0.0180921 810.526
16 713   0.0056468 -0.0232378 917.247
16 714   0.0056468 -0.0204742 952.995
16 748   -0.00416981 -0.0186852 921.178
16 749   -0.00431657 -0.0205419 873.668
16 757   -0.0242869 0.0325 966.667
16 758   -0.0264552 0.0225 954.937
16 759   -0.0297974 0.0245581 950.322
16 854   0.00438132 0.0126006 958.221
16 855   0.00394059 0.012635 960.998
16 856   0.00436943 0.0122729 960.496
16 857   0.00475367 0.0119776 959.871
16 858   0.00452444 0.0120862 962.734
16 859   0.00438587 0.0118601 968.649
16 860   0.00450629 0.0116856 968.706
16 861   0.00482591 0.0115854 963.321
16 862   0.00474953 0.0117425 964.237
16 863   0.00464072 0.0116766 968.989
16 865   0.00468182 0.011538 969.387
16 866   0.00475239 0.011501 968.547
16 891   -0.0370254 -0.0219473 759.994
16 892   -0.0378873 -0.0242488 890.282
16 893   -0.0402549 -0.0240406 911.886
16 894   -0.00499318 0.0192348 834.667
16 895   -0.00484045 0.0206525 812.728
16 896   -0.00645315 0.0193971 721.748
16 897   -0.00630042 0.0208148 623.477
16 898   -0.0411572 0.0249991 958.194
16 899   -0.0392176 0.0261916 960.797
16 900   0.00690881 -0.0113665 804.266
16 903   0.0072044 -0.0105071 687.624
16 904   0.00661321 -0.0108169 783.932
16 909   -0.0400728 0.0190142 812.785
16 910   -0.0423522 0.0186873 906.004
16 911   -0.0429391 0.020703 933.044
16 912   -0.03969 0.0216263 754.23
16 913   -0.0414166 0.0226453 897.371
16 933   -0.00993669 -0.0209769 856.547
16 934   -0.0112037 -0.0229307 927.196
16 935   -0.00921915 -0.0246819 934.1
16 936   -0.00697639 0.0131815 870.958
16 995   -0.00804281 -0.0218525 776.253
16 996   -0.00641289 -0.023401 875.64
16 997   -0.00786138 -0.0236036 887.724
16 998   -0.00630303 -0.0203097 636.419
16 999   -0.00548807 -0.0210839 791.615
16 1000   -0.00700181 -0.0212627 626.912
16 1001   -0.00618685 -0.022037 791.116
16 1003   -0.00660987 0.0125489 857.37
16 1004   -0.00562074 0.012848 886.334
16 1005   -0.00541131 0.0120534 871.846
16 1008   -0.00586331 0.0112503 834.62
16 1014   -0.00731674 0.0113921 787.194
16 1015   -0.00641309 0.0113353 815.556
16 1016   -0.00643838 0.0109294 798.208
16 1017   -0.00731674 0.0118241 812.707
16 1018   -0.00695022 0.0118394 822.128
16 1019   -0.00684283 0.0105211 737.082
16 1020   -0.00714613 0.0110888 770.943
16 1021   -0.0068049 0.0109141 776.282
16 1022   -0.00726937 0.0104743 625.765
16 1023   -0.00709875 0.0105637 702.321
16 1024   -0.00741469 0.0107517 711.601
16 1025   -0.00724408 0.0108411 741.582
16 1026   -0.00735467 0.0103413 495.215
16 1031   -0.00728201 0.0102026 391.573
16 1032   -0.00742734 0.0101264 193.044
16 1033   -0.000585576 0.0128669 968.706
16 1034   -0.00124438 0.01276 968.933
16 1042   -0.0114708 0.0229209 931.296
16 1043   -0.0101217 0.0209736 866.664
16 1044   -0.0095601 0.0246563 937.703
16 1045   -0.00757309 0.0234709 869.584
16 1046   -0.00753655 0.0217355 726.735
16 1070   -0.00671051 -0.0192868 768.482
16 1073   -0.00653828 -0.0170104 941.419
16 1074   -0.00574879 -0.0182044 890.198
16 1075   -0.0423607 -0.0198178 902.756
16 1076   -0.0420405 -0.0170646 915.818
16 1077   -0.0389621 -0.0205884 648.575
16 1078   -0.0405004 -0.0214059 815.55
16 1079   -0.0386074 -0.0180001 824.349
16 1080   -0.0398256 -0.0160644 893.378
16 1086   -0.0510349 0.0324945 684.642
16 1089   -0.0472087 0.0298594 815.628
16 1090   -0.0442784 0.0323649 847.528
16 1138   -0.0345839 0.0210291 857.464
16 1139   -0.0329841 0.0230872 923.143
16 1140   -0.0348873 0.0252987 935.31
16 1141   -0.0374569 0.0226443 796.091
16 1142   -0.0372439 0.0248558 909.907
16 1202   0.00231313 -0.0274518 879.76
16 1203   -0.00290066 -0.0321113 905.439
16 1204   -0.00263718 -0.0286598 935.137
16 1207   0.00386643 -0.0336344 694.446
16 1208   0.000232864 -0.0336344 796.238
16 1211   -0.00269401 0.0129589 953.755
16 1212   -0.00394608 0.0126547 937.531
16 1213   -0.00354606 0.0133171 940.267
16 1215   -0.00342343 0.0122432 953.201
16 1216   -0.00276462 0.0123501 951.762
16 1300   -0.0222526 0.0247236 961.451
16 1301   -0.0209993 0.0297236 965.835
16 1302   -0.0144774 0.0241709 955.279
16 1303   -0.0137454 0.0291709 968.042
16 1304   -0.0162011 0.0322236 969.026
16 1306   -0.0197418 0.0222236 960.087
16 1307   -0.016631 0.0222236 957.167
16 1327   -0.0390399 -0.0336507 939.791
16 1328   -0.0373232 -0.0294779 968.848
16 1329   -0.035821 -0.0321764 966.931
16 1330   -0.020889 -0.0297269 965.566
16 1331   -0.0220676 -0.0247269 961.253
16 1332   -0.0161381 -0.0322269 968.901
16 1333   -0.0136029 -0.0291807 967.917
16 1334   -0.0141881 -0.0241807 953.786
16 1335   -0.0163131 -0.0222269 956.176
16 1336   -0.0194908 -0.0222269 959.775
16 1350   -0.0505626 -0.0249874 904.414
16 1351   -0.0490974 -0.0299013 765.854
16 1352   -0.0510348 -0.032543 684.058
16 1371   -0.000646738 0.0270574 926.681
16 1372   -0.000621049 0.0335112 826.956
16 1373   -0.00389409 0.0285085 948.329
16 1374   -0.00379557 0.0319849 915.792
16 1379   0.00411205 0.0118864 963.938
16 1380   0.00424511 0.0118167 968.872
16 1404   0.00348383 0.0121797 963.913
16 1405   0.00375148 0.01234 961.728
16 1406   0.00401325 0.0122119 960.294
16 1407   0.00396097 0.0120167 957.365
16 1410   0.00376061 0.0119714 954.092
16 1411   0.00354524 0.0120064 962.798
16 1412   0.00600633 0.0110701 819.971
16 1414   0.00548284 0.0112131 877.473
16 1415   0.00582853 0.0113194 871.841
16 1467   -0.0511397 0.0177504 968.396
16 1468   -0.0457979 0.0168084 958.968
16 1469   -0.0485185 0.0154688 965.601
16 1470   -0.0497794 0.0205008 960.39
16 1471   -0.0470588 0.0197599 968.14
16 1482   -0.000453391 -0.0128038 965.735
16 1483   -0.000860211 -0.0127377 956.016
16 1485   -0.00139126 -0.0130995 964.987
16 1486   -0.00175151 -0.0126637 962.81
16 1494   -0.0315154 0.0335291 969.412
16 1495   -0.0281665 0.0310291 966.849
16 1496   -0.029598 0.0280872 962.785
16 1497   -0.0348147 0.0322115 967.91
16 1498   -0.0333717 0.0277987 961.68
16 1499   -0.0352395 0.029423 968.635
16 1530   -0.0511074 -0.0172528 969.034
16 1531   -0.0483223 -0.018253 967.94
16 1532   -0.0499363 -0.0144619 965.682
16 1533   -0.0473726 -0.0139238 958.146
16 1534   -0.0457587 -0.0159622 955.203
16 1548   0.00576006 0.0249817 873.845
16 1549   0.00568723 0.0326531 682.426
16 1550   0.00300449 0.0311643 737.555
16 1551   0.00307732 0.0281868 836.628
16 1559   0.00568322 -0.0295377 724.772
16 1560   0.00568322 -0.0322688 685.191
16 1589   -0.0411461 -0.0323015 920.939
16 1590   -0.0399383 -0.029603 957.513
16 1591   -0.0455631 -0.0310091 845.217
16 1592   -0.0445701 -0.0336507 819.72
16 1593   -0.0440632 -0.0255057 960.383
16 1594   -0.0418625 -0.0254489 967.061
16 1595   -0.0439906 -0.028339 928.851
16 1596   -0.0417898 -0.0282821 955.001
16 1632   -0.00494063 -0.0114756 956.509
16 1633   -0.00484659 -0.011631 963.131
16 1634   -0.00469543 -0.0115756 969.485
52 324   0.00733346 0.000688038 925.002
52 325   0.00123845 -0.00471999 967.737
52 326   0.00128592 0.00461384 967.953
52 327   0.00133494 -0.00236658 963.995
52 328   -0.00277363 0.00233921 962.34
52 329   -0.00074278 0.0011417 963.144
52 330   -0.00478875 -0.00118584 951.506
52 331   0.00333479 -0.00129001 959.122
52 332   -0.000741589 -0.00116803 963.08
52 333   -0.00473327 0.00118729 954.532
52 334   0.00322191 0.0009802 958.313
52 335   0.00122086 0.00221337 963.704
52 336   0.00739543 -0.00130393 934.308
52 337   -0.00872086 -0.000743257 911.294
52 338   0.00504967 0.00197402 949.275
52 339   -0.000729849 -0.00559663 969.248
52 340   0.00300474 -0.00575429 968.061
52 341   0.00522452 -0.00228816 954.757
52 342   0.00310091 0.00544467 968.221
52 343   0.00486362 0.00403801 956.097
52 344   -0.000621939 0.00803362 968.76
52 345   0.00645828 0.00500606 939.044
52 346   0.00876727 0.00172792 905.808
52 347   -0.00590645 -0.00543219 950.799
52 348   0.00309427 -0.00761759 969.556
52 349   0.00867693 -0.00261614 944.34
52 350   -0.00806177 0.001108 927.596
52 351   -0.00634079 0.00206504 949.732
52 352   0.00204911 -0.00875793 968.46
52 353   -0.00889034 0.00246959 942.783
52 354   -0.00100463 -0.00722036 968.491
52 355   0.00489135 -0.00790488 969.411
52 356   0.000798355 0.00894627 963.622
52 357   0.00545603 -0.00386066 958.901
52 358   -0.00599656 0.00489947 960.082
52 359   0.00466117 -0.0050136 964.173
52 360   -0.000359685 -0.0084991 965.777
52 361   -0.00656845 0.0036394 956.112
52 362   0.00328495 0.00707342 965.265
52 363   0.000636227 -0.00905 967.427
52 364   -0.00193034 0.00897594 968.538
52 365   -0.00248724 -0.00764159 958.991
52 366   0.00191997 0.00881733 953.783
52 367   0.00594406 -0.00696849 966.592
52 368   -0.00799844 0.0038445 960.492
52 369   -0.00150366 0.0104534 967.982
52 370   0.00691652 -0.0043521 955.546
52 371   -0.0030353 0.00896077 968.076
52 372   0.00580341 -0.00594052 963.034
52 373   0.00265502 0.0081706 948.548
52 374   0.00796651 -0.00409181 959.841
52 375   -0.00248943 0.0110538 962.537
52 376   -0.0014812 -0.00938228 955.585
52 377   -0.00696389 0.00585336 955.352
52 378   -0.00246696 -0.00882702 942.341
52 379   -0.00479338 0.00969706 961.214
52 380   -0.00691156 0.00686696 959.441
52 381   0.00689904 -0.00545541 955.02
52 382   0.00711549 -0.00726786 958.917
52 383   0.00884744 -0.00497181 944.405
52 384   0.00747669 -0.00806442 964.79
52 385   -0.00834694 0.00481145 956.307
52 386   -0.00560191 0.00984637 950.799
52 387   0.00773223 -0.00592725 941.946
52 388   -0.00788428 0.00556024 943.699
52 389   0.00354086 0.00898418 904.794
52 390   0.00863064 -0.00570394 920.408
52 391   0.00780803 -0.00671173 937.583
52 392   0.00229795 0.00995819 947.519
52 393   -0.00776452 0.00714134 943.246
52 394   -0.00309075 -0.00932161 920.15
52 395   -0.00796258 0.00782209 949.357
52 396   0.00347235 0.00974265 902.35
52 397   -0.00372462 -0.00928043 888.965
52 398   -0.009077 0.0050211 943.236
52 399   -0.00870163 0.00766171 909.035
52 400   0.00296449 0.0100699 933.799
52 401   -0.00840174 0.0061238 920.573
52 402   -0.00298168 -0.0100765 929.641
52 403   -0.00833431 0.00669129 917.053
52 404   0.00823396 -0.00808936 948.108
52 405   0.00847522 -0.00689672 910.067
52 406   0.00912215 -0.00617116 887.634
52 407   0.00863959 -0.00766936 912.974
52 408   0.00872116 -0.00729016 899.114
52 409   -0.00386958 -0.00996221 875.293
52 410   0.00391323 0.0101424 875.521
52 411   -0.00348773 -0.0102964 909.672
52 412   0.0043104 0.0101483 836.37
52 413   0.0045484 0.00991519 829.509
52 414   -0.00912004 0.0056397 913.452
52 415   0.00889093 -0.00657946 887.598
52 416   -0.00890744 0.0059936 906.439
52 417   -0.00460731 -0.00991781 823.249
52 418   -0.00879624 0.00687497 893.824
52 419   -0.00357682 -0.0107006 925.409
52 420   -0.00896551 0.00716463 870.249
52 421   0.00382981 0.0105991 890.642
52 422   -0.00416961 -0.0101674 848.373
52 423   0.0091547 -0.00713194 835.409
52 424   -0.00917488 0.00628575 877.702
52 425   0.0095492 -0.00612675 846.936
52 426   -0.00442454 -0.0101553 824.261
52 427   0.00919764 -0.00678711 826.694
52 428   -0.00390332 -0.0107906 888.652
52 429   -0.00945944 0.00616722 860.815
52 430   -0.00908972 0.00669077 861.398
52 431   -0.00931388 0.00705416 785.928
52 432   0.00440754 0.010533 806.371
52 433   -0.0091996 0.00651657 851.649
52 434   0.00408357 0.0107728 851.363
52 435   0.00936825 -0.00720556 776.109
52 436   -0.00416127 -0.0105107 838.012
52 437   -0.00408778 -0.0106899 843.474
52 438   -0.00394652 -0.0110552 909.776
52 439   -0.00451584 -0.0105213 789.932
52 440   -0.00951525 0.00706854 727.634
52 441   0.00956746 -0.00639573 789.862
52 442   0.00410688 0.0110097 844.059
52 443   0.00942169 -0.00671278 764.378
52 444   -0.00438039 -0.0106156 796.105
52 445   0.00426413 0.0107008 809.867
52 446   -0.00929582 0.00683758 796.218
52 447   0.00401504 0.0111282 913.822
52 448   -0.00944606 0.00658562 781.156
52 449   -0.00384414 -0.0111722 960.712
52 450   0.00951077 -0.00656768 762.038
52 451   -0.00945956 0.00675048 753.12
52 452   0.00974021 -0.00641576 765.676
52 453   -0.00424488 -0.0108441 796.592
52 454   -0.0041215 -0.0111227 850.009
52 455   -0.00439153 -0.0107859 769.963
52 456   0.00426999 0.0110535 737.633
52 457   0.0045529 0.010603 780.077
52 458   -0.00959129 0.00679313 715.248
52 459   -0.00422068 -0.0110638 770.939
52 460   0.00966121 -0.00664555 718.473
52 461   -0.00962892 0.00689461 703.493
52 462   -0.00426779 -0.0109676 766.754
52 463   0.00975247 -0.00658666 721.375
52 464   0.00435222 0.0108482 771.36
52 465   0.00450047 0.0107744 755.84
52 466   -0.00447279 -0.0108688 723.283
52 467   0.00433477 0.010964 734.012
52 468   -0.0096904 0.00672161 707.621
52 469   0.0044432 0.0108519 743.57
52 470   -0.00438495 -0.0110059 631.262
52 471   0.00983577 -0.00664988 706.696
52 472   -0.00974746 0.00687625 687.26
52 473   0.00431897 0.0111419 531.346
52 474   -0.0043051 -0.0111411 593.34
52 475   -0.00444331 -0.0109652 640.288
52 476   0.00445896 0.0109578 651.022
52 477   0.00441217 0.0110121 594.96
52 478   -0.00976873 0.00675354 695.047
52 479   -0.00978816 0.0068067 685.825
52 480   -0.00439703 -0.0110756 440.694
52 481   0.00442766 0.0110713 365.983
52 482   -0.00436428 -0.0111147 412.198
52 483   -0.00984454 0.00680421 679.122
52 484   -0.00439988 -0.0111449 83.1661
52 485   -0.00991296 0.00675836 930.533
52 538   -0.00643726 -0.0066705 955.445
52 545   -0.000344607 0.00534389 968.845
52 546   -0.00102617 0.00660947 969.579
52 547   -0.00244051 0.00414092 965.863
52 548   -0.00482915 0.00511211 964.336
52 549   -0.0034604 0.004776 965.914
52 550   -0.00278375 0.00603701 968.709
52 551   -0.00466647 0.00622478 967.367
52 552   -0.00363851 0.00652146 968.869
52 553   -0.00454637 0.00841842 968.687
52 554   -0.00366013 0.00792815 969.454
52 555   -0.00622468 0.00727087 967.213
52 556   -0.00528525 0.00695207 968.224
52 557   -0.00514353 0.00773902 969.564
52 558   -0.00636654 0.00789791 969.283
52 559   -0.00579938 0.00821772 969.18
52 560   -0.00601006 0.009344 949.228
52 561   -0.00601142 0.00874886 963.841
52 562   -0.00681567 0.00825656 969.406
52 563   -0.00653141 0.00871403 962.254
52 564   -0.00748789 0.00829983 967.981
52 565   -0.00767712 0.00870988 967.536
52 566   -0.00678632 0.00900509 943.007
52 567   -0.00725982 0.00895767 942.214
52 568   -0.00643001 0.0095614 927.006
52 569   -0.00668628 0.00925731 924.683
52 570   -0.00696037 0.00941678 881.81
52 571   -0.00656671 0.00978991 916.966
52 572   -0.00684149 0.00965181 896.986
52 578   0.00639676 0.00647634 952.98
52 627   0.00240712 0.0112515 966.837
52 630   0.0030034 0.0106323 950.642
52 631   0.00293652 0.0113035 969.444
52 632   0.00271989 0.0110196 965.944
52 633   0.00319681 0.0111103 968.924
52 634   0.0035859 0.0107555 934.542
52 635   0.00326978 0.010768 952.422
52 637   0.00342257 0.0112272 968.872
52 638   0.00381551 0.0111708 961.739
52 639   0.00363037 0.0110728 962.322
52 669   -0.00069493 0.0107464 968.033
52 670   0.000298679 0.0101816 963.427
52 671   -0.000679541 0.0114753 969.53
52 741   0.000810872 0.0106281 959.443
52 742   0.00186101 0.0110777 959.371
52 743   0.00168853 0.0105337 956.57
52 745   0.00140723 0.0115048 951.119
52 793   -0.00443895 -0.0110887 261.851
52 797   0.00983598 -0.00671776 693.981
52 798   0.0095009 -0.00686969 729.309
52 799   0.00961315 -0.00701342 707.357
52 800   0.0094904 -0.00701765 732.002
52 801   0.00966533 -0.00674848 704.491
52 802   0.0095941 -0.00682752 709.889
52 803   0.0096532 -0.00690341 699.294
52 804   0.00972779 -0.00678661 693.537
52 805   0.00978377 -0.00686392 682.333
52 806   0.00971794 -0.00686354 690.961
52 807   0.00980423 -0.0067431 689.816
52 808   0.00977521 -0.00677223 688.809
52 809   0.00980164 -0.0068116 681.848
52 810   0.0098287 -0.0067678 684.073
52 811   0.0098326 -0.00679713 679.479
52 812   0.00986976 -0.00673283 691.813
52 813   0.00985447 -0.00675826 684.587
52 815   0.00986032 -0.00680224 675.569
52 819   -0.00951542 0.00594905 887.09
52 820   -0.00944346 0.00571368 904.064
52 828   -0.0096378 0.00627277 824.857
52 831   -0.00955372 0.0065106 772.7
52 832   -0.00974464 0.00642162 781.014
52 833   -0.00961211 0.00638938 797.36
52 834   -0.00972183 0.00651048 755.282
52 835   -0.0096895 0.00664256 721.889
52 836   -0.00964316 0.00656533 746.02
52 839   -0.00982325 0.00655986 741.953
52 840   -0.00977109 0.00655268 742.078
52 841   -0.00975117 0.00661378 724.107
52 842   -0.00985298 0.00663851 721.106
52 843   -0.00978883 0.00663668 717.384
52 844   -0.00981783 0.00660525 727.588
52 845   -0.00981004 0.00671222 700.204
52 846   -0.00984302 0.00666906 711.431
52 847   -0.00980495 0.00667082 709.001
52 848   -0.00985735 0.00669674 706.409
52 849   -0.00983886 0.00672419 697.991
52 850   -0.00985781 0.00677569 683.957
52 851   -0.00985253 0.00674971 691.906
52 853   -0.00987873 0.0067813 681.172
52 886   0.00443647 0.0111467 2.99869
52 888   0.00442612 0.0111489 4.80524
52 950   -9.93796e-05 0.0113681 966.968
52 951   0.000397425 0.0110857 959.987
52 954   0.000242034 0.0117754 946.295
52 955   -9.16854e-05 0.0117325 968.715
52 956   -0.00719712 0.00939307 844.958
52 957   -0.00739652 0.00918619 900.917
52 975   0.00701024 -0.00896095 922.765
52 976   0.0072993 -0.00866164 965.723
52 979   0.00272266 -0.00984985 965.927
52 980   0.000335497 -0.0103224 965.629
52 981   0.00133416 -0.0114565 969.398
52 982   0.000853148 -0.0105991 967.695
52 983   0.000602349 -0.0112295 968.937
52 984   0.00209528 -0.0103841 966.033
52 985   0.00172741 -0.0111068 968.338
52 986   0.00144252 -0.0105454 967.737
52 987   0.00305328 -0.0109698 953.494
52 988   0.0025014 -0.0107418 963.951
52 989   0.00225893 -0.0111493 966.079
52 991   0.00301554 -0.011351 948.097
52 992   0.0026061 -0.0114037 963.124
52 1107   0.00440202 0.0110953 392.067
52 1108   0.00440082 0.0111402 89.3734
52 1109   0.00442454 0.0111204 67.8947
52 1110   0.00441337 0.0111359 56.2293
52 1111   0.00438049 0.0111131 356.84
52 1112   0.00439046 0.0111424 135.42
52 1127   0.00445142 0.00711706 961.907
52 1128   0.00537204 0.00789761 938.635
52 1129   0.00581759 0.00749724 969.176
52 1130   0.0054165 0.00685673 968.775
52 1131   0.00408934 0.00865768 886.272
52 1132   0.00436997 0.00788774 922.741
52 1133   0.0048895 0.00802778 877.226
52 1134   0.00467461 0.00950239 833.341
52 1136   0.0045442 0.00900927 843.144
52 1137   0.00491399 0.00865968 807.213
52 1151   0.00662564 -0.00923117 929.617
52 1153   0.0061455 -0.00947229 944.104
52 1154   0.00526073 -0.00919224 962.023
52 1157   0.0047843 -0.0101106 957.348
52 1160   0.00358156 -0.0110003 943.809
52 1163   0.00430416 -0.0103517 960.56
52 1164   0.00365705 -0.010238 960.834
52 1169   -0.00629197 -0.00227241 938.569
52 1170   -0.00781877 -0.00204628 915.373
52 1171   -0.0067224 -0.00432699 933.113
52 1172   -0.00852442 -0.00356882 908.206
52 1173   -0.00797398 -0.00463289 919.747
52 1179   -0.00140564 -0.010233 956.053
52 1181   -0.00161028 -0.0114313 955.459
52 1219   -0.00367538 -0.0112081 968.59
52 1220   -0.00329506 -0.0111389 967.799
52 1221   -0.00345127 -0.0110011 962.232
52 1222   -0.00191256 -0.0110796 959.856
52 1223   -0.00258203 -0.0104018 949.38
52 1224   -0.00198263 -0.0104636 954.194
52 1226   -0.00236733 -0.0113033 966.567
52 1227   -0.00302196 -0.011197 968.731
52 1228   -0.00268943 -0.0109802 964.204
52 1241   -0.00212047 -0.00231424 963.07
52 1242   -0.00353537 -0.00237306 959.387
52 1243   -0.00201224 -0.00438942 967.395
52 1244   -0.00304714 -0.00492961 967.418
52 1245   -0.00455009 -0.00507561 963.802
52 1246   -0.00389519 -0.00405406 962.163
52 1247   -0.00317707 -0.00701054 964.383
52 1248   -0.00330429 -0.00589287 969.429
52 1249   -0.00409979 -0.00600945 969.237
52 1250   -0.00374523 -0.00743058 953.616
52 1251   -0.0041999 -0.00682368 968.193
52 1252   -0.00402998 -0.00883979 881.037
52 1253   -0.00398454 -0.00811559 915.015
52 1255   -0.00488279 -0.00869261 810.116
52 1256   -0.00474053 -0.00948209 828.197
52 1257   -0.00456308 -0.00907371 839.647
52 1262   -0.00034814 -0.0106396 961.801
52 1263   -0.000821563 -0.010605 958.827
52 1264   -0.000342973 -0.0112813 954.839
52 1265   -0.000813812 -0.0115676 933.909
52 1266   -0.00109628 -0.0111872 952.316
52 1268   -0.000103678 -0.0116194 955.668
52 1269   0.000283407 -0.0115696 968.996
52 1293   0.000990124 0.0114486 945.185
52 1294   0.000490436 0.0116342 937.66
52 1295   0.000653521 0.0113089 952.523
52 1298   0.000951702 0.0117472 928.554
52 1299   0.000702376 0.0118005 907.686
52 1383   -0.00547725 -0.00714797 969.263
52 1384   -0.00466655 -0.00720524 964.132
52 1385   -0.00487328 -0.00817506 857.338
52 1386   -0.00450813 -0.00783196 923.057
52 1388   -0.0053923 -0.00799469 930.996
52 1389   -0.00583784 -0.00759433 968.268
52 1509   0.00780292 0.00451399 919.771
52 1510   0.00835336 0.00344992 908.622
52 1513   -0.00420749 0.0102908 960.798
52 1514   -0.00321646 0.0106604 957.501
52 1515   -0.00333565 0.0100448 963.531
52 1517   -0.00382818 0.0110371 945.001
52 1518   -0.00434842 0.0107756 959.097
52 1619   0.00989015 -0.00673231 694.861
52 1622   0.00990768 -0.00675784 706.312
52 1623   0.00989542 -0.00675312 692.727
52 1624   -0.00443443 -0.0111443 5.72238
52 1627   -0.00442463 -0.011132 41.4272
52 1628   -0.00443096 -0.0111149 113.294
52 1660   0.00988727 -0.00676599 683.639
52 1661   0.00986865 -0.00678527 677.478
52 1662   0.0098667 -0.00677061 681.324
52 1664   0.00989388 -0.00677583 679.413
52 1665   0.00988457 -0.00678547 676.112
52 1722   -0.00988026 0.00670854 707.396
52 1725   -0.00989651 0.00673972 706.888
52 1726   -0.00987027 0.00674181 696.868
52 1727   -0.00987951 0.00672808 703.449
52 1728   -0.00988389 0.00676748 689.084
52 1729   -0.00989383 0.00675292 712.728
52 1730   -0.00988071 0.00675397 695.853
52 1732   -0.00990786 0.00676365 827.804
52 1735   -0.0098949 0.00677081 690.383
52 1736   -0.00990021 0.00676312 735.821
end
