548
16 1   -0.0449783 0.00325764 838.435
16 2   -0.0451575 -0.00292446 838.216
16 3   -0.0499783 0.00825745 815.573
16 4   -0.0399783 0.00825763 857.243
16 5   0.00212243 -0.0234057 694.49
16 6   -0.0477784 -0.0217784 717.677
16 7   -0.0397976 -0.0323017 698.773
16 8   -0.036088 -0.0293532 738.329
16 9   -0.0321921 -0.0320515 745.211
16 10   -0.0322466 0.0320582 745.341
16 11   -0.0411398 -0.0064496 848.807
16 12   -0.00179323 0.0291779 691.452
16 13   -0.0434985 -0.0296601 690.249
16 14   0.00343365 0.0222428 698.854
16 15   -0.000348448 0.0237789 704.042
16 16   -0.0497151 -0.0177533 747.784
16 17   0.00551249 -0.0215245 694.363
16 18   -0.0384823 -0.0071418 859.166
16 19   -0.0058115 -0.0146276 841.144
16 20   0.00657774 0.0142865 802.399
16 21   -0.00700531 -0.0138403 880.472
16 441   -0.00500621 0.0130045 744.703
16 442   -0.0061886 0.0140517 792.248
16 443   -0.00572642 0.0117626 766.022
16 444   -0.00690881 0.0111431 846.83
16 445   0.00572642 -0.012111 775.881
16 450   -0.00675797 -0.0126964 888.565
16 451   -0.00725266 -0.0121814 903.828
16 452   -0.00694404 -0.0116388 910.881
16 453   -0.00632682 -0.0114744 897.053
16 455   -0.00658194 -0.010725 923.227
16 456   -0.00616527 -0.0109433 899.986
16 462   -0.00719139 -0.0111374 935.946
16 463   -0.00699083 -0.0107546 948.659
16 471   -0.0443186 -0.0225102 741.472
16 472   -0.0429688 -0.0254779 717.889
16 488   -0.0497796 0.0184202 740.845
16 490   -0.0473151 0.0259432 692.86
16 491   -0.0511398 0.0239921 695.451
16 492   -0.0484193 0.0211706 720.251
16 493   -0.0440425 0.0244677 717.556
16 494   -0.0451468 0.0217756 737.991
16 499   -0.0355412 0.0307407 731.614
16 500   -0.0410145 0.0310475 696.364
16 501   -0.0392025 0.0336825 698.774
16 502   -0.0359698 0.0279523 754.423
16 503   -0.0387365 0.0282591 725.703
16 511   -0.0138424 -0.0319885 741.268
16 514   -0.01 -0.0304827 727.273
16 515   -0.00732616 -0.0334942 704.41
16 516   -0.00862571 -0.0273545 739.358
16 517   -0.00570873 -0.0271211 717.377
16 522   -0.00137133 -0.0208197 723.889
16 523   -0.00207054 0.0212221 735.921
16 527   -0.0359058 -0.025379 815.752
16 528   -0.0345639 -0.0210258 906.559
16 529   -0.0329242 -0.0230773 866.5
16 541   -0.00492289 0.0302309 701.481
16 542   -0.00736613 0.0334103 705.859
16 543   -0.0101423 0.0304091 729.785
16 544   -0.00638351 0.0271406 724.647
16 545   -0.00901469 0.0273188 743.928
16 550   -0.0142501 -0.0219885 818.474
16 649   -0.00269679 -0.0169798 750.77
16 650   -0.000878118 -0.017954 726.957
16 651   -0.00235612 -0.0152427 728.944
16 652   -0.0046234 -0.013916 783.86
16 653   -0.00327117 -0.0141976 733.548
16 654   -0.00497868 -0.0129916 798.775
16 655   -0.00429098 -0.0126082 751.529
16 656   -0.00591944 -0.0125594 861.35
16 657   -0.00579689 -0.0118799 864.743
16 660   -0.00514443 -0.011606 815.726
16 661   -0.00457927 -0.0119021 770.465
16 668   -0.0471585 0.0161381 781.313
16 669   -0.0473572 0.013056 801.089
16 670   -0.0423572 0.013056 855.509
16 671   -0.0386398 0.0173365 909.57
16 672   -0.0432983 0.0168079 840.491
16 673   -0.0410187 0.0154683 877.145
16 678   0.00611661 0.0131755 838.519
16 679   0.00703887 0.0125524 880.994
16 680   0.00562671 0.0119515 870.958
16 681   0.0045736 0.0125732 814.992
16 682   0.00529485 0.012842 830.814
16 684   0.00520144 0.0115277 866.569
16 685   0.00460946 0.0118378 837.159
16 688   -0.0505632 -0.0249875 691.283
16 716   0.00562595 0.0252841 684.021
16 836   0.00690881 -0.0120824 810.408
16 851   0.00615326 0.0116407 893.69
16 852   0.00674367 0.011908 898.425
16 854   0.0073524 0.0109704 949.805
16 855   0.0073524 0.0113169 928.871
16 856   0.0070572 0.0113564 919.95
16 860   0.00622147 0.0109583 908.446
16 863   0.00678693 0.0110509 927.087
16 864   0.00654161 0.0109202 920.491
16 865   0.00664136 0.0105795 938.712
16 866   0.00718087 0.0107864 956.143
16 867   0.00686276 0.0105932 951.995
16 868   0.00691061 0.0108274 943.307
16 871   0.00732847 0.0105649 968.545
16 872   -0.0370403 -0.0219475 927.706
16 873   -0.0379057 -0.0242492 843.234
16 874   -0.0402658 -0.0240413 799.095
16 878   0.00740228 0.0101663 805.708
16 881   0.00723075 0.0103859 955.901
16 882   0.0070353 0.0103731 967.864
16 887   -0.00729944 -0.010471 968.067
16 892   -0.00719916 -0.0102796 955.954
16 893   -0.00739972 -0.0101745 819.094
16 899   -0.0411624 0.0249992 748.244
16 900   -0.0392269 0.0261919 752.804
16 923   0.00640385 0.018084 723.817
16 924   0.00421156 0.019019 714.394
16 925   0.00548159 0.015666 758.152
16 926   0.00241349 0.0170512 727.492
16 927   0.00368352 0.0153167 745.538
16 928   -0.00122888 0.0183111 737.646
16 929   0.000569191 0.0168274 726.957
16 930   -0.00184926 0.0153329 724.05
16 931   4.12609e-05 0.0154312 722.474
16 932   0.000481705 0.0140216 715.43
16 934   -0.00087903 0.0130979 699.911
16 935   -0.00316502 0.0128976 702.938
16 936   -0.00206763 0.0138163 709.038
16 942   0.00451873 -0.0178627 709.14
16 943   0.00532386 -0.013747 741.907
16 944   0.000371882 -0.016704 715.666
16 945   0.00227497 -0.0164271 712.844
16 946   -0.000793696 -0.0152787 714.02
16 947   -0.000396848 -0.0138893 703.496
16 948   0.00104317 -0.0138004 706.168
16 949   0.00361079 -0.0137608 719.402
16 950   0.00254942 -0.0149128 713.575
16 952   0.00144574 -0.0127553 705.232
16 953   0.00276335 -0.0125415 707.254
16 959   -0.0400734 0.0190142 913.412
16 960   -0.0423529 0.0186871 858.08
16 961   -0.0429406 0.0207029 802.791
16 962   -0.0396933 0.0216263 899.033
16 963   -0.0414207 0.0226453 812.882
16 975   -0.0510349 0.0324945 670.191
16 978   -0.0472102 0.0298595 679.456
16 979   -0.0442801 0.032365 681.433
16 980   -0.0054872 0.0207108 878.159
16 981   -0.0042693 0.0225314 771.672
16 982   -0.00577085 0.0246406 755.328
16 983   -0.00493364 -0.0245044 741.056
16 984   -0.00518879 -0.0205658 869.44
16 985   -0.00357884 -0.0223208 753.612
16 995   -0.0461681 -0.0323585 675.944
16 998   -0.051035 -0.032543 670.091
16 999   -0.0490982 -0.0299015 675.93
16 1010   0.000170339 0.0323573 680.356
16 1012   0.00568146 0.0326423 669.967
16 1013   0.00380741 0.0299996 675.162
16 1021   0.00229334 -0.0276664 681.832
16 1022   0.0056834 -0.0309113 671.165
16 1023   -0.00291992 -0.0321313 689.037
16 1024   -0.00267678 -0.0288864 693.991
16 1027   0.0038668 -0.0336371 671.462
16 1028   0.000233596 -0.0336371 678.66
16 1036   -0.0501575 -0.00542465 825.596
16 1039   -0.0485439 -0.0149629 781.314
16 1040   -0.0489863 -0.00938699 814.932
16 1041   -0.0513288 -0.0114623 798.232
16 1042   -0.0435761 -0.0109124 840.259
16 1043   -0.0464226 -0.0113496 816.929
16 1044   -0.0459802 -0.0144255 804.715
16 1045   -0.0421368 -0.0127191 854.336
16 1046   -0.0433696 -0.0151945 840.036
16 1047   -0.0397004 -0.0118733 868.859
16 1048   -0.0387182 -0.0133482 879.791
16 1049   -0.0423629 -0.0198187 841.023
16 1050   -0.0420409 -0.0170655 865.301
16 1051   -0.0389678 -0.0205887 934.827
16 1052   -0.040508 -0.0214065 882.76
16 1053   -0.0386076 -0.0180003 918.87
16 1054   -0.0398257 -0.0160649 891.951
16 1063   -0.00548667 0.0156186 796.396
16 1064   -0.00679807 0.0174002 874.771
16 1065   -0.00539422 0.0188674 874.965
16 1066   -0.00342711 0.0161949 754.946
16 1067   -0.00333466 0.0177771 773.011
16 1090   -0.0345932 0.0210291 905.181
16 1091   -0.0330018 0.0230874 867.725
16 1092   -0.0349048 0.025299 824.953
16 1093   -0.037464 0.0226444 907.339
16 1094   -0.0372559 0.024856 826.576
16 1124   0.00690881 -0.0106052 885.274
16 1125   0.00690881 -0.0111961 852.461
16 1127   0.00650624 -0.015322 730.826
16 1128   0.00650624 -0.0173475 712.217
16 1157   -0.0100963 -0.0209942 884.614
16 1158   -0.0114033 -0.0229827 831.063
16 1159   -0.00930911 -0.0248545 790.869
16 1160   -0.00734855 -0.0218718 901.15
16 1161   -0.0071971 -0.0237436 814.669
16 1179   -0.00674688 -0.017678 895.742
16 1180   -0.00524063 -0.0188103 880.504
16 1181   -0.00555306 -0.0160802 845.89
16 1182   -0.00404682 -0.0172125 797.318
16 1193   -0.0243235 0.0325 764.139
16 1194   -0.0289184 0.0295582 771.848
16 1195   -0.0265196 0.0225 823.973
16 1196   -0.0298327 0.0245582 825.85
16 1202   -0.0223549 0.0247494 797.373
16 1203   -0.0210729 0.0297494 771.697
16 1204   -0.0148675 0.0242481 800.57
16 1205   -0.0162631 0.0322494 751.302
16 1206   -0.0138628 0.0292481 754.59
16 1208   -0.017117 0.0222494 806.786
16 1209   -0.0199825 0.0222494 805.134
16 1213   -0.0013119 -0.0128442 696.868
16 1214   -0.0026238 -0.0131884 709.247
16 1215   -0.00328832 -0.0125235 706.941
16 1226   -0.0118499 0.0229981 827.284
16 1227   -0.0104367 0.0209994 878.286
16 1228   -0.00971762 0.0249078 792.609
16 1229   -0.00759769 0.0219097 901.362
16 1230   -0.00769538 0.0238194 819.525
16 1234   -0.0242955 -0.0325 763.14
16 1235   -0.0288433 -0.0295515 771.884
16 1236   -0.0220717 -0.0225 807.007
16 1237   -0.0297577 -0.0245515 825.184
16 1238   -0.0264552 -0.0225 823.518
16 1239   -0.0183209 -0.0244885 795.891
16 1240   -0.0186331 -0.0294885 766.854
16 1301   0.00136073 0.0132098 720.781
16 1302   0.00355416 0.0125458 756.053
16 1303   0.00293847 0.0135763 743.777
52 273   0.00946646 0.00156032 689.413
52 274   0.00723859 0.000953542 693.569
52 275   0.00538979 0.00235969 697.83
52 276   -0.000766028 -0.00537251 703.137
52 277   0.00127013 -0.00430532 702.568
52 278   0.0014123 0.00448481 702.109
52 279   -0.000592083 0.00547919 703.895
52 280   -0.00267301 0.00225112 700.372
52 281   0.00131848 0.00225712 700.701
52 282   0.00326351 0.00116537 699.047
52 283   -0.000684465 -0.00101833 700.546
52 284   -0.000669395 0.00115973 700.606
52 285   0.00124786 -0.00205858 700.694
52 286   -0.00268953 0.00434288 702.639
52 287   0.00320797 -0.000972269 698.882
52 288   -0.00454217 0.00115889 697.981
52 289   0.0108498 -0.000381115 685.916
52 290   -0.00446644 -0.00100272 698.532
52 291   0.00543065 0.00438076 700.615
52 292   0.00497816 -0.00198324 696.803
52 293   -0.00634119 0.00207955 694.837
52 294   0.00688251 -0.00125175 692.709
52 295   0.00502803 -0.00383018 698.854
52 296   -0.00788986 0.00110589 691.951
52 297   -0.00429542 0.00521233 704.167
52 298   -0.00436863 0.00698912 712.749
52 299   0.00677963 0.00543935 703.81
52 300   -0.00901125 -0.00490599 698.747
52 301   0.00662633 -0.00447222 695.258
52 302   -0.00666093 0.00366304 694.351
52 303   0.0102726 -0.00213423 684.45
52 304   0.00805854 -0.00239751 689.33
52 305   -0.00581766 0.00470063 699.56
52 306   0.00901668 0.0051968 697.858
52 307   -0.0103479 0.00173363 686.428
52 308   -0.00908408 0.00195882 688.954
52 309   0.00796163 0.00547405 704.605
52 310   0.0077525 -0.00377104 689.392
52 311   0.00923687 -0.00254103 686.471
52 312   0.00699982 -0.00561268 698.821
52 313   -0.00680783 0.00570644 700.91
52 314   0.00578184 0.0074238 704.48
52 315   -0.00803816 0.00408841 688.697
52 316   0.0109552 -0.0033554 684.169
52 317   -0.00920334 -0.00619715 705.05
52 318   0.00645982 0.00678755 709.776
52 319   -0.0106866 0.00285734 685.476
52 320   0.00874979 -0.00438677 684.722
52 321   -0.0110155 0.00358472 686.234
52 322   0.00946502 -0.00385376 684.55
52 323   -0.00910275 0.00305789 687.719
52 324   -0.00691756 -0.00698588 718.329
52 325   -0.00877301 0.00373035 687.112
52 326   -0.00779215 0.00556822 689.131
52 327   0.00819898 0.00670586 717.994
52 328   -0.00817921 0.00498778 686.165
52 329   -0.00949489 -0.00674346 710.787
52 330   0.00725817 0.00737172 728.37
52 331   0.00811093 -0.0058591 683.046
52 332   0.0097528 0.00617255 699.977
52 333   0.0100487 -0.00427703 683.59
52 334   0.00887398 -0.00511399 681.676
52 335   -0.00989738 0.00338387 686.341
52 336   0.00781531 0.00725534 733.478
52 337   0.00931822 0.00672771 710.47
52 338   0.00881944 0.00698378 722.325
52 339   -0.00839058 0.00602076 679.132
52 340   0.00856531 -0.00558881 680.594
52 341   -0.00938457 0.00431932 684.687
52 342   -0.00989474 0.004044 685.55
52 343   -0.00886187 0.00523405 681.28
52 344   0.0105032 -0.00418548 684.525
52 345   -0.00735154 -0.00763908 739.301
52 346   -0.00944924 0.00479491 682.84
52 347   -0.0102174 0.00439118 685.372
52 348   -0.00891556 0.00574468 677.824
52 349   0.00880644 0.00755934 745.486
52 350   0.00725438 0.00797161 746.441
52 351   0.00943681 -0.0053353 678.627
52 352   -0.00778718 -0.00769213 754.839
52 353   0.0101079 -0.00489229 682.341
52 354   -0.00926006 0.00511161 681.073
52 355   0.00810998 0.00777779 764.06
52 356   0.00904052 -0.00596328 675.851
52 357   -0.00935771 0.00591844 675.156
52 358   -0.0105489 0.00445844 686.435
52 359   -0.00701233 -0.00828008 749.841
52 360   0.00708584 0.00825767 750.087
52 361   0.00848064 0.00780388 767.477
52 362   -0.00988872 0.00500711 682.669
52 363   0.00975733 -0.00531398 678.965
52 364   -0.00724535 -0.00804439 750.62
52 365   -0.0101467 0.0048787 684.326
52 366   0.00996893 -0.00517492 680.715
52 367   0.00937784 -0.00577057 675.761
52 368   -0.00964253 0.00573994 676.364
52 369   -0.00959856 0.00544374 678.877
52 370   0.00799541 0.0081394 793.326
52 371   -0.0104172 0.00511352 685.711
52 372   -0.00990013 0.00535158 680.767
52 373   0.010485 -0.00501269 683.908
52 374   -0.0106364 0.00495625 687.213
52 375   0.0074024 0.00862277 777.349
52 376   -0.0075588 -0.00826192 776.413
52 377   0.00759756 0.0082153 772.517
52 378   0.00963311 -0.00592846 673.988
52 379   0.00851381 0.00814259 799.684
52 380   0.0078109 0.0082524 793.008
52 381   0.0106673 -0.0048656 684.91
52 382   0.0105217 -0.00532049 684.146
52 383   -0.0104625 0.00539764 686.455
52 384   -0.0101053 0.00553159 681.222
52 385   -0.00992756 0.00588773 675.474
52 386   0.00758356 0.00852583 786.277
52 387   0.00821139 0.00836308 835.456
52 388   -0.0103248 0.00553078 684.937
52 389   0.0107447 -0.00465364 685.146
52 390   0.010223 -0.00544976 680.927
52 391   -0.0100888 0.00577154 678.702
52 392   0.00989385 -0.00564898 676.737
52 393   0.00982861 -0.0058282 674.731
52 394   0.0103987 -0.00547492 683.17
52 395   0.00774822 0.00864024 808.841
52 396   -0.00795535 -0.00854225 847.502
52 397   0.0101931 -0.00563962 679.614
52 398   0.00787424 0.00852037 825.486
52 399   0.00835914 0.00834018 830.997
52 400   0.0100755 -0.00569978 677.376
52 401   0.00818791 0.00856472 873.34
52 402   0.00809033 0.00862073 881.507
52 403   0.00798002 0.00861094 860.979
52 404   0.0101169 -0.00586212 675.705
52 405   -0.010231 0.00585488 680.579
52 406   -0.0103985 0.00570366 687.356
52 407   0.0103097 -0.00575559 681.512
52 408   0.00778788 0.00877215 814.282
52 409   0.0104071 -0.00573302 684.687
52 410   0.0104662 -0.00564222 684.809
52 411   -0.00806233 -0.00862162 880.003
52 412   0.0102243 -0.0059144 676.388
52 413   -0.00815428 -0.00861495 884.799
52 414   0.0102996 -0.00586804 680.485
52 415   -0.0103213 0.00578781 685.778
52 416   0.00789541 0.00876913 847.576
52 417   0.00812358 0.00874409 906.489
52 418   0.00796153 0.00872779 876.032
52 419   -0.00803974 -0.00872415 895.942
52 420   -0.0102438 0.00594352 679.119
52 421   0.0104416 -0.0058211 688.356
52 422   -0.0104803 0.00572382 690.389
52 423   -0.00809721 -0.00876162 910.982
52 424   -0.0104498 0.00580767 692.995
52 425   -0.0103708 0.00585011 689.846
52 426   0.00801807 0.00877342 898.632
52 427   0.00806981 0.00877993 913.467
52 428   0.00792424 0.00882851 854.341
52 429   -0.0104175 0.00584981 694.902
52 430   0.00801267 0.00882437 903.422
52 431   0.00798497 0.00883813 887.848
52 432   -0.0104243 0.00590045 705.593
52 433   0.00804756 0.00884996 927.414
52 434   0.00807221 0.0088759 48.4777
52 435   0.0104199 -0.00594704 927.878
52 466   0.00234783 0.0080533 705.874
52 467   0.00470303 0.00738862 699.893
52 468   0.00278717 0.00590857 702.54
52 469   0.00403204 0.00569379 701.753
52 470   0.00306035 0.00883756 707.792
52 473   0.00553477 -0.00723309 729.096
52 474   -0.000643268 -0.00704699 704.67
52 475   -0.00176681 -0.00809138 705.315
52 476   -0.000269244 -0.00929814 705.055
52 477   -0.00288375 -0.00838863 706.507
52 518   -0.00559007 0.00738526 732.295
52 519   -0.00650704 0.00661428 714.914
52 524   0.00389309 0.00850014 702.352
52 552   -0.00141155 0.00817952 707.59
52 553   -0.00037122 0.00714203 705.568
52 554   0.000153497 0.00932987 705.336
52 555   0.00119382 0.00829239 705.629
52 556   -0.00249687 0.00849976 711.711
52 557   -0.00362719 0.00810276 710.681
52 576   0.00453455 -0.00674709 711.929
52 577   0.00261738 -0.00526177 704.102
52 578   0.00394281 -0.00487013 703.145
52 579   0.00357754 -0.00757715 710.309
52 580   0.00237308 -0.00690148 706.928
52 581   0.00114859 -0.0076195 706.574
52 582   0.00122273 -0.00869217 707.842
52 583   0.0024238 -0.00904414 713.376
52 584   0.00355412 -0.00864715 710.28
52 632   -0.0037165 -0.00805121 701.897
52 633   -0.00197955 -0.00210067 700.663
52 634   -0.00324517 -0.00207643 700.113
52 635   -0.00208337 -0.00420811 701.836
52 636   -0.00482892 -0.00461201 701.82
52 637   -0.00308563 -0.00470509 701.87
52 638   -0.00361235 -0.00366265 701.005
52 639   -0.00374696 -0.00569492 702.191
52 640   -0.00485743 -0.00561397 702.832
52 641   -0.0048269 -0.00778579 696.395
52 642   -0.00401646 -0.0070572 701.448
52 643   -0.00630452 -0.00701375 710.677
52 644   -0.0052545 -0.00726854 701.421
52 645   -0.00555453 -0.006459 704.312
52 646   -0.00660597 -0.00834709 735.143
52 647   -0.0057602 -0.00807728 701.845
52 648   -0.00625499 -0.00786296 714.874
52 756   -0.00998431 -0.00421881 695.725
52 758   -0.0110258 -0.00272987 689.759
52 759   -0.00980264 -0.00316264 693.72
52 760   -0.00814597 -0.000293511 692.646
52 761   -0.00939386 -0.00115411 691.38
52 762   -0.00899426 -0.00235745 693.729
52 763   -0.00600362 -0.00154463 697.239
52 764   -0.00806453 -0.00203534 694.926
52 765   -0.00742821 -0.000958358 694.582
52 766   -0.00570467 -0.00409849 701.132
52 767   -0.00602755 -0.00261392 698.444
52 768   -0.00725234 -0.00262931 697.174
52 769   -0.00664082 -0.00455539 701.983
52 770   -0.00792938 -0.0045077 700.892
52 771   -0.00728186 -0.00360931 699.049
52 772   -0.00706088 -0.00636296 711.988
52 773   -0.00695026 -0.00548148 705.456
52 774   -0.00762642 -0.00542609 705.661
52 775   -0.00833866 -0.0064642 714.677
52 776   -0.00763047 -0.00652372 715.809
52 777   -0.00784361 -0.00609143 710.427
52 778   -0.00800128 -0.00739992 743.451
52 779   -0.00794047 -0.0069124 725.005
52 780   -0.00831057 -0.00688057 723.992
52 781   -0.00827425 -0.00754102 751.463
52 782   -0.00847697 -0.00723781 735.305
52 783   -0.0087874 -0.0076977 753.776
52 784   -0.00879661 -0.00736775 737.035
52 785   -0.00853171 -0.00815732 800.999
52 786   -0.00835333 -0.00784168 772.871
52 787   -0.00854683 -0.00786841 771.991
52 788   -0.00829297 -0.00805127 792.961
52 789   -0.00838344 -0.0082099 811.671
52 790   -0.00777128 -0.00821023 788.528
52 791   -0.00789347 -0.00804574 780.757
52 792   -0.00795621 -0.00838179 822.634
52 793   -0.00813512 -0.00812014 798.586
52 794   -0.00830355 -0.00832443 829.785
52 795   -0.00809527 -0.0083452 828.8
52 796   -0.00815199 -0.00824804 815.446
52 798   -0.00822973 -0.00856842 875.918
52 799   -0.0082166 -0.00846029 854.74
52 800   -0.00831856 -0.00844245 850.01
52 818   -0.00817854 -0.00869657 898.991
52 819   -0.00814406 -0.00874071 907.101
52 845   0.00671513 0.0083421 737.714
52 1099   0.00625989 0.00827 716.891
52 1100   0.0059564 0.00822193 704.628
52 1105   0.00430947 0.00833143 699.917
52 1106   0.00458705 0.00821896 695.621
52 1115   -0.0110053 0.00090803 687.378
52 1116   -0.0104094 -0.000651464 689.319
52 1117   -0.0112329 -0.00142204 687.122
52 1222   0.0102373 0.00311036 690.722
52 1223   0.00980611 0.00438526 694.315
52 1252   0.00668097 -0.00626936 709.837
52 1253   0.00622249 -0.00665485 717.185
52 1485   0.0104223 -0.00590934 704.756
52 1486   0.0104085 -0.00587635 691.178
52 1487   0.0104139 -0.00592798 832.962
52 1488   0.0103639 -0.00590072 685.408
52 1489   0.0103763 -0.00593319 687.527
52 1495   0.00808172 0.00886375 634.616
52 1498   0.00807199 0.00884333 950.988
52 1499   0.00808884 0.00882426 938.815
52 1502   -0.0103096 0.00593309 682.751
52 1503   -0.0103567 0.00589485 689.818
52 1504   -0.0103361 0.00591864 686.07
52 1505   -0.0103603 0.00594232 688.567
52 1506   -0.0104041 0.00591382 703.066
52 1507   -0.0103832 0.00590792 694.762
52 1508   -0.0103787 0.00592915 694.032
52 1511   -0.0104201 0.00594205 748.751
52 1512   -0.0104072 0.00593384 712.209
52 1513   -0.0103921 0.00593728 698.969
52 1519   -0.00809866 -0.00880982 929.455
52 1522   -0.00807458 -0.00882112 934.931
52 1523   -0.00808563 -0.00884603 958.454
52 1528   -0.00713274 -0.00859184 767.167
52 1532   -0.00751793 -0.00846237 783.193
52 1533   -0.00739746 -0.00869945 782.717
52 1534   -0.00732489 -0.00855659 774.199
52 1535   -0.00765717 -0.00874387 800.447
52 1536   -0.00755109 -0.00866138 791.213
52 1537   -0.00762991 -0.00854908 795.661
52 1538   -0.00774641 -0.00869875 812.17
52 1539   -0.00785507 -0.00859744 833.543
52 1540   -0.00775543 -0.00857538 811.265
52 1541   -0.00786252 -0.00880916 836.255
52 1542   -0.00781833 -0.00874291 827.288
52 1543   -0.00788758 -0.00869776 850.748
52 1544   -0.00799019 -0.00875061 889.296
52 1545   -0.00792896 -0.00879163 866.398
52 1546   -0.00793459 -0.0087364 868.969
52 1547   -0.00799587 -0.0088478 895.49
52 1548   -0.0079678 -0.0088153 883.636
52 1549   -0.0080013 -0.00879638 898.022
52 1550   -0.00802376 -0.00883984 909.38
52 1551   -0.00804864 -0.00881904 919.346
52 1552   -0.00802637 -0.00881604 907.963
52 1553   -0.00806676 -0.00885113 954.272
52 1554   -0.00804196 -0.00884852 925.481
52 1555   -0.0080501 -0.00883717 929.731
52 1556   -0.00805846 -0.0088635 954.328
52 1557   -0.00807212 -0.00886461 942.129
52 1589   0.00993909 -0.00594999 673.498
52 1590   0.0100456 -0.00593311 673.973
end
