714
16 1   -0.0449779 0.00332885 968.54
16 2   -0.0451567 -0.00285014 968.521
16 3   -0.0399779 0.00832548 969.342
16 4   -0.0477766 -0.0217741 920.752
16 5   -0.0411382 -0.00636234 969.059
16 6   -0.0434937 -0.0296588 861.72
16 7   0.00212315 -0.023735 901.833
16 8   -0.0497142 -0.0177496 943.795
16 9   -0.0384815 -0.00705917 969.451
16 10   -0.000251566 0.0235401 914.158
16 11   0.00485063 -0.0222955 902.532
16 12   0.00242184 0.0220808 890.287
16 13   -0.00128997 -0.0214081 955.17
16 14   0.00472486 0.0223553 845.429
16 15   -0.00206694 0.0213836 960.231
16 16   0.00645704 0.0191429 860.656
16 17   0.00508943 0.0178572 876.783
16 18   0.00554693 -0.017968 958.835
16 19   -0.000677041 -0.0188543 960.563
16 20   0.00357069 -0.0192179 949.072
16 21   0.00278641 0.0191205 902.598
16 22   0.00682686 -0.022552 891.915
16 23   -0.00122959 0.0188822 961.013
16 24   -0.00247817 -0.0173183 959.663
16 25   0.00682686 -0.0192236 943.113
16 26   0.00511138 0.0161146 864.661
16 27   0.00169175 0.0179983 916.937
16 28   0.00217497 -0.0180715 960.922
16 29   0.0051916 -0.0162428 969.196
16 30   0.000180348 0.017957 944.202
16 31   0.000667219 -0.0179637 961.572
16 32   0.00588688 0.0148247 828.259
16 33   -0.002018 -0.0156131 956.405
16 34   0.00586477 -0.0150588 963.647
16 35   0.00690789 0.0142481 827.02
16 36   0.00331692 0.0155339 888.802
16 37   0.00220031 0.0161542 910.807
16 38   0.00340953 -0.0157193 969.284
16 39   0.00689323 -0.0146119 952.097
16 40   0.00236913 -0.0162981 968.788
16 41   -0.00259296 -0.0143675 940.565
16 42   5.0139e-05 0.0162721 952.378
16 43   -0.000643534 -0.0154324 966.561
16 44   0.00024055 -0.016247 967.27
16 45   -0.000818864 0.0155895 965.493
16 46   0.0045541 0.0137927 794.176
16 47   0.00113469 0.0154806 932.796
16 48   0.00328582 -0.0144537 958.85
16 49   0.00335175 0.0142498 862.697
16 50   0.00124616 -0.0155805 969.438
16 51   0.00439273 0.0127845 738.467
16 52   0.00233814 -0.0138583 947.105
16 53   -0.00174789 0.0137455 965.185
16 54   0.00101386 0.0145069 939.527
16 55   0.00259853 0.0136213 883.332
16 56   0.00231807 -0.0129487 909.613
16 57   0.00109895 -0.0146383 968.109
16 58   -0.000396909 -0.0143891 969.26
16 59   -0.000528115 0.0145783 966.38
16 60   -0.00164398 0.012948 955.47
16 61   0.00337799 0.0123933 731.039
16 62   -0.00179799 -0.0134731 955.963
16 63   -0.00215969 0.0125587 936.398
16 64   0.0015257 -0.0140418 957.156
16 65   0.00144679 -0.0126069 890.868
16 66   -0.000918336 0.0139689 969.529
16 67   0.00278614 0.012773 823.945
16 68   0.00189199 0.0136324 912.056
16 69   0.00140777 0.0139075 931.037
16 70   0.000220058 0.0142871 959.466
16 71   0.000339962 -0.0142615 968.341
16 72   -0.00314987 -0.0123461 854.017
16 73   -0.00246587 -0.0124571 914.392
16 74   -0.000738424 -0.0137624 969.186
16 75   -0.00117977 -0.0134822 968.252
16 76   -0.00197867 -0.0127539 949.008
16 77   0.000960976 -0.0134538 943.195
16 78   0.000902133 -0.0129285 911.51
16 79   -0.000385957 0.0134357 969.316
16 80   -0.000837534 0.0126697 959.168
16 81   0.000179051 0.0136236 964.72
16 82   -0.000409064 0.012934 968.673
16 83   0.000396066 -0.0136167 958.249
16 84   0.00224919 0.0124186 865.749
16 85   -0.000996505 -0.0128221 962.582
16 86   0.000515914 0.0133413 962.817
16 87   0.000950833 0.0134054 951.773
16 88   5.48217e-05 -0.0133074 954.609
16 89   0.00169899 0.0129879 919.047
16 90   -0.0015271 -0.0124699 967.745
16 91   0.00186858 0.0126225 907.746
16 92   -0.000342797 -0.0133255 963.811
16 93   0.00130529 0.0128819 945.076
16 94   0.00104135 0.0130242 955.371
16 95   0.000193556 0.0127793 969.105
16 96   -0.00116316 -0.012529 955.119
16 97   -0.000662756 -0.0127479 939.36
16 98   0.00156348 0.0123884 927.947
16 99   0.000442155 0.0129806 967.694
16 100   -0.000450389 -0.0129711 954.59
16 101   0.00126528 0.0125505 953.787
16 102   -0.000205969 -0.0127447 944.026
16 103   -8.56113e-05 0.0126809 968.302
16 104   0.00104519 0.0124441 967.792
16 105   -0.000590186 -0.0124936 897.549
16 531   -0.0242213 0.0325 957.632
16 532   -0.0263444 0.0225 967.237
16 533   -0.0297454 0.0245558 967.793
16 534   -0.022098 0.0247221 964.362
16 535   -0.0209078 0.0297221 959.451
16 536   -0.0142837 0.0241663 966.959
16 538   -0.0163751 0.0222221 967.007
16 539   -0.0195334 0.0222221 965.649
16 583   -0.0443146 -0.0225037 947.74
16 584   -0.0429623 -0.0254745 935.438
16 586   -0.0473103 0.0259426 866.3
16 587   -0.0511394 0.0239928 863.041
16 588   -0.0440352 0.0244672 933.591
16 598   -0.0161462 0.0322221 951.269
16 599   -0.0136659 0.0291663 953.194
16 600   -0.007301 0.0334721 902.159
16 601   -0.00999228 0.0304163 937.363
16 602   -0.00620061 0.0266886 948.837
16 603   -0.00879872 0.0271365 954.448
16 613   -0.0099479 -0.0304202 940.235
16 614   -0.00728736 -0.0334734 907.846
16 615   -0.00858052 -0.027152 954.583
16 616   -0.00569694 -0.0267219 946.076
16 617   -0.0410056 0.0310455 886.655
16 618   -0.039194 0.0336818 891.442
16 619   -0.0387146 0.0282553 940.142
16 620   -0.0358773 -0.025378 968.404
16 621   -0.0345387 -0.0210257 936.041
16 622   -0.0328822 -0.023077 969.179
16 623   0.00280195 -0.0125284 887.568
16 635   -0.0041221 0.0220844 963.87
16 636   -0.00558996 0.0239647 967.924
16 637   -0.00351404 -0.0220967 966.926
16 638   -0.00494332 -0.0240069 966.303
16 646   -0.0473563 0.0130746 963.897
16 647   -0.0423563 0.0130746 969.309
16 648   -0.0386394 0.0173372 928.539
16 649   -0.0432965 0.0168169 969.182
16 650   -0.0410177 0.0154758 968.326
16 672   -0.000406429 -0.0125234 921.128
16 673   -0.00023458 -0.0125513 952.018
16 698   -0.0501567 -0.00540454 967.624
16 701   -0.0485426 -0.0149518 959.872
16 702   -0.0489851 -0.00936271 966.385
16 703   -0.0513284 -0.0114531 962.955
16 704   -0.0435737 -0.0108717 968.801
16 705   -0.0464206 -0.0113177 966.878
16 706   -0.0459781 -0.014405 965.682
16 707   -0.0421347 -0.0126887 969.472
16 708   -0.0433674 -0.0151769 969.231
16 709   -0.0396992 -0.0118419 969.662
16 710   -0.0387177 -0.0133331 969.002
16 739   -0.0242273 -0.0325 958.153
16 740   -0.0296847 -0.0245513 967.87
16 741   -0.0263325 -0.0225 967.243
16 742   -0.0314671 -0.0335257 947.622
16 743   -0.0280818 -0.0310257 957.768
16 744   -0.0294682 -0.028077 962.206
16 745   -0.0355571 -0.027878 958.19
16 746   -0.0323456 -0.0291026 957.738
16 747   -0.0333616 -0.0320513 943.726
16 766   -0.0059751 0.0167384 917.789
16 767   -0.0069917 0.018102 860.261
16 835   -0.0505623 -0.0249868 837.987
16 837   -0.00269205 0.018073 968.672
16 838   -0.00474058 0.0171929 938.168
16 839   -0.00181684 0.0160427 969.361
16 840   -0.0025757 0.0170487 968.719
16 841   -0.00368009 0.0166903 958.59
16 842   -0.00234894 0.0142804 963.448
16 843   -0.00236234 0.0153358 968.256
16 844   -0.00333912 0.0157401 960.625
16 845   -0.0059751 0.0156593 922.139
16 846   -0.0069917 0.0148646 904.418
16 847   -0.00395805 0.0150902 947.954
16 848   -0.00502524 0.0150413 930.632
16 849   -0.0030763 0.0140111 951.071
16 850   -0.00370863 0.0144167 945.795
16 851   -0.004401 0.0138238 925.341
16 852   -0.00342759 0.0133478 935.686
16 853   -0.00421029 0.0126058 910.954
16 854   -0.00412665 0.0132826 921.754
16 937   -0.0370267 -0.0219463 844.747
16 938   -0.0378886 -0.0242473 961.139
16 939   -0.0402549 -0.0240374 966.529
16 954   0.00661321 -0.0110252 773.456
16 960   -0.00483068 0.0206213 900.093
16 961   -0.00641664 0.0193514 794.525
16 962   -0.00628312 0.0207813 738.796
16 963   -0.00423798 0.0191113 938.726
16 964   -0.00518212 0.0185896 906.363
16 965   -0.0411475 0.0249971 960.22
16 966   -0.0392011 0.0261879 959.667
16 978   -0.0072044 0.0123518 825.202
16 979   -0.00685954 0.0116512 795.462
16 980   -0.00732757 0.0109972 734.529
16 981   -0.00698271 0.0112546 771.129
16 982   -0.00469734 0.012317 881.514
16 983   -0.00658975 0.013905 890.053
16 984   -0.00680246 0.013075 861.764
16 985   -0.00563989 0.014229 910.514
16 986   -0.00526507 0.0136849 905.687
16 987   -0.0062329 0.0128131 861.36
16 988   -0.00564538 0.0130991 883.184
16 989   -0.00531017 0.0126107 874.751
16 990   -0.00634317 0.0119226 821.833
16 991   -0.00567691 0.0122881 853.051
16 992   -0.00611848 0.0123614 846.171
16 993   -0.00608498 0.011688 818.133
16 994   -0.00569268 0.0118826 836.112
16 995   -0.00604665 0.0109084 792.089
16 996   -0.00613333 0.0113743 804.047
16 997   -0.005887 0.0112096 806.658
16 998   -0.00661321 0.0111608 778.084
16 999   -0.00626835 0.0109391 783.932
16 1000   -0.00631762 0.0112071 791.31
16 1001   -0.00662553 0.0105859 742.334
16 1002   -0.00667479 0.0109624 765.312
16 1003   -0.0064531 0.0108231 771.032
16 1004   -0.00714282 0.0107875 714.271
16 1005   -0.00685954 0.0108465 746.013
16 1006   -0.00683491 0.0106039 719.209
16 1007   -0.00740147 0.0103773 463.546
16 1008   -0.00701966 0.010488 651.146
16 1009   -0.00721672 0.0106019 657.824
16 1012   -0.00710587 0.0103151 562.502
16 1013   -0.00730294 0.0102118 398.539
16 1018   0.0072044 -0.0109957 738.816
16 1019   0.0072044 -0.0104352 599.012
16 1062   -0.00690881 -0.010894 825.565
16 1065   -0.0400715 0.0190153 897.838
16 1066   -0.0423503 0.0186898 967.557
16 1067   -0.0429357 0.0207049 968.834
16 1068   -0.0396838 0.0216259 872.513
16 1069   -0.0414086 0.0226449 967.188
16 1081   -0.00389705 -0.0177249 961.694
16 1082   -0.00670656 -0.0182872 962.663
16 1083   -0.00590687 -0.020128 881.081
16 1084   -0.00431998 -0.0199495 964.881
16 1092   -0.00291565 0.0122314 913.256
16 1093   -0.00275508 0.0126667 930.549
16 1094   -0.00319171 0.0129274 932.116
16 1095   -0.00377051 0.0123856 927.351
16 1096   -0.00345099 0.012642 924.168
16 1097   -0.00325358 0.0123424 919.402
16 1099   -0.00369271 0.0120666 952.573
16 1100   -0.00345348 0.0121054 923.303
16 1103   -0.0100115 -0.0209734 947.539
16 1104   -0.0112957 -0.0229202 969.496
16 1105   -0.00926869 -0.024652 968.8
16 1106   -0.0073424 -0.0217318 862.627
16 1107   -0.00718481 -0.0234636 960.744
16 1118   -0.0510347 0.0324945 678.04
16 1121   -0.0472057 0.0298581 753.686
16 1122   -0.0442751 0.0323637 776.009
16 1140   -0.0112985 0.0229163 969.39
16 1141   -0.00998399 0.0209721 938.422
16 1142   -0.00948712 0.0246365 968.992
16 1143   -0.00753083 0.0234405 953.062
16 1144   -0.00751542 0.0217202 835.334
16 1158   -0.0461665 -0.0323578 720.962
16 1161   -0.0510347 -0.032543 677.667
16 1162   -0.0490971 -0.0299008 714.598
16 1178   -0.0423594 -0.0198111 967.258
16 1179   -0.0420391 -0.0170554 968.433
16 1180   -0.038962 -0.0205858 762.537
16 1181   -0.0405001 -0.0214015 920.012
16 1182   -0.0386071 -0.0179985 906.541
16 1183   -0.0398249 -0.0160585 961.157
16 1193   -0.0345818 0.0210279 935.823
16 1194   -0.0329678 0.0230838 969.062
16 1195   -0.0348574 0.0252935 968.911
16 1196   -0.0374446 0.0226423 887.919
16 1197   -0.0372231 0.0248521 968.596
16 1203   -0.00459514 0.0118049 856.67
16 1208   -0.00498927 0.0115983 841.273
16 1209   -0.0054208 0.0115898 832.05
16 1210   -0.00556677 0.0112305 817.227
16 1243   0.00690881 0.0108354 835.434
16 1246   0.00720394 0.0123794 825.879
16 1247   0.00661183 0.0129334 806.898
16 1248   0.00661275 0.011638 800.815
16 1249   0.00513385 0.0123937 738.081
16 1250   0.00602018 0.0125768 779.969
16 1251   0.0060211 0.011807 766.129
16 1254   0.00543037 0.0114691 730.65
16 1255   0.00483918 0.0117788 712.247
16 1258   0.00228756 -0.0272393 819.982
16 1259   -0.00288941 -0.0320476 848.689
16 1260   -0.00266637 -0.0285644 891.866
16 1263   0.00387634 -0.0335742 685.447
16 1264   0.000252684 -0.0335742 737.14
16 1265   0.00512744 -0.0116942 829.758
16 1266   0.00630983 -0.0116352 808.505
16 1267   0.00629425 -0.0132235 898.402
16 1268   0.00690102 -0.012564 852.71
16 1269   0.00482406 -0.0123042 864.65
16 1270   0.00539967 -0.0129048 890.471
16 1271   0.00497019 -0.0138253 934.854
16 1272   0.00417332 -0.0137438 936.585
16 1273   0.00331109 -0.0126874 901.408
16 1274   0.00390878 -0.0129374 909.384
16 1275   0.00413003 -0.0124184 891.107
16 1278   0.0033774 -0.0121935 887.492
16 1279   0.00368728 -0.0121432 921.961
16 1347   0.000454884 -0.012776 902.992
16 1348   0.000172484 -0.012992 935.328
16 1349   1.92851e-05 -0.0127836 925.48
16 1351   0.000189142 -0.0125859 876.827
16 1352   0.000414228 -0.0125494 873.387
16 1410   0.000278282 0.0125624 967.728
16 1413   0.000830599 0.0128311 965.877
16 1414   0.000666327 0.0128516 967.752
16 1415   0.00087446 0.0125824 969.089
16 1416   0.000763365 0.0124867 965.674
16 1417   0.000472667 0.0125846 968.614
16 1418   0.000612112 0.0126726 969.624
16 1419   0.00066529 0.0125564 967.604
16 1421   0.000581088 0.0124595 956.563
16 1422   0.000470601 0.0124774 962.015
16 1468   0.00568817 -0.0292968 703.379
16 1469   0.00568817 -0.0321484 679.624
16 1472   -0.0405421 -0.0309515 892.987
16 1473   -0.0390398 -0.0336505 893.252
16 1474   -0.0373242 -0.0294772 937.856
16 1475   -0.0358219 -0.0321762 929.944
16 1491   -0.00688869 -0.0149374 911.405
16 1492   -0.0040287 -0.0144356 910.82
16 1493   -0.00487261 -0.0160879 938.191
16 1494   -0.00609524 -0.0164717 945.566
16 1495   -0.00628743 -0.0136002 871.79
16 1496   -0.00630755 -0.0118078 787.745
16 1497   -0.00689875 -0.0126666 852.729
16 1498   -0.00465008 -0.0134823 862.481
16 1499   -0.00407901 -0.0125839 794.315
16 1501   -0.00542077 -0.0116882 723.43
16 1502   -0.00482957 -0.011998 712.441
16 1507   0.00576782 0.0249793 766.913
16 1509   0.0056884 0.032661 676.089
16 1520   -0.0208994 -0.0297234 959.933
16 1521   -0.0220949 -0.0247234 964.534
16 1522   -0.0161349 -0.0322234 952.712
16 1523   -0.0136232 -0.0291702 954.386
16 1524   -0.0142829 -0.0241702 966.877
16 1525   -0.01799 -0.0222234 966.165
16 1536   -0.0314865 0.0335279 947.027
16 1537   -0.0280976 0.0310279 957.401
16 1538   -0.0295275 0.0280838 961.966
16 1539   -0.0347956 0.0322098 935.092
16 1540   -0.0333355 0.0277935 961.847
16 1541   -0.0352147 0.0294195 948.282
16 1542   -0.0499779 0.00577445 967.498
16 1543   -0.0499779 0.0107711 964.441
16 1596   -0.000626229 0.0269909 872.853
16 1597   -0.000612473 0.0334982 742.698
16 1598   -0.00386288 0.0284666 903.184
16 1599   -0.00376971 0.0319703 856.738
16 1600   0.00301072 0.0311592 699.491
16 1601   0.00309013 0.0281555 737.38
16 1630   -0.0511394 0.0177511 938.153
16 1631   -0.0457965 0.0168169 962.793
16 1632   -0.0485177 0.0154758 957.595
16 1633   -0.0497788 0.0215425 910.151
16 1634   -0.0497788 0.0194619 928.575
16 1635   -0.0470575 0.0187224 950.21
16 1636   -0.0458233 0.0224829 933.099
16 1637   -0.0444627 0.0210729 958.468
16 1638   -0.0477378 0.021508 922.273
16 1639   -0.0463772 0.020098 947.18
52 371   0.00118052 0.00466893 938.733
52 372   -0.000831399 0.00111757 929.759
52 373   -0.000799759 -0.00124008 928.735
52 374   0.00312479 0.000942943 919.316
52 375   0.001306 -0.00468006 945.743
52 376   -0.00279832 0.00228573 929.74
52 377   0.0012233 -0.00238474 933.191
52 378   -0.00486623 0.001262 915.722
52 379   0.00113089 0.00221313 929.196
52 380   0.00318556 -0.00129728 923.612
52 381   -0.000473043 -0.00584265 950.073
52 382   0.00302361 0.00554602 927.415
52 383   0.00488706 0.0019657 909.472
52 384   0.00473625 0.00411298 909.255
52 385   -0.00887406 -0.000422454 897.602
52 386   0.00642424 0.00499085 890.276
52 387   0.0051273 -0.00447587 931.042
52 388   0.00493001 -0.00239027 918.458
52 389   0.00329309 0.00748429 930.775
52 390   -0.00650893 0.00237213 909.285
52 391   0.00655962 0.000943142 902.299
52 392   -0.00649279 0.00424292 916.125
52 393   0.00805339 0.00192631 880.926
52 394   -0.000420914 -0.00770547 965.383
52 395   0.00921505 0.000623905 893.277
52 396   0.00200548 -0.00872931 969.261
52 397   0.00638948 -0.00179391 907.872
52 398   -0.00869759 0.00586979 890.101
52 399   0.00664995 -0.00497625 919.796
52 400   -0.00843449 0.00704438 913.783
52 401   -0.00800402 0.00469046 900.34
52 402   0.00693176 -0.000607466 903.794
52 403   0.000662832 -0.00865945 969.04
52 404   -0.00795797 0.00189716 898.72
52 405   0.00467875 0.00784927 901.41
52 406   0.00763902 -0.00280273 898.968
52 407   0.00770221 -0.00389948 900.382
52 408   -0.0086802 0.00111544 904.475
52 409   0.000678774 0.00880269 967.385
52 410   -0.0089639 0.00373814 868.14
52 411   0.00871928 -0.00450285 881.239
52 412   0.00827632 -0.00104773 898.273
52 413   -0.00538451 0.00951091 962.608
52 414   -0.0099308 0.005558 840.531
52 415   0.00856606 -0.00221926 888.724
52 416   -0.00114368 0.0102974 962.728
52 417   -0.00890171 0.00281562 875.667
52 418   0.0015351 0.0088579 958.588
52 419   0.00920559 -0.00613063 873.312
52 420   0.00850641 -0.00551671 895.47
52 421   0.00125002 -0.0108964 963.028
52 422   0.000129396 -0.00986387 956.191
52 423   0.00906583 -0.000799527 905.462
52 424   0.009541 -0.00421179 828.273
52 425   -0.00989233 0.00240331 824.262
52 426   -0.0016309 0.0109965 964.363
52 427   -0.00992677 0.0016565 873.433
52 428   -0.00632896 0.00949256 933.976
52 429   0.00940848 -0.00248628 853.73
52 430   -0.0049708 0.0102899 960.466
52 431   0.000489869 0.00990603 943.584
52 432   -0.0098549 0.00398489 800.116
52 433   -0.0101282 0.00462542 795.512
52 434   -0.000320966 0.0106176 946.28
52 435   0.000515947 -0.0105412 950.621
52 436   0.00990284 -0.00592447 843.785
52 437   0.000186805 0.0104288 929.865
52 438   0.0101546 -0.00474166 793.616
52 439   0.00982697 -0.00357481 793.643
52 440   0.00978449 -0.00303615 802.767
52 441   0.00990123 -0.00188783 853.349
52 442   0.0101962 -0.00529391 814.29
52 443   0.00163063 0.0099471 906.889
52 444   0.00107864 -0.0115685 968.229
52 445   -0.0104974 0.00269635 749.066
52 446   0.00115931 0.0102185 909.296
52 447   -0.00108279 0.0115571 968.5
52 448   -0.000741126 -0.0109069 876.939
52 449   0.00984832 -0.00137261 896.074
52 450   -0.0103899 0.00352577 741.321
52 451   0.0104838 -0.0021124 783.507
52 452   -0.0107617 0.00440353 743.582
52 453   0.0106919 -0.00441956 746.711
52 454   0.000625315 0.0110591 868.06
52 455   0.000107948 -0.0110462 930.825
52 456   -0.0105291 0.00313467 729.151
52 457   0.0104166 -0.00287504 740.562
52 458   0.00119604 0.0107362 875.568
52 459   0.0104726 -0.00368837 732.264
52 460   0.0106232 -0.00254972 737.15
52 461   0.0107239 -0.00400325 724.876
52 462   -0.000215934 0.0112777 940.686
52 463   0.000189568 -0.0114808 946.639
52 464   -0.000304912 -0.0110809 891.296
52 465   0.000426192 -0.011648 967.054
52 466   0.000965103 0.0110541 851.322
52 467   -0.000361595 0.0115339 961.408
52 468   -0.0109487 0.00252344 721.736
52 469   -0.000550255 0.0116225 968.188
52 470   0.000549062 0.0114145 830.498
52 471   0.0106931 -0.00313345 711.855
52 472   0.0107067 -0.00340813 710.885
52 473   0.0110102 -0.00264002 707.758
52 474   -0.0107756 0.00370433 713.509
52 475   -0.0108741 0.00394155 715.722
52 476   0.011078 -0.00388356 704.545
52 477   -0.000370764 -0.0114516 854.785
52 478   -0.00104173 -0.0111348 838.626
52 479   0.000129441 0.0114616 901.534
52 480   -0.010988 0.00310106 698.337
52 481   -0.000838529 -0.0114144 806.311
52 482   0.000333169 0.0114835 852.773
52 483   -5.99172e-05 0.0117994 957.98
52 484   0.0109811 -0.00305437 696.97
52 485   -0.0111669 0.00382285 700.352
52 486   0.0110915 -0.00288625 695.703
52 487   0.0111068 -0.00363358 695.961
52 488   0.0109867 -0.00347303 697.226
52 489   -0.0111348 0.00325106 689.736
52 490   -0.0111473 0.00292566 694.956
52 491   -0.0110221 0.00352583 697.768
52 492   0.000117383 0.0117342 906.016
52 493   -0.000538645 -0.0115631 802.941
52 494   -0.0111398 0.00278636 700.425
52 495   -0.0111255 0.00338784 690.845
52 496   0.011305 -0.00355481 687.111
52 497   0.00073204 0.0116253 769.007
52 498   -0.000683427 -0.011544 788.754
52 499   0.0111328 -0.00319194 688.456
52 500   0.0113028 -0.00293149 686.359
52 501   0.0111248 -0.00333592 689.264
52 502   -0.0111836 0.00362787 693.603
52 503   0.000269808 0.0118647 838.849
52 504   0.0112918 -0.0033955 683.136
52 505   -0.0113446 0.00298362 685.576
52 506   0.000430735 0.0117246 790.038
52 507   -0.0113274 0.00354059 686.172
52 508   -0.0113379 0.00318541 680.098
52 509   -0.000502863 -0.0117507 752.421
52 510   -0.0113205 0.00341819 682.998
52 511   0.000379433 0.0118332 771.379
52 512   0.0113836 -0.00331871 678.037
52 513   -0.0113883 0.00309337 679.954
52 514   0.0113338 -0.00305785 681.267
52 515   -0.00069196 -0.0117235 726.978
52 516   0.0112742 -0.00315018 682.11
52 517   -0.0114374 0.00324814 674.975
52 518   -0.000604307 -0.0117913 676.397
52 519   0.0113581 -0.00321737 677.889
52 520   -0.0114429 0.00331498 675.694
52 521   0.0114321 -0.00309085 676.646
52 522   -0.0114139 0.00337714 678.407
52 523   0.0114699 -0.00332067 674.832
52 524   0.0114316 -0.00317616 674.727
52 525   0.0114861 -0.00308138 675.18
52 526   -0.000558387 -0.0119829 3.88512
52 527   0.0115732 -0.00316281 677.587
52 528   -0.000568298 -0.0119841 2.86841
52 566   -0.000462242 0.005383 949.846
52 567   -0.00247879 0.00409536 940.393
52 568   -0.00518055 0.00492602 935.163
52 569   -0.0034904 0.00470812 942.534
52 570   -0.0029137 0.00599919 954.671
52 571   -0.00523853 0.0061056 947.419
52 572   -0.00391002 0.00651684 957.366
52 573   -0.00501373 0.00841473 968.789
52 574   -0.0040327 0.00799217 967.397
52 575   -0.00729509 0.00719935 946.259
52 576   -0.00610496 0.0067568 950.404
52 577   -0.00575747 0.00759059 963.845
52 578   -0.00672642 0.00888468 950.925
52 579   -0.0073695 0.0079874 962.418
52 580   -0.00652571 0.00807889 967.808
52 581   -0.00780489 0.008553 968.522
52 663   -0.000250075 -0.011865 858.138
52 664   -4.25525e-05 -0.0117256 937.618
52 665   -0.000190025 -0.0116617 879.152
52 723   3.87251e-05 0.00804207 967.765
52 724   -0.00190543 0.006643 960.622
52 725   -0.000465576 0.00663958 959.147
52 726   -0.00179 0.007752 967.08
52 727   -0.0014098 0.00948847 968.275
52 728   -0.000924065 0.00852535 969.22
52 729   -0.003365 0.00875848 969.333
52 730   -0.00247691 0.00840853 969.012
52 731   -0.00224271 0.00936994 969.146
52 732   -0.00345341 0.00965408 968.313
52 733   -0.00280819 0.00978569 967.902
52 734   -0.00429319 0.0103538 963.856
52 735   -0.0038143 0.0100478 965.671
52 736   -0.00424166 0.0108285 963.266
52 776   0.000443334 0.0119281 606.494
52 777   0.000487938 0.0119111 521.535
52 778   0.000616339 0.0117211 746.355
52 779   0.000644437 0.0118093 646.067
52 780   0.000530928 0.0117514 746.507
52 781   0.000513855 0.0118668 620.72
52 782   0.000534603 0.0118193 688.47
52 783   0.000582916 0.01184 611.763
52 784   0.000579567 0.0118858 473.472
52 785   0.00054477 0.0118892 496.689
52 787   0.000593772 0.0119203 316.416
52 807   -0.000608695 -0.0118691 497.579
52 903   0.000500441 0.0119576 310.939
52 905   0.000541155 0.011925 359.306
52 906   0.000522743 0.0119491 271.08
52 907   0.000556823 0.0119364 261.033
52 908   0.000574643 0.011935 241.755
52 909   0.0114742 -0.0032068 672.634
52 910   0.0115235 -0.00323928 670.856
52 911   0.0114871 -0.00324997 672.479
52 912   0.0114997 -0.00318436 671.51
52 913   0.0115217 -0.00320786 670.383
52 915   -0.0115038 0.00320367 671.838
52 916   -0.0115344 0.00321664 670.15
52 917   -0.0115157 0.0031159 674.687
52 918   -0.011485 0.00312309 675.245
52 919   -0.0115405 0.00318404 670.363
52 920   -0.0115406 0.00316388 671.665
52 922   -0.0115713 0.0031686 672.391
52 923   -0.0115564 0.00315998 671.79
52 924   -0.0115615 0.00316881 671.072
52 926   -0.000582579 -0.0119051 353.806
52 929   -0.000567275 -0.0119694 15.2436
52 935   0.0115216 -0.00313024 672.315
52 936   0.0115175 -0.00315326 671.494
52 940   0.00418631 -0.00560796 948.235
52 941   0.00274478 -0.00574843 953.106
52 942   0.00282929 -0.00771362 966.535
52 943   0.0046532 -0.00710588 960.964
52 944   0.00388843 -0.00804042 967.706
52 945   0.00559014 -0.00755895 964.07
52 946   0.00650031 -0.00732187 957.345
52 947   0.0069575 -0.00626831 932.834
52 948   0.00779688 -0.00620539 916.266
52 950   0.00707229 -0.00894416 933.758
52 952   0.007854 -0.00816957 962.043
52 953   0.00716772 -0.00812774 966.068
52 1014   0.00566381 0.00720232 902.917
52 1015   0.00653069 0.00637543 891.992
52 1021   -0.00673189 -0.00636977 888.352
52 1040   -0.00721821 0.00915347 891.146
52 1041   -0.00745288 0.00891328 954.905
52 1070   -0.00233281 0.0108921 960.506
52 1071   -0.00279994 0.0103152 963.869
52 1072   -0.00391411 0.0108548 958.213
52 1073   -0.00333716 0.0110935 934.842
52 1074   -0.00364303 0.010446 961.571
52 1075   -0.00327391 0.0105818 958.291
52 1077   -0.00363401 0.011265 910.27
52 1078   -0.00384183 0.0111621 951.812
52 1085   0.00244417 -0.00990617 966.914
52 1086   0.00196805 -0.0106717 962.247
52 1088   0.00297207 -0.0112006 933.354
52 1089   0.00250518 -0.0112575 953.184
52 1126   -0.000354076 -0.0118367 791.425
52 1127   -0.00043939 -0.0118069 746.327
52 1129   -0.000356157 -0.0119188 770.641
52 1132   -0.00046365 -0.0118713 666.369
52 1133   -0.000424774 -0.0119477 608.446
52 1134   -0.000408601 -0.0119047 713.782
52 1135   -0.000502406 -0.0119576 238.449
52 1136   -0.000467431 -0.0119328 526.861
52 1137   -0.000492214 -0.0118957 566.933
52 1138   -0.000545389 -0.0119482 171.022
52 1139   -0.000543283 -0.0119078 398.214
52 1149   -0.00245349 0.0113705 955.002
52 1150   -0.00298387 0.0113054 932.845
52 1164   0.00659597 -0.00930422 925.469
52 1165   0.00578123 -0.00872488 966.401
52 1166   0.00551486 -0.00948683 957.766
52 1167   0.00455901 -0.00925544 968.199
52 1170   0.00464993 -0.0101928 962.308
52 1175   0.00344678 -0.0110528 938.317
52 1176   0.00345602 -0.0103441 962.141
52 1177   0.00416739 -0.0104314 964.544
52 1216   0.0021732 0.0088108 966.827
52 1217   0.00272482 0.0085773 950.971
52 1226   -0.00124455 -0.00963755 932.446
52 1227   -0.000574128 -0.00991873 940.424
52 1228   -0.000855506 -0.0104709 903.4
52 1230   -0.00139763 -0.0103663 892.045
52 1231   -0.00165422 -0.0100132 898.259
52 1281   0.0091058 -0.00691351 889.196
52 1282   0.00826102 -0.00706004 919.525
52 1283   0.0083241 -0.0076881 935.915
52 1359   0.00780955 0.00436673 877.933
52 1360   0.00832809 0.00328676 868.882
52 1372   -0.0016333 -0.0090946 956.95
52 1373   -0.00161624 -0.00816283 964.055
52 1374   -0.0075827 -0.00131008 892.748
52 1375   -0.00532099 -0.000444921 909.99
52 1376   -0.00252806 -0.00185722 922.921
52 1377   -0.00431442 -0.00123927 913.529
52 1378   -0.0050748 -0.00251446 908.485
52 1379   -0.00192765 -0.00475305 934.728
52 1380   -0.00255185 -0.00308339 924.125
52 1381   -0.00402502 -0.00318142 914.095
52 1382   -0.0030615 -0.00520078 926.145
52 1383   -0.00486043 -0.00496614 908.517
52 1384   -0.00406589 -0.00416871 914.24
52 1385   -0.00332487 -0.00614003 925.921
52 1386   -0.00438722 -0.00585639 912.334
52 1387   -0.00464334 -0.00828874 897.747
52 1388   -0.00454788 -0.00670022 910.562
52 1389   -0.00557045 -0.00689337 902.522
52 1390   -0.0056284 -0.00764179 899.87
52 1391   -0.00394017 -0.00813764 915.326
52 1392   -0.00390267 -0.00729755 917.859
52 1393   -0.00307693 -0.00713607 934.131
52 1394   -0.00255428 -0.00774378 948.557
52 1397   -0.00244708 -0.0091769 966.824
52 1398   -0.0034073 -0.00879119 931.88
52 1399   -0.00284715 -0.0085588 950.197
52 1602   -0.00610298 -0.00312904 901.361
52 1603   -0.00760431 -0.002719 884.238
52 1604   -0.00584774 -0.00459343 901.09
52 1605   -0.00683053 -0.00526337 883.198
52 1607   -0.00801464 -0.00464491 875.432
52 1608   -0.00853318 -0.00356493 871.033
52 1668   0.000576714 0.0119544 90.4678
52 1712   0.0115371 -0.00316251 670.456
52 1713   0.0115542 -0.0031575 670.338
52 1714   0.0115522 -0.00319196 668.857
52 1715   0.0115375 -0.00318826 669.644
52 1717   0.0115702 -0.00316931 671.615
52 1718   0.0115579 -0.00317987 668.7
52 1719   0.0115602 -0.00317118 669.653
52 1723   -0.0115557 0.00319053 669.233
52 1724   -0.011561 0.0031792 669.559
52 1730   0.000528995 0.0119723 96.8249
52 1732   0.000549563 0.0119562 130.372
52 1733   0.000546904 0.0119801 14.487
52 1734   0.000540146 0.0119681 84.6184
52 1735   0.000555456 0.0119748 16.6854
52 1736   0.000566939 0.0119616 59.6256
52 1737   0.000557608 0.011962 75.2918
52 1755   0.000568186 0.0119715 16.0426
52 1758   0.00056179 0.0119848 3.86683
52 1759   0.000562233 0.0119779 7.9386
end
