599
16 206   -0.044978 0.00332978 901.897
16 207   -0.0233034 0.03 871.89
16 208   -0.0451567 -0.00284916 901.843
16 209   -0.0278938 0.0270561 883.426
16 210   -0.049978 0.00827296 894.25
16 211   -0.039978 0.00832639 907.035
16 212   -0.0477766 -0.021774 779.279
16 213   -0.0397913 -0.0323011 733.675
16 214   -0.0322209 0.0320561 836.853
16 215   -0.0411381 -0.00636111 904.287
16 216   -0.00181328 0.0290283 718.999
16 217   -0.0288246 0.0220561 903.58
16 218   -0.0434939 -0.0296588 711.289
16 219   -0.0497142 -0.0177496 832.359
16 220   -0.0384814 -0.00705778 907.014
16 221   -0.000803663 0.0243436 770.488
16 222   0.00191119 0.0225118 767.17
16 223   0.00454259 0.0225175 746.603
16 224   0.000559403 0.0181208 853.693
16 225   0.00636184 0.019128 831.094
16 226   0.00224435 0.0193721 833.808
16 227   0.00487575 0.0177814 870.315
16 228   0.000535479 0.014336 846.671
16 229   0.00154938 0.0158105 876.153
16 230   0.00515119 0.0157296 909.354
16 231   0.00350977 0.01501 906.42
16 232   -0.00607567 -0.0150509 955.948
16 233   -0.00388446 -0.0140649 916.016
16 234   -0.00512578 -0.0140502 952.195
16 235   -0.00704536 -0.0142149 967.762
16 236   0.00393678 0.0135984 934.849
16 237   0.00558948 0.0130782 966.952
16 238   -0.00552968 -0.0129407 968.665
16 239   -0.00677179 -0.0129742 960.582
16 240   0.00485878 0.0130342 963.655
16 241   0.00690874 0.0118813 852.981
16 242   -0.006206 -0.0127007 956.448
16 243   0.00717163 0.0124037 924.582
16 244   0.00595012 0.012258 934.408
16 245   0.00480776 0.0121491 960.469
16 246   0.00640666 0.0119032 863.572
16 247   -0.00475946 -0.0121272 968.206
16 248   -0.00520606 -0.0123445 966.037
16 249   0.00434481 0.0119945 962.607
16 250   -0.00435534 -0.012124 965.909
16 251   -0.00628948 -0.0119491 877.59
16 252   0.00517838 0.0117466 904.941
16 253   -0.00596318 -0.0117014 850.467
16 254   0.00559004 0.0118115 883.309
16 255   -0.00555608 -0.0118568 911.154
16 256   -0.00492992 -0.0115616 930.171
16 257   0.00629939 0.0113032 771.715
16 258   -0.00534244 -0.0115175 870.754
16 259   0.00595199 0.0112036 748.081
16 260   0.00569918 0.0113571 790.035
16 261   0.0064648 0.0109359 724.41
16 262   -0.0060457 -0.0113002 775.357
16 263   -0.00633049 -0.0110777 738.179
16 264   0.0051862 0.0113453 832.95
16 265   -0.00548362 -0.0112285 793.706
16 266   -0.00624493 -0.0108496 683.761
16 267   0.00597914 0.0109088 641.044
16 268   0.00548965 0.0111863 771.583
16 269   -0.00635556 -0.0106984 706.457
16 270   -0.00603947 -0.0108585 623.619
16 450   0.00717163 0.0133817 967.757
16 451   0.00663728 0.0149216 932.968
16 452   0.00630891 0.0138039 959.276
16 469   -0.00722643 -0.0123679 908.107
16 486   0.00601006 -0.0227735 700.671
16 487   0.00632604 -0.0172386 728.712
16 488   0.00248818 -0.0189642 729.518
16 489   0.0048361 -0.0199163 716.055
16 490   0.00279994 -0.016645 730.531
16 491   0.00514787 -0.01571 733.544
16 492   0.00454825 -0.013258 731.759
16 493   0.00573064 -0.0139521 746.996
16 494   0.00513523 -0.0118958 753.351
16 495   -0.0057269 0.0139527 794.888
16 496   -0.00454451 0.0132413 737.719
16 497   -0.00513523 0.0119045 730.331
16 498   0.00723711 0.011202 768.222
16 499   0.00733167 0.0103491 595.596
16 500   0.00673212 0.0106839 752.662
16 501   0.00706878 0.0107684 733.384
16 502   -0.0443146 -0.0225037 833.319
16 503   -0.0429624 -0.0254745 794.756
16 513   -0.00991735 -0.0304439 805.387
16 514   -0.00730208 -0.0334813 742.335
16 515   -0.00831277 -0.0271495 841.277
16 516   -0.00504046 -0.0266354 793.307
16 518   -0.049779 0.0184217 821.658
16 519   -0.0473123 0.0259428 715.027
16 520   -0.0511395 0.0239929 718.012
16 521   -0.0484185 0.0211729 786.206
16 522   -0.0440382 0.0244675 794.073
16 523   -0.0451444 0.0217781 831.458
16 532   -0.0355241 0.030738 816.357
16 533   -0.0410092 0.0310458 726.706
16 534   -0.0391971 0.0336819 731.388
16 535   -0.035948 0.027948 857.54
16 536   -0.0387243 0.0282557 813.383
16 548   -0.000643774 -0.021564 782.564
16 549   -1.18208e-05 -0.0190306 785.991
16 550   -0.00617396 -0.0180989 956.125
16 551   -0.00520427 -0.0166228 936.642
16 580   -0.00252366 -0.0128867 828.23
16 581   -0.00341497 -0.0131343 904.224
16 582   -0.00392855 -0.0125201 934.468
16 584   -0.00270784 -0.012326 820.683
16 585   -0.00336665 -0.0122191 891.479
16 606   -0.00591738 -0.0109225 649.462
16 607   -0.00583805 -0.011136 741.064
16 608   -0.00568423 -0.0111234 746.417
16 645   -0.035877 -0.0253781 898.508
16 646   -0.0345384 -0.0210257 943.977
16 647   -0.0328818 -0.023077 912.447
16 648   0.00618363 0.0108016 633.936
16 649   0.00632189 0.0107292 699.368
16 661   -0.0139353 0.0320153 836.181
16 664   -0.00503234 0.0303713 747.585
16 665   -0.00740296 0.0334571 755.034
16 666   -0.0101674 0.0304724 817.393
16 667   -0.00652057 0.027336 819.412
16 668   -0.00907306 0.0274371 849.163
16 673   -0.00186605 0.0185619 859.923
16 674   -0.00305274 0.0165598 834.56
16 675   -0.00641155 0.0174131 901.55
16 676   -0.00522964 0.0157264 842.102
16 683   -0.00665622 -0.0111696 762.464
16 684   -0.00669773 -0.0116397 818.024
16 685   -0.00706889 -0.011785 832.951
16 686   -0.00686984 -0.0109363 749.7
16 688   -0.00652476 -0.0106097 748.086
16 689   -0.00685251 -0.0104908 749.404
16 690   -0.00673985 -0.0106486 747.902
16 699   -0.0242358 -0.0325 861.9
16 700   -0.0296837 -0.0245514 898.851
16 701   -0.0263299 -0.0225 897.189
16 702   -0.0208909 -0.0297313 870.051
16 703   -0.0220762 -0.0247313 887.687
16 704   -0.0135857 -0.0291939 849.915
16 705   -0.0161379 -0.0322313 841.588
16 706   -0.0142461 -0.0241939 893.875
16 708   -0.0164292 -0.0222313 894.607
16 709   -0.0195378 -0.0222313 891.43
16 712   -0.0471575 0.0161465 876.863
16 713   -0.0473564 0.0130749 887.559
16 714   -0.0423564 0.0130749 907.84
16 715   -0.0386395 0.0173372 948.284
16 716   -0.043297 0.0168171 904.543
16 717   -0.041018 0.0154759 916.889
16 836   0.00690881 -0.0129368 777.899
16 837   0.00631762 -0.011933 786.299
16 838   0.00690881 -0.0109665 849.585
16 840   -0.00690881 0.0129716 819.215
16 841   -0.00631762 0.0119505 788.591
16 842   -0.00690881 0.0109752 844.055
16 846   -0.0042409 -0.0237357 859.145
16 847   -0.00329883 -0.0214877 875.876
16 848   -0.00531896 -0.0200391 947.023
16 849   -0.0370266 -0.0219463 955.981
16 850   -0.0378885 -0.0242474 909.939
16 851   -0.0402549 -0.0240374 895.076
16 861   -0.00292523 0.0203957 883.022
16 862   -0.00286669 0.0228943 850.465
16 863   -0.00529383 0.0200804 930.668
16 864   -0.00536454 0.0245438 873.581
16 872   -0.041154 0.0249976 860.417
16 873   -0.0392128 0.0261884 864.545
16 877   -0.00739879 -0.0102574 429.681
16 879   -0.00703883 -0.0103932 712.175
16 880   -0.00724125 -0.0104915 675.709
16 893   -0.00734246 -0.0114596 789.602
16 894   -0.00734246 -0.010847 730.639
16 895   -0.00718492 -0.011081 757.594
16 900   -0.0400722 0.0190155 949.549
16 901   -0.0423512 0.0186899 911.239
16 902   -0.0429377 0.0207052 895.362
16 903   -0.039688 0.0216261 939.103
16 904   -0.0414139 0.0226453 901.204
16 906   -0.00329451 0.0129925 713.011
16 907   -0.000981909 0.0137241 756.134
16 908   -0.0023 0.0145374 765.755
16 919   0.00329825 -0.0130179 707.87
16 956   -0.0501567 -0.00540429 898.517
16 959   -0.0485425 -0.0149516 875.66
16 960   -0.048985 -0.00936237 894.549
16 961   -0.0513283 -0.011453 885.231
16 962   -0.0435736 -0.0108711 902.616
16 963   -0.0464205 -0.0113172 895.686
16 964   -0.045978 -0.0144048 891.519
16 965   -0.0421346 -0.0126883 906.668
16 966   -0.0433674 -0.0151766 903.47
16 967   -0.0396991 -0.0118412 910.795
16 968   -0.0387177 -0.0133326 916.427
16 969   -0.0423594 -0.019811 907.16
16 970   -0.042039 -0.0170553 911.914
16 971   -0.038962 -0.0205858 936.29
16 972   -0.0405 -0.0214014 930.836
16 973   -0.0386071 -0.0179985 955.551
16 974   -0.0398248 -0.0160584 928.129
16 985   -0.0510348 0.0324945 671.632
16 988   -0.0472076 0.0298583 688.472
16 989   -0.0442772 0.0323638 692.668
16 995   -0.0461668 -0.0323578 682.305
16 1048   -0.0100071 -0.0209813 935.381
16 1049   -0.0112593 -0.0229439 907.124
16 1050   -0.00899431 -0.0246495 896.708
16 1051   -0.00727109 -0.0215629 944.631
16 1052   -0.00688712 -0.0232684 913.606
16 1064   0.00568154 -0.0308726 673.172
16 1065   0.00121173 -0.0257306 703.197
16 1066   0.0041916 -0.0265305 688.044
16 1067   -0.00289993 -0.0321055 703.572
16 1068   -0.00224289 -0.028554 714.171
16 1071   0.00386308 -0.0336242 673.231
16 1072   0.000226163 -0.0336242 684.845
16 1076   0.000219217 0.0321141 691.207
16 1079   -0.0345927 0.021028 943.766
16 1080   -0.0329893 0.0230841 912.826
16 1081   -0.0348795 0.0252941 901.796
16 1082   -0.0374536 0.0226426 946.116
16 1083   -0.0372383 0.0248526 904.589
16 1173   0.00151739 0.0128981 874.926
16 1222   0.00568075 0.0250956 704.71
16 1223   0.00567949 0.0326605 671.664
16 1224   0.00386024 0.0297746 682.704
16 1233   -0.0505624 -0.0249868 709.365
16 1234   -0.0490972 -0.0299008 681.592
16 1235   -0.0510348 -0.032543 671.469
16 1240   0.00334937 0.0130458 928.308
16 1241   0.00256725 0.0128761 905.049
16 1242   0.00380841 0.012327 958.404
16 1244   0.00258708 0.0122285 905.233
16 1245   0.00302629 0.0121573 918.029
16 1246   0.00346549 0.012086 939.726
16 1293   -0.0314681 -0.0335257 829.061
16 1294   -0.0294677 -0.028077 880.042
16 1295   -0.0280821 -0.0310257 862.965
16 1296   -0.0355569 -0.0278781 864.696
16 1297   -0.0365732 -0.0308267 796.647
16 1298   -0.0323455 -0.0291027 864.621
16 1299   -0.0333619 -0.0320514 822.089
16 1300   0.00106425 -0.0130472 699.821
16 1301   0.00238608 -0.0138859 711.191
16 1302   0.00187935 -0.0154079 727.104
16 1303   -0.00332334 -0.0151032 899.585
16 1304   -0.00369327 -0.0166604 907.926
16 1305   -0.00201088 -0.0170516 858.667
16 1306   0.000231545 -0.015477 746.367
16 1307   -0.00116289 -0.0160018 812.868
16 1308   -0.002119 -0.014987 850.06
16 1309   -8.35202e-05 -0.0145157 734.371
16 1310   0.000242455 -0.013608 708.855
16 1311   -0.00129299 -0.014262 776.218
16 1313   -0.000492392 -0.0129004 706.257
16 1316   -0.00179224 -0.01274 757.577
16 1317   -0.00129642 -0.0133008 747.149
16 1332   -0.0146905 0.0220153 897.528
16 1334   -0.0163179 0.0270153 877.895
16 1335   -0.0199461 0.025 884.633
16 1345   -0.0117871 0.0230229 902.514
16 1346   -0.0103816 0.0210076 924.504
16 1347   -0.00973749 0.0249877 891.887
16 1348   -0.00708503 0.0216725 941.896
16 1349   -0.00721427 0.0236372 903.894
52 279   -0.00452796 -0.00128293 766.625
52 280   -0.00652483 -0.00245666 762.908
52 281   0.00330811 0.000964412 767.508
52 282   -0.00254598 -0.00236061 780.368
52 283   -0.000175201 0.00534475 762.726
52 284   -0.00439269 0.000946038 751.983
52 285   0.00160389 0.00430244 784.474
52 286   -0.000507963 0.00098854 767.865
52 287   0.00319471 -0.00117565 756.759
52 288   0.00513301 0.00210208 769.048
52 289   -0.000602821 -0.00115402 770.363
52 290   -0.00231586 0.00201093 760.028
52 291   0.00142332 0.00208363 774.247
52 292   -0.00216367 0.00414832 754.94
52 293   0.00109101 -0.00435502 759.324
52 294   -0.0083829 -0.00138104 725.334
52 295   0.00489719 -0.00237014 743.218
52 296   0.00121506 -0.002199 763.728
52 297   -0.00649814 -0.00460064 809.912
52 298   -0.00387569 0.00495319 748.463
52 299   -0.00601236 0.00198493 736.157
52 300   -0.000661599 -0.0052512 772.623
52 301   -0.00248071 -0.00430176 796.119
52 302   0.00271727 -0.00526534 749.345
52 303   0.00336899 0.0052321 819.144
52 304   0.00501331 0.00415096 806.325
52 305   0.00677668 0.00119433 740.271
52 306   0.0045438 -0.00430381 745.753
52 307   -0.00564755 0.00385468 742.324
52 308   -0.0100342 -0.00221248 715.046
52 309   -0.000136421 -0.00816693 736.735
52 310   0.00631831 0.00527926 834.695
52 311   0.00647645 -0.0017889 729.548
52 312   -0.00861235 0.000366181 711.494
52 313   0.00822152 0.00202895 729.77
52 314   0.00841415 0.00353934 746.953
52 315   -0.00770666 0.0015156 717.568
52 316   -0.000976386 -0.00681855 769.312
52 317   0.00372686 0.00685698 862.64
52 318   -0.00374276 -0.0053387 828.582
52 319   0.009852 0.00392261 723.377
52 320   0.00761496 0.00495037 798.49
52 321   -0.00515234 -0.00550947 851.101
52 322   -0.0103877 -0.00355743 719.081
52 323   0.00707305 -0.000427516 725.068
52 324   0.00319355 0.0080172 865.809
52 325   0.00938374 0.000870262 708.099
52 326   0.00772508 -0.00269958 716.635
52 327   0.0106345 0.000909446 699.259
52 328   0.00813859 -0.00368493 725.896
52 329   -0.00249877 -0.00723864 817.169
52 330   0.00604604 0.0068058 891.088
52 331   -0.0112031 -0.00118203 700.48
52 332   -0.00872548 0.00259428 705.164
52 333   -0.00344603 -0.00670822 854.047
52 334   0.00509892 0.00730237 900.711
52 335   -0.00544868 -0.00694574 894.946
52 336   0.00843542 -0.000805672 708.665
52 337   -0.00865003 0.00355576 714.995
52 338   -0.00999846 0.000828843 699.318
52 339   0.00930127 -0.000342521 703.515
52 340   0.0113481 -0.000295058 693.057
52 341   -0.00447493 -0.00738949 895.239
52 342   0.00869972 -0.00192594 704.024
52 343   -0.0108919 0.000486676 697.115
52 344   -0.0113006 -0.000151327 695.689
52 345   -0.00453159 -0.0082603 915.847
52 346   0.00415315 0.00890933 923.586
52 347   0.00935749 -0.00380375 697.339
52 348   -0.00976368 0.00240363 693.346
52 349   0.0095353 -0.00219549 695.273
52 350   0.0108715 -0.000968045 693.034
52 351   -0.010131 0.00178761 694.061
52 352   0.00528292 0.00829892 932.289
52 353   0.0100754 -0.000976323 696.126
52 354   -0.00525876 -0.00872806 950.098
52 355   -0.00959533 0.00388455 691.296
52 356   0.00982295 -0.00337026 687.662
52 357   -0.011439 0.00121464 694.2
52 358   0.00985841 -0.00281066 689.402
52 359   0.0100451 -0.00170902 693.081
52 360   0.00487046 0.00874566 942.988
52 361   0.00594779 0.00863973 956.492
52 362   0.011122 -0.00164912 689.674
52 363   -0.0102727 0.00292678 685.004
52 364   -0.0108173 0.00200937 689.686
52 365   -0.00652831 -0.00935107 955.946
52 366   -0.0112319 0.00177857 691.324
52 367   -0.00519431 -0.0092849 967.078
52 368   0.0106056 -0.00199026 688.483
52 369   -0.00474813 -0.0095134 964.797
52 370   0.0114791 -0.00194231 687.965
52 371   -0.0103563 0.0033749 680.722
52 372   0.00594193 0.00922349 966.317
52 373   0.0104355 -0.00362734 678.33
52 374   -0.0101859 0.00364593 681.654
52 375   0.0106994 -0.00243078 684.778
52 376   0.00521737 0.00928132 967.691
52 377   0.010462 -0.00276471 683.384
52 378   -0.0109483 0.00251569 685.081
52 379   -0.010771 0.00281708 682.259
52 380   0.00562397 0.00941834 959.804
52 381   -0.00598272 -0.00953588 926.52
52 382   -0.00558107 -0.00954722 952.498
52 383   -0.00489455 -0.00989383 964.991
52 384   0.0107218 -0.00337422 676.181
52 385   0.0107128 -0.00307119 678.829
52 386   0.0113186 -0.00241161 684.252
52 387   -0.0115202 0.00212062 689.591
52 388   -0.0113204 0.00263087 684.412
52 389   0.0110553 -0.00255893 682.615
52 390   0.0056864 0.00978843 880.725
52 391   -0.00547912 -0.00983314 898.435
52 392   -0.00607181 -0.00981061 839.022
52 393   -0.00523878 -0.00995124 913.583
52 394   -0.00692141 -0.00947939 923.831
52 395   0.0110308 -0.00349483 672.326
52 396   -0.0109921 0.0030942 678.13
52 397   -0.0107941 0.00345479 675.339
52 398   -0.0114778 0.00246661 686.749
52 399   0.0114903 -0.0026381 682.757
52 400   -0.00628209 -0.00989735 807.901
52 401   -0.0114252 0.00290032 682.178
52 402   0.00586089 0.00994655 798.987
52 403   0.0110897 -0.00283927 679.704
52 404   0.0109846 -0.00301759 677.825
52 405   -0.0056737 -0.00998024 811.408
52 406   -0.0109317 0.00328379 675.914
52 407   -0.00586474 -0.00996905 790.727
52 408   0.011166 -0.00334313 672.992
52 409   -0.00531315 -0.010154 835.821
52 410   -0.0112134 0.00310285 678.025
52 411   -0.0109292 0.00360239 672.814
52 412   -0.0113519 0.0030422 679.948
52 413   0.0114065 -0.00287003 680.098
52 414   0.0111288 -0.00316892 675.576
52 415   0.0112691 -0.00292388 678.863
52 416   0.00580566 0.0101577 686.449
52 417   0.00568894 0.0102363 642.635
52 418   -0.00590068 -0.0101399 688.447
52 419   -0.0060046 -0.0102027 589.237
52 420   0.0114895 -0.00302626 679.018
52 421   0.0112676 -0.00310076 676.633
52 422   0.0113166 -0.00338659 672.193
52 423   -0.0112717 0.00326882 675.644
52 424   -0.0110922 0.00337594 673.763
52 425   -0.0110837 0.00349483 672.283
52 426   -0.011211 0.00335232 673.803
52 427   0.0113573 -0.00317398 676.113
52 428   -0.0111976 0.00351971 671.111
52 429   -0.0114743 0.00316292 679.866
52 430   0.0114419 -0.00315332 677.238
52 431   0.0113692 -0.0032856 674.577
52 432   -0.0112735 0.00344247 672.076
52 433   0.00571926 0.0103572 416.54
52 434   -0.0113781 0.00329436 676.451
52 435   -0.0114422 0.00324911 678.503
52 436   0.0113688 -0.0034626 670.677
52 437   0.0114855 -0.0032471 676.874
52 438   0.0114479 -0.00331267 675.609
52 439   -0.0113468 0.00345805 671.816
52 440   -0.0114051 0.00336962 675.68
52 441   -0.0113888 0.0034231 673.539
52 442   0.011473 -0.00336756 676.032
52 443   -0.0114922 0.00329736 679.368
52 444   -0.0114622 0.00338117 678.488
52 445   -0.0114852 0.00335415 679.453
52 446   -0.0114351 0.00345097 674.006
52 447   0.0114907 -0.00345064 871.53
52 448   0.00586867 0.0104643 2.5303
52 473   0.00804351 0.00823625 904.014
52 474   0.00688768 0.00741314 903.914
52 475   0.00642615 0.00846394 950.275
52 476   0.0067847 0.00803712 925.746
52 477   0.00734507 0.00839701 936.524
52 478   0.00678878 0.00938737 942.173
52 479   0.00683541 0.00894596 966.918
52 480   0.00727027 0.00892971 964.945
52 481   -0.00667912 -0.00967561 878.175
52 482   -0.00649308 -0.00982628 835.163
52 526   -0.000427667 0.00700421 749.427
52 527   -0.00230291 0.00789853 735.467
52 528   -0.000176262 0.00881034 728.443
52 529   0.000525642 0.00767416 749.439
52 530   0.000716455 0.00933506 716.387
52 537   -0.00671757 0.00627917 762.314
52 538   -0.00690639 0.00482559 748.076
52 539   -0.00805108 0.00445875 749.02
52 552   0.0041181 0.00950408 943.611
52 555   0.0100017 0.00522424 740.443
52 629   -0.00560701 -0.0101277 769.043
52 630   -0.00548681 -0.0101833 778.692
52 631   -0.00555088 -0.0102909 688.86
52 632   -0.00579066 -0.0102133 630.811
52 633   -0.00565414 -0.0102805 626.057
52 634   -0.00568804 -0.01019 712.76
52 635   -0.00572073 -0.0103222 486.167
52 636   -0.00579132 -0.0102918 483.858
52 638   -0.00572985 -0.010378 369.568
52 650   0.00774998 -0.00467981 750.348
52 651   0.00617656 -0.00518666 748.865
52 652   0.00628883 -0.00641918 756.807
52 669   -0.00156609 -0.00913228 722.196
52 670   -0.000777373 -0.00925801 718.601
52 740   0.00624165 0.00947892 929.854
52 741   0.00650566 0.0094993 919.305
52 742   0.00654554 0.00980228 838.607
52 743   0.00600542 0.00990686 804.017
52 744   0.00614952 0.00977171 848.742
52 745   0.00626725 0.0100272 770.949
52 746   0.00632077 0.00986706 817.453
52 747   0.00610921 0.0102227 595.899
52 748   0.00603861 0.0100647 742.466
52 749   0.00612919 0.0100897 733.328
52 750   0.00591452 0.0102146 580.821
52 751   0.00600295 0.0101613 661.479
52 752   0.00603431 0.0102342 556.038
52 753   0.00590862 0.010284 448.387
52 754   0.00598312 0.010291 433.826
52 821   0.00542279 -0.00721847 750.929
52 823   -0.00585153 0.00707846 748.588
52 825   -0.0042685 0.00672339 750.503
52 826   -0.0036811 0.00795513 751.422
52 909   -0.00111389 0.00925749 730.2
52 910   -0.00228723 0.00901562 724.506
52 920   0.00118259 -0.00814559 735.838
52 921   0.00251459 -0.00681199 743.96
52 922   0.00394737 -0.00740352 748.599
52 923   0.00378871 -0.00849526 750.251
52 924   0.00152267 -0.0091786 729.574
52 925   0.00269602 -0.00893673 724.631
52 999   0.00160376 0.00919361 719.61
52 1000   0.00171413 0.00815173 757.061
52 1001   0.00254625 0.00853123 772.832
52 1013   -0.00989167 -0.00478515 736.354
52 1027   0.00822491 0.00596095 818.227
52 1028   0.00917382 0.00585156 782.12
52 1029   0.00836536 0.00736042 856.91
52 1030   0.0077699 0.0068972 871.615
52 1033   0.00906124 0.00712676 829.008
52 1034   0.00941469 0.00655414 800.84
52 1205   -0.00255487 -0.00815444 813.405
52 1206   -0.00206779 -0.00876257 750.617
52 1207   -0.00264182 -0.00925054 753.23
52 1208   -0.00389216 -0.00846619 904.217
52 1209   -0.00308254 -0.00891505 860.99
52 1210   -0.00317525 -0.00836978 863.574
52 1211   -0.00431366 -0.00951057 952.777
52 1214   -0.00355641 -0.00923453 915.082
52 1215   -0.00398631 -0.00908695 925.064
52 1230   0.00597142 0.0103496 285.591
52 1372   -0.00776615 -0.005484 818.54
52 1373   -0.00894812 -0.00539918 778.832
52 1374   -0.00912496 -0.00682416 818.232
52 1375   -0.00635651 -0.00738057 905.81
52 1376   -0.00732818 -0.00682765 880.745
52 1377   -0.00746216 -0.00859993 942.401
52 1378   -0.00610993 -0.00829207 941.293
52 1379   -0.0067864 -0.00870052 957.438
52 1380   -0.00846499 -0.00735511 850.688
52 1381   -0.00785018 -0.00727378 883.016
52 1382   -0.00803638 -0.00842451 910.897
52 1383   -0.00768838 -0.0081271 912.974
52 1385   -0.00830319 -0.00820843 891.808
52 1386   -0.00857 -0.00799235 857.397
52 1440   0.0110536 0.00179398 702.711
52 1441   0.0107666 0.00310884 710.562
52 1454   0.00459283 0.00969588 965.023
52 1455   0.00486293 0.00969831 968.86
52 1456   0.00508663 0.00957529 968.095
52 1457   0.00501747 0.0100095 945.058
52 1458   0.00546707 0.00986913 890.114
52 1459   0.00520844 0.00997996 915.814
52 1460   0.00527391 0.00979301 944.418
52 1461   0.00556551 0.0101747 756.904
52 1462   0.00532822 0.0100807 855.314
52 1463   0.005475 0.0100314 831.891
52 1464   0.00548035 0.0102489 753.192
52 1465   0.00535711 0.0101991 807.579
52 1532   -0.00591406 -0.0103473 286.373
52 1533   -0.00584468 -0.0103354 351.722
52 1534   -0.00593045 -0.0103911 134.478
52 1541   -0.00612538 -0.010162 679.653
52 1542   -0.00623249 -0.0100752 754.623
52 1550   -0.0059985 -0.0103074 415.921
52 1551   -0.00596461 -0.0103349 337.373
52 1569   -0.0057732 -0.0103824 300.515
52 1570   -0.0057908 -0.0104156 153.722
52 1571   -0.00581744 -0.0103703 274.552
52 1572   -0.00582596 -0.0104148 106.26
52 1573   -0.00584412 -0.0103921 170.746
52 1574   -0.00587488 -0.0103992 114.887
52 1575   -0.00590063 -0.010403 92.5547
52 1576   -0.00584824 -0.0104288 47.5965
52 1577   -0.0058702 -0.0104193 57.2912
52 1578   0.00586651 0.0103335 340.489
52 1579   0.00580954 0.0103645 294.786
52 1580   0.00584354 0.0104354 26.1863
52 1581   0.00582382 0.0103982 168.813
52 1582   0.00581199 0.0104226 96.5618
52 1583   0.00589843 0.0103581 256.667
52 1584   0.00592883 0.0103672 218.016
52 1585   0.005925 0.0104039 82.9508
52 1586   0.00590174 0.0104117 61.4553
52 1587   0.00586701 0.0104442 8.61743
52 1588   0.0058625 0.0104278 31.8293
52 1589   0.00588503 0.0103916 123.507
52 1590   0.00586738 0.0104007 105.136
52 1591   0.0114304 -0.00342114 673.089
52 1592   0.0114539 -0.00339691 675.357
52 1602   0.0114454 -0.00344818 672.402
52 1606   0.0114727 -0.00341416 676.823
52 1607   0.0114592 -0.00343435 674.656
52 1608   0.0114717 -0.00344585 675.254
52 1609   0.011492 -0.00343977 733.403
52 1611   0.0114878 -0.00341768 679.019
52 1612   0.0114842 -0.00343383 685.527
52 1615   -0.0114882 0.00342487 683.897
52 1616   -0.0114697 0.00341551 679.642
52 1617   -0.0114588 0.00343183 677.703
52 1618   -0.0114919 0.00344484 695.988
52 1621   -0.0114823 0.0034392 684.618
52 1622   -0.0114728 0.00344415 679.468
52 1629   -0.00590882 -0.0104249 34.9347
52 1630   -0.00588341 -0.0104455 8.08414
52 1631   -0.00588748 -0.0104299 25.315
52 1640   -0.00584791 -0.0104437 16.2301
52 1641   -0.00586981 -0.0104594 4.0469
52 1642   -0.0058658 -0.0104498 7.35376
52 1645   0.0058964 0.0104328 16.752
52 1646   0.00587764 0.010457 3.48062
52 1647   0.00588176 0.0104427 8.20285
end
