613
52 304   -0.00448224 -0.00129682 758.148
52 305   -0.00649681 -0.002438 755.506
52 306   -0.00245477 -0.00241815 769.456
52 307   0.00147477 -0.00460842 748.426
52 308   0.0035151 -0.00134405 746.679
52 309   0.00152497 -0.00238386 753.078
52 310   0.00346356 0.000889668 757.125
52 311   -0.00041645 0.00094244 758.268
52 312   -0.00435355 0.000946273 744.888
52 313   -0.000109865 0.00534771 753.86
52 314   0.00167763 0.00428007 772.538
52 315   -0.000467586 -0.00124056 760.027
52 316   0.00152457 0.00203286 763.692
52 317   0.00525953 0.00203957 758.587
52 318   -0.00227494 0.00200794 751.785
52 319   -0.00212141 0.004166 747.688
52 320   -0.00649791 -0.00456629 799.335
52 321   -0.000446731 -0.00542267 758.42
52 322   0.00529693 -0.00244091 734.373
52 323   -0.00826854 -0.00140326 723.114
52 324   -0.00383721 0.00500326 742.865
52 325   -0.00598719 0.00201166 730.755
52 326   -0.00238371 -0.0043757 782.295
52 327   0.00508779 0.00410721 793.974
52 328   0.00344487 0.00520452 804.824
52 329   0.00691112 0.00112396 732.483
52 330   -0.00562439 0.00391058 737.069
52 331   -6.47964e-05 -0.00828909 729.526
52 332   -0.00994973 -0.00216665 713.325
52 333   0.00638674 0.00522835 821.9
52 334   -0.00767337 0.00151581 714.428
52 335   -0.000821599 -0.0069658 753.435
52 336   0.0083016 0.0019513 724.108
52 337   0.00848196 0.00344761 739.331
52 338   -0.00848719 0.000304812 710.583
52 339   0.00678073 -0.00180811 721.319
52 340   -0.00370993 -0.0053691 813.361
52 341   0.00768828 0.0048725 786.617
52 342   0.00991956 0.0037864 718.416
52 343   -0.0104259 -0.00340207 715.307
52 344   -0.00515652 -0.00549897 838.855
52 345   0.00728006 -0.000533673 718.262
52 346   0.00945019 0.000792998 705.81
52 347   -0.0111228 -0.00108949 700.214
52 348   0.00610785 0.00677359 884.146
52 349   -0.00248608 -0.00728579 794.48
52 350   -0.00869887 0.00260765 703.066
52 351   -0.0108602 5.60808e-05 696.482
52 352   -0.00343743 -0.00673606 835.607
52 353   -0.00860923 0.00363703 710.624
52 354   -0.0054827 -0.00692881 888.36
52 355   -0.00990586 0.000686989 699.65
52 356   0.0051612 0.007286 894.603
52 357   0.00860362 -0.00087273 705.289
52 358   -0.00451043 -0.00738871 887.056
52 359   0.011362 -0.000401773 691.967
52 360   0.00938325 -0.0003734 701.673
52 361   0.00808257 -0.00373299 721.482
52 362   0.00779396 -0.00275211 712.053
52 363   -0.0101606 0.00167875 694.334
52 364   -0.00976746 0.00238841 692.842
52 365   -0.00459295 -0.0082505 909.117
52 366   0.00425698 0.00887527 915.142
52 367   0.00903472 -0.00370346 702.008
52 368   -0.0115198 0.000711513 694.283
52 369   0.00534439 0.00829795 926.09
52 370   0.0108899 -0.00101483 692.467
52 371   0.00888901 -0.00178836 700.869
52 372   -0.00957134 0.00399434 689.07
52 373   -0.00536533 -0.00873893 946.791
52 374   0.0101276 -0.00099503 695.159
52 375   -0.0109928 0.00191757 690.847
52 376   0.00857869 -0.0023933 703.055
52 377   0.00956071 -0.00404994 690.395
52 378   0.00962699 -0.00202602 694.017
52 379   0.0060196 0.00867864 955.137
52 380   0.010086 -0.00173202 692.363
52 381   -0.0103203 0.00297003 684.647
52 382   0.00914776 -0.00295289 696.751
52 383   0.00970568 -0.00271639 690.506
52 384   0.00493848 0.00873768 935.618
52 385   0.0111253 -0.00169565 689.723
52 386   -0.0113976 0.00158124 692.847
52 387   0.0101536 -0.00299565 684.714
52 388   -0.00530129 -0.0092923 965.613
52 389   0.0106106 -0.0020443 688.521
52 390   0.0114641 -0.0020242 688.189
52 391   0.00600685 0.00926279 965.261
52 392   0.00709896 0.00920034 966.355
52 393   -0.00482269 -0.00946075 958.631
52 394   -0.00679557 -0.00934777 952.422
52 395   -0.0111113 0.00247882 687.081
52 396   0.00529491 0.00930081 966.093
52 397   -0.010832 0.00282162 683.612
52 398   -0.00639732 -0.00954862 905.828
52 399   -0.0100804 0.00366016 682.155
52 400   0.0106914 -0.00247151 685.38
52 401   -0.0102707 0.00338597 681.768
52 402   0.0100561 -0.00372729 682.111
52 403   0.0105259 -0.00279959 683.359
52 404   0.00568808 0.00944522 959.538
52 405   0.0101996 -0.00341622 681.707
52 406   -0.00566349 -0.00957764 952.871
52 407   0.0112866 -0.00251967 684.711
52 408   -0.00599987 -0.00962633 900.013
52 409   -0.0106743 0.00359621 675.961
52 410   -0.00496002 -0.0098045 968.808
52 411   0.0110286 -0.00261835 683.553
52 412   -0.0114471 0.00263352 686.74
52 413   -0.00550013 -0.0098671 909.731
52 414   -0.0110844 0.00309506 680.586
52 415   0.0103653 -0.00392225 677.565
52 416   0.011441 -0.00281541 682.84
52 417   0.010792 -0.0030561 679.808
52 418   -0.00658099 -0.00978713 824.919
52 419   -0.0109278 0.00363765 673.443
52 420   0.00580364 0.00980629 866.344
52 421   0.00547948 0.00998781 882.388
52 422   0.0108274 -0.00329773 677.14
52 423   -0.0113364 0.0029474 683.424
52 424   0.0105283 -0.0035045 677.592
52 425   0.0110176 -0.00293103 680.655
52 426   -0.00527525 -0.00992551 943.929
52 427   0.0056796 0.00998214 822.722
52 428   -0.0110456 0.00349561 674.785
52 429   0.0107212 -0.00345143 676.271
52 430   -0.0110941 0.00331167 677.77
52 431   -0.00602277 -0.00988742 799.8
52 432   0.010557 -0.00374948 675.877
52 433   0.0111738 -0.00308341 679.153
52 434   -0.00568861 -0.0100249 809.401
52 435   -0.00619171 -0.0100015 728.591
52 436   0.0107553 -0.00380586 673.518
52 437   0.0113393 -0.00306647 680.064
52 438   -0.00635248 -0.0099789 753.761
52 439   0.0108539 -0.00365648 673.457
52 440   -0.011445 0.00309049 682.913
52 441   0.0110356 -0.00337286 675.485
52 442   0.0110843 -0.00356629 672.74
52 443   0.0110088 -0.00369621 671.79
52 444   -0.00587487 -0.00999655 774.878
52 445   0.0111565 -0.00328362 676.729
52 446   0.0114203 -0.00325248 678.834
52 447   -0.0112302 0.00359254 673.444
52 448   -0.00567924 -0.0101661 757.731
52 449   0.00579407 0.0101534 714.884
52 450   -0.011283 0.00335822 678.303
52 451   0.0112027 -0.00358948 672.15
52 452   -0.0114191 0.00327482 681.084
52 453   0.0112605 -0.00337146 675.978
52 454   0.011359 -0.00335727 677.145
52 455   -0.00593242 -0.0101248 662.357
52 456   -0.0113738 0.0033425 679.821
52 457   -0.0112989 0.00348407 676.624
52 458   -0.0112863 0.0036678 672.019
52 459   0.0112582 -0.0034839 674.269
52 460   0.0112497 -0.00367239 670.582
52 461   -0.00601848 -0.0101586 541.81
52 462   -0.0113836 0.0035117 678.463
52 463   0.0113886 -0.0034536 676.501
52 464   -0.0114251 0.00345145 679.85
52 465   0.00578407 0.010232 627.878
52 466   0.0113278 -0.00351144 674.662
52 467   0.00592934 0.0102575 401.079
52 468   0.01143 -0.00348988 677.057
52 469   0.0113156 -0.00362481 671.943
52 470   0.005978 0.0102981 190.064
52 471   0.0113383 -0.00356945 673.825
52 472   0.00587967 0.0102687 439.801
52 473   0.0113505 -0.00365428 671.575
52 474   0.011377 -0.0035772 674.884
52 475   0.0113798 -0.00362278 673.986
52 476   0.0114042 -0.00363567 675.326
52 477   0.00605041 0.0103602 2.59144
52 491   0.0100875 0.00506433 732.94
52 504   -0.000340525 0.00701707 742.467
52 505   -0.00218889 0.00793701 730.882
52 506   -0.0015489 0.00916468 723.981
52 507   -3.60265e-05 0.00881539 723.858
52 508   0.00063495 0.0076741 741.85
52 509   0.000873769 0.00932462 713.346
52 547   -0.00662591 0.00639218 760.154
52 548   -0.0068526 0.00491651 743.775
52 549   -0.00798456 0.00457298 743.988
52 575   0.0029665 -0.00585969 741.923
52 576   0.00297919 -0.00777588 736.458
52 577   0.00527278 -0.00411594 737.661
52 578   0.0043243 -0.00534805 742.521
52 579   0.00536007 -0.00664092 744.782
52 580   0.00661193 -0.00627295 758.871
52 581   0.0078228 -0.00471211 745.684
52 582   0.00667687 -0.00493641 742.716
52 602   -0.00167777 -0.00913341 715.981
52 603   -0.000891367 -0.00927288 714.743
52 680   0.0066836 0.00940633 936.702
52 681   0.00632844 0.00946395 929.684
52 682   0.00625975 0.00968531 864.357
52 683   0.00642788 0.00978432 822.436
52 684   0.00598889 0.0098822 802.689
52 685   0.00611855 0.00980823 823.409
52 686   0.00599555 0.0100209 744.777
52 687   0.00612085 0.0100705 668.175
52 688   0.00592476 0.0101162 679.233
52 689   0.00596444 0.0101837 529.747
52 690   0.00605289 0.0101838 461.649
52 691   0.00613851 0.010166 503.287
52 692   0.00618924 0.010219 400.68
52 693   0.00614459 0.0102564 263.815
52 743   -0.00610414 -0.0101659 492.296
52 744   -0.00617856 -0.0101459 558.545
52 746   0.00423524 0.00944239 935.052
52 748   0.00468295 0.00961425 958.378
52 749   0.00520857 0.00988381 959.186
52 750   0.00506111 0.00961026 967.399
52 755   -0.0113658 0.00362005 675.9
52 756   -0.0114263 0.0035805 680.862
52 757   -0.0113944 0.00357242 678.589
52 758   -0.0113845 0.00364624 675.757
52 766   0.0114296 -0.00364397 738.122
52 768   0.0114195 -0.00362427 682.38
52 770   0.0114233 -0.00360843 678.163
52 773   0.0114259 -0.00358967 677.555
52 774   0.0114219 -0.00354705 676.843
52 775   0.0114065 -0.00356486 676.379
52 777   -0.00609091 -0.0102682 227.483
52 778   -0.006101 -0.0103021 91.775
52 822   -0.00615386 -0.0102366 347.496
52 823   -0.00612812 -0.0102582 270.15
52 838   0.00423475 -0.00829639 757.649
52 839   0.00525784 -0.00767306 749.013
52 840   -0.00574606 0.00717623 745.183
52 841   -0.00418557 0.00679324 745.403
52 842   -0.00355782 0.00801783 747.03
52 936   0.00355318 0.00845365 872.184
52 937   0.00188023 0.00761268 761.564
52 938   0.00322266 0.00682458 821.493
52 939   0.00405149 0.00730411 865.989
52 940   0.00163132 0.00893469 721.242
52 941   0.0019668 0.00836404 747.417
52 942   0.00281092 0.00872548 776.422
52 944   0.00218053 0.00934843 714.196
52 945   0.00277033 0.00924382 725.762
52 948   -0.00633355 -0.00740436 903.424
52 949   -0.00613365 -0.00835268 940.851
52 950   -0.00680423 -0.0087539 958.572
52 951   -0.00995137 -0.00463825 730.171
52 954   -0.00780048 -0.005409 806.718
52 955   -0.00900605 -0.00528029 768.206
52 956   -0.00923004 -0.0066755 800.441
52 957   -0.00861586 -0.00711528 823.94
52 958   -0.00729854 -0.00719265 888.212
52 959   -0.00775283 -0.0066663 855.87
52 960   -0.00736837 -0.00837982 933.196
52 961   -0.0080943 -0.00799138 894.286
52 962   -0.00766278 -0.00776689 900.495
52 964   -0.00765837 -0.00872306 942.132
52 965   -0.0079414 -0.00848555 917.077
52 982   0.00695219 0.00736945 898.812
52 983   0.00668075 0.00826255 936.502
52 984   0.0072438 0.00860429 947.119
52 986   0.00790017 0.00833834 913.385
52 987   0.00836681 0.00794753 873.327
52 1058   0.00225097 -0.00861431 724.84
52 1059   0.00107358 -0.00883566 728.325
52 1147   0.00830166 0.00586345 804.448
52 1148   0.0092633 0.0057165 769.813
52 1149   0.00846271 0.00724691 840.459
52 1150   0.00784447 0.00681516 858.878
52 1152   0.00917685 0.00697803 810.323
52 1153   0.00952025 0.00639934 785.628
52 1202   -0.00292325 -0.00921468 751.242
52 1203   -0.00273804 -0.00817259 799.895
52 1204   -0.00229333 -0.00876664 742.476
52 1205   -0.00396851 -0.00844978 895.316
52 1206   -0.00339371 -0.00835846 854.306
52 1207   -0.0033422 -0.00888278 859.974
52 1208   -0.00443852 -0.00930082 938.778
52 1209   -0.00371503 -0.00904209 901.16
52 1210   -0.00411899 -0.00890612 911.858
52 1213   -0.00386192 -0.00937052 919.376
52 1214   -0.00420721 -0.00950307 937.42
52 1317   0.00606081 0.0102458 306.912
52 1318   0.00610178 0.0102654 225.308
52 1319   0.00603136 0.0103204 51.184
52 1320   0.00602101 0.0102862 181.847
52 1375   0.0108236 0.00294135 707.683
52 1378   0.01131 0.000823824 695
52 1379   0.0105346 0.00144426 702.631
52 1403   0.00679249 0.00959888 881.54
52 1404   0.00660546 0.00975551 833.273
52 1509   -0.00845157 -0.00798487 870.706
52 1510   -0.0087346 -0.00774736 823.936
52 1544   0.00606366 0.0103492 4.41036
52 1545   0.00608879 0.0103032 79.7929
52 1546   0.00605535 0.0103452 6.82541
52 1547   0.00605816 0.0103179 39.9277
52 1548   -0.00604878 -0.0102533 290.603
52 1549   -0.0060132 -0.0102251 395.859
52 1550   -0.00587182 -0.0101776 624.341
52 1551   -0.0058049 -0.0101905 671.256
52 1552   -0.00582804 -0.010247 555.263
52 1553   -0.00591433 -0.0102846 364.45
52 1554   -0.00588197 -0.0102484 483.227
52 1555   -0.00590793 -0.0102198 512.779
52 1556   -0.0059752 -0.0103116 165.291
52 1557   -0.0059466 -0.0102814 324.127
52 1558   -0.00598254 -0.0102446 370.581
52 1559   -0.00595177 -0.0102448 405.706
52 1560   -0.00600348 -0.0102714 274.627
52 1561   -0.00603275 -0.0102743 235.692
52 1562   -0.00600131 -0.0103018 158.606
52 1563   -0.00604056 -0.0102965 135.595
52 1564   -0.0060206 -0.0103129 90.2105
52 1565   -0.00606529 -0.0103319 15.9806
52 1566   -0.00606668 -0.0103095 77.9592
52 1567   -0.00605116 -0.0103553 4.17092
52 1570   -0.00604295 -0.0103401 11.4541
52 1571   -0.00602437 -0.0103341 32.396
52 1590   -0.0114285 0.00362325 685.834
52 1591   -0.0114135 0.00361291 681.456
52 1592   -0.0114002 0.00363102 679.114
52 1593   -0.0114291 0.00364524 699.609
52 1594   -0.0114098 0.00364461 680.161
52 1595   -0.0114212 0.0036391 687.141
52 1601   0.00639135 0.00995678 767.434
52 1602   0.00624246 0.00994426 765.875
52 1603   0.00623811 0.0100678 684.348
52 1652   -0.0103801 0.00391027 677.216
52 1653   -0.0105879 0.00383052 675.185
16 249   -0.044978 0.00332912 899.047
16 250   -0.0451567 -0.00284987 898.986
16 251   -0.049978 0.00827282 890.432
16 252   -0.039978 0.00832574 904.497
16 253   -0.0477766 -0.0217741 772.374
16 254   -0.0397913 -0.0323011 729.072
16 255   -0.0322207 0.0320561 827.604
16 256   -0.0411382 -0.00636199 901.652
16 257   -0.00178629 0.0291551 714.206
16 258   -0.043494 -0.0296588 708.589
16 259   0.00343464 0.0222107 752.35
16 260   -0.00034208 0.0237556 765.322
16 261   -0.0497142 -0.0177496 824.251
16 262   -0.0384814 -0.00705876 904.507
16 263   -0.00607604 -0.0150501 950.905
16 264   -0.00388556 -0.0140643 908.807
16 265   -0.00512676 -0.0140494 945.665
16 266   -0.00704549 -0.0142135 965.454
16 267   0.00585767 0.013089 965.948
16 268   0.00723331 0.0142418 947.118
16 269   -0.00553054 -0.0129396 966.56
16 270   0.00552271 0.0125245 965.297
16 271   -0.0067718 -0.0129722 966.454
16 272   0.00684124 0.0127017 964.178
16 273   -0.00620614 -0.012699 964.82
16 274   0.00693471 0.0120589 902.897
16 275   -0.00476328 -0.0121252 966.784
16 276   -0.00520762 -0.0123433 968.142
16 277   0.00723331 0.0130544 968.786
16 278   -0.00435832 -0.0121224 959.094
16 279   -0.00628877 -0.0119473 904.492
16 280   0.00545608 0.0113458 849.146
16 281   -0.00596278 -0.0117002 883.922
16 282   0.00612934 0.0118734 897.888
16 283   0.00655778 0.011795 865.857
16 284   -0.00555723 -0.0118556 942.075
16 285   -0.00493414 -0.0115593 958.552
16 286   0.00732679 0.0117712 845.949
16 287   0.00667014 0.0113288 786.138
16 288   0.00584727 0.0112732 797.808
16 289   -0.00534447 -0.0115162 916.637
16 290   0.00606755 0.0114673 824.871
16 291   -0.00604407 -0.0112997 801.314
16 292   -0.00632528 -0.0110786 750.645
16 293   0.00638949 0.0111873 766.002
16 294   -0.00548583 -0.0112272 841.567
16 295   -0.00577988 -0.0111661 792.704
16 296   -0.00624081 -0.0108508 678.934
16 297   0.00596921 0.0109345 704.785
16 298   0.00637273 0.0109446 714.052
16 299   -0.00585482 -0.010955 736.604
16 300   0.00617273 0.0108859 676.632
16 301   -0.00634745 -0.0107019 648.443
16 302   -0.00603454 -0.0108608 671.615
16 303   0.00620984 0.010734 614.01
16 499   -0.00722631 -0.0123644 926.605
16 503   -0.00739184 -0.0102579 422.5
16 510   0.00601003 -0.0227737 699.518
16 511   0.00632598 -0.0172391 726.997
16 512   0.00248797 -0.0189643 726.453
16 513   0.00483601 -0.0199165 714.127
16 514   0.00279974 -0.0166451 728.284
16 515   0.00514778 -0.0157105 732.305
16 516   0.00454822 -0.0132583 732.052
16 517   0.00573061 -0.0139527 746.572
16 518   0.00513523 -0.011896 754.124
16 519   -0.00559574 0.014148 794.759
16 520   -0.00441336 0.0134124 738.052
16 521   -0.00513523 0.0119166 729.929
16 524   -0.0443147 -0.0225038 825.371
16 525   -0.0429624 -0.0254745 786.23
16 535   -0.00991783 -0.0304439 796.757
16 536   -0.00730227 -0.0334813 737.351
16 537   -0.00831341 -0.0271495 831.363
16 538   -0.00504087 -0.0266354 783.744
16 540   -0.049779 0.0184217 813.476
16 541   -0.0473123 0.0259428 711.955
16 542   -0.0511395 0.0239929 715.045
16 543   -0.0484185 0.0211729 778.877
16 544   -0.0440382 0.0244675 784.963
16 545   -0.0451444 0.0217781 822.235
16 552   -0.0355239 0.030738 806.709
16 553   -0.0410091 0.0310458 722.398
16 554   -0.0391971 0.0336819 726.962
16 555   -0.0359478 0.027948 848.418
16 556   -0.0387242 0.0282557 803.397
16 566   -0.000643944 -0.0215641 774.587
16 567   -1.20322e-05 -0.0190307 778.778
16 568   -0.00206681 0.0212118 846.531
16 569   -0.00197702 0.017873 845.019
16 583   -0.0358772 -0.0253781 894.937
16 584   -0.0345385 -0.0210257 940.901
16 585   -0.032882 -0.023077 909.858
16 593   -0.0139197 0.0319979 827.05
16 596   -0.0049135 0.0302165 740.933
16 597   -0.00735841 0.0334055 748.364
16 598   -0.0101132 0.0304034 807.948
16 599   -0.00636043 0.0271209 810.606
16 600   -0.00897605 0.0273079 840.741
16 607   -0.00252406 -0.0128866 807.729
16 608   -0.00341597 -0.0131338 894.602
16 609   -0.00392928 -0.0125197 923.799
16 611   -0.00270798 -0.012326 798.106
16 612   -0.00336678 -0.012219 875.195
16 667   -0.0242362 -0.0325 853.089
16 668   -0.0296843 -0.0245514 895.708
16 669   -0.026331 -0.0225 893.997
16 670   -0.0208917 -0.0297313 862.411
16 671   -0.0220775 -0.0247313 883.247
16 672   -0.0135864 -0.0291939 841.201
16 673   -0.0161382 -0.0322313 832.379
16 674   -0.0142478 -0.0241939 890.013
16 676   -0.0164315 -0.0222313 890.993
16 677   -0.0195397 -0.0222313 887.542
16 700   -0.0471575 0.0161464 870.618
16 701   -0.0473565 0.0130747 882.886
16 702   -0.0423565 0.0130747 905.223
16 703   -0.0386395 0.0173372 945.28
16 704   -0.043297 0.016817 901.895
16 705   -0.041018 0.0154759 913.896
16 745   0.00329822 -0.013018 708.314
16 781   -0.00665041 -0.0111697 766.407
16 782   -0.00669519 -0.0116378 834.96
16 783   -0.00706708 -0.0117818 849.032
16 784   -0.00686305 -0.0109359 738.949
16 785   -0.00701628 -0.0104031 694.989
16 786   -0.0072326 -0.010491 656.006
16 787   -0.00672526 -0.0106536 716.692
16 788   -0.00646642 -0.0106396 680.772
16 789   -0.00654712 -0.0105973 708.565
16 800   -0.00678706 -0.0105232 726.95
16 801   -0.00686777 -0.0104809 722.228
16 844   -0.00734076 -0.0114548 795.865
16 845   -0.00734076 -0.0108404 718.001
16 846   -0.00718153 -0.011077 754.493
16 856   0.00690881 -0.0129376 777.801
16 857   0.00631762 -0.0119334 787.192
16 858   0.00690881 -0.0109667 850.715
16 860   -0.00690881 0.0130201 820.372
16 861   -0.00631762 0.0119747 788.966
16 862   -0.00690881 0.0109873 844.34
16 868   -0.00424129 -0.0237357 849.957
16 869   -0.00329909 -0.0214877 868.342
16 870   -0.00531914 -0.0200392 943.283
16 871   -0.0370267 -0.0219464 955.28
16 872   -0.0378886 -0.0242474 906.436
16 873   -0.040255 -0.0240374 890.678
16 887   0.00696047 0.0111957 768.211
16 888   0.00724018 0.0113742 787.254
16 889   0.00741339 0.0110983 750.773
16 890   0.00725951 0.0108545 720.038
16 891   0.00697979 0.0109287 735.154
16 892   0.00738942 0.0102938 474.267
16 894   0.00701437 0.0104187 694.673
16 895   0.00723553 0.0105386 663.337
16 900   -0.041154 0.0249976 850.986
16 901   -0.0392127 0.0261884 855.683
16 910   -0.0400722 0.0190154 946.92
16 911   -0.0423512 0.0186899 908.592
16 912   -0.0429376 0.0207052 891.733
16 913   -0.039688 0.0216261 937.472
16 914   -0.0414139 0.0226453 897.887
16 915   -0.00548506 0.0207058 930.872
16 916   -0.00426178 0.0225168 880.575
16 917   -0.00574962 0.0246209 868.024
16 988   -0.0501567 -0.00540447 895.278
16 991   -0.0485426 -0.0149517 869.239
16 992   -0.0489851 -0.00936261 890.816
16 993   -0.0513284 -0.0114531 880.102
16 994   -0.0435736 -0.0108715 899.863
16 995   -0.0464205 -0.0113175 892.157
16 996   -0.045978 -0.014405 887.502
16 997   -0.0421346 -0.0126886 904.158
16 998   -0.0433674 -0.0151768 900.836
16 999   -0.0396992 -0.0118417 908.318
16 1000   -0.0387177 -0.0133329 913.542
16 1001   -0.0423594 -0.0198111 904.413
16 1002   -0.0420391 -0.0170554 909.341
16 1003   -0.038962 -0.0205858 938.414
16 1004   -0.0405001 -0.0214015 926.776
16 1005   -0.0386071 -0.0179985 953.128
16 1006   -0.0398248 -0.0160584 924.485
16 1012   -0.0510348 0.0324945 671.478
16 1015   -0.0472076 0.0298583 687.446
16 1016   -0.0442772 0.0323638 691.34
16 1022   -0.0461668 -0.0323578 681.624
16 1030   0.0066997 0.0105014 724.454
16 1031   0.00688061 0.0105708 711.136
16 1032   0.00682206 0.0107651 718.463
16 1033   0.00651934 0.0108172 694.687
16 1034   0.00661361 0.0106283 702.667
16 1035   0.00666869 0.010763 707.247
16 1037   0.00631378 0.0106795 629.366
16 1038   0.00648218 0.0106151 683.981
16 1039   0.00642328 0.010704 664.318
16 1071   -0.00316336 0.0131514 715.171
16 1072   -0.00184574 0.0133653 722.645
16 1104   0.00568154 -0.0308726 672.962
16 1105   0.00121161 -0.0257307 701.473
16 1106   0.00419156 -0.0265306 687.26
16 1107   -0.00290009 -0.0321055 701.793
16 1108   -0.00224312 -0.0285541 711.239
16 1111   0.00386307 -0.0336242 673.044
16 1112   0.000226149 -0.0336242 684.18
16 1113   0.000171638 0.0323441 689.706
16 1120   -0.0100083 -0.0209813 931.6
16 1121   -0.0112608 -0.0229439 904.33
16 1122   -0.00899494 -0.0246495 892.8
16 1123   -0.00727136 -0.0215629 944.668
16 1124   -0.00688758 -0.0232685 909.727
16 1127   -0.0345926 0.021028 940.896
16 1128   -0.0329891 0.0230841 910.742
16 1129   -0.0348793 0.0252941 898.982
16 1130   -0.0374535 0.0226426 943.772
16 1131   -0.0372381 0.0248526 901.621
16 1194   -0.0505624 -0.0249868 707.236
16 1195   -0.0490972 -0.0299008 680.993
16 1196   -0.0510348 -0.032543 671.325
16 1223   0.00562803 0.0252432 701.292
16 1224   0.0056812 0.032633 671.528
16 1225   0.00380923 0.0299771 681.359
16 1238   0.00114152 0.0133899 847.641
16 1239   -0.000397611 0.0165696 832.305
16 1240   -0.000704222 0.014469 795.142
16 1241   0.00640331 0.0180036 855.108
16 1242   0.00420992 0.0189794 822.836
16 1243   0.00219263 0.0172101 861.301
16 1244   0.00334589 0.0160782 886.253
16 1245   0.00536318 0.0162062 897.514
16 1246   0.00619318 0.0149148 924.1
16 1247   0.00520962 0.0141147 936.794
16 1248   0.00214109 0.0140507 886.328
16 1249   0.00294215 0.0151263 893.521
16 1250   0.00397588 0.0144542 912.315
16 1251   0.00281698 0.0132773 902.854
16 1252   0.0036746 0.013709 918.555
16 1253   0.00399265 0.0128344 945.726
16 1255   0.00346442 0.0123493 928.359
16 1256   0.00280561 0.0124562 904.521
16 1270   0.00432033 0.0123087 966.136
16 1272   0.00490106 0.0122793 965.634
16 1273   0.00503957 0.011564 927.586
16 1321   -0.0117659 0.0229969 900.037
16 1322   -0.0103735 0.020999 922.99
16 1323   -0.00967304 0.0249013 888.709
16 1324   -0.00758453 0.0219045 941.341
16 1325   -0.00766906 0.0238089 901.548
16 1331   -0.0314683 -0.0335257 819.777
16 1332   -0.0294682 -0.028077 874.128
16 1333   -0.0280826 -0.0310257 854.404
16 1334   -0.0355571 -0.0278781 856.45
16 1335   -0.0365733 -0.0308267 788.128
16 1336   -0.0323458 -0.0291027 856.463
16 1337   -0.033362 -0.0320514 812.968
16 1384   0.00106419 -0.0130472 699.921
16 1385   0.00238599 -0.0138859 710.846
16 1386   0.00187914 -0.015408 725.117
16 1387   -0.00332401 -0.0151029 892.962
16 1388   -0.00201122 -0.0170517 848.218
16 1389   0.000231179 -0.015477 741.424
16 1390   -0.00116336 -0.0160018 801.512
16 1391   -0.00211962 -0.0149869 834.889
16 1392   -8.38667e-05 -0.0145157 729.837
16 1393   0.000242301 -0.013608 707.374
16 1394   -0.00129355 -0.0142619 764.762
16 1396   -0.000492488 -0.0129004 703.836
16 1399   -0.00179251 -0.0127399 745.572
16 1400   -0.00129678 -0.0133007 738.039
16 1406   -0.00618693 0.0155049 848.027
16 1409   -0.00609669 0.0188112 923.496
16 1410   -0.00478363 0.0172834 871.52
16 1413   -0.0146749 0.0219979 894.15
16 1480   -0.0242675 0.0325 854.605
16 1481   -0.0288582 0.0295561 865.523
16 1482   -0.0221364 0.0225 887.717
16 1483   -0.0264256 0.0225 894.094
16 1484   -0.0297891 0.0245561 895.974
16 1485   -0.0184957 0.0244979 883.742
16 1486   -0.0186963 0.0294979 861.461
16 1498   -0.00683701 -0.0176904 959.013
16 1499   -0.00551103 -0.0185069 947.396
16 1500   -0.00586756 -0.0162141 943.328
16 1501   -0.00435672 -0.016252 914.362
16 1502   -0.00400019 -0.0171858 908.284
end
