512
16 1   -0.0449783 0.00325594 828.278
16 2   -0.0451575 -0.00292626 828.176
16 3   -0.0477788 -0.0217786 713.888
16 4   -0.0398003 -0.0323018 697.009
16 5   -0.0322462 0.0320583 738.28
16 6   -0.0411399 -0.00645177 838.951
16 7   -0.00185193 0.0288873 690.025
16 8   -0.0435004 -0.0296603 688.836
16 9   -0.0497153 -0.0177534 741.318
16 10   -0.0384823 -0.00714394 850.094
16 11   0.0040533 0.0172823 711.509
16 12   -0.00113741 0.0153384 713.978
16 13   0.000837804 0.015072 710.194
16 14   -0.00504466 0.0133773 767.72
16 15   0.00528128 0.0132101 753.727
16 16   0.00230146 0.0159248 713.978
16 17   0.00352944 0.0137562 722.428
16 475   -0.00572642 0.0119701 799.119
16 476   -0.00690881 0.011871 871.444
16 486   -0.00572642 -0.0117626 773.507
16 487   0.00572642 0.0118337 789.837
16 488   -0.00661321 0.010985 881.328
16 489   -0.0072044 0.0106753 921.282
16 490   -0.0443199 -0.0225104 734.687
16 491   -0.0429715 -0.0254782 713.387
16 501   -0.0497795 0.0184202 734.602
16 503   -0.047315 0.0259432 691.394
16 504   -0.0511398 0.0239921 693.908
16 505   -0.0484193 0.0211705 716.093
16 506   -0.0440424 0.0244677 713.341
16 507   -0.0451467 0.0217756 731.398
16 516   -0.0139098 -0.0319548 735.983
16 519   -0.0100882 -0.0304323 723.61
16 520   -0.00736376 -0.0334774 702.988
16 521   -0.00871757 -0.0270927 736.843
16 522   -0.00571103 -0.0265039 719.197
16 523   -0.0355405 0.0307408 725.776
16 524   -0.0410146 0.0310475 694.586
16 525   -0.0392027 0.0336825 696.869
16 526   -0.0359687 0.0279524 746.027
16 527   -0.0387361 0.0282591 720.278
16 532   0.00414199 0.019739 701.893
16 533   0.00655235 0.0225215 689.636
16 534   0.00465705 0.025191 683.022
16 535   -0.000357227 0.0246868 696.476
16 536   0.00198916 0.0210638 700.745
16 537   0.00250422 0.0237532 690.898
16 538   -0.00157166 0.0231415 708.477
16 539   -0.000172922 0.0208533 709.735
16 542   -0.032942 -0.0230775 855.215
16 550   -0.00497833 0.0301146 699.034
16 551   -0.00740353 0.0333715 702.866
16 552   -0.0101673 0.030359 723.417
16 553   -0.00644099 0.0269799 719.773
16 554   -0.00904318 0.0272242 736.479
16 555   -0.0029536 -0.0321103 688.525
16 556   -0.00267155 -0.0284763 694.232
16 557   0.000649994 -0.0268147 687.574
16 558   0.00400448 -0.0277143 678.098
16 559   0.00424593 -0.0210634 698.712
16 560   0.00582276 -0.0239663 686.316
16 561   0.000158394 -0.0187429 717.257
16 562   2.61116e-06 -0.0235463 700.109
16 563   0.00178028 -0.0215431 701.359
16 564   -0.00164695 -0.0219213 717.898
16 565   -0.00159159 -0.0195709 728.916
16 567   -0.00622704 0.0149449 823.694
16 596   -0.00188585 0.0132767 701.674
16 597   -0.00320347 0.0130629 707.146
16 618   -0.0471585 0.0161379 772.155
16 619   -0.0473572 0.0130555 792.512
16 620   -0.0423572 0.0130555 844.12
16 621   -0.0386398 0.0173365 905.547
16 622   -0.0432982 0.0168077 828.228
16 623   -0.0410187 0.0154682 868.928
16 626   -0.0147538 -0.0219548 803.641
16 641   -0.0243292 0.0325 755.322
16 642   -0.028916 0.0295583 762.461
16 643   -0.026513 0.0225 812.332
16 644   -0.0298295 0.0245583 814.079
16 645   -0.0223467 0.0247437 786.192
16 646   -0.0210764 0.0297437 761.991
16 647   -0.0148386 0.0242312 788.443
16 648   -0.0162776 0.0322437 743.007
16 649   -0.0138678 0.0292312 745.672
16 651   -0.0170754 0.0222437 794.816
16 652   -0.0199617 0.0222437 793.535
16 658   -0.0505635 -0.0249876 690.012
16 801   0.00690881 0.010762 877.755
16 802   0.00690881 0.0116665 834.949
16 805   -0.00690881 -0.0115598 843.244
16 806   -0.00690881 -0.0107264 873.286
16 808   0.00309682 -0.0130038 722.838
16 809   0.0017792 -0.0132176 714.108
16 810   0.000321268 -0.0148401 713.856
16 811   0.00124445 -0.016703 717.786
16 812   0.00690881 -0.0133914 798.581
16 813   0.00434682 -0.0133156 755.485
16 814   0.00513523 -0.0119675 801.604
16 815   0.00602202 -0.011951 833.128
16 816   0.00661321 -0.0125373 827.909
16 817   0.00631762 -0.0108435 879.449
16 818   0.00631762 -0.0112916 867.702
16 819   0.00705661 -0.0104 938.809
16 820   0.00676101 -0.0107789 902.748
16 821   0.00705661 -0.0109593 907.776
16 823   0.0073522 -0.010748 928.129
16 824   0.0073522 -0.0104127 954.872
16 830   -0.0370471 -0.0219477 921.751
16 831   -0.0402707 -0.0240415 786.01
16 838   0.00272459 0.0127964 710.61
16 839   0.00140697 0.0130103 706.995
16 848   -0.00664956 -0.0178412 878.885
16 849   -0.0032755 -0.0187143 765.244
16 850   -0.00409826 -0.0171979 778.837
16 851   -0.00579913 -0.0165156 825.188
16 852   -0.00664956 -0.0145078 812.141
16 853   -0.00546718 -0.0134607 767.666
16 854   -0.0018575 -0.0146666 713.837
16 855   -0.00350707 -0.015841 745.973
16 856   -0.00402555 -0.0141116 730.86
16 858   -0.0030348 -0.0128302 700.942
16 859   -0.00171718 -0.013044 699.157
16 867   -0.0411621 0.0249992 739.817
16 868   -0.0392262 0.0261919 743.984
16 869   -0.0400734 0.0190142 908.727
16 870   -0.0423529 0.0186871 846.248
16 871   -0.0429405 0.0207029 790.488
16 872   -0.039693 0.0216263 891.337
16 873   -0.0414204 0.0226453 799.381
16 885   -0.051035 0.0324945 670.077
16 888   -0.0472102 0.0298595 678.772
16 889   -0.0442803 0.032365 680.587
16 892   -0.00205579 0.0173297 733.856
16 893   -0.00143848 0.0195451 725.807
16 894   -0.00464543 0.0167287 794.656
16 895   -0.00591839 0.018345 873.562
16 901   -0.0461686 -0.0323585 675.457
16 904   -0.051035 -0.032543 669.982
16 905   -0.0490985 -0.0299015 675.49
16 967   0.000226909 -0.0336328 678.51
16 968   0.00386345 -0.0336328 671.49
16 969   0.0001334 0.0321442 679.443
16 972   0.00567623 0.0322374 670.052
16 973   0.00378093 0.0293816 675.343
16 985   -0.00382337 0.0232136 735.066
16 986   -0.00582383 0.0244799 748.469
16 987   -0.00343266 0.0209618 762.383
16 988   -0.00532293 0.0203628 865.845
16 989   -0.0501575 -0.00542511 815.78
16 992   -0.0485441 -0.0149632 772.74
16 993   -0.0489863 -0.00938758 805.448
16 994   -0.0513288 -0.0114625 789.537
16 995   -0.0435763 -0.0109135 829.714
16 996   -0.0464227 -0.0113504 806.979
16 997   -0.0459805 -0.0144261 794.788
16 998   -0.0421369 -0.0127199 844.146
16 999   -0.04337 -0.015195 828.569
16 1000   -0.0397005 -0.0118742 860.388
16 1001   -0.0387182 -0.0133486 873.014
16 1002   -0.042364 -0.0198189 828.008
16 1003   -0.0420412 -0.0170658 855.152
16 1004   -0.0389704 -0.0205889 931.812
16 1005   -0.0405115 -0.0214068 874.201
16 1006   -0.0386077 -0.0180003 915.125
16 1007   -0.0398259 -0.0160651 886.906
16 1011   -0.00488949 -0.0237095 747.748
16 1012   -0.00335854 -0.0222398 741.024
16 1013   -0.00582681 -0.0201908 898.043
16 1014   -0.00415362 -0.0203817 799.582
16 1037   0.00646366 0.0163504 720.222
16 1038   0.00646366 0.0144469 745.104
16 1058   -0.0345924 0.0210291 900.536
16 1059   -0.0330003 0.0230874 857.318
16 1060   -0.0349033 0.025299 812.234
16 1061   -0.0374634 0.0226444 900.888
16 1062   -0.0372549 0.024856 813.229
16 1085   -0.0117715 -0.0229323 813.805
16 1086   -0.0093993 -0.0245927 786.607
16 1087   -0.00735776 -0.0216604 896.978
16 1088   -0.00721552 -0.0233209 817.92
16 1111   0.0072044 -0.0121148 862.076
16 1112   0.0072044 -0.0113299 896.882
16 1113   0.00690881 -0.0115976 880.224
16 1123   0.00568173 -0.0295313 672.779
16 1124   0.00568173 -0.0322657 669.862
16 1150   -0.0243311 -0.0325 755.334
16 1151   -0.0222938 -0.0225 796.341
16 1152   -0.0297931 -0.0245516 813.713
16 1153   -0.02652 -0.0225 812.683
16 1154   -0.0185593 -0.0244548 785.131
16 1155   -0.0187168 -0.0294548 758.815
16 1156   -0.011822 0.0229812 812.804
16 1157   -0.00972712 0.0248464 782.702
16 1158   -0.00761019 0.0218653 894.564
16 1159   -0.00772038 0.0237305 810.209
16 1310   -0.0499783 0.00575709 815.389
16 1311   -0.0499783 0.0107571 796.5
16 1351   0.00523338 -0.0183522 710.126
16 1352   0.00385377 -0.016792 719.483
16 1353   0.0048394 -0.0151341 738.358
16 1354   0.00621901 -0.0149332 753.81
16 1356   0.0068102 -0.0162325 732.873
16 1357   0.0068102 -0.0179937 713.458
16 1377   -0.0115255 -0.0209774 848.24
16 1378   -0.00929551 -0.0209774 892.007
16 1381   -0.0315108 -0.0335258 734.957
16 1382   -0.0281828 -0.0310258 755.514
16 1383   -0.0295762 -0.0280775 771.086
16 1384   -0.0365963 -0.0308276 716.51
16 1385   -0.0324068 -0.0291033 754.696
16 1386   -0.0334015 -0.0320516 730.085
16 1387   -0.0346708 -0.0252542 816.526
16 1388   -0.0368507 -0.0280043 738.665
16 1389   -0.0343525 -0.0277542 761.415
16 1390   -0.0383473 -0.0254003 781.418
16 1391   -0.0366648 -0.0241244 854.632
16 1392   -0.0399783 0.0107566 853.681
16 1393   -0.0399783 0.0057554 841.842
16 1432   -0.00930817 0.0209937 891.372
16 1433   -0.0115132 0.0209937 846.728
16 1456   -0.0335178 -0.0210258 888.504
16 1457   -0.0356288 -0.0210258 915.757
52 283   -0.00270028 0.00219245 697.483
52 284   -0.0026988 0.00443717 699.311
52 285   0.00143252 0.00224086 698.08
52 286   -0.000525979 0.00548595 701.646
52 287   0.00137064 -0.00223266 697.983
52 288   -0.000616774 0.00108896 697.893
52 289   -0.00258846 -0.00228299 697.734
52 290   -0.000619338 -0.00111976 697.909
52 291   -0.00459952 0.000996305 695.379
52 292   0.00152183 0.00439313 700.221
52 293   0.010759 0.000781909 684.839
52 294   0.00130117 -0.00440645 699.877
52 295   0.00325941 -0.00112443 696.127
52 296   0.00331872 0.00114038 696.095
52 297   -0.00448513 -0.00127042 695.419
52 298   -0.00659027 0.00185539 693.393
52 299   -0.00249692 -0.00440902 700.086
52 300   -0.000597278 -0.00541958 701.786
52 301   -0.00995835 0.000758106 687.631
52 302   -0.00806723 0.000388917 690.735
52 303   0.0068566 0.000947168 690.88
52 304   -0.00452342 0.00534537 698.387
52 305   0.00512517 0.00207788 694.018
52 306   0.00677144 -0.000892653 691.477
52 307   0.00276868 -0.00750671 705.485
52 308   0.00498069 -0.00202675 694.546
52 309   0.00293092 -0.00544482 700.263
52 310   -0.00616737 -0.00225772 693.167
52 311   0.00322444 0.00535324 701.568
52 312   0.00826007 0.00210516 688.229
52 313   0.0034379 0.00724745 708.055
52 314   0.00985855 0.00222442 685.097
52 315   0.0102263 -0.00117501 685.378
52 316   -0.00398679 -0.0053856 701.318
52 317   -0.00386354 -0.00725147 709.14
52 318   -0.00775871 -0.00145747 690.631
52 319   -0.00693306 0.00351045 694.055
52 320   -0.00644613 -0.00389556 692.882
52 321   0.00544067 0.00371072 694.575
52 322   -0.00558662 -0.00496971 696.705
52 323   0.00791776 -0.00191331 690.24
52 324   0.0109881 -0.00276254 686.592
52 325   0.00518613 -0.00362104 695.341
52 326   0.00443943 -0.00486068 697.558
52 327   -0.00953307 0.00415691 690.494
52 328   0.00468422 0.00483845 698.49
52 329   -0.00609722 0.00468341 695.8
52 330   -0.00889207 -0.00254967 688.629
52 331   0.00803586 0.00379755 688.125
52 332   -0.0101972 -0.00260469 686.121
52 333   0.0069479 0.0042724 690.743
52 334   0.00906868 -0.00191115 688.45
52 335   -0.00830313 0.00413515 693.277
52 336   0.00706254 0.00567415 690.707
52 337   0.00659839 -0.00413307 693.938
52 338   0.00753927 -0.00355944 692.185
52 339   -0.00644404 -0.00614744 697.06
52 340   0.00560788 -0.00688936 696.336
52 341   0.0101072 -0.00406661 687.399
52 342   0.0054746 -0.00583044 696.688
52 343   0.0105654 0.00379268 684.38
52 344   -0.00784788 -0.00427363 689.252
52 345   0.00847459 -0.00424107 691.723
52 346   0.0100637 -0.00535431 690.504
52 347   0.00657994 -0.00533215 694.872
52 348   0.00926688 -0.00349757 689.392
52 349   0.00899904 0.00460733 686.122
52 350   -0.00870247 -0.00372798 688.439
52 351   -0.00654432 0.00706058 692.468
52 352   -0.00710491 0.00563771 695.69
52 353   0.00854503 -0.00533971 694.018
52 354   -0.0100188 0.00540293 692.066
52 355   -0.0107216 -0.00378351 685.633
52 356   0.00993014 0.0044832 686.159
52 357   -0.00808125 0.00535258 695.481
52 358   0.00789224 0.00613074 683.067
52 359   0.00929389 -0.00588392 695.815
52 360   -0.00715778 0.00647151 695.703
52 361   0.0066271 -0.00716695 691.654
52 362   0.00724894 -0.00587842 694.913
52 363   -0.00742943 -0.00614977 686.291
52 364   -0.00815971 -0.00515861 687.175
52 365   0.00799647 -0.00589168 695.683
52 366   -0.00863712 0.00596864 697.529
52 367   -0.00934474 0.00599723 697.565
52 368   -0.00943334 -0.00432673 687.559
52 369   -0.0101474 -0.00432724 687.532
52 370   0.00895599 0.00541224 685.03
52 371   -0.00791929 -0.00569981 685.81
52 372   0.00716283 -0.00665431 694.812
52 373   -0.00794676 0.00684466 698.759
52 374   0.00856515 0.00575902 683.572
52 375   0.010308 0.00521376 687.58
52 376   -0.00844978 0.00662691 700.629
52 377   0.00931974 -0.00671315 702.565
52 378   -0.00892683 -0.00526629 686.457
52 379   -0.00934586 -0.00498006 687.428
52 380   0.00818954 -0.00661752 698.046
52 381   -0.00950204 0.00664422 703.007
52 382   0.00773298 -0.00692241 696.633
52 383   0.00896578 -0.00695435 705.125
52 384   0.00855631 -0.00691066 701.608
52 385   -0.00848773 -0.00609666 682.603
52 386   -0.00842758 -0.00651657 679.877
52 387   -0.00884639 -0.00672449 678.151
52 388   0.00763312 -0.00765762 695.563
52 389   0.00784464 -0.00734435 697.359
52 390   0.00952305 0.00570786 685.496
52 391   -0.00804461 0.0073225 700.251
52 392   -0.00791327 0.00762884 698.467
52 393   -0.00908112 -0.0057361 685.333
52 394   0.00894228 0.00623029 681.185
52 395   -0.00880555 0.00697734 705.637
52 396   0.00989514 0.00573828 687.565
52 397   -0.00888244 -0.00602526 683.373
52 398   -0.00915019 0.00696607 707.439
52 399   0.00887759 0.00655948 678.713
52 400   0.0101088 0.005641 688.282
52 401   -0.00945763 -0.00588269 686.692
52 402   0.00932562 0.0062609 682.537
52 403   0.00910158 -0.00740119 715.225
52 404   0.00951555 0.00608524 684.808
52 405   -0.00918137 -0.00655959 680.577
52 406   0.00791109 -0.00793554 695.97
52 407   0.00847614 -0.00732999 704.198
52 408   0.00822102 -0.00745878 700.878
52 409   -0.0091971 0.0073355 716.335
52 410   -0.00915727 -0.00628026 682.851
52 411   -0.0087417 0.0073256 710.444
52 412   -0.00945112 -0.00619215 685.785
52 413   0.0100338 0.00611286 689.569
52 414   0.00982986 0.00623957 688.14
52 415   -0.00823341 0.00786038 701.278
52 416   0.00916754 0.0067524 677.175
52 417   -0.00839451 0.00746877 705.251
52 418   0.00868625 -0.00752982 710.904
52 419   -0.00963259 -0.00635087 687.848
52 420   -0.00897289 0.00748866 720.719
52 421   -0.00859213 0.00746149 710.125
52 422   0.00890221 -0.00755733 719.446
52 423   -0.00985081 -0.00633597 692.042
52 424   0.00828492 -0.00771728 701.537
52 425   0.0081865 -0.00788076 698.604
52 426   0.00945394 0.0065112 681.821
52 427   -0.00943548 -0.00666094 681.915
52 428   -0.00896283 0.00772295 736.902
52 429   -0.00833281 0.0080283 701.022
52 430   0.00936056 0.00667351 678.931
52 431   0.00980373 0.0065303 689.766
52 432   -0.00839591 0.00771169 706.007
52 433   -0.00881676 0.00779072 737.921
52 434   0.00991028 0.0064281 690.631
52 435   -0.00953469 -0.00679549 681.591
52 436   -0.00959285 -0.00654033 686.705
52 437   0.00964438 0.00656913 684.754
52 438   -0.00867725 0.00769233 718.753
52 439   -0.00855821 0.00779337 713.324
52 440   0.00950806 0.00678806 678.626
52 441   0.0089758 -0.00774791 734.52
52 442   0.00964109 0.00672514 683.028
52 443   -0.00880768 0.00794039 761.616
52 444   -0.00971947 -0.0066365 691.006
52 445   0.0087639 -0.00783741 729.65
52 446   -0.00858858 0.00791747 716.762
52 447   0.00888207 -0.00781989 739.705
52 448   -0.00852569 0.00800371 709.365
52 449   -0.00982981 -0.00663879 698.332
52 450   0.00989931 0.00663609 695.323
52 451   -0.00970327 -0.00674723 689.965
52 452   -0.00869853 0.00796611 737.28
52 453   -0.00860594 0.00808203 714.143
52 454   0.00891662 -0.00791756 759.256
52 455   0.00971686 0.00678523 684.903
52 456   -0.00869506 0.00805651 739.696
52 457   0.00984267 0.00671347 697.21
52 458   -0.00886429 0.00801009 796.912
52 459   0.00884921 -0.00797432 771.347
52 460   0.00978307 0.00676095 692.244
52 461   0.00885337 -0.00804029 803.894
52 462   0.00980921 0.00681273 697.06
52 463   0.00984844 0.00680894 726.385
52 464   0.00986079 0.00682774 799.173
52 465   -0.00881508 0.00813859 481.331
52 492   0.00387702 -0.00825395 711.454
52 493   -0.00331784 0.00833969 711.13
52 580   0.00674116 -0.00773122 688.008
52 581   0.00723031 -0.00776543 693.448
52 585   -0.0068734 0.00771709 689.557
52 586   -0.00753054 0.00776304 695.489
52 710   0.00867169 -0.00778952 717.267
52 711   0.00861164 -0.00768634 711.584
52 712   0.00846543 -0.007745 705.773
52 713   0.00857215 -0.00785277 710.637
52 714   0.0084788 -0.00784359 705.895
52 715   0.00858146 -0.0079386 711.027
52 716   0.00854003 -0.00800709 706.342
52 717   0.00864315 -0.00797994 717.721
52 718   0.00872606 -0.007942 733.093
52 719   0.00877682 -0.00798124 752.168
52 720   0.00875365 -0.0080412 757.302
52 737   -0.00881153 0.00806194 823.616
52 738   -0.00879376 0.00811736 839.073
52 739   -0.00875146 0.00808264 774.714
52 740   -0.00875091 0.00811436 773.332
52 743   -0.00882454 0.00812404 897.235
52 744   -0.00883392 0.00808318 856.196
52 745   -0.0088167 0.00810688 896.654
52 787   0.00477934 0.00777851 723.461
52 791   -0.00594962 -0.00710361 710.245
52 792   -0.00496895 -0.00779174 722.792
52 841   0.00274801 0.0083581 706.918
52 842   0.00158739 0.00865507 707.728
52 860   -0.00298405 -0.00834887 707.654
52 875   -0.00580786 0.00744583 695.327
52 878   -0.00465095 0.00702497 701.027
52 879   -0.00411801 0.00793098 706.993
52 890   0.00467719 -0.00784524 705.719
52 891   0.00521063 -0.00757276 700.88
52 906   -0.000319459 -0.00706592 704.08
52 907   0.00141675 -0.00811468 705.093
52 908   -0.00096999 -0.00925102 709.131
52 909   -0.00151554 -0.00806971 706.043
52 910   0.00139631 -0.00920068 704.425
52 911   0.00020565 -0.00933323 705.989
52 914   -0.000643887 0.007156 703.935
52 915   0.000456757 0.00825437 705.946
52 916   -0.00214406 0.00819554 706.244
52 917   -0.00163874 0.00922763 704.814
52 918   -0.000448085 0.00936018 705.255
52 1121   -0.0110216 -0.000473683 686.798
52 1122   -0.0108883 -0.00181289 686.749
52 1191   0.00849146 0.00671134 678.095
52 1192   0.00788324 0.00675387 678.437
52 1219   -0.0076402 -0.00674684 678.914
52 1220   -0.00806991 -0.0067168 679.048
52 1305   -0.0106817 0.00205307 688.001
52 1306   -0.0103633 0.0033607 689.751
52 1342   0.00551484 0.00726241 714.851
52 1344   0.00650427 0.00649059 701.433
52 1345   0.00563318 0.00621657 702.667
52 1470   0.00988841 0.0067417 704.341
52 1473   0.00986295 0.00679632 725.621
52 1474   0.00987313 0.00677447 710.918
52 1481   0.00881864 -0.00806974 823.473
52 1482   0.00879132 -0.00806373 792.279
52 1483   0.00882634 -0.00810492 877.037
52 1485   0.00829709 -0.00802447 698.075
52 1486   0.00840888 -0.00795957 701.823
52 1487   0.0084608 -0.00803724 701.687
52 1494   0.00857964 -0.00808257 706.227
52 1498   0.00864713 -0.00803375 717.421
52 1499   0.00862505 -0.0080679 711.671
52 1500   0.00867307 -0.00810695 717.648
52 1501   0.0087244 -0.008057 741.739
52 1502   0.00868935 -0.00805455 726.449
52 1503   0.00870163 -0.0080911 727.777
52 1504   0.00875216 -0.0081214 754.162
52 1505   0.00874255 -0.00808504 752.853
52 1506   0.00873082 -0.00810206 741.443
52 1507   0.0087815 -0.00808981 795.429
52 1508   0.00876579 -0.00811343 772.527
52 1509   0.00876198 -0.00809532 770.017
52 1510   0.00880776 -0.00810947 863.2
52 1511   0.00878039 -0.00811548 798.472
52 1512   0.00879024 -0.00810037 814.457
52 1515   0.00881631 -0.00813377 917.604
52 1516   0.00879007 -0.00812508 820.552
52 1517   0.00880569 -0.00812512 874.976
52 1518   -0.00976507 -0.00679901 694.75
52 1523   -0.0104585 -0.00487537 688.77
52 1529   -0.00979656 -0.0052016 688.296
52 1530   -0.0101951 -0.0050964 689.08
52 1531   -0.0103674 -0.00541253 690.423
52 1532   -0.00968972 -0.00577181 688.319
52 1533   -0.00981837 -0.00549705 688.667
52 1534   -0.0101283 -0.0055814 690.234
52 1536   -0.0101653 -0.00584457 691.52
52 1537   -0.0100028 -0.00619216 692.578
52 1538   -0.00995055 -0.00596127 690.64
52 1544   -0.00994437 -0.00647861 695.798
52 1545   -0.00989845 -0.00657685 697.853
52 1570   -0.00987889 -0.00671503 706.541
52 1571   -0.00986327 -0.00674844 711.838
52 1579   -0.00985342 -0.00676951 717.853
52 1581   -0.00984013 -0.0068249 773.75
52 1582   -0.00984934 -0.00677824 722.328
52 1583   -0.00981845 -0.00678995 714.592
52 1584   -0.00986693 -0.00682193 945.802
52 1585   -0.00986285 -0.00683066 967.948
end
