670
52 311   -0.00467665 -0.000974015 852.237
52 312   -0.00267569 -0.00204507 876.349
52 313   -0.00663142 -0.00204515 828.589
52 314   0.00124936 0.00248944 878.233
52 315   0.005049 0.002437 863.341
52 316   0.00309834 0.00134593 868.643
52 317   0.0047562 -0.00380358 817.787
52 318   0.00303054 -0.000776515 855.21
52 319   0.00648756 -0.00477224 790.551
52 320   0.00490834 -0.00174363 825.41
52 321   0.00676794 0.00130895 811.552
52 322   -0.00672544 -0.00412277 866.875
52 323   -0.00250796 -0.00410267 891.501
52 324   0.00281181 -0.0049158 839.864
52 325   0.00321127 0.00562538 905.13
52 326   0.00501521 0.00439546 890.13
52 327   0.00669509 -0.000749227 797.239
52 328   -0.00689578 0.00418909 792.816
52 329   0.00607828 -0.0066573 800.77
52 330   0.00844546 0.00187809 768.009
52 331   -0.00823294 -0.00101226 769.937
52 332   -0.00539802 -0.00527302 900.862
52 333   -0.00380012 -0.00524034 902.73
52 334   0.00351954 0.00723863 927.219
52 335   0.00629103 0.00534496 895.365
52 336   0.00881622 0.00325013 778.371
52 337   -0.0102943 -0.00242861 726.222
52 338   -0.00784684 0.00143805 779.679
52 339   -0.00464027 -0.00765826 942.147
52 340   0.00807447 -0.00136313 768.469
52 341   0.00830114 0.00452696 827.486
52 342   -0.00841398 0.000407027 758.287
52 343   0.0103397 0.00308326 727.688
52 344   0.00722662 0.00751585 928.637
52 345   -0.00956323 -0.00152479 734.937
52 346   0.00501866 0.00750754 939.884
52 347   0.00748724 0.00523247 875.446
52 348   0.00598622 0.00684379 921.679
52 349   0.00957079 0.000759187 723.29
52 350   0.00287091 0.00829416 944.729
52 351   0.00897684 0.00689741 862.806
52 352   0.00799356 0.00677528 898.817
52 353   0.00927117 0.00558395 809.969
52 354   -0.00467448 -0.00872221 962.621
52 355   0.00512047 0.00866301 963.215
52 356   0.0085243 -0.00223991 789.546
52 357   -0.00883513 0.00220138 791.807
52 358   0.00953833 -0.000174297 719.563
52 359   0.0110964 0.00230045 709.166
52 360   -0.00964473 0.000595829 720.708
52 361   0.00909207 -0.000757007 736.094
52 362   -0.0103352 -0.000536809 709.196
52 363   -0.00387253 -0.00920706 966.518
52 364   -0.0113568 -0.00189846 710.594
52 365   -0.00310442 -0.00918529 964.227
52 366   0.0109136 0.00162133 708.77
52 367   -0.00981138 0.00189904 744.088
52 368   0.0104816 0.00105587 708.341
52 369   -0.0100538 0.00132451 712.728
52 370   0.00440842 0.00919467 967.475
52 371   0.00365799 0.00909473 964.99
52 372   0.00985122 -0.00142516 720.174
52 373   -0.0111477 -0.000500105 699.537
52 374   -0.0102356 0.000164518 705.704
52 375   0.00978619 -0.00199258 747.371
52 376   -0.0114381 -0.000957941 703.41
52 377   -0.00533648 -0.0101245 963.06
52 378   -0.00196489 -0.00999483 969.171
52 379   0.0104457 -0.00118572 698.131
52 380   0.010382 -0.000493784 699.235
52 381   -0.00468438 -0.0102016 965.78
52 382   0.00516586 0.0102983 963.103
52 383   0.0034689 0.00976625 969.182
52 384   0.00446435 0.00988849 968.726
52 385   -0.0041128 -0.00991866 968.509
52 386   0.0115269 0.00120808 702.713
52 387   -0.00293695 -0.00988646 969.097
52 388   0.00470609 0.0103034 964.099
52 389   0.0108789 -0.00032329 691.497
52 390   0.0030664 0.00999027 967.246
52 391   -0.00251262 -0.0101435 967.114
52 392   0.0109521 -0.00136768 687.204
52 393   0.0109306 0.00049881 699.076
52 394   -0.0107106 0.00128233 693.453
52 395   -0.00458744 -0.0106833 960.523
52 396   -0.0108252 0.000506538 692.566
52 397   -0.0114476 7.9879e-05 690.226
52 398   0.0110314 6.32539e-05 693.464
52 399   0.00392675 0.0101324 963.969
52 400   -0.00371931 -0.0102113 960.933
52 401   0.0113957 0.000685899 698.056
52 402   -0.00331157 -0.0102009 961.113
52 403   0.0116659 0.000365747 693.401
52 404   0.00318337 0.0104935 940.72
52 405   -0.0112247 0.000385195 687.62
52 406   -0.0108911 0.000895668 688.93
52 407   -0.00264063 -0.010607 942.973
52 408   0.00389901 0.0105442 944.214
52 409   -0.00411268 -0.0107616 943.14
52 410   0.0115171 1.60036e-05 689.033
52 411   0.0112314 -0.000664665 682.958
52 412   0.011241 -0.00101712 680.574
52 413   -0.00299633 -0.0107256 914.158
52 414   -0.00381612 -0.0105726 939.892
52 415   -0.00324295 -0.0105766 930.345
52 416   0.00296223 0.0107033 917.273
52 417   0.00416642 0.0107843 944.66
52 418   0.00443589 0.0107874 957.946
52 419   -0.0109687 0.00151927 688.479
52 420   0.0117123 -0.000192623 685.177
52 421   0.00366948 0.0107017 917.543
52 422   0.00344834 0.0106889 911.91
52 423   0.0115404 -0.00110679 674.789
52 424   -0.0117869 0.000185883 687
52 425   -0.00401985 -0.0110112 926.356
52 426   -0.0112805 0.00130894 680.635
52 427   -0.0114631 0.000645172 681.103
52 428   -0.0112356 0.000960881 681.703
52 429   0.0116508 -0.000400884 681.976
52 430   0.0115074 -0.000576911 680.228
52 431   0.00408398 0.0110555 935.809
52 432   -0.00305812 -0.010988 861.221
52 433   0.00309427 0.0109987 855.205
52 434   -0.011367 0.00113721 678.497
52 435   -0.00342223 -0.011133 797.62
52 436   -0.00326457 -0.0111273 807.339
52 437   0.00388336 0.0110881 889.472
52 438   0.00342173 0.0109582 854.077
52 439   0.00328881 0.0110582 825.94
52 440   0.00373626 0.0109744 877.533
52 441   -0.0114081 0.000831729 679.462
52 442   0.0116746 -0.00092795 673.344
52 443   -0.0118112 0.000466258 681.97
52 444   0.0116512 -0.000750525 676.111
52 445   0.00358437 0.0110716 829.323
52 446   0.0118396 -0.000506761 679.518
52 447   -0.00407668 -0.0111454 936.173
52 448   -0.0116634 0.000648671 678.869
52 449   -0.0115685 0.00108004 674.684
52 450   -0.0117728 0.000593409 679.486
52 451   0.0118036 -0.000677681 676.398
52 452   -0.0115749 0.000934033 675.527
52 453   -0.011703 0.000901427 673.902
52 454   0.00358842 0.0112096 778.423
52 455   -0.0117365 0.000802621 675.364
52 456   -0.00351329 -0.011288 703.412
52 457   0.00332179 0.0112155 775.376
52 458   0.00386851 0.0112361 869.852
52 459   0.00376731 0.0112877 805.024
52 460   -0.0116818 0.00111699 672.414
52 461   0.00350152 0.0112823 706.16
52 462   0.00367641 0.0112853 753.749
52 463   0.0034191 0.0112811 723.36
52 464   0.0118896 -0.000749276 674.947
52 465   0.011807 -0.000967752 670.904
52 466   -0.0118861 0.000719011 676.905
52 467   -0.0117917 0.0009833 671.267
52 468   -0.011851 0.000806207 674.861
52 469   -0.0117769 0.00105286 670.753
52 470   0.00354388 0.0113644 511.959
52 471   -0.00348921 -0.0113724 512.849
52 472   -0.0119054 0.000864877 673.685
52 473   0.0118361 -0.00103642 669.568
52 474   -0.0118624 0.000963846 670.724
52 475   -0.0118907 0.00091382 672.299
52 476   0.0035284 0.0114084 309.306
52 477   -0.011957 0.000986192 721.274
52 527   0.00751433 0.00836671 956.278
52 528   0.00705063 0.00885253 963.04
52 639   0.00295267 -0.00656444 822.875
52 640   0.00448778 -0.00733728 792.683
52 641   0.00200671 -0.00721386 831.404
52 648   0.00102342 0.00422336 886.099
52 649   0.00176875 0.00539748 897.824
52 650   -0.00071854 0.00543563 871.86
52 651   -0.000586747 0.00659361 873.34
52 652   0.000640329 0.00662589 895.019
52 653   0.000650074 0.00765278 899.411
52 655   0.00014168 0.0094144 857.219
52 695   0.00430936 -0.00837312 780.694
52 779   0.011891 -0.000999408 669.073
52 780   0.00356396 0.0114234 152.33
52 782   -0.0119345 0.000928782 672.508
52 793   -0.0118914 0.00100389 669.307
52 824   -0.00357329 -0.0114514 4.01866
52 825   -0.003566 -0.0114551 2.96883
52 862   -0.00560236 -0.00966398 967.093
52 863   -0.00553135 -0.00904937 968.649
52 864   -0.0103197 -0.00361599 742.145
52 867   -0.00815017 -0.00479579 844.75
52 868   -0.00941181 -0.00441807 787.513
52 869   -0.00987178 -0.00567272 794.178
52 870   -0.00820087 -0.00608156 877.896
52 871   -0.00907441 -0.00722806 866.548
52 872   -0.00918544 -0.00631707 826.438
52 873   -0.00834974 -0.00735361 903.718
52 874   -0.00782994 -0.00663149 898.665
52 875   -0.00600935 -0.0065207 914.395
52 876   -0.00564421 -0.00729231 934.484
52 877   -0.00707206 -0.00675066 911.231
52 878   -0.00712448 -0.00742628 927.754
52 879   -0.00649944 -0.00783683 946.849
52 880   -0.00785435 -0.00836697 951.275
52 881   -0.00782684 -0.0077626 926.566
52 882   -0.0065434 -0.00832829 960.723
52 883   -0.00616135 -0.00873159 967.494
52 884   -0.00719855 -0.00905524 957.795
52 885   -0.00719595 -0.00852212 964.46
52 887   -0.00625142 -0.00976642 950.64
52 888   -0.00679159 -0.00938729 942.038
52 889   -0.00640693 -0.00925746 965.1
52 895   0.00580642 0.00909183 968.902
52 896   0.00648132 0.00909424 962.995
52 897   0.00564615 0.00988035 963.57
52 898   0.00598258 0.0100552 951.515
52 902   0.00632105 0.00988277 941.345
52 903   0.00665952 0.00971029 926.421
52 922   -0.00605726 0.0053156 796.21
52 923   -0.00674646 0.00632171 792.481
52 924   -0.00588981 0.0071592 810.71
52 1017   0.00178173 -0.00912067 770.31
52 1053   0.00262618 -0.00814821 801.941
52 1054   0.00226262 -0.00878627 789.02
52 1055   0.00339373 -0.00853463 791.583
52 1058   0.00330452 -0.00905255 790.973
52 1059   0.00275582 -0.00929282 800.161
52 1072   -0.00439123 0.000879179 839.43
52 1073   -0.00606188 0.00171469 810.582
52 1074   -0.00542742 0.00297693 815.274
52 1075   -0.00179118 0.00490008 855.704
52 1076   -0.00375848 0.0033395 834.837
52 1077   -0.00290636 0.00533357 835.273
52 1078   -0.00382456 0.00429476 828.821
52 1079   -0.00465497 0.0050587 814.449
52 1080   -0.00426109 0.00593432 812.266
52 1081   -0.00321245 0.0062607 820.878
52 1082   -0.00438846 0.00798141 783.259
52 1083   -0.00480673 0.00702872 796.725
52 1084   -0.0028942 0.00728221 811.865
52 1085   -0.00352457 0.00790852 796.412
52 1086   -0.00118288 0.00759706 847.594
52 1087   -0.0021116 0.00789407 812.169
52 1088   -0.00219326 0.00876065 786.627
52 1089   -0.000415706 0.00895036 838.642
52 1090   -0.000318724 0.00806917 872.524
52 1093   -0.00335626 0.00881816 789.416
52 1094   -0.00280756 0.00905843 796.669
52 1157   0.00355781 0.0114373 58.7304
52 1172   0.00207691 0.00849356 938.219
52 1173   0.00129276 0.00823702 914.814
52 1174   0.000614588 0.00921716 898.587
52 1175   0.00105515 0.00890484 917.443
52 1176   0.00130577 0.00936081 943.308
52 1179   0.000715651 0.00966545 897.533
52 1180   0.00101476 0.00968082 919.484
52 1183   -0.00166063 0.00932945 760.961
52 1184   -0.00106241 0.0093602 774.655
52 1222   -0.00035998 0.00198659 871.66
52 1223   -0.00270596 0.00146511 856.892
52 1224   -0.00165856 0.00318496 862.342
52 1225   -0.00270767 0.00266319 851.803
52 1226   -0.00139099 -0.00081682 871.856
52 1227   -0.000409805 0.000839877 870.057
52 1228   -0.00170668 0.000840166 866.163
52 1229   0.00146415 -0.00132157 865.621
52 1230   0.000221909 -0.000275401 871.225
52 1231   -0.000410148 -0.00135882 873.595
52 1232   0.00169446 -0.00392392 860.748
52 1233   0.00144502 -0.00238629 864.116
52 1234   0.00021916 -0.00242368 873.411
52 1235   -0.000924144 -0.00445594 887.728
52 1236   0.000751342 -0.00445927 872.779
52 1237   0.000185869 -0.00346335 875.984
52 1238   -0.00126772 -0.00669283 902.785
52 1239   0.000172608 -0.00546288 881.326
52 1240   -0.000889949 -0.00544085 892.59
52 1241   0.000875211 -0.00697555 865.214
52 1242   0.00012509 -0.00633785 884.069
52 1243   -0.00053542 -0.00709187 896.511
52 1244   0.000629818 -0.00780612 864.452
52 1245   -0.000249534 -0.00793345 891.964
52 1246   0.000719277 -0.0093553 794.485
52 1247   0.00109865 -0.00869786 812.844
52 1248   -0.000479354 -0.0085832 897.905
52 1249   -0.000193621 -0.00958225 855.963
52 1250   2.06249e-05 -0.00911331 861.729
52 1251   -0.0020047 -0.00707403 912.399
52 1252   -0.00361321 -0.0072462 929.243
52 1253   -0.00320182 -0.00646176 913.791
52 1254   -0.00267829 -0.00867639 951.169
52 1255   -0.00200937 -0.00785427 922.223
52 1256   -0.0028228 -0.00786266 935.243
52 1257   -0.00173776 -0.009576 963.898
52 1258   -0.00204624 -0.00901933 950.803
52 1259   -0.00107587 -0.00885797 917.645
52 1260   -0.00158302 -0.00858942 929.145
52 1261   -0.000692502 -0.00946894 901.016
52 1262   -0.00107477 -0.00927478 924.917
52 1263   -0.00127344 -0.0095629 951.313
52 1266   -0.000741621 -0.00974937 898.908
52 1267   -0.00104073 -0.00976475 925.898
52 1295   -0.00826591 0.00423331 799.247
52 1296   -0.00877113 0.00314703 808.995
52 1353   -0.00388798 -0.0112413 882.639
52 1357   -0.00344392 -0.0107485 902.734
52 1358   -0.00360936 -0.0107341 910.932
52 1359   -0.0034715 -0.0109819 849.517
52 1360   -0.00378299 -0.0110039 881.718
52 1361   -0.00360481 -0.0110192 850.818
52 1362   -0.00366905 -0.0109158 882.939
52 1363   -0.00381464 -0.0112065 853.691
52 1364   -0.00367101 -0.0111114 832.397
52 1365   -0.00376648 -0.0111033 859.27
52 1366   -0.00360077 -0.0112692 737.057
52 1367   -0.00365864 -0.0111992 796.683
52 1368   -0.00373892 -0.0112507 807.004
52 1369   -0.00373069 -0.011327 771.781
52 1370   -0.00362162 -0.0113279 667.415
52 1371   -0.00367345 -0.0113791 608.77
52 1372   -0.00367125 -0.0113341 708.353
52 1373   -0.00362341 -0.0114119 307.057
52 1374   -0.00360777 -0.0113653 541.018
52 1375   -0.00363986 -0.0113805 524.148
52 1377   0.0106093 0.00404688 740.306
52 1378   0.0100558 0.00527075 782.454
52 1382   0.00796711 -0.00418718 790.811
52 1383   0.00847233 -0.00310091 799.555
52 1505   0.00257433 0.0105767 946.318
52 1507   0.00258265 0.010023 968.691
52 1510   0.00222721 0.00956649 965.508
52 1511   0.00169369 0.00976593 966.085
52 1553   0.0118458 -0.000882441 672.132
52 1554   0.0118711 -0.00082837 673.313
52 1555   0.0119239 -0.000851084 672.999
52 1556   0.0119403 -0.000918953 671.67
52 1557   0.0119127 -0.000894057 671.951
52 1558   0.0118847 -0.000916252 671.232
52 1559   0.0119025 -0.000977479 669.47
52 1560   0.0118989 -0.00095163 670.261
52 1562   0.0119268 -0.000987729 669.03
52 1563   -0.0119265 0.000954237 671.608
52 1564   -0.0119116 0.000979315 670.01
52 1565   -0.0119561 0.000975952 687.162
52 1568   -0.0119454 0.000971309 673.62
52 1569   -0.0119456 0.000956129 672.569
52 1616   0.00360256 0.0113757 469.496
52 1617   0.00364819 0.0113693 588.982
52 1620   0.00361016 0.0114205 255.223
52 1621   0.00358705 0.0114242 160.822
52 1624   0.00359273 0.0114381 70.5016
52 1628   0.00356934 0.01144 37.1723
52 1629   0.00358145 0.0114479 10.9998
52 1630   0.00358117 0.0114399 45.5167
52 1632   0.00357195 0.0114547 3.93291
52 1635   0.00357239 0.0114498 7.14837
52 1636   0.00356626 0.0114469 11.2884
52 1637   -0.00358175 -0.0113883 403.659
52 1638   -0.00354564 -0.0114227 166.293
52 1639   -0.00355176 -0.0113991 346.494
52 1640   -0.00358384 -0.0114344 56.0537
52 1641   -0.00359113 -0.0114307 89.6413
52 1642   -0.00359629 -0.0114124 244.416
52 1643   -0.00357465 -0.0114374 28.329
52 1644   -0.00356128 -0.0114333 45.733
52 1649   -0.0119226 0.000993811 669.297
52 1650   -0.0119372 0.000983913 669.928
52 1653   0.0119348 -0.000937733 671.129
52 1654   0.0119214 -0.000948216 670.531
52 1655   0.0119308 -0.000962731 670.201
52 1656   0.0119326 -0.000976395 669.619
52 1657   0.0119581 -0.00097953 672.649
52 1660   0.0119505 -0.0009772 670.786
52 1661   0.0119444 -0.000982566 669.572
52 1663   0.0119506 -0.000946945 671.345
52 1664   0.0119527 -0.000967316 671.236
52 1665   0.0119448 -0.000959018 670.845
16 232   -0.0449783 0.00325748 931.65
16 233   -0.0451577 -0.00292441 931.539
16 234   -0.0499783 0.0082574 922.856
16 235   -0.0399783 0.00825747 938.869
16 236   -0.0477774 -0.0217781 851.903
16 237   -0.0397909 -0.0323015 795.872
16 238   -0.0322178 0.0320582 898.16
16 239   -0.0411403 -0.006449 935.119
16 240   -0.00181732 0.0290213 775.718
16 241   0.00223355 -0.0239928 748.585
16 242   -0.0434939 -0.0296599 754.911
16 243   -0.0161192 0.0220157 925.394
16 244   -0.0497149 -0.0177531 892.915
16 245   0.00560963 -0.022165 726.103
16 246   -0.0384826 -0.00713925 938.921
16 247   -0.000794704 0.0243097 863.29
16 248   0.00190863 0.0224723 859.339
16 249   -0.00121607 -0.0215643 882.181
16 250   0.00452773 0.0224972 829.127
16 251   0.00105182 -0.01722 823.124
16 252   0.000708289 0.0178863 911.131
16 253   -0.000781263 -0.0187538 890.421
16 254   0.00220455 0.0193619 903.621
16 255   -0.00656918 -0.0176979 959.337
16 256   -0.00296007 -0.017609 938.633
16 257   -0.00323289 -0.0159367 949.776
16 258   0.00157037 0.015845 927.722
16 259   -0.00686979 -0.014739 953.011
16 260   -0.00593897 -0.0159738 968.805
16 261   0.0031284 0.0154236 950.352
16 262   -0.00242961 -0.01487 936.433
16 263   0.00107041 0.0146466 931.689
16 264   -0.00139822 -0.0146218 905.321
16 265   -0.0046614 -0.0154553 968.764
16 266   -0.00599123 -0.0137917 938.367
16 267   -0.00581853 -0.0129135 891.635
16 268   0.00316255 0.014148 966.246
16 269   -0.00471367 -0.0142718 967.778
16 270   0.00222473 0.0137724 961.086
16 271   0.00471013 0.0136567 958.506
16 272   -0.00401159 -0.0136926 967.952
16 273   -0.00315604 -0.0138095 962.878
16 274   0.00382577 0.013563 965.4
16 275   0.00230672 0.0128913 967.947
16 276   0.00553228 0.0125903 866.843
16 277   0.00574874 0.0113448 789.861
16 278   0.00171914 0.0125991 964.595
16 279   0.00491374 0.0129096 901.988
16 280   -0.00414925 -0.0129231 943.674
16 281   -0.00239568 -0.0127958 953.418
16 282   0.0052894 0.0118849 808.908
16 283   -0.00467863 -0.012624 891.012
16 284   -0.00288432 -0.0131028 964.454
16 285   0.00362025 0.0128307 928.793
16 286   -0.00505575 -0.011591 803.097
16 287   0.00468418 0.0117748 783.424
16 288   -0.00444614 -0.0120893 823.89
16 289   0.00286393 0.0125243 947.606
16 290   0.00440703 0.012501 855.694
16 291   -0.00367673 -0.0125641 938.485
16 292   -0.00326735 -0.0126269 965.389
16 293   0.00324507 0.0126026 923.597
16 294   -0.00463121 -0.0118135 799.437
16 295   0.0039979 0.0125157 869.99
16 296   0.00442034 0.0120716 793.292
16 297   -0.00253896 -0.0122478 965.812
16 298   -0.00374123 -0.0121674 883.471
16 299   -0.00315205 -0.0122593 950.372
16 300   0.00390931 0.0121398 815.14
16 301   -0.00291229 -0.0121873 964.128
16 302   0.00334924 0.0121981 854.514
16 303   0.00286931 0.0121358 904.214
16 304   0.00373476 0.0120341 821.187
16 305   -0.00390992 -0.012029 860.267
16 306   0.00352924 0.0120675 817.838
16 307   -0.00406667 -0.0119778 796.319
16 308   -0.00335312 -0.0120669 897.027
16 309   0.00315643 0.0120892 853.221
16 310   -0.00353291 -0.0120377 872.554
16 488   0.00318483 -0.0175081 768.652
16 489   0.00480137 -0.0188973 756.233
16 490   0.00669173 -0.0168 755.349
16 491   0.00426693 -0.015579 746.639
16 492   0.00588346 -0.0152427 755.213
16 493   0.00690881 -0.0123317 796.782
16 494   0.00610054 -0.0138477 758.69
16 495   0.00631762 -0.0112935 788.677
16 498   0.00634988 0.0198733 890.98
16 499   0.00673689 0.0173877 929.87
16 500   0.00406054 0.0183164 913.264
16 501   0.00558676 0.0188028 907.504
16 502   0.0041223 0.0164193 942.238
16 503   0.00525975 0.0144123 968.89
16 504   0.00619271 0.0163194 949.708
16 505   0.00510435 0.0158375 955.304
16 507   0.00695582 0.0152272 966.279
16 508   0.00719614 0.0137772 952.282
16 509   0.00604425 0.0142197 966.849
16 510   0.00665196 0.0145526 969.302
16 511   0.00611317 0.0128907 893.597
16 512   0.00689229 0.0133567 928.906
16 513   0.00628458 0.013532 943.996
16 514   0.00726237 0.0122851 832.2
16 515   0.00695851 0.0128651 886.979
16 516   0.00648325 0.0125656 862.717
16 517   0.0063617 0.0114789 789.074
16 518   0.00702473 0.0118891 803.641
16 519   0.00654947 0.012082 822.714
16 520   0.00704967 0.0114163 770.777
16 521   0.00662427 0.0111558 766.338
16 522   0.00664921 0.0106875 731.075
16 523   -0.0028449 0.0153396 872.938
16 524   -0.00309553 0.0127241 722.151
16 525   -0.00424627 0.0133211 745.915
16 526   -0.00450806 0.0147314 825.777
16 530   -0.00601059 -0.0116235 803.218
16 531   -0.00669709 -0.0123294 836.894
16 532   -0.00635583 -0.0111323 777.917
16 536   -0.0068135 -0.0108925 745.156
16 558   -0.0443158 -0.0225097 890.32
16 559   -0.0429626 -0.0254775 872.138
16 568   -0.0099328 -0.0304352 882.636
16 569   -0.00730128 -0.0334784 807.635
16 570   -0.00853558 -0.0271974 900.501
16 571   -0.00564634 -0.0268084 886.143
16 573   -0.0497792 0.0184201 886.934
16 574   -0.047312 0.0259431 761.653
16 575   -0.0511396 0.0239921 759.98
16 576   -0.0484188 0.0211705 859.917
16 577   -0.0440378 0.0244675 875.294
16 578   -0.0451446 0.0217755 893.274
16 588   -0.0355204 0.0307407 887.08
16 589   -0.0410086 0.0310474 785.57
16 590   -0.039197 0.0336825 790.81
16 591   -0.0359423 0.0279522 904.074
16 592   -0.0387217 0.028259 887.843
16 595   -0.0358732 -0.0253785 929.615
16 596   -0.0345359 -0.0210257 964.428
16 597   -0.0328769 -0.023077 945.942
16 631   -0.013937 0.0320157 898.988
16 634   -0.005034 0.030367 824.234
16 635   -0.00740474 0.0334557 829.207
16 636   -0.0101691 0.0304714 890.192
16 637   -0.00652207 0.0273305 892.914
16 638   -0.00907472 0.0274349 902.509
16 657   -0.00278211 0.0223439 908.358
16 658   -0.00303534 0.017439 905.796
16 659   -0.00157504 0.0190308 908.797
16 668   -0.00351375 -0.0222363 920.867
16 669   -0.00488483 -0.0241139 914.934
16 672   -0.0471579 0.0161381 910.731
16 673   -0.047357 0.0130559 917.406
16 674   -0.042357 0.0130559 939.768
16 675   -0.0386396 0.0173365 966.907
16 676   -0.0432975 0.0168078 935.741
16 677   -0.0410183 0.0154683 950.446
16 678   -0.0242254 -0.0325 907.695
16 679   -0.0296733 -0.0245514 928.761
16 680   -0.0263098 -0.0225 926.772
16 681   -0.0208851 -0.0297284 909.771
16 682   -0.0220605 -0.0247284 917.705
16 683   -0.0135994 -0.0291852 902.283
16 684   -0.0161361 -0.0322284 900.766
16 685   -0.0141751 -0.0241852 924.808
16 686   -0.0162953 -0.0222284 925.262
16 687   -0.0194791 -0.0222284 921.182
16 711   0.000683993 0.012767 936.473
16 712   0.00110435 0.0126988 949.776
16 728   -0.0501577 -0.00542449 927.04
16 731   -0.0485437 -0.0149626 910.411
16 732   -0.0489866 -0.00938673 922.691
16 733   -0.0513289 -0.0114622 915.528
16 734   -0.0435766 -0.0109115 932.765
16 735   -0.0464229 -0.0113492 923.927
16 736   -0.04598 -0.0144251 919.529
16 737   -0.042137 -0.0127183 938.46
16 738   -0.0433693 -0.0151941 934.018
16 739   -0.0397007 -0.0118705 943.994
16 740   -0.0387182 -0.013346 949.937
16 890   -0.00738558 -0.0105927 589.542
16 891   -0.00715675 -0.0107126 693.658
16 909   0.00739365 0.0102974 391.48
16 910   0.0072873 0.0110782 730.882
16 911   0.0070746 0.0107062 676.018
16 912   0.00718095 0.0104088 543.506
16 913   -0.0370249 -0.0219473 940.839
16 914   -0.0378866 -0.0242488 945.439
16 915   -0.0402545 -0.0240408 930.418
16 958   -0.00690881 0.0109441 830.193
16 961   -0.0411524 0.0249991 906.872
16 962   -0.0392093 0.0261917 907.586
16 965   -0.0400723 0.0190141 959.092
16 966   -0.0423515 0.018687 945.643
16 967   -0.0429377 0.0207028 925.189
16 968   -0.0396869 0.0216263 935.707
16 969   -0.0414127 0.0226452 936.593
16 970   -0.00992628 -0.0209784 963.707
16 971   -0.0111916 -0.0229352 942.36
16 972   -0.00921868 -0.0246974 928.822
16 973   -0.0073207 -0.0217623 927.97
16 974   -0.0071414 -0.0235245 950.351
16 975   -0.00590997 0.0248305 912.871
16 976   -0.00458974 0.0230112 923.66
16 977   -0.00573628 0.0210999 946.532
16 1001   -0.00424361 -0.0187941 961.054
16 1002   -0.00579399 -0.0189094 941.909
16 1003   -0.00436247 -0.0206109 959.901
16 1004   -0.00591285 -0.0207262 914.998
16 1011   -0.0423606 -0.0198182 941.486
16 1012   -0.0420405 -0.0170652 945.821
16 1013   -0.0389618 -0.0205885 903.104
16 1014   -0.0405001 -0.0214061 964.258
16 1015   -0.0386074 -0.0180002 964.942
16 1016   -0.0398256 -0.0160648 958.831
16 1026   -0.0510348 0.0324945 673.449
16 1029   -0.0472072 0.0298594 703.991
16 1030   -0.0442768 0.0323649 712.403
16 1041   -0.046167 -0.0323584 690.795
16 1048   -0.0345693 0.0210291 965.283
16 1049   -0.0329623 0.0230873 946.949
16 1050   -0.0348722 0.0252989 932.458
16 1051   -0.0374507 0.0226443 950.719
16 1052   -0.0372334 0.0248559 938.645
16 1066   -0.00588896 0.0156543 880.649
16 1067   -0.00680955 0.0148931 871.552
16 1068   -0.00584925 0.0194925 959.983
16 1069   -0.00492866 0.018189 924.777
16 1070   -0.0070397 0.0183159 953.334
16 1071   -0.00611911 0.0170125 913.165
16 1159   0.00230702 -0.0275375 708.724
16 1160   0.0056831 -0.0309697 675.453
16 1161   -0.00290026 -0.032135 731.2
16 1162   -0.00264254 -0.0287027 769.201
16 1165   0.0038662 -0.0336566 675.43
16 1166   0.0002324 -0.0336566 693.071
16 1167   0.000215274 0.03211 705.198
16 1189   -0.0117893 0.0230236 934.984
16 1190   -0.0103832 0.0210079 957.46
16 1191   -0.00973894 0.0249871 922.635
16 1192   -0.00762978 0.0219635 951.768
16 1193   -0.00775957 0.023927 938.276
16 1197   -0.00498635 0.0127595 738.847
16 1198   -0.00626799 0.0117607 780.545
16 1199   -0.00616873 0.0134087 808.714
16 1200   -0.00685918 0.0127196 822.516
16 1203   -0.00479001 0.0119007 709.522
16 1204   -0.0053812 0.011591 727.223
16 1270   0.00407176 0.0119548 754.405
16 1271   0.00417365 0.0119014 749.815
16 1277   0.000250681 -0.0133896 764.162
16 1278   -0.000190595 -0.0146468 843.845
16 1279   0.000883919 -0.0150335 797.845
16 1281   0.00142994 -0.012765 701.814
16 1282   0.000771135 -0.012872 705.826
16 1291   -0.0505626 -0.0249874 741.375
16 1292   -0.0490974 -0.0299014 689.009
16 1293   -0.0510348 -0.032543 673.197
16 1324   0.00307696 -0.0124978 698.934
16 1325   0.00367573 -0.014352 731.316
16 1326   0.00242573 -0.0140947 724.433
16 1327   0.00220108 -0.013137 707.071
16 1328   0.00392283 -0.0128391 711.74
16 1329   0.00510521 -0.0135676 740.896
16 1330   0.00429694 -0.0137357 727.596
16 1331   0.00543083 -0.0120951 749.171
16 1332   0.0044355 -0.0124889 720.398
16 1333   0.00502669 -0.0128531 736.845
16 1336   0.00454404 -0.0118858 724.226
16 1337   0.00513523 -0.011576 742.222
16 1339   0.00567785 0.02508 740.364
16 1340   0.00567914 0.0326567 673.697
16 1341   0.00385699 0.0297667 691.868
16 1408   -0.0314647 -0.0335257 896.395
16 1409   -0.0294566 -0.028077 912.82
16 1410   -0.028072 -0.0310257 907.415
16 1411   -0.0355529 -0.0278785 906.709
16 1412   -0.0365716 -0.0308272 879.368
16 1413   -0.0323399 -0.0291027 907.122
16 1414   -0.0333585 -0.0320514 892.18
16 1448   -0.0242692 0.0325 908.228
16 1449   -0.0288555 0.0295582 910.335
16 1450   -0.0187113 0.0295157 909.478
16 1451   -0.0199376 0.0245157 918.055
16 1452   -0.0264043 0.0225 927.063
16 1453   -0.0297643 0.0245582 929.134
16 1468   -0.000530588 -0.012909 828.473
16 1471   -0.00129648 -0.0133095 899.244
16 1472   -0.00178451 -0.0127351 920.566
16 1533   -0.00218051 0.0134336 790.569
16 1534   -0.00166809 0.0146387 873.807
16 1535   -7.517e-05 0.014395 908.549
16 1536   7.12179e-05 0.0132968 911.154
16 1538   -0.000732002 0.0129422 844.513
16 1539   -0.00139081 0.0128353 786.274
end
