698
16 411   -0.0449779 0.00318574 898.919
16 412   -0.045157 -0.00300348 898.91
16 413   -0.0499779 0.00824203 890.225
16 414   -0.0399779 0.00818912 904.219
16 415   -0.0477803 -0.0217979 772.115
16 416   -0.0398073 -0.0323581 728.292
16 417   -0.0322012 0.032058 826.465
16 418   -0.0411387 -0.00655306 901.693
16 419   -0.0361848 -0.0298095 811.868
16 420   -0.0018348 0.028791 707.405
16 421   -0.0322713 -0.0324514 822.579
16 422   -0.0435112 -0.0297251 708.093
16 423   -0.0497157 -0.0177642 824.204
16 424   -0.0384817 -0.00727791 904.668
16 425   -0.00609784 0.0150832 950.699
16 426   -0.00392573 0.0141108 909.711
16 427   -0.00515531 0.014086 945.634
16 428   -0.00705026 0.0142246 965.301
16 429   -0.00279711 0.0126007 822.522
16 430   -0.00369577 0.0128513 909.486
16 431   -0.00554411 0.0129739 966.264
16 432   -0.00677772 0.0130512 967.99
16 433   -0.00722746 0.012305 919.108
16 434   -0.00621409 0.0127977 967.389
16 435   0.00714939 -0.0126896 962.977
16 436   -0.00685601 0.0118176 862.894
16 437   -0.00477188 0.0121321 966.898
16 438   -0.00521797 0.01237 968.213
16 439   0.00695316 -0.0120979 907.537
16 440   -0.00436537 0.0121256 958.401
16 441   -0.00681013 0.0113369 790.737
16 442   -0.00629238 0.0121008 927.799
16 443   -0.00596573 0.0117982 903.586
16 444   0.00617428 -0.0118842 896.836
16 445   0.00730377 -0.0118226 853.615
16 446   -0.00556131 0.0118912 946.637
16 447   -0.00493603 0.0115629 959.788
16 448   0.00657283 -0.0118335 871.18
16 449   0.00710623 -0.0106759 704.761
16 450   0.00735171 -0.0110487 744.333
16 451   -0.00534655 0.0115321 921.108
16 452   0.00584004 -0.0112831 798.791
16 453   0.00715548 -0.0113802 787.871
16 454   0.00606337 -0.0114851 826.934
16 455   0.00661186 -0.0113912 794.043
16 456   -0.00604509 0.0113948 822.77
16 457   0.00679464 -0.0108032 721.939
16 458   0.00716937 -0.0103804 625.214
16 459   -0.00632587 0.0112167 778.443
16 460   0.00684389 -0.0112131 768.165
16 461   -0.00548636 0.0112394 846.613
16 462   -0.00658754 0.0106314 714.335
16 463   0.00634658 -0.0112302 772.201
16 464   -0.00578047 0.011195 800.858
16 465   -0.00624096 0.0109228 710.751
16 466   0.0065843 -0.0106509 703.82
16 467   0.00741485 -0.0102517 388.186
16 468   0.00632011 -0.010985 720.997
16 469   -0.00585491 0.0109717 744.537
16 470   -0.00634752 0.0107572 664.45
16 471   0.006423 -0.0107953 674.308
16 472   0.00614753 -0.0109043 682.102
16 473   -0.00603462 0.0108776 685.435
16 474   0.00631104 -0.0106829 616.803
16 475   0.00618549 -0.0107486 609.882
16 489   0.00630841 0.0162827 731.933
16 490   0.00512603 0.0140392 735.878
16 492   0.00631762 0.0127748 766.992
16 495   -0.00631762 -0.0131195 792.938
16 496   -0.00572642 -0.0117626 754.035
16 497   -0.00690881 -0.0111431 836.182
16 498   0.00572642 0.0116477 774.336
16 499   0.00690881 0.0110282 840.606
16 508   -0.0443267 -0.0225632 823.964
16 509   -0.042988 -0.0255765 782.962
16 511   -0.0497787 0.0184183 812.839
16 512   -0.04731 0.0259417 711.709
16 513   -0.0511394 0.0239911 714.802
16 514   -0.0484181 0.0211677 778.34
16 515   -0.0440347 0.0244651 784.302
16 516   -0.0451427 0.0217716 821.589
16 524   -0.0137985 -0.0319586 826.297
16 527   -0.00994719 -0.0304379 806.043
16 528   -0.00731362 -0.0334793 747.42
16 529   -0.00829593 -0.0271778 837.098
16 530   -0.00489432 -0.0267404 792.211
16 539   0.00465827 0.0251812 691.412
16 540   -0.000329915 0.0244392 723.404
16 541   0.00251943 0.0235646 705.123
16 548   -0.0355085 0.0307403 805.837
16 549   -0.0410055 0.0310469 722.024
16 550   -0.0391945 0.0336823 726.524
16 551   -0.0359259 0.0279516 847.634
16 552   -0.038713 0.0282581 802.562
16 570   -0.00493092 0.0301804 729.171
16 571   -0.00735873 0.0334904 737.517
16 572   -0.0100525 0.0304712 797.14
16 573   -0.00635425 0.0270158 801.976
16 574   -0.00889516 0.0273065 833.445
16 585   0.00457662 -0.0118413 964.734
16 586   0.00606522 -0.0236263 716.596
16 587   0.00108788 -0.0216047 785.515
16 588   0.00644611 -0.0186183 836.252
16 589   0.00290356 -0.0198114 806.294
16 590   0.00501133 -0.0208873 771.998
16 591   0.00333893 -0.0176722 856.777
16 592   0.00544671 -0.0171068 879.781
16 593   0.00702753 -0.0146241 935.818
16 594   0.00508319 -0.0147379 921.716
16 595   0.00602812 -0.0155815 909.973
16 596   0.00567106 -0.0138065 949.721
16 597   0.00673785 -0.0130634 968.721
16 598   0.006616 -0.0138227 956.12
16 599   0.00500634 -0.0128603 963.975
16 600   0.00549011 -0.013238 961.226
16 601   0.00608443 -0.0129006 968.809
16 602   0.00532716 -0.0125245 969.493
16 603   0.0059305 -0.0121444 944.8
16 604   0.00587186 -0.0125226 967.148
16 605   0.00501396 -0.0119057 957.304
16 606   0.00553606 -0.0120517 950.465
16 607   0.00523554 -0.012241 967.738
16 608   0.00558132 -0.0114218 848.144
16 609   0.00518903 -0.0116433 925.153
16 610   0.00543993 -0.0117895 926.749
16 612   0.00545144 -0.0112122 823.985
16 613   0.00520941 -0.011339 876.235
16 629   -0.00103122 -0.0203061 833.917
16 630   -0.00152669 -0.0172821 837.808
16 632   -0.0360476 -0.0260352 887.331
16 633   -0.032687 -0.0236772 905.095
16 659   0.00655276 0.0212424 705.418
16 660   0.00655276 0.0239775 693.385
16 670   -0.0242372 0.0325 852.536
16 671   -0.0288157 0.029558 864.378
16 672   -0.0263314 0.0225 893.846
16 673   -0.0297245 0.024558 895.621
16 674   -0.0221205 0.0247404 882.997
16 675   -0.0209351 0.0297404 862.268
16 676   -0.0143758 0.0242212 889.591
16 677   -0.0161853 0.0322404 832.083
16 678   -0.0137177 0.0292212 840.957
16 680   -0.0195828 0.0222404 887.399
16 681   -0.0164748 0.0222404 890.862
16 699   -0.047157 0.0161293 870.172
16 700   -0.0473562 0.013037 882.595
16 701   -0.0423562 0.013037 904.994
16 702   -0.0386394 0.0173355 944.934
16 703   -0.0432964 0.0167981 901.675
16 704   -0.0410177 0.0154604 913.607
16 771   0.0060104 -0.0109162 690.419
16 772   0.00589092 -0.0109788 729.592
16 902   -0.00739184 0.0102985 531.314
16 903   -0.00717551 0.0104119 682.098
16 904   -0.00696525 0.0106754 720.677
16 905   -0.00718158 0.0110457 753.283
16 937   -0.0403084 -0.024248 885.064
16 938   -0.0379855 -0.0246223 900.16
16 939   -0.0371085 -0.0222643 950.71
16 942   -0.00400206 -0.0239286 845.922
16 943   -0.00298558 -0.0217836 860.693
16 944   -0.00511601 -0.0202624 924.106
16 956   -0.0411463 0.0249969 850.284
16 957   -0.0391987 0.0261904 854.953
16 958   -0.0400714 0.0190122 946.658
16 959   -0.0423501 0.0186832 908.376
16 960   -0.0429354 0.0206988 891.462
16 961   -0.0396829 0.0216245 937.359
16 962   -0.0414076 0.0226423 897.69
16 974   -0.00200484 0.0226623 793.662
16 1015   -0.050157 -0.00544887 895.189
16 1018   -0.0485442 -0.0149833 869.088
16 1019   -0.0489855 -0.0094174 890.718
16 1020   -0.0513285 -0.0114736 880.029
16 1021   -0.0435751 -0.0109744 899.89
16 1022   -0.0464218 -0.0113933 892.062
16 1023   -0.0459806 -0.0144609 887.386
16 1024   -0.0421363 -0.0127694 904.275
16 1025   -0.0433703 -0.0152278 900.876
16 1026   -0.0396999 -0.0119604 908.571
16 1027   -0.0387182 -0.0134075 913.827
16 1028   -0.04237 -0.0198685 904.055
16 1029   -0.0420418 -0.0170892 909.412
16 1030   -0.0389928 -0.0207109 939.712
16 1031   -0.0405392 -0.0215623 923.768
16 1032   -0.0386079 -0.0180057 953.183
16 1033   -0.039826 -0.0160778 924.736
16 1066   -0.0510348 0.0324944 671.462
16 1069   -0.0472055 0.029859 687.354
16 1070   -0.0442751 0.0323646 691.229
16 1091   -0.0461689 -0.032367 681.63
16 1103   -0.00152384 -0.0133902 727.549
16 1104   -0.00284145 -0.0131764 715.615
16 1135   0.00137686 -0.0261482 711.821
16 1136   0.00424642 -0.0270938 692.386
16 1137   -0.00291078 -0.0322127 707.839
16 1138   -0.00214275 -0.0287339 720.095
16 1141   0.0038624 -0.0337334 674.295
16 1142   0.000224805 -0.0337334 687.485
16 1156   0.000139932 0.032101 686.21
16 1159   0.00567814 0.0322649 671.162
16 1160   0.00378365 0.0293659 679.609
16 1165   -0.0115841 -0.0229379 900.321
16 1166   -0.00897713 -0.0246778 890.773
16 1167   -0.00719771 -0.0216467 941.598
16 1168   -0.00676808 -0.0233866 902.945
16 1174   -0.0345585 0.021029 940.314
16 1175   -0.0329421 0.023087 910.364
16 1176   -0.0348525 0.0252983 898.642
16 1177   -0.0374427 0.0226435 943.537
16 1178   -0.0372198 0.0248548 901.372
16 1190   -0.00576194 0.0243704 871.648
16 1191   -0.00546771 0.0211691 938.034
16 1192   -0.00426431 0.0228591 875.268
16 1193   0.00131301 0.0129678 699.803
16 1194   0.00328023 0.0140104 716.05
16 1195   0.00263063 0.012754 702.124
16 1196   -0.00487791 0.019759 934.183
16 1197   -0.00535607 0.0166216 934.476
16 1198   -0.0063085 0.0180759 954.792
16 1199   -0.00343285 0.0151453 896.507
16 1200   -0.00392066 0.0166588 907.795
16 1201   -0.00223721 0.015158 845.196
16 1202   0.00523899 0.0179116 721.936
16 1203   0.00548334 0.0200775 711.942
16 1204   0.00334451 0.021196 713.227
16 1205   -0.00118455 0.0207321 800.049
16 1206   -0.00285421 0.0195188 879.921
16 1207   -0.00284939 0.0178728 882.713
16 1208   -0.00189282 0.0169963 840.211
16 1209   -0.000711409 0.0175136 789.129
16 1210   0.00203074 0.0203024 727.361
16 1211   -0.000120483 0.018877 772.909
16 1212   0.000123862 0.0203298 758.636
16 1213   0.0035127 0.0178458 725.483
16 1214   0.00112952 0.0185811 744.58
16 1215   0.00244328 0.0191181 729.092
16 1216   0.00267523 0.0156466 723.292
16 1217   0.00160314 0.0175817 738.166
16 1218   0.00279473 0.0170358 728.411
16 1219   0.00100978 0.0168583 742.147
16 1220   -5.47701e-05 0.0164942 758.706
16 1221   0.00154716 0.0157376 727.76
16 1222   0.000805342 0.0138913 708.81
16 1223   0.000985683 0.0151317 725.473
16 1224   -2.04549e-05 0.0156154 746.929
16 1225   -0.000183639 0.0139356 717.869
16 1226   -0.00150739 0.0145988 783.337
16 1227   -0.000535572 0.014994 749.004
16 1228   -0.000831567 0.013375 720.241
16 1229   -0.00197629 0.0130705 765.277
16 1230   -0.00165225 0.0137964 769.775
16 1233   -0.000826195 0.0127026 707.57
16 1234   -0.001485 0.0125957 724.36
16 1295   -0.00677694 -0.0172975 901.199
16 1296   -0.00533083 -0.0185591 912.239
16 1297   -0.00369586 -0.0170563 846.32
16 1298   -0.00395959 -0.0147475 771.479
16 1299   -0.00559456 -0.0145837 804.05
16 1309   -0.0505646 -0.0249962 707.244
16 1310   -0.0490994 -0.0299101 680.982
16 1311   -0.0510348 -0.0325431 671.334
16 1312   0.00118433 -0.0131846 849.018
16 1313   0.00241834 -0.0162358 874.578
16 1314   -0.00033951 -0.0142887 801.098
16 1315   5.27182e-05 -0.0159786 836.681
16 1316   0.0030664 -0.0150821 894.381
16 1317   0.00409595 -0.0145714 912.195
16 1318   0.00222462 -0.0137208 889.146
16 1319   0.00377431 -0.0134782 924.86
16 1320   0.00287806 -0.0130905 905.125
16 1321   0.00410126 -0.0123927 959.995
16 1322   0.00433871 -0.0128874 952.937
16 1324   0.00282597 -0.0123939 905.386
16 1325   0.00348478 -0.012287 931.208
16 1360   -0.0113887 0.0229712 903.812
16 1361   -0.0100512 0.0209904 931.71
16 1362   -0.0095733 0.0248065 891.543
16 1363   -0.00756705 0.0218354 947.399
16 1364   -0.00763409 0.0236708 906.371
16 1394   -0.00922426 -0.0209793 937.381
16 1395   -0.0114016 -0.0209793 910.786
16 1421   -0.0329982 -0.0212257 921.115
16 1422   -0.0354817 -0.0212257 951.25
16 1465   -0.0242675 -0.0325 854.383
16 1466   -0.0289088 -0.0299514 861.922
16 1467   -0.0185751 -0.0294586 861.24
16 1468   -0.0294618 -0.0249514 892.756
16 1469   -0.0260477 -0.0225 893.115
16 1523   -0.0145537 -0.0219586 894.537
16 1525   -0.0221364 -0.0225 887.617
16 1526   -0.0183746 -0.0244586 883.754
16 1562   0.0056812 -0.0324668 671.411
16 1563   0.0056812 -0.0299336 676.739
52 1   -0.00440838 0.00133231 758.428
52 2   0.0014806 0.00460907 748.382
52 3   0.00351699 0.00134449 746.639
52 4   0.00153111 0.00238499 752.985
52 5   0.00346596 -0.000889664 757.085
52 6   -0.00240768 0.00242825 769.128
52 7   -0.00624146 0.00255156 759.948
52 8   -0.000406739 -0.000938339 758.125
52 9   -0.000106489 -0.00535078 753.72
52 10   -0.00431079 -0.000913281 745.001
52 11   0.00168129 -0.00428348 772.535
52 12   -0.000454619 0.00124518 759.848
52 13   0.00152796 -0.00203267 763.613
52 14   0.00526175 -0.0020397 758.586
52 15   -0.00226222 -0.00200086 751.588
52 16   -0.0021153 -0.00416249 747.479
52 17   -0.0004341 0.00542125 758.211
52 18   0.00529776 0.002441 734.34
52 19   -0.00799751 0.00163321 727.905
52 20   -0.00957806 0.00302897 720.645
52 21   -0.00594719 -0.00197724 730.87
52 22   -0.00383176 -0.00499938 742.579
52 23   -0.00233665 0.00438024 781.587
52 24   0.00509178 -0.00411025 794.121
52 25   0.00344931 -0.00521102 805.047
52 26   0.00691259 -0.00112391 732.469
52 27   -0.00619364 0.0046137 803.656
52 28   -0.0109399 0.00186753 705.477
52 29   -0.00561508 -0.0039017 736.759
52 30   -0.00839449 -0.000135755 711.973
52 31   0.00639194 -0.00522923 822.1
52 32   -0.00762706 -0.00146397 714.819
52 33   -0.000811597 0.0069623 753.445
52 34   0.00830304 -0.00195168 724.109
52 35   0.00848416 -0.00344701 739.337
52 36   0.00678118 0.00180805 721.285
52 37   0.00769236 -0.00486969 786.524
52 38   0.00992082 -0.00378599 718.44
52 39   -0.00364089 0.00535695 811.604
52 40   0.00728066 0.000533446 718.24
52 41   -0.00501446 0.0054488 835.563
52 42   0.00945077 -0.000794317 705.809
52 43   -0.0108023 8.08266e-05 696.853
52 44   0.00611176 -0.00677339 884.266
52 45   -0.00868054 -0.00258072 703.172
52 46   -0.00983738 -0.000526689 700.356
52 47   -0.00246368 0.00727126 792.972
52 48   -0.00860134 -0.00363083 710.626
52 49   0.00516618 -0.00731828 895.513
52 50   -0.00339042 0.00670692 832.498
52 51   0.00860396 0.00087218 705.274
52 52   -0.00530611 0.00681046 883.041
52 53   0.0113622 0.000397704 691.99
52 54   0.00938362 0.000372193 701.666
52 55   0.0080827 0.00373289 721.42
52 56   0.00779416 0.00275192 712.019
52 57   -0.00440089 0.0072992 881.856
52 58   -0.0101404 -0.00164207 694.482
52 59   -0.00975095 -0.00236789 692.977
52 60   -0.00448546 0.0081572 904.186
52 61   -0.0115125 -0.000697469 694.328
52 62   0.00903536 0.00370269 701.951
52 63   0.0108903 0.00101299 692.467
52 64   0.00534037 -0.00832125 926.86
52 65   -0.00956866 -0.00399286 689.139
52 66   0.00888923 0.00178778 700.848
52 67   -0.0109825 -0.00190185 690.841
52 68   0.0101279 0.000993554 695.153
52 69   0.00857892 0.00239292 703.027
52 70   -0.00516417 0.00857605 934.767
52 71   0.00956144 0.00404921 690.353
52 72   0.00962738 0.00202476 693.997
52 73   0.0100864 0.00173053 692.347
52 74   0.00914848 0.00295192 696.713
52 75   -0.0102965 -0.00297461 684.696
52 76   0.00970659 0.00271476 690.478
52 77   -0.00421204 0.00934905 931.414
52 78   0.0111257 0.0016941 689.711
52 79   -0.0113898 -0.00156476 692.822
52 80   0.0101564 0.00298874 684.711
52 81   0.0106111 0.00204264 688.504
52 82   0.011465 0.00202311 688.168
52 83   -0.00515215 0.0091787 959.374
52 84   -0.01112 -0.00251346 686.729
52 85   -0.00478045 0.0094279 956.367
52 86   -0.0108235 -0.00286039 683.168
52 87   -0.0100743 -0.00365935 682.086
52 88   0.0106919 0.00246855 685.372
52 89   -0.00552228 0.00946956 966.232
52 90   0.0100606 0.00372494 682.042
52 91   -0.0102462 -0.00338979 681.886
52 92   0.0105283 0.00279161 683.384
52 93   0.010206 0.00340845 681.658
52 94   0.00657814 -0.00949639 912.141
52 95   0.00620743 -0.00952955 916.479
52 96   0.0112872 0.00251813 684.686
52 97   -0.00658616 0.00971218 849.812
52 98   -0.0104826 -0.00387027 676.152
52 99   -0.0110697 -0.00319087 679.306
52 100   -0.00494229 0.00979141 968.637
52 101   -0.0054658 0.00983975 924.147
52 102   0.0110287 0.00261502 683.546
52 103   0.0114422 0.00281438 682.808
52 104   0.0103698 0.00392036 677.505
52 105   -0.0114579 -0.00266665 686.481
52 106   0.0107925 0.00304171 679.919
52 107   0.010554 0.00349053 677.429
52 108   -0.00525752 0.00991241 948.684
52 109   0.011016 0.00292098 680.723
52 110   0.00612378 -0.00981416 820.937
52 111   0.00662943 -0.00976465 828.85
52 112   -0.0114124 -0.00298806 683.562
52 113   0.0105812 0.00374077 675.654
52 114   -0.0113208 -0.00316535 681.098
52 115   0.0108224 0.00325055 677.65
52 116   0.0107376 0.00340455 676.575
52 117   0.011171 0.00307248 679.228
52 118   0.0107783 0.00379778 673.319
52 119   0.0113387 0.00306277 680.046
52 120   0.00629772 -0.00994613 762.335
52 121   0.00643266 -0.00992978 775.935
52 122   0.0109138 0.00367995 672.734
52 123   0.0111453 0.00326037 676.966
52 124   0.0109003 0.00353696 674.143
52 125   0.0110202 0.00331772 676.177
52 126   0.0114207 0.0032496 678.808
52 127   0.011032 0.00346723 674.251
52 128   0.0110569 0.00372343 671.157
52 129   -0.0114067 -0.00334682 680.169
52 130   0.00624651 -0.0101043 629.802
52 131   0.0111443 0.0035247 673.192
52 132   0.0111557 0.00363792 671.46
52 133   0.0112477 0.00335322 676.109
52 134   0.0113554 0.00335215 677.095
52 135   0.0112349 0.00346805 674.32
52 136   -0.0113585 -0.0034906 678.133
52 137   -0.0113925 -0.00344693 679.21
52 138   0.011242 0.0036706 670.609
52 139   0.0113844 0.00345094 676.361
52 140   0.0113109 0.00350885 674.353
52 141   0.0114299 0.00348886 676.936
52 142   -0.00594401 0.0102874 284.805
52 143   0.0112966 0.00362664 671.628
52 144   0.0113215 0.00356952 673.381
52 145   -0.0114147 -0.003564 679.846
52 146   0.0113416 0.00365698 671.246
52 147   0.0114066 0.00355447 676.123
52 148   0.0113715 0.00357722 674.487
52 149   -0.00605041 0.0103602 2.49563
52 482   0.0100894 -0.0050625 732.953
52 493   0.00690351 -0.00933853 948.963
52 500   -0.000338126 -0.00702037 742.284
52 501   -0.00154856 -0.00916469 723.794
52 502   -0.00218788 -0.00793703 730.67
52 503   0.000637375 -0.00767901 741.681
52 504   -3.49931e-05 -0.00881703 723.655
52 505   0.000874468 -0.00932625 713.192
52 542   -0.00662525 -0.00639159 759.606
52 544   -0.00798004 -0.004568 743.267
52 545   -0.00684742 -0.00491094 743.265
52 575   0.00296817 0.00585955 742.109
52 576   0.00298041 0.00777567 736.808
52 577   0.00536071 0.00664081 744.64
52 578   0.00527353 0.00411596 737.633
52 579   0.00432539 0.00534801 742.604
52 580   0.00661217 0.00627291 757.959
52 581   0.00782287 0.0047121 745.562
52 582   0.00667717 0.00493636 742.745
52 692   -0.00257781 0.00816265 787.269
52 693   -0.0019497 0.00880275 730.272
52 695   -0.00228666 0.00930445 718.445
52 764   0.0061614 -0.0101294 561.523
52 765   0.00608049 -0.0101046 624.808
52 766   0.0061582 -0.010229 355.789
52 767   0.00604047 -0.0101938 451.183
52 791   0.0113721 0.00363491 672.955
52 792   0.0113773 0.00361227 674.043
52 793   0.0113941 0.00364947 673.428
52 796   -0.011429 -0.00364841 870.172
52 799   -0.0114304 -0.00363854 765.22
52 803   -0.00635438 0.00980561 816.378
52 804   -0.00636024 0.0100021 746.302
52 805   -0.00976173 0.00472089 735.439
52 807   -0.00749087 0.0054311 813.192
52 808   -0.00877585 0.00534342 774.996
52 809   -0.00733333 0.00657715 863.181
52 812   -0.00935858 0.0063697 789.919
52 815   -0.00812537 0.00680075 846.936
52 816   -0.00886563 0.00668096 810.98
52 817   -0.00916472 0.00721583 809.572
52 818   -0.00849736 0.00799009 862.737
52 819   -0.00814017 0.00725083 864.553
52 820   -0.00870874 0.00742039 823.32
52 821   -0.0072712 0.00786512 910.305
52 822   -0.00782497 0.00758461 890.094
52 823   -0.00803261 0.00805644 897.925
52 824   -0.0077755 0.00859463 929.391
52 825   -0.00729838 0.00848809 939.185
52 826   -0.0066842 0.00937702 942.641
52 827   -0.00709937 0.00923068 963.792
52 828   -0.00698318 0.00882187 962.593
52 829   -0.00600651 0.00714334 896.536
52 830   -0.00684614 0.00765112 908.634
52 831   -0.00674261 0.00696437 888.622
52 832   -0.00559846 0.00830114 931.976
52 833   -0.00634334 0.00792325 920.458
52 834   -0.00587672 0.00773693 911.519
52 835   -0.0065215 0.00867461 957.68
52 836   -0.00623009 0.00837705 942.293
52 837   -0.00590006 0.00859788 950.852
52 838   -0.00642624 0.00922542 964.646
52 839   -0.00637974 0.00893183 967.23
52 840   -0.00599161 0.00894826 965.921
52 841   -0.00614853 0.00938593 954.358
52 842   -0.0057813 0.00941814 960.192
52 843   -0.00593701 0.00920275 969.133
52 844   -0.0059048 0.00968473 897.38
52 845   -0.0061878 0.00975346 841.001
52 846   -0.00608376 0.00961613 901.372
52 847   -0.00624096 0.00999411 740.688
52 848   -0.00614709 0.00988106 792.408
52 849   -0.00605981 0.00993981 775.312
52 850   -0.00619879 0.0100726 670.859
52 851   -0.00610859 0.0100331 718.724
52 852   -0.00619686 0.0101821 470.758
52 853   -0.0061264 0.0102115 384.59
52 854   -0.00609457 0.0101659 500.335
52 855   -0.00607482 0.010097 642.133
52 856   -0.00565059 0.00997373 840.075
52 857   -0.00565783 0.0101291 780.036
52 858   -0.00592518 0.0099585 784.446
52 859   -0.00583057 0.00987012 837.269
52 860   -0.00587157 0.0100585 750.195
52 861   -0.0057842 0.0101255 737.704
52 862   -0.00589241 0.0102155 531.825
52 863   -0.00582862 0.0102189 600.556
52 864   -0.00600602 0.0101077 650.641
52 865   -0.00593885 0.0100997 695.394
52 866   -0.00591527 0.0101633 611.221
52 867   -0.00604262 0.0101952 455.456
52 868   -0.00596571 0.0101859 524.569
52 869   -0.00599916 0.0101567 564.489
52 870   -0.00598866 0.010271 273.094
52 871   -0.00603082 0.010227 381.756
52 872   -0.00598749 0.0102217 424.864
52 873   -0.00604869 0.0102632 260.244
52 874   -0.00602325 0.0102926 150.133
52 875   -0.00606507 0.010318 45.4704
52 876   -0.00602706 0.0103374 21.7349
52 877   -0.00603579 0.0103211 55.2669
52 878   -0.0057454 -0.00717564 744.751
52 879   -0.00355715 -0.00801784 746.737
52 880   -0.00418425 -0.00679267 745.081
52 881   0.00525824 0.00767299 749.817
52 882   0.00423516 0.00829632 758.061
52 991   0.00355712 -0.00848596 873.561
52 992   0.00188302 -0.00761922 761.45
52 993   0.00405751 -0.0073393 867.503
52 994   0.00322683 -0.00683236 821.97
52 995   0.00281197 -0.00872793 776.817
52 996   0.00163236 -0.00893714 721.064
52 997   0.00196855 -0.00836813 747.208
52 1000   0.00277068 -0.00924464 725.405
52 1001   0.00218088 -0.00934924 714.097
52 1072   0.00225178 0.00861417 725.119
52 1076   0.000155042 0.00776076 734.799
52 1077   0.00129148 0.00830869 729.59
52 1078   0.000857303 0.00936236 725.965
52 1079   -0.0013599 0.00890736 720.681
52 1080   -0.000553008 0.00848513 728.428
52 1081   -5.26278e-06 0.00914373 721.608
52 1084   -0.00110706 0.00951366 707.848
52 1085   -0.000517253 0.00961826 712.025
52 1273   0.00830632 -0.00585944 804.212
52 1274   0.00926665 -0.00571327 769.825
52 1276   0.00952392 -0.00639539 785.376
52 1277   0.00918139 -0.00697307 809.165
52 1281   -0.00388589 0.00894876 904.245
52 1282   -0.00392419 0.00841326 892.462
52 1283   -0.00322881 0.00834429 836.543
52 1284   -0.0027185 0.00908749 744.039
52 1285   -0.00334848 0.00899214 854.997
52 1286   -0.00303255 0.00876744 807.565
52 1289   -0.00318188 0.00928604 760.743
52 1290   -0.00288698 0.00933834 731.95
52 1432   0.0108239 -0.00294308 707.696
52 1434   0.010535 -0.00144674 702.636
52 1435   0.01131 -0.000828563 695.01
52 1454   -0.00610297 0.0102739 205.742
52 1455   -0.00607611 0.0103053 78.4971
52 1456   -0.00607227 0.010279 182.342
52 1458   -0.00611586 0.0102926 128.26
52 1459   -0.00609774 0.0103078 71.19
52 1557   -0.006039 0.0103419 10.1621
52 1558   -0.00604696 0.010345 7.06995
52 1568   0.00611386 -0.0102455 292.542
52 1569   0.00607704 -0.0102352 334.194
52 1570   0.00611409 -0.0102917 124.037
52 1571   0.00608138 -0.0102985 102.972
52 1572   0.00605886 -0.0102761 199.939
52 1574   0.00607835 -0.0103217 35.593
52 1575   0.0060661 -0.0103423 7.85257
52 1576   0.00606199 -0.0103251 29.6992
52 1586   -0.00607145 0.0103333 12.912
52 1589   -0.00605868 0.0103533 3.49775
52 1590   -0.0060581 0.0103425 7.05095
52 1591   0.0114292 0.00357665 677.132
52 1593   0.0114016 0.00361502 675.686
52 1594   0.0114185 0.00360215 677.15
52 1595   0.0114306 0.00361708 679.38
52 1596   0.0114041 0.0036402 675.221
52 1597   0.0114065 0.00362839 676.048
52 1598   0.0114211 0.003632 678.875
52 1599   0.0114306 0.00364466 686.073
52 1600   0.0114231 0.00364212 680.339
52 1601   0.0114147 0.00364646 676.588
52 1602   -0.0109924 -0.00339836 676.47
52 1603   -0.0107324 -0.0036726 674.754
52 1604   -0.0106959 -0.00348306 676.795
52 1605   -0.0112882 -0.00350049 676.105
52 1606   -0.011159 -0.00348283 675.267
52 1609   -0.0109477 -0.00372938 672.344
52 1610   -0.0110984 -0.00356549 673.706
52 1611   -0.0111059 -0.00371956 671.246
52 1612   -0.011028 -0.00364767 672.685
52 1613   -0.0112468 -0.00368878 671.195
52 1614   -0.0111709 -0.00366702 671.737
52 1615   -0.0111817 -0.00360772 672.906
52 1616   -0.0112751 -0.00364684 672.335
52 1617   -0.0112949 -0.00357715 674.688
52 1618   -0.011249 -0.00360173 673.303
52 1622   -0.0113387 -0.00366556 672.598
52 1623   -0.0113116 -0.00364489 672.871
52 1624   -0.011326 -0.00360484 674.695
52 1625   -0.0113551 -0.00364199 674.326
52 1626   -0.011351 -0.00360903 675.52
52 1627   -0.0114081 -0.00363118 687.588
52 1628   -0.0113871 -0.00364523 676.247
52 1629   -0.0114113 -0.00361928 682.163
52 1630   -0.0114127 -0.0036094 681.341
52 1631   -0.0113869 -0.00359543 678.49
52 1644   0.00420113 -0.00882721 911.825
52 1645   0.00433504 -0.00942464 937.74
52 1646   0.00487572 -0.00868352 931.078
52 1647   0.00511824 -0.00912132 956.832
52 1648   0.004901 -0.00944057 961.019
52 1651   0.00508723 -0.00978507 968.913
52 1652   0.00808704 -0.00818166 901.685
52 1653   0.00701579 -0.00731465 896.638
52 1654   0.00843403 -0.00789047 865.659
52 1655   0.00852772 -0.00719175 835.096
52 1656   0.00790993 -0.00676024 854.375
52 1657   0.00688637 -0.0079652 918.579
52 1658   0.00734008 -0.00887546 961.734
52 1659   0.00688926 -0.00894248 966.708
52 1660   0.00759089 -0.00866498 942.552
52 1661   0.00757115 -0.00820657 918.177
52 1662   0.00593113 -0.00846042 944.923
52 1663   0.00651445 -0.00869335 959.191
52 1664   0.00639615 -0.0082879 938.775
52 1665   0.00606776 -0.00929342 963.254
52 1666   0.00619881 -0.00889772 965.795
52 1667   0.00590005 -0.00883401 961.024
52 1668   0.00545671 -0.00922913 967.429
52 1669   0.00571471 -0.00910136 967.463
52 1670   0.00582328 -0.00935805 964.759
52 1671   0.00530444 -0.00967398 966.048
52 1672   0.00567387 -0.00953436 957.386
52 1673   0.00545668 -0.00943729 969.439
52 1674   0.0054237 -0.00982384 940.986
52 1675   0.00544503 -0.0100265 882.12
52 1676   0.00563022 -0.0097155 929.173
52 1677   0.00571404 -0.00986278 863.934
52 1678   0.00562678 -0.0100169 828.336
52 1679   0.00591852 -0.00990161 806.468
52 1680   0.00596689 -0.0100463 731.427
52 1683   0.00568813 -0.0101377 768.402
52 1684   0.00582015 -0.010237 577.725
52 1685   0.00578128 -0.0101427 725.509
52 1686   0.00586623 -0.0101138 701.343
52 1687   0.00598288 -0.0102056 462.747
52 1688   0.00592224 -0.0101839 569.734
52 1689   0.00588796 -0.0102323 506.392
52 1690   0.0059198 -0.0102599 411.976
52 1691   0.00593281 -0.0102956 302.065
52 1692   0.00597224 -0.0102477 375.406
52 1693   0.0060293 -0.0102828 200.915
52 1694   0.00599639 -0.0102715 286.68
52 1695   0.0059741 -0.0102953 241.262
52 1696   0.00602012 -0.0103035 126.909
52 1697   0.00599764 -0.0103278 81.3497
52 1698   0.00599371 -0.0103101 146.342
52 1699   0.00604511 -0.0103199 56.5587
52 1700   0.00602976 -0.0103149 82.4811
52 1701   0.00601842 -0.0103273 60.3446
52 1702   0.00602701 -0.0103344 32.909
52 1703   0.00602883 -0.0103436 13.7473
52 1704   0.0060404 -0.0103306 30.3524
52 1705   0.00605397 -0.010343 8.13884
52 1706   0.00604515 -0.0103365 15.2897
52 1707   0.0060393 -0.0103431 10.8608
52 1708   0.0060565 -0.0103573 3.42192
52 1711   0.00604398 -0.0103492 6.93048
52 1712   0.00605189 -0.0103511 5.2471
end
