958
16 278   -0.0449779 0.00332888 969.56
16 279   -0.0451567 -0.00285011 969.563
16 280   -0.0477766 -0.0217741 926.583
16 281   -0.0411382 -0.0063623 969.665
16 282   -0.0434939 -0.0296588 872.321
16 283   -0.0384815 -0.00705913 969.58
16 284   -0.001066 -0.0214156 958.063
16 285   -0.00113191 0.0212733 954.531
16 286   0.00447583 0.0186934 895.8
16 287   -0.000295595 -0.0188631 963.391
16 288   -0.000543063 0.018717 958.726
16 289   0.00245277 0.0175661 915.082
16 290   0.000839377 0.0177329 942.529
16 291   0.000946831 -0.0158802 969.435
16 292   -0.00334333 -0.0175702 965.251
16 293   -0.00181647 -0.0175853 966
16 294   -0.00684741 -0.0147278 912.627
16 295   0.00176577 -0.0146944 963.446
16 296   -0.00596446 -0.0159797 941.891
16 297   0.00250658 0.0157681 914.473
16 298   0.00326511 0.0147893 896.84
16 299   -0.00459116 -0.0154739 936.047
16 300   -0.00358932 -0.0160635 954.474
16 301   -0.000481923 -0.0154883 968.796
16 302   -0.00448888 -0.0141461 905.445
16 303   -0.00143652 -0.0161826 965.86
16 304   0.00127679 0.0152012 942.099
16 305   -0.00247303 -0.0154388 958.216
16 306   -0.00354205 -0.0135739 910.69
16 307   0.00266375 0.013714 902.391
16 308   0.00102924 -0.0136663 947.933
16 309   -0.00153273 0.0138371 965.12
16 310   0.00121995 0.0141933 948.397
16 311   -0.000748499 -0.014424 969.352
16 312   -0.00345378 -0.0126633 887.133
16 313   -0.00231515 -0.0145659 956.8
16 314   -0.00139862 0.0130328 956.713
16 315   -0.00271496 -0.0139089 944.66
16 316   0.00162907 -0.012654 880.378
16 317   0.00184838 0.0136849 932.842
16 318   0.00118032 -0.0129677 912.221
16 319   0.000664187 0.0137121 962.866
16 320   -0.00154521 -0.0142455 966.495
16 321   -0.00387082 -0.0122606 789.439
16 322   -0.00269579 -0.0123976 922.899
16 323   -0.00215429 -0.0133883 958.228
16 324   0.00221628 0.0124471 911.098
16 325   -0.000745257 0.012674 963.96
16 326   -0.00161047 -0.0136209 967.598
16 327   0.00164922 0.0130722 948.095
16 328   0.000918854 0.013078 966.84
16 329   -0.00230225 -0.0126112 953.204
16 330   -0.000845372 -0.0132813 965.866
16 331   -0.00211151 -0.0129554 960.708
16 332   -0.00128405 -0.0133216 969.455
16 333   0.00183445 0.012664 944.845
16 334   0.00127545 0.0129465 964.681
16 335   -0.000784548 -0.0129024 952.255
16 336   -0.00195688 -0.0123321 967.985
16 337   0.00154018 0.012405 966.854
16 338   -0.000619096 -0.0126919 943.779
16 339   -0.00111796 -0.0127573 945.167
16 340   -0.000411115 -0.012635 959.556
16 341   0.00128504 0.0125668 968.403
16 342   -0.000215302 -0.0126668 965.337
16 343   -0.00112437 -0.012519 899.951
16 344   0.000950833 0.0124661 939.096
16 345   0.00112415 0.0124379 944.18
16 346   -0.00127496 -0.0124039 882.08
16 347   -0.000756846 -0.0124678 906.537
16 355   0.00705512 -0.0162691 968.203
16 356   0.000634423 -0.0235707 924.658
16 357   0.00064258 -0.0270768 876.181
16 358   0.00400317 -0.0278077 771.721
16 359   0.00315487 -0.0234201 906.919
16 360   0.00665985 -0.0245288 852.09
16 361   0.00497956 -0.0255609 837.862
16 362   0.00392281 -0.0220165 917.948
16 363   0.00574751 -0.0227596 901.784
16 364   0.00352078 -0.0202477 942.383
16 365   0.00184295 -0.0187334 959.932
16 366   0.00209563 -0.0173427 966.695
16 371   0.00658765 -0.0215448 914.522
16 374   0.00687891 -0.0195431 943.828
16 375   0.00596656 -0.0205691 930.237
16 376   0.00472439 -0.0200151 941.129
16 377   0.00384228 -0.0175286 965.81
16 378   0.0047932 -0.0186867 956.316
16 379   0.00603538 -0.0185419 956.562
16 380   0.00621159 -0.0173705 966.177
16 381   0.00515691 -0.0154307 965.727
16 382   0.00407601 -0.0166408 969.165
16 383   0.00520314 -0.0166275 969.21
16 384   0.00292586 -0.0148943 962.046
16 385   0.00368866 -0.0158254 969.206
16 386   0.0043709 -0.0150625 962.595
16 387   0.00316737 -0.014044 943.138
16 388   0.00404885 -0.0142188 946.157
16 389   -0.0443147 -0.0225038 952.249
16 390   -0.0429623 -0.0254745 940.927
16 399   -0.0073094 0.0334717 908.997
16 400   -0.0099577 0.0304151 944.465
16 401   -0.00566386 0.0266749 951.401
16 402   -0.00856866 0.0271306 959.102
16 406   -0.0511394 0.0239928 873.923
16 407   -0.0451432 0.0217779 953.605
16 417   -0.00994521 -0.0304279 946.63
16 418   -0.00730453 -0.033476 913.837
16 419   -0.00290302 -0.0321106 859.347
16 420   -0.00263053 -0.0286489 897.505
16 421   -0.00854432 -0.027173 959.302
16 422   -0.00563117 -0.0267594 951.02
16 423   -0.0410063 0.0310456 894.922
16 424   -0.0391947 0.0336819 898.857
16 425   -0.0387161 0.0282554 947.784
16 431   -0.0328814 -0.023077 967.486
16 435   -0.0034216 -0.0220562 968.063
16 436   -0.00485805 -0.0240526 967.827
16 439   -0.0034709 0.0220335 965.698
16 440   -0.00489474 0.0239471 967.162
16 453   -0.0473563 0.0130747 966.876
16 454   -0.0423563 0.0130747 969.085
16 455   -0.0432966 0.0168169 969.015
16 456   -0.0410178 0.0154758 965.582
16 467   -0.0242355 0.0325 962.219
16 468   -0.0263562 0.0225 968.87
16 469   -0.0297518 0.0245559 969.08
16 470   -0.0220949 0.0247217 967.115
16 471   -0.0209062 0.0297217 963.574
16 472   -0.0142764 0.0241651 968.667
16 473   -0.0161499 0.0322217 956.932
16 474   -0.0136283 0.0291651 958.384
16 475   -0.0195493 0.0222217 967.934
16 476   -0.0164238 0.0222217 968.731
16 500   -0.0501567 -0.00540454 969.204
16 503   -0.0489851 -0.0093627 968.517
16 504   -0.0513284 -0.0114531 966.311
16 505   -0.0435737 -0.0108717 969.623
16 506   -0.0464206 -0.0113177 968.748
16 507   -0.0421347 -0.0126887 969.49
16 508   -0.0433674 -0.0151769 969.591
16 509   -0.0396992 -0.0118419 968.993
16 510   -0.0387177 -0.0133331 966.682
16 512   -0.0242337 -0.0325 962.551
16 513   -0.0296829 -0.0245513 969.117
16 514   -0.0263285 -0.0225 968.913
16 515   -0.0314676 -0.0335257 953.551
16 516   -0.0280811 -0.0310257 962.226
16 517   -0.0294667 -0.028077 965.601
16 518   -0.032345 -0.0291026 962.3
16 519   -0.0333615 -0.0320513 949.966
16 521   -0.0208996 -0.029726 963.92
16 522   -0.0220853 -0.024726 967.216
16 523   -0.0136152 -0.0291779 959.237
16 524   -0.0161445 -0.032226 957.983
16 525   -0.0142415 -0.0241779 968.664
16 527   -0.0163842 -0.022226 968.735
16 528   -0.0195287 -0.022226 967.966
16 540   -0.00587965 0.0165862 912.679
16 542   -0.000877417 -0.0124483 878.753
16 543   -0.000979992 -0.0124316 861.956
16 653   -0.00661321 0.0109444 745.17
16 698   -0.0402548 -0.0240374 963.479
16 700   -0.0411485 0.0249972 964.616
16 701   -0.0392028 0.0261879 964.661
16 712   -0.0423504 0.0186898 964.575
16 713   -0.042936 0.020705 968.346
16 714   -0.00441814 0.0205563 916.831
16 715   0.00705512 -0.0131107 871.927
16 716   0.0041729 -0.0124261 899.02
16 717   0.00402329 -0.0134493 922.485
16 718   0.00446552 -0.0131149 908.751
16 719   0.00339921 -0.0131678 912.222
16 720   0.00288441 -0.0133811 919.937
16 724   -0.0423594 -0.0198111 961.775
16 725   -0.0420391 -0.0170554 965.313
16 726   -0.011289 0.0229151 968.595
16 727   -0.00925195 0.0246306 968.576
16 729   -0.00661321 -0.0109907 793.57
16 730   -0.0072044 -0.010681 871.871
16 731   -0.0112549 -0.0229279 968.871
16 732   -0.00922779 -0.024673 969.032
16 733   -0.00587965 0.0153994 913.193
16 734   -0.00474882 0.0146088 922.216
16 735   -0.00235622 0.0179113 968.444
16 736   -0.00454228 0.0170093 933.92
16 737   -0.00494669 0.0184656 904.689
16 738   -0.0038923 0.0189905 940.264
16 739   -0.00166104 0.015881 969.398
16 740   -0.00229591 0.0168186 968.124
16 741   -0.00342759 0.0164415 955.561
16 742   -0.00248013 0.0152865 963.903
16 743   -0.00389612 0.0148554 939.638
16 744   -0.00337214 0.0156002 953.636
16 745   -0.0024134 0.0144157 959.078
16 746   -0.00367089 0.0135098 926.907
16 747   -0.00295947 0.0140767 946.539
16 748   -0.00355018 0.0142026 938.509
16 749   -0.0033049 0.0132867 928.66
16 750   -0.00285546 0.0134812 938.864
16 751   -0.00327598 0.0129177 922.302
16 752   -0.00229731 0.0123596 894.111
16 753   -0.00259869 0.0131796 935.559
16 754   -0.00198915 0.0128744 937.032
16 755   -0.00183532 0.0124346 920.228
16 756   -0.00286513 0.0128735 921.935
16 757   -0.00308179 0.0123029 901.406
16 758   -0.00281221 0.0125791 908.797
16 759   -0.00262294 0.0124078 894.034
16 761   -0.00300801 0.0121129 875.428
16 762   -0.00277702 0.0121504 865.273
16 763   -0.00418812 -0.0185937 969.24
16 764   -0.00425137 -0.0203922 960.277
16 765   -0.0329708 0.0230838 967.606
16 766   -0.0348607 0.0252936 968.667
16 783   0.00653708 -0.0123644 830.288
16 784   0.00550398 -0.0114318 796.712
16 785   0.00672295 -0.0118635 796.148
16 786   0.00724098 -0.011557 768.942
16 787   0.00694539 -0.01101 731.091
16 788   0.00635419 -0.0109688 750.182
16 789   0.00613175 -0.0114713 785.021
16 790   0.0073522 -0.0102529 446.484
16 795   -0.0072044 0.0108746 707.276
16 796   -0.0073522 0.0103173 495.805
16 802   -0.0510348 0.0324945 678.833
16 809   -0.0461668 -0.0323578 727.774
16 834   0.00361432 0.0127227 774.071
16 835   0.00267219 0.0126429 882.758
16 836   0.00302065 0.0131259 874.522
16 837   0.00305055 0.0122747 795.852
16 838   0.00348116 0.0122048 735.585
16 861   0.000233855 -0.0336346 744.329
16 862   0.00386693 -0.0336346 686.449
16 868   0.00568328 0.0305714 687.838
16 869   -0.00265124 0.0284832 889.898
16 870   -0.00290773 0.0319955 843.39
16 872   0.00386657 0.0335238 683.621
16 873   0.000233136 0.0335238 730.753
16 874   -0.00144069 -0.0130287 968.964
16 875   -0.00133543 -0.0128434 962.961
16 876   -0.00172433 -0.0128951 969.365
16 877   -0.00175294 -0.0124955 968.493
16 878   -0.00171113 -0.0127143 969.543
16 879   -0.00152699 -0.0127053 965.694
16 880   -0.00141528 -0.0124366 924.911
16 881   -0.00161602 -0.0124234 958.223
16 882   -0.00152158 -0.0125496 957.109
16 884   -0.00145538 -0.0123192 909.837
16 885   -0.00156405 -0.0123016 937.501
16 912   0.000701229 0.0128495 969.508
16 913   0.000809019 0.0126034 965.141
16 914   0.000587018 0.0125191 965.922
16 953   -0.0505624 -0.0249868 849.913
16 954   -0.0490972 -0.0299008 719.835
16 955   -0.0510348 -0.032543 678.377
16 958   0.00446189 0.0126464 745.97
16 959   0.00573411 0.0140421 834.316
16 960   0.00446958 0.0141249 832.411
16 961   0.00483964 0.0119387 716.486
16 962   0.00543083 0.011629 733.035
16 970   -0.00536957 -0.013585 870.307
16 971   -0.0063548 -0.0136609 885.457
16 972   -0.00700739 -0.0125924 861.998
16 973   -0.00641619 -0.01185 801.095
16 974   -0.00454418 -0.0122387 735.87
16 975   -0.00562798 -0.0119669 750.741
16 976   -0.00523394 -0.0126334 785.08
16 978   -0.00464262 -0.0117271 699.663
16 979   -0.00523381 -0.0114174 706.996
16 1009   -0.0334715 -0.0210257 954.541
16 1011   -0.000493268 -0.0135214 966.578
16 1012   -0.000256896 -0.0139968 968.592
16 1013   0.000291316 -0.013785 962.003
16 1014   -9.52949e-05 -0.0128765 956.188
16 1015   -0.000104456 -0.0132953 959.997
16 1016   0.000214344 -0.013324 954.517
16 1017   0.00054729 -0.0127725 914.777
16 1018   0.000319232 -0.0130101 940.715
16 1019   0.000127779 -0.0128003 940.005
16 1021   0.000485893 -0.0125416 894.56
16 1022   0.000225782 -0.0125838 910.074
16 1175   -0.00805554 0.0218295 848.488
16 1176   -0.00788488 0.023545 952.991
16 1177   -0.00643248 0.0233172 942.788
16 1178   -0.00673885 0.0208682 683.528
16 1179   -0.00592731 0.0216121 841.657
16 1180   -0.0370699 0.0218352 825.095
16 1181   -0.0410333 0.0218378 936.981
16 1182   -0.0403533 0.0234407 956.966
16 1183   -0.0384077 0.0246314 960.975
16 1184   -0.0368492 0.0240449 947.962
16 1185   -0.0385858 -0.0212136 717.645
16 1186   -0.0393381 -0.0199581 790.68
16 1187   -0.0401239 -0.0220292 904.47
16 1188   -0.0408761 -0.0207737 921.669
16 1205   -0.00804546 -0.0218485 867.199
16 1206   -0.00640605 -0.0233869 955.653
16 1207   -0.00786262 -0.0235936 958.274
16 1214   0.00631762 0.0117091 785.63
16 1215   0.00690881 0.012489 820.14
16 1250   0.0072044 0.0106997 871.569
16 1251   0.00661321 0.0110094 802.396
16 1268   0.00218213 -0.012741 879.293
16 1269   0.00252809 -0.0130384 901.25
16 1271   0.00226292 -0.0123095 841.274
16 1273   0.00334095 -0.0127443 898.758
16 1274   0.0036724 -0.012337 917.862
16 1275   0.00357711 -0.0120638 943.831
16 1276   0.00276154 -0.0127427 883.664
16 1277   0.00305959 -0.0126619 886.661
16 1278   0.00305234 -0.0123095 866.539
16 1279   0.00282699 -0.0122821 848.894
16 1280   0.00266126 -0.0124857 862.199
16 1281   0.00250861 -0.0123499 845.988
16 1283   0.00275901 -0.0121325 825.357
16 1284   0.00258966 -0.01216 825.426
16 1289   0.00572048 -0.0147221 953.205
16 1290   0.00661024 -0.0148176 953.072
16 1291   0.00661024 -0.0137648 914.058
16 1292   0.00505464 -0.0133514 909.96
16 1293   0.00549803 -0.0138209 925.723
16 1294   0.00594292 -0.0135177 907.46
16 1295   0.0058705 -0.0126082 857.169
16 1296   0.00527782 -0.0129889 890.221
16 1297   0.00572122 -0.0131075 888.921
16 1298   0.00539202 -0.011894 824.69
16 1299   0.00561223 -0.0123751 848.541
16 1300   0.00524199 -0.0126041 870.904
16 1301   0.00454181 -0.0121815 867.811
16 1302   0.00502252 -0.0119121 834.125
16 1303   0.00502104 -0.0123339 860.792
16 1305   0.00469109 -0.0116823 827.068
16 1306   0.0043955 -0.0118371 844.16
16 1307   -0.00624643 0.0133273 870.453
16 1308   -0.00530857 0.0117185 827.442
16 1309   -0.00619536 0.0117337 799.754
16 1310   -0.00678655 0.0123836 820.849
16 1311   -0.00495184 0.0121905 865.385
16 1312   -0.0040577 0.0133148 918.278
16 1313   -0.00479926 0.0127657 891.155
16 1314   -0.00478968 0.013761 910.044
16 1315   -0.00520706 0.0134074 894.713
16 1316   -0.00425969 0.0122809 913.578
16 1317   -0.00407852 0.0128967 914.707
16 1318   -0.0044027 0.0127011 904.947
16 1319   -0.00394591 0.0122674 936.874
16 1320   -0.00385619 0.0126252 922.302
16 1321   -0.00351111 0.0126114 921.872
16 1322   -0.00336983 0.0122911 923.189
16 1323   -0.00352705 0.0120635 951.794
16 1324   -0.00375804 0.0120261 965.481
16 1361   -0.00463071 0.0117885 857.711
16 1362   -0.00433511 0.0119434 888.098
16 1363   -0.00628051 -0.0202589 777.081
16 1364   -0.0054608 -0.0210281 902.699
16 1365   -0.00699873 -0.0212571 752.842
16 1366   -0.00617903 -0.0220263 894.869
16 1408   0.00632531 0.0175604 880.404
16 1409   0.00632531 0.0153716 862.437
16 1422   -0.0374406 -0.0214335 766.927
16 1423   -0.0366122 -0.0224592 896.404
16 1424   -0.0360191 -0.0205128 843.52
16 1425   -0.0351907 -0.0215385 921.169
16 1554   -0.00695988 0.0174095 886.245
16 1555   -0.00655412 0.019649 768.607
16 1556   -0.006014 0.0189261 840.334
16 1557   -0.00722994 0.019016 802.69
16 1558   -0.00668982 0.0182931 858.43
16 1569   -0.0386394 0.0165039 945.819
16 1572   -0.0406413 0.0185173 934.094
16 1573   -0.0392091 0.0176725 922.639
16 1574   -0.0380697 0.0186686 879.943
16 1575   -0.039878 0.0203206 854.105
16 1576   -0.0384458 0.0203092 673.973
16 1597   0.00568346 -0.0295386 702.873
16 1598   0.00568346 -0.0322693 679.761
16 1616   -0.00661705 -0.0170923 963.88
16 1619   -0.00580741 -0.0182189 966.693
16 1620   -0.00669036 -0.0192482 876.644
16 1621   0.000585117 0.0232391 912.514
16 1622   0.000617878 0.0267792 859.354
16 1623   0.00399482 0.0273391 749.499
16 1624   0.00581153 0.0237604 814.509
16 1625   0.00396205 0.0216965 885.706
16 1632   0.000476174 0.01558 955.682
16 1633   9.25681e-05 0.0163137 958.428
16 1634   -0.00091213 0.0157362 968.337
16 1635   -0.000970387 0.0142176 969.558
16 1636   -0.000216889 0.0149812 965.867
16 1637   -0.00084016 0.0150239 968.941
16 1638   0.000178593 0.0138801 966.35
16 1639   -0.000186101 0.0143946 967.244
16 1640   -0.000508131 0.0139552 969.421
16 1641   4.41073e-05 0.0134138 968.497
16 1642   -0.000330981 0.0134675 969.484
16 1643   -0.00016407 0.0127111 968.966
16 1644   -0.000390584 0.0129692 969.536
16 1645   0.000425333 0.0128882 968.809
16 1646   0.000183893 0.0130381 968.41
16 1647   3.53183e-05 0.0128336 967.812
16 1648   0.000431888 0.0126014 969.457
16 1649   0.000377993 0.0127245 968.916
16 1650   0.000175523 0.012643 962.706
16 1653   0.000165326 0.0125303 955.295
16 1654   0.000293509 0.0125095 966.976
16 1655   -0.0356385 0.0210279 889.353
16 1656   -0.0335281 0.0210279 955.404
16 1659   -0.0386071 -0.0188318 836.107
16 1661   -0.0398249 -0.0168918 941.616
16 1662   -0.0387177 -0.01556 955.126
16 1680   -0.049225 0.026008 840.897
16 1681   -0.0491204 0.0299236 719.635
16 1682   -0.0434819 0.0258119 931.586
16 1683   -0.0459501 0.0245326 917.523
16 1684   -0.04619 0.0324291 726.736
16 1685   -0.0438265 0.0297928 863.566
16 1697   -0.0314896 0.0335279 953.283
16 1698   -0.0281046 0.0310279 962.028
16 1699   -0.0295347 0.0280838 965.515
16 1700   -0.0347976 0.0322098 942.431
16 1701   -0.0333394 0.0277936 965.565
16 1702   -0.0352173 0.0294196 954.42
16 1709   0.0071305 -0.0103691 597.231
16 1710   0.00698271 -0.010622 680.949
16 1711   0.0072783 -0.0106426 647.867
16 1712   -0.0499779 0.00577445 969.171
16 1713   -0.0499779 0.0107711 967.349
16 1730   -0.0071305 0.0104335 620.805
16 1731   -0.00698271 0.0105109 664.672
16 1736   -0.0405423 -0.0309516 900.993
16 1737   -0.0390401 -0.0336505 900.433
16 1738   -0.0358219 -0.0321762 936.954
16 1741   -0.0109405 0.0209717 959.019
16 1742   -0.00907407 0.0209717 891.518
16 1743   -0.0109033 -0.020976 960.11
16 1744   -0.00905901 -0.020976 892.576
16 1808   -0.0511394 0.0177511 945.012
16 1809   -0.0457966 0.0168169 966.237
16 1810   -0.0485178 0.0154758 962.228
16 1811   -0.0497788 0.0205022 925.921
16 1812   -0.0470576 0.0197628 949.503
16 1833   -0.0399779 0.0107975 969.287
16 1834   -0.0399779 0.00585357 969.671
16 1877   -0.0511071 -0.0172511 947.572
16 1878   -0.0483213 -0.0182481 952.254
16 1879   -0.0499355 -0.0144533 961.861
16 1880   -0.047371 -0.0139066 966.5
16 1881   -0.0457568 -0.0159487 967.324
16 1899   -0.0346173 -0.0252532 968.757
16 1900   -0.0342972 -0.0277532 964.976
16 1901   -0.0383193 -0.0253979 966.842
16 1902   -0.036629 -0.0241225 952.987
16 1903   -0.0360648 -0.0293524 952.344
16 1904   -0.0380752 -0.0281277 952.721
16 2040   0.00332308 -0.0121051 898.714
16 2041   0.00315372 -0.0121325 866.149
16 2066   -0.00695988 0.0150358 898.11
16 2067   -0.00695988 0.0139072 877.378
52 1   -0.00500284 -0.00119211 915.557
52 2   -0.000826884 -0.00126722 936.028
52 3   -0.00474186 0.00116541 922.562
52 4   -0.00080244 0.00100419 936.648
52 5   0.00306821 0.000837739 927.084
52 6   0.00114105 -0.00465001 951.297
52 7   0.0011214 -0.00239737 940.143
52 8   0.00309045 -0.00134622 931.433
52 9   -0.00267007 0.00216631 936.579
52 10   0.0011236 0.002058 936.342
52 11   -0.00253832 0.00434824 948.349
52 12   -0.000635169 -0.00578303 955.171
52 13   -0.00436018 0.0053891 949.901
52 14   -0.000705352 0.00551119 956.43
52 15   0.00484111 0.00182257 915.018
52 16   0.00465162 0.00396376 915.596
52 17   0.00477656 -0.00242578 926.378
52 18   -0.00632814 0.00231071 915.676
52 19   -0.0060782 0.00435248 927.52
52 20   0.00652172 0.000798851 907.334
52 21   0.00806727 0.001697 888.841
52 22   -0.000588292 -0.00760523 967.351
52 23   -0.00828353 0.00616146 906.901
52 24   0.00921614 0.000338886 899.593
52 25   -0.0076014 0.00489014 911.739
52 26   0.00174767 -0.00860586 969.339
52 27   -0.00787299 0.00176358 906.581
52 28   0.00626334 -0.0018513 913.624
52 29   -0.00862144 0.000477818 907.395
52 30   0.00686015 -0.000712949 909.181
52 31   0.000484068 -0.00852118 968.925
52 32   -0.00878501 0.00278831 892.255
52 33   0.00884553 -0.00646519 895.889
52 34   -0.00876336 0.00387311 885.915
52 35   0.00811751 -0.00577873 908.34
52 36   0.00189017 -0.00987603 964.79
52 37   0.00815669 -0.00114603 905.226
52 38   0.00843668 -0.00226476 899.615
52 39   -0.00977338 0.00241086 867.025
52 40   0.00896714 -0.000992346 912.332
52 41   4.72324e-06 -0.00965097 956.75
52 42   0.00095097 -0.0104762 960.535
52 43   -0.00960899 0.000819921 921.049
52 44   -0.00963224 0.0041601 830.408
52 45   0.00968297 -0.00622433 872.774
52 46   -0.0099794 0.00471275 806.973
52 47   0.000329129 -0.0103358 952.093
52 48   -0.000672745 -0.00992116 934.488
52 49   0.000890422 -0.0112058 966.142
52 50   -0.0103319 0.00292287 782.606
52 51   -0.0098489 0.00172823 905.841
52 52   -0.0012097 0.0112129 965.232
52 53   -0.000176988 -0.0108656 929.603
52 54   -0.000650729 -0.010653 904.026
52 55   -0.000165809 0.0113747 963.462
52 56   -0.0105872 0.00443409 740.779
52 57   -0.0101356 0.00374982 771.864
52 58   0.0104923 -0.00367606 727.068
52 59   -0.0103277 0.00341581 753.753
52 60   -0.000443693 0.011618 968.843
52 61   0.000565591 0.0109606 897.601
52 62   -0.000945974 -0.0109353 864.832
52 63   -0.00127381 -0.0108842 850.026
52 64   -0.000824945 0.0115846 969.448
52 65   0.000207612 0.0115457 945.158
52 66   -0.0107659 0.00277173 751.978
52 67   -0.0105205 0.00400185 730.694
52 68   -0.0109138 0.00441102 717.468
52 69   0.0107505 -0.0030705 722.709
52 70   0.0107435 -0.00337881 710.242
52 71   -0.010785 0.00351972 707.552
52 72   -0.0108126 0.00381384 704.755
52 73   -0.00132563 -0.0112478 803.432
52 74   -0.0110026 0.00312257 709.858
52 75   -0.000901002 -0.0112977 830.063
52 76   0.000514639 0.0112586 889.176
52 77   -0.000505269 -0.0114979 885.053
52 78   0.000406407 0.0114084 902.061
52 79   0.011017 -0.0034746 692.528
52 80   -0.000293058 -0.0117925 951.872
52 81   -0.0109968 0.00342902 697.095
52 82   -0.000799422 -0.0114614 817.232
52 83   -0.00112417 -0.0114018 788.539
52 84   0.0110048 -0.00303865 709.392
52 85   0.000291802 0.0118207 954.28
52 86   -0.000675732 -0.0115228 835.781
52 87   0.000761859 0.0114147 833.434
52 88   -0.000461762 -0.0117326 895.133
52 89   -0.0110609 0.00330342 698.51
52 90   0.000591839 0.0116176 851.463
52 91   0.000613223 0.0117742 828.936
52 92   0.000751469 0.0115783 809.735
52 93   0.0111434 -0.00334329 690.345
52 94   -0.00113048 -0.0115915 740.845
52 95   0.000511981 0.0118399 879.743
52 96   -0.000599488 -0.0118506 832.397
52 97   0.0111242 -0.00321565 696.411
52 98   0.000859381 0.0116796 757.007
52 99   -0.00092248 -0.0116412 752.929
52 100   -0.00103036 -0.0116671 710.542
52 101   -0.0112641 0.0033819 687.299
52 102   -0.000733984 -0.0117274 785.466
52 103   0.000745021 0.0118383 745.19
52 104   -0.000701248 -0.0118205 777.235
52 105   -0.0112917 0.00347919 681.662
52 106   0.000831549 0.011783 708.915
52 107   -0.000892228 -0.0117459 696.683
52 108   -0.000827423 -0.0117708 718.682
52 109   -0.000786074 -0.0119023 634.157
52 110   -0.00105251 -0.011779 563.04
52 111   0.000781905 0.0119161 636.224
52 112   0.000902808 0.0118415 539.637
52 113   -0.000847026 -0.0118685 571.189
52 114   0.0113851 -0.00365491 672.212
52 115   -0.000947635 -0.011814 550.096
52 116   -0.00090405 -0.0119006 358.554
52 117   0.000886098 0.0119029 409.243
52 118   -0.00100003 -0.0118211 480.937
52 119   -0.000939854 -0.011871 384.876
52 120   -0.00097697 -0.0119008 190.922
52 121   0.000917579 0.0119329 214.044
52 122   0.000851723 0.0119222 453.669
52 123   -0.000922084 -0.0119413 140.45
52 124   0.0114558 -0.00356479 684.214
52 125   -0.000986192 -0.011957 2.63555
52 353   0.00864536 -0.00736194 914.124
52 354   -0.00816097 0.00721614 924
52 426   0.00180007 -0.0113863 951.598
52 427   0.00128909 -0.0114305 965.844
52 462   -0.00634375 -0.00510227 898.516
52 511   -0.00158723 -0.0106186 862.913
52 565   0.00916153 -0.00259354 884.846
52 566   0.00952041 -0.00190688 900.191
52 567   0.0100186 -0.00205034 878.285
52 568   0.0105729 -0.00287621 751.239
52 569   0.0101906 -0.00250986 820.909
52 570   0.0101594 -0.00287239 793.279
52 572   0.0105341 -0.00240967 799.443
52 573   0.0106744 -0.00261769 765.83
52 608   0.011264 -0.00338658 684.131
52 612   0.0113412 -0.00345145 678.852
52 613   0.0112781 -0.00345708 680.791
52 614   0.00706007 -0.00396262 912.44
52 615   0.00707313 -0.00284604 909.896
52 616   0.00794991 -0.00282643 901.822
52 617   0.00828207 -0.00490816 899.658
52 618   0.00816917 -0.0036512 898.408
52 619   0.00770453 -0.0042348 906.13
52 620   0.00872008 -0.0039195 886.479
52 621   0.00885922 -0.00460267 884.071
52 622   0.00922568 -0.0034235 867.207
52 623   0.00992502 -0.00384625 791.837
52 624   0.00974096 -0.00337764 820.118
52 625   0.00970799 -0.00436591 820.321
52 626   0.00938978 -0.00478466 857.713
52 627   0.0102033 -0.00530435 813.731
52 628   0.00971783 -0.00542805 849.764
52 629   0.0107688 -0.00460758 736.089
52 630   0.0101365 -0.00449974 780.48
52 631   0.0103037 -0.00479478 779.993
52 632   0.0105874 -0.00399743 721.611
52 633   0.0104485 -0.00430145 743.735
52 634   0.0107545 -0.00432362 721.126
52 635   0.0111654 -0.00396795 690.042
52 636   0.0108516 -0.00393027 702.667
52 637   0.0109351 -0.00410893 703.561
52 638   0.0110637 -0.00363103 688.296
52 639   0.0109965 -0.00377836 692.798
52 640   0.0111573 -0.00380495 685.387
52 641   0.0111829 -0.00362385 682.087
52 642   0.0113224 -0.00366273 675.324
52 643   0.0112347 -0.00370844 680.048
52 644   0.0112587 -0.00352055 679.472
52 645   0.0112374 -0.00357418 679.549
52 646   0.0112914 -0.00360214 676.49
52 647   0.0113437 -0.00350349 676.476
52 648   0.011324 -0.0035639 675.293
52 649   0.0113015 -0.00353312 677.162
52 650   0.0114012 -0.00359538 670.906
52 652   0.0114253 -0.00360034 669.51
52 654   0.00246063 -0.00569608 957.631
52 655   0.00249224 -0.00762765 967.867
52 656   0.00442953 -0.00394741 937.403
52 657   0.00340866 -0.00504007 950.941
52 658   0.00409496 -0.00603042 956.63
52 659   0.00643404 -0.00447855 922.901
52 660   0.00530347 -0.00443164 935.135
52 661   0.00492819 -0.00544388 947.345
52 662   0.00712002 -0.00590329 928.169
52 663   0.00645247 -0.00526667 930.335
52 664   0.00566505 -0.00571493 944.863
52 665   0.00580982 -0.00640092 952.168
52 666   0.006665 -0.00653143 945.386
52 667   0.00625035 -0.00756613 964.947
52 668   0.00683443 -0.00711275 953.507
52 669   0.00770449 -0.00820833 964.584
52 670   0.00769306 -0.00748093 946.71
52 671   0.00708232 -0.00838117 967.603
52 672   0.0064868 -0.00810714 969.001
52 673   0.00722359 -0.00903681 915.487
52 674   -0.00358852 0.00780277 968.244
52 675   -0.00449238 0.00687633 962.055
52 676   -0.00577248 0.00752218 965.493
52 677   -0.00753356 0.00850477 968.058
52 678   -0.00704093 0.00762729 959.453
52 683   -0.00547791 0.00841628 969.046
52 684   -0.0045537 0.00867238 969.349
52 685   -0.00570936 0.00964805 938.176
52 686   -0.00586693 0.00899342 956.016
52 687   -0.0068116 0.00886491 945.788
52 688   -0.00625605 0.0090278 940.551
52 689   -0.00640445 0.00954406 871.057
52 690   -0.00712194 0.00922661 881.862
52 699   -0.00694359 -0.00614258 894.26
52 706   0.00261087 -0.010149 962.161
52 707   0.00219069 -0.011158 939.183
52 708   0.00246095 -0.0107455 950.846
52 709   0.00278287 -0.0114378 864.825
52 710   0.00252738 -0.0114599 901.69
52 768   -0.001572 0.0113993 961.467
52 812   -0.0017955 -0.00805446 966.795
52 813   -0.00221836 -0.002428 933.11
52 814   -0.00369262 -0.00249725 923.019
52 815   -0.0020463 -0.00469117 941.61
52 816   -0.00417419 -0.00407119 920.016
52 817   -0.00500187 -0.00484013 913.096
52 818   -0.00319727 -0.00511027 933.345
52 819   -0.00455868 -0.00572683 917.806
52 820   -0.00349122 -0.00603159 933.307
52 821   -0.00475093 -0.00655465 915.415
52 822   -0.00412433 -0.00716239 925.232
52 823   -0.00327846 -0.00702381 941.54
52 824   -0.0027806 -0.00764357 954.722
52 826   -0.00275477 -0.00908382 968.636
52 827   -0.0031239 -0.00845204 956.346
52 828   -0.00370291 -0.00866682 940.546
52 865   0.00792381 0.00410749 884.159
52 866   0.00840435 0.00301007 878.598
52 926   -0.000975285 0.00707942 965.778
52 927   -0.00248852 0.00786692 968.592
52 928   -0.0023743 0.00882076 969.49
52 929   -0.00143405 0.00892455 969.096
52 930   -0.00274239 0.00947554 968.1
52 931   -0.00433821 0.0106486 968.428
52 932   -0.00433211 0.00940405 967.532
52 933   -0.00495014 0.0103718 963.64
52 934   -0.00509875 0.00980259 958.78
52 935   -0.0038149 0.0105772 965.217
52 936   -0.00314987 0.00988914 965.737
52 937   -0.00366019 0.00990189 966.538
52 938   -0.00283858 0.0103776 959.271
52 939   -0.00288728 0.0107729 948.008
52 940   -0.00358628 0.0110532 958.115
52 941   -0.00311167 0.0113771 866.249
52 942   -0.0032003 0.0110289 935.946
52 1005   -0.00997702 0.00533529 834.162
52 1006   -0.00960829 0.00605887 877.413
52 1030   -0.000955243 -0.0119383 58.1628
52 1031   -0.00098173 -0.0119437 9.02091
52 1032   -0.000988771 -0.0119333 27.5321
52 1033   -0.000974326 -0.0119274 68.9355
52 1118   0.00094458 0.0119241 156.315
52 1119   0.000204643 0.00902697 965.092
52 1120   -0.000677433 0.0085308 969.449
52 1121   -0.000104438 0.00763951 968.181
52 1122   0.000770469 0.00500435 949.86
52 1123   0.00140742 0.00376179 940.14
52 1124   0.00316254 0.00468272 931.133
52 1125   0.00193757 0.00604814 950.094
52 1126   0.00360423 0.00675978 934.678
52 1127   0.00309745 0.00578926 936.361
52 1128   0.00294081 0.00725911 948.843
52 1129   0.00211556 0.00690987 955.617
52 1130   0.00097127 0.00755955 966.908
52 1131   0.00217532 0.00797126 965.4
52 1132   0.00175424 0.00735435 962.45
52 1133   0.00179257 0.00832734 969.288
52 1134   0.00108499 0.00815607 969.417
52 1135   0.000891361 0.0087322 967.109
52 1136   0.00217791 0.00913047 943.903
52 1137   0.00139685 0.00903731 959.626
52 1138   0.00180102 0.00876964 967.744
52 1139   0.00153689 0.00936176 940.342
52 1140   0.00201059 0.00943453 904.776
52 1141   0.00110894 0.010033 915.613
52 1142   0.00145887 0.00969919 921.578
52 1143   0.001255 0.0103978 889.636
52 1144   0.0016602 0.0107571 850.521
52 1145   0.000900625 0.0108659 875.218
52 1146   0.00143954 0.010798 853.396
52 1147   0.00115841 0.0106422 878.098
52 1148   0.00138143 0.0110779 825.517
52 1149   0.000914002 0.0113631 817.834
52 1150   0.00100182 0.0111123 844.167
52 1151   0.00120149 0.0111685 820.319
52 1153   0.00122227 0.011424 780.286
52 1154   0.00114874 0.0116263 724.64
52 1155   0.00112828 0.0114805 773.51
52 1156   0.00101969 0.0114758 783.915
52 1157   0.000950421 0.0116629 737.395
52 1158   0.00100051 0.0115946 757.807
52 1159   0.0010694 0.0116581 716.386
52 1160   0.00106675 0.0117863 549.169
52 1161   0.000986974 0.01173 672.279
52 1162   0.00105166 0.0117229 662.584
52 1163   0.000954915 0.0118234 519.638
52 1164   0.000981997 0.0117788 604.461
52 1165   0.00102213 0.0118081 517.833
52 1166   0.00101558 0.0118865 226.962
52 1167   0.000977612 0.0118585 391.139
52 1168   0.00101248 0.0118468 414.398
52 1169   0.000961635 0.0119052 234.439
52 1170   0.00097404 0.0118877 291.003
52 1171   0.00099194 0.0119011 187.838
52 1172   0.000985969 0.0119195 94.7109
52 1173   0.000973099 0.0119177 126.354
52 1174   0.000989149 0.0119353 24.9349
52 1200   -0.00687903 0.00945847 827.015
52 1201   -0.00671709 0.00961303 805.285
52 1254   0.002918 -0.0112316 895.752
52 1255   0.00293278 -0.0108413 943.646
52 1256   0.00349828 -0.0112079 945.762
52 1257   0.00319166 -0.0113465 876.086
52 1329   -0.00189666 0.0112018 951.342
52 1330   -0.00209375 0.0115226 936.484
52 1331   -0.000251707 0.0108439 951.487
52 1332   0.000228594 0.0106468 928.998
52 1333   5.93218e-05 0.00974062 954.008
52 1334   0.000536144 0.0101041 933.358
52 1335   -0.00133202 0.00963123 966.03
52 1336   -0.000720722 0.00995113 960.91
52 1337   -0.000724202 0.0105117 959.097
52 1338   -0.00124566 0.0106513 961.61
52 1339   -0.00222735 0.0097572 966.288
52 1340   -0.00175722 0.00980909 965.672
52 1341   -0.00166739 0.0102686 962.28
52 1342   -0.00248804 0.0102972 960.545
52 1343   -0.0022843 0.0100904 963.441
52 1344   -0.00200432 0.0103461 960.964
52 1345   -0.00203549 0.0108511 953.961
52 1346   -0.00233239 0.0105414 956.678
52 1347   -0.00208373 0.0105643 957.882
52 1348   -0.00256356 0.0108876 944.078
52 1349   -0.00235921 0.0107364 952.134
52 1350   -0.0022091 0.0109198 949.431
52 1351   -0.00232187 0.0113333 928.222
52 1352   -0.00252851 0.0110605 935.423
52 1353   -0.00229838 0.0110813 941.477
52 1355   -0.00285289 0.0114556 856.053
52 1358   -0.00252622 0.0114844 902.093
52 1359   -0.0026578 0.0113033 906.696
52 1367   0.00359618 -0.00779896 968.168
52 1368   0.00425087 -0.00685774 962.954
52 1369   0.00522886 -0.0069572 961.506
52 1370   0.00549996 -0.00754108 966.435
52 1371   0.00497577 -0.00812375 969.354
52 1372   0.00404998 -0.00848109 969.551
52 1373   0.00541636 -0.00873669 966.811
52 1374   0.00617701 -0.00869504 961.445
52 1375   0.00634423 -0.00912885 928.83
52 1376   0.00668754 -0.00972092 791.18
52 1377   0.00684975 -0.00956599 803.843
52 1378   0.0067953 -0.00919659 886.958
52 1379   0.00339669 -0.00991099 965.876
52 1380   0.00387437 -0.00934197 968.396
52 1381   0.0044743 -0.00946981 966.841
52 1382   0.0050905 -0.00922187 962.658
52 1383   0.00368114 -0.010358 964.227
52 1384   0.00426481 -0.0108616 969.044
52 1385   0.00336714 -0.0106917 956.186
52 1386   0.00365897 -0.0109435 959.96
52 1387   0.00444916 -0.0100262 965.475
52 1388   0.0044255 -0.0105971 967.934
52 1389   0.00413367 -0.0103453 966.489
52 1390   0.00518539 -0.0104533 961.17
52 1391   0.00474912 -0.0100901 964.209
52 1392   0.00473286 -0.0104659 966.617
52 1393   0.00537271 -0.009647 951.657
52 1394   0.00534683 -0.0101961 953.506
52 1395   0.00505648 -0.00995886 959.112
52 1396   0.00601984 -0.00953365 916.366
52 1397   0.00565418 -0.0100648 939.63
52 1398   0.00567194 -0.00970363 938.519
52 1401   0.00595266 -0.0101142 922.712
52 1402   0.00645313 -0.00986765 849.747
52 1403   0.0061554 -0.00982559 894.544
52 1406   -0.0060197 0.0100098 915.803
52 1407   -0.00632567 0.00987138 873.517
52 1482   0.0058018 0.00487463 906.221
52 1483   0.0070563 0.00472901 887.905
52 1484   0.00724438 0.00609306 888.552
52 1485   0.00440075 0.00699243 920.741
52 1486   0.00536263 0.0063115 909.841
52 1487   0.00619838 0.0065942 903.99
52 1488   0.00598814 0.00737803 905.32
52 1489   0.0041073 0.00826012 926.245
52 1490   0.00444193 0.007652 918.417
52 1491   0.00519357 0.0077549 901.079
52 1493   0.00458737 0.00848933 911.226
52 1494   0.0051305 0.00823672 897.21
52 1495   -0.00551906 -0.00751125 901.951
52 1496   -0.0061594 -0.00663958 904.969
52 1497   -0.00542851 -0.00677693 908.422
52 1499   -0.00645932 -0.00715973 905.858
52 1500   -0.00604057 -0.00758805 906.012
52 1512   0.00216943 0.00980834 868.421
52 1515   0.0018198 0.00993916 890.622
52 1516   0.00172901 0.0102675 879.635
52 1517   0.00185308 0.0104711 865.054
52 1520   -0.00519418 -0.0079972 897.124
52 1521   -0.00447704 -0.00787063 915.792
52 1522   -0.00424605 -0.00841421 920.641
52 1604   0.00369994 0.00844958 940.061
52 1605   0.00363688 0.00893139 944.732
52 1606   0.00316266 0.00798527 951.186
52 1607   0.00275849 0.00825295 961.666
52 1608   0.00255055 0.0091037 963.257
52 1609   0.00319476 0.00895063 960.361
52 1610   0.00285365 0.00873649 965.623
52 1612   0.00275587 0.00938099 967.381
52 1613   0.00302744 0.00925469 967.103
52 1859   0.000377029 -0.0114517 968.037
52 1860   -0.000102363 -0.0116464 962.641
52 1861   -6.85396e-05 -0.0112519 941.858
52 1862   -0.000268378 -0.0114223 928.744
52 1864   0.000380432 -0.0117107 968.678
52 1865   0.000100878 -0.0117348 969.021
52 1868   -0.00655726 -0.0021735 904.987
52 1869   -0.00700276 -0.00412524 893.338
52 1870   -0.00901317 -0.00194418 870.796
52 1871   -0.00808713 -0.00108985 899.479
52 1873   -0.00826162 -0.00418852 883.83
52 1874   -0.00874215 -0.0030911 875.828
52 1908   -0.00100258 -0.0118901 217.622
52 1909   -0.00101786 -0.0118675 327.065
52 1989   -0.00205602 -0.00979696 882.605
52 1990   -0.00217522 -0.00909968 940.736
52 1991   -0.00155926 -0.00887878 964.482
52 1992   -0.00158939 -0.0100483 895.995
52 1993   -0.0011285 -0.00959754 937.408
52 2125   -0.000960082 -0.0119504 14.2728
52 2126   -0.000977521 -0.0119562 3.43631
52 2127   -0.000972123 -0.0119499 7.25231
52 2164   -0.0114026 0.00352198 675.906
52 2165   -0.011368 0.00352701 676.559
52 2166   -0.0112438 0.00355439 681.158
52 2167   -0.0111522 0.00358269 685.616
52 2168   -0.0109934 0.00390879 696.307
52 2169   -0.0111808 0.00400037 690.842
52 2170   -0.0110279 0.00407372 699.08
52 2171   -0.0111468 0.00371644 685.363
52 2172   -0.0110955 0.00382022 689.427
52 2173   -0.011176 0.003895 687.47
52 2177   -0.0112424 0.00376151 681.09
52 2178   -0.0112675 0.00382861 681.75
52 2179   -0.0112958 0.00371346 677.7
52 2180   -0.0113512 0.00372114 675.236
52 2181   -0.011362 0.0035871 674.086
52 2182   -0.0113528 0.00366864 674.133
52 2183   -0.011306 0.00362115 676.629
52 2184   -0.0112974 0.00366097 676.909
52 2187   -0.0113872 0.00365925 672.262
52 2188   -0.011381 0.00360613 672.599
52 2189   -0.0114142 0.00363093 670.506
52 2190   -0.0113872 0.00363462 671.991
52 2191   -0.0114016 0.00359482 671.691
52 2192   -0.0114145 0.00361007 670.54
52 2193   -0.0114214 0.00356346 672.917
52 2194   -0.0114129 0.00357805 671.906
52 2195   -0.0114538 0.00357056 674.995
52 2198   -0.0114392 0.00356065 673.286
52 2199   -0.0114439 0.00356955 672.723
52 2238   0.0113995 -0.00351242 674.416
52 2239   0.0113698 -0.00351673 675.053
52 2240   0.0113608 -0.00355032 674.013
52 2241   0.0113992 -0.00353579 673.212
52 2242   0.0113911 -0.00357012 671.987
52 2243   0.0113808 -0.00355548 672.983
52 2245   0.0114187 -0.00354058 672.5
52 2246   0.0114272 -0.00358096 669.816
52 2247   0.0114402 -0.00356035 671.141
52 2248   0.0114119 -0.00356577 671.229
52 2249   0.0114211 -0.00355593 671.553
52 2250   0.011452 -0.00357225 673.312
52 2252   0.0114399 -0.00358378 668.957
52 2253   0.0114437 -0.00357302 670.499
52 2255   0.000946699 0.0119466 58.0194
52 2256   0.000969412 0.0119322 63.7251
52 2257   0.000965095 0.0119538 9.36713
52 2258   0.000960066 0.0119422 43.6548
52 2259   0.000973955 0.0119493 9.05037
52 2260   0.000982227 0.0119398 17.8744
52 2261   0.00097536 0.0119386 29.0534
52 2273   -0.0114314 0.00360156 669.678
52 2274   -0.0114424 0.00358095 670.395
52 2275   -0.0114292 0.00358664 670.525
52 2290   0.00098343 0.0119485 7.56826
52 2293   0.000979078 0.0119531 5.3152
52 2294   0.000979023 0.0119589 3.3446
end
