997
16 1   -0.0445908 -0.00283229 966.377
16 2   -0.0449757 0.00375272 966.555
16 3   -0.0244393 0.0323839 969.009
16 4   -0.0395908 -0.00642956 964.21
16 5   -0.0209033 0.0293269 969.354
16 6   -0.0479045 -0.022226 938.517
16 7   -0.014503 0.0242728 969.016
16 8   -0.0219757 0.0243269 969.6
16 9   0.00192033 0.0225739 919.453
16 10   0.00454345 0.0225805 895.797
16 11   0.00634934 0.0192289 905.401
16 12   0.00480339 0.0179575 914.518
16 13   -0.000157125 -0.0187765 968.529
16 14   0.0048414 0.0161423 912.095
16 15   0.0066932 0.0141249 879.148
16 16   -0.0017435 -0.017403 969.662
16 17   0.00558055 0.0148206 896.89
16 18   -0.00336867 -0.0174322 969.471
16 19   -0.00691643 -0.0146475 930.144
16 20   -0.00137717 -0.0158206 969.669
16 21   -0.00606003 -0.0158837 958.67
16 22   -0.00373461 -0.0158634 966.47
16 23   0.00306278 0.0155943 934.748
16 24   -0.00479386 -0.0153181 955.07
16 25   -0.00617584 -0.0135401 901.351
16 26   0.00414885 0.0138299 902.209
16 27   0.00317703 0.0143198 932.115
16 28   -0.00326015 -0.0135297 960.391
16 29   0.00252466 0.0138043 952.445
16 30   0.0018627 0.0138713 962.835
16 31   -0.00114515 -0.0128161 965.2
16 32   0.00180864 0.0132132 968.577
16 33   -0.00294568 -0.0128778 967.642
16 34   0.00320317 0.0127619 931.575
16 35   0.00263974 0.0131707 957.395
16 36   0.00285246 0.0128728 954.886
16 37   -0.00145231 -0.0124824 945.594
16 38   -0.00254292 -0.0127608 962.87
16 39   0.00223875 0.0129553 968.404
16 40   0.00365817 0.0120839 865.286
16 41   0.00193363 0.0123658 910.33
16 42   0.00230374 0.0126172 967.765
16 43   0.00258413 0.0125363 968.879
16 44   0.00217838 0.0124061 931.934
16 45   -0.00281368 -0.0121961 953.204
16 46   0.00275459 0.0121972 968.207
16 47   0.00259809 0.0123025 963.649
16 48   -0.00253495 -0.012434 931.936
16 49   -0.00265441 -0.0122925 925.996
16 50   -0.00242717 -0.0122988 869.956
16 51   -0.00233403 -0.0122434 825.499
16 52   0.00242812 0.012186 901.588
16 53   -0.00254662 -0.0121572 853.581
16 54   0.00228881 0.0122086 864.249
16 422   -0.0445056 -0.0231782 958.535
16 424   -0.0511414 0.0240076 895.1
16 425   -0.0451705 0.0218504 963.68
16 433   -0.00996885 -0.0304297 960.493
16 434   -0.00857028 -0.0271786 967.567
16 435   -0.00563412 -0.0267703 963.57
16 439   -0.0114758 0.0234948 962.614
16 440   -0.0329081 -0.0230862 953.78
16 447   -0.00174136 0.0183802 965.132
16 448   -0.00291901 0.0160837 947.755
16 449   -0.00517351 0.0157143 907.285
16 450   -0.00280743 0.0198404 950.319
16 451   0.00135127 0.0128798 969.323
16 452   0.00150015 0.0124362 958.093
16 455   -0.000764087 -0.0126599 969.456
16 460   -0.00485038 -0.0240662 963.177
16 462   -0.00199841 0.0147803 956.996
16 463   4.68479e-05 0.0187224 964.952
16 464   0.00164169 0.0201386 942.063
16 465   0.00271885 0.0188737 934.361
16 466   0.0020297 0.0161725 951.213
16 467   0.00172379 0.0176367 951.718
16 468   0.000524242 0.0172783 963.987
16 469   -0.000617228 0.0150288 969.194
16 470   0.0001892 0.0158628 968.008
16 471   0.00120814 0.0143612 964.938
16 472   0.00115607 0.0153895 962.775
16 473   0.000526973 0.0140208 968.603
16 474   -0.00033152 0.0142152 969.268
16 475   -0.000638018 0.013711 967.754
16 478   -0.0495908 -0.00567745 967.753
16 481   -0.0481362 -0.00984137 968.714
16 482   -0.0510454 -0.0115995 969.536
16 483   -0.0453412 -0.0121746 968.001
16 484   -0.0417958 -0.0116079 962.95
16 485   -0.039705 -0.013366 954.534
16 486   -0.0408645 -0.0155025 946.439
16 487   -0.0431837 -0.0168841 959.27
16 488   -0.0486171 0.0140239 969.27
16 489   -0.0511414 0.0177625 959.149
16 490   -0.0497828 0.020525 943.395
16 491   -0.0470656 0.019805 961.645
16 492   -0.0458035 0.0168948 969.461
16 493   -0.0459964 0.0138763 968.94
16 494   -0.0433035 0.0168948 960.152
16 507   -0.011431 0.0211649 944.95
16 534   0.0063976 0.0126397 837.866
16 535   0.00631762 0.0110902 774.456
16 536   0.00591421 0.0116266 764.918
16 537   0.00569861 0.0123896 800.051
16 539   0.00532302 0.0114657 724.481
16 540   -0.00720014 0.0336649 924.633
16 542   -0.024267 -0.0325 969.103
16 543   -0.0297259 -0.0245574 967.241
16 544   -0.0263974 -0.0225 968.538
16 545   -0.0209451 -0.0297266 969.385
16 546   -0.0221635 -0.0247266 969.608
16 547   -0.0136508 -0.0291797 967.479
16 548   -0.0161695 -0.0322266 967.215
16 549   -0.0143355 -0.0241797 968.524
16 550   -0.0196336 -0.0222266 969.44
16 551   -0.0165117 -0.0222266 968.973
16 555   -0.0314845 -0.0335287 965.123
16 556   -0.0281185 -0.0310287 969.01
16 557   -0.0295092 -0.0280862 969.6
16 558   -0.032372 -0.0291149 968.915
16 559   -0.0333784 -0.0320574 962.898
16 709   -0.00179811 -0.0123172 877.273
16 710   -0.00170353 -0.0125507 926.524
16 711   -0.00295871 -0.015077 966.683
16 712   -0.00222643 -0.0150634 969.229
16 713   -0.00295583 -0.014064 965.759
16 714   -0.00239992 -0.0138595 969.361
16 715   -0.00204718 -0.0142413 969.589
16 716   -0.00163478 -0.0139412 969.338
16 717   -0.00124616 -0.0132221 965.941
16 718   -0.00215029 -0.0135 969.357
16 719   -0.00163156 -0.0132652 965.532
16 720   -0.00175129 -0.0135886 968.753
16 721   -0.00232981 -0.012951 963.164
16 722   -0.00217861 -0.0132429 968.343
16 723   -0.00188251 -0.0131104 963.349
16 724   -0.00213138 -0.0127933 947.884
16 725   -0.00181957 -0.0127405 942.392
16 726   -0.00192032 -0.0129235 955.941
16 727   -0.00194566 -0.0124089 880.134
16 728   -0.00194875 -0.0126171 924.55
16 729   -0.00211251 -0.0126036 923.133
16 730   -0.00224275 -0.012316 846.911
16 731   -0.00217693 -0.0124423 887.47
16 732   -0.00206046 -0.012339 854.922
16 734   -0.00217647 -0.0122046 797.112
16 735   -0.00207607 -0.0122209 810.132
16 780   -0.042359 -0.0187697 944.152
16 781   -0.0428006 -0.0207828 953.261
16 784   -0.0423681 0.018746 944.386
16 785   -0.0429729 0.0207914 958.759
16 786   -0.00690038 0.0135981 859.914
16 787   -0.00570115 0.0141277 891.838
16 788   -0.00654567 0.012534 826.991
16 789   -0.00481015 0.0133199 898.674
16 790   -0.00448071 0.0119739 862.193
16 791   -0.00538652 0.0126876 860.208
16 792   -0.00592281 0.0124313 829.761
16 793   -0.00599035 0.0118203 795.338
16 794   -0.0056673 0.0111686 731.671
16 795   -0.00590378 0.0110447 746.352
16 839   -0.0113379 -0.0229297 958.655
16 840   -0.00925462 -0.0246786 960.304
16 846   -0.00419544 -0.0185215 963.387
16 847   -0.0042283 -0.0203588 933.413
16 870   -0.00637275 0.0168514 881.224
16 885   -0.0399757 0.00639307 964.737
16 892   -0.0334185 0.0212233 932.359
16 924   -0.00290717 -0.0321321 884.349
16 925   -0.00262878 -0.0286769 916.392
16 927   0.00386868 -0.0336555 689.781
16 928   0.000237367 -0.0336555 766.419
16 969   -0.00462068 0.0191901 878.969
16 970   -0.00580912 0.0181937 857.742
16 971   -0.00693637 0.0188424 782.444
16 979   0.000654958 -0.0271283 895.935
16 980   0.00400788 -0.0278945 797.564
16 983   0.00582354 -0.0252623 863.9
16 984   0.0066146 -0.0213437 929.686
16 985   0.00493814 -0.0235361 906.804
16 986   0.00316733 -0.0226591 927.737
16 987   0.00395839 -0.0206721 947.566
16 988   0.0057292 -0.0202613 946.777
16 989   0.00167754 -0.0184404 967.496
16 990   0.00331057 -0.0194756 960.394
16 991   0.00378572 -0.0179593 967.257
16 992   0.0015413 -0.017062 969.573
16 993   0.00276408 -0.0167864 969.522
16 994   -0.000388852 -0.0155165 969.3
16 995   0.000705668 -0.0161427 969.292
16 996   0.00100481 -0.0152688 966.535
16 997   -0.000480847 -0.0146976 968.661
16 998   0.000301421 -0.0145877 965.531
16 999   -0.00106728 -0.0140772 968.822
16 1000   -0.000798388 -0.0136815 967.824
16 1001   -0.000328127 -0.0137594 966.344
16 1002   0.000436027 -0.0137244 956.31
16 1003   0.000185247 -0.0140453 962.855
16 1004   9.41986e-05 -0.013022 960.106
16 1005   -0.000263857 -0.0134286 965.91
16 1006   0.000109163 -0.0134485 960.156
16 1007   -0.000521454 -0.012831 969.311
16 1008   -0.000390469 -0.0131158 968.222
16 1009   -0.000157804 -0.0128697 968.481
16 1011   -0.000377359 -0.0125705 966.728
16 1012   -0.000200218 -0.0125993 963.592
16 1016   -0.0505853 -0.0250536 877.962
16 1017   -0.0491202 -0.0299686 736.051
16 1018   -0.0510348 -0.0325425 680.657
16 1021   -0.0334914 -0.0210287 929.948
16 1024   0.0066146 -0.0183979 963.537
16 1025   0.00531895 -0.0172925 968.437
16 1039   -0.0392975 0.0337121 915.633
16 1040   -0.041096 0.0311364 911.987
16 1044   -0.034651 -0.0252947 960.451
16 1045   -0.0343315 -0.0277947 969.408
16 1068   -0.00948789 0.0217474 904.719
16 1069   -0.00806729 0.0224114 864.215
16 1072   -0.0352421 0.0261052 965.317
16 1073   -0.0362682 0.028594 965.741
16 1074   -0.0389093 0.0285718 958.08
16 1075   0.00555653 -0.0155203 963.218
16 1076   0.00685218 -0.0145974 938.375
16 1081   -0.0288869 0.0260224 969.349
16 1082   -0.0284461 0.021192 966.409
16 1083   -0.0313985 0.0224152 958.508
16 1084   -0.032211 0.0248617 965.19
16 1085   -0.0255976 0.021192 968.779
16 1086   -0.0252259 0.0235759 969.321
16 1095   -0.0499757 0.00590756 967.944
16 1096   -0.0499757 0.0108646 969.341
16 1102   -0.0386596 -0.0165241 913.41
16 1105   0.00279477 -0.015399 964.171
16 1106   0.00187113 -0.0148009 958.875
16 1110   -0.0386414 0.0165141 914.744
16 1142   -0.00921944 0.0256439 966.874
16 1143   -0.00615122 0.0277825 957.918
16 1144   -0.00851989 0.0281439 963.762
16 1145   -0.016912 0.0219429 969.039
16 1146   -0.0195861 0.0219429 969.413
16 1151   -0.0435929 0.012367 965.453
16 1152   -0.0412136 0.010198 963.716
16 1153   -0.0387379 0.0118549 957.181
16 1154   -0.0398793 0.0148524 944.852
16 1155   -0.0422585 0.0147047 958.041
16 1300   -0.0053142 0.0200085 817.624
16 1301   -0.00557398 0.0209968 801.706
16 1302   -0.00650264 0.0198455 662.43
16 1310   -0.040656 0.0185581 896.917
16 1311   -0.0380707 0.0186737 804.976
16 1312   -0.0392121 0.0176879 883.691
16 1313   -0.0387372 0.0211599 688.719
16 1314   -0.0402365 0.0195624 853.342
16 1315   -0.0387926 0.0195255 757.616
16 1316   -0.00805504 -0.021851 828.473
16 1317   -0.00640796 -0.0233958 923.801
16 1318   -0.00787604 -0.0236 930.98
16 1319   -0.038774 -0.0215648 719.353
16 1320   -0.0413662 -0.0215998 917.705
16 1321   -0.00714528 0.0118525 796.247
16 1331   -0.00714528 0.0103942 772.114
16 1332   -0.00738176 0.0102703 627.297
16 1335   0.00617355 -0.0134796 896.283
16 1336   0.00648206 -0.0127061 849.274
16 1337   0.00716069 -0.0122896 820.544
16 1338   0.00692421 -0.011633 794.438
16 1339   0.00726352 -0.0111645 782.559
16 1340   0.00702705 -0.0107681 791.993
16 1341   0.00738176 -0.0103221 692.487
16 1342   0.00714528 -0.010446 783.232
16 1346   -0.0027327 0.0137889 940.154
16 1347   -0.0039064 0.012523 936.56
16 1348   -0.00388955 0.0132665 924.86
16 1349   -0.00123371 0.0135424 956.064
16 1350   -0.00198742 0.0134798 942.131
16 1351   -0.00219407 0.0128249 908.534
16 1352   -0.001224 0.013078 942.014
16 1353   -0.00165673 0.0126971 886.924
16 1355   -0.00126595 0.0124499 869.752
16 1356   -0.00159536 0.0123964 822.727
16 1359   0.0072044 0.0120376 854.848
16 1361   0.00690881 0.0112511 837.649
16 1362   0.0072044 0.0106256 881.991
16 1366   -0.0072044 -0.010671 865.777
16 1402   -0.0369417 0.0229763 878.41
16 1403   -0.0376574 0.0217531 753.492
16 1404   -0.0353045 0.0218349 890.829
16 1405   -0.0360202 0.0206116 817.315
16 1406   -0.002517 0.0124619 910.072
16 1410   -0.00295621 0.0123906 954.63
16 1411   -0.00339542 0.0123193 962.873
16 1414   -0.00627218 -0.0202483 720.022
16 1415   -0.00544864 -0.0210208 852.871
16 1416   -0.00699873 -0.0212607 696.02
16 1417   -0.00617519 -0.0220331 845.241
16 1418   -0.0374779 -0.0215474 739.619
16 1419   -0.0360267 -0.0205144 812.23
16 1420   -0.0352041 -0.0215431 885.236
16 1469   0.000842861 0.0129806 968.2
16 1470   0.000605462 0.0134147 968.372
16 1472   0.000575325 0.0126044 964.114
16 1473   0.000297715 0.0126495 953.842
16 1534   -0.0406197 -0.0185669 897.237
16 1535   -0.0392393 -0.0177028 881.792
16 1536   -0.0380798 -0.0186787 804.649
16 1537   -0.0389646 -0.0200439 718.612
16 1538   -0.0403449 -0.0200746 846.888
16 1548   -0.0510379 0.0337484 672.945
16 1557   0.000125327 0.012895 965.194
16 1558   -0.000219448 0.013386 969.526
16 1559   0.000165538 0.0132841 968.762
16 1560   -0.000146621 0.01286 968.458
16 1561   -0.000372697 0.0131339 969.266
16 1562   -0.000884884 0.012667 937.538
16 1563   -0.000781556 0.0129945 957.966
16 1565   -0.00027774 0.0126102 968.708
16 1566   -0.000607144 0.0125568 953.582
16 1593   0.000206235 -0.0127553 945.193
16 1594   0.000337996 -0.0127339 923.498
16 1612   0.00508296 -0.0135745 917.004
16 1613   0.00361123 -0.0144333 949.023
16 1614   0.00446594 -0.0146011 949.441
16 1615   0.00343265 -0.0134681 931.251
16 1616   0.0044412 -0.0118933 828.045
16 1617   0.00480028 -0.0128506 891.823
16 1618   0.00379871 -0.0130114 926.954
16 1619   0.00425063 -0.0122753 895.589
16 1620   0.00434243 -0.0127913 909.561
16 1621   0.0035981 -0.0126457 936.797
16 1622   0.00388994 -0.012267 941.483
16 1624   0.00371227 -0.0120303 968.082
16 1625   0.00344875 -0.0120731 968.75
16 1628   -0.0066436 -0.0170165 968.899
16 1629   -0.00582755 -0.0181577 951.022
16 1630   -0.00668395 -0.0192226 834.87
16 1644   -0.000136997 0.0236022 938.889
16 1645   -0.00130672 0.0252446 937.291
16 1646   -0.00214266 0.0216363 966.731
16 1689   -0.00946552 0.0205825 872.138
16 1690   -0.00834876 0.0205825 777.331
16 1691   -0.0492463 0.0260531 869.779
16 1692   -0.0491428 0.0312089 710.401
16 1693   -0.0506049 0.0287056 749.565
16 1694   -0.0462187 0.0324605 746.915
16 1695   -0.0438905 0.0298847 886.743
16 1706   0.00401019 0.0122839 826.243
16 1707   0.00499961 0.0126102 797.651
16 1708   0.0042669 0.013039 877.264
16 1709   0.00376087 0.0127844 896.533
16 1710   0.00497352 0.0118113 730.481
16 1711   0.00486572 0.0121928 759.017
16 1712   0.00438233 0.0121211 750.306
16 1715   0.00463793 0.0116621 713.241
16 1716   0.00434234 0.011817 714.252
16 1721   0.00578803 -0.0123198 829.664
16 1722   0.00519684 -0.0123694 845.58
16 1723   0.00638444 -0.0111201 782.421
16 1724   0.00651808 -0.0116009 791.82
16 1725   0.00606052 -0.0118711 798.143
16 1726   0.00591148 -0.0111077 746.489
16 1727   0.00569041 -0.0115142 767.854
16 1729   0.00643585 -0.0108177 804.48
16 1730   0.00667233 -0.0106938 822.193
16 1733   -0.0390528 -0.0336798 919.245
16 1734   -0.0358411 -0.0322085 953.655
16 1735   -0.038124 -0.028248 963.967
16 1736   -0.0360989 -0.0294171 963.957
16 1743   0.0056941 0.0251278 823.251
16 1745   0.00569955 0.0326663 678.95
16 1751   0.00568434 -0.0323111 681.851
16 1752   0.00568434 -0.0296221 709.819
16 1767   -0.00763846 0.0209145 651
16 1768   -0.00733461 0.0215784 776.289
16 1769   -0.00691434 0.0205018 492.262
16 1770   -0.0066105 0.0211658 718.112
16 1775   -0.0416697 0.0216856 930.926
16 1776   -0.0407411 0.0227902 915.503
16 1777   -0.0406453 0.0206445 869.738
16 1778   -0.0397168 0.021749 829.443
16 1797   -0.0174415 0.0306078 968.559
16 1798   -0.0147678 0.0279377 969.13
16 1799   -0.0150516 0.0336649 964.737
16 1800   -0.0110976 0.0323299 955.939
16 1801   -0.0110411 0.0296597 963.195
16 1802   0.00204042 -0.0137406 933.465
16 1803   0.00278549 -0.0133735 922.762
16 1804   0.00149427 -0.0134765 921.766
16 1805   0.000872366 -0.0135348 940.814
16 1806   0.00185821 -0.0130056 885.492
16 1808   0.00209403 -0.0123259 826.069
16 1809   0.0018305 -0.0123686 792.782
16 1817   -0.00909669 -0.0209766 856.508
16 1818   -0.011001 -0.0209766 939.448
16 1846   -0.00684969 0.0113824 787.419
16 1847   -0.00631762 0.0114528 783.796
16 1848   -0.00619938 0.0110981 775.993
16 1849   -0.0072044 0.0109882 780.49
16 1850   -0.00696793 0.0106954 793.908
16 1852   -0.00637673 0.0107969 805.671
16 1853   -0.00661321 0.010673 827.982
16 1856   -0.029885 0.0285537 969.496
16 1857   -0.0284604 0.0311072 968.822
16 1858   -0.0319113 0.0337233 964.074
16 1859   -0.0342353 0.0298819 965.498
16 1860   -0.0350779 0.0324354 955.836
16 1872   -0.0511596 -0.0174425 960.687
16 1873   -0.0484787 -0.018824 961.862
16 1874   -0.049705 -0.0148117 968.754
16 1875   -0.04691 -0.0146235 969.472
16 1876   -0.0456837 -0.0168841 969.375
16 1901   -0.0442402 0.0266448 926.891
16 1902   -0.0453133 0.0239155 948.473
16 1903   -0.0466718 0.0253164 914.513
16 1904   -0.0412396 0.023943 960.828
16 1905   -0.0426133 0.0259262 956.95
16 1906   -0.0431498 0.0245616 964.036
16 1907   -0.0394614 0.0266425 968.138
16 1908   -0.0410502 0.025949 967.203
16 1909   -0.0403558 0.0246662 962.697
16 1910   -0.0375018 0.0241531 924.313
16 1911   -0.0368757 0.025447 958.773
16 1912   -0.03908 0.0247127 952.437
16 1913   -0.0384539 0.0260066 968.04
16 1927   0.0026962 -0.0128909 911.052
16 1928   0.00317107 -0.0122838 955.831
16 1929   0.00314275 -0.0126198 934.808
16 1930   0.00234339 -0.0124511 873.859
16 1931   0.00231508 -0.0127871 886.656
16 1933   0.0028846 -0.0121976 950.878
16 1934   0.00262107 -0.0122404 919.779
16 1946   -0.00551452 0.0254338 968.953
16 1947   -0.00374533 0.0244319 968.58
16 1948   -0.00702141 0.0231451 898.884
16 1949   -0.00730243 0.0246303 955.968
16 1950   -0.00525222 0.0221432 883.01
16 1951   -0.00376404 0.0226265 953.934
16 1955   -0.00517246 -0.0137257 911.517
16 1956   -0.00464689 -0.0142676 937.459
16 1957   -0.00390248 -0.0136542 942.644
16 1958   -0.00472175 -0.013112 900.863
16 1959   -0.00413436 -0.0131127 919.195
16 1960   -0.00638912 -0.0127106 868.051
16 1961   -0.00712971 -0.0122798 874.478
16 1962   -0.00683411 -0.0114025 832.901
16 1963   -0.00624292 -0.0111961 759.765
16 1964   -0.00539348 -0.0113725 715.12
16 1965   -0.00590997 -0.0116393 760.641
16 1966   -0.00576058 -0.0122764 812.239
16 1967   -0.00483754 -0.0126386 864.906
16 1968   -0.00524328 -0.0122894 800.712
16 1969   -0.00469104 -0.0117512 728.64
16 1970   -0.00509708 -0.0118072 739.969
16 1971   -0.0040294 -0.0126782 911.199
16 1972   -0.00446979 -0.0124751 871.312
16 1973   -0.00417469 -0.011945 789.081
16 1974   -0.00446949 -0.0120699 792.259
16 1975   -0.0039541 -0.0121865 895.637
16 1976   -0.0038085 -0.0125145 918.403
16 1977   -0.00372404 -0.0120479 910.803
16 1986   -0.0411681 -0.0323597 900.156
16 1987   -0.0399815 -0.0297193 938.084
16 1988   -0.0445808 -0.0336798 781.295
16 1989   -0.0455965 -0.0311059 804.774
16 1990   -0.0441706 -0.0258562 939.116
16 1991   -0.0440459 -0.0284987 906.78
16 1992   -0.0418436 -0.0284323 932.967
16 1993   -0.0423274 -0.0251286 964.684
16 1994   -0.0416093 -0.026451 959.722
16 1995   -0.041228 -0.0232676 950.013
16 1996   -0.0400161 -0.0232633 909.343
16 1997   -0.0386381 -0.0262645 969.101
16 1998   -0.0397675 -0.0244278 951.013
16 1999   -0.0402613 -0.0257544 969.256
16 2000   -0.0363003 -0.024858 949.643
16 2001   -0.0377591 -0.0255256 960.768
16 2002   -0.0385294 -0.0243501 934.27
16 2003   -0.0362701 -0.0231639 901.604
16 2004   -0.037482 -0.0231681 873.32
16 2005   -0.00487871 0.0119676 828.661
16 2006   -0.00520176 0.0122026 836.62
16 2007   -0.00547411 0.011472 766.898
16 2008   -0.00556069 0.0118309 797.353
16 2010   -0.00517852 0.0114185 760.828
16 2011   -0.00494204 0.0115424 783.024
16 2019   0.00480362 -0.0118488 806.186
16 2020   0.0050555 -0.0120074 815.879
16 2021   0.00527657 -0.011601 772.451
16 2023   0.00514293 -0.0113803 747.752
16 2024   0.00490646 -0.0115042 769.163
16 2063   0.000949071 -0.0130999 911.643
16 2064   0.00145337 -0.012895 872.093
16 2065   0.00152911 -0.0125726 823.764
16 2066   0.000752698 -0.0125329 859.289
16 2067   0.000629529 -0.0128416 906.958
16 2069   0.00127974 -0.0124474 804.894
16 2070   0.00101622 -0.0124901 830.912
16 2097   -0.000802136 0.0276618 902.543
16 2098   -0.00060474 0.0335645 782.437
16 2099   -0.00387744 0.0291978 921.067
16 2100   -0.00368549 0.0322294 892.604
16 2101   0.00299616 0.0312308 714.512
16 2102   0.00299071 0.0283597 782.434
16 2155   -0.000200557 -0.0207162 965.403
16 2156   0.00149087 -0.0229199 938.691
16 2157   -9.12459e-05 -0.0243183 939.751
16 2158   -0.00259125 -0.0231628 966.981
16 2159   -0.00260621 -0.0213423 966.621
16 2195   -0.00349003 -0.0120859 936.713
16 2196   -0.00350044 -0.0123887 942.089
16 2197   -0.00300856 -0.0121645 969.317
16 2198   -0.00317498 -0.012442 963.172
16 2205   0.00341238 0.0122126 908.052
16 2206   0.002976 0.01225 955.13
16 2207   0.00320669 0.0123901 931.194
16 2209   0.00328014 0.0120565 916.649
16 2210   0.00308322 0.0120884 943.156
16 2299   -0.00860521 -0.0334766 942.329
16 2300   -0.00601696 -0.0334766 918.314
52 275   -0.00477382 0.00130858 939.46
52 276   0.00100659 -0.00469407 962.568
52 277   -0.00462963 -0.00106224 935.354
52 278   -0.00283558 0.00236873 951.318
52 279   -0.000837047 -0.0011397 951.567
52 280   -0.00266616 -0.00226098 947.569
52 281   -0.00086228 0.00111918 952.054
52 282   0.00105921 -0.00231937 954.313
52 283   -0.000865796 -0.0057226 965.509
52 284   0.00455615 0.00203466 934.182
52 285   0.00285929 -0.00124618 947.91
52 286   0.000955084 0.00214732 952.745
52 287   0.0027804 0.000961633 945.689
52 288   0.00482355 -0.00454205 952.041
52 289   0.00426647 0.0041976 940.098
52 290   -0.00264229 -0.00446917 954.331
52 291   -0.000832516 0.00548397 965.499
52 292   0.0046257 -0.00234011 942.884
52 293   -0.00796715 -0.00148081 904.023
52 294   0.000910786 0.00419861 959.125
52 295   -0.00614483 -0.00219974 920.051
52 296   -0.00646647 0.00238861 931.57
52 297   0.00621375 -0.00144488 929.46
52 298   0.00244642 0.00517586 958.493
52 299   0.00911732 -0.000613536 913.974
52 300   -0.00868051 -0.00310501 894.289
52 301   -0.0011361 -0.00746271 969.197
52 302   -0.000515844 0.00709697 969.459
52 303   0.00219537 0.00686788 968.015
52 304   0.00167962 -0.00884364 966.33
52 305   -0.00613719 0.00514893 945.536
52 306   0.00786812 -0.0041228 915.362
52 307   -0.00665548 0.00398398 933.455
52 308   0.000976399 0.00750364 969.018
52 309   0.000496631 -0.00884809 962.997
52 310   -0.000386765 -0.00842326 962.723
52 311   -4.15197e-05 0.00920773 957.395
52 312   -0.0090145 0.00318069 916.765
52 313   0.00903423 -0.0046222 887.411
52 314   0.000994852 0.00865472 956.909
52 315   0.00208177 -0.0100674 957.444
52 316   -0.00794313 0.00435479 914.804
52 317   0.00942532 -0.00612739 878.582
52 318   -0.00814381 0.00530878 911.897
52 319   0.00012438 0.00998326 948.288
52 320   -0.0086879 0.00400709 904.329
52 321   0.00257333 0.00907999 895.201
52 322   0.00949028 -0.00544865 851.657
52 323   0.000144978 -0.0100534 951.635
52 324   0.00172029 0.00914105 929.262
52 325   -0.00991528 0.00335478 889.037
52 326   0.00962644 -0.00302506 911.327
52 327   -0.00891056 0.00551477 895.042
52 328   -0.00926537 0.00611871 888.353
52 329   -0.000596878 -0.0102668 936.928
52 330   -0.00118696 -0.00927125 936.909
52 331   0.00957404 -0.00409977 862.471
52 332   -0.00104542 -0.00990947 923.569
52 333   0.0097158 -0.00359127 881.322
52 334   -0.00933725 0.00451384 877.427
52 335   -0.00181956 -0.00936165 914.49
52 336   0.000548506 0.0109911 953.739
52 337   -0.00935923 0.00506753 869.864
52 338   -0.00990547 0.00599185 835.141
52 339   -0.000743041 -0.0109028 940.441
52 340   -0.00241149 -0.0102047 847.454
52 341   -0.00157042 -0.0102243 889.175
52 342   -0.000463644 -0.0113268 966.666
52 343   -0.0100829 0.00405633 818.205
52 344   0.0102314 -0.00538647 754.837
52 345   -0.00195054 -0.00994497 882.073
52 346   -0.0098315 0.00438899 826.58
52 347   -0.00119488 -0.011076 907.15
52 348   -0.00238521 -0.0106107 821.034
52 349   0.0102917 -0.00377858 817.423
52 350   0.0100765 -0.00444551 777.742
52 351   -0.00982961 0.00522282 810.577
52 352   -0.00165929 -0.0106128 868.423
52 353   -0.010021 0.0055432 792.94
52 354   -0.00150271 -0.0109241 870.09
52 355   0.0103108 -0.00504493 730.095
52 356   -0.00123952 -0.0114944 914.246
52 357   -0.00256206 -0.0108847 788.096
52 358   0.0103394 -0.00416482 765.21
52 359   -0.000962714 -0.01166 961.184
52 360   0.0102447 -0.00473744 738.122
52 361   -0.0101217 0.00470823 764.221
52 362   -0.00201312 -0.0107395 832.285
52 363   -0.0100979 0.00498838 763.325
52 364   -0.0104622 0.00421401 756.077
52 365   -0.00152338 -0.0116442 859.423
52 366   -0.00176698 -0.0111599 823.139
52 367   -0.00063868 -0.0116656 968.69
52 368   -0.00200487 -0.0110302 806.296
52 369   -0.00171928 -0.0115629 799.07
52 370   -0.001806 -0.0113826 795.715
52 371   0.0106264 -0.00513764 701.234
52 372   -0.0103789 0.0046486 726.775
52 373   -0.00234374 -0.0111475 762.683
52 374   -0.00215863 -0.0111641 774.522
52 375   -0.0106475 0.00417639 745.194
52 376   -0.0104679 0.00448703 726.565
52 377   0.0106361 -0.00451296 705.379
52 378   0.0105232 -0.00467435 706.432
52 379   0.00241362 0.0112381 745.529
52 380   -0.00237891 -0.0113535 700.319
52 381   -0.0105359 0.00479077 705.039
52 382   0.0106809 -0.00495175 692.866
52 383   -0.00200596 -0.0114437 739.748
52 384   -0.00186954 -0.0117211 729.711
52 385   -0.00212069 -0.0113548 741.532
52 386   -0.0106494 0.00455948 705.38
52 387   0.0106437 -0.00479595 694.755
52 388   -0.00224544 -0.0114517 666.899
52 389   -0.0107636 0.00451203 702.503
52 390   -0.0106737 0.0047116 696.478
52 391   -0.0107675 0.00440197 711.608
52 392   -0.00204444 -0.0115833 655.784
52 393   -0.0107898 0.00475482 686.621
52 394   -0.00199474 -0.0116804 615.253
52 395   0.0108114 -0.00497015 684.753
52 396   0.010758 -0.00472091 688.09
52 397   -0.0108325 0.00485004 681.539
52 398   -0.00222993 -0.0115682 550.214
52 399   0.010849 -0.00486136 679.969
52 400   0.0108329 -0.00476791 681.672
52 401   -0.00214367 -0.0116109 538.819
52 402   -0.00206916 -0.0117569 408.044
52 403   -0.00216083 -0.0116899 377.397
52 404   0.0109128 -0.00486526 675.845
52 405   0.0108895 -0.00472504 679.448
52 406   0.0109097 -0.00466845 682.084
52 407   -0.00213602 -0.0117388 291.083
52 408   0.010929 -0.00475726 675.475
52 409   -0.0021678 -0.0117767 88.7523
52 410   0.00222168 0.0117886 3.40504
52 411   -0.0110204 0.00474271 779.233
52 412   0.00223063 0.0117884 2.53832
52 436   -0.00421787 -0.00515302 944.475
52 437   -0.00575694 -0.00408233 922.808
52 438   -0.00427971 -0.00635679 949.782
52 441   0.00132524 -0.0105498 947.159
52 442   0.000571435 -0.0105314 954.844
52 443   -9.40011e-05 -0.0113171 968.354
52 444   0.000585674 -0.011348 962.704
52 445   0.000305545 -0.0110013 961.404
52 446   0.000354445 -0.0116667 969.102
52 570   0.00153079 0.00976615 910.168
52 571   0.00181432 0.0101351 882.973
52 572   0.000971253 0.0100554 925.158
52 573   0.000974153 0.0108116 925.495
52 574   0.00106673 0.0104304 917.242
52 575   0.00147849 0.0104728 889.499
52 576   0.00128537 0.0109817 898.334
52 577   0.00151971 0.0107851 877.194
52 578   0.00214326 0.0102881 857.073
52 579   0.00251761 0.0102251 844.397
52 580   0.00263566 0.0106979 806.503
52 581   0.00215147 0.0107082 829.184
52 582   0.0023549 0.0110894 774.81
52 583   0.00241729 0.0108494 799.493
52 584   0.00202669 0.010844 825.583
52 585   0.00215148 0.0110525 792.967
52 586   0.00168868 0.010895 855.604
52 587   0.00185163 0.0108715 839.23
52 588   0.00167564 0.0111444 842.098
52 589   0.00202017 0.0111408 795.384
52 590   0.0018763 0.0110483 822.65
52 591   0.00180087 0.0111935 819.889
52 592   0.00187582 0.0113064 795.127
52 593   0.00201365 0.0112655 779.51
52 594   0.00210459 0.0113568 749.546
52 595   0.00231941 0.0114577 657.412
52 596   0.00226342 0.0113651 720.554
52 597   0.00217397 0.0115616 596.251
52 598   0.00224831 0.0115349 596.783
52 600   0.00229962 0.0115939 489.838
52 601   0.00227189 0.011646 388.125
52 614   -0.00228603 -0.0116155 447.317
52 618   -0.00226052 -0.0116635 357.275
52 620   -0.00220546 -0.0116953 304.486
52 621   -0.0022359 -0.0116795 327.079
52 622   -0.00225111 -0.0117114 189.333
52 623   -0.00220971 -0.011727 180.565
52 624   -0.00223164 -0.0117273 140.169
52 625   -0.00223474 -0.0117517 48.315
52 670   0.0109469 -0.00478755 673.088
52 671   0.0109443 -0.00481671 673.081
52 768   -0.000974563 0.00884028 965.559
52 769   -0.00143043 0.0078806 969.352
52 770   -0.00281536 0.00808114 969.349
52 771   -0.00187251 0.00922125 964.957
52 772   -0.00284646 0.00886039 967.503
52 773   -0.00191147 0.00997866 958.354
52 774   -0.00137047 0.010519 948.945
52 775   -0.000151765 0.0108977 959.192
52 776   -0.000526703 0.0104555 954.224
52 777   -0.000217848 0.0116272 968.462
52 778   -0.000545588 0.0113372 963.942
52 796   -0.00315475 0.00412946 956.975
52 797   -0.00236828 0.00523499 963.639
52 798   -0.00495336 0.00527567 956.155
52 799   -0.00337411 0.00647274 967.162
52 800   -0.00349895 0.00762432 969.536
52 801   -0.00462254 0.00640423 964.568
52 802   -0.0043822 0.00788947 969.443
52 803   -0.00511255 0.00722215 967.692
52 804   -0.00483678 0.00866183 963.145
52 805   -0.00606544 0.007558 967.599
52 806   -0.00597642 0.00820364 968.935
52 807   -0.00547811 0.00864014 959.187
52 808   -0.00666185 0.00872475 955.235
52 809   -0.00582577 0.00915953 924.897
52 810   -0.00649409 0.00966807 830.858
52 811   -0.00676035 0.00946239 856.35
52 812   -0.0064842 0.00915041 912.417
52 813   -0.00616487 0.00967263 844.557
52 814   -0.0057727 0.00947606 893.026
52 815   -0.00610324 0.00998288 801.37
52 816   0.00662379 -0.0091428 904.04
52 817   0.00702251 -0.00883502 957.113
52 818   0.00372411 -0.00575911 963.632
52 819   0.00228496 -0.00588654 966.076
52 820   0.0023449 -0.00787116 969.406
52 821   0.00514413 -0.00763025 969.237
52 822   0.00421851 -0.00716476 968.663
52 823   0.00352728 -0.00804019 969.273
52 824   0.00490153 -0.00833256 967.622
52 825   0.00400426 -0.00867878 967.018
52 826   0.00364547 -0.0102435 966.384
52 827   0.00389411 -0.00947091 962.076
52 828   0.00405796 -0.0107725 968.036
52 829   0.00448296 -0.0106316 964.164
52 830   0.00253786 -0.0113168 924.206
52 831   0.00330864 -0.0107001 967.728
52 832   0.00276288 -0.0105765 956.789
52 835   0.000139131 0.0116206 966.389
52 837   0.000511662 0.0114239 967.549
52 838   0.000835029 0.0116258 965.985
52 844   -0.00794564 -0.00471639 892.143
52 845   -0.00684439 -0.00497478 910.574
52 848   0.00142183 -0.0110356 930.648
52 849   0.000948158 -0.0113639 942.967
52 850   0.00107621 -0.0116888 917.934
52 852   0.00524305 -0.00891646 951.489
52 853   0.00603063 -0.00916995 911.166
52 854   0.00623668 -0.00969915 835.731
52 855   0.00444426 -0.00957995 950.816
52 856   0.00489592 -0.00937173 938.799
52 857   0.00462062 -0.0102117 940.808
52 858   0.00499012 -0.0102471 903.091
52 859   0.00589902 -0.00983457 831.94
52 860   0.00609345 -0.0101152 780.739
52 863   0.00552523 0.00492704 926.619
52 864   0.00722431 0.00439526 902.815
52 865   0.00534731 0.00653333 931.167
52 866   0.00630303 0.00694105 907.336
52 868   0.00767495 0.00537781 901.215
52 869   0.00693159 0.0063173 913.145
52 941   -0.00246067 -0.00772104 968.032
52 942   -0.00346991 -0.00718745 964.754
52 943   -0.00356346 -0.00850754 960.854
52 944   -0.00459098 -0.00789154 955.445
52 945   -0.00393704 -0.0077331 964.632
52 947   -0.00447427 -0.00851197 963.399
52 948   -0.00396051 -0.00881997 967.799
52 1043   -0.00281437 -0.0100536 839.283
52 1046   0.00603411 -0.00739513 966.31
52 1047   0.00697783 -0.00804315 966.305
52 1048   0.00726833 -0.00530607 928.753
52 1049   0.00620794 -0.00571259 949.526
52 1050   0.0087934 -0.00646595 906.115
52 1051   0.00794559 -0.00650248 925.144
52 1052   0.00840523 -0.0079385 925.241
52 1053   0.00782891 -0.00755702 944.676
52 1055   0.00880679 -0.0075243 915.983
52 1056   0.00907828 -0.00710628 908.645
52 1113   0.00821953 0.000553671 904.631
52 1114   0.00644694 6.41478e-05 922.02
52 1115   0.00599926 0.00138002 921.65
52 1117   0.00877578 0.00181153 892.965
52 1118   0.00818875 0.0036111 894.805
52 1119   0.00759026 0.00244036 905.679
52 1186   -0.0108652 0.00457641 694.076
52 1187   -0.0109419 0.00464673 686.587
52 1188   -0.0108605 0.00469809 684.915
52 1189   -0.0108738 0.00463608 689.087
52 1190   -0.0109447 0.00477668 674.614
52 1191   -0.0109206 0.00473714 678.968
52 1196   -0.0109451 0.00471798 679.688
52 1197   -0.0109531 0.00468958 682.59
52 1198   -0.0109812 0.00469895 681.879
52 1199   -0.0109755 0.00476924 673.153
52 1200   -0.0109692 0.00474155 676.65
52 1201   -0.0109834 0.00472487 679.016
52 1202   -0.0109999 0.00473411 679.304
52 1207   0.0106567 -0.00436347 714.865
52 1208   0.0105843 -0.00422726 733.915
52 1216   0.0108975 -0.0046034 687.046
52 1217   0.010801 -0.00452664 695.989
52 1218   0.0108024 -0.00461299 690.545
52 1231   0.0109545 -0.00466921 680.739
52 1234   0.0109539 -0.00473055 675.767
52 1235   0.0109824 -0.00470059 677.892
52 1236   0.0109592 -0.00469911 678.247
52 1237   0.0109838 -0.00472398 675.704
52 1238   0.0109704 -0.0047401 674.326
52 1239   0.0109986 -0.00473064 675.276
52 1242   -0.00219211 -0.011768 64.7542
52 1243   -0.0022016 -0.0117512 99.6181
52 1244   -0.00222463 -0.0117601 34.4378
52 1245   -0.00221343 -0.0117599 54.8073
52 1246   -0.00222449 -0.0117895 3.49659
52 1247   -0.0022234 -0.0117809 6.17341
52 1248   -0.00222883 -0.0117729 10.0773
52 1249   0.0021848 0.0116401 470.462
52 1250   0.00223142 0.0116656 363.931
52 1252   -0.0103454 0.00551679 748.556
52 1258   -0.0103184 0.00512863 731.208
52 1259   -0.0103745 0.00533667 733.475
52 1260   -0.0105588 0.00532259 714.231
52 1261   -0.0105436 0.00492519 703.447
52 1262   -0.0104549 0.00505613 712.773
52 1263   -0.0105717 0.00517058 706.38
52 1265   -0.0106957 0.00511434 696.54
52 1266   -0.0108038 0.00495046 684.823
52 1267   -0.0106922 0.00499044 693.197
52 1273   -0.0109136 0.00485419 675.674
52 1274   -0.0109412 0.00481151 673.689
52 1297   -0.0109915 0.00477392 671.526
52 1323   -0.00720427 0.00883105 957.617
52 1324   -0.00747054 0.00862536 969.38
52 1375   -0.00353209 0.0093845 964.51
52 1376   -0.00441123 0.00940063 954.163
52 1377   -0.00250169 0.0101396 959.617
52 1378   -0.00314837 0.00990628 964.681
52 1379   -0.0025485 0.0108752 948.981
52 1380   -0.0031348 0.011047 966.689
52 1381   -0.00412716 0.0105163 967.777
52 1382   -0.0034844 0.0107387 969.304
52 1383   -0.00354478 0.0103336 967.196
52 1385   -0.00390707 0.0109743 966.588
52 1386   -0.00422649 0.0108686 969.005
52 1392   -0.00145064 0.0110293 931.7
52 1393   -0.00146779 0.01171 826.786
52 1394   -0.00100069 0.0114053 939.446
52 1395   -0.00107037 0.0117027 918.025
52 1396   -0.0021989 0.0111834 914.316
52 1397   -0.00169276 0.011522 839.676
52 1398   -0.00174529 0.0111387 912.296
52 1400   -0.00198666 0.0116196 808.442
52 1401   -0.00230608 0.0115139 873.449
52 1421   -0.00451314 0.0103592 951.842
52 1422   -0.00470665 0.00985118 936.683
52 1423   -0.0055017 0.00966304 886.808
52 1424   -0.00520886 0.00981875 899.378
52 1425   -0.00533476 0.010221 840.259
52 1426   -0.00586542 0.0100241 809.742
52 1427   -0.00565605 0.00990082 844.78
52 1428   -0.00558587 0.0102048 805.536
52 1430   -0.00572867 0.0103795 723.05
52 1431   -0.00586181 0.0102766 766.268
52 1435   0.00215872 -0.0112902 890.72
52 1436   0.00178671 -0.0111965 904.417
52 1437   0.00137838 -0.0116134 866.43
52 1438   0.00177472 -0.0116134 806.511
52 1439   0.00161522 -0.0114493 868.208
52 1442   0.00144241 -0.0117759 823.39
52 1443   0.00163337 -0.0117792 768.475
52 1444   0.00518218 -0.00967161 909.228
52 1445   0.00510003 -0.00991529 902.496
52 1446   0.00553061 -0.00977836 870.042
52 1447   0.00544868 -0.0102998 810.31
52 1448   0.00534608 -0.0100384 863.419
52 1449   0.00555082 -0.0100056 839.378
52 1452   0.00589409 -0.0102691 762.737
52 1453   0.00571988 -0.0102157 786.827
52 1454   0.00565881 -0.0103881 744.893
52 1462   -0.00493188 0.0106057 926.212
52 1463   -0.00525129 0.0105 845.651
52 1482   0.00217323 -0.0115899 835.176
52 1483   0.00196073 -0.0116603 787.316
52 1486   0.00517123 -0.0105614 873.036
52 1487   0.00538373 -0.010491 807.631
52 1543   0.00280237 0.0100101 844.893
52 1544   0.00299753 0.00964308 846.876
52 1647   0.00189784 0.0114182 777.129
52 1648   0.00157103 0.0112514 854.944
52 1649   0.00134973 0.0111987 891.601
52 1650   0.00128749 0.0116459 922.671
52 1651   0.00115994 0.0114584 930.793
52 1652   0.0015179 0.0115751 862.743
52 1653   0.00161166 0.0114404 839.978
52 1657   0.001604 0.011735 845.592
52 1660   0.00178816 0.0117648 779.505
52 1661   0.00169664 0.0117 811.98
52 1662   0.00182781 0.0115384 778.266
52 1663   0.00172119 0.0115666 806.108
52 1664   0.00188 0.0116241 750.078
52 1665   0.0018649 0.0117171 742.486
52 1667   0.00194965 0.0117487 658.73
52 1670   0.00211152 0.0115255 668.029
52 1671   0.00206096 0.0114267 738.502
52 1672   0.00199204 0.0114471 750.092
52 1673   0.00197073 0.0115831 712.7
52 1674   0.00207247 0.0115656 660.397
52 1675   0.00201273 0.0115264 716.464
52 1676   0.00199084 0.0116986 633.116
52 1677   0.00199682 0.0116259 674.459
52 1678   0.00206411 0.0116186 622.414
52 1679   0.00207873 0.0116662 549.032
52 1680   0.00204288 0.0117193 533.527
52 1681   0.00207966 0.011768 378.571
52 1682   0.00213238 0.0116815 450.439
52 1877   -0.00221548 -0.00906425 918.107
52 1878   -0.00247239 -0.00847974 952.439
52 1879   -0.00310804 -0.00872057 919.279
52 1880   -0.00274934 -0.00949654 865.248
52 1881   -0.00314642 -0.00937846 834.742
52 1882   -0.00687017 0.00733255 959.504
52 1883   -0.00775766 0.0060832 925.263
52 1884   -0.00703869 0.00629417 943.488
52 1885   -0.00745669 0.00798164 960.714
52 1886   -0.00814936 0.00799766 937.029
52 1887   -0.00918661 0.00671428 901.38
52 1890   -0.00857948 0.00753914 919.323
52 1891   -0.00844566 0.00688476 917.522
52 1914   -0.00540863 -0.00633311 930.483
52 1915   -0.00679213 -0.0067029 911.848
52 1916   -0.00643424 -0.0060218 916.272
52 1917   -0.00510473 -0.00758354 940.275
52 1918   -0.00543955 -0.00693499 929.374
52 1919   -0.00609348 -0.00709343 910.265
52 1922   -0.00550178 -0.00789598 928.856
52 1923   -0.00601554 -0.00758798 909.637
52 2027   0.00744656 -0.00208364 923.48
52 2028   0.00784267 -0.00296614 920.457
52 2029   0.00857753 -0.00174182 928.622
52 2030   0.00897364 -0.00262432 929.716
52 2053   -6.63461e-05 -0.0116594 965.676
52 2054   0.00010197 -0.0116623 966.578
52 2103   -0.00928493 0.000765929 918.408
52 2104   -0.00827228 5.21821e-05 910.619
52 2105   -0.00858704 0.0022899 930.97
52 2106   -0.00757438 0.00157615 923.808
52 2185   0.0022233 0.0117839 4.58766
52 2313   0.0109834 -0.00478216 670.627
52 2320   -0.011016 0.00474941 705.044
52 2321   -0.0110001 0.0047607 672.983
52 2322   -0.0110045 0.00475106 680.108
52 2323   0.00216954 0.0117745 80.2401
52 2324   0.00212708 0.0117506 308.156
52 2325   0.00214395 0.0117171 355.866
52 2326   0.00223014 0.0117533 47.1756
52 2327   0.00218499 0.0117259 231.966
52 2328   0.0021922 0.0117589 81.0672
52 2329   0.00222004 0.0117157 213.644
52 2330   0.00224005 0.0117346 105.955
52 2331   0.00222519 0.0117626 22.1323
52 2332   0.00221569 0.0117704 13.6167
52 2333   0.00445182 0.00831033 961.968
52 2334   0.0032312 0.00736905 966.589
52 2335   0.00452361 0.00728662 950.388
52 2336   0.00496557 0.00800233 947.265
52 2337   0.0040665 0.00854133 968.853
52 2338   0.00380962 0.00869533 969.169
52 2339   0.0031594 0.00839276 952.538
52 2340   0.0109786 -0.00475516 672.626
52 2341   0.0109854 -0.00476767 671.172
52 2342   0.0110042 -0.00476388 670.367
52 2343   0.0109985 -0.00474076 674.079
52 2344   0.010992 -0.00474916 672.773
52 2345   0.0110041 -0.00475342 672.082
52 2346   0.0110186 -0.00474971 677.968
52 2347   0.0110122 -0.00474799 674.708
52 2348   0.0110099 -0.00474158 674.865
52 2364   -0.00219885 -0.0117848 14.7481
52 2365   -0.00221497 -0.0117848 6.94468
52 2366   -0.0022092 -0.0117766 16.4602
end
