944
52 173   -0.00296017 -0.00220382 893.689
52 174   -0.000757473 0.00108524 902.505
52 175   0.0051741 -0.00251322 896.275
52 176   -0.00285392 -0.00433321 893.017
52 177   -0.00266384 0.00230274 904.705
52 178   -0.000825508 -0.00109728 901.12
52 179   0.00116753 -0.00225932 904.878
52 180   0.00133401 0.004196 902.308
52 181   0.00124878 0.0020302 900.45
52 182   0.00312714 -0.00131265 899.97
52 183   0.00314035 0.000794356 894.609
52 184   -0.00624214 0.00470189 906.09
52 185   0.00323055 0.00494519 888.991
52 186   0.00113624 -0.00426878 912.185
52 187   0.00694724 -0.00155439 866.517
52 188   -0.000750545 -0.00523615 907.532
52 189   0.00500599 0.00358398 873.951
52 190   0.00500102 0.00159894 880.364
52 191   0.00676094 0.000450759 859.992
52 192   -0.000555465 -0.00692659 915.618
52 193   0.00838352 0.00102109 839.417
52 194   -0.00828347 -0.00114517 851.379
52 195   -0.00940035 0.00442882 818.773
52 196   0.0084536 -0.00220729 819.561
52 197   0.000994263 -0.00760642 944.619
52 198   -0.00284643 0.00864801 966.987
52 199   -0.00876036 0.000663554 803.522
52 200   -0.00892926 -0.000334424 828.33
52 201   0.00957407 0.000161984 784.36
52 202   0.00100631 -0.00875582 962.594
52 203   -0.0104726 0.00468582 762.281
52 204   0.00935037 -0.00137027 768.639
52 205   0.000321021 -0.00929615 963.404
52 206   -0.003063 0.00981445 966.214
52 207   0.00266742 -0.00915608 969.354
52 208   0.0105458 0.000365924 724.055
52 209   0.00961309 -0.000678757 754.153
52 210   -0.0109153 0.00367249 740.338
52 211   -0.0098911 0.000861965 745.247
52 212   0.00287889 -0.00992775 962.834
52 213   0.00184493 -0.00922099 969.259
52 214   -0.00233768 0.0102457 942.91
52 215   -0.0100575 -0.000666251 775.513
52 216   0.00171085 -0.00991678 957.823
52 217   0.00225126 -0.0102856 939.141
52 218   -0.0103338 -0.000215966 735.062
52 219   -0.0103363 0.000314274 724.112
52 220   -0.00240566 0.0108101 893.001
52 221   0.0104271 -0.000835958 713.234
52 222   0.0108598 -0.000592973 698.706
52 223   0.0112403 -0.00193654 707.442
52 224   0.00214601 -0.0107314 890.689
52 225   0.0110175 -0.000231832 694.784
52 226   0.00132148 -0.0107627 886.801
52 227   0.00289066 -0.0111506 916.997
52 228   0.0115899 -0.00166328 699.131
52 229   -0.0108097 0.000425767 702.012
52 230   0.00167602 -0.010871 860.684
52 231   -0.0107785 -0.00035789 713.245
52 232   -0.00171649 0.0110052 836.042
52 233   0.0112442 -0.000814387 689.434
52 234   -0.00205663 0.0110364 830.221
52 235   -0.0111048 0.000154128 694.176
52 236   0.00233023 -0.0109928 857.399
52 237   0.0025549 -0.0111035 860.019
52 238   -0.011076 -9.92885e-05 698.234
52 239   -0.0113854 0.000289883 685.09
52 240   0.00164759 -0.01117 807.469
52 241   0.0114575 -0.000209991 682.658
52 242   -0.00172245 0.0113072 774.245
52 243   0.00287204 -0.0114533 884.675
52 244   0.0115164 -0.000682274 681.548
52 245   -0.0021542 0.0113381 765.489
52 246   0.00185152 -0.011247 784.229
52 247   0.00206417 -0.0112094 793.406
52 248   -0.00196031 0.011434 717.017
52 249   0.0115729 -0.000367217 678.566
52 250   0.0115877 -0.000509647 678.203
52 251   -0.0115729 0.000224425 680.555
52 252   0.00182395 -0.0114229 736.876
52 253   0.0021099 -0.0113692 752.043
52 254   0.00222114 -0.0114387 725.759
52 255   -0.0019989 0.0115952 546.543
52 256   0.00197346 -0.011473 695.687
52 257   0.0117733 -0.000522867 673.622
52 258   0.00198427 -0.0115827 573.318
52 259   0.00207401 -0.0116292 467.388
52 260   0.0117349 -0.000320422 674.751
52 261   -0.00210289 0.0116574 394.002
52 262   0.011832 -0.000444345 671.668
52 263   0.0118085 -0.00038433 672.473
52 264   0.00206778 -0.0117036 300.675
52 265   0.00210945 -0.0117398 120.752
52 266   0.00215121 -0.0118015 3.39218
52 267   0.0119881 -0.00047835 673.244
52 268   0.00214211 -0.0118048 2.52515
52 342   0.00553067 -0.00419919 905.131
52 343   0.00721711 -0.00498431 898.77
52 344   0.00703889 -0.00618015 915.174
52 345   0.00593613 -0.00664386 937.35
52 346   0.00590842 -0.00761653 958.24
52 413   -0.00209605 0.0117314 194.559
52 426   -0.00285731 0.00405154 912.795
52 427   -0.00473736 0.00524706 921.672
52 428   -0.000217261 0.00496244 911.795
52 429   -0.00240598 0.00584244 930.801
52 430   -0.00184226 0.00459864 916.645
52 431   -0.00139637 0.00630672 931.535
52 432   0.000584317 0.00708939 915.707
52 433   -0.000137977 0.00608602 917.009
52 434   -0.000335512 0.00766805 936.275
52 435   -0.00133967 0.00728658 943.897
52 436   -0.00194856 0.00824294 961.681
52 437   -0.00140431 0.00891374 966.87
52 438   -0.00043428 0.00845907 950.49
52 439   0.000104191 0.00878366 944.41
52 441   0.000940642 0.00954352 910.396
52 474   -0.000920332 -0.0092785 910.873
52 477   -0.00176599 0.0100118 952.499
52 478   -0.00138776 0.00948833 968.926
52 479   -0.00132085 0.0107889 882.222
52 480   -0.00127201 0.0103522 929.769
52 621   -0.00453691 -0.00508607 875.067
52 622   -0.00748914 -0.00418895 827.174
52 623   -0.00628933 -0.00375232 857.533
52 624   -0.00431541 -0.00625705 871.177
52 625   0.00359253 0.00647462 879.616
52 626   0.00529474 0.0068614 844.355
52 627   0.00527974 0.00782744 836.368
52 629   0.00764428 -0.00689291 918.883
52 630   0.00842087 -0.00799041 915.099
52 631   0.00666177 -0.00796391 961.432
52 632   0.00729487 -0.007704 945.893
52 633   0.00664791 -0.00845024 969.174
52 634   0.00713573 -0.00871216 968.269
52 635   0.0062682 -0.00874015 966.484
52 636   0.00576653 -0.00896457 960.099
52 637   0.00649571 -0.00921523 917.239
52 638   0.00686029 -0.00934056 883.235
52 639   0.0071206 -0.00912739 934.932
52 640   -0.00353871 0.00778773 960.593
52 641   -0.00466232 0.00639192 939.945
52 642   -0.003346 0.0064402 941.163
52 643   -0.00523353 0.0073338 954.543
52 644   -0.00447653 0.00814512 965.602
52 645   -0.0059071 0.00788679 962.977
52 646   -0.0087423 0.0054465 875.15
52 647   -0.00746427 0.00569724 904.496
52 648   -0.00662012 0.00774901 956.508
52 649   -0.00724373 0.00704651 929.165
52 650   -0.00817251 0.00736941 912.789
52 651   -0.00820254 0.00803053 924.707
52 652   -0.00772047 0.00869658 965.584
52 653   -0.00764568 0.00821586 953.021
52 654   -0.00699204 0.00825724 964.592
52 655   -0.00726379 0.00882369 967.558
52 656   -0.00686988 0.00865222 969.321
52 657   -0.00691159 0.00938331 877.088
52 658   -0.00717132 0.00917047 931.915
52 675   -0.00489036 0.00891095 968.448
52 676   -0.00566277 0.00867676 968.265
52 677   -0.00599391 0.0091468 944.365
52 678   -0.00658477 0.009404 885.262
52 679   -0.00645059 0.00901969 948.841
52 680   -0.00639214 0.009809 811.883
52 681   0.00574666 -0.00943028 921.868
52 682   0.00623193 -0.00954999 869.055
52 683   0.00633621 -0.00988849 799.498
52 684   0.00643434 0.00641858 841.676
52 686   0.00650757 0.00467058 846.839
52 687   0.0077561 0.00439562 812.332
52 702   -0.00745707 -0.00545748 824.478
52 706   0.00345853 -0.0100918 965.128
52 709   -0.00484036 0.00957888 955.643
52 710   -0.00486758 0.0106006 950.352
52 730   -0.00894138 0.00713761 896.765
52 731   -0.00929063 0.00656397 884.012
52 757   0.00214692 -0.0117968 4.73766
52 836   -0.00372859 0.0100143 966.877
52 837   -0.00454415 0.0104191 962.285
52 838   -0.00439983 0.00987318 962.528
52 839   -0.00411644 0.0106315 969.362
52 840   -0.00362938 0.010489 966.667
52 841   -0.00283708 0.0109244 919.585
52 842   -0.00326332 0.0107615 960.776
52 843   -0.00308454 0.0112264 943.807
52 844   -0.00264057 0.0113956 829.006
52 845   -0.00280414 0.0111762 893.269
52 847   -0.00281476 0.0114845 863.903
52 848   -0.00302718 0.0114071 930.292
52 855   -0.00247079 0.0114613 773.563
52 856   -0.00230052 0.0114293 744.608
52 858   -0.00248478 0.0116084 730.626
52 916   -0.00086936 0.00961029 967.716
52 917   -0.000885498 0.0101159 947.569
52 918   -0.000252887 0.00922941 963.36
52 919   -0.000371728 0.00981779 952.076
52 920   -0.000577403 0.00950495 969.045
52 921   0.000414192 0.00949641 939.38
52 922   -0.000110771 0.00969278 964.856
52 923   1.63487e-05 0.0093917 960.312
52 925   0.000434574 0.00977163 939.524
52 926   0.000139569 0.00982335 963.644
52 963   -0.000477824 -0.00935607 931.977
52 964   -0.000182819 -0.00940778 950.333
52 980   0.0086838 0.00221817 847.667
52 981   0.00831473 0.00335792 827.126
52 997   -0.00213389 0.0117495 106.743
52 1002   -0.00434871 -0.00108173 888.144
52 1003   -0.0041204 0.0012423 897.146
52 1004   -0.00599487 -0.00187738 870.705
52 1005   -0.00664593 -0.000659485 866.045
52 1006   -0.0060987 0.0030281 893.029
52 1007   -0.00599953 0.000747399 880.925
52 1008   -0.00512017 0.00185354 894.518
52 1009   -0.00803726 0.00127936 833.433
52 1010   -0.00684866 0.00134922 871.135
52 1011   -0.00710748 0.00249469 875.61
52 1012   -0.00892243 0.00326704 817.926
52 1013   -0.00854112 0.0020937 818.89
52 1014   -0.00805102 0.00275596 850.536
52 1015   -0.00928658 0.00230447 785.555
52 1016   -0.00953848 0.00290508 781.38
52 1017   -0.0100406 0.00142058 738.518
52 1018   -0.00978472 0.00200568 757.754
52 1019   -0.0104846 0.00131052 717.726
52 1020   -0.010609 0.00165999 718.553
52 1021   -0.0109377 0.00153322 707.686
52 1022   -0.0107339 0.00314317 741.6
52 1023   -0.0101843 0.00296389 754.022
52 1024   -0.0105657 0.00215999 728.773
52 1025   -0.0101855 0.00239562 745.643
52 1029   -0.010874 0.00245339 726.96
52 1030   -0.0113646 0.00273988 726.978
52 1031   -0.0110434 0.0028683 732.763
52 1032   -0.01151 0.00214112 712.231
52 1033   -0.0110873 0.00222655 718.474
52 1034   -0.0113031 0.00242339 720.421
52 1035   -0.0111309 0.00169735 706.981
52 1036   -0.0111632 0.00195488 711.466
52 1037   -0.0114253 0.00193367 708.14
52 1038   -0.0116502 0.00158015 699.184
52 1039   -0.0114863 0.00174508 703.867
52 1040   -0.0112998 0.00160719 703.013
52 1041   -0.0115481 0.00139717 695.939
52 1042   -0.0113288 0.0014136 698.925
52 1043   -0.0113111 0.00118554 694.962
52 1044   -0.0114782 0.00108323 690.213
52 1045   -0.0117873 0.00111146 687.271
52 1046   -0.0116219 0.00122592 691.433
52 1047   -0.0108842 0.000704288 699.766
52 1048   -0.0107511 0.00100901 705.621
52 1049   -0.0111645 0.00105588 695.888
52 1050   -0.0109511 0.00119937 702.675
52 1051   -0.0113258 0.000512155 686.299
52 1052   -0.0111196 0.000654922 692.874
52 1053   -0.0111999 0.000816156 692.018
52 1054   -0.0114468 0.00059177 683.367
52 1055   -0.0113783 0.000750162 686.747
52 1056   -0.0114845 0.000818372 685.216
52 1057   -0.0115354 0.000956795 686.779
52 1058   -0.0116059 0.00073575 681.269
52 1059   -0.0116854 0.000810954 681.189
52 1060   -0.0117636 0.000962365 683.72
52 1061   -0.0116555 0.00095038 684.699
52 1064   -0.0118036 0.000775443 678.745
52 1065   -0.0118564 0.000857642 680.381
52 1066   -0.0118414 0.000692841 676.266
52 1067   -0.0119143 0.000680047 675.175
52 1068   -0.0119492 0.000583412 672.182
52 1069   -0.0118746 0.000572746 672.724
52 1070   -0.0119078 0.000612616 673.335
52 1071   -0.0119025 0.000528456 671.171
52 1072   -0.0119406 0.000545519 671.057
52 1074   -0.0119645 0.000531244 670.461
52 1075   -0.0119785 0.000504576 669.5
52 1076   -0.0119602 0.000512297 669.816
52 1078   0.0119593 -0.000478218 668.518
52 1079   0.0119286 -0.000451563 669.159
52 1080   0.0119038 -0.000469553 669.927
52 1081   0.00859455 -0.00337726 831.046
52 1082   0.00813925 -0.00452518 874.264
52 1083   0.0100472 -0.0048807 790.194
52 1084   0.00906145 -0.00533708 858.523
52 1085   0.00960129 -0.0032685 779.483
52 1086   0.0101317 -0.00396004 761.472
52 1088   0.0109668 -0.00371362 734.217
52 1089   0.0113611 -0.00275954 722.269
52 1090   0.0111573 -0.00234386 716.217
52 1091   0.0109419 -0.00314177 732.168
52 1092   0.0101633 -0.00282335 747.479
52 1093   0.0108072 -0.00250913 724.534
52 1094   0.0106688 -0.00294305 733.747
52 1095   0.00992076 -0.00192221 743.794
52 1096   0.0100999 -0.0024335 743.845
52 1097   0.0105035 -0.00234536 728.795
52 1098   0.0104438 -0.00129216 715.245
52 1099   0.0102002 -0.0016869 728.96
52 1100   0.0104485 -0.00198123 724.447
52 1101   0.0107225 -0.00141318 708.169
52 1102   0.0109898 -0.00171154 706.911
52 1103   0.0106807 -0.00176384 714.189
52 1104   0.0111733 -0.00107664 694.153
52 1105   0.0109601 -0.00128528 701.408
52 1106   0.0111032 -0.00143647 700.897
52 1107   0.0115233 -0.00132088 692.72
52 1108   0.0113457 -0.00113659 691.714
52 1109   0.0112871 -0.00131908 695.895
52 1110   0.0117986 -0.00107623 685.051
52 1111   0.0115288 -0.00108405 687.983
52 1112   0.0116349 -0.00119274 689.061
52 1113   0.0116428 -0.000825008 681.177
52 1114   0.0116253 -0.000980176 684.583
52 1115   0.0117597 -0.000954913 682.466
52 1116   0.01189 -0.000760076 676.779
52 1117   0.0117452 -0.000761964 678.323
52 1118   0.0118091 -0.000837526 679.309
52 1119   0.0118113 -0.000600041 673.876
52 1120   0.0117873 -0.000679143 675.922
52 1121   0.0118649 -0.000689886 675.169
52 1122   0.0119478 -0.000598512 672.225
52 1123   0.0118781 -0.000584752 672.493
52 1124   0.0118998 -0.000636816 673.543
52 1125   0.0119149 -0.000517134 670.329
52 1126   0.011909 -0.000548439 671.163
52 1127   0.0119399 -0.000556828 671.062
52 1128   0.0119583 -0.000497766 669.153
52 1129   0.0119387 -0.000518692 670.007
52 1130   0.0119529 -0.000532354 670.312
52 1209   0.00601083 -0.010155 740.437
52 1210   0.00614098 -0.0100484 781.161
52 1249   0.00153547 0.00748764 903.45
52 1250   0.00272642 0.00724726 887.277
52 1251   0.00438165 0.00812029 855.276
52 1252   0.00326538 0.00856259 846.564
52 1253   0.00353055 0.0079269 865.148
52 1256   0.00385882 0.00890866 860.237
52 1257   0.00437416 0.00860331 856.25
52 1271   -0.00135255 -0.00866842 902.262
52 1272   -0.00162699 -0.00755169 902.137
52 1273   -0.00242577 -0.00902767 846.692
52 1274   -0.00452023 -0.00785584 854.5
52 1275   -0.00319455 -0.00851824 848.017
52 1276   -0.00368931 -0.00714788 873.112
52 1277   -0.00287897 -0.00750494 881.916
52 1279   -0.00390501 -0.00882051 861.195
52 1280   -0.00442035 -0.00851516 855.317
52 1287   0.0027523 -0.00496223 920.792
52 1288   0.00442229 -0.00473188 915.783
52 1289   0.00500597 -0.0059807 930.572
52 1290   0.00399142 -0.00644623 941.718
52 1291   0.0021008 -0.00712081 946.854
52 1292   0.0027297 -0.00609803 934.535
52 1293   0.00376652 -0.00738228 955.734
52 1294   0.00302489 -0.00862996 967.662
52 1295   0.00284579 -0.00778064 959.113
52 1296   0.00417584 -0.00802587 964.458
52 1297   0.00374865 -0.00876216 968.984
52 1298   0.00507313 -0.00810835 966.354
52 1299   0.00519592 -0.00885785 968.162
52 1300   0.00472948 -0.00933939 963.235
52 1301   0.00473464 -0.0105015 956.325
52 1302   0.00434717 -0.0103285 965.916
52 1303   0.00408191 -0.00979743 966.453
52 1304   0.0041795 -0.00932618 968.602
52 1305   0.00500443 -0.0101964 927.695
52 1306   0.00503431 -0.009771 940.154
52 1307   0.00570585 -0.0100881 821.149
52 1308   0.00548089 -0.00975518 904.646
52 1311   0.00531064 -0.0104493 881.588
52 1312   0.00556549 -0.0103568 819.106
52 1313   -0.00580127 0.0095518 902.407
52 1314   -0.00542013 0.0097497 913.665
52 1315   -0.00593761 0.0101815 752.47
52 1316   -0.00606532 0.00982969 829.67
52 1317   -0.00606747 0.0100751 780.69
52 1318   -0.00521095 0.0103673 900.542
52 1319   -0.0057135 0.0101844 808.54
52 1320   -0.00539513 0.0100837 884.108
52 1322   -0.00540368 0.0105137 865.166
52 1323   -0.00565495 0.0104222 796.388
52 1324   0.00174413 0.00828747 897.021
52 1325   0.00266991 0.00868278 853.775
52 1326   0.001027 0.00869198 911.595
52 1327   0.00136277 0.00919072 898.023
52 1330   0.00212066 0.00933667 850.487
52 1331   0.00271067 0.00923324 815.39
52 1351   -0.00212396 0.0117691 47.6955
52 1531   0.00825184 -0.00673715 904.884
52 1532   0.00853807 -0.00743054 903.289
52 1533   0.00897692 -0.00625774 884.384
52 1535   0.00943802 -0.00666368 882.926
52 1536   0.00908827 -0.00723857 894.922
52 1623   0.00401835 -0.0106551 969.363
52 1624   0.00323075 -0.0109586 959.92
52 1625   0.00347102 -0.0105578 964.154
52 1626   0.00359163 -0.0111236 968.765
52 1627   0.00396453 -0.0109883 967.727
52 1742   0.0079729 -0.00815585 942.338
52 1743   0.00759756 -0.00806038 950.39
52 1744   0.00745228 -0.0085822 967.446
52 1747   0.00769746 -0.00878426 968.137
52 1748   0.00795777 -0.00857108 958.228
52 1765   -0.00399391 0.0109753 967.737
52 1768   -0.00340986 0.0111879 968.348
52 1769   -0.0035557 0.0109749 968.89
52 1781   -0.00901675 -0.00222982 854.482
52 1782   -0.00864768 -0.00336956 833.59
52 1804   0.000742007 -0.00991174 956.972
52 1805   0.00129321 -0.0100672 949.889
52 1806   0.00120889 -0.0104412 923.939
52 1808   0.000793699 -0.0104039 931.053
52 1809   0.000521679 -0.0101675 943.578
52 1878   -0.00554875 -0.00631658 850.688
52 1879   -0.00682178 -0.0067362 840.934
52 1880   -0.00659598 -0.00605006 842.284
52 1881   -0.00503557 -0.00755049 846.485
52 1882   -0.005438 -0.00690207 844.325
52 1883   -0.00611112 -0.00710337 818.879
52 1885   -0.00545102 -0.00790446 830.937
52 1886   -0.00596636 -0.00759912 809.109
52 1935   -0.000379797 0.0100706 934.532
52 1936   -0.000601611 0.0102634 935.43
52 2094   0.011972 -0.000521053 669.966
52 2097   0.0119855 -0.000490327 670.662
52 2098   0.0119745 -0.000502118 669.492
52 2099   -0.00215947 0.0116351 456.489
52 2100   -0.00222937 0.0115605 618.005
52 2101   -0.00238679 0.011606 660.681
52 2102   -0.00236679 0.0116894 522.822
52 2103   -0.00230166 0.0115901 610.548
52 2104   -0.00227061 0.011739 292.023
52 2105   -0.00226608 0.0116556 485.452
52 2106   -0.00229722 0.0116913 438.985
52 2107   -0.00218901 0.0116931 335.138
52 2108   -0.00222335 0.0116841 390.4
52 2109   -0.00221996 0.0117683 107.043
52 2110   -0.00217003 0.0117461 130.42
52 2111   -0.00218717 0.0117281 226.419
52 2112   -0.00223762 0.0117384 243.416
52 2113   -0.0022215 0.0117191 285.138
52 2115   -0.00217839 0.01177 55.3099
52 2116   -0.00219503 0.0117774 49.9926
52 2119   -0.00214322 0.0117778 22.0022
52 2120   -0.00216153 0.0117955 6.94996
52 2121   -0.00216151 0.011782 18.2213
52 2150   -0.0117637 0.000339414 674.548
52 2151   -0.0116692 0.000359086 676.894
52 2152   -0.0116348 0.000627651 678.961
52 2153   -0.0115818 0.000551881 679.515
52 2154   -0.011657 0.000465271 677.006
52 2155   -0.0117165 0.000495768 675.527
52 2156   -0.0117222 0.000581375 676.227
52 2157   -0.0118249 0.0005602 673.512
52 2158   -0.0117851 0.000612863 675.327
52 2159   -0.0117951 0.000414349 673.171
52 2160   -0.0118054 0.000497461 673.101
52 2161   -0.0117601 0.000464518 674.159
52 2164   -0.0118778 0.000411458 671.008
52 2165   -0.0118378 0.000424366 672.021
52 2166   -0.0118359 0.000467146 672.08
52 2167   -0.0118946 0.000493831 670.714
52 2168   -0.0118672 0.000468928 671.225
52 2169   -0.0118845 0.000439547 670.676
52 2170   -0.0119153 0.000478495 669.979
52 2171   -0.0119079 0.000447137 670.016
52 2172   -0.011932 0.000445846 669.348
52 2173   -0.0119419 0.000466617 669.077
52 2174   -0.011947 0.000498028 669.511
52 2175   -0.0119339 0.000484575 669.533
52 2176   -0.0119649 0.000469374 668.447
52 2177   -0.0119539 0.00047202 668.787
52 2178   -0.011955 0.000486118 669.025
52 2179   -0.011974 0.000492347 668.894
52 2180   -0.0119681 0.000478785 668.504
52 2181   -0.0119637 0.000488158 668.879
52 2184   -0.0119887 0.000485376 668.624
52 2185   -0.011981 0.000485337 668.526
52 2186   -0.0119763 0.000479825 668.326
52 2187   0.00220104 -0.0115642 609.457
52 2188   0.00214784 -0.0116139 499.338
52 2189   0.00262057 -0.0115004 803.417
52 2190   0.00255754 -0.0116115 759.159
52 2191   0.00252001 -0.0114304 792.333
52 2192   0.00243572 -0.0113361 798.712
52 2193   0.00232641 -0.0113981 762.095
52 2194   0.00246024 -0.0115918 720.946
52 2195   0.0024496 -0.0114891 760.574
52 2196   0.00237182 -0.0114955 734.018
52 2197   0.00237833 -0.0116877 546.432
52 2198   0.00240558 -0.0116228 659.446
52 2199   0.00235931 -0.0115736 673.986
52 2200   0.00227845 -0.0117316 312.512
52 2201   0.00232458 -0.0116818 490.175
52 2202   0.00231294 -0.0116201 582.093
52 2203   0.0022632 -0.0116203 545.684
52 2204   0.00223286 -0.0116668 429.305
52 2205   0.00218713 -0.0116732 380.903
52 2206   0.00223647 -0.0117163 304.754
52 2207   0.00219288 -0.0117728 50.82
52 2208   0.0022067 -0.0117373 201.336
52 2209   0.00217648 -0.0117126 261.827
52 2210   0.00214806 -0.0117425 120.213
52 2211   0.00216088 -0.0117781 16.2112
52 2212   0.00214628 -0.0117725 26.0075
52 2213   -0.00213791 0.011788 9.20417
52 2216   -0.00214789 0.0117953 5.86122
52 2217   -0.00214722 0.0118028 3.67285
16 269   -0.0449782 0.00325703 953.346
16 270   -0.0451578 -0.00292487 953.355
16 271   -0.0477781 -0.0217783 891.263
16 272   -0.0411404 -0.00644956 955.968
16 273   -0.0434964 -0.0296601 801.222
16 274   -0.000128838 0.0239063 863.365
16 275   -0.0384826 -0.00713979 958.529
16 276   0.00378253 0.0184123 818.325
16 277   -0.00177573 0.0213914 923.646
16 278   0.00110255 -0.0180992 938.117
16 279   0.00529462 -0.0179875 943.9
16 280   0.00304336 -0.0195452 923.148
16 281   0.00674045 -0.0227117 852.247
16 282   -0.000736085 0.0188086 920.511
16 283   0.00114853 0.0178617 886.078
16 284   0.00674045 -0.0192597 923.082
16 285   0.00497377 -0.0161413 966.006
16 286   0.00159314 -0.0159622 957.84
16 287   0.00678218 -0.0142161 937.101
16 288   0.000935364 0.0158951 885.742
16 289   0.00570177 -0.0148565 964.307
16 290   -0.00198025 0.0174655 950.186
16 291   -0.00348362 0.0174497 968.26
16 292   0.00339269 0.014913 769.296
16 293   0.00189193 0.0148896 815.632
16 294   -0.00593972 0.0158759 946.601
16 295   0.0032131 -0.015562 967.363
16 296   -0.00372056 0.0158825 969.075
16 297   -0.00464116 0.0153172 958.825
16 298   -0.00260763 0.0151106 967.291
16 299   0.00325823 -0.0141884 960.382
16 300   -0.00458149 0.014033 937.194
16 301   -0.00544718 0.0135156 894.256
16 302   -0.00257654 0.0140923 968.961
16 303   -0.00392729 0.0134337 935.771
16 304   -0.00320025 0.0135499 953.288
16 305   0.00257228 -0.0136439 942.938
16 306   0.00186634 -0.0137432 962.972
16 307   0.00265135 -0.0129841 885.887
16 308   -0.000664024 0.0126551 947.773
16 309   -0.00216964 0.012906 941.351
16 310   -0.00292459 0.0129084 929.119
16 311   0.00357016 -0.0122883 928.941
16 312   -0.00309934 0.0124748 918.103
16 313   -0.00253976 0.0127967 913.487
16 314   0.00219251 -0.0128391 861.144
16 315   0.00219694 -0.0124686 788.222
16 316   -0.000323126 0.0127104 921.642
16 317   0.00202107 -0.0123202 747.663
16 325   -0.00680235 0.0149764 923.738
16 326   -0.00636948 0.0139004 893.379
16 332   0.00536241 0.0205066 783.637
16 334   0.00354481 0.0232487 773.332
16 335   0.00568239 0.025371 714.486
16 347   -0.0443175 -0.02251 918.301
16 348   -0.0429663 -0.0254778 903.142
16 360   -0.00732142 0.0334757 860.666
16 361   -0.00999616 0.0304272 907.965
16 362   -0.00876902 0.0271699 924.153
16 364   -0.0511395 0.023992 804.59
16 365   -0.0451431 0.0217753 917.139
16 366   -0.0410052 0.0310472 839.601
16 367   -0.0391943 0.0336824 841.924
16 368   -0.0387121 0.0282585 910.447
16 381   -0.00460691 -0.0304488 865.316
16 382   -0.0100822 -0.0305281 911.056
16 383   -0.00736595 -0.0335094 876.628
16 384   -0.00876954 -0.0275072 922.059
16 385   -0.00587671 -0.0274278 909.186
16 391   -0.0329022 -0.0230774 963.455
16 410   -0.00397497 0.0220297 958.111
16 411   -0.0055012 0.0240435 951.417
16 415   0.00648658 -0.0127484 837.987
16 416   0.0072044 -0.012131 789.423
16 417   0.00583208 -0.0124709 820.526
16 418   0.00595871 -0.0116693 758.721
16 419   0.00536751 -0.011485 740.473
16 443   -0.0473568 0.0130557 941.772
16 444   -0.0423568 0.0130557 958.67
16 445   -0.043297 0.0168077 956.928
16 446   -0.0410181 0.0154682 965.219
16 457   -0.0242304 0.0325 930.037
16 458   -0.0263208 0.0225 950.365
16 459   -0.0297191 0.024558 951.825
16 460   -0.0220938 0.0247257 943.148
16 461   -0.0209124 0.0297257 933.333
16 462   -0.0142807 0.0241772 949.262
16 463   -0.0161598 0.0322257 921.217
16 464   -0.0136649 0.0291772 924.264
16 466   -0.0195321 0.0222257 946.299
16 467   -0.0163818 0.0222257 949.62
16 483   -0.0501578 -0.00542461 950.064
16 486   -0.0489867 -0.00938689 946.665
16 487   -0.0513289 -0.0114623 939.784
16 488   -0.0435768 -0.0109118 954.589
16 489   -0.0464231 -0.0113494 947.788
16 490   -0.0421373 -0.0127185 958.606
16 491   -0.0433698 -0.0151943 955.982
16 492   -0.0397008 -0.0118708 961.968
16 493   -0.0387182 -0.0133461 965.282
16 511   -0.0242691 -0.0325 930.922
16 512   -0.0297241 -0.0245516 952.156
16 513   -0.026404 -0.0225 950.616
16 514   -0.0314833 -0.0335258 916.748
16 515   -0.0281209 -0.0310258 930.18
16 516   -0.0295098 -0.0280774 937.936
16 517   -0.0323683 -0.0291032 929.99
16 518   -0.0333762 -0.0320516 913.036
16 519   -0.00194638 0.0132931 968.24
16 520   -0.00191515 0.0138271 967.642
16 521   -0.000313973 0.0156705 915.349
16 522   -0.00173541 0.0155062 954.166
16 523   -0.00134496 0.0162939 941.392
16 524   -0.000265878 0.0140507 914.314
16 525   -0.000367576 0.0148821 916.736
16 526   -0.00104126 0.0148835 939.79
16 527   -0.000778951 0.0139183 937.407
16 528   -0.00142833 0.0140895 958.076
16 529   -0.00107587 0.0143558 944.62
16 530   -0.00147951 0.0133371 967.31
16 531   -0.00128767 0.0137372 958.442
16 532   -0.00097514 0.0135667 949.778
16 533   -0.000960016 0.0128483 959.951
16 534   -0.00100291 0.0132148 955.871
16 535   -0.00133105 0.0131183 966.797
16 536   -0.00118078 0.0126594 968.947
16 537   -0.00139555 0.0128442 969.301
16 539   -0.00142327 0.0123788 947.37
16 540   -0.00122781 0.0124106 968.384
16 660   -0.0402613 -0.0240412 954.787
16 662   0.00690881 0.0108484 847.666
16 665   -0.0411459 0.0249987 930.634
16 666   -0.0391976 0.0261912 931.687
16 668   -0.00514542 -0.0249932 931.372
16 670   -0.0423505 0.0186869 963.344
16 671   -0.0429358 0.0207026 953.982
16 674   -0.00560904 -0.0156141 897.936
16 688   -0.0423622 -0.0198184 962.772
16 689   -0.0420409 -0.0170653 963.843
16 690   -0.00433412 0.0185286 967.614
16 691   -0.00453357 0.0203603 964.453
16 694   -0.0112955 0.0229272 961.271
16 695   -0.00945248 0.0246699 955.617
16 704   -0.0329397 0.023087 963.198
16 705   -0.0348499 0.0252983 956.206
16 725   -0.0461673 -0.0323584 699.561
16 727   -0.0117169 -0.0230281 957.434
16 728   -0.00944863 -0.0250072 949.712
16 740   -0.0014279 -0.030557 783.721
16 742   0.000216395 -0.0336176 712.823
16 743   0.0038582 -0.0336176 681.191
16 765   0.0032498 -0.0125241 887.684
16 766   0.0030457 -0.0121896 882.02
16 767   0.00291497 -0.0127554 872.139
16 768   0.00241327 -0.0123738 784.928
16 769   0.00267246 -0.0125155 832.983
16 770   0.00274927 -0.0123262 830.595
16 772   0.00256865 -0.0121716 788.802
16 774   0.0024508 -0.0121908 762.396
16 775   0.00237223 -0.0122035 744.083
16 794   0.00568346 0.0322509 674.594
16 795   0.00386585 0.0294947 691.843
16 821   -0.0072044 0.011524 758.721
16 822   -0.005485 0.0126832 845.88
16 823   -0.00536219 0.0114955 752.555
16 824   -0.00501332 0.0124301 842.439
16 825   -0.00504884 0.0119103 796.331
16 826   -0.00417351 0.0127407 906.226
16 827   -0.00462081 0.0125109 870.714
16 828   -0.00340644 0.0124081 934.703
16 829   -0.00382869 0.0125432 919.973
16 830   -0.00399816 0.0122084 911.366
16 832   -0.00372201 0.0120496 960.333
16 833   -0.0034298 0.0120971 957.64
16 835   -0.0505629 -0.0249875 778.226
16 849   -0.0028887 0.0122017 901.017
16 882   -0.0025768 0.0124707 870.581
16 883   -0.00275098 0.0123092 873.273
16 884   -0.0026748 0.0121512 847.404
16 885   -0.00247044 0.0123601 839.624
16 886   -0.00255672 0.0122129 824.689
16 888   -0.00246941 0.0121419 793.027
16 889   -0.00237097 0.0121579 772.512
16 939   0.00137584 0.0138853 804.766
16 940   0.00188541 0.0131163 728.794
16 941   0.000176503 0.0130035 878.637
16 942   0.000325748 0.0136656 884.244
16 944   0.00073343 0.0127241 756.823
16 945   0.00139224 0.0126172 719.652
16 976   0.0056791 -0.0322352 676.2
16 977   0.0056791 -0.0294705 691.793
16 989   -0.0334857 -0.0210258 968.974
16 1133   -0.0385907 -0.0212161 831.299
16 1134   -0.0393403 -0.0199612 874.374
16 1135   -0.0401302 -0.0220338 965.082
16 1136   -0.0408798 -0.020779 967.692
16 1141   -0.0370664 0.0218365 897.482
16 1142   -0.0410321 0.0218373 967.406
16 1143   -0.0403506 0.0234415 961.161
16 1144   -0.0384023 0.024634 960.013
16 1145   -0.0368429 0.0240479 967.147
16 1151   -0.0072044 -0.0105715 886.685
16 1155   -0.00814928 0.0218471 920.446
16 1156   -0.00814002 0.0235898 966.638
16 1157   -0.00682293 0.023381 967.052
16 1169   -0.0072044 0.010326 692.245
16 1170   -0.00740147 0.0102228 481.214
16 1177   0.0072044 -0.0102784 649.995
16 1178   0.00740147 -0.0101751 387.831
16 1182   -0.00640066 0.0202479 774.473
16 1183   -0.00573748 0.0210148 918.441
16 1184   -0.00716378 0.0212548 813.078
16 1185   -0.0065006 0.0220217 942.513
16 1188   -0.00695807 0.0111396 747.696
16 1189   -0.00725367 0.0108136 734.11
16 1190   -0.00705661 0.0105746 745.281
16 1191   -0.00676101 0.0105583 782.469
16 1192   -0.00656395 0.0106616 768.834
16 1196   0.00700734 -0.0114932 756.351
16 1197   0.00730294 -0.0110913 738.425
16 1198   0.00631762 -0.0108665 715.304
16 1199   0.00641615 -0.011309 738.811
16 1200   0.00671174 -0.0107835 754.184
16 1201   0.00710587 -0.0108241 738.802
16 1202   0.00730294 -0.0105973 709.041
16 1203   0.00710587 -0.0104535 728.01
16 1205   0.00661321 -0.0105881 774.967
16 1206   0.00681028 -0.0104849 779.513
16 1211   -0.00815282 -0.0220514 947.715
16 1212   -0.00665404 -0.0240959 955.173
16 1213   -0.00806443 -0.0240305 959.612
16 1233   -0.00470707 -0.0213305 964.428
16 1234   -0.00612563 -0.0193372 949.476
16 1235   -0.00475126 -0.0195076 962.424
16 1236   -0.00605525 -0.0222021 968.705
16 1237   -0.00678663 -0.0211273 882.179
16 1339   -0.0374462 -0.0214347 854.337
16 1340   -0.0366227 -0.0224604 959.618
16 1341   -0.0360246 -0.0205129 914.74
16 1342   -0.0352011 -0.0215387 966.606
16 1384   -0.0510348 0.0337472 670.608
16 1389   -0.00673225 0.0192246 848.63
16 1390   -0.00663737 0.0170158 940.156
16 1391   -0.00586962 0.0181599 937.975
16 1421   0.00592941 0.0135103 768.126
16 1422   0.00677941 0.0125301 792.953
16 1423   0.00618821 0.0117627 779.717
16 1426   0.00530142 0.0116887 741.156
16 1427   0.00471023 0.0119984 721.893
16 1439   -0.00926896 -0.0210094 962.864
16 1440   -0.0114489 -0.0210094 965.004
16 1453   0.00395638 0.0138669 739.099
16 1454   0.00491322 0.0135023 744.625
16 1455   0.00458083 0.012603 722.004
16 1456   0.00255147 0.0129546 711.69
16 1457   0.00387152 0.0126379 706.949
16 1458   0.00337647 0.0132973 720.146
16 1460   0.00337592 0.0122417 693.866
16 1461   0.00271711 0.0123486 697.871
16 1462   -0.00689811 -0.0135978 855.533
16 1463   -0.00569433 -0.0141267 842.694
16 1464   -0.00451195 -0.0130795 754.399
16 1465   -0.0072044 -0.0118215 846.098
16 1466   -0.00660252 -0.0125027 818.993
16 1467   -0.00690881 -0.0111431 836.026
16 1468   -0.00631762 -0.0110362 775.344
16 1469   -0.00511919 -0.0124211 736.252
16 1470   -0.00601667 -0.0115851 761.275
16 1471   -0.00600597 -0.0123731 781.609
16 1473   -0.00542548 -0.0114782 723.702
16 1474   -0.00483429 -0.0117879 706.859
16 1479   -0.0109045 0.0209757 968.269
16 1480   -0.00907077 0.0209757 945.492
16 1481   -0.0386076 -0.0188336 910.562
16 1483   -0.0398258 -0.0168982 968.701
16 1484   -0.0387182 -0.0155646 968.996
16 1487   -0.0334905 0.021029 968.842
16 1488   -0.0356243 0.021029 950.834
16 1493   -0.0386395 0.0165031 969.446
16 1496   -0.0406413 0.0185156 968.553
16 1497   -0.0392092 0.0176713 966.769
16 1498   -0.0380697 0.0186682 942.847
16 1499   -0.0398771 0.02032 937.801
16 1500   -0.038445 0.0203091 778.718
16 1516   0.00665 0.0145522 779.595
16 1518   0.00507012 0.0155902 781.083
16 1519   0.00592012 0.0169065 784.9
16 1562   -0.0483651 -0.0311299 690.635
16 1563   -0.0498303 -0.0286729 704.875
16 1564   -0.0503022 -0.0337715 671.541
16 1567   -0.0517674 -0.032543 673.434
16 1568   -0.0517674 -0.030086 686.754
16 1588   -0.0499782 0.0057573 949.915
16 1589   -0.0499782 0.0107573 942.845
16 1611   0.00395965 -0.0137181 938.168
16 1612   0.00464252 -0.0138069 937.549
16 1613   0.00385767 -0.0127091 898.494
16 1614   0.00440148 -0.0125753 863.89
16 1615   0.00527079 -0.0127108 850.081
16 1616   0.00486604 -0.0130672 889.563
16 1617   0.0045889 -0.012185 818.588
16 1618   0.00508687 -0.0118519 778.517
16 1619   0.00511678 -0.0122761 813.632
16 1621   0.00470679 -0.0116834 770.216
16 1622   0.00441119 -0.0118383 788.688
16 1634   -0.00153989 -0.0199443 933.708
16 1635   -0.000614618 -0.0184691 933.489
16 1636   -0.00360144 -0.0188553 945.818
16 1637   -0.00184297 -0.016859 926.534
16 1638   -0.00345542 -0.0174157 929.513
16 1639   -0.00408865 -0.0160117 906.366
16 1640   -0.00302412 -0.0151219 896.904
16 1641   -0.00192826 -0.0157883 916.845
16 1642   -0.00104883 -0.015155 925.593
16 1643   0.00043879 -0.0149969 953.55
16 1644   0.00103252 -0.0140902 967.264
16 1645   -0.00152706 -0.012744 860.382
16 1646   -0.00138732 -0.014364 912.427
16 1647   -0.00108304 -0.013123 903.25
16 1648   -0.00085382 -0.013774 920.007
16 1649   -0.000225684 -0.0136501 944.144
16 1650   0.000382478 -0.0136665 962.129
16 1651   0.00042039 -0.0127266 967.159
16 1652   -0.000651592 -0.0128547 915.132
16 1653   -1.81073e-05 -0.0129164 960.529
16 1654   -0.000232899 -0.0131885 945.136
16 1657   -0.000601502 -0.0125559 911.012
16 1658   -0.000272098 -0.0126093 937.86
16 1670   -0.0399782 0.0107572 960.01
16 1671   -0.0399782 0.00575691 956.413
16 1689   -0.0314865 0.033529 916.385
16 1690   -0.0280974 0.031029 929.739
16 1691   -0.0295226 0.028087 937.647
16 1692   -0.0347944 0.0322114 906.657
16 1693   -0.0333284 0.0277983 936.803
16 1694   -0.0352112 0.0294227 917.976
16 1753   -0.0209833 -0.0297594 934.246
16 1754   -0.0222093 -0.0247594 943.296
16 1755   -0.0162091 -0.0322594 923.618
16 1756   -0.0137605 -0.0292781 925.907
16 1757   -0.0147161 -0.0242781 947.118
16 1758   -0.0492247 0.0260077 765.956
16 1759   -0.0434806 0.0258132 893.053
16 1760   -0.0459495 0.0245321 875.573
16 1761   -0.0491201 0.0311769 687.131
16 1762   -0.0505853 0.0286713 702.548
16 1763   -0.0461897 0.0324296 699.1
16 1764   -0.0438254 0.0297944 788.777
16 1771   -0.00467408 0.0117312 790.956
16 1774   -0.00450852 0.0120685 834.458
16 1775   -0.00423069 0.0119635 840.873
16 1776   -0.0346378 -0.025254 956.42
16 1777   -0.0343182 -0.027754 935.124
16 1778   -0.0383302 -0.0254001 949.795
16 1779   -0.0366428 -0.0241242 966.634
16 1818   -0.00449757 0.0313355 821.033
16 1819   -0.00138528 0.0266375 837.948
16 1820   -0.00134365 0.0328598 728.07
16 1821   0.000471822 0.0301036 719.666
16 1822   -0.00455841 0.0261363 908.866
16 1823   -0.00585522 0.0280782 898.844
16 1830   -0.0169644 -0.0222594 947.864
16 1831   -0.0198173 -0.0222594 945.861
16 1836   -0.0405458 -0.0309525 850.291
16 1837   -0.0390427 -0.0336508 845.478
16 1838   -0.03583 -0.0321766 902.266
16 1839   -0.0360776 -0.0293533 915.205
16 1840   -0.0380846 -0.0281292 914.997
16 1856   -0.00192346 0.0126505 918.471
16 1857   -0.0017941 0.0123187 846.838
16 1858   -0.00160842 0.0126783 957.418
16 1859   -0.00158911 0.0124618 930.789
16 1860   -0.00196604 0.0123574 828.591
16 1861   -0.00207609 0.0124727 859.564
16 1862   -0.00227888 0.0122394 784.086
16 1863   -0.00229105 0.0123706 824.962
16 1864   -0.00216167 0.0122158 763.661
16 1865   -0.00206378 0.0122317 773.959
16 1954   -0.0511395 0.0177503 909.314
16 1955   -0.045797 0.0168077 938.554
16 1956   -0.0485181 0.0154682 930.447
16 1957   -0.0497789 0.0205006 892.634
16 1958   -0.0470579 0.0197596 913.532
16 1959   -0.00359135 -0.0130261 755.033
16 1960   -0.00217517 -0.0130084 832.377
16 1961   -0.00302203 -0.014102 862.574
16 1962   -0.00226465 -0.0139774 883.471
16 1965   -0.00328334 -0.0123368 718.718
16 1966   -0.00262453 -0.0124437 752.296
16 1971   -0.00706713 0.0133736 857.678
16 1974   -0.00698797 0.0120128 781.879
16 1975   -0.00685069 0.0128356 829.219
16 1976   -0.00728356 0.0125425 807.584
16 1977   -0.00596917 0.012475 819.148
16 1978   -0.00641256 0.0125849 819.066
16 1979   -0.00654984 0.0121044 789.046
16 1980   -0.00577127 0.0116401 761.74
16 1981   -0.00592432 0.0121064 794.677
16 1982   -0.00628856 0.0118825 777.906
16 1983   -0.0062833 0.0115098 757.071
16 1984   -0.0059877 0.0113224 736.827
16 1985   -0.00641615 0.0109102 738.579
16 1986   -0.00651468 0.0112008 745.232
16 1988   -0.00616982 0.0108681 708.093
16 1989   -0.00597275 0.0109713 686.85
16 1995   -0.00681282 -0.0167519 927.495
16 1996   -0.00681282 -0.0184186 964.745
16 2013   -0.0511076 -0.0172529 911.708
16 2014   -0.0483227 -0.0182534 916.98
16 2015   -0.0499364 -0.0144625 929.864
16 2016   -0.0473729 -0.0139251 939.968
16 2017   -0.0457591 -0.0159632 941.849
16 2024   0.000177822 -0.0275363 813.282
16 2025   0.00364302 -0.0278321 729.081
16 2026   0.00470437 -0.0243559 818.14
16 2027   0.0024531 -0.0224616 894.996
16 2028   -0.00123512 -0.0216517 922.887
16 2029   0.000354428 -0.0234605 898.078
16 2030   -0.000859505 -0.0250589 892.953
16 2031   -0.00309204 -0.0241544 920.731
16 2032   -0.00325248 -0.0223855 940.229
16 2033   0.00116749 -0.0124867 901.689
16 2034   0.000830309 -0.0128363 957.995
16 2035   0.000892577 -0.0131786 967.282
16 2036   0.00137507 -0.0130784 945.104
16 2037   0.00169878 -0.0132194 939.204
16 2038   0.00194589 -0.0129751 894.121
16 2039   0.00173745 -0.0128014 879.694
16 2040   0.00150689 -0.0128668 912.503
16 2041   0.00136158 -0.0126175 892.172
16 2042   0.0014735 -0.0124231 842.057
16 2043   0.00186415 -0.0124198 789.839
16 2044   0.00174682 -0.012601 839.363
16 2045   0.00162819 -0.0124721 826.662
16 2047   0.00180586 -0.0122811 765.488
16 2048   0.00168517 -0.0123006 785.205
end
