731
52 330   -0.00473605 0.00137548 961.427
52 331   -0.00273795 0.00245041 967.701
52 332   -0.00468892 -0.00104447 962.544
52 333   -0.000710723 -0.00100182 968.119
52 334   -0.000735102 0.0012006 968.181
52 335   0.00122361 -0.00205982 968.431
52 336   0.00312859 0.00123193 966.253
52 337   0.00303345 -0.000935493 966.001
52 338   -0.00878694 0.000237752 920.333
52 339   0.0032262 -0.00511578 969.115
52 340   -0.00259871 0.00444406 969.481
52 341   0.00479283 -0.00186031 961.163
52 342   0.00822904 -0.00338376 925.404
52 343   0.00495422 0.00213332 963.562
52 344   0.00662353 -0.00459875 951.683
52 345   0.00484701 -0.00381436 965.344
52 346   -0.00066396 0.00535304 969.216
52 347   0.00803788 -0.00143142 923.955
52 348   -0.00223981 -0.00815099 966.497
52 349   0.00637819 -0.000692357 949.358
52 350   -0.00625751 -0.0020574 959.003
52 351   -0.00800101 -0.00142688 937.315
52 352   0.00361377 -0.00688376 950.239
52 353   -0.00630677 0.00229035 951.482
52 354   -0.00688014 0.00404219 945.465
52 355   0.00644443 0.00113385 953.552
52 356   -0.00630994 0.0051941 959.948
52 357   0.00916915 -3.72612e-05 914.926
52 358   -0.0079687 0.00169844 925.263
52 359   -0.00854207 0.00345028 922.962
52 360   0.00278084 -0.00821214 937.197
52 361   -0.00867327 -0.00311291 954.413
52 362   0.00794298 0.00215848 947.143
52 363   0.00461422 0.00486653 968.802
52 364   -0.000908221 0.00693047 965.168
52 365   0.00535936 0.00368261 966.359
52 366   -6.38404e-05 0.00808342 963.554
52 367   -0.00573238 -0.00493245 968.207
52 368   0.00713963 0.00416867 967.09
52 369   0.0046265 0.00769484 967.968
52 370   -0.00379695 0.00547334 968.646
52 371   -0.00632702 -0.00371848 965.742
52 372   0.00823303 0.00364401 964.304
52 373   0.00505788 -0.00736905 885.742
52 374   -0.00241992 0.00745066 952.154
52 375   0.00900801 0.00172643 921.895
52 376   0.00717383 0.00534075 968.143
52 377   -0.00249238 0.00872807 940.493
52 378   0.00575113 0.00686988 969.53
52 379   -0.00493671 0.00554648 968.893
52 380   -0.0033739 0.00690252 952.139
52 381   0.00575481 0.00582436 968.878
52 382   -0.00767936 -0.00422031 967.262
52 383   -0.00678501 -0.00589961 967.488
52 384   -0.00342516 0.0092508 918.758
52 385   -0.00780886 -0.00535087 967.672
52 386   -0.00640052 -0.00747121 969.278
52 387   0.00358392 -0.00928152 913.398
52 388   -0.00428281 0.00746046 918.466
52 389   0.00787033 0.00590998 965.839
52 390   -0.00688978 -0.00674737 966.023
52 391   -0.00501378 0.00685445 942.921
52 392   0.00531515 -0.0084889 820.486
52 393   0.00671856 0.00717649 967.553
52 394   -0.00318566 0.010648 963.936
52 395   -0.0085071 -0.00582508 963.89
52 396   -0.00556909 0.00737743 876.926
52 397   -0.00355207 0.0100683 936.813
52 398   -0.00443497 0.00823966 878.047
52 399   -0.00416979 0.00887103 882.28
52 400   0.00332375 -0.0100103 939.931
52 401   0.00497094 -0.0089843 834.23
52 402   0.00860229 0.00587244 959.826
52 403   0.00440463 -0.00921691 868.621
52 404   -0.00709569 -0.00799335 967.132
52 405   0.00741875 0.00670021 960.54
52 406   -0.00776957 -0.007001 949.759
52 407   -0.00519069 0.00846411 825.562
52 408   -0.0077406 -0.00760655 948.702
52 409   -0.00559384 0.00820789 791.69
52 410   -0.00521064 0.00904191 819.966
52 411   0.00770636 0.00759304 951.162
52 412   -0.00468986 0.00932763 849.442
52 413   -0.00426652 0.0102456 912.782
52 414   0.00787413 0.00702741 946.591
52 415   -0.00848662 -0.00645686 943.732
52 416   -0.00824707 -0.00680997 935.622
52 417   0.00393087 -0.0102778 939.102
52 418   -0.00373083 0.0110353 966.122
52 419   0.0038376 -0.0107578 967.733
52 420   -0.00479074 0.00978513 837.9
52 421   0.00808558 0.00773045 928.932
52 422   0.00456925 -0.00980396 861.47
52 423   0.00825448 0.00800782 918.302
52 424   -0.00817946 -0.00774408 921.272
52 425   0.00542159 -0.00944243 799.766
52 426   0.00813641 0.00830899 938.163
52 427   0.00857042 0.00651493 937.558
52 428   -0.00464879 0.0101042 853.816
52 429   0.00435567 -0.0101361 894.166
52 430   0.00829385 0.00687967 931.025
52 431   -0.00442315 0.0106649 937.74
52 432   0.00891152 0.00664483 921.175
52 433   -0.00829929 -0.00802657 914.076
52 434   -0.00425387 0.0108749 968.443
52 435   -0.00522317 0.00991506 787.814
52 436   -0.00892701 -0.00665335 923.441
52 437   0.00524071 -0.00975882 797.328
52 438   -0.00860637 -0.00711822 906.784
52 439   0.00495468 -0.00988774 820.378
52 440   0.00463507 -0.0103861 873.189
52 441   0.00849465 0.00713473 910.983
52 442   0.00845416 0.00741988 905.552
52 443   0.00464265 -0.0106523 898.225
52 444   0.00881872 0.00699339 903.16
52 445   -0.00853886 -0.00754665 895.146
52 446   0.00869187 0.00784805 858.608
52 447   -0.00889111 -0.00697768 903.723
52 448   -0.00865757 -0.00735989 891.001
52 449   -0.00492767 0.010405 810.827
52 450   0.0054343 -0.00997203 766.815
52 451   -0.00534833 0.0102028 744.39
52 452   0.00493599 -0.0107452 817.316
52 453   -0.00908203 -0.00714778 880.183
52 454   0.00895061 0.00714578 882.45
52 455   -0.00477487 0.0107503 885.63
52 456   -0.00489712 0.0106318 820.365
52 457   0.00500042 -0.0101547 804.706
52 458   0.00868133 0.00748322 880.698
52 459   0.00489439 -0.010321 817.475
52 460   -0.00893469 -0.00742497 820.526
52 461   0.00875013 0.00763402 845.734
52 462   -0.00513494 0.0104148 751.778
52 463   -0.00526635 0.0103481 723.143
52 464   0.0053316 -0.0101783 752.667
52 465   0.00507358 -0.0106179 747.756
52 466   0.0088691 0.00789202 782.454
52 467   -0.00907441 -0.00735341 820.741
52 468   0.00911514 0.00713462 873.259
52 469   0.00518375 -0.0102321 769.339
52 470   0.00885372 0.00735046 858.616
52 471   0.00503956 -0.0104599 777.352
52 472   -0.0050628 0.0107389 760.368
52 473   0.00517811 -0.0103984 746.066
52 474   0.00893243 0.00756887 781.029
52 475   0.00896416 0.00743017 806.276
52 476   -0.00520876 0.0105824 646.498
52 477   -0.00516717 0.0106797 641.789
52 478   0.00903346 0.0075986 733.628
52 479   0.00521318 -0.0106567 580.317
52 480   0.00907402 0.00766798 709.414
52 481   0.00903498 0.00774755 715.149
52 482   0.00526498 -0.0104714 683.287
52 483   -0.00919785 -0.00744093 786.26
52 484   0.0091171 0.00730222 825.496
52 485   -0.00539032 0.0104732 591.334
52 486   0.00535198 -0.0104568 631.593
52 487   0.00906302 0.00739308 793.398
52 488   0.00919461 0.0073426 812.549
52 489   0.00526603 -0.0105716 588.476
52 490   0.00911788 0.00752213 732.657
52 491   0.00911571 0.0074553 761.081
52 492   -0.00920218 -0.00752687 743.136
52 493   -0.00523989 0.0107384 438.336
52 494   0.00918331 0.00742807 773.929
52 495   0.00922549 0.00746815 762.252
52 496   -0.00530207 0.0107193 231.173
52 497   0.0092862 0.00759662 960.98
52 498   -0.00539355 0.0107169 2.66539
52 509   0.00775099 0.00864468 967.034
52 510   -0.00807465 -0.00837668 943.493
52 511   -0.00709532 -0.00894611 939.081
52 512   -0.00730991 -0.00848099 968.709
52 615   0.00603787 -0.00682313 959.269
52 616   0.00685579 -0.00594778 961.109
52 636   0.00410226 -0.0109335 967.301
52 637   0.00443773 -0.0108309 958.645
52 682   -0.0071073 0.00614787 961.095
52 718   -0.000780789 0.00913966 958.309
52 719   -0.00169763 0.00926411 951.041
52 720   -0.00255937 0.0107561 953.944
52 721   -0.00189609 0.0102022 949.678
52 722   -0.00249875 0.0113293 944.478
52 731   0.00540117 -0.0103856 666.539
52 732   0.00542477 -0.0102746 714.047
52 748   0.00524618 -0.0107318 439.448
52 750   -0.00542554 0.00967133 786.988
52 751   -0.00551389 0.00925569 799.444
52 819   0.00917661 0.00764851 689.269
52 821   -0.00925613 -0.00753921 758.048
52 851   0.00531571 -0.0106933 268.689
52 852   0.00529449 -0.010717 300.491
52 854   0.00533366 -0.0107223 109.196
52 855   0.00535031 -0.0107086 81.4906
52 888   0.004366 0.0101371 966.115
52 902   -0.00199524 -0.0021436 968.187
52 903   -0.00333764 -0.00220031 967.145
52 904   -0.0018542 -0.00430871 969.493
52 905   -0.00458954 -0.00494996 968.963
52 906   -0.00280335 -0.00485979 969.512
52 907   -0.00358985 -0.00387104 968.583
52 908   -0.00339715 -0.00722373 968.719
52 909   -0.00324554 -0.00590781 969.642
52 910   -0.00436053 -0.00596962 969.64
52 911   -0.00558958 -0.00757701 968.866
52 912   -0.00422709 -0.0076654 967.991
52 913   -0.00479721 -0.00690567 969.531
52 914   -0.00461696 -0.00839638 963.733
52 915   -0.00542196 -0.00827709 963.057
52 916   -0.00476252 -0.0104483 965.437
52 917   -0.00456094 -0.00907393 957.939
52 918   -0.00413837 -0.0106962 968.985
52 919   -0.00399237 -0.00997689 963.635
52 920   -0.00572323 -0.00886282 944.164
52 921   -0.00514727 -0.0092798 942.141
52 922   -0.00574397 -0.0101085 883.674
52 923   -0.00520285 -0.00993482 935.91
52 924   -0.0061044 -0.00972987 840.786
52 925   -0.00660362 -0.00916085 890.103
52 926   -0.00613925 -0.00913918 912.599
52 928   -0.0064285 -0.00987347 778.95
52 929   -0.00670904 -0.00962962 804.982
52 988   -0.0053004 0.0105826 520.796
52 989   -0.00535056 0.0105402 531.459
52 990   -0.00539069 0.0105917 368.793
52 993   0.00573775 0.0100452 882.776
52 994   0.00502768 0.00866462 957.997
52 995   0.00479499 0.00956341 949.219
52 996   0.00608823 0.00862171 951.267
52 997   0.00665449 0.00795854 969.153
52 998   0.0071869 0.0080479 967.108
52 999   0.00710079 0.00907998 914.613
52 1000   0.00723768 0.00866969 964.096
52 1001   0.00689042 0.0092632 865.705
52 1002   0.00605743 0.00966669 852.874
52 1003   0.0065819 0.00928389 871.16
52 1004   0.00617522 0.00914203 910.52
52 1006   0.00635892 0.00990015 774.186
52 1007   0.00656928 0.00971693 798.219
52 1015   -0.000352735 0.0100088 961.63
52 1016   0.000615912 0.0022967 968.745
52 1017   0.00197284 0.00232334 968.297
52 1018   0.000547812 0.0044555 969.613
52 1019   0.00333811 0.00494357 969.422
52 1020   0.00151107 0.00500372 969.626
52 1021   0.0022984 0.00396056 969.213
52 1022   0.0035347 0.00721119 968.761
52 1023   0.00197649 0.00602346 969.467
52 1024   0.00312507 0.00594998 969.653
52 1025   0.00115167 0.00794561 966.434
52 1026   0.00278777 0.00765449 967.951
52 1027   0.00198448 0.00691486 968.809
52 1028   0.00142405 0.00881243 965.027
52 1029   0.00248587 0.00855805 965.736
52 1030   0.00262447 0.00941882 963.297
52 1031   0.00285237 0.0111254 923.543
52 1032   0.00347766 0.0108767 966.972
52 1033   0.00347285 0.010022 964.073
52 1034   0.00220354 0.0112633 908.686
52 1035   0.000314591 0.0103157 965.865
52 1036   0.00165845 0.0109078 955.977
52 1037   0.000941304 0.011423 968.894
52 1038   0.00177156 0.0100423 961.618
52 1039   0.000972781 0.00980575 963.822
52 1040   0.000291764 0.0108829 969.021
52 1041   0.000500668 0.011252 969.111
52 1043   0.000205298 0.0116416 962.366
52 1044   0.00173813 -0.00484246 969.49
52 1045   0.000986233 -0.00372965 969.466
52 1046   -0.000807055 -0.00483676 969.638
52 1047   -0.00104105 -0.00736313 967.408
52 1048   0.00059873 -0.00598325 968.574
52 1049   -0.000709055 -0.0059159 969.241
52 1050   0.00155379 -0.00806403 955.945
52 1051   0.000620706 -0.00698506 965.723
52 1052   -8.72335e-05 -0.00787589 964.552
52 1053   0.00133942 -0.00903209 955.105
52 1054   0.000352287 -0.00887762 961.121
52 1055   0.000247342 -0.00979066 962.055
52 1056   -0.00262978 -0.0111365 908.583
52 1057   -0.00310793 -0.0101692 959.844
52 1058   -0.00212929 -0.0094625 962.966
52 1059   -0.000366374 -0.0101239 965.271
52 1060   -0.00110472 -0.0100096 963.097
52 1061   -0.00190304 -0.0115196 908.868
52 1062   -0.00206132 -0.0110286 929.493
52 1063   -0.0015149 -0.0106085 959.419
52 1064   -0.00104741 -0.0115756 968.758
52 1065   -0.00146207 -0.0113164 958.534
52 1066   -0.00125117 -0.0108825 963.484
52 1067   -0.000424208 -0.0107582 968.442
52 1068   -0.000774198 -0.0113655 969.222
52 1069   -0.000898827 -0.0109179 967.849
52 1070   -0.000177307 -0.0110105 969.421
52 1071   -0.000421851 -0.0114009 968.422
52 1073   -0.000191775 -0.0116315 963.278
52 1074   0.000143747 -0.0116452 965.731
52 1086   0.00348459 -0.0110482 967.318
52 1212   0.00157 -0.00995881 951.829
52 1213   0.000831888 -0.010272 958.48
52 1214   0.000800595 -0.0108712 958.14
52 1215   0.00043378 -0.0114568 968.716
52 1216   0.000342801 -0.0110527 967.205
52 1218   0.00115031 -0.0116862 881.532
52 1219   0.000814791 -0.0116725 953.594
52 1231   -0.00141978 0.010495 949.136
52 1232   -0.000793271 0.010426 958.807
52 1233   -0.000108058 0.0110879 969.249
52 1234   -0.000525767 0.0109378 964.068
52 1235   -0.000298977 0.0116619 967.799
52 1236   -6.72456e-05 0.0114638 968.256
52 1237   -0.000560057 0.0114946 967.482
52 1238   -0.000746035 0.0111464 959.823
52 1240   -0.000791788 0.0116928 954.644
52 1251   -0.001477 0.0110309 935.468
52 1252   -0.00107075 0.0111705 943.614
52 1253   -0.00105287 0.0115255 926.373
52 1254   -0.00129606 0.0117132 850.227
52 1255   -0.00206298 0.011361 906.785
52 1256   -0.00172239 0.0112615 911.945
52 1257   -0.00155934 0.0115888 849.635
52 1260   -0.00176718 0.011729 808.652
52 1261   -0.00203266 0.0116475 860.673
52 1262   0.00283865 -0.0102922 953.404
52 1263   0.00210236 -0.010342 948.818
52 1264   0.00309276 -0.0108502 967.019
52 1265   0.00283665 -0.0111851 964.489
52 1266   0.00196596 -0.0108604 942.57
52 1267   0.00244614 -0.0111455 945.569
52 1268   0.00149328 -0.0114806 883.548
52 1269   0.0014023 -0.0110765 937.174
52 1271   0.00190113 -0.0116299 846.945
52 1272   0.00229033 -0.011511 912.618
52 1348   -0.0060849 0.00724206 933.713
52 1349   -0.00649386 0.00680439 968.325
52 1508   0.00921187 0.00751155 736.572
52 1509   0.00917187 0.0075383 719.957
52 1510   0.00919352 0.00761303 693.273
52 1511   0.00918655 0.00757758 704.735
52 1512   0.00927395 0.00760729 815.878
52 1515   0.00925008 0.00760732 700.942
52 1516   0.00923068 0.00762622 684.26
52 1517   -0.0053618 0.0106308 315.037
52 1518   -0.00531926 0.0106374 395.331
52 1519   -0.00531979 0.0106899 242.759
52 1520   -0.00536905 0.0106685 158.831
52 1521   -0.00534951 0.0106952 109.609
52 1523   -0.00538313 0.0107201 3.82337
52 1526   -0.00537423 0.01071 12.7908
52 1527   -0.00535905 0.0107163 31.4619
52 1529   0.00924626 0.00753469 734.625
52 1532   0.00922974 0.00756579 712.535
52 1533   0.0092561 0.00758234 715.27
52 1557   -0.00538378 0.0106959 18.7933
52 1558   -0.00538814 0.0106754 75.6503
52 1561   0.0053952 -0.0105304 508.641
52 1564   0.0053287 -0.0105915 467.952
52 1565   0.00539695 -0.0106023 342.598
52 1566   0.00537086 -0.0105649 467.223
52 1567   0.00537403 -0.0106259 315.329
52 1568   0.00532907 -0.0106575 330.48
52 1569   0.00533752 -0.010626 388.377
52 1570   0.00535558 -0.0106623 237.818
52 1571   0.00537707 -0.0106495 227.541
52 1572   0.00539162 -0.0106653 108.705
52 1573   0.00537962 -0.0106774 95.4872
52 1574   0.00535687 -0.0106915 113.926
52 1575   0.00536086 -0.0106773 153.694
52 1576   0.00538948 -0.0106953 20.4671
52 1577   0.00538158 -0.0106881 57.1613
52 1578   0.00537032 -0.0106944 65.0712
52 1579   0.00537328 -0.0107015 39.3412
52 1580   0.00538317 -0.0107016 17.8138
52 1587   0.00535929 -0.0107231 26.2743
52 1590   0.00537054 -0.0107091 26.4076
52 1591   0.00536707 -0.0107172 18.0605
52 1592   0.00537458 -0.0107236 7.60197
52 1593   0.00538345 -0.0107083 9.98875
52 1594   0.00537677 -0.0107123 11.7997
52 1595   0.00537933 -0.0107186 7.08297
52 1596   0.00538465 -0.010721 4.1521
52 1597   0.00538704 -0.0107148 5.65546
52 1615   -0.00867477 -0.00797881 862.319
52 1618   -0.00891471 -0.00784327 756.692
52 1619   -0.00872169 -0.00769257 853.233
52 1620   -0.00873777 -0.00784223 836.566
52 1621   -0.00895382 -0.00772802 745.285
52 1622   -0.008961 -0.00755926 774.337
52 1623   -0.00886671 -0.0076401 796.971
52 1624   -0.0091292 -0.00769803 695.641
52 1625   -0.00904371 -0.00769108 715.983
52 1626   -0.00905893 -0.00759715 729.026
52 1627   -0.00916307 -0.00763625 696.149
52 1628   -0.00917087 -0.00756536 716.704
52 1629   -0.00912474 -0.00758887 714.162
52 1633   -0.00920751 -0.00762623 692.404
52 1634   -0.00921089 -0.00759924 702.749
52 1635   -0.00923647 -0.0076334 686.218
52 1636   -0.00924155 -0.00759291 709.188
52 1637   -0.00926967 -0.00757267 755.301
52 1638   -0.00925546 -0.00757137 737.184
52 1639   -0.00926431 -0.0076092 706.033
52 1640   -0.00924744 -0.00761184 697.873
52 1641   -0.00928223 -0.00760145 811.946
52 1644   -0.00927362 -0.00759624 759.788
52 1645   -0.00927265 -0.00758668 756.553
16 262   -0.0449783 0.00321982 910.392
16 263   -0.0451576 -0.00296779 910.39
16 264   -0.0499783 0.00825006 919.467
16 265   -0.0399783 0.00822093 904.964
16 266   -0.0505654 -0.0274529 842.329
16 267   -0.0477819 -0.0217959 966.188
16 268   -0.032204 0.032058 958.671
16 269   -0.0411399 -0.00651146 909.155
16 270   -0.0323025 -0.0324518 960.653
16 271   -0.0162136 -0.0220129 931.762
16 272   -0.0435156 -0.0297248 931.486
16 273   -0.0497165 -0.0177624 962.302
16 274   -0.000192125 0.023927 964.939
16 275   -0.0384823 -0.00723686 905.711
16 276   0.00446357 -0.0225603 938.084
16 277   -0.00190383 0.0215116 944.63
16 278   0.00304588 -0.0192294 967.493
16 279   0.00532139 -0.0176741 966.074
16 280   -0.00115672 0.0186487 949.973
16 281   0.00673908 -0.0226082 925.632
16 282   -0.00656542 0.0175245 855.928
16 283   0.00673908 -0.0191027 958.444
16 284   0.00526768 -0.0155894 968.638
16 285   -0.00304475 0.0174808 929.934
16 286   0.00359276 -0.0147341 969.609
16 287   -0.00320946 0.0158772 949.372
16 288   -0.00583247 0.0156915 943.387
16 289   -0.00247997 0.0147553 960.451
16 290   -0.00639416 0.0145779 961.174
16 291   -0.00453342 0.0153508 952.605
16 292   0.00395276 -0.013369 969.421
16 293   -0.00712711 0.0140462 965.828
16 294   -0.00345615 0.0138161 966.453
16 295   -0.00438728 0.014179 965.578
16 296   -0.00496416 0.0136131 968.465
16 297   -0.00567199 0.0136713 968.392
16 298   0.00682115 -0.0118619 956.152
16 299   -0.00724273 0.0121653 964.133
16 300   -0.00435153 0.0124133 968.649
16 301   -0.00686984 0.0128629 969.276
16 302   -0.0058462 0.0128901 969.639
16 303   -0.00481175 0.0128191 969.609
16 304   -0.0063111 0.0126134 969.142
16 305   -0.00686528 0.0116661 954.808
16 306   -0.00533373 0.0124508 969.551
16 307   0.00729683 -0.0118956 955.874
16 308   -0.00630654 0.0119372 965.761
16 309   -0.00532225 0.0119417 968.637
16 310   0.0056646 -0.0117326 968.907
16 311   -0.00597197 0.0116369 967.503
16 312   0.00656869 -0.0109292 912.736
16 313   -0.00561577 0.0116837 968.249
16 314   0.00641356 -0.0112487 942.81
16 315   -0.00468718 0.0117162 965.644
16 316   -0.00499526 0.0116867 959.821
16 317   -0.00439053 0.0118716 967.648
16 318   0.0056591 -0.011329 962.54
16 319   0.00607603 -0.0110968 950.604
16 320   0.00514769 -0.0113587 910.925
16 321   -0.00546124 0.0113383 945.577
16 322   0.0062896 -0.0107466 898.236
16 323   0.0057491 -0.0111556 961.027
16 324   0.00587878 -0.0110877 965.818
16 325   -0.0051048 0.0113868 926.351
16 326   -0.00554617 0.011162 926.268
16 327   0.0053952 -0.011229 900.182
16 328   -0.00527726 0.0112965 909.072
16 329   0.00606944 -0.010862 928.839
16 524   -0.0443303 -0.0225603 949.308
16 525   -0.0429942 -0.0255753 964.756
16 526   -0.00188981 -0.0223242 950.033
16 527   0.00126537 -0.0185997 969.025
16 528   -0.000954693 -0.0198451 951.621
16 529   0.00229487 -0.0154987 969.286
16 530   3.8711e-05 -0.0167964 962.256
16 531   0.00142837 -0.0170782 968.599
16 532   0.00027388 -0.0154816 965.12
16 533   0.0014063 -0.0147333 968.008
16 534   0.000620016 -0.0133833 968.046
16 535   0.00191016 -0.0130118 952.805
16 536   0.0014451 -0.0137432 966.294
16 538   0.00152429 -0.0125806 897.127
16 539   0.00108508 -0.0126519 941.73
16 540   0.000645877 -0.0127232 966.888
16 544   0.0025858 0.0233498 950.353
16 545   0.00658773 0.023001 929.644
16 546   0.00476319 0.0255965 901.699
16 547   0.00549904 0.0205479 960.973
16 548   0.00332165 0.0209606 964.104
16 549   0.000567047 0.0180638 964.326
16 550   0.00315127 0.0176233 968.194
16 551   0.00242145 0.0192581 969.51
16 552   0.00204464 0.0163119 963.608
16 553   0.000549108 0.0165461 962.579
16 554   -0.00150056 0.0145941 961.119
16 555   8.31276e-05 0.0141729 965.824
16 556   -0.000359965 0.0153662 961.683
16 557   -0.000661723 0.0133415 967.345
16 558   -0.0019349 0.012942 947.586
16 559   -0.00149764 0.0136456 962.054
16 561   -0.00153819 0.0125667 903.126
16 562   -0.00109898 0.012638 952.748
16 563   -0.00065978 0.0127092 964.424
16 565   -0.049779 0.0184192 965.474
16 566   -0.0473106 0.0259424 934.667
16 567   -0.0511395 0.0239916 931.292
16 568   -0.0484186 0.0211691 967.524
16 569   -0.0440357 0.0244663 965.275
16 570   -0.0451436 0.0217735 959.08
16 579   -0.00732488 0.0334776 960.185
16 580   -0.0100133 0.0304328 967.29
16 581   -0.00293173 0.0307544 931.099
16 582   -0.00299044 0.0273107 961.621
16 583   -0.00617097 0.0267896 958.049
16 584   -0.0088007 0.0271885 952.262
16 592   -0.0139252 -0.0320129 962.06
16 595   -0.00463251 -0.0304249 954.01
16 596   -0.0101228 -0.0305194 967.443
16 597   -0.00738516 -0.0335065 959.859
16 598   -0.00882242 -0.0274851 956.216
16 599   -0.00591779 -0.0273906 966.193
16 600   -0.0355108 0.0307403 966.035
16 601   -0.0410062 0.0310471 948.317
16 602   -0.039195 0.0336824 951.414
16 603   -0.0359292 0.0279517 949.828
16 604   -0.0387148 0.0282584 965.746
16 612   -0.0360761 -0.0260357 919.793
16 613   -0.0327459 -0.0236776 902.104
16 614   -0.0342821 -0.0212259 839.808
16 633   -0.00407154 0.0221958 874.531
16 634   -0.00554036 0.0240901 888.669
16 653   -0.0471577 0.0161335 940.893
16 654   -0.047357 0.0130461 929.792
16 655   -0.042357 0.0130461 901.494
16 656   -0.0386395 0.017336 816.458
16 657   -0.0432972 0.0168029 899.545
16 658   -0.0410182 0.0154642 880.695
16 660   -0.00248294 0.0125368 953.47
16 661   -0.0037251 0.01238 963.206
16 662   -0.00324341 0.0128979 969.127
16 666   0.0024721 -0.0125926 959.753
16 667   0.00374814 -0.0121507 959.339
16 668   0.0032556 -0.0127244 969.21
16 675   0.00733973 -0.0102494 945.724
16 676   0.00681602 -0.0106872 899.569
16 678   -0.00733059 0.0103128 936.87
16 702   -0.0501576 -0.00543811 913.382
16 705   -0.0485453 -0.0149778 940.72
16 706   -0.0489864 -0.00940521 919.797
16 707   -0.0513288 -0.0114688 930.361
16 708   -0.0435769 -0.0109543 911.314
16 709   -0.0464234 -0.0113777 919.642
16 710   -0.0459823 -0.0144509 925.674
16 711   -0.0421379 -0.0127543 904.923
16 712   -0.0433721 -0.0152192 906.783
16 713   -0.0397008 -0.0119431 899.015
16 714   -0.0387185 -0.0133984 888.433
16 754   -0.0405722 -0.0310371 951.82
16 755   -0.0390552 -0.033679 952.985
16 756   -0.0369661 -0.0284888 960.449
16 757   -0.0354491 -0.0311308 967.226
16 764   -0.0243279 -0.0325 948.551
16 765   -0.0289769 -0.0299518 947.054
16 766   -0.0187338 -0.0295129 949.434
16 767   -0.0200194 -0.0245129 940.813
16 768   -0.0295518 -0.0249518 928.23
16 769   -0.0261884 -0.0225 932.348
16 770   -0.00436978 0.0187182 875.461
16 771   -0.00583354 0.0188567 793.347
16 772   -0.00464946 0.0205703 814.791
16 773   -0.0242415 0.0325 948.04
16 774   -0.028823 0.029558 945.075
16 775   -0.0263463 0.0225 931.432
16 776   -0.0297326 0.024558 924.576
16 825   -0.00695314 0.0112302 938.371
16 826   -0.00733059 0.0109848 936.755
16 827   -0.00682237 0.0105791 889.034
16 828   -0.00716119 0.0106255 917.934
16 829   -0.00627044 0.0107801 904.633
16 830   -0.00659501 0.0111057 927.057
16 831   -0.00663365 0.0108138 903.21
16 832   -0.00607568 0.0112921 961.458
16 833   -0.00630938 0.0111672 940.838
16 834   -0.00615422 0.0109768 935.488
16 835   -0.00569722 0.011152 963.833
16 836   -0.0058909 0.0111863 967.279
16 837   -0.00595012 0.011017 959.77
16 839   -0.00581449 0.0109523 967.745
16 840   -0.00569839 0.0110131 960.72
16 858   -0.0371221 -0.0222641 743.671
16 859   -0.0380024 -0.0246221 873.093
16 860   -0.040319 -0.0242467 890.006
16 861   -0.00542106 -0.0211857 709.76
16 862   -0.00389761 -0.0231042 899.259
16 863   -0.00518872 -0.0249346 930.013
16 864   -0.0411478 0.0249979 937.009
16 865   -0.039201 0.0261909 941.853
16 867   0.00496375 0.0169585 967.145
16 868   0.00641131 0.0181806 969.212
16 898   -0.00726352 -0.0105406 776.012
16 939   -0.00681888 -0.0175676 817.75
16 940   -0.00545663 -0.0193696 772.582
16 941   -0.00216765 -0.0172817 929.636
16 942   -0.00299806 -0.0188089 895.479
16 943   -0.00369447 -0.0161026 909.656
16 944   -0.00588712 -0.0158279 875.389
16 945   -0.00268807 -0.0148155 937.905
16 946   -0.00369834 -0.0134936 935.861
16 947   -0.000926083 -0.0146797 959.892
16 948   -0.000882262 -0.0135289 966.591
16 949   -6.97815e-05 -0.0130817 963.745
16 952   -0.00160305 -0.0128189 955.709
16 954   -0.0021301 -0.0127333 920.558
16 958   -0.00265714 -0.0126478 914.766
16 959   -0.00318419 -0.0125623 956.731
16 963   0.00302886 0.0131384 929.929
16 966   0.000963482 0.0134693 956.748
16 967   0.00201592 0.0144285 953.213
16 968   -0.0400718 0.0190132 784.428
16 969   -0.0423509 0.0186851 872.857
16 970   -0.0429364 0.0207008 902.74
16 971   -0.039684 0.0216253 712.218
16 972   -0.041409 0.0226437 861.132
16 976   0.00738176 0.0102808 674.901
16 977   0.00714528 0.0104047 763.308
16 978   0.00729683 -0.0112997 943.724
16 979   0.00713656 -0.0108625 925.609
16 980   0.00733973 -0.0105927 934.266
16 1090   -0.0113617 0.0229328 899.128
16 1091   -0.0100418 0.0209776 831.368
16 1092   -0.00948496 0.0246885 906.422
16 1093   -0.00685269 0.0234117 835.697
16 1094   -0.00816756 0.0236112 858.168
16 1095   -0.0081625 0.0218555 752.346
16 1096   -0.00578577 0.0210979 727.641
16 1097   -0.00644067 0.0203198 546.104
16 1098   -0.00652018 0.0220451 746.234
16 1099   -0.00717508 0.0212669 580.061
16 1100   0.00414628 0.013746 938.258
16 1101   0.00677622 0.0141546 921.536
16 1102   0.00532866 0.0150716 951.251
16 1103   0.00605962 0.0130624 886.542
16 1104   0.00512806 0.0117202 835.194
16 1105   0.0046551 0.011968 885.443
16 1106   0.00487723 0.0128064 908.987
16 1107   0.00642509 0.0123737 845.409
16 1108   0.0071417 0.0119586 810.884
16 1109   0.00595931 0.0112648 779.71
16 1110   0.00571566 0.0118699 826.966
16 1111   0.00690522 0.0114259 785.563
16 1112   0.00643227 0.0112359 778.346
16 1113   0.00726352 0.0109994 764.746
16 1114   0.00702705 0.0106856 766.912
16 1117   0.00643585 0.0107764 757.179
16 1118   0.00667233 0.0106525 775.341
16 1128   -0.00703412 -0.0137135 868.267
16 1129   -0.00610237 -0.0144737 886.118
16 1130   -0.00644647 -0.0128394 855.895
16 1131   -0.00525701 -0.0116599 839.296
16 1132   -0.00478405 -0.0119077 892.777
16 1133   -0.00479821 -0.0130057 909.589
16 1134   -0.00551472 -0.0135996 892.051
16 1135   -0.00720617 -0.0118546 803.574
16 1136   -0.00661852 -0.0122305 830.056
16 1137   -0.00602379 -0.0112241 782.95
16 1138   -0.00590909 -0.0117689 821.627
16 1139   -0.00699837 -0.0109048 779.13
16 1140   -0.00694102 -0.0113856 786.366
16 1141   -0.00646807 -0.0112167 782.615
16 1144   -0.00640718 -0.0107979 764.14
16 1145   -0.00664366 -0.010674 782.88
16 1146   -0.0423732 -0.0198649 870.626
16 1147   -0.0420433 -0.0170843 883.368
16 1148   -0.0389984 -0.0207097 623.975
16 1149   -0.0405468 -0.0215602 791.819
16 1150   -0.0386082 -0.0180048 799.963
16 1151   -0.0398268 -0.0160747 860.833
16 1280   -0.0510348 0.0324945 688.145
16 1283   -0.0472059 0.0298592 841.912
16 1284   -0.0442755 0.0323647 872.804
16 1290   -0.0461702 -0.0323668 814.994
16 1291   -0.0491003 -0.0323668 719.296
16 1309   -0.034561 0.021029 829.095
16 1310   -0.0329465 0.023087 892.077
16 1311   -0.0348565 0.0252983 905.828
16 1312   -0.0374444 0.0226438 763.043
16 1313   -0.0372227 0.0248552 877.002
16 1320   -0.00144192 -0.0305288 913.495
16 1321   0.00567821 -0.0308311 708.753
16 1322   -7.3848e-05 -0.0257993 947.286
16 1323   0.0034027 -0.0261016 903.102
16 1354   0.00668537 -0.01486 968.083
16 1355   0.00627805 -0.0139399 968.313
16 1356   0.00709268 -0.0135613 967.343
16 1357   0.00595213 -0.0123707 968.42
16 1358   0.00661701 -0.012555 965.299
16 1359   0.00488793 -0.0132121 969.324
16 1360   0.0055383 -0.0134823 968.858
16 1361   0.00568806 -0.0129195 968.851
16 1362   0.00484127 -0.0127009 969.499
16 1363   0.00523409 -0.0125976 969.571
16 1364   0.00502598 -0.0117777 958.448
16 1365   0.00527899 -0.0120516 968.84
16 1366   0.00423809 -0.0121907 968.669
16 1367   0.00455919 -0.0123777 969.614
16 1368   0.004699 -0.0120004 967.655
16 1370   0.00424565 -0.0118827 968.865
16 1371   0.00451015 -0.0117442 962.828
16 1401   0.00022824 0.0322768 853.765
16 1404   0.00568426 0.0323406 689.418
16 1405   0.00385972 0.0296175 791.738
16 1433   0.00385641 -0.0336104 698.359
16 1434   0.000212828 -0.0336104 818.332
16 1449   -0.0104227 -0.0210065 846.967
16 1450   -0.0118039 -0.0230194 909.292
16 1451   -0.00950063 -0.0249851 916.928
16 1452   -0.0074739 -0.0220569 729.962
16 1453   -0.00740276 -0.0240226 864.086
16 1454   -0.0221275 0.0247276 940.45
16 1455   -0.0209322 0.0297276 947.025
16 1456   -0.0143512 0.0241828 931.188
16 1457   -0.013687 0.0291828 955.844
16 1458   -0.016171 0.0322276 957.5
16 1460   -0.0195891 0.0222276 938.964
16 1461   -0.0164717 0.0222276 934.423
end
