872
16 315   -0.0449783 0.00325765 957.282
16 316   -0.0451577 -0.00292421 957.209
16 317   -0.0477775 -0.0217781 897.301
16 318   -0.0411403 -0.00644874 959.426
16 319   0.00215479 0.0234703 881.231
16 320   -0.0384825 -0.00713891 961.596
16 321   0.00429694 -0.0184029 818.748
16 322   0.00488734 0.0219096 887.839
16 323   -0.000973281 -0.0215764 914.806
16 324   -0.00124376 0.0213339 931.154
16 325   0.00166924 -0.0175109 881.588
16 326   -0.000252123 -0.0188774 918.296
16 327   0.00684146 0.0218058 883.406
16 328   -0.000624869 0.0188315 939.872
16 329   0.00362368 0.0189481 935.615
16 330   -0.00244386 0.0175321 936.211
16 331   0.0010991 -0.0153724 887.583
16 332   0.00225075 0.0179275 948.093
16 333   0.000742201 0.0178945 944.413
16 334   -0.00205474 0.0159932 925.096
16 335   -0.000505054 -0.0149978 932.927
16 336   0.0034247 0.015601 968.673
16 337   0.00248808 0.0162763 963.509
16 338   0.00140433 0.0154698 964.976
16 339   -0.00175889 0.0130967 884.925
16 340   -0.0016095 0.0140025 910.527
16 341   0.00153145 0.0145117 969.334
16 342   -0.000673239 -0.0138495 947.237
16 343   0.00312371 0.0145628 966.014
16 344   0.00350078 0.0138735 945.345
16 345   0.00231421 0.01428 964.071
16 346   0.00112437 0.0139175 967.041
16 347   0.000660456 0.0136873 968.723
16 348   0.00288927 0.0133643 918.605
16 349   -0.00136501 -0.0135589 968.407
16 350   0.00232464 0.0136334 936.594
16 351   0.00281827 0.0129147 889.601
16 352   -0.00208476 -0.0129697 931.466
16 353   0.00196984 0.0133502 914.96
16 354   0.000357814 0.0126758 950.91
16 355   0.00155234 0.0134026 934.922
16 356   0.000831152 0.0130592 946.153
16 357   -0.00132612 -0.0130155 965.942
16 358   -0.00113791 -0.0127287 956.843
16 359   0.0014435 0.0130016 887.494
16 360   -0.00227496 -0.0127187 895.599
16 361   0.000681108 0.0127539 928.75
16 362   0.00258525 0.0122457 860.263
16 363   0.00118624 0.0128883 890.977
16 364   0.00173796 0.0127527 827.082
16 365   -0.00166317 -0.0128181 926.214
16 366   0.00173113 0.0124682 766.088
16 367   -0.00161543 -0.0125085 851.128
16 368   0.000945239 0.0124772 852.638
16 369   0.00120597 0.0125554 826.268
16 370   -0.0013534 -0.0124212 868.359
16 371   -0.00204238 -0.0123955 822.101
16 372   -0.00174918 -0.0123459 784.749
16 373   0.00137709 0.0123971 773.165
16 374   -0.00232075 -0.0122206 849.045
16 375   0.00155496 0.0123682 737.037
16 376   -0.00189795 -0.0123218 782.531
16 377   -0.00214306 -0.0122494 808.63
16 402   -0.044316 -0.0225097 923.739
16 412   -0.0099412 -0.0304364 912.418
16 413   -0.00729835 -0.0334788 870.595
16 414   -0.00853567 -0.027201 928.495
16 415   -0.00561146 -0.0268152 915.478
16 419   -0.0511395 0.023992 816.311
16 420   -0.0451433 0.0217754 922.942
16 429   -0.00731022 0.0334712 883.89
16 430   -0.00996032 0.0304136 915.727
16 431   -0.00568673 0.0266656 920.411
16 432   -0.00857907 0.0271259 930.934
16 433   -0.0410056 0.0310472 850.518
16 434   -0.0391946 0.0336824 853.397
16 435   -0.0387133 0.0282586 915.31
16 436   0.00482711 0.0135841 920.771
16 437   0.00409284 0.0135763 931.141
16 438   0.00719728 0.0120862 797.684
16 439   0.00659183 0.0126497 834.563
16 440   0.00593439 0.0124407 820.567
16 441   0.00527786 0.012461 828.508
16 442   0.00496272 0.0127786 864.665
16 443   0.0040382 0.0128977 901.945
16 444   0.00441868 0.012644 874.404
16 445   0.0036672 0.0126656 907.301
16 446   0.00298308 0.012314 904.841
16 447   0.00318105 0.0126438 901.1
16 449   0.00325869 0.0121041 941.058
16 450   -0.0328805 -0.023077 965.712
16 489   -0.00335052 -0.0222065 952.664
16 490   -0.00483425 -0.0241223 949.047
16 491   -0.00348518 0.0220609 950.272
16 492   -0.00492389 0.0239354 949.549
16 493   -0.0473569 0.0130559 946.911
16 494   -0.0423569 0.0130559 961.947
16 495   -0.0432971 0.0168078 960.683
16 496   -0.0410181 0.0154682 967.232
16 507   0.00609413 -0.0170549 793.262
16 511   0.0053912 -0.0154568 784.474
16 512   0.00679707 -0.0148251 787.906
16 513   0.00409708 -0.0145333 764.539
16 514   0.00296928 -0.0143175 765.824
16 515   0.00189606 -0.0144505 825.151
16 516   0.00113656 -0.0136935 848.68
16 517   0.00166271 -0.0130693 753.651
16 518   0.00132285 -0.012565 738.476
16 522   -0.0501577 -0.00542443 954.272
16 525   -0.0489866 -0.00938666 951.131
16 526   -0.0513289 -0.0114622 944.69
16 527   -0.0435766 -0.0109114 958.221
16 528   -0.0464229 -0.0113491 952.146
16 529   -0.042137 -0.0127181 961.696
16 530   -0.0433694 -0.015194 959.53
16 531   -0.0397007 -0.0118703 964.48
16 532   -0.0387182 -0.0133458 967.096
16 533   0.00210631 0.0130256 873.88
16 534   0.00198326 0.0128291 842.321
16 535   0.00239011 0.0128591 863.387
16 536   0.00239041 0.0124241 827.604
16 537   0.00236394 0.0126652 841.974
16 538   0.00217017 0.01266 823.78
16 539   0.00204147 0.0123616 767.66
16 540   0.00224064 0.0123475 799.687
16 541   0.00215264 0.0124904 799.48
16 543   0.00207832 0.012227 753.732
16 544   0.0021806 0.0122104 777.019
16 649   -0.00688847 -0.0148534 913.565
16 650   -0.00638632 -0.0136601 879.555
16 651   -0.00538202 -0.0134893 893.501
16 652   -0.00699785 -0.0127085 825.42
16 653   -0.0411467 0.0249987 937.146
16 654   -0.039199 0.0261913 938.059
16 657   -0.0423506 0.0186869 966.033
16 658   -0.042936 0.0207027 958.666
16 659   -0.0423608 -0.0198182 965.475
16 660   -0.0420405 -0.0170651 966.111
16 661   -0.0112655 -0.0229364 964.09
16 662   -0.00922057 -0.024701 959.302
16 667   -0.0112929 0.0229136 962.737
16 668   -0.0092624 0.0246259 958.153
16 670   -0.00666362 -0.0182626 901.625
16 671   -0.00482903 -0.0161172 956.613
16 672   -0.00605209 -0.0164396 940.978
16 675   -0.0329425 0.023087 965.698
16 676   -0.0348528 0.0252984 960.128
16 692   -0.00405822 0.0179096 942.793
16 693   -0.00688656 0.0181704 962.056
16 719   -0.000481332 -0.0126944 958.81
16 720   -0.000852228 -0.0126342 968.137
16 727   0.00229225 0.0269434 788.658
16 728   -0.00266613 0.0284404 863.398
16 729   -0.00290837 0.0319583 804.756
16 731   0.00386667 0.0334871 682.095
16 732   0.00023334 0.0334871 717.212
16 736   -0.00289695 -0.0321386 774.917
16 737   -0.0026156 -0.0287104 834.155
16 739   0.00023958 -0.0336598 705.109
16 740   0.00386979 -0.0336598 678.503
16 806   -0.0505626 -0.0249874 787.708
16 822   -0.0242358 0.0325 936.704
16 823   -0.0263321 0.0225 954.571
16 824   -0.029725 0.024558 956.045
16 825   -0.022094 0.0247212 948.14
16 826   -0.0209069 0.0297212 939.804
16 827   -0.01428 0.0241636 952.941
16 828   -0.0161511 0.0322212 929.377
16 829   -0.0136308 0.0291636 931.844
16 831   -0.019549 0.0222212 950.583
16 832   -0.0164259 0.0222212 953.148
16 840   -0.0242317 -0.0325 935.758
16 841   -0.0296808 -0.0245514 955.963
16 842   -0.026324 -0.0225 954.628
16 843   -0.0208968 -0.0297288 938.871
16 844   -0.0220799 -0.0247288 948.01
16 845   -0.0136119 -0.0291864 929.782
16 846   -0.0161416 -0.0322288 926.979
16 847   -0.0142513 -0.0241864 953.558
16 852   -0.031467 -0.0335257 921.628
16 853   -0.028079 -0.0310257 935.427
16 854   -0.0294643 -0.028077 942.913
16 855   -0.0323439 -0.0291027 935.553
16 856   -0.0333609 -0.0320514 917.531
16 860   -0.0163992 -0.0222288 953.784
16 861   -0.0195292 -0.0222288 950.843
16 907   -0.033471 -0.0210257 969.368
16 909   -0.0346164 -0.0252535 959.954
16 910   -0.0342962 -0.0277535 940.642
16 912   0.0035117 -0.0125101 700.431
16 913   0.00231629 -0.0126835 712.874
16 914   0.00286335 -0.0131747 722.307
16 968   -0.0314883 0.033529 922.196
16 969   -0.0295288 0.028087 943.357
16 970   -0.0281029 0.031029 936.073
16 971   -0.0347957 0.0322114 911.383
16 972   -0.0352132 0.0294228 923.845
16 973   -0.0333317 0.0277984 942.683
16 974   -0.00127334 0.0126576 892.3
16 985   -0.0499783 0.0107574 947.866
16 986   -0.0499783 0.00575743 954.281
16 998   -0.0399783 0.0107575 963.059
16 999   -0.0399783 0.00575776 959.97
16 1014   0.00185933 0.0123268 722.583
16 1015   0.0019419 0.0123134 734.095
16 1163   -0.0385861 -0.0212159 814.801
16 1164   -0.0393386 -0.0199611 863.192
16 1165   -0.0401246 -0.0220335 960.937
16 1166   -0.0408771 -0.0207787 965.669
16 1168   -0.00730294 -0.0103826 705.018
16 1169   -0.00710587 -0.0110447 778.008
16 1170   -0.00690881 -0.0105892 793.084
16 1196   -0.0370674 0.0218365 886.393
16 1197   -0.0410326 0.0218373 967.797
16 1198   -0.0403514 0.0234415 964.313
16 1199   -0.0384038 0.0246341 963.354
16 1200   -0.0368446 0.0240479 968.026
16 1209   0.00738176 0.0102875 633.473
16 1210   0.00714528 0.0104114 758.809
16 1216   0.00661321 -0.0110567 810.595
16 1218   -0.00804202 -0.0218611 911.665
16 1219   -0.00639087 -0.0234329 967.577
16 1220   -0.00785298 -0.0236258 967.942
16 1221   -0.00661321 0.0110012 799.978
16 1223   -0.00583264 -0.0194487 871.195
16 1224   -0.00415987 -0.0192976 965.66
16 1225   -0.00417068 -0.0207129 967.897
16 1226   -0.0065745 -0.0209605 807.623
16 1227   -0.00574893 -0.0217464 937.573
16 1230   -0.0072044 0.0104232 885.92
16 1231   -0.0072044 0.0109598 866.401
16 1237   0.0072044 -0.0104509 893.26
16 1238   0.0072044 -0.011043 863.657
16 1241   -0.00806034 0.0218273 929.114
16 1242   -0.0078976 0.0235396 966.883
16 1243   -0.00645143 0.0233095 966.541
16 1244   -0.00457615 0.0192442 962.711
16 1245   -0.00438514 0.020628 965.065
16 1246   -0.00617761 0.0194064 941.967
16 1247   -0.00590522 0.0216464 959.2
16 1248   -0.00670968 0.0209053 857.908
16 1291   0.0045307 0.0118064 775.502
16 1315   0.0069608 0.0115334 778.036
16 1316   0.00702705 0.0106989 776.372
16 1317   0.00726352 0.0110261 765.998
16 1318   0.006152 0.0119164 784.692
16 1319   0.00640273 0.0110876 770.286
16 1320   0.00657296 0.0115726 776.956
16 1321   0.00590609 0.0116145 762.588
16 1322   0.00609057 0.0111692 749.855
16 1323   0.00565074 0.0111125 679.017
16 1324   0.00588722 0.0109886 718.451
16 1368   -0.0374406 -0.0214345 843.697
16 1369   -0.0360189 -0.0205128 905.556
16 1370   -0.0351902 -0.0215385 963.301
16 1397   -0.0510348 0.0337472 670.796
16 1432   -0.00645118 -0.0122619 805.39
16 1433   -0.00562315 -0.0113679 721.794
16 1434   -0.00596801 -0.0111872 748.577
16 1435   -0.0065592 -0.0114363 776.55
16 1436   -0.00532755 -0.0115228 747.229
16 1437   -0.00529105 -0.0119445 789.171
16 1438   -0.00521806 -0.0127878 861.771
16 1439   -0.00567569 -0.012512 827.958
16 1440   -0.00470077 -0.0125001 863.563
16 1441   -0.00481828 -0.0120179 807.81
16 1442   -0.00455918 -0.0117511 787.782
16 1443   -0.00455174 -0.0148383 950.147
16 1444   -0.00477049 -0.013882 925.191
16 1445   -0.00200702 -0.0179309 955.095
16 1446   -0.00354294 -0.0184287 968.704
16 1447   -0.00399265 -0.0171496 968.194
16 1448   -0.00134004 -0.0157017 952.161
16 1449   -0.00303135 -0.0165003 968.725
16 1450   -0.00188211 -0.0168032 956.488
16 1451   -0.00355674 -0.0150001 965.867
16 1452   -0.00287274 -0.0156297 969.134
16 1453   -0.00210582 -0.0151678 966.591
16 1454   -0.0022966 -0.0144739 969.343
16 1455   -0.0031729 -0.0144578 965.721
16 1456   -0.00234493 -0.0134701 959.57
16 1457   -0.00196222 -0.0138618 969.261
16 1458   -0.00402154 -0.0136088 935.785
16 1459   -0.00341894 -0.0140228 956.909
16 1460   -0.00292534 -0.0136472 956.67
16 1461   -0.00380089 -0.0131224 930.324
16 1462   -0.00319791 -0.013225 941.565
16 1463   -0.00398448 -0.0127268 918.564
16 1464   -0.00429937 -0.0125327 894.56
16 1465   -0.00343659 -0.0120895 964.964
16 1466   -0.00366753 -0.0125692 934.138
16 1467   -0.00412403 -0.0123164 901.73
16 1468   -0.00382222 -0.0123612 932.794
16 1469   -0.00369093 -0.0121597 953.666
16 1470   -0.0038298 -0.0119899 957.832
16 1471   -0.00434506 -0.0119685 828.344
16 1472   -0.00403707 -0.012032 887.946
16 1473   -0.00420001 -0.0121569 877.819
16 1475   -0.00425601 -0.0118048 803.999
16 1476   -0.00410822 -0.0118823 827.451
16 1484   -0.00688656 0.0147802 890.504
16 1485   -0.00627312 0.0163976 921.279
16 1486   -0.00504623 0.0162991 915.536
16 1487   -0.00451043 0.0149982 887.206
16 1488   -0.00313329 0.0150699 901.604
16 1489   -0.00267512 0.0142411 892.453
16 1490   -0.00254004 0.0128648 816.45
16 1491   -0.00323198 0.0135281 830.77
16 1492   -0.00373465 0.0129286 752.196
16 1494   -0.0027133 0.0123187 752.438
16 1495   -0.00337211 0.0122118 714.594
16 1513   0.00422533 0.012383 869.516
16 1514   0.00384099 0.0124084 903.024
16 1515   0.00408753 0.0119269 806.574
16 1516   0.00431067 0.0120605 817.274
16 1517   0.00388869 0.0120684 906.14
16 1518   0.00353339 0.012126 940.071
16 1519   0.00372749 0.0122275 916.225
16 1522   0.00378342 0.0119525 948.165
16 1523   0.00360577 0.0119813 953.934
16 1543   -0.0386074 -0.0188335 900.276
16 1545   -0.0398256 -0.0168981 968.128
16 1546   -0.0387182 -0.0155645 969.431
16 1553   -0.0334923 0.021029 969.354
16 1554   -0.0356253 0.021029 943.838
16 1559   -0.0386395 0.0165031 968.976
16 1562   -0.0406414 0.0185156 967.169
16 1563   -0.0392092 0.0176713 963.463
16 1564   -0.0380697 0.0186682 934.377
16 1565   -0.0398774 0.0203201 926.999
16 1566   -0.0384453 0.0203091 760.062
16 1591   -0.00906449 -0.0209788 944.248
16 1592   -0.0109204 -0.0209788 969.027
16 1628   0.00667233 0.0106592 807.831
16 1629   0.00643585 0.0107831 793.649
16 1646   -0.0109433 0.0209712 968.387
16 1647   -0.00907558 0.0209712 954.384
16 1654   -0.00628424 0.0135689 841.567
16 1655   -0.00456605 0.0129445 751.198
16 1656   -0.00513499 0.0138855 826.108
16 1657   -0.00630649 0.0117815 785.849
16 1658   -0.00689768 0.012545 834.108
16 1661   -0.00482851 0.0120193 711.754
16 1662   -0.0054197 0.0117095 727.394
16 1673   -0.000229553 -0.0129831 934.585
16 1674   -9.68929e-05 -0.0135004 922.625
16 1675   0.000533625 -0.0135013 890.183
16 1676   0.000831355 -0.0127846 800.271
16 1677   0.000233647 -0.0128713 897.582
16 1678   0.000568281 -0.0130967 873.384
16 1681   0.000332019 -0.012586 847.932
16 1682   0.000661423 -0.0125325 788.092
16 1683   0.000679525 -0.0236733 860.975
16 1684   0.00401047 -0.0279252 703.358
16 1685   0.000661611 -0.0271773 776.858
16 1686   0.00402838 -0.0218662 797.011
16 1687   0.00582557 -0.0240301 737.401
16 1693   -0.04983 -0.0286729 707.65
16 1694   -0.0503022 -0.0337715 671.866
16 1697   -0.0517674 -0.032543 673.841
16 1698   -0.0517674 -0.030086 687.972
16 1722   0.00615 -0.0135889 775.926
16 1723   0.00485588 -0.0136224 749.617
16 1724   0.00437643 -0.012742 720.568
16 1725   0.00626175 -0.0118067 782.874
16 1726   0.00685294 -0.012681 796.233
16 1729   0.00478376 -0.011989 722.879
16 1730   0.00537496 -0.0116792 742.488
16 1742   0.00479317 0.0118432 776.198
16 1743   0.00508164 0.0120407 792.104
16 1744   0.00549225 0.0117186 762.866
16 1745   0.00544026 0.0113971 721.259
16 1747   0.00516123 0.0113998 710.662
16 1748   0.00492475 0.0115237 738.394
16 1759   0.00568489 -0.0323197 674.254
16 1760   0.00568489 -0.0296393 684.714
16 1783   0.00568334 0.0319742 677.832
16 1784   0.00568334 0.0289484 698.447
16 1792   -0.0492249 0.0260078 776.403
16 1793   -0.043481 0.0258133 899.525
16 1794   -0.0459497 0.0245321 884.307
16 1795   -0.0491202 0.0311769 688.613
16 1796   -0.0505854 0.0286713 705.482
16 1797   -0.0461898 0.0324296 701.844
16 1798   -0.0438258 0.0297944 800.678
16 1799   -0.0390401 -0.0336508 856.371
16 1800   -0.0358217 -0.0321764 906.145
16 1801   -0.0380753 -0.0281287 920.223
16 1802   -0.0360644 -0.0293529 920.15
16 1810   -0.0411463 -0.0323015 817.797
16 1811   -0.0399387 -0.029603 892.832
16 1812   -0.0445702 -0.0336508 717.139
16 1813   -0.046768 -0.0324223 697.186
16 1814   -0.0462958 -0.0297806 732.195
16 1815   -0.0440634 -0.0255059 896.904
16 1816   -0.0439908 -0.0283391 838.723
16 1817   -0.0417902 -0.0282822 888.575
16 1818   -0.0405936 -0.0232988 964.171
16 1819   -0.042201 -0.0247071 926.888
16 1820   -0.0415246 -0.026191 915.361
16 1821   -0.0385729 -0.0260896 943.253
16 1822   -0.0396636 -0.0240928 962.684
16 1823   -0.0401708 -0.0254727 939.951
16 1824   -0.0362524 -0.0247512 964.801
16 1825   -0.0376895 -0.0253371 958.537
16 1826   -0.038442 -0.0240823 967.826
16 1827   -0.0362357 -0.0230876 967.293
16 1828   -0.0374192 -0.0229835 959.391
16 1936   -0.00306014 -0.0128058 933.44
16 1937   -0.00258888 -0.0123243 898.515
16 1938   -0.00264377 -0.0126762 914.182
16 1939   -0.00324652 -0.0122675 952.868
16 1940   -0.00334617 -0.0125457 939.833
16 1942   -0.00279151 -0.0121942 931.41
16 1943   -0.00301971 -0.0121572 952.789
16 1956   -0.0511395 0.0177503 914.033
16 1957   -0.0457971 0.0168078 944.15
16 1958   -0.0485181 0.0154682 936.349
16 1959   -0.049779 0.0205007 898.358
16 1960   -0.0470579 0.0197596 918.84
16 2002   -0.0511074 -0.0172529 916.172
16 2003   -0.0483223 -0.0182533 921.999
16 2004   -0.0499363 -0.0144624 935.301
16 2005   -0.0473726 -0.0139248 944.894
16 2006   -0.0457587 -0.015963 946.705
16 2021   0.000561323 0.0157 957.655
16 2022   0.000136522 0.0164735 950.315
16 2023   -0.000841427 0.0158717 940.204
16 2024   -0.000972963 0.0143694 932.238
16 2025   -8.56161e-05 0.0150519 952.776
16 2026   -0.000747636 0.0151445 940.24
16 2027   0.000218062 0.0139308 964.781
16 2028   -9.20796e-05 0.0144709 955.138
16 2029   -0.000529807 0.0140826 944.721
16 2030   5.50298e-05 0.0129777 968.137
16 2031   -1.12361e-05 0.0134898 963.002
16 2032   -0.000428096 0.0135952 948.575
16 2033   -0.000279752 0.0128711 957.339
16 2034   -0.000817586 0.0128703 919.736
16 2035   -0.000564882 0.013189 941.304
16 2037   -0.000367754 0.0125791 944.068
16 2038   -0.000697158 0.0125257 918.472
16 2041   0.00684146 0.0191419 929.104
16 2044   0.00450966 0.0160996 967.323
16 2045   0.00686817 0.016882 962.422
16 2046   0.00620964 0.0180931 946.357
16 2047   0.00494598 0.0177956 950.61
16 2048   0.00689455 0.0133897 887.608
16 2051   0.00686817 0.0157113 969.091
16 2052   0.0057997 0.0140462 937.916
16 2053   0.00577332 0.0152264 967.826
52 1   -0.00471355 0.00102427 891.85
52 2   0.00547875 0.00222218 896.882
52 3   -0.00472769 -0.0012823 898.347
52 4   -0.000602077 0.00102678 905.836
52 5   -0.00233199 0.00458944 902.574
52 6   -0.000687522 -0.00130462 907.143
52 7   -0.0025462 0.00222987 901.049
52 8   -0.00658832 -0.00252189 889.17
52 9   -0.00620815 -0.00481723 910.158
52 10   -0.00264579 -0.0024081 909.101
52 11   0.00715924 0.00101603 870.172
52 12   -0.00434574 -0.00565945 933.236
52 13   -0.00264401 -0.00448991 921.668
52 14   -0.00631978 0.00211502 875.515
52 15   -0.00105464 -0.00575783 930.292
52 16   0.00693492 -0.00118211 868.162
52 17   -0.00814771 0.00130511 865.146
52 18   -0.00819949 -0.00190147 845.561
52 19   0.00833231 -0.00202911 853.808
52 20   0.00968652 0.00359867 783.386
52 21   -0.0039716 -0.00722793 956.411
52 22   -0.00138736 -0.0073623 951.113
52 23   0.00856147 0.00158724 823.899
52 24   0.00850073 -0.00343682 826.969
52 25   -0.00861832 -0.000734768 827.51
52 26   0.00918077 0.00251042 796.023
52 27   -0.00882094 0.000141466 851.367
52 28   -0.00925647 -0.00280411 802.233
52 29   -0.00260259 -0.00766286 960.3
52 30   0.0109774 0.00321954 734.705
52 31   0.00929042 -0.00129435 867.56
52 32   0.00177422 0.00959902 964.093
52 33   0.00932722 0.000585367 790.932
52 34   0.00948691 -0.000256879 828.244
52 35   -0.00260349 -0.0087272 968.88
52 36   -0.00336335 -0.0091172 969.417
52 37   -0.0101263 -0.00210095 746.258
52 38   -0.010091 0.000270346 788.035
52 39   -0.00202496 -0.00922283 969.058
52 40   0.0101266 0.00183809 736.247
52 41   -0.0013759 -0.00918103 969.297
52 42   -0.0101797 -0.00141499 736.299
52 43   -0.00972874 -0.000951448 767.9
52 44   0.0100367 0.00112064 739.241
52 45   -0.0102228 -0.000347026 747.068
52 46   0.0102523 -0.000262863 773.466
52 47   -0.00259965 -0.0102493 952.657
52 48   -0.00073492 -0.0101736 935.193
52 49   -0.00213066 -0.00995136 955.61
52 50   -0.00117925 -0.00989188 953.32
52 51   -0.0108007 -0.00052608 708.078
52 52   -0.000249371 -0.0099886 941.194
52 53   0.0107223 0.00191593 712.607
52 54   -0.00163945 -0.0102879 929.548
52 55   0.0105809 0.000287917 721.829
52 56   0.0110673 0.00220913 710.379
52 57   -0.0108073 -0.00114981 704.841
52 58   0.010525 0.000829176 714.769
52 59   0.00270226 0.0113557 919.054
52 60   -0.00257334 -0.0108037 932.108
52 61   -0.00161551 -0.010777 874.567
52 62   -0.00297889 -0.011057 958.659
52 63   0.00183698 0.0108922 862.784
52 64   0.0110243 0.000269676 702.45
52 65   0.00146327 0.0109819 832.708
52 66   0.0109477 0.00108759 698.216
52 67   -0.0111915 -0.000396001 696.265
52 68   -0.00222085 -0.0110674 873.243
52 69   0.0110551 0.00145689 698.238
52 70   -0.00077959 -0.0107142 888.221
52 71   -0.0111881 -0.00129452 694.364
52 72   -0.0033697 -0.0110622 968.563
52 73   -0.00189 -0.0110576 838.571
52 74   -0.00130971 -0.0110238 829.634
52 75   -0.00106249 -0.010978 845.476
52 76   0.011254 0.000885786 688.342
52 77   0.0112747 0.000609132 689.33
52 78   -0.00286354 -0.0113746 950.168
52 79   -0.00229699 -0.0114274 832.719
52 80   0.00226717 0.011497 813.424
52 81   0.00195936 0.0112623 806.554
52 82   0.0115364 0.00197887 699.551
52 83   0.00208431 0.0114513 777.082
52 84   -0.0115208 -0.000703106 682.381
52 85   -0.0114751 -0.0010633 683.782
52 86   0.00149161 0.0113582 763.582
52 87   -0.00253412 -0.0114813 883.101
52 88   -0.0115833 -0.000880137 679.319
52 89   -0.00175283 -0.0113744 764.328
52 90   -0.00138854 -0.0113651 766.12
52 91   0.0115042 0.00100838 681.466
52 92   -0.00210973 -0.0116199 755.688
52 93   -0.00155718 -0.0114351 736.587
52 94   0.00172731 0.011413 748.451
52 95   0.0115126 0.000586645 682.954
52 96   -0.00193965 -0.0116303 650.129
52 97   -0.00182719 -0.0115545 685.908
52 98   0.0014157 0.011504 712.932
52 99   0.0116664 0.00091392 676.312
52 100   0.00193886 0.0116735 608.921
52 101   0.0116574 0.000721614 677.441
52 102   0.00173561 0.0115813 637.52
52 103   0.0117077 0.000818772 675.167
52 104   -0.00155448 -0.0116173 610.203
52 105   -0.0117985 -0.000897975 673.123
52 106   0.00182221 0.0116528 550.526
52 107   0.00156196 0.0116404 561.695
52 108   0.00164617 0.0116629 507.917
52 109   -0.00188675 -0.0117782 413.548
52 110   -0.00171956 -0.0116657 514.378
52 111   -0.0016425 -0.0116678 513.319
52 112   0.00194593 0.0117764 476.098
52 113   0.0118378 0.000834193 671.556
52 114   0.00178277 0.0117494 362.642
52 115   -0.0118731 -0.000848903 670.769
52 116   0.00185168 0.011807 266.626
52 117   -0.00163666 -0.0117496 356.392
52 118   0.00180516 0.0118008 222.528
52 119   -0.00172882 -0.0118724 2.52468
52 120   -0.0119641 -0.000896435 669.989
52 401   0.00416977 0.00947463 965.552
52 462   -0.00811064 0.00449026 814.602
52 487   0.00900177 0.00467776 841.722
52 488   0.00971256 0.00570599 839.043
52 497   0.00404733 -0.00569194 887.215
52 498   0.00797865 -0.00449338 817.036
52 500   0.00104386 0.0108074 868.827
52 594   -0.00180179 -0.0117783 310.145
52 595   -0.00174705 -0.0117416 378.935
52 596   -0.00169799 -0.0117698 288.665
52 597   -0.00170125 -0.0118044 155.961
52 599   -0.0017963 -0.0118247 138.313
52 600   -0.0108173 -0.00381372 750.17
52 603   -0.0106339 -0.00246884 730.593
52 604   -0.0112285 -0.00301139 730.679
52 605   -0.0107752 -0.00312979 741.432
52 606   -0.0115029 -0.00214473 705.515
52 607   -0.011204 -0.00249514 717.773
52 608   -0.0109704 -0.00220575 715.17
52 609   -0.0115327 -0.00158281 692.245
52 610   -0.011435 -0.00186096 699.685
52 611   -0.0112269 -0.00158463 697.658
52 612   -0.0111291 -0.00186278 704.782
52 613   -0.0116915 -0.00150085 688.224
52 617   -0.011627 -0.00120564 682.082
52 618   -0.0117927 -0.00134312 682.953
52 619   -0.0116643 -0.00136052 685.044
52 620   -0.011868 -0.00113702 676.518
52 621   -0.0117832 -0.00122842 679.999
52 622   -0.0117274 -0.00114806 678.899
52 623   -0.011801 -0.000982212 673.805
52 624   -0.0118503 -0.00105549 674.424
52 625   -0.0117739 -0.00105783 675.956
52 626   -0.0118881 -0.000996416 672.316
52 627   -0.0118666 -0.000963326 671.879
52 628   0.00166768 0.011782 250.714
52 629   0.00168297 0.0117402 368.787
52 630   0.00173297 0.0117552 324.886
52 631   0.00170496 0.011801 164.835
52 632   0.00173039 0.0117931 214.467
52 634   0.00170618 0.0118302 60.2213
52 636   0.00574855 -0.0071505 845.716
52 637   0.00467711 -0.00698746 873.935
52 669   -0.0014458 0.00930678 910.477
52 702   0.00500119 0.00954382 945.364
52 703   0.00583959 0.00942285 914.054
52 704   0.00619537 0.00981884 839.604
52 705   0.00592837 0.0100225 814.34
52 706   0.00455097 0.0104695 946.503
52 707   0.00487101 0.0100512 923.337
52 708   0.00480666 0.0107132 925.491
52 742   0.00294806 0.010949 953.733
52 743   0.00345621 0.0100082 965.881
52 744   0.00254073 0.0101175 954.318
52 745   0.00232354 0.0106369 924.351
52 746   0.00345767 0.0108248 969.066
52 747   0.00418654 0.0105879 966.314
52 748   0.00374863 0.0104034 966.734
52 749   0.00371336 0.0110685 966.835
52 750   0.00407779 0.01095 968.709
52 872   -0.00474238 -0.0078955 964.652
52 873   -0.00413323 -0.00872043 969.337
52 1041   -0.0119309 -0.000976522 671.183
52 1044   0.0113788 0.00151087 691.876
52 1045   0.0115151 0.00173964 694.496
52 1046   0.0117145 0.00158952 688.802
52 1047   0.0116809 0.00140003 684.492
52 1048   0.0115432 0.00117834 682.452
52 1049   0.0115001 0.00134998 686.461
52 1053   0.0118379 0.00125735 679.356
52 1054   0.0117476 0.00129525 681.23
52 1055   0.011691 0.00119867 679.816
52 1056   0.011873 0.0011171 675.294
52 1057   0.0118157 0.00118472 677.658
52 1058   0.0117469 0.00113681 677.483
52 1059   0.0118404 0.0010572 674.129
52 1060   0.0117631 0.000986068 674.331
52 1061   0.0117595 0.00105795 675.6
52 1062   0.0118622 0.00100636 672.601
52 1063   0.0118193 0.000959183 672.551
52 1064   0.0118536 0.000884484 670.927
52 1065   0.0118783 0.000932451 670.659
52 1066   0.0118402 0.000926311 671.574
52 1067   0.0118913 0.000907997 669.993
52 1068   0.011909 0.000868103 669.402
52 1069   0.0118848 0.00088107 670.065
52 1070   0.0119181 0.00088701 669.091
52 1071   0.0119129 0.000903048 669.347
52 1072   0.011936 0.000885971 668.573
52 1075   -0.00176295 -0.011821 108.778
52 1076   -0.00171441 -0.0118352 45.4967
52 1077   -0.00173014 -0.0118129 118.513
52 1078   -0.00176386 -0.0118481 29.9589
52 1079   0.00176966 0.0118314 81.1328
52 1080   0.00174469 0.011818 106.93
52 1081   0.00173466 0.011832 60.4662
52 1082   0.00172158 0.0118363 43.9963
52 1083   0.00172217 0.0118526 11.2685
52 1090   0.0119126 0.000994883 671.58
52 1091   0.0119078 0.000953847 670.521
52 1094   -0.011907 -0.000896516 669.614
52 1095   -0.011898 -0.000926703 670.3
52 1096   -0.0119184 -0.000932706 669.974
52 1097   -0.0119298 -0.000949434 670.316
52 1099   0.00177229 0.011852 32.6111
52 1103   -0.00896178 0.00228177 859.981
52 1104   -0.00863272 0.0034337 830.974
52 1174   -0.00733132 -0.00591378 911.763
52 1175   -0.00735632 -0.0087195 967.436
52 1176   -0.00689382 -0.00729142 942.079
52 1177   -0.0078915 -0.00831158 943.026
52 1178   -0.00786053 -0.00764811 926.94
52 1179   -0.00475827 -0.00914382 964.88
52 1180   -0.00516155 -0.0103497 863.885
52 1181   -0.00465605 -0.0100021 944.096
52 1182   -0.00544015 -0.0088553 965.941
52 1183   -0.00672993 -0.00869526 966.096
52 1184   -0.00564426 -0.0080628 966.549
52 1185   -0.00629839 -0.00793066 962.811
52 1186   -0.00586306 -0.00919532 945.182
52 1187   -0.0064987 -0.00916743 936.997
52 1189   -0.00672371 -0.0094976 878.774
52 1190   -0.00645613 -0.00970156 851.82
52 1273   -0.00554827 -0.00995948 853.299
52 1274   -0.0061383 -0.00971551 862.761
52 1275   -0.00577025 -0.00953944 909.024
52 1277   -0.00605012 -0.0100336 811.941
52 1278   -0.00578253 -0.0102375 770.009
52 1302   -0.00998 -0.00548882 815.343
52 1303   -0.00894225 -0.00615397 886.037
52 1304   -0.008393 -0.00526229 885.355
52 1305   -0.0100808 -0.00430177 778.252
52 1306   -0.009162 -0.00397242 826.945
52 1308   -0.00866248 -0.00744331 908.71
52 1309   -0.00903208 -0.00688098 898.402
52 1334   0.00528672 0.0100858 871.345
52 1335   0.00561681 0.010427 728.98
52 1336   0.00563918 0.0100762 822.496
52 1337   0.00575031 0.0103251 764.882
52 1338   0.00506161 0.0105486 864.424
52 1339   0.00522164 0.0103395 846.19
52 1340   0.00544059 0.0104318 778.331
52 1342   0.00537167 0.0106113 762.133
52 1343   0.00518946 0.0106705 827.112
52 1346   -0.00567154 0.00714665 848.133
52 1347   -0.00378971 0.00540763 891.037
52 1348   -0.00653345 0.00634291 848.97
52 1349   -0.00675148 0.00496142 854.296
52 1350   -0.00561016 0.00413881 875.769
52 1351   -0.00425349 0.00838822 869.889
52 1352   -0.0035201 0.00681608 889.147
52 1353   -0.00461815 0.00725189 872.461
52 1354   -0.00186109 0.00872256 902.598
52 1355   -0.00185345 0.00783965 906.911
52 1356   -0.00269168 0.00755412 895.771
52 1357   -0.00328536 0.00831308 867.875
52 1359   -0.00303699 0.00891611 845.506
52 1360   -0.00245095 0.00904006 874.76
52 1421   -0.00356791 -0.0107424 969.177
52 1422   -0.0042006 -0.0103065 962.163
52 1423   -0.00320341 -0.0101827 965.365
52 1424   -0.00353295 -0.00984501 966.505
52 1425   -0.00394822 -0.0108995 968.165
52 1426   -0.00425137 -0.0108013 969.133
52 1570   0.00300702 -0.000889116 899.873
52 1571   0.000994487 -0.0020372 905.902
52 1572   0.00556231 -0.00187275 882.436
52 1573   0.00399982 -0.00158024 894.659
52 1574   0.00338344 -0.00299203 896.469
52 1575   0.00538356 -0.00317468 880.594
52 1576   0.00442226 -0.00477276 885.866
52 1577   0.00416338 -0.00358068 890.755
52 1578   0.00702305 -0.0045223 849.454
52 1579   0.005969 -0.00392067 870.903
52 1580   0.00531589 -0.00481285 875.86
52 1581   0.00614815 -0.00634396 845.775
52 1582   0.00590763 -0.00541169 864.164
52 1583   0.00683225 -0.00541727 850.637
52 1586   0.00725153 -0.00610925 848.045
52 1587   0.00689399 -0.00658985 848.26
52 1595   -0.000414909 -0.00813204 953.969
52 1596   -0.000735786 -0.00883093 966.731
52 1597   0.000441149 -0.00559429 916.892
52 1598   0.00295351 -0.00569295 897.61
52 1599   0.0025485 -0.00418511 901.06
52 1600   0.00115234 -0.0039214 907.717
52 1601   0.00245812 -0.0065848 901.334
52 1602   0.00134191 -0.00674985 913.148
52 1603   0.00289734 -0.00901297 851.256
52 1604   0.00279987 -0.00735287 895.3
52 1605   0.00392504 -0.00775653 877.48
52 1606   0.00398775 -0.00856586 864.125
52 1607   0.00215439 -0.00873217 895.205
52 1608   0.00211963 -0.00788141 902.374
52 1609   0.000696431 -0.00812915 932.642
52 1610   0.00125112 -0.00760053 916.583
52 1611   0.00106433 -0.008726 926.347
52 1612   0.00165379 -0.00904814 905.679
52 1613   0.00151768 -0.00951487 906.686
52 1614   0.00107644 -0.00938479 927.89
52 1615   0.000780006 -0.00900067 939.869
52 1616   9.12255e-05 -0.0091027 962.671
52 1617   9.4639e-05 -0.0095488 963.572
52 1620   0.000861873 -0.00964914 939.329
52 1621   0.000568853 -0.00971112 957.837
52 1666   0.00087198 0.0102825 926.542
52 1667   0.00101145 0.00968314 960.738
52 1669   0.000154625 0.0100345 936.988
52 1670   0.000396241 0.0102598 928.099
52 1699   0.00585496 0.00401685 904.604
52 1700   0.00747001 0.00481298 896.737
52 1701   0.00602885 0.00622263 930.654
52 1702   0.00710354 0.00581264 911.295
52 1703   0.00754307 0.00650481 915.139
52 1704   0.0069585 0.00725954 941.012
52 1705   0.00606705 0.00716969 949.562
52 1706   0.00561849 0.00797433 965.428
52 1707   0.00619654 0.00886813 957.221
52 1708   0.00681931 0.00906047 936.45
52 1709   0.00715549 0.00793107 955.099
52 1710   0.00697559 0.0086332 968.349
52 1711   0.00746403 0.00887679 967.221
52 1712   0.00811159 0.00784355 921.96
52 1713   0.00760037 0.00792541 945.364
52 1714   0.00768748 0.0084239 956.959
52 1716   0.0080652 0.00844387 943.197
52 1717   0.0083322 0.00824021 919.733
52 1848   0.00842962 0.00746117 910.939
52 1849   0.00898192 0.00640023 890.937
52 1850   0.00825876 0.00666651 906.62
52 1852   0.00896825 0.00747545 906.515
52 1853   0.00933731 0.00691435 894.71
52 1881   0.00108009 0.00159554 907.494
52 1882   0.0036921 0.00161789 903.592
52 1883   0.00300718 0.000412223 901.997
52 1884   0.0011095 0.00279741 910.365
52 1885   0.00242052 0.00280499 910.742
52 1886   -0.000662524 0.00513274 913.19
52 1887   0.000492374 0.00394098 913.991
52 1888   -0.0011224 0.00742951 918.374
52 1889   -0.000560771 0.00627883 918.77
52 1890   0.000641506 0.00617989 931.843
52 1891   0.00468096 0.00461845 917.184
52 1892   0.00522133 0.00582456 930.357
52 1893   0.00303317 0.00401088 917.316
52 1894   0.00212096 0.00564444 933.069
52 1895   0.00207359 0.00455161 921.259
52 1896   0.00304666 0.00625128 942.583
52 1897   0.00419517 0.00636835 944.356
52 1898   0.00385587 0.00840132 967.732
52 1899   0.00455413 0.00757105 961.694
52 1900   0.00202667 0.00883154 968.883
52 1901   0.00239347 0.00721094 954.419
52 1902   0.00284371 0.00815828 965.465
52 1903   0.000871559 0.0070941 944.412
52 1904   0.00169782 0.0075183 955.781
52 1905   0.00145504 0.00825011 963.664
52 1906   -0.000342086 0.00772121 935.804
52 1907   0.00080795 0.00816707 959.151
52 1908   0.000449597 0.00748474 945.552
52 1909   0.000351412 0.00846826 958.871
52 1910   -0.000318879 0.00833883 944.526
52 1911   0.000460852 0.00910908 968.386
52 1912   7.97615e-05 0.00948309 963.271
52 1913   -0.000813813 0.00899202 937.32
52 1914   -0.000524612 0.00949545 957.56
52 1961   -0.00173031 -0.0118408 30.7064
52 1962   -0.00174695 -0.0118455 23.0777
52 1964   -0.00172929 -0.0118583 6.74139
52 1965   -0.00172245 -0.0118519 10.3274
52 2064   -0.0119475 -0.000937892 669.776
52 2076   0.011941 0.000945915 669.852
52 2079   0.0119279 0.000910409 669.061
52 2080   0.0119386 0.000925397 669.256
52 2081   0.0119547 0.000921009 668.957
52 2082   0.011951 0.000907647 668.489
52 2083   0.0119404 0.000895615 668.478
52 2084   0.0119374 0.000904015 668.693
52 2085   0.0119641 0.000903213 668.271
52 2086   0.0119517 0.000895762 668.15
52 2087   0.0119568 0.000901969 668.2
52 2088   -0.00173608 -0.01187 3.09118
52 2091   -0.00174764 -0.0118598 8.16367
52 2092   -0.00173784 -0.0118614 5.59737
52 2093   0.00174213 0.0118458 25.5611
52 2094   0.0017513 0.0118641 7.11731
52 2095   0.0017548 0.0118523 18.3155
52 2096   0.00173005 0.0118555 9.28485
52 2097   0.00173694 0.011853 11.877
52 2098   0.00173998 0.0118626 6.35903
52 2099   0.00173629 0.0118726 3.06143
52 2102   0.0017353 0.0118672 4.38061
52 2103   0.00173016 0.0118639 5.63946
52 2114   -0.011929 -0.000892974 668.92
52 2115   -0.0119436 -0.000890613 668.366
52 2116   -0.0119296 -0.000912618 669.205
52 2117   -0.0119466 -0.000924257 669.297
52 2118   -0.0119402 -0.000915711 669.045
52 2119   -0.0119491 -0.000904985 668.461
52 2120   -0.011957 -0.000913897 668.948
52 2121   -0.0119578 -0.00090417 669.003
end
