1285
52 201   -0.00268599 -0.00235676 955.033
52 202   -0.000773795 -0.00109288 955.615
52 203   0.00108349 0.00223141 957.307
52 204   0.00464401 -0.0018807 938.933
52 205   0.004439 -0.00402499 944.54
52 206   0.00283866 -0.000891107 949.837
52 207   0.00287226 0.00125259 951.687
52 208   0.00107508 -0.00207552 956.093
52 209   0.0048072 0.00449833 954.669
52 210   0.00458481 0.00234243 947.232
52 211   0.00110802 -0.00409383 961.514
52 212   -0.000450233 -0.00534495 966.571
52 213   0.00266659 -0.00505371 961.282
52 214   0.00615498 0.00155412 935.405
52 215   -0.00572105 -0.00536747 953.691
52 216   0.00644433 0.00506715 944.01
52 217   0.00247876 -0.00682205 968.935
52 218   -8.19218e-05 -0.00695385 969.547
52 219   -0.00647336 -0.00409117 940.968
52 220   0.00709359 0.00613417 940.642
52 221   0.0012885 -0.00747107 968.029
52 222   0.00752415 0.00398552 928.432
52 223   -0.00784076 -0.00449987 922.914
52 224   0.000334857 -0.00912623 957.949
52 225   0.00127306 -0.00865455 954.276
52 226   -0.00798372 -0.00547675 918.543
52 227   0.00855469 0.00444997 910.128
52 228   -0.00887143 -0.00341392 933.604
52 229   0.000437017 -0.00999344 951.481
52 230   0.00840518 0.00576528 908.78
52 231   -0.00859414 -0.00412013 914.606
52 232   0.00942669 0.00346727 923.744
52 233   0.00933155 0.00410458 898.894
52 234   0.00908642 0.00623714 888.316
52 235   0.00184661 -0.00918874 930.478
52 236   0.00878647 0.00516271 899.041
52 237   -0.00874261 -0.00569156 900.859
52 238   -0.00910858 -0.00622918 887.851
52 239   0.0012133 -0.0102787 933.687
52 240   0.00128649 -0.011023 945.922
52 241   0.00243565 -0.00921111 908.63
52 242   0.00168469 -0.00994571 915.963
52 243   -0.00931036 -0.00454916 890.252
52 244   -0.00966446 -0.00358925 915.374
52 245   0.00971975 0.00595461 816.148
52 246   0.00217136 -0.0102214 884.035
52 247   0.002974 -0.0101131 845.334
52 248   0.00173278 -0.011239 920.985
52 249   -0.00976421 -0.00422159 883.449
52 250   0.00985735 0.00455275 841.312
52 251   -0.00172147 0.0110423 913.665
52 252   -0.00942383 -0.00498381 867.772
52 253   0.00254402 -0.00988406 876.239
52 254   -0.00969748 -0.00600965 823.45
52 255   -0.00922482 -0.00533162 879.247
52 256   0.0094424 0.00520909 856.086
52 257   0.00225136 -0.0106287 865.526
52 258   -0.00129425 0.0115726 965.419
52 259   -0.0100595 -0.00603379 763.221
52 260   0.00969444 0.00552912 807.768
52 261   -0.00161409 0.0114198 939.476
52 262   0.00207739 -0.0109566 871.928
52 263   0.00973643 0.00494451 820.253
52 264   0.0102543 0.00456265 792.53
52 265   -0.00212719 0.0110503 864.357
52 266   -0.00237423 0.0109279 835.507
52 267   -0.00961751 -0.00558607 827.017
52 268   -0.00987274 -0.0050932 795.199
52 269   0.00260063 -0.0107308 828.934
52 270   -0.0102312 -0.00461276 799.437
52 271   -0.0101072 -0.00434691 848.595
52 272   0.00234347 -0.0112041 826.583
52 273   0.00178244 -0.0116101 938.532
52 274   -0.00988839 -0.00542152 776.787
52 275   0.0100629 0.00608121 768.083
52 276   0.0100414 0.00540151 743.771
52 277   0.00259641 -0.0110622 800.281
52 278   -0.0019483 0.0115904 914.329
52 279   0.0100513 0.00512067 754.097
52 280   0.00232655 -0.0114636 823.606
52 281   -0.0101098 -0.00500896 759.809
52 282   -0.0102387 -0.00483784 764.49
52 283   0.00211013 -0.0115872 885.676
52 284   0.0102637 0.00580431 721.16
52 285   0.0102618 0.00547871 710.007
52 286   -0.0101186 -0.00550416 731.405
52 287   -0.00260849 0.0111777 785.26
52 288   -0.0102098 -0.00569286 721.245
52 289   -0.00223066 0.0113463 845.141
52 290   0.0103371 0.00488887 738.011
52 291   -0.0103181 -0.00520291 714.134
52 292   0.010255 0.00505512 727.908
52 293   -0.0103113 -0.00536979 707.23
52 294   -0.00215914 0.0115089 866.401
52 295   0.00275237 -0.0111802 766.062
52 296   0.0103402 0.00561951 705.105
52 297   -0.010486 -0.00494979 727.186
52 298   -0.0104263 -0.00564123 698.28
52 299   -0.0104936 -0.0051316 705.505
52 300   0.0029113 -0.0111278 759.126
52 301   -0.00255821 0.0113582 769.664
52 302   0.00248601 -0.0115763 782.618
52 303   -0.0104717 -0.00546322 691.42
52 304   -0.00242742 0.0114043 798.949
52 305   -0.00233673 0.0116264 832.81
52 306   0.0105185 0.0049591 715.685
52 307   0.00261324 -0.0115285 710.424
52 308   0.00274532 -0.0113583 722.497
52 309   -0.00246477 0.0115592 783.867
52 310   0.00295107 -0.011298 701.079
52 311   -0.00267413 0.0114721 692.648
52 312   0.00269966 -0.011452 686.525
52 313   0.0105158 0.00556907 689.831
52 314   0.00286829 -0.011383 664.916
52 315   0.00266115 -0.0116337 595.395
52 316   0.00288147 -0.0114747 544.647
52 317   0.0105716 0.00549212 683.478
52 318   0.00277878 -0.0115197 546.607
52 319   0.00274231 -0.0116105 423.184
52 320   0.00283763 -0.0115176 486.607
52 321   0.00277353 -0.011573 446.655
52 322   0.0106764 0.00535951 674.309
52 323   0.0106573 0.00541882 675.554
52 324   0.0106778 0.00539056 673.709
52 325   0.0107571 0.00531297 789.669
52 326   -0.00284454 0.0116555 2.59371
52 383   -4.36868e-05 -0.0103845 957.328
52 384   -0.000737947 -0.0103914 956.27
52 385   0.000124514 -0.0110868 965.509
52 387   0.000445966 -0.0114563 968.201
52 388   0.000910864 -0.0114238 967.686
52 407   -0.00828008 0.000840133 905.664
52 408   -0.00793312 0.00332303 901.258
52 409   -0.00794851 0.00455391 900.666
52 437   0.00906212 0.00687048 902.434
52 438   0.0057423 -0.00468881 930.877
52 503   -0.0106399 -0.00542363 677.362
52 504   -0.0105804 -0.00538994 683.155
52 505   -0.0105955 -0.0052252 692.337
52 506   -0.0106638 -0.0052062 692.015
52 507   -0.0106754 -0.00534586 677.003
52 508   -0.0106842 -0.00529317 682.581
52 509   -0.0107189 -0.00528345 683.999
52 510   0.00276339 -0.0116479 261.123
52 512   -0.00256006 0.0115899 740.99
52 513   -0.00259426 0.0116457 708.124
52 514   -0.00263863 0.011549 676.088
52 515   -0.00268543 0.0115861 585.903
52 516   -0.00266023 0.0116233 600.659
52 517   -0.00277259 0.011591 393.87
52 518   -0.00273275 0.0115941 483.31
52 519   -0.00279124 0.011616 266.303
52 520   -0.00277405 0.0116353 248.057
52 522   0.0103585 0.00519166 706.749
52 523   0.0103752 0.00533441 700.135
52 524   0.010515 0.00508826 703.089
52 525   0.0104822 0.00522706 695.393
52 526   0.0104371 0.00515457 702.777
52 527   0.0105429 0.0051922 693.646
52 528   0.0106356 0.00512992 695.173
52 529   0.0105702 0.00512631 697.652
52 530   0.0105869 0.00521212 689.834
52 531   0.0106297 0.00517948 690.846
52 532   0.0104621 0.00536869 691.942
52 533   0.0104905 0.00529844 691.425
52 534   0.0105457 0.00543296 684.405
52 535   0.0105997 0.00540348 680.053
52 536   0.0106356 0.00534346 678.217
52 537   0.0105794 0.00535917 682.161
52 538   0.0105539 0.0053184 685.586
52 539   0.0106418 0.00530424 679.929
52 540   0.0106084 0.00524812 685.974
52 541   0.0105998 0.00528482 683.94
52 546   0.0106701 0.00519791 688.244
52 547   0.010659 0.0052321 685.269
52 548   0.010674 0.00528493 679.79
52 549   0.0107092 0.00524855 682.967
52 550   0.0106826 0.00524949 683.067
52 551   0.0106924 0.00529339 678.324
52 552   0.0107088 0.00527458 680.26
52 553   0.0107048 0.00533687 673.292
52 554   0.0107014 0.00531044 676.158
52 566   0.0028602 -0.0115617 362.156
52 568   0.0028139 -0.011585 337.327
52 569   0.00285556 -0.0115972 201.007
52 570   0.00284174 -0.0115757 327.987
52 571   0.00283876 -0.011608 173.801
52 572   0.0028167 -0.0116049 253.452
52 573   0.00280499 -0.0116222 203.094
52 574   0.00278981 -0.0116384 176.481
52 575   0.00283646 -0.0116247 86.0876
52 576   0.00281784 -0.0116312 102.911
52 577   0.00675784 0.0069887 955.292
52 578   0.00576131 0.00774559 968.506
52 579   -0.00737547 -0.00647012 940.306
52 580   -0.00648019 -0.00676954 957.541
52 581   -0.00192657 -0.00510226 965.093
52 582   -0.00286415 -0.00407878 959.874
52 583   -0.00446571 -0.00541139 961.064
52 584   -0.00279645 -0.00772032 969.493
52 585   -0.00292139 -0.00635557 967.801
52 586   -0.00413488 -0.00651417 966.975
52 587   -0.00357512 -0.00822613 969.099
52 588   -0.00444475 -0.00753172 969.342
52 589   -0.00504113 -0.0081956 968.62
52 590   -0.00571238 -0.00825068 968.359
52 591   -0.00620598 -0.00788608 968.71
52 592   -0.00666933 -0.0084027 969.328
52 593   -0.00719212 -0.00913786 946.661
52 594   -0.00691593 -0.00932886 907.803
52 607   -0.00453716 -0.00914478 957.371
52 608   -0.00367789 -0.00925461 964.236
52 609   -0.00489765 -0.00969185 929.593
52 610   -0.00554967 -0.0102795 825.607
52 613   0.00115697 0.00805818 968.904
52 614   0.000300158 0.00918284 961.717
52 615   0.00173838 0.00976327 962.473
52 616   0.00121993 0.00898252 965.884
52 617   0.000461252 0.0098402 958.353
52 618   0.00117595 0.010087 958.358
52 619   0.00115396 0.0106392 951.503
52 620   0.00143043 0.0110227 938.97
52 621   0.00183107 0.0112191 931.785
52 622   0.00178826 0.0116217 891.925
52 625   -0.000368224 -0.0112964 958.996
52 626   -0.000804357 -0.0109141 950.636
52 627   -0.00046933 -0.0116953 956.183
52 631   -0.000560057 0.010638 956.218
52 632   7.19083e-05 0.0103174 955.954
52 633   0.000280318 0.0112698 961.809
52 634   0.000505398 0.010726 954.839
52 635   -0.000923493 0.0114344 968.209
52 636   -0.000637112 0.0111258 965.077
52 637   -0.000230227 0.011349 968.702
52 638   -0.00034035 0.0116701 967.743
52 639   -0.000692867 0.0116451 968.872
52 644   0.000535132 0.0116167 952
52 646   0.00375236 0.00561906 964.128
52 647   0.00209494 0.00754061 969.505
52 648   0.00319044 0.00790858 969.432
52 649   0.00485419 0.00777693 969.361
52 650   0.00414662 0.00707376 968.566
52 651   0.003437 0.00868578 967.948
52 652   0.00435904 0.00853774 966.857
52 653   0.00446525 0.00926974 954.447
52 654   0.00232211 0.0100648 963.087
52 655   0.00223647 0.0108701 956.342
52 656   0.00268042 0.0111395 965.048
52 657   0.00394016 0.00971308 957.173
52 658   0.0032657 0.00948071 964.648
52 659   0.00292413 0.00991297 965.342
52 660   0.00409806 0.0102171 952
52 662   0.00464019 0.0108114 893.311
52 663   0.00431568 0.0109002 962.159
52 666   -0.00905102 -0.00683072 901.998
52 682   -0.00328489 -0.00994539 965.053
52 683   -0.0019736 -0.00813547 969.154
52 684   -0.000873368 -0.00771735 969.292
52 685   -0.000441153 -0.00870625 965.603
52 686   -0.00120518 -0.0100068 959.716
52 687   -0.00115335 -0.00919231 964.907
52 688   -0.00192941 -0.00905642 966.839
52 689   -0.00174809 -0.0102707 958.983
52 690   -0.00276972 -0.0107775 967.614
52 691   -0.0024877 -0.0112099 961.02
52 692   -0.00268607 -0.0100904 965.174
52 693   -0.00225622 -0.00981473 964.176
52 694   -0.00176195 -0.0108187 950.706
52 695   -0.00202988 -0.0111387 944.739
52 697   -0.00186092 -0.0115593 905.879
52 699   -0.00458688 -0.0101838 922.004
52 700   0.00341917 -0.00738008 967.955
52 701   0.00474604 -0.00815949 967.178
52 716   -0.00279098 0.0116518 99.4352
52 719   0.00308396 0.0108401 969.073
52 720   0.00324203 0.0104189 967.463
52 721   0.00336565 0.0111539 967.605
52 759   -0.00591424 -0.00895395 951.72
52 760   -0.00575173 -0.00987432 868.987
52 761   -0.00560347 -0.00944594 919.721
52 762   -0.00656561 -0.00930567 917.128
52 763   -0.00638796 -0.00888599 955.929
52 764   -0.00637824 -0.00970651 869.265
52 765   -0.00610205 -0.00989751 854.098
52 783   -0.000898553 0.00860245 958.376
52 784   -0.000517227 0.0092409 953.854
52 785   -0.00154329 0.0104674 918.882
52 786   -0.000988098 0.0102189 941.571
52 787   -0.0020768 0.00964257 905.942
52 788   -0.00190817 0.0100622 902.644
52 789   -0.00240393 0.0106746 846.553
52 790   -0.00256597 0.0102468 858.231
52 791   -0.00225629 0.0103464 872.913
52 792   -0.00275247 0.0104659 835.745
52 793   -0.00267474 0.0106839 825.694
52 794   -0.00298726 0.0108309 792.566
52 795   -0.00283032 0.010845 800.085
52 796   -0.0027624 0.0111528 768.307
52 797   -0.00283856 0.0110143 781.035
52 798   -0.00290256 0.0112677 720.81
52 799   -0.00281066 0.0112787 732.531
52 800   -0.0027531 0.0114541 650.914
52 801   -0.00279224 0.011381 694.427
52 802   -0.00283524 0.0115036 513.756
52 803   -0.00278331 0.0115111 555.233
52 804   -0.00284765 0.0115433 420.568
52 805   -0.00284012 0.0115937 240.243
52 806   -0.00279955 0.0115768 381.051
52 807   -0.00279572 0.0115508 462.986
52 809   -0.00285913 0.011583 260.533
52 810   -0.0028705 0.0115586 355.783
52 889   -0.0107051 -0.0053627 673.233
52 892   -0.0107198 -0.00530826 680.528
52 893   -0.0107149 -0.00533483 675.394
52 894   -0.0107376 -0.00530318 683.211
52 964   0.0107232 0.00534454 671.172
52 973   0.00284427 -0.0116331 36.2456
52 984   -0.00281671 0.0116221 140.97
52 985   -0.00283863 0.011614 125.179
52 986   -0.00284856 0.0116227 65.7708
52 987   -0.00283081 0.0116418 17.9226
52 988   -0.00280716 0.0116458 63.8018
52 989   -0.0028157 0.0116354 81.0797
52 993   0.0107259 0.00528222 679.754
52 997   0.00279507 -0.0116556 83.8911
52 998   0.00282331 -0.0116536 12.6334
52 999   0.00281207 -0.0116468 61.3437
52 1007   0.00626344 0.00839285 968.418
52 1008   0.00733597 0.00831378 963.733
52 1009   0.00757849 0.00880911 967.653
52 1011   0.0064889 0.00923157 922.866
52 1012   0.0059697 0.00892771 953.273
52 1013   0.00716349 0.00909631 948.634
52 1014   0.00688683 0.00928777 909.31
52 1062   -0.00534253 -0.0104228 812.907
52 1063   -0.0050216 -0.0103909 854.748
52 1064   -0.00495763 -0.0107006 798.967
52 1066   -0.0046457 -0.0108149 907.014
52 1067   -0.00480762 -0.0107705 841.94
52 1069   -0.000754494 -0.0117153 909.812
52 1070   -0.0014532 -0.0110562 937.125
52 1071   -0.00111771 -0.0110989 937.909
52 1072   -0.00111235 -0.0117072 833.316
52 1073   -0.00096674 -0.0115011 903.809
52 1074   -0.00129943 -0.0115779 865.891
52 1075   -0.0016291 -0.0115122 895.191
52 1076   -0.00148931 -0.0113291 914.853
52 1078   -0.00135826 -0.0117832 807.623
52 1079   -0.00152018 -0.0117388 845.817
52 1080   0.00118728 0.0113272 916.327
52 1081   0.0010449 0.0117928 814.827
52 1082   0.000856219 0.0117794 876.09
52 1083   0.00087442 0.0115008 912.192
52 1084   0.00120133 0.0117059 829.634
52 1085   0.00152584 0.0116171 869.225
52 1086   0.00132552 0.0115189 882.538
52 1088   0.00148278 0.0117819 831.173
52 1089   0.00132053 0.0118264 791.879
52 1140   -0.00569648 0.00400777 930.377
52 1141   -0.00688585 0.00481797 915.614
52 1142   -0.00576515 0.00579976 933.137
52 1143   -0.00677591 0.00559938 918.49
52 1145   -0.00731869 0.00606815 914.152
52 1146   -0.0069721 0.00655671 912.329
52 1240   -0.00322753 -0.0108487 969.405
52 1241   -0.00350955 -0.0104164 967.129
52 1242   -0.00343128 -0.0111479 966.966
52 1289   0.0033498 -0.00991811 837.18
52 1315   0.00540723 -0.0059411 940.431
52 1316   0.0049932 -0.00748915 957.727
52 1317   0.00449364 -0.00681738 959.567
52 1318   0.00720776 -0.00560326 913.613
52 1319   0.00636293 -0.00592316 922.725
52 1320   0.00644451 -0.00663363 916.1
52 1321   0.00746264 -0.00606945 913.514
52 1322   0.00711605 -0.006558 913.236
52 1388   -0.00297014 0.001581 949.91
52 1389   -0.000472231 0.00162209 956.196
52 1390   -0.00112574 0.00051861 954.243
52 1391   -0.00189706 0.00412482 960.336
52 1392   -0.00293297 0.00269073 951.548
52 1393   -0.0017003 0.00267822 956.241
52 1394   -0.00348431 0.00369615 951.443
52 1395   -0.00277516 0.0045785 958.854
52 1396   -0.00457393 0.00428812 944.278
52 1397   -0.00475254 0.0052987 946.35
52 1398   -0.00401397 0.00565947 956.451
52 1399   -0.00312622 0.00553122 961.919
52 1400   -0.00422787 0.00647678 960.069
52 1401   -0.0035893 0.00697259 967.657
52 1402   -0.0037147 0.00765168 969.295
52 1404   -0.00456531 0.00845054 969.507
52 1455   0.00276556 -0.00889668 913.172
52 1456   0.00313237 -0.00824887 952.359
52 1457   0.00361785 -0.0092299 827.523
52 1458   0.00324973 -0.0093746 858.787
52 1469   -0.00284005 0.011641 11.2064
52 1470   -0.00284345 0.0116337 23.1901
52 1515   0.00822642 -0.00021634 908.476
52 1516   0.00605675 -0.00117968 926.613
52 1517   0.00643881 0.000129056 927.432
52 1527   -0.0088818 -0.000172284 908.713
52 1535   -0.00324477 0.0104143 817.643
52 1538   -0.00311246 0.0107237 798.26
52 1539   -0.00303324 0.0105198 818.085
52 1546   -0.00915552 0.00174524 897.423
52 1547   -0.00885257 0.00290432 897.676
52 1616   0.00623684 -0.0071561 918.793
52 1617   0.00573991 -0.00749056 940.157
52 1626   0.0107414 0.00530187 678.993
52 1627   0.0107256 0.00529504 678.423
52 1628   0.0107174 0.00530445 676.806
52 1629   0.0107295 0.00532558 673.228
52 1630   0.0107392 0.00531063 679.324
52 1631   0.0107272 0.00531192 676.04
52 1632   0.00283804 -0.0116578 3.57844
52 1634   0.00283527 -0.0116499 7.86341
52 1635   0.00283944 -0.0116435 12.9681
52 1636   -0.0107298 -0.00534325 673.106
52 1639   -0.0107376 -0.00531581 681.053
52 1640   -0.0107347 -0.00532931 676.023
52 1641   -0.0107548 -0.00531976 701.554
52 1642   -0.0107469 -0.00531304 684.978
52 1643   -0.0107489 -0.00531978 686.599
52 1688   -0.00281643 0.0116541 17.5796
52 1689   -0.00282823 0.0116518 8.07398
52 1690   -0.00283586 0.0116561 3.59554
52 1698   0.0107393 0.00532986 672.018
52 1701   0.0107449 0.00531961 680.778
52 1702   0.0107521 0.00531986 699.952
52 1704   -0.0107421 -0.00533352 674.692
52 1705   -0.010747 -0.00532676 678.116
52 1828   0.00493227 0.00946189 936.723
52 1829   0.00543945 0.00923341 937.6
52 1830   0.00568197 0.00972874 885.46
52 1831   0.00491821 0.00993837 907.997
52 1832   0.00540831 0.0100533 861.66
52 1833   0.00460908 0.0102502 917.083
52 1834   0.00482252 0.0105566 861.996
52 1836   0.00550649 0.0103782 811.847
52 1837   0.00522983 0.0105696 790.828
52 1972   -0.00844115 -0.00722753 923.835
52 1973   -0.00771242 -0.00734542 943.858
52 1974   -0.00863509 -0.00779797 930.681
52 1975   -0.00838959 -0.00813584 937.847
52 1987   0.00852631 0.00721811 921.718
52 1988   0.00775822 0.00725751 941.929
52 1989   0.00783423 0.00793534 947.261
52 1992   0.00847787 0.00806756 940.151
52 1993   0.00872677 0.00772429 928.782
52 2051   0.00304211 -0.0109672 775.866
52 2053   0.00308955 -0.0105101 817.964
52 2054   0.0028874 -0.0106881 811.997
52 2057   -0.00806931 -0.00826081 941.981
52 2058   -0.00758608 -0.00804083 957.213
52 2059   -0.00720184 -0.00839642 967.786
52 2060   -0.00740888 -0.0088074 968.793
52 2062   -0.00805009 -0.00863524 946.099
52 2063   -0.00777389 -0.00882624 965.536
52 2142   -0.00428205 0.00156375 942.406
52 2143   -0.00684718 0.00109606 920.233
52 2144   -0.00680316 0.00241989 917.015
52 2145   -0.00562919 0.00284056 930.268
52 2146   -0.00406026 -0.00132051 947.829
52 2147   -0.00578962 0.000377244 932.801
52 2148   -0.00439846 0.000424254 942.258
52 2149   -0.00605891 -0.00304172 941.622
52 2150   -0.00507931 -0.00194915 944.195
52 2151   -0.00582351 -0.000785888 936.082
52 2152   -0.0079969 -0.00103238 924.563
52 2153   -0.00694513 -0.00241298 935.093
52 2154   -0.0066611 -0.00134392 932.72
52 2155   -0.00821772 -0.0026971 938.118
52 2156   -0.00889739 -0.00189814 935.993
52 2209   -0.00354985 0.00813023 961.958
52 2247   0.00424845 -0.0082424 969
52 2248   0.00371056 -0.00827219 953.528
52 2249   0.00371187 -0.0087753 881.211
52 2252   0.004374 -0.0086619 964.33
52 2253   0.00412553 -0.00882913 926.488
52 2267   0.00913147 0.000440201 908.701
52 2268   0.00890827 0.00275445 944.525
52 2269   0.00867965 0.00133261 923.748
52 2270   0.00933046 0.00193044 937.048
52 2271   0.00778259 0.0029273 931.588
52 2272   0.00749076 0.00210113 930.903
52 2330   -0.00307398 0.0109931 770.43
52 2332   -0.00297988 0.0111949 737.096
52 2333   -0.00296414 0.0110674 765.352
52 2726   -0.00417816 -0.0104105 951.286
52 2727   -0.00385431 -0.0104993 965.638
52 2728   -0.00424089 -0.0109259 967.196
52 2729   -0.0043819 -0.0107097 945.569
52 2730   -0.00366371 -0.0109954 968.137
52 2731   -0.00398755 -0.0109066 969.415
52 2732   -0.00380472 -0.0107792 969.464
52 2735   -0.0039275 -0.0111006 965.992
52 2736   -0.00376558 -0.011145 964.15
52 2743   0.00633349 0.0096707 872.308
52 2744   0.00605682 0.00986217 857.349
52 2764   -0.00293308 0.0113635 663.167
52 2766   -0.00288035 0.0114711 547.602
52 2767   -0.00286756 0.0114055 645.603
52 2779   -0.00467855 0.00692043 958.174
52 2780   -0.00533231 0.0079178 954.988
52 2781   -0.00468094 0.00802161 966.964
52 2782   -0.00436006 0.00753539 966.78
52 2783   -0.00571357 0.00638023 935.546
52 2784   -0.00524095 0.00682811 947.713
52 2785   -0.00557383 0.00733926 943.054
52 2786   -0.00602068 0.00718161 927.845
52 2787   -0.00616722 0.00660211 924.055
52 2788   -0.00658828 0.00673469 909.932
52 2790   -0.00660738 0.00720271 904.337
52 2791   -0.00627609 0.00742568 918.478
52 2809   -0.00383672 0.00843903 949.102
52 2810   -0.00431124 0.00878884 952.615
52 2811   -0.00421202 0.00852103 962.178
52 2812   -0.00198986 0.00919906 923.939
52 2813   -0.00164738 0.00873165 947.408
52 2814   -0.00243542 0.00885087 925.936
52 2815   -0.00277593 0.00893876 909.657
52 2816   -0.00290145 0.00925098 883.982
52 2817   -0.00278892 0.00992654 861.326
52 2818   -0.00264787 0.0096066 880.999
52 2819   -0.00346422 0.00981935 833.111
52 2820   -0.00318694 0.0100402 837.782
52 2821   -0.00323257 0.00914758 869.523
52 2822   0.00135011 0.00388223 961.423
52 2823   0.0019183 0.00612965 967.99
52 2824   0.00261955 0.00504292 963.984
52 2825   -0.00101687 0.00469072 963.984
52 2826   0.000384999 0.0043968 963.696
52 2827   0.000912722 0.00554111 967.006
52 2828   -0.00101477 0.0057103 967.404
52 2829   3.64775e-05 0.00595975 968.296
52 2830   -0.000669756 0.00749533 968.893
52 2831   0.000104083 0.00706586 969.583
52 2832   -0.00166345 0.00637246 968.86
52 2833   -0.00138604 0.00705137 969.521
52 2834   -0.00288213 0.0069359 969.041
52 2835   -0.00263294 0.00631185 967.491
52 2836   -0.0019301 0.00815129 959.652
52 2837   -0.00242415 0.00752326 968.506
52 2838   -0.00189755 0.00757813 967.89
52 2839   -0.00227481 0.00823994 955.473
52 2840   -0.00243765 0.00847212 944.86
52 2841   -0.00263016 0.00795137 963.112
52 2842   -0.00317954 0.00814087 957.003
52 2843   -0.00274277 0.00831335 949.322
52 2844   -0.00284323 0.00805374 960.105
52 2845   -0.00298703 0.00866161 922.825
52 2846   -0.00320653 0.008386 943.007
52 2847   -0.00295164 0.00841496 941.75
52 2848   -0.00334376 0.00858819 923.753
52 2849   -0.00329452 0.00890776 884.668
52 2850   -0.00317449 0.00873401 910.738
52 2851   -0.00349629 0.0088517 881.651
52 2852   -0.00350371 0.00866347 912.14
52 2853   -0.00370358 0.00864028 918.691
52 2854   -0.00379704 0.00880048 886.535
52 2855   -0.00365719 0.00891055 862.486
52 2856   -0.00407938 0.00886124 910.272
52 2857   -0.00392998 0.00901761 801.912
52 2858   -0.00390798 0.00886513 871.896
52 2860   -0.00415659 0.00897657 898.557
52 2861   -0.00404617 0.00905089 828.271
52 2865   -0.00269495 0.0116499 488.158
52 2866   -0.00272518 0.0116301 435.202
52 2867   -0.00274783 0.0116462 318.344
52 2953   0.00718897 -0.00217247 912.517
52 2954   0.00916506 -0.00197588 895.822
52 2955   0.00834827 -0.00145722 902.178
52 2956   0.00814704 -0.00359198 895.108
52 2957   0.00686837 -0.00392647 914.17
52 2958   0.00729069 -0.00314815 909.967
52 2959   0.00815289 -0.00459222 896.017
52 2960   0.00737813 -0.00485886 909.709
52 2963   0.00893785 -0.00284519 896.306
52 2964   0.00878638 -0.00342473 889.971
52 2974   0.00405846 0.010785 967.592
52 2975   0.00389202 0.0104527 963.14
52 2976   0.00359101 0.0105286 968.03
52 2977   0.00356155 0.0110074 968.316
52 2978   0.00362884 0.0108033 969.626
52 2979   0.00387431 0.010925 969.237
52 2981   0.0037259 0.0111513 964.116
52 2982   0.00388815 0.0111069 965.654
52 3035   -0.00343803 0.00929125 843.37
52 3036   -0.00352523 0.00949375 832.873
52 3037   -0.00366088 0.00911027 826.39
52 3038   -0.00382273 0.00915269 779.75
52 3041   -0.00384637 0.00930318 788.477
52 3042   -0.00377172 0.00946327 809.918
16 327   -0.0449735 0.00275477 962.457
16 328   -0.0451552 -0.003462 962.573
16 329   -0.0208924 -0.0293264 969.63
16 330   -0.0411367 -0.00709205 960.692
16 331   -0.0219646 -0.0243264 968.999
16 332   -0.0384815 -0.00786815 957.808
16 333   0.00301937 -0.0193977 936.883
16 334   0.00673785 -0.022671 884.156
16 335   -0.000753365 0.0186335 969.374
16 336   -0.0020128 0.0173711 969.319
16 337   0.00586147 -0.0147368 906.237
16 338   -0.00351687 0.0174451 968.513
16 339   0.00693199 -0.0142333 897.312
16 340   -0.0068884 0.0147487 943.707
16 341   -0.00159969 0.0158805 969.579
16 342   -0.00601191 0.0138045 920.638
16 343   -0.00579637 0.0129453 896.405
16 344   0.00478842 -0.0135869 902.623
16 345   0.00653171 -0.0127525 867.134
16 346   0.00575319 -0.0124887 833.054
16 347   0.00508043 -0.0128198 867.745
16 348   0.00245414 -0.0134285 965.245
16 349   0.00573001 -0.0116577 769.021
16 350   -0.00496067 0.011648 754.105
16 351   0.00262834 -0.0127679 969.161
16 352   -0.0033262 0.0125715 968.597
16 353   0.00231707 -0.012471 958.77
16 354   -0.00317173 0.012231 947.768
16 355   0.00245916 -0.0121996 917.34
16 356   -0.00297887 0.0121508 881.63
16 357   0.00265105 -0.0121685 901.253
16 358   -0.00327681 0.0120797 943.988
16 366   0.00621739 0.0130879 885.443
16 370   -0.0511378 0.0239834 900.99
16 376   -0.00876021 0.0271565 968.58
16 382   -0.00823096 -0.0281506 965.675
16 389   0.00125892 -0.0186835 958.608
16 390   -0.00090801 -0.0198466 968.033
16 391   -0.00122927 -0.0172251 967.414
16 392   -0.00206948 -0.01887 959.707
16 393   -0.0023886 -0.0164735 954.931
16 394   -0.00391459 -0.0172107 923.122
16 395   -0.00549617 -0.0162232 901.331
16 396   -0.00512739 -0.0149593 911.235
16 397   -0.00349424 -0.0148664 937.65
16 398   -0.00233704 -0.0153931 954.889
16 399   -0.00158853 -0.0146144 961.443
16 400   0.00394116 0.014265 949.412
16 401   0.00271472 0.0142442 952.423
16 402   0.00101551 0.0136874 945.415
16 405   0.00621293 -0.011089 767.094
16 411   -0.00667286 0.012357 874.889
16 412   -0.00598069 0.0116489 792.643
16 413   -0.00646176 0.0110793 783.687
16 416   -0.0150069 -0.0231083 966.295
16 417   -0.0138877 -0.0254389 968.323
16 418   -0.0125215 -0.0211653 952.905
16 422   -0.0501552 -0.0056098 964.637
16 424   -0.0489827 -0.00958869 966.929
16 425   -0.0513276 -0.011544 968.917
16 426   -0.0435736 -0.0112611 961.618
16 427   -0.0464197 -0.0116099 966.463
16 428   -0.0421369 -0.0129879 956.592
16 429   -0.0433741 -0.0153556 957.998
16 430   -0.0397 -0.0122657 951.766
16 431   -0.0387185 -0.0135922 943.695
16 453   -0.00398327 0.0163102 969.432
16 454   -0.0049761 0.0157984 965.754
16 455   -0.00251065 0.0154977 969.602
16 456   -0.00339016 0.0158534 969.147
16 457   -0.00371568 0.0152609 967.42
16 458   -0.002504 0.0149155 969.512
16 459   -0.00316834 0.0148948 968.315
16 460   -0.00213585 0.0143898 969.663
16 461   -0.00166695 0.0133973 968.796
16 462   -0.00211391 0.0133986 968.819
16 463   -0.00132703 0.0128739 968.889
16 464   -0.00156851 0.0125585 965.723
16 465   -0.00193911 0.0126734 959.319
16 466   -0.0021446 0.01299 965.403
16 467   -0.00314696 0.0143423 967.886
16 468   -0.00255074 0.0136227 969.611
16 469   -0.00261605 0.0141128 969.424
16 470   -0.00318287 0.012841 969.212
16 471   -0.00286485 0.0133509 969.491
16 472   -0.00322623 0.0133079 967.893
16 473   -0.00245307 0.012869 963.699
16 474   -0.0027365 0.0130058 968.741
16 475   -0.00290649 0.0127624 966.617
16 476   -0.00277464 0.0125471 950.91
16 477   -0.00250191 0.0126321 951.785
16 478   -0.00262235 0.012256 890.381
16 479   -0.00286196 0.0122303 892.681
16 480   -0.00277965 0.0123647 924.039
16 481   -0.0027639 0.012112 839.12
16 482   -0.00264543 0.0121312 849.595
16 595   -0.00486299 -0.0252847 967.902
16 596   -0.0411407 0.0249836 967.91
16 597   -0.0391938 0.0261831 968.227
16 598   0.00709972 -0.0121053 866.328
16 600   0.00680412 -0.0112729 838.836
16 601   -0.0429281 0.0206729 950.679
16 603   -0.00633539 -0.0243835 943.998
16 605   -0.0423886 -0.0199317 932.755
16 606   -0.0420465 -0.0171666 938.418
16 612   -0.00435623 0.0185103 954.043
16 629   -0.0112639 0.0229238 952.1
16 630   -0.00944377 0.0246565 954.616
16 664   -0.0329384 0.0230865 946.811
16 665   -0.0348482 0.0252966 954.247
16 668   -0.00336443 -0.0139025 940.056
16 669   -0.00269915 -0.0124178 961.931
16 674   -0.00591818 -0.0140489 893.039
16 675   -0.00506335 -0.0132279 894.703
16 676   -0.00384623 -0.0132608 935.948
16 677   -0.00443927 -0.0130881 915.469
16 678   -0.00447521 -0.0125103 901.316
16 679   -0.00447134 -0.0117858 813.868
16 723   -0.00617207 -0.0228047 868.651
16 729   -0.00647261 -0.012565 844.827
16 730   -0.00561778 -0.0125774 855.555
16 731   -0.00542205 -0.0120832 827.818
16 732   -0.00481248 -0.0118059 804.618
16 733   -0.00490355 -0.012156 845.424
16 734   -0.00500341 -0.011507 762.317
16 735   -0.00523989 -0.0113831 754.087
16 740   -0.0220901 0.0247246 969.031
16 741   -0.014249 0.0241738 966.389
16 769   0.000298046 -0.033612 758.197
16 775   -0.0195159 0.0222246 968.562
16 776   -0.0163414 0.0222246 967.298
16 782   0.00530223 0.0149597 957.178
16 823   -0.0399735 0.00511124 960.456
16 828   -0.0288398 -0.0260155 968.284
16 829   -0.0284436 -0.0211917 963.271
16 830   -0.0252188 -0.0235752 968.277
16 831   -0.025595 -0.0211917 967.043
16 834   -0.00341886 0.0120567 967.784
16 835   0.0071877 0.0121299 834.043
16 836   0.0065631 0.0124395 848.332
16 837   0.0059552 0.0120085 823.576
16 838   0.00630926 0.0108664 846.198
16 839   0.00688375 0.0115441 819.376
16 840   0.00614894 0.0111906 817.88
16 841   0.00612388 0.0116843 812.897
16 842   0.00642783 0.0115294 818.277
16 843   0.00585334 0.011222 803.452
16 844   0.00583664 0.0114688 798.849
16 846   0.00542248 0.0112075 755.203
16 847   0.00561954 0.0111043 785.97
16 858   -0.0499735 0.00560698 964.512
16 865   -0.0314859 0.0335288 967.282
16 866   -0.0280964 0.0310288 969.614
16 867   0.0052435 -0.011498 737.293
16 877   -0.0334895 0.0210288 920.582
16 881   -0.0386378 0.0164961 903.132
16 1004   -0.0409308 -0.0209233 876.786
16 1006   -0.00813455 0.0235737 919.716
16 1015   0.00690046 0.0108035 818.825
16 1016   0.00719605 0.0111424 807.329
16 1018   0.00705661 0.0104792 798.268
16 1019   0.0073522 0.0103243 683.364
16 1022   0.0072044 -0.0108954 876.056
16 1024   0.00705661 -0.0104791 878.113
16 1025   0.00522455 0.0130999 899.305
16 1026   0.00448808 0.0134924 930.024
16 1027   0.00489348 0.0125609 873.463
16 1028   0.00546902 0.0120172 815.778
16 1029   0.00508783 0.0122185 836.462
16 1030   0.00530024 0.0117489 789.531
16 1031   0.00549919 0.0115248 781.797
16 1032   0.00531883 0.0113813 756.776
16 1034   0.00483452 0.011516 749.161
16 1035   0.00503158 0.0114128 732.35
16 1036   -0.00715392 0.0109844 866.825
16 1038   -0.00574012 0.0209909 812.784
16 1039   -0.00649945 0.0220036 817.65
16 1040   -0.0110656 -0.0222867 940.981
16 1041   -0.0110627 -0.0246173 961.661
16 1042   -0.00791743 -0.0243532 942.549
16 1043   -0.0091504 -0.0256066 964.908
16 1051   -0.00724994 -0.0117882 818.158
16 1052   -0.00674983 -0.0120314 826.135
16 1053   -0.00654051 -0.01091 847.087
16 1054   -0.00701347 -0.0110788 817.1
16 1055   -0.0062633 -0.0116519 818.362
16 1056   -0.00629046 -0.0112399 824.453
16 1057   -0.00558102 -0.0114032 786.65
16 1058   -0.00579034 -0.0116914 808.024
16 1060   -0.00571284 -0.0111353 797.202
16 1061   -0.00594932 -0.0110114 827.841
16 1090   -0.00698088 0.0105397 853.061
16 1094   -0.0368087 -0.0228753 862.935
16 1095   -0.0352743 -0.0218302 880.944
16 1123   0.00434134 0.0120145 836.226
16 1124   0.00472524 0.0120523 823.352
16 1125   0.00473411 0.0116885 775.074
16 1126   0.00492094 0.0118295 792.437
16 1128   0.00444363 0.0117212 782.73
16 1129   0.00424656 0.0118245 803.704
16 1133   0.00387436 0.0131032 934.295
16 1134   0.00265335 0.0134332 940.283
16 1135   0.00254589 0.0123605 947.109
16 1136   0.00326607 0.0130647 942.433
16 1137   0.00311535 0.0125418 953.329
16 1139   0.0033694 0.0122269 964.529
16 1147   -0.00320877 -0.0124939 964.978
16 1148   -0.00356921 -0.0127529 951.887
16 1150   -0.00330956 -0.0121217 969.357
16 1151   -0.0392067 0.0176608 871.734
16 1153   0.00643193 0.0207533 941.231
16 1154   0.00461437 0.0248976 889.206
16 1155   0.00643193 0.0235232 900.998
16 1156   0.00299188 0.0199424 959.679
16 1157   0.00512802 0.0193516 958.893
16 1158   0.00619609 0.0174608 968.565
16 1159   0.00465633 0.0164395 968.998
16 1160   0.00268069 0.0170416 969.465
16 1161   0.000740856 0.0180853 969.343
16 1162   0.00208431 0.0186536 967.665
16 1163   0.00189104 0.0162551 968.982
16 1164   0.000783428 0.0166913 969.519
16 1165   0.00198223 0.0150387 963.217
16 1166   0.00111417 0.014623 961.419
16 1167   -0.000731715 0.015541 969.219
16 1168   0.000471022 0.0151292 967.158
16 1169   0.000231475 0.0159812 969.064
16 1170   -0.000167701 0.0145922 967.37
16 1171   -0.000816634 0.0147859 968.942
16 1172   -0.00129911 0.0138016 968.986
16 1173   -0.00147922 0.0143034 969.328
16 1174   -0.000282341 0.0140122 966.533
16 1175   -0.000751168 0.0137041 968.423
16 1176   -0.000677564 0.0132545 968.832
16 1177   -0.000885588 0.0128286 969.553
16 1178   -0.00068407 0.0125851 969.077
16 1179   0.000482728 0.0135398 951.697
16 1180   3.2717e-05 0.0136875 962.999
16 1181   0.000514285 0.013151 937.684
16 1182   0.000189036 0.0130818 953.815
16 1183   -0.000318388 0.0131918 967.818
16 1184   -7.69351e-05 0.0133167 963.603
16 1185   -0.000413152 0.0127271 969.209
16 1186   -0.000255495 0.0129078 968.906
16 1188   -0.000166906 0.012571 965.638
16 1189   -0.000342035 0.0125425 966.736
16 1207   0.00139096 -0.0171309 961.223
16 1208   6.42506e-05 -0.016649 968.966
16 1209   0.000437008 -0.0155051 968.625
16 1210   -0.000763312 -0.0144374 967.651
16 1211   2.02748e-05 -0.0148239 969.539
16 1212   -0.000578226 -0.013702 967.235
16 1213   -0.00245372 -0.0128558 948.045
16 1214   -0.00204306 -0.0138882 952.437
16 1215   -0.00266176 -0.0137031 948.126
16 1216   -0.00163997 -0.0132928 946.902
16 1217   -0.00186535 -0.0128157 932.437
16 1218   -0.00161668 -0.0124579 890.365
16 1219   -0.00118066 -0.0132219 950.416
16 1220   -0.00082006 -0.0133452 962.009
16 1221   -0.000520569 -0.0130959 965.4
16 1222   0.00192354 -0.0136934 966.573
16 1223   0.00156998 -0.0143159 965.876
16 1224   0.000646218 -0.0143328 968.869
16 1225   0.00117792 -0.0137239 968.126
16 1226   0.00120286 -0.0142119 967.517
16 1227   -3.00638e-06 -0.0137478 969.647
16 1228   0.000804705 -0.0136973 968.688
16 1229   0.000437852 -0.0139921 969.335
16 1230   0.000182188 -0.0133806 969.344
16 1231   0.000610576 -0.0133809 968.666
16 1232   0.000579552 -0.0126255 964.594
16 1233   4.52082e-05 -0.0131231 969.268
16 1234   -0.000232288 -0.0130477 969.423
16 1235   -0.000365604 -0.0126545 965.026
16 1236   -0.000196088 -0.0128397 969.537
16 1238   -0.00031402 -0.0125203 964.623
16 1239   -0.000149318 -0.012547 968.062
16 1243   0.000350307 0.0126747 906.616
16 1244   0.000168133 0.0128537 949.019
16 1245   -1.74725e-05 0.0126523 964.144
16 1246   -3.4945e-05 0.0128046 964.665
16 1248   0.000308921 0.012527 882.699
16 1249   0.000144219 0.0125538 924.523
16 1253   -0.0492224 0.025998 879.865
16 1270   -0.016904 -0.0219429 967.709
16 1271   -0.019579 -0.0219429 968.544
16 1292   0.00295675 -0.01264 967.98
16 1293   0.00278442 -0.0122337 935.019
16 1294   0.00289032 -0.0123902 966.106
16 1295   0.00327372 -0.0123663 964.903
16 1296   0.00306657 -0.0123498 969.279
16 1297   0.0033797 -0.0121754 962.656
16 1298   0.00327176 -0.0120559 969.399
16 1299   0.0031523 -0.0120753 961.685
16 1300   0.00290433 -0.012159 928.928
16 1301   0.00307283 -0.0121316 955.416
16 1302   0.00303336 -0.0122249 963.303
16 1303   0.00299001 -0.0120582 912.961
16 1304   0.00289759 -0.0120732 888.204
16 1311   -0.0108648 0.0209746 928.321
16 1314   -0.0511378 0.0177429 962.721
16 1328   0.00569951 -0.0294478 707.303
16 1341   -0.0146891 -0.0279389 969.597
16 1342   -0.017411 -0.0306083 969.43
16 1343   -0.0150275 -0.0336653 967.045
16 1344   -0.0511094 -0.0172753 964.481
16 1345   -0.0499369 -0.0145429 969.536
16 1346   -0.0473739 -0.0140859 968.964
16 1347   -0.045765 -0.0161048 968.17
16 1348   0.0036708 -0.0277905 792.947
16 1349   0.00470914 -0.0242933 873.927
16 1350   0.0024522 -0.0223667 921.232
16 1351   -0.00121783 -0.0215839 966.887
16 1352   0.000381928 -0.0233899 939.316
16 1353   -0.00076902 -0.0250711 937.086
16 1410   -0.0284356 -0.0311036 969.549
16 1411   -0.0298201 -0.0285439 969.536
16 1412   -0.0318912 -0.0337202 966.564
16 1431   -0.00449393 0.0313216 918.446
16 1432   -0.00138401 0.0265828 932.674
16 1433   -0.00134219 0.0328471 845.619
16 1460   3.20116e-05 0.024871 936.73
16 1461   0.00263753 0.0238027 921.443
16 1462   0.00231895 0.0216341 949.546
16 1463   -0.00101086 0.020542 969.174
16 1464   0.000482158 0.0219697 959.401
16 1465   -0.00105529 0.0234351 961.472
16 1486   -0.0334958 0.0321339 965.237
16 1487   -0.0360908 0.0322863 956.569
16 1488   -0.0365068 0.0294964 965.184
16 1489   -0.032518 0.0291916 969.396
16 1490   -0.0346242 0.0278729 969.287
16 1494   -0.035008 -0.0260633 961.923
16 1501   -0.00361588 -0.0242749 967.857
16 1502   -0.00225377 -0.0242612 964.125
16 1503   -0.00247436 -0.0224314 966.838
16 1504   -0.00520328 -0.0223776 877.566
16 1505   -0.00411949 -0.0229466 944.189
16 1506   -0.00355344 -0.0219436 940.73
16 1508   -0.0439243 -0.0211194 966.977
16 1509   -0.0459731 -0.0191034 969.254
16 1622   -0.00602632 0.0334746 923.699
16 1623   -0.00861109 0.0334746 947.534
16 1711   -0.041701 0.021922 929.935
16 1712   -0.0410199 0.0235291 942.153
16 1713   -0.0396719 0.0233236 895.247
16 1714   -0.0404013 0.0199057 841.972
16 1715   -0.0398253 0.0221175 831.987
16 1716   -0.0408809 0.0213156 882.442
16 1717   -0.0387768 0.0212095 673.484
16 1718   -0.0389712 0.0199023 717.701
16 1719   -0.00714528 -0.0103942 778.331
16 1720   -0.00726352 -0.0107489 791.84
16 1730   -0.00854514 -0.0227593 886.73
16 1731   -0.00978106 -0.021682 901.698
16 1732   -0.00788106 -0.0211289 733.542
16 1733   -0.00697032 -0.0222213 814.615
16 1734   -0.00776134 -0.0222062 832.912
16 1735   -0.00675438 -0.0201963 529.22
16 1736   -0.0072914 -0.0208561 560.374
16 1737   -0.00688866 -0.021432 729.661
16 1742   -0.00732264 -0.0103013 702.692
16 1743   -0.00744088 -0.0102393 543.783
16 1746   -0.0388794 -0.0219337 785.467
16 1747   -0.038467 -0.0208887 597.383
16 1748   -0.0377506 -0.0221776 796.36
16 1749   -0.0373383 -0.0211326 670.261
16 1750   -0.00707572 0.0172598 964.259
16 1751   -0.00546209 0.017961 953.54
16 1752   -0.00646411 0.0161694 966.623
16 1753   -0.00561555 0.016384 968.173
16 1754   -0.00711747 0.0189777 845.406
16 1755   -0.00669318 0.0181359 927.196
16 1756   -0.00592811 0.0186224 917.751
16 1757   -0.00602079 0.0198433 800.029
16 1758   -0.00678586 0.0199895 635.863
16 1780   0.0073522 -0.0102009 935.244
16 1781   0.0073522 -0.0104477 909.148
16 1786   -0.00732696 0.0102245 925.129
16 1787   -0.00732696 0.0104922 901.472
16 1792   -0.0404371 -0.0164278 922.56
16 1793   -0.0393277 -0.0150739 933.131
16 1794   -0.0381092 -0.0161357 909.489
16 1795   -0.0380547 -0.0185936 797.907
16 1796   -0.0386639 -0.0172294 876.971
16 1797   -0.0397733 -0.01775 883.076
16 1798   -0.0399249 -0.0194804 825.413
16 1799   -0.0388155 -0.0197931 705.371
16 1850   -0.000800541 -0.0124964 898.855
16 1851   -0.00105367 -0.0129283 939.939
16 1852   -0.000605072 -0.0126707 947.371
16 1853   -0.000723837 -0.0129041 953.247
16 1854   -0.00135446 -0.0126106 893.186
16 1855   -0.00116679 -0.0127674 921.178
16 1856   -0.00103242 -0.0125689 891.788
16 1857   -0.00113774 -0.0124255 846.847
16 1858   -0.00130245 -0.0123988 841.562
16 1862   0.00219486 0.0126889 919.392
16 1863   0.0021516 0.0132386 929.589
16 1864   0.00156051 0.0133322 924.506
16 1865   0.0013459 0.01296 895.262
16 1866   0.000895047 0.0124904 818.593
16 1867   0.000832455 0.0129263 899.547
16 1868   0.00068938 0.0126782 870.259
16 1869   0.00171856 0.0123568 860.938
16 1870   0.00186163 0.0126049 892.056
16 1871   0.00146069 0.0125343 845.451
16 1872   0.00160377 0.0127825 883.758
16 1873   0.0011421 0.0124503 804.174
16 1874   0.0013068 0.0124236 809.799
16 1880   -0.00847188 0.0223283 875.957
16 1881   -0.00938197 0.0214619 884.031
16 1882   -0.00873023 0.0204873 813.326
16 1883   -0.00748854 0.0217327 789.801
16 1884   -0.00749427 0.0208664 649.536
16 1912   -0.0517674 0.0337468 671.753
16 1942   0.000223447 -0.0129222 966.672
16 1943   0.000363964 -0.0127401 962.858
16 1944   1.29182e-05 -0.0127864 966.623
16 1945   8.10453e-06 -0.0126279 960.961
16 1948   0.000147737 -0.0125557 944.961
16 1949   0.000293067 -0.0125321 955.564
16 1950   -0.0352192 0.0215433 875.37
16 1951   -0.0374699 0.0213196 695.42
16 1952   -0.00519238 -0.0215052 834.65
16 1953   -0.00422359 -0.0210781 887.532
16 1954   -0.005938 -0.0204756 735.379
16 1955   -0.00607952 -0.021143 753.691
16 1956   -0.00416318 -0.0124404 926.492
16 1957   -0.00385021 -0.0125103 949.659
16 1958   -0.00365448 -0.0122245 966.762
16 1959   -0.00380366 -0.0120415 967.806
16 1960   -0.00431675 -0.0119662 860.9
16 1961   -0.00421403 -0.0121844 909.627
16 1962   -0.00405025 -0.0120713 924.759
16 1965   -0.00409386 -0.0118841 877.199
16 1966   -0.00421209 -0.0118222 839.936
16 1967   -0.00681424 -0.016741 874.923
16 1970   -0.00626998 -0.0183161 830.287
16 1971   -0.00695575 -0.0190751 756.804
16 1994   0.00299878 -0.0329179 699.4
16 1995   0.00659976 -0.0329179 673.4
16 1996   0.00479927 -0.0315299 690.72
16 1999   0.00389902 -0.034306 685.683
16 2000   0.00569951 -0.034306 673.554
16 2001   0.00419813 0.0122103 887.936
16 2002   0.00410503 0.0127401 924.244
16 2003   0.00438768 0.0125904 901.822
16 2004   0.00394847 0.0121919 928.617
16 2005   0.00364244 0.0122935 955.498
16 2006   0.00385912 0.01248 936.409
16 2008   0.00364943 0.0120186 967.661
16 2009   0.00381414 0.0119919 964.405
16 2040   -0.0365711 -0.0206101 762.209
16 2041   -0.0354491 -0.0206101 844.88
16 2044   -0.048977 -0.0336876 684.218
16 2045   -0.0492414 -0.0286069 783.577
16 2046   -0.0467839 -0.0336876 714.834
16 2048   -0.0511701 -0.0300037 709.602
16 2049   -0.0504391 -0.0324596 682.729
16 2050   -0.051769 -0.033772 671.586
16 2081   -0.0380995 0.0253282 951.521
16 2082   -0.0386985 0.0239233 907.256
16 2083   -0.0365414 0.0247466 938.072
16 2084   -0.0363613 0.0230509 883.438
16 2085   -0.0375449 0.0228273 838.887
16 2092   0.00477534 0.033615 682.423
16 2093   0.00477422 0.0280646 779.068
16 2094   0.00138247 0.0314621 773.173
16 2095   0.00138135 0.0286816 853.185
16 2098   0.00659178 0.0294602 708.534
16 2099   0.00659178 0.0322301 678.052
16 2107   -0.0045245 0.0122463 887.421
16 2108   -0.00464806 0.0119706 826.35
16 2109   -0.00506665 0.0143036 944.363
16 2110   -0.0048794 0.0150858 959.394
16 2111   -0.00421209 0.015005 963.627
16 2112   -0.00419813 0.0144256 958.941
16 2113   -0.00460056 0.0140199 946.427
16 2114   -0.00368034 0.014129 963.275
16 2115   -0.00364424 0.0136062 961.99
16 2116   -0.00401153 0.0133982 951.579
16 2117   -0.00445006 0.0135153 939.514
16 2118   -0.00470062 0.0129397 912.373
16 2119   -0.00443352 0.0126262 911.185
16 2120   -0.0036033 0.0126736 962.757
16 2121   -0.00385993 0.0129801 952.781
16 2122   -0.00403136 0.0127837 940.864
16 2123   -0.00367034 0.0124514 959.276
16 2124   -0.00387913 0.012503 944.716
16 2125   -0.00357221 0.012186 965.996
16 2126   -0.00367105 0.0120585 960.529
16 2127   -0.00418866 0.0122103 906.34
16 2128   -0.00394544 0.0123095 933.074
16 2129   -0.00390109 0.0119654 929.018
16 2130   -0.00383549 0.0121303 942.209
16 2133   -0.004374 0.0117966 809.254
16 2134   -0.00405342 0.0119114 884.231
16 2135   -0.00423104 0.0119771 874.853
16 2172   -0.00375716 0.0266532 957.394
16 2173   -0.00664742 0.0274972 965.928
16 2174   -0.00505176 0.0286115 948.815
16 2194   0.00459462 -0.0124278 859.755
16 2195   0.00492814 -0.011821 762.788
16 2196   0.00467207 -0.0116395 744.693
16 2197   0.00476111 -0.0121052 804.643
16 2198   0.00449543 -0.012027 806.637
16 2199   0.00451466 -0.0118203 770.511
16 2202   0.00416493 -0.0118457 771.964
16 2203   0.00431273 -0.0117683 766.017
16 2220   -0.0381816 -0.0264919 967.704
16 2221   -0.0372404 -0.0239891 909.027
16 2222   -0.0365434 -0.0253468 951.027
16 2236   -0.0497756 0.0215259 939.476
16 2237   -0.0497756 0.0194458 956.75
16 2238   -0.0470512 0.0186911 968.166
16 2239   -0.0444547 0.0210371 969.075
16 2240   -0.0477323 0.02148 952.9
16 2241   -0.0463701 0.0200626 967.295
16 2263   -0.0354947 0.0205144 839.873
16 2264   -0.0365619 0.0205144 765.554
16 2341   -0.0447351 -0.0323702 809.103
16 2342   -0.0457306 -0.0297455 852.732
16 2343   -0.0440473 -0.0284281 910.957
16 2344   -0.0418783 -0.0284181 937.968
16 2345   -0.0436924 -0.024115 964.149
16 2346   -0.0452032 -0.0256204 933.275
16 2347   -0.0422788 -0.0248577 967.333
16 2348   -0.0416206 -0.0263531 963.526
16 2349   -0.0396977 -0.0257067 967.051
16 2350   -0.0392077 -0.0243865 934.475
16 2351   -0.0408078 -0.0221935 894.028
16 2352   -0.0396597 -0.0223687 844.669
16 2353   -0.0412784 -0.023445 945.725
16 2354   -0.0401303 -0.0236201 920.573
16 2358   -0.00963605 -0.0296614 963.209
16 2359   -0.0122532 -0.0296614 967.796
16 2360   -0.012358 -0.0323307 963.806
16 2364   0.00333956 -0.0156942 942.339
16 2365   0.00228519 -0.0162814 955.016
16 2366   0.00159689 -0.0155525 962.876
16 2367   0.0019266 -0.0149244 961.745
16 2368   0.00281756 -0.0139313 956.384
16 2369   0.00264358 -0.0148047 954.571
16 2370   0.00336825 -0.0148455 941.94
16 2371   0.00409398 -0.013697 919.864
16 2372   0.0033503 -0.0137323 945.884
16 2373   0.00373417 -0.014212 934.41
16 2374   0.00351944 -0.0132452 941.986
16 2375   0.00390078 -0.0131895 922.113
16 2376   0.00331403 -0.0128338 955.164
16 2377   0.00345475 -0.0126006 950.473
16 2378   0.00417978 -0.0125708 898.989
16 2379   0.00372925 -0.0126277 928.899
16 2380   0.00396988 -0.0128053 914.531
16 2381   0.00406495 -0.0123584 897.811
16 2382   0.0038051 -0.0123875 918.279
16 2383   0.00408554 -0.012008 850.557
16 2384   0.00421411 -0.0121372 857.853
16 2387   0.00385761 -0.0119967 900.079
16 2388   0.00355231 -0.0120605 945.743
16 2389   0.00372632 -0.012155 921.892
16 2396   -0.0380689 0.0190814 766.769
16 2397   -0.0380689 0.018248 822.122
16 2485   -0.0433733 0.0284719 918.696
16 2486   -0.0455137 0.0298234 860.887
16 2487   -0.0500771 0.0324609 685.013
16 2488   -0.0486118 0.0337141 687.692
16 2489   -0.0488943 0.0286358 792.24
16 2490   -0.0508097 0.0299546 713.193
16 2491   -0.0444986 0.0323953 820.131
16 2492   -0.0464139 0.0337141 723.314
16 2533   -0.00586763 -0.0336653 916.918
16 2536   -0.00843232 -0.0323307 946.354
16 2537   -0.00979328 -0.0336653 951.941
16 2575   -0.0227803 -0.0323834 969.627
16 2576   -0.026089 -0.0323834 969.599
16 2580   -0.049607 -0.0261509 871.414
16 2581   -0.0515357 -0.0238637 900.459
16 2582   -0.047252 -0.0244818 923.492
16 2583   -0.04779 -0.0209605 954.514
16 2584   -0.050145 -0.0201736 949.498
16 2589   -0.00249555 0.0212619 966.591
16 2590   -0.0041312 0.0230452 951.026
16 2591   -0.00269927 0.0230707 969.121
16 2592   -0.00382562 0.0203321 936.948
16 2593   -0.00469255 0.0213827 893.459
16 2636   -0.0378114 -0.0336826 938.522
16 2638   -0.0398894 -0.0323653 920.894
16 2639   -0.0418085 -0.0336826 889.096
16 2642   0.0012493 -0.012458 969.46
16 2643   0.00126819 -0.0133025 968.603
16 2644   0.00164669 -0.013168 969.045
16 2645   0.000896736 -0.0130561 968.37
16 2646   0.000862176 -0.0127403 967.87
16 2647   0.00205527 -0.012539 965.038
16 2648   0.00157584 -0.0125291 969.208
16 2649   0.00174888 -0.0127494 969.568
16 2651   0.00198407 -0.0123022 955.132
16 2652   0.00178041 -0.0123352 964.244
16 2675   -0.0378384 0.0336813 938.55
16 2677   -0.0419034 0.0336813 887.634
16 2678   -0.0400983 0.0323625 918.814
16 2706   -0.00446253 -0.0321546 908.64
16 2707   -0.0014059 -0.0321012 846.943
16 2708   -0.00562213 -0.0293092 943.221
16 2709   -0.0041729 -0.0276223 947.76
16 2710   -0.00144104 -0.0274224 916.861
16 2711   0.000166363 -0.0290558 867.015
16 2718   0.00684199 0.0146265 944.77
16 2719   0.00684199 0.0137235 912.584
16 2739   -0.0095626 -0.0205607 867.845
16 2740   -0.00844639 -0.0205607 776.036
16 2750   -0.0333526 -0.0248664 956.97
16 2751   -0.0309442 -0.024838 964.293
16 2752   -0.0301719 -0.0223977 959.764
16 2753   -0.0321941 -0.0212059 942.552
16 2754   -0.0337022 -0.0224261 928.72
16 2799   -0.0460848 0.012007 966.162
16 2800   -0.0487103 0.00973647 966.746
16 2801   -0.0512368 0.0115643 968.88
16 2802   -0.0472491 0.0144976 968.999
16 2803   -0.0498745 0.0147488 969.487
16 2873   -0.0258068 0.0325 969.629
16 2876   -0.0203189 0.0322246 969.614
16 2877   -0.0224866 0.0297246 969.644
16 2878   -0.0435848 0.012007 961.294
16 2879   -0.0387368 0.0113991 951.877
16 2880   -0.0412103 0.00957123 959.2
16 2881   -0.0422491 0.0144976 952.144
16 2882   -0.0398745 0.0147488 936.99
16 2883   -0.00484143 0.0238989 954.274
16 2884   -0.00469535 0.0254306 969.224
16 2885   -0.0060103 0.0256471 968.742
16 2886   -0.00616212 0.023249 903.653
16 2887   -0.00681386 0.0242236 938.309
16 2888   -0.0149473 0.0336123 967.453
16 2889   -0.0173664 0.0308369 969.488
16 2890   -0.0148675 0.0277861 969.618
16 2891   -0.0111989 0.0290361 967.741
16 2892   -0.011113 0.0320869 962.066
16 2893   -0.0427953 0.0250926 965.1
16 2894   -0.0441575 0.0265101 935.018
16 2895   -0.046626 0.0252238 921.096
16 2896   -0.0445827 0.0230977 964.952
16 2897   -0.046498 0.0231632 948.479
16 2912   -0.0360644 -0.032384 956.178
16 2913   -0.0337438 -0.0324215 964.222
16 2914   -0.032861 -0.0298619 969.038
16 2915   -0.0347402 -0.0285445 969.382
16 2916   -0.0363686 -0.0297868 964.571
16 3005   -0.00351824 -0.0191643 921.517
16 3006   -0.004204 -0.0182566 904.181
16 3007   -0.00524134 -0.0188442 850.538
16 3008   -0.00428345 -0.0201228 881.232
16 3009   -0.00511072 -0.0198825 830.454
16 3014   -0.0386473 -0.027792 967.124
16 3015   -0.0379017 -0.0291094 962.702
16 3016   -0.040421 -0.0290718 945.955
16 3017   -0.0396754 -0.0303892 939.402
16 3022   -0.00697273 -0.0139885 877.21
16 3023   -0.00697273 -0.0131552 858.901
16 3047   -0.0433374 0.0159487 955.477
16 3048   -0.0457384 0.0175254 968.927
16 3049   -0.0458374 0.0159487 968.073
16 3050   -0.0429124 0.0189897 945.193
16 3051   -0.0438073 0.0178568 958.548
16 3052   -0.0426695 0.0171941 945.535
16 3053   -0.0404906 0.0179939 893.122
16 3054   -0.040783 0.0190012 883.261
16 3055   -0.0416284 0.0178233 924.893
16 3056   -0.0419208 0.0188306 922.792
16 3072   -0.0272669 0.02125 964.859
16 3073   -0.0253712 0.02375 968.208
16 3074   -0.0306654 0.0233077 960.473
16 3075   -0.0304691 0.0268365 968.465
16 3076   -0.0280574 0.0272788 969.105
16 3089   -0.0020662 0.0123397 938.962
16 3090   -0.00243595 0.0122257 894.359
16 3091   -0.00232052 0.0124195 931.831
16 3123   0.00673785 -0.0199992 909.624
16 3126   0.00676923 -0.0175929 914.318
16 3127   0.00600708 -0.0189357 914.923
16 3128   0.00454554 -0.0183692 924.845
16 3129   0.00423716 -0.0164119 929.873
16 3130   0.00569871 -0.0161982 915.443
16 3145   -0.0382568 0.0289133 962.354
16 3146   -0.0391617 0.0275946 966.523
16 3147   -0.0401006 0.0303845 935.324
16 3148   -0.0410055 0.0290657 940.202
end
