863
52 197   0.00533511 0.00470618 916.61
52 198   0.0054475 0.00229248 899.358
52 199   0.00136212 0.00466968 924.327
52 200   0.00138763 0.00222993 911.069
52 201   -0.00457191 0.000989815 895.443
52 202   0.00334 0.00106435 904.832
52 203   -0.000595882 0.00102975 907.831
52 204   -0.00455666 -0.00129912 901.315
52 205   -0.000641776 -0.00130119 909.053
52 206   -0.00254774 0.00220238 903.172
52 207   -0.000599479 0.00574241 920.468
52 208   0.0032021 0.0059178 940.669
52 209   -0.00642077 -0.00254194 893.729
52 210   -0.00252583 0.00447529 903.792
52 211   -0.00257839 -0.00241749 911.049
52 212   0.00714142 0.0010981 875.617
52 213   -0.00428032 -0.00568135 935.605
52 214   -0.00258581 -0.00449361 924.23
52 215   -0.00802392 0.00120724 872.112
52 216   -0.00619276 0.0020509 881.135
52 217   -0.000997374 -0.0057481 933.042
52 218   0.00694924 -0.00109246 873.375
52 219   0.00305522 0.0079768 964.605
52 220   -0.00807589 -0.00184031 855.197
52 221   0.00963756 0.00369969 790.586
52 222   -0.008673 -0.000291228 851.272
52 223   0.00835988 -0.00190383 859.672
52 224   -0.00961831 -0.0051722 826.277
52 225   -0.00392398 -0.00723695 957.558
52 226   -0.00133497 -0.0073494 953.139
52 227   -0.00975421 -0.00390967 791.712
52 228   0.00852836 0.00167211 832.867
52 229   0.00184584 0.00879283 968.104
52 230   0.0085576 -0.00329442 831.468
52 231   -0.00924952 -0.0027195 805.472
52 232   -0.0108967 -0.00342542 744.173
52 233   -0.000676768 -0.00837565 962.606
52 234   0.00914709 0.00257007 802.758
52 235   -0.00256707 -0.00765049 961.341
52 236   0.00930683 -0.00114598 872.957
52 237   5.22041e-05 -0.00890478 963.752
52 238   -0.0099834 -0.000441553 775.767
52 239   0.00943555 -0.000104741 839.156
52 240   -0.0025808 -0.00870506 969.059
52 241   -0.00333937 -0.0090941 969.379
52 242   0.00925739 0.000701886 802.879
52 243   -0.010103 -0.00200351 748.047
52 244   0.00200253 0.0099388 955.078
52 245   -0.0108397 -0.00232469 718.764
52 246   -0.00133366 -0.00917948 969.032
52 247   -0.00324268 -0.00986063 966.347
52 248   0.0102312 0.000149932 769.206
52 249   -0.0102398 -0.00127465 736.31
52 250   -0.00200559 -0.00920779 968.945
52 251   0.0100933 0.00187581 740.701
52 252   -0.000654988 -0.0102155 929.444
52 253   -0.000127938 -0.0100128 940.807
52 254   0.00995551 0.00120724 749.408
52 255   -0.00213427 -0.00995252 956.333
52 256   -0.00113174 -0.00991128 950.24
52 257   -0.00261279 -0.0102163 956.717
52 258   0.0107291 0.00188522 711.022
52 259   0.011094 0.00217236 706.726
52 260   -0.00162809 -0.0103149 928.7
52 261   0.0106744 9.05736e-05 736.905
52 262   0.00136232 0.0102454 928.751
52 263   -0.0104556 3.07725e-05 752.573
52 264   0.0104227 0.000888373 724.612
52 265   -0.0112771 -0.00188834 699.823
52 266   -0.0016085 -0.010812 876.959
52 267   -0.0109514 -0.000447954 708.329
52 268   0.00139915 0.0107993 868.615
52 269   -0.0108305 -0.00118443 704.623
52 270   -0.000692239 -0.0107884 876.516
52 271   0.00271077 0.0113534 944.734
52 272   -0.0110698 -0.000830059 697.81
52 273   0.0108417 0.00109389 702.513
52 274   -0.00191172 -0.011079 857.234
52 275   -0.0111311 -0.00147694 696.297
52 276   0.00195538 0.0109559 877.68
52 277   0.0110103 0.00142217 697.833
52 278   0.00227672 0.0114862 864.088
52 279   0.0016574 0.0110055 844.65
52 280   -0.0116225 -0.00190843 694.203
52 281   -0.0114009 -0.000974887 685.913
52 282   0.0111953 0.000593607 695.899
52 283   0.0112373 0.000780331 691.467
52 284   -0.0114125 -0.0012869 685.949
52 285   0.00207274 0.0114536 820.807
52 286   0.0111096 0.000945302 694.012
52 287   0.00198367 0.0112713 836.492
52 288   0.0113287 0.00135546 687.858
52 289   -0.00176843 -0.0113835 791.044
52 290   -0.00203284 -0.0116312 794.225
52 291   0.00127531 0.0114754 731.43
52 292   0.0116699 0.00157567 684.183
52 293   -0.00185641 -0.0115848 756.258
52 294   -0.0115966 -0.000896158 680.633
52 295   0.0115148 0.00138598 683.14
52 296   0.011638 0.00145374 681.724
52 297   -0.011615 -0.00132817 680.724
52 298   -0.0117045 -0.00160144 685.368
52 299   0.00160716 0.0113082 787.724
52 300   0.0113305 0.00112927 686.375
52 301   -0.0117044 -0.00144296 681.269
52 302   0.00189701 0.0116953 734.331
52 303   0.0014119 0.0115316 690.151
52 304   0.0114966 0.000888715 682.556
52 305   0.00175441 0.0113977 781.483
52 306   0.00151247 0.0114568 741.938
52 307   -0.00170222 -0.0117109 597.808
52 308   0.0114856 0.00105741 681.608
52 309   0.00171226 0.0115649 721.919
52 310   0.00176579 0.0116803 661.592
52 311   -0.011716 -0.0010546 675.492
52 312   0.0118322 0.00130674 675.139
52 313   -0.0117227 -0.0011746 675.545
52 314   0.0116213 0.000862915 679.516
52 315   0.0116048 0.00111019 678.003
52 316   0.0116358 0.00121258 677.738
52 317   0.00159097 0.0116071 657.869
52 318   -0.0118434 -0.00133908 676.37
52 319   0.0118199 0.0012121 673.012
52 320   0.00169615 0.0117966 458.442
52 321   0.0117466 0.00118569 674.41
52 322   -0.00168919 -0.0118151 419.526
52 323   0.00162019 0.0117885 384.287
52 324   -0.0118118 -0.00102345 672.818
52 325   -0.00159876 -0.0118426 186.921
52 326   0.0118875 0.00115527 670.433
52 327   -0.0119466 -0.0011051 668.766
52 401   0.00434059 0.00857626 968.926
52 402   0.0040807 0.00959379 964.06
52 465   -0.00578659 0.00704756 853.216
52 466   -0.00398518 0.00526392 892.911
52 467   -0.00789492 0.00415557 830.514
52 468   -0.00636862 0.00602756 853.256
52 469   -0.00637268 0.00384173 871.118
52 470   -0.00554457 0.0047402 878.045
52 471   -0.00726269 0.00618079 856.714
52 472   -0.00772816 0.00553177 844.629
52 473   -0.00819363 0.00488275 819.882
52 480   0.00945898 0.00505946 829.471
52 515   0.00413891 -0.00562543 890.223
52 516   0.00805404 -0.00435993 821.301
52 571   -0.00152731 -0.0118989 3.0405
52 573   0.0110707 0.00283723 723.039
52 574   0.0108267 0.00374789 750.606
52 581   0.0116207 0.00175921 689.246
52 582   0.0115658 0.00196433 694.647
52 609   0.00159962 0.0118499 186.857
52 610   0.00156425 0.0118451 144.258
52 611   -0.0118125 -0.00120914 673.593
52 612   -0.0118436 -0.00125883 674.136
52 613   -0.0118951 -0.0012246 672.456
52 614   -0.011883 -0.00118656 671.493
52 615   -0.0118448 -0.00116325 671.854
52 617   -0.0118478 -0.00111616 671.167
52 618   -0.0118781 -0.00106592 670.349
52 619   -0.0118472 -0.00107925 671.21
52 620   -0.0118728 -0.00111533 670.346
52 621   -0.0118846 -0.00109034 669.911
52 622   -0.011889 -0.00113323 670.062
52 623   -0.0119022 -0.00115738 670.343
52 633   0.00858417 0.00730449 911.435
52 634   0.00827468 0.00569179 894.374
52 635   0.00666367 0.0058473 920.657
52 636   0.00793486 0.00805803 934.676
52 637   0.00545082 0.00799598 965.84
52 638   0.00618124 0.00732077 951.556
52 639   0.00714294 0.00791881 954.399
52 640   0.00583395 0.00869321 967.574
52 642   0.00656569 0.00952937 885.191
52 643   0.00629518 0.00972833 862.172
52 647   0.00716388 0.00869408 969.13
52 648   0.00683621 0.00933041 917.302
52 649   0.00658531 0.00879327 964.223
52 656   -0.00469119 -0.00790988 965.174
52 657   -0.00409285 -0.00871247 969.369
52 658   -0.00467342 -0.0092615 962.499
52 664   -0.00255183 -0.0107372 942.199
52 665   -0.00220823 -0.0110363 897.57
52 666   -0.00224137 -0.0113872 868.706
52 667   -0.00249798 -0.0114242 916.652
52 668   -0.00325578 -0.0109095 968.42
52 669   -0.00273758 -0.0111965 951.415
52 670   -0.00282456 -0.0108604 956.164
52 671   -0.00332709 -0.0111973 968.121
52 672   -0.00301049 -0.0112938 968.205
52 678   0.00486326 0.00964984 944.07
52 679   0.00550628 0.00932954 941.222
52 680   0.00585187 0.00972804 879.214
52 681   0.00443138 0.0105611 947.551
52 682   0.00473331 0.0101586 921.902
52 683   0.00514336 0.010336 841.85
52 684   0.00467169 0.0107904 928.314
52 705   -0.000899733 0.00739264 927.614
52 706   0.000840971 0.00856177 965.645
52 707   -8.98778e-05 0.00814785 950.192
52 708   -0.00167207 0.00924028 911.213
52 709   -0.000967283 0.00903315 941.783
52 710   -0.000622852 0.0095814 963.751
52 717   -0.00574186 -0.00540052 921.781
52 718   -0.00653216 -0.00429559 903.607
52 719   -0.00831262 -0.00533993 889.445
52 720   -0.00686948 -0.00652873 927.346
52 721   -0.00819096 -0.00636432 904.67
52 723   -0.00892762 -0.00703028 903.695
52 727   0.00140618 0.0117084 509.714
52 762   -0.00570648 -0.00795798 965.487
52 763   -0.00667429 -0.00747615 950.156
52 764   -0.00525435 -0.00910433 958.609
52 765   -0.00568907 -0.0086034 969.265
52 766   -0.00550054 -0.00964555 911.466
52 767   -0.00587476 -0.0101822 804.515
52 797   0.000674473 0.010805 872.228
52 811   0.00575416 0.0101263 819.585
52 813   0.00070539 -0.00902577 950.051
52 814   -0.0012671 -0.0109418 846.731
52 815   -0.000989885 -0.0109227 852.3
52 816   -0.000968277 -0.0112081 806.398
52 817   -0.00116033 -0.0112693 789.288
52 818   -0.00133065 -0.0111851 805.335
52 819   -0.00122893 -0.0114887 732.711
52 820   -0.00135282 -0.0115288 706.819
52 821   -0.0015907 -0.0113799 773.892
52 822   -0.00142051 -0.0114301 753.076
52 823   -0.00146694 -0.0113058 784.816
52 824   -0.00161032 -0.0116298 643.383
52 825   -0.00150175 -0.0115082 724.324
52 826   -0.00158679 -0.0115 738.575
52 827   -0.00150191 -0.0116042 657.622
52 828   -0.00154866 -0.0116718 576.572
52 829   -0.00141492 -0.0116448 610.591
52 830   -0.00140624 -0.0117159 501.432
52 831   -0.00151986 -0.0118084 228.098
52 832   -0.00146976 -0.0117487 422.592
52 833   -0.00152519 -0.0117452 443.382
52 835   -0.0014778 -0.0118248 180.033
52 836   -0.00145108 -0.011799 294.506
52 861   -0.001524 -0.0118914 5.3584
52 864   -0.00153896 -0.0118884 8.56478
52 865   -0.00155029 -0.0118488 101.583
52 866   -0.00152436 -0.0118412 102.006
52 932   0.00293272 0.0109828 960.106
52 933   0.00340626 0.0101177 965.449
52 934   0.00261255 0.0102441 954.197
52 935   0.00240792 0.0107242 932.492
52 936   0.00341296 0.0108726 969.309
52 937   0.00409191 0.0106649 966.695
52 938   0.00368186 0.0104876 967.012
52 939   0.00399275 0.010998 968.509
52 940   0.00365328 0.0111018 966.504
52 1094   -0.0119245 -0.00115687 669.96
52 1097   0.00156603 0.0118758 50.8211
52 1100   0.00154835 0.0118734 39.5298
52 1103   0.0119228 0.00116437 670.047
52 1118   -0.00808867 -0.00839882 935.152
52 1119   -0.00734412 -0.0077312 945.508
52 1120   -0.00854945 -0.00792167 914.904
52 1121   -0.00827597 -0.00744974 917.31
52 1122   -0.00744767 -0.00893546 969.092
52 1123   -0.00758203 -0.00850024 960.026
52 1124   -0.00711097 -0.00830454 963.177
52 1125   -0.00628818 -0.00879453 966.966
52 1126   -0.00674107 -0.00864192 969.49
52 1127   -0.00707658 -0.00893724 966.179
52 1128   -0.007041 -0.00923435 934.964
52 1129   -0.00630259 -0.00919038 942.997
52 1130   -0.00671991 -0.00933487 917.107
52 1131   -0.00594967 -0.00954047 905.794
52 1132   -0.00609588 -0.00988422 847.437
52 1134   -0.00668433 -0.00963197 867.04
52 1135   -0.00641322 -0.00983123 845.013
52 1205   -0.00357091 -0.0107059 969.185
52 1206   -0.00365497 -0.0101555 965.848
52 1207   -0.00453502 -0.00984704 946.103
52 1208   -0.00412942 -0.010029 959.232
52 1209   -0.00484342 -0.0101321 912.102
52 1210   -0.00520199 -0.0104529 809.689
52 1211   -0.00534648 -0.0100152 871.114
52 1212   -0.00510953 -0.0101603 877.824
52 1213   -0.00540282 -0.0104172 784.888
52 1214   -0.00565686 -0.010245 802.727
52 1215   -0.00549215 -0.0101713 829.764
52 1218   -0.00563531 -0.0104411 765.48
52 1219   -0.00549976 -0.0105407 716.405
52 1233   0.00509604 0.0106607 800.853
52 1234   0.0049263 0.0107126 864.85
52 1237   0.00541602 0.010375 776.26
52 1238   0.00555127 0.0102755 803.128
52 1256   -0.00482608 -0.0107496 890.747
52 1257   -0.00509612 -0.0106674 806.092
52 1316   -0.00382189 0.00663504 890.607
52 1317   -0.00479925 0.00713132 877.245
52 1318   -0.00355806 0.00817477 873.164
52 1319   -0.00224623 0.00764671 905.048
52 1320   -0.00307935 0.00734659 895.607
52 1321   -0.00214116 0.00860905 902.4
52 1324   -0.00267241 0.00895606 878.048
52 1325   -0.0032562 0.0088219 851.034
52 1367   0.000508079 -0.00557292 919.657
52 1368   0.00303725 -0.00564303 899.944
52 1369   0.00255214 -0.00653903 903.572
52 1370   0.00142471 -0.00671729 915.858
52 1371   0.00185289 -0.00880247 907.617
52 1372   0.00123065 -0.0080397 924.381
52 1373   0.00347754 -0.00888198 839.239
52 1374   0.00304851 -0.0072903 895.81
52 1375   0.00254333 -0.00823133 897.203
52 1376   0.00289375 -0.00901615 866.749
52 1377   0.00590998 -0.00745376 848.055
52 1378   0.00475547 -0.00650383 880.257
52 1379   0.00447248 -0.00708998 881.052
52 1380   0.00382788 -0.00745542 885.419
52 1381   0.00504973 -0.00756495 873.033
52 1383   0.00483971 -0.00813433 876.768
52 1384   0.00415581 -0.00809634 877.914
52 1385   0.00401876 -0.00864895 868.076
52 1443   -0.00471263 0.00810691 876.289
52 1444   -0.00421398 0.00843881 875.047
52 1528   -0.00395657 -0.0107668 968.707
52 1529   -0.0042014 -0.0104006 958.411
52 1530   -0.00455183 -0.0104104 932.683
52 1531   -0.00457705 -0.0106943 934.992
52 1533   -0.00431961 -0.0109185 967.54
52 1534   -0.00404956 -0.0110008 968.289
52 1640   0.00302861 -0.000851379 901.985
52 1641   0.00103035 -0.00201673 907.804
52 1642   0.00260832 -0.00414333 903.122
52 1643   0.00120658 -0.00389496 909.673
52 1644   0.00559251 -0.00179978 885.832
52 1645   0.00402752 -0.00153019 897.103
52 1646   0.003431 -0.0029439 898.731
52 1647   0.00543375 -0.00309755 884.019
52 1648   0.00449807 -0.00470262 888.865
52 1649   0.00421908 -0.00352079 893.381
52 1650   0.0070973 -0.00440939 854.129
52 1651   0.00603144 -0.00383027 875.03
52 1652   0.00539403 -0.00472848 879.497
52 1653   0.0059967 -0.00531349 868.375
52 1654   0.00692306 -0.0053017 854.911
52 1655   0.0057173 -0.00616603 866.997
52 1656   0.00629455 -0.006641 842.498
52 1658   0.00735616 -0.00598239 850.691
52 1659   0.00700706 -0.00646915 848.334
52 1683   -3.77489e-05 0.00958132 958.143
52 1684   0.000548669 0.00944698 967.418
52 1685   0.000583217 0.0103665 916.047
52 1686   0.000913325 0.00998469 945.569
52 1688   -3.05873e-05 0.0100464 928.12
52 1689   0.000225722 0.0102939 920.51
52 1910   -0.0086642 0.00329139 834.418
52 1911   -0.00897311 0.00213389 864.138
52 1980   0.00113246 0.0113375 776.804
52 1982   0.00110549 0.0110389 827.941
52 1983   0.000866706 0.0109906 842.95
52 2014   -0.011904 -0.00112045 669.404
52 2015   -0.0119277 -0.00110128 668.384
52 2016   -0.0119033 -0.00109588 669.277
52 2017   -0.0119153 -0.00108935 668.914
52 2018   -0.0119241 -0.00113857 669.37
52 2019   -0.0119168 -0.0011263 669.147
52 2020   -0.0119284 -0.00111366 668.48
52 2021   0.0119289 0.0011417 669.285
52 2023   0.0119265 0.00112803 668.915
52 2024   0.0119395 0.00112515 668.649
52 2025   0.0116787 0.00103554 675.933
52 2026   0.0117551 0.000958838 674.677
52 2027   0.0116842 0.000956962 676.525
52 2028   0.0117695 0.00110811 673.094
52 2029   0.0117326 0.00106036 674.236
52 2030   0.0117733 0.00101574 673.421
52 2031   0.0118122 0.0010852 671.851
52 2032   0.011849 0.00103592 671.194
52 2033   0.0118108 0.00103838 672.178
52 2034   0.0118662 0.00111788 670.32
52 2035   0.0118405 0.0010959 671.008
52 2036   0.0118603 0.00106956 670.506
52 2037   0.0118861 0.00110302 669.658
52 2038   0.0118996 0.00107643 669.359
52 2039   0.0118795 0.00107981 669.894
52 2040   0.0119173 0.00111665 668.839
52 2041   0.0119043 0.00110635 669.112
52 2042   0.0119079 0.00109293 668.985
52 2043   0.011923 0.00109614 668.52
52 2044   0.0119361 0.00111549 668.337
52 2045   0.0119249 0.00111166 668.539
52 2046   0.011927 0.00110457 668.39
52 2048   0.00154924 0.0118888 11.5481
52 2054   0.0015404 0.0118876 9.85501
52 2055   0.00153838 0.011896 5.78526
52 2056   0.00155838 0.0116883 549.298
52 2057   0.0015787 0.0117406 464.018
52 2058   0.00147416 0.0117147 488.567
52 2059   0.00152847 0.0117703 378.727
52 2060   0.00147646 0.011763 398.077
52 2061   0.00146073 0.0118072 271.569
52 2062   0.00152761 0.0118028 289.166
52 2063   0.0015416 0.0118238 229.454
52 2064   0.00150172 0.0118208 219.973
52 2065   0.00149925 0.0118611 59.6315
52 2066   0.00150556 0.0118412 130.403
52 2067   0.00152741 0.0118401 139.134
52 2068   0.00151502 0.0118639 53.3059
52 2069   0.00153645 0.0118635 64.0751
52 2070   0.00152832 0.0118545 85.5696
52 2071   0.00151466 0.0118827 10.5485
52 2072   0.00151761 0.0118732 26.1071
52 2073   0.0015289 0.0118722 33.3507
52 2074   0.00153195 0.0118809 14.32
52 2075   0.00153146 0.0118937 5.70569
52 2076   0.00152194 0.0118864 8.37952
52 2077   0.00152794 0.0118856 9.26269
52 2078   0.00152973 0.0118987 3.7494
52 2079   0.00152473 0.0118953 4.80714
52 2085   -0.0119356 -0.0011324 669.025
52 2088   -0.0119373 -0.00111984 668.566
52 2089   -0.0119443 -0.00111382 668.54
52 2108   0.0119364 0.00110521 668.101
52 2111   0.0119407 0.00111085 668.095
52 2112   0.0119469 0.0011122 668.051
16 328   -0.0449779 0.00318989 958.947
16 329   -0.045157 -0.00299913 958.874
16 330   -0.0477798 -0.0217975 899.815
16 331   -0.0411387 -0.00654793 960.939
16 332   -0.0435091 -0.0297248 814.894
16 333   0.0021532 0.0234605 884.349
16 334   -0.0497155 -0.0177639 921.368
16 335   -0.0384817 -0.00727297 962.973
16 336   0.00488983 0.0218961 890.672
16 337   -0.000972553 -0.0215755 917.657
16 338   -0.00124941 0.0213226 934.216
16 339   -0.000250515 -0.0188781 921.589
16 340   0.00684484 0.0217993 886.34
16 341   -0.000645679 0.0188201 942.703
16 342   -0.00222766 -0.0172915 961.368
16 343   0.00560035 0.0176201 954.215
16 344   0.00364534 0.0189093 938.372
16 345   -0.00246974 0.0175299 939.224
16 346   0.00226018 0.0178614 950.866
16 347   0.000716626 0.0178523 947.208
16 348   0.00527357 0.015962 968.626
16 349   0.00684484 0.0185416 941.052
16 350   -0.0019081 -0.0155594 963.157
16 351   0.00593549 0.0146747 957.474
16 352   0.00691743 0.0140017 923.304
16 353   -0.00209622 0.0159985 928.389
16 354   0.00134837 0.0153018 966.869
16 355   0.00131648 0.0142429 967.796
16 356   -0.00177991 0.0131058 891.338
16 357   -0.0016502 0.0140175 913.595
16 358   0.00195696 0.0136427 934.023
16 359   0.000653663 0.0137627 967.464
16 360   -0.00194659 -0.0136101 964.961
16 361   -0.00260584 -0.0124789 923.778
16 362   0.00165714 0.0129811 860.617
16 363   -0.0020657 -0.0130328 933.942
16 364   -0.00224419 -0.0126783 897.866
16 365   0.000380423 0.0126848 927.918
16 366   0.000904331 0.0131221 929.554
16 367   0.000722925 0.0127725 896.385
16 368   -0.00108907 -0.012716 937.821
16 369   0.00126732 0.0129408 868.924
16 370   0.0012516 0.0125643 791.399
16 371   -0.00196243 -0.0123222 816.029
16 372   -0.00125223 -0.0124173 838.449
16 373   0.00157445 0.0123686 717.935
16 374   0.0014052 0.012396 737.009
16 375   -0.00143602 -0.0123875 795.376
16 404   -0.0443252 -0.0225626 925.847
16 405   -0.0429849 -0.025576 909.807
16 406   -0.00688707 -0.0147547 909.689
16 407   -0.00637796 -0.013561 875.113
16 417   -0.00994178 -0.0304356 914.598
16 418   -0.00729826 -0.0334785 874.794
16 419   -0.0085367 -0.0271997 931.237
16 420   -0.00561191 -0.026814 918.052
16 424   -0.0511394 0.0239911 821.549
16 425   -0.0451428 0.0217718 925.6
16 434   -0.00731035 0.0334711 887.113
16 435   -0.00996063 0.0304134 917.973
16 436   -0.00568796 0.0266635 923.089
16 437   -0.00857981 0.027125 933.681
16 441   -0.0410055 0.0310468 855.034
16 442   -0.0391945 0.0336823 858.132
16 443   -0.0387131 0.0282581 917.646
16 444   0.00510275 0.0130688 883.284
16 445   0.00500328 0.013834 932.223
16 446   0.00416888 0.0132188 914.718
16 447   0.00459152 0.0129809 890.473
16 448   0.00385734 0.0128518 907.355
16 450   0.00332442 0.012173 938.309
16 454   -0.032649 -0.0236768 964.215
16 481   -0.00334997 -0.0222054 955.04
16 482   -0.00483447 -0.0241211 951.589
16 483   -0.00349029 0.0220574 952.779
16 484   -0.00492537 0.0239327 952.11
16 486   -0.0473562 0.0130381 949.136
16 487   -0.0423562 0.0130381 963.227
16 488   -0.0432964 0.0167987 962.162
16 489   -0.0410177 0.0154609 967.918
16 493   0.00679721 -0.0148255 792.946
16 494   0.00409765 -0.014534 767.549
16 495   0.00297054 -0.0143189 773.46
16 496   0.00113932 -0.0136965 862.048
16 497   0.00166395 -0.0130707 765.75
16 498   -0.00022135 -0.0129848 944.494
16 499   0.00053631 -0.0135043 897.933
16 501   -0.000457653 -0.0126979 965.409
16 502   -0.000796084 -0.012643 963.58
16 517   0.00500021 -0.0190442 816.237
16 518   0.00679721 -0.0176963 798.539
16 519   0.00468885 -0.0157733 792.955
16 520   0.00609442 -0.0160984 794.909
16 521   0.00147492 -0.0183489 893.954
16 522   0.00339892 -0.0185987 845.822
16 523   0.00379035 -0.0169257 825.472
16 524   0.00125573 -0.0168714 897.726
16 525   0.00247695 -0.0164803 859.583
16 526   0.00128809 -0.014649 878.401
16 527   0.00224833 -0.0151127 838.808
16 528   -0.00063026 -0.0154367 940.367
16 529   0.000360712 -0.0159986 912.884
16 530   0.000621679 -0.0151437 906.244
16 531   -0.000689958 -0.0146305 947.311
16 532   -4.8627e-05 -0.0145331 924.346
16 533   -0.000407841 -0.0135525 946.953
16 534   1.47697e-05 -0.0138461 922.391
16 535   -0.00145944 -0.0137728 969.093
16 536   -0.00109145 -0.014105 962.448
16 537   -0.000872726 -0.0137139 962.163
16 538   -0.0011721 -0.0130013 962.488
16 539   -0.00137374 -0.0133869 968.645
16 540   -0.00110769 -0.0133767 969.253
16 541   -0.0016891 -0.0129152 927.611
16 542   -0.00148428 -0.0131065 957.848
16 543   -0.001392 -0.0129165 944.636
16 544   -0.00152865 -0.0125031 829.53
16 545   -0.00167885 -0.0127219 889.243
16 546   -0.00151478 -0.0127284 899.827
16 547   -0.00180318 -0.0124134 813.827
16 548   -0.00174423 -0.0125536 849.115
16 549   -0.00164017 -0.0124298 806.779
16 551   -0.00165864 -0.0122962 761.655
16 552   -0.00173962 -0.012283 768.41
16 632   -0.00699088 -0.0126098 824.282
16 644   -0.00690881 0.0119202 826.027
16 651   -0.0403024 -0.0242475 958.077
16 653   -0.0411463 0.024997 940.037
16 654   -0.0391988 0.0261904 940.857
16 661   -0.0423501 0.0186834 966.981
16 662   -0.0429354 0.020699 960.539
16 687   -0.050157 -0.00544766 956.122
16 690   -0.048544 -0.0149826 941.237
16 691   -0.0489855 -0.00941596 953.166
16 692   -0.0513285 -0.011473 946.675
16 693   -0.043575 -0.0109719 959.78
16 694   -0.0464217 -0.0113914 954.242
16 695   -0.0459803 -0.0144596 951.324
16 696   -0.0421361 -0.0127675 962.985
16 697   -0.0433699 -0.0152267 961.157
16 698   -0.0396999 -0.0119584 965.616
16 699   -0.0387181 -0.0134065 967.873
16 700   -0.0423687 -0.0198679 966.352
16 701   -0.0420414 -0.0170885 967.052
16 702   -0.0112677 -0.0229356 965.226
16 703   -0.00922165 -0.0246997 960.98
16 711   -0.0112936 0.0229134 964.054
16 712   -0.00926313 0.024625 959.968
16 713   -0.00398794 -0.0177021 966.704
16 714   -0.00688707 -0.0181521 896.352
16 715   -0.00504829 -0.0160057 950.843
16 716   -0.00627415 -0.0163042 935.101
16 740   0.00720872 0.0121243 804.59
16 741   0.00662615 0.0126983 840.341
16 742   0.00544807 0.0126461 842.308
16 743   0.00603927 0.012566 831.411
16 744   0.00609192 0.0120498 795.309
16 745   0.00641384 0.0117516 785.349
16 746   0.00694376 0.0116939 788.489
16 747   0.00738176 0.0102916 560.958
16 748   0.00714528 0.0104155 747.433
16 749   0.00713104 0.0107125 773.948
16 750   0.00710256 0.0113065 779.278
16 751   0.00736752 0.0110479 769.637
16 752   0.00648785 0.0106751 820.101
16 753   0.00682833 0.0107862 793.276
16 754   0.00679985 0.0111505 783.571
16 755   0.00651601 0.0112018 781.442
16 756   0.00628881 0.0114155 773.875
16 757   0.00630801 0.0109614 788.634
16 759   0.00601954 0.0109678 772.45
16 760   0.00596257 0.0112371 756.084
16 761   0.00566946 0.0111986 713.653
16 770   -0.0329424 0.023087 966.621
16 771   -0.0348527 0.0252982 961.664
16 779   -0.00407122 0.0179094 945.422
16 780   -0.00688954 0.0181717 962.587
16 782   0.00132326 -0.0125655 751.461
16 788   -0.0510348 0.0324944 675.824
16 795   -0.0461687 -0.0323669 703.408
16 808   -0.0329596 -0.0212256 969.158
16 885   0.00229155 0.0269419 793.178
16 886   -0.00266693 0.028439 867.134
16 887   -0.00290849 0.0319582 809.705
16 889   0.00386666 0.0334871 682.455
16 890   0.000233318 0.0334871 719.045
16 908   -0.002897 -0.0321383 779.754
16 909   -0.00261574 -0.0287096 839.201
16 911   0.000239805 -0.0336598 706.538
16 912   0.0038699 -0.0336598 678.811
16 961   -0.0242324 -0.0325 938.357
16 962   -0.0294036 -0.0249512 955.657
16 963   -0.0259556 -0.0225 955.86
16 964   -0.0208985 -0.0297285 941.363
16 965   -0.0220845 -0.0247285 950.132
16 966   -0.0136131 -0.0291856 932.424
16 967   -0.016142 -0.0322285 929.722
16 968   -0.0142541 -0.0241856 955.444
16 969   -0.0164034 -0.0222285 955.632
16 970   -0.0195346 -0.0222285 952.842
16 974   -0.024236 0.0325 939.269
16 975   -0.0263323 0.0225 956.362
16 976   -0.0297249 0.024558 957.767
16 977   -0.0220945 0.0247211 950.278
16 978   -0.0209072 0.0297211 942.269
16 979   -0.0142808 0.0241634 954.892
16 980   -0.0161513 0.0322211 932.086
16 981   -0.0136312 0.0291634 934.472
16 983   -0.0195496 0.0222211 952.603
16 984   -0.0164268 0.0222211 955.059
16 989   -0.00128713 0.0126642 899.217
16 1002   -0.0505643 -0.0249961 792.409
16 1003   -0.0490991 -0.02991 700.177
16 1004   -0.0510348 -0.0325431 675.463
16 1005   -0.00644073 -0.0121999 806.546
16 1006   -0.00596452 -0.0111747 773.169
16 1007   -0.00655572 -0.0113992 785.961
16 1008   -0.00565653 -0.0124679 826.034
16 1009   -0.00564018 -0.0115298 755.35
16 1010   -0.00544718 -0.0120223 794.424
16 1012   -0.00515575 -0.0114134 722.912
16 1013   -0.00545135 -0.0112585 693.344
16 1110   -0.0386266 -0.0213937 828.26
16 1111   -0.0393526 -0.0200275 858.272
16 1112   -0.040172 -0.0222449 963.43
16 1113   -0.0408979 -0.0208787 964.833
16 1115   -0.00730294 -0.0103704 686.346
16 1116   -0.00710587 -0.0110078 786.011
16 1117   -0.00690881 -0.0105769 798.957
16 1139   -0.00616782 -0.0193196 852.14
16 1140   -0.00449454 -0.0191681 957.019
16 1141   -0.00428188 -0.0206692 964.417
16 1142   -0.0370673 0.0218363 881.34
16 1143   -0.0410322 0.0218352 967.439
16 1144   -0.0403511 0.0234397 965.409
16 1145   -0.0384036 0.0246331 964.564
16 1146   -0.0368445 0.0240475 968.023
16 1174   -0.00804242 -0.0218606 907.034
16 1175   -0.00639125 -0.0234319 967.987
16 1176   -0.00785365 -0.0236248 968.433
16 1177   -0.00668636 -0.0209172 778.861
16 1178   -0.00586077 -0.0217028 924.104
16 1179   -0.00661321 0.0110015 799.284
16 1183   -0.0072044 0.0104233 888.38
16 1184   -0.0072044 0.0109601 866.269
16 1186   0.00661321 -0.0110567 810.474
16 1188   0.0072044 -0.0104509 895.88
16 1189   0.0072044 -0.011043 864.424
16 1192   -0.00806066 0.0218269 924.855
16 1193   -0.00789836 0.0235384 967.731
16 1194   -0.00645244 0.0233077 967.453
16 1195   -0.00458487 0.019243 964.187
16 1196   -0.00439122 0.0206257 966.208
16 1197   -0.00618225 0.0194068 938.602
16 1198   -0.00590745 0.0216452 955.549
16 1199   -0.00671156 0.0209048 849.82
16 1226   0.00526425 0.0122538 808.884
16 1227   0.00561681 0.0119444 782.959
16 1228   0.00549426 0.0115298 740.847
16 1230   0.00496003 0.0115703 736.361
16 1231   0.00519651 0.0114464 709.029
16 1326   -0.0374909 -0.0216512 854.138
16 1327   -0.0367092 -0.0228768 960.728
16 1328   -0.0358563 -0.0206128 911.167
16 1329   -0.0350745 -0.0218384 965.607
16 1330   -0.00688954 0.0147822 892.524
16 1331   -0.00627907 0.0163996 923.324
16 1332   -0.00505814 0.0163011 917.692
16 1333   -0.00511596 0.0124905 743.173
16 1334   -0.00629834 0.0129446 818.095
16 1335   -0.00456301 0.0135721 798.87
16 1336   -0.00452447 0.0150013 890.221
16 1337   -0.00316403 0.0150782 904.169
16 1338   -0.00270714 0.0142509 895.981
16 1339   -0.00255089 0.0128683 827.608
16 1340   -0.00324795 0.0135333 839.756
16 1341   -0.00374338 0.0129313 757.279
16 1343   -0.00271692 0.0123199 760.081
16 1344   -0.00337573 0.012213 717.227
16 1406   -0.00453918 -0.014812 947.903
16 1407   -0.00277006 -0.0139655 963.237
16 1408   -0.00315926 -0.0147764 966.404
16 1409   -0.00344626 -0.0135345 944.825
16 1410   -0.00305623 -0.0127833 939.856
16 1411   -0.00339118 -0.0121384 963.323
16 1412   -0.00342177 -0.0125109 946.266
16 1413   -0.00467116 -0.0124923 863.462
16 1414   -0.00425662 -0.0119056 818.382
16 1415   -0.00455221 -0.0117508 781.617
16 1416   -0.00497092 -0.0121079 810.928
16 1417   -0.00486833 -0.0117702 777.58
16 1418   -0.00556237 -0.0137083 897.614
16 1419   -0.00494945 -0.0141253 927.127
16 1420   -0.0053911 -0.0130252 868.431
16 1421   -0.00488199 -0.012964 883.143
16 1422   -0.00399117 -0.0136281 936.361
16 1423   -0.00449223 -0.0138251 929.04
16 1424   -0.00459604 -0.0133469 911.355
16 1425   -0.0037664 -0.0128203 929.18
16 1426   -0.00424418 -0.0131135 916.599
16 1427   -0.00394577 -0.0131863 927.95
16 1428   -0.00432148 -0.0125727 893.183
16 1429   -0.00418045 -0.012811 911.48
16 1430   -0.00394917 -0.0126841 921.771
16 1431   -0.00415324 -0.0121452 879.128
16 1432   -0.00420175 -0.0124082 895.571
16 1433   -0.00397865 -0.0124833 919.944
16 1434   -0.00368731 -0.0121847 953.877
16 1435   -0.00389657 -0.0123201 929.025
16 1436   -0.0039637 -0.0121204 918.124
16 1439   -0.00383686 -0.0119717 960.762
16 1440   -0.00367201 -0.0119985 966.41
16 1471   0.0044913 0.0124948 856.364
16 1472   0.00422104 0.0119 788.02
16 1473   0.0048187 0.0121904 810.017
16 1474   0.00475527 0.0118596 774.418
16 1475   0.00445752 0.0117761 767.996
16 1476   0.00414709 0.0121249 841.329
16 1477   0.00402436 0.0125698 894.259
16 1478   0.00423568 0.0124508 870.626
16 1479   0.00367178 0.0122229 926.331
16 1480   0.00396646 0.0121327 880.727
16 1481   0.00390509 0.0123552 899.89
16 1484   0.00382765 0.0119851 929.346
16 1485   0.00363863 0.0120158 945.541
16 1514   -0.0356253 0.021029 940.319
16 1515   -0.0334921 0.021029 969.394
16 1520   -0.0386394 0.0165022 968.493
16 1523   -0.0406411 0.0185134 966.182
16 1524   -0.039209 0.01767 961.544
16 1525   -0.0380697 0.0186678 930.443
16 1526   -0.0398772 0.0203184 921.754
16 1527   -0.0384451 0.0203084 751.97
16 1565   -0.0386078 -0.0188389 895.177
16 1567   -0.0398259 -0.0169107 967.448
16 1568   -0.0387181 -0.0155718 969.459
16 1577   -0.0109228 -0.0209785 969.246
16 1578   -0.00906547 -0.0209785 940.741
16 1581   0.000234611 -0.0128724 906.316
16 1582   0.00056966 -0.0130983 887.107
16 1583   0.000831976 -0.0127853 823.722
16 1586   0.000332226 -0.0125862 873.378
16 1587   0.00066163 -0.0125327 813.045
16 1610   -0.0405622 -0.0310368 861.667
16 1611   -0.0390466 -0.0336789 859.52
16 1628   -0.0090759 0.0209711 951.537
16 1629   -0.0109441 0.0209711 968.851
16 1665   0.00615022 -0.0135893 778.627
16 1666   0.00485624 -0.0136229 750.55
16 1667   0.00437664 -0.0127422 720.697
16 1668   0.00626182 -0.0118068 783.199
16 1669   0.00685301 -0.0126812 798.223
16 1671   0.00478384 -0.0119891 721.805
16 1672   0.00537503 -0.0116793 742.018
16 1694   0.000679753 -0.0236725 866.505
16 1695   0.00401054 -0.0279248 704.879
16 1696   0.000661704 -0.0271765 782.301
16 1697   0.00402858 -0.0218659 803.689
16 1698   0.00582558 -0.0240297 741.294
16 1704   0.00351185 -0.0125103 701.019
16 1707   0.00286433 -0.0131758 726.213
16 1708   0.00231712 -0.0126844 716.816
16 1714   -0.0499779 0.00574135 956.153
16 1715   -0.0499779 0.0107445 950.046
16 1736   0.00568495 -0.0323196 674.454
16 1737   0.00568495 -0.0296391 685.297
16 1756   -0.0314883 0.033529 924.889
16 1757   -0.028103 0.031029 938.657
16 1758   -0.0295289 0.028087 945.728
16 1759   -0.0347957 0.0322113 913.505
16 1760   -0.0333316 0.0277982 945.145
16 1761   -0.0352131 0.0294225 926.476
16 1762   -0.0399779 0.0107196 964.216
16 1763   -0.0399779 0.00566653 961.4
16 1770   0.00568333 0.0319741 678.104
16 1771   0.00568333 0.0289482 699.377
16 1784   0.00108381 0.0124675 789.53
16 1785   0.000918122 0.0124944 820.632
16 1789   -0.0492247 0.0260067 781.415
16 1790   -0.0491201 0.0299239 700.35
16 1791   -0.0434807 0.0258119 902.233
16 1792   -0.0459494 0.0245301 887.848
16 1793   -0.0461898 0.0324295 703.21
16 1794   -0.0438256 0.0297941 806.028
16 1865   -0.0315135 -0.0337256 923.703
16 1866   -0.0296061 -0.0286768 942.977
16 1867   -0.0281267 -0.0312256 937.588
16 1868   -0.0337507 -0.0298558 928.287
16 1869   -0.0346738 -0.0324046 912.807
16 1875   0.00188616 0.0126884 818.652
16 1876   0.00173516 0.012466 768.498
16 1877   0.00274138 0.0164519 963.992
16 1878   0.00228271 0.0156696 967.737
16 1879   0.00379975 0.0158417 968.484
16 1880   0.00370169 0.0150861 968.925
16 1881   0.00298048 0.0150328 969.244
16 1882   0.0042433 0.0143657 957.46
16 1883   0.00392013 0.0138384 942.236
16 1884   0.00252503 0.0138012 940.657
16 1885   0.0033482 0.0139308 947.203
16 1886   0.00295016 0.0144047 962.604
16 1887   0.00315435 0.0133787 923.829
16 1888   0.00269179 0.0132757 908.779
16 1889   0.00341474 0.0129193 913.384
16 1890   0.00315943 0.0125357 913.327
16 1891   0.00249895 0.0122179 872.445
16 1892   0.00273913 0.0125149 890.349
16 1893   0.00253187 0.0127955 876.576
16 1894   0.00230576 0.0123728 837.339
16 1895   0.00213553 0.0126473 832.028
16 1896   0.00231466 0.0126183 848.726
16 1898   0.00189051 0.0123167 762.578
16 1899   0.00212219 0.0122791 804.232
16 1900   0.00205558 0.0124134 800.44
16 1958   -0.0511394 0.0177495 916.331
16 1959   -0.0457964 0.0167987 946.567
16 1960   -0.0485177 0.0154609 938.917
16 1961   -0.0497787 0.0204989 900.688
16 1962   -0.0470574 0.0197562 921.352
16 1975   -0.0348106 -0.0260814 956.112
16 1976   -0.0381485 -0.0284414 918.435
16 1977   -0.0357098 -0.0285347 930.545
16 1978   -0.0384129 -0.0258008 951.009
16 1979   -0.0367559 -0.0246686 966.345
16 1989   0.000453415 0.0157 959.096
16 1990   7.35346e-05 0.01645 952.63
16 1991   -0.000915252 0.0158863 942.854
16 1992   -0.00104665 0.0143959 935.313
16 1993   -0.000224905 0.0150981 953.815
16 1994   -0.000845837 0.0151746 942.474
16 1995   0.000122328 0.0139795 965.621
16 1996   -0.000230339 0.0145213 955.856
16 1997   -0.000621089 0.0141176 946.96
16 1998   5.15938e-05 0.0129994 968.04
16 1999   -5.19472e-05 0.0135258 964.963
16 2000   -0.000484898 0.0136257 951.671
16 2001   -0.000288363 0.0128853 961.784
16 2002   -0.000834242 0.0128817 926.347
16 2003   -0.000587279 0.0132098 946.588
16 2005   -0.000370624 0.0125839 951.396
16 2006   -0.000700028 0.0125304 926.66
end
