514
16 255   -0.0449783 0.00325716 838.728
16 256   -0.0451575 -0.00292496 838.353
16 257   -0.0399783 0.00825717 856.86
16 258   -0.0477788 -0.0217785 717.802
16 259   -0.0397999 -0.0323018 698.841
16 260   -0.0360986 -0.0293534 738.536
16 261   -0.0322066 -0.0320516 745.511
16 262   -0.0322321 0.0320581 745.133
16 263   -0.0411398 -0.00645021 849.043
16 264   0.00461838 -0.0242979 688.95
16 265   -0.00172764 0.0289613 690.489
16 266   0.00343308 0.0214595 697.521
16 267   -0.0435001 -0.0296602 690.293
16 268   0.00244017 -0.0210254 706.777
16 269   -0.000316273 0.0233324 702.726
16 270   -0.0497153 -0.0177533 747.977
16 271   -0.0384823 -0.00714237 859.427
16 272   0.00532179 -0.0181574 721.847
16 273   0.00415638 -0.0159621 745.705
16 274   0.00633459 -0.014503 791.834
16 275   -0.00579487 0.0146269 840.919
16 276   -0.00696632 0.01384 879.869
16 277   0.00690881 -0.0119637 897.5
16 278   -0.00668994 0.0124354 891.608
16 279   -0.00633119 0.0109523 906.982
16 455   -0.00500954 -0.0129393 743.994
16 456   -0.00619192 -0.0139865 791.693
16 457   -0.00572642 -0.0117626 766.096
16 458   -0.00690881 -0.0111431 846.931
16 459   0.00572642 0.012111 776.17
16 460   -0.00722362 0.011907 909.365
16 461   0.00661321 -0.0110367 917.6
16 462   0.0072044 -0.0110129 942.592
16 471   -0.00694842 0.0108659 941.235
16 472   -0.00722362 0.0111959 934.795
16 474   -0.00708719 0.0104533 965.974
16 475   -0.0443198 -0.0225103 741.683
16 476   -0.0429713 -0.0254781 718.021
16 499   -0.0138315 -0.0319594 742.941
16 502   -0.00998279 -0.0304391 729.209
16 503   -0.00732727 -0.0334797 705.626
16 504   -0.00834457 -0.0271854 740.991
16 505   -0.00493358 -0.0267591 716.015
16 506   0.00705661 -0.0105183 963.168
16 508   -0.0497794 0.0184202 740.505
16 509   -0.0473136 0.0259431 692.823
16 510   -0.0511397 0.0239921 695.394
16 511   -0.048419 0.0211705 720.137
16 512   -0.0440402 0.0244675 717.483
16 513   -0.0451457 0.0217755 737.882
16 518   -0.00208211 0.0208033 734.425
16 519   -0.0355308 0.0307406 731.492
16 520   -0.0410119 0.0310474 696.326
16 521   -0.0392004 0.0336825 698.724
16 522   -0.0359555 0.0279521 754.308
16 523   -0.0387291 0.0282589 725.624
16 536   -0.00487383 0.0302407 700.01
16 537   -0.00734731 0.0334939 704.457
16 538   -0.0100635 0.0304817 727.357
16 539   -0.00628997 0.0271079 722.344
16 540   -0.00888996 0.027349 741.137
16 541   -0.0359196 -0.0253792 816.113
16 542   -0.0345732 -0.0210258 906.759
16 543   -0.0329418 -0.0230774 866.892
16 544   -0.00114894 -0.0203447 729.958
16 642   0.00416724 0.0178547 709.203
16 643   0.0052067 0.0137443 740.86
16 644   0.00180632 0.0164163 713.227
16 645   -0.000693679 0.0174921 724.91
16 646   -0.00230039 0.0165228 742.017
16 647   -0.000525196 0.0138864 703.409
16 648   -0.00185375 0.0147882 720.435
16 649   -0.00461795 0.0139149 783.108
16 650   -0.00331591 0.0141966 733.882
16 651   -0.00428266 0.0126078 751.045
16 652   -0.00493136 0.0129908 795.847
16 653   -0.00574836 0.0116191 866.511
16 654   -0.0058319 0.0122982 862.044
16 657   -0.00512493 0.0116059 814.585
16 658   -0.00455978 0.011902 769.233
16 661   -0.0242955 0.0325 763.489
16 662   -0.0288833 0.0295581 771.508
16 663   -0.0264552 0.0225 823.653
16 664   -0.0297977 0.0245581 825.491
16 665   -0.0222529 0.0247439 796.952
16 666   -0.0210076 0.0297439 770.85
16 667   -0.0144736 0.0242317 802.005
16 668   -0.0162168 0.0322439 749.889
16 669   -0.0137537 0.0292317 752.931
16 671   -0.0197396 0.0222439 805.108
16 672   -0.0166245 0.0222439 808.142
16 675   -0.0471582 0.016138 781.244
16 676   -0.0473571 0.0130558 801.987
16 677   -0.0423571 0.0130558 855.422
16 678   -0.0386397 0.0173365 909.478
16 679   -0.0432979 0.0168078 840.489
16 680   -0.0410185 0.0154683 877.078
16 722   -0.0146854 -0.0219594 816.54
16 724   -0.0505635 -0.0249875 691.328
16 818   0.00690881 0.0120824 810.29
16 827   0.0073522 -0.0102204 869.794
16 828   0.0073522 -0.0105065 967.58
16 830   -0.0073624 0.0104277 961.592
16 834   -0.0072936 0.0102267 903.274
16 836   -0.0370469 -0.0219476 927.85
16 837   -0.0379137 -0.0242494 843.537
16 838   -0.0402705 -0.0240414 799.375
16 842   -0.00517721 -0.0202789 870.762
16 843   -0.00305884 -0.0218121 752.638
16 844   -0.00405685 -0.0239545 739.14
16 845   -0.0411574 0.0249991 748.149
16 846   -0.0392178 0.0261917 752.725
16 847   -0.00120238 -0.017492 736.418
16 848   0.00181728 -0.0156508 729.57
16 849   -0.000274168 -0.0145343 714.818
16 850   4.76244e-05 -0.016242 725.607
16 852   0.00331101 -0.0127685 747.201
16 853   0.000819704 -0.013247 715.824
16 854   0.00215429 -0.0138361 732.759
16 881   -0.00316834 -0.0128324 702.142
16 882   -0.00228579 -0.0142267 713.815
16 883   -0.00109387 -0.0135735 704.064
16 889   0.000867428 0.0137964 705.513
16 890   0.00225651 0.0149061 712.832
16 891   0.00343504 0.0137568 717.714
16 893   0.00138716 0.0127539 704.975
16 894   0.00270477 0.0125401 707.102
16 900   -0.0400728 0.0190141 913.352
16 901   -0.0423522 0.018687 858.005
16 902   -0.0429391 0.0207028 802.683
16 903   -0.03969 0.0216262 899.005
16 904   -0.0414166 0.0226452 812.824
16 908   -0.0054856 0.0205589 884.365
16 909   -0.00423495 0.0223057 773.785
16 910   -0.00567338 0.0244874 754.947
16 916   -0.051035 0.0324945 670.188
16 919   -0.0472088 0.0298594 679.44
16 920   -0.0442787 0.0323649 681.413
16 944   -0.0461683 -0.0323585 675.962
16 947   -0.0510349 -0.032543 670.096
16 948   -0.0490984 -0.0299015 675.946
16 976   -0.0074312 0.0100953 589.031
16 977   -0.0074312 0.0102138 811.245
16 993   0.00279983 -0.0277536 681.488
16 994   -0.00292047 -0.0322198 689.94
16 995   -0.00216501 -0.028753 693.564
16 998   0.00386292 -0.0337401 671.756
16 999   0.000225835 -0.0337401 679.316
16 1000   0.000205116 0.0322145 679.659
16 1003   -0.0501575 -0.00542478 825.704
16 1006   -0.0485441 -0.014963 781.547
16 1007   -0.0489863 -0.00938715 815.117
16 1008   -0.0513288 -0.0114624 798.412
16 1009   -0.0435763 -0.0109127 840.542
16 1010   -0.0464227 -0.0113498 817.175
16 1011   -0.0459805 -0.0144257 804.992
16 1012   -0.0421369 -0.0127193 854.642
16 1013   -0.0433699 -0.0151947 840.386
16 1014   -0.0397005 -0.0118735 869.143
16 1015   -0.0387182 -0.0133483 880.037
16 1016   -0.042364 -0.0198188 841.403
16 1017   -0.0420411 -0.0170656 865.61
16 1018   -0.0389703 -0.0205888 934.88
16 1019   -0.0405113 -0.0214067 882.917
16 1020   -0.0386076 -0.0180003 919.025
16 1021   -0.0398259 -0.016065 892.126
16 1047   -0.0116689 -0.0229391 827.639
16 1048   -0.00902602 -0.0246854 794.869
16 1049   -0.00723441 -0.0216548 903.869
16 1050   -0.00682153 -0.023401 822.001
16 1079   -0.0345839 0.0210291 905.055
16 1080   -0.0329842 0.0230872 867.47
16 1081   -0.0348875 0.0252987 824.716
16 1082   -0.037457 0.0226443 907.244
16 1083   -0.0372441 0.0248558 826.471
16 1102   -0.00548647 -0.0154551 792.953
16 1103   -0.00538366 -0.0185725 869.113
16 1104   -0.00679455 -0.0173019 872.241
16 1105   -0.00331872 -0.0172529 766.747
16 1106   -0.00342154 -0.0158022 748.863
16 1113   0.00661321 0.0110555 839.841
16 1117   0.0072044 0.0110412 878.806
16 1118   0.0072044 0.0104503 907.4
16 1126   -0.00563401 0.0160784 849.065
16 1127   -0.00424493 0.017208 806.575
16 1128   -0.00680546 0.0176766 897.241
16 1129   -0.00541638 0.0188062 886.499
16 1131   0.00568146 -0.0324803 669.877
16 1132   0.00568146 -0.0299606 672.54
16 1138   -0.00132308 0.012844 697.052
16 1139   -0.00329951 0.0125232 707.204
16 1140   -0.00264617 0.013188 709.64
16 1155   0.00602202 -0.0118563 880.942
16 1156   0.00426542 -0.0125067 805.706
16 1157   0.0054478 -0.0129691 827.997
16 1188   -0.0243235 -0.0325 763.891
16 1189   -0.0288784 -0.0295516 772.346
16 1190   -0.0222934 -0.0225 807.586
16 1191   -0.0297927 -0.0245516 825.693
16 1192   -0.0265196 -0.0225 824.004
16 1193   -0.0184905 -0.0244594 796.432
16 1194   -0.0186413 -0.0294594 768.074
16 1213   -0.0114668 0.0229817 831.557
16 1214   -0.0101174 0.0209939 884.609
16 1215   -0.00957336 0.024849 793.381
16 1216   -0.00754935 0.0218673 904.329
16 1217   -0.00759869 0.0237346 822.496
16 1381   0.00638908 0.0153193 730.306
16 1382   0.00638908 0.0173448 712.079
16 1392   0.00565492 0.0245254 684.553
16 1394   0.0056834 0.0324369 669.954
16 1395   0.00383832 0.0296515 675.113
16 1419   -0.0114913 -0.0209797 860.764
16 1420   -0.00926132 -0.0209797 897.785
16 1442   -0.0499783 0.00575735 824.962
16 1443   -0.0499783 0.0107574 805.346
52 280   0.00941371 -0.00171987 689.647
52 281   0.00536413 -0.0024061 697.938
52 282   0.00717911 -0.00113868 693.875
52 283   -0.000765496 0.00537085 703.142
52 284   0.0100062 -0.00376347 692.61
52 285   0.00127264 0.00429746 702.56
52 286   0.00140747 -0.00449159 702.146
52 287   -0.0005936 -0.0054809 703.923
52 288   -0.0026753 -0.00225281 700.397
52 289   0.00131323 -0.00226645 700.727
52 290   -0.000686037 0.00101365 700.563
52 291   -0.000671514 -0.0011643 700.629
52 292   0.00325209 -0.00119961 699.085
52 293   0.00124869 0.00204796 700.696
52 294   0.0108125 0.000237223 686.084
52 295   0.00320206 0.000936847 698.891
52 296   -0.00269162 -0.00434426 702.667
52 297   -0.00454594 -0.00116087 697.999
52 298   -0.0063242 0.00208106 697.523
52 299   -0.00981344 0.00153495 690.489
52 300   -0.00446898 0.00100111 698.566
52 301   0.0054049 -0.00440959 700.712
52 302   -0.00795603 0.000889762 693.687
52 303   0.00500425 0.0019237 696.718
52 304   -0.00631701 0.00410426 700.936
52 305   -0.00635776 -0.00208725 694.826
52 306   0.00686925 0.00105466 692.829
52 307   0.00506736 0.00379208 698.682
52 308   -0.00791263 -0.00111656 691.949
52 309   0.00833486 0.0022182 688.755
52 310   -0.0042973 -0.00521316 704.198
52 311   0.0100435 0.00198195 685.038
52 312   -0.00436914 -0.00698934 712.796
52 313   0.00670204 0.00443931 694.828
52 314   -0.00900655 0.00489956 698.774
52 315   -0.00667807 -0.00367088 694.318
52 316   0.0067405 -0.0054682 703.839
52 317   -0.00582196 -0.00470247 699.577
52 318   -0.00757185 0.00500502 703.504
52 319   0.00810453 0.00373446 688.206
52 320   0.00892997 -0.00519082 698.208
52 321   -0.00915584 -0.00199406 688.8
52 322   -0.0104065 -0.00176275 686.243
52 323   0.00704474 0.00560737 698.376
52 324   0.00785806 -0.00547325 704.602
52 325   -0.00681076 -0.00570768 700.927
52 326   -0.0109624 -0.00300344 685.521
52 327   -0.00806694 -0.00410146 688.581
52 328   0.00641206 -0.00684326 709.587
52 329   0.00575093 -0.00747432 703.808
52 330   0.0108737 0.00304492 683.886
52 331   -0.00917124 0.00616106 705.283
52 332   0.00947909 -0.00640951 704.897
52 333   0.00910742 0.00443849 683.561
52 334   -0.00739023 0.00632348 712.186
52 335   -0.00922476 -0.00311822 687.486
52 336   0.0105541 0.00392046 684.707
52 337   -0.00932392 0.00689705 716.565
52 338   -0.00885701 -0.00377096 686.889
52 339   0.0100257 0.00437481 683.656
52 340   -0.0069174 0.00698081 718.47
52 341   -0.010231 -0.00355865 686.27
52 342   -0.00779654 -0.00556997 689.086
52 343   0.0080988 -0.00668741 717.877
52 344   -0.00819661 -0.00499535 686.058
52 345   0.00721146 -0.00742533 728.706
52 346   0.00814933 0.00585794 682.439
52 347   -0.00819663 0.00663887 718.504
52 348   0.00873613 -0.00696013 722.616
52 349   -0.010227 -0.00421752 685.885
52 350   0.00778064 -0.00726443 733.365
52 351   -0.00839236 -0.0060214 679.119
52 352   0.0089612 0.00518018 681.052
52 353   -0.00815467 0.00734086 740.819
52 354   0.00861614 0.0055943 680.219
52 355   -0.00950508 -0.0043781 684.5
52 356   0.00667884 -0.00838268 737.268
52 357   -0.00887874 -0.00524038 681.193
52 358   -0.0085189 0.00764437 759.504
52 359   -0.00735808 0.00763186 739.691
52 360   -0.00952164 -0.00482807 682.788
52 361   0.0087944 -0.00755734 745.465
52 362   -0.00891941 -0.0057452 677.811
52 363   0.00721983 -0.00802762 746.867
52 364   -0.00928488 -0.00512037 681.023
52 365   -0.00704064 0.00829375 752.156
52 366   -0.00778895 0.00767652 754.598
52 367   0.0103023 0.00501281 682.795
52 368   -0.0105405 -0.00456027 686.306
52 369   0.00809039 -0.00778212 764.164
52 370   0.00905296 0.00596994 675.757
52 371   -0.00935978 -0.00591832 675.159
52 372   0.00949385 0.00540941 678.107
52 373   0.00846682 -0.00780231 767.34
52 374   0.00705572 -0.00830757 750.499
52 375   -0.00727992 0.00805508 753.107
52 376   -0.00995883 -0.00503772 682.842
52 377   -0.0102558 -0.00493049 684.816
52 378   0.00939848 0.00578399 675.625
52 379   -0.00964498 -0.00573288 676.438
52 380   0.0100406 0.00525905 680.673
52 381   -0.00843372 0.00813682 802.381
52 382   0.00798714 -0.00814716 793.687
52 383   0.0098116 0.00539052 678.599
52 384   -0.00961075 -0.00543974 678.948
52 385   -0.00785189 0.00809122 783.833
52 386   -0.00992096 -0.00535097 680.91
52 387   -0.0104767 -0.00514101 686.107
52 388   0.00758576 -0.00823108 772.531
52 389   0.00739624 -0.00863014 777.194
52 390   -0.00760415 0.00824492 779.231
52 391   0.00851203 -0.00814302 799.418
52 392   -0.0108224 -0.00460324 687.533
52 393   0.00964132 0.00593523 673.922
52 394   0.00780309 -0.00826201 793.154
52 395   -0.0082296 0.00828265 825.358
52 396   -0.00803142 0.00826185 813.419
52 397   -0.0104733 -0.00540072 686.584
52 398   -0.0101156 -0.00551954 681.44
52 399   -0.0106851 -0.00498046 687.339
52 400   0.0082089 -0.00836494 835.862
52 401   0.00757742 -0.0085357 785.977
52 402   -0.00991757 -0.00583846 676.118
52 403   0.0105472 0.00533485 684.23
52 404   -0.0103348 -0.00552551 685.07
52 405   0.0102584 0.00548354 681.173
52 406   0.010643 0.00507252 684.636
52 407   -0.00765134 0.00846713 795.678
52 408   0.00991402 0.00566645 676.666
52 409   0.0098391 0.00583659 674.659
52 410   -0.00755812 0.00860599 791.297
52 411   0.0104244 0.00549963 683.383
52 412   -0.010078 -0.00571389 679.347
52 413   -0.00796577 0.00850854 845.362
52 414   0.00774631 -0.00864623 808.346
52 415   0.00787173 -0.0085278 825.639
52 416   0.00835736 -0.00834061 831.076
52 417   0.00999465 0.00594317 673.706
52 418   -0.00783344 0.00856011 826.642
52 419   0.0081872 -0.00856615 873.596
52 420   0.0100873 0.00571341 677.345
52 421   0.0102028 0.00566197 679.599
52 422   0.0104502 0.00569692 685.169
52 423   -0.0100016 -0.00596542 674.883
52 424   0.0080894 -0.0086258 882.345
52 425   0.00797862 -0.00861972 862.056
52 426   -0.0103975 -0.005692 687.223
52 427   0.0101189 0.00586667 675.648
52 428   -0.0102177 -0.00579619 681.182
52 429   -0.00805691 0.00861559 878.604
52 430   0.00778727 -0.00877585 813.706
52 431   0.0103001 0.00577566 681.042
52 432   -0.00815317 0.00861288 884.775
52 433   0.0102241 0.00591733 676.319
52 434   0.00795949 -0.00875498 876.325
52 435   -0.010318 -0.00576833 685.485
52 436   -0.0102309 -0.00589326 680.095
52 437   0.0103815 0.00579453 685.196
52 438   -0.0101752 -0.00593792 677.24
52 439   0.00789356 -0.00879269 842.525
52 440   0.00812336 -0.00874773 907.229
52 441   0.0102898 0.00587777 679.801
52 442   -0.0104805 -0.00571972 690.254
52 443   -0.0103677 -0.0058367 689.243
52 444   -0.0104514 -0.00579982 692.539
52 445   0.0080177 -0.0087979 900.271
52 446   0.00807079 -0.00878457 915.791
52 447   -0.0104181 -0.00584047 694.057
52 448   -0.00800984 0.00884217 902.26
52 449   0.0103398 0.00592667 681.68
52 477   0.0055413 0.00722894 729.07
52 478   -0.00176652 0.00809087 705.292
52 479   -0.000642494 0.00704575 704.662
52 480   -0.000269003 0.00929777 704.995
52 481   0.000855025 0.00825265 706.382
52 482   -0.0028837 0.00838849 706.474
52 485   0.00234664 -0.0080547 705.935
52 486   0.00305995 -0.00883803 707.867
52 524   -0.00650736 -0.0066144 714.964
52 525   -0.0055904 -0.00738539 732.373
52 561   -0.000372583 -0.00714353 705.595
52 562   -0.00141212 -0.00818008 707.622
52 563   0.00119264 -0.00829378 705.659
52 564   0.000153102 -0.00933033 705.364
52 565   -0.00362737 -0.00810286 710.72
52 566   -0.00249705 -0.00849986 711.752
52 576   0.00454458 0.0067405 711.936
52 577   0.00395487 0.0048572 703.094
52 578   0.00262339 0.00525226 704.08
52 579   0.00201903 0.00806829 708.971
52 580   0.00261111 0.00679736 707.043
52 581   0.00381509 0.00747376 710.844
52 582   0.00378816 0.00854619 710.986
52 583   0.00265784 0.00894319 712.621
52 584   -0.00324574 0.00207527 700.142
52 585   -0.00197998 0.00209897 700.682
52 586   -0.00208339 0.00420668 701.844
52 587   -0.00482866 0.00461075 701.813
52 588   -0.0036126 0.00366171 701.025
52 589   -0.00308569 0.00470424 701.876
52 590   -0.0048568 0.00561245 702.883
52 591   -0.00374671 0.0056941 702.2
52 592   -0.0063075 0.00701365 710.924
52 593   -0.00555364 0.00645726 704.421
52 594   -0.00525404 0.00726764 701.489
52 595   -0.00660959 0.00834824 735.77
52 596   -0.0062584 0.0078637 715.213
52 597   -0.00575998 0.00807687 701.947
52 682   -0.00482666 0.0077853 696.388
52 683   -0.00401617 0.00705657 701.454
52 684   -0.00371645 0.00805107 701.874
52 729   -0.00822974 0.00856562 875.803
52 730   -0.00829068 0.00848762 859.585
52 750   -0.00804901 0.00883839 929.266
52 760   0.0104161 0.00587153 690.671
52 762   0.0104106 0.0058865 692.426
52 763   0.0104217 0.00594211 926.936
52 766   -0.0103321 -0.00593912 684.804
52 767   -0.0103086 -0.005907 683.77
52 768   -0.0103451 -0.00587829 688.22
52 769   -0.0103652 -0.00592241 691.163
52 770   -0.010372 -0.00589841 692.298
52 772   -0.010386 -0.00593703 696.59
52 804   0.00807486 -0.00887251 107.521
52 806   0.00806801 -0.00885095 917.584
52 808   0.00807619 -0.00884295 958.129
52 811   0.00808486 -0.00883188 947.337
52 812   0.00809353 -0.0088208 937.5
52 925   0.00400121 -0.00500218 701.424
52 926   0.00280262 -0.00662037 703.054
52 927   0.00276238 -0.0052099 702.045
52 928   0.0049981 -0.00715364 700.622
52 929   0.00373915 -0.00665611 702.128
52 930   0.00434375 -0.00616921 702.042
52 931   0.00385316 -0.00824854 702.111
52 932   0.00471063 -0.00778014 697.799
52 933   0.00407639 -0.00750095 701.43
52 935   0.00420982 -0.0086402 700.922
52 936   0.00476498 -0.00841526 695.151
52 1057   0.0062195 -0.00830993 716.05
52 1058   0.00592688 -0.00826358 703.822
52 1094   -0.0110285 0.000431491 688.638
52 1095   -0.0110129 -0.000911622 687.376
52 1211   0.00622902 0.0066507 717.058
52 1212   0.0066875 0.00626521 709.71
52 1321   -0.0104144 0.00294539 691.803
52 1322   -0.00998455 0.00421795 695.708
52 1399   0.00800981 -0.0088448 900.067
52 1400   0.00804604 -0.00885053 928.248
52 1466   -0.00805194 0.00885881 939.125
52 1467   -0.0104296 -0.005882 700.15
52 1469   -0.0103966 -0.00590041 698.306
52 1470   -0.0104156 -0.00589628 702.327
52 1471   -0.0104268 -0.00591639 717.588
52 1472   -0.010397 -0.00592929 702.664
52 1473   -0.0104008 -0.00591666 702.855
52 1474   -0.0104154 -0.00592476 718.285
52 1476   -0.0104232 -0.00594156 787.616
52 1477   -0.0104161 -0.00593668 736.072
52 1478   -0.0104072 -0.00593914 711.288
52 1486   0.010366 0.00592253 685.235
52 1489   0.0104112 0.00594061 751.52
52 1490   0.0104172 0.00592872 711.844
52 1491   0.0103919 0.00590746 693.039
52 1536   -0.00715743 0.00860436 769.6
52 1537   -0.00738585 0.00864054 781.256
52 1549   -0.00765628 0.00874429 801.184
52 1552   -0.00781952 0.00868061 831.364
52 1553   -0.00773559 0.00872593 811.24
52 1554   -0.00777809 0.0087945 816.205
52 1555   -0.00789907 0.00881527 850.05
52 1556   -0.00787886 0.00872254 848.762
52 1557   -0.0078452 0.00877582 835.163
52 1558   -0.00801708 0.00870437 889.083
52 1559   -0.0079501 0.00872546 874.368
52 1560   -0.00794906 0.00878391 876.377
52 1561   -0.00799856 0.0088011 896.061
52 1562   -0.00805849 0.00872906 899.61
52 1563   -0.00804101 0.00876734 904.247
52 1564   -0.00817476 0.00870071 899.992
52 1568   -0.0081472 0.00876534 912.643
52 1569   -0.00810174 0.00872997 904.403
52 1570   -0.00813808 0.00872625 904.672
52 1571   -0.00811978 0.00877904 916.986
52 1572   -0.00810193 0.00875909 910.473
52 1573   -0.00806564 0.00882008 930.793
52 1574   -0.00808447 0.00883081 945.782
52 1575   -0.00806891 0.00879009 916.376
52 1576   -0.00808658 0.00878093 915.942
52 1577   -0.0081056 0.00882078 938.732
52 1578   -0.00810443 0.00880088 926.553
52 1579   -0.00808787 0.00884567 959.408
52 1582   -0.00806528 0.00885541 958.193
52 1583   -0.00808294 0.0088605 968.212
52 1584   -0.00807731 0.00885068 963.447
52 1587   -0.00807755 0.00887179 875.285
52 1588   -0.0080749 0.00886585 959.178
52 1589   -0.00806674 0.00886562 965.859
end
