1237
16 135   -0.0449784 0.00325186 923.018
16 136   -0.0451581 -0.0029306 922.842
16 137   -0.0411412 -0.00645707 921.165
16 138   -0.0384831 -0.00715002 917.595
16 139   -0.00312721 -0.0156198 960.377
16 140   -0.00580622 -0.0156155 958.129
16 141   -0.00446544 -0.0151535 964.076
16 142   -0.00637115 -0.0145538 968.488
16 143   -0.00711668 -0.0140897 968.937
16 144   -0.00429792 -0.0139592 969.363
16 145   -0.00490139 -0.013516 969.561
16 146   0.00514663 0.0127281 965.507
16 147   -0.00563384 -0.0136486 969.331
16 148   -0.00723275 -0.0122583 950.804
16 149   -0.00625352 -0.0126303 961.433
16 150   -0.00684943 -0.012922 962.892
16 151   -0.00578346 -0.0128928 966.807
16 152   -0.00685058 -0.0117285 932.974
16 153   -0.00625466 -0.0119547 947.549
16 154   -0.00475674 -0.0128373 968.889
16 155   -0.00527659 -0.0125324 967.887
16 156   0.0051117 0.0120719 968.458
16 157   0.00586026 0.011763 949.936
16 158   -0.00516547 -0.0120893 968.75
16 159   -0.00593444 -0.0116299 945.582
16 160   -0.00626106 -0.0109246 873.956
16 161   0.00542259 0.0117917 966.728
16 162   0.00472982 0.0118411 967.18
16 163   -0.00533791 -0.0117876 968.686
16 164   -0.00600914 -0.0111892 915.277
16 165   -0.00559886 -0.0116434 962.755
16 166   0.00524881 0.0114519 966.735
16 167   0.00484333 0.0115224 941.15
16 168   -0.00510941 -0.0115058 961.775
16 169   -0.00549569 -0.011296 965.543
16 170   -0.00577127 -0.0110384 919.159
16 171   -0.00492539 -0.0114891 942.73
16 172   -0.0055934 -0.0111316 951.154
16 173   0.00535469 0.011266 966.42
16 174   0.00505143 0.0114134 933.478
16 175   -0.00531673 -0.0112571 965.988
16 176   -0.0051914 -0.0113228 946.711
16 275   -0.00211298 -0.0147381 964.765
16 276   0.00399079 -0.0277677 853.945
16 277   0.00580784 -0.0249653 900.469
16 278   0.00654642 -0.0206411 955.566
16 279   0.00485426 -0.0231357 932.394
16 280   0.00331665 -0.0199268 966.97
16 281   0.00522381 -0.0193013 966.487
16 282   0.00382445 -0.0167865 967.953
16 283   0.00551609 -0.0176365 969.531
16 284   0.00422521 -0.0153245 958.702
16 285   0.00591685 -0.0148101 946.207
16 286   0.00344951 -0.0144829 951.601
16 287   0.00227553 -0.0144838 956.898
16 288   0.00185854 -0.0188163 969.502
16 289   0.00207406 -0.0173408 968.149
16 290   0.00140861 -0.015142 962.625
16 291   -0.000131865 -0.0164882 963.69
16 292   0.00109273 -0.016431 965.312
16 293   0.000533576 -0.0146069 964.051
16 302   -0.00857033 -0.027165 957.945
16 304   -0.0511398 0.023992 925.638
16 313   -0.00914259 0.027409 960.166
16 314   -0.0328831 -0.0230771 904.918
16 315   -0.00224633 0.019244 928.422
16 324   0.00598696 -0.0137113 918.381
16 325   0.00690881 -0.0130384 877.744
16 326   -0.00490892 -0.0240311 914.649
16 334   -0.0473573 0.0130544 940.731
16 335   -0.0423573 0.0130544 913.948
16 336   -0.0432984 0.0168071 912.089
16 337   -0.0410188 0.0154677 892.742
16 346   -0.0501581 -0.00542644 925.917
16 348   -0.0489872 -0.00938913 931.924
16 349   -0.0513291 -0.0114631 941.319
16 350   -0.0435779 -0.0109162 922.942
16 351   -0.0464239 -0.0113524 931.923
16 352   -0.0421381 -0.0127219 915.914
16 353   -0.0433703 -0.0151961 917.91
16 354   -0.0397014 -0.0118774 909.966
16 355   -0.0387183 -0.0133507 898.962
16 365   -0.0242362 -0.0325 956.208
16 366   -0.0296859 -0.0245514 934.431
16 367   -0.0263335 -0.0225 940.575
16 368   -0.0314686 -0.0335257 965.853
16 369   -0.0280835 -0.0310257 956.733
16 370   -0.0294695 -0.0280771 950.473
16 371   -0.0323466 -0.0291027 956.09
16 372   -0.0333625 -0.0320514 967.641
16 378   -0.0118732 0.023016 920.317
16 379   -0.00980132 0.0249679 923.087
16 380   -0.00437515 -0.0204803 846.608
16 385   -0.0243248 0.0325 956.668
16 386   -0.0265204 0.0225 940.464
16 387   -0.029833 0.0245582 934.305
16 480   -0.002704 0.015056 939.259
16 489   -0.0411625 0.0249991 945.807
16 490   -0.0392271 0.0261918 946.915
16 501   -0.042353 0.0186868 887.148
16 502   -0.0429407 0.0207026 907.817
16 503   -0.00127518 0.0149862 958.528
16 518   -0.0423616 -0.0198193 881.653
16 519   -0.0420412 -0.0170664 890.918
16 521   -0.0112832 -0.0229258 911.237
16 522   -0.00925328 -0.024665 912.756
16 523   -0.00655175 -0.016779 922.466
16 552   -0.00699667 -0.0105075 886.08
16 553   -0.00678227 -0.0108952 894.014
16 554   -0.00711783 -0.0112069 917.315
16 555   -0.033002 0.0230874 904.107
16 556   -0.034905 0.025299 914.506
16 572   0.00226219 -0.0136036 947.938
16 573   0.00211263 -0.0124513 904.324
16 574   0.00408903 -0.0135915 936.558
16 575   0.00493485 -0.0133343 921.581
16 576   0.00291655 -0.0132032 935.101
16 577   0.00356942 -0.0131921 934.868
16 578   0.00251014 -0.0125339 904.473
16 579   0.00277811 -0.0127845 922.859
16 580   0.00290098 -0.0121763 882.826
16 581   0.00263746 -0.0122191 871.561
16 584   -0.00345247 -0.0135883 969.284
16 585   -0.00260576 -0.0139009 966.989
16 598   -0.0032827 0.0139615 934.974
16 599   -0.00290814 0.0132745 941.848
16 600   -0.00205736 0.0124154 939.294
16 601   -0.00243192 0.0131025 946.115
16 602   -0.00295427 0.0123945 928.689
16 603   -0.00242723 0.01248 929.455
16 604   -0.00263992 0.0126948 937.183
16 605   -0.00287334 0.0121584 899.725
16 606   -0.00260982 0.0122011 898.661
16 614   -0.00644082 -0.0233728 849.99
16 615   -0.00788894 -0.0235841 865.757
16 616   -0.0055159 -0.0210514 769.326
16 617   -0.00620446 -0.0220155 770.279
16 618   -0.0115575 0.0210053 895.482
16 622   0.0039773 0.0177983 964.563
16 623   0.00689546 0.0174656 959.327
16 624   0.00568639 0.0195859 952.271
16 625   0.00689546 0.0191088 952.252
16 626   0.00620326 0.0165763 961.874
16 627   0.00449417 0.016432 965.403
16 628   0.00478345 0.0146779 965.765
16 629   0.00385422 0.0153182 967.771
16 630   0.00468179 0.0130717 966.336
16 631   0.00440228 0.0138407 966.729
16 632   0.00381528 0.0136002 967.878
16 633   0.00429573 0.0127271 966.75
16 634   0.00389384 0.0129354 966.89
16 635   0.0036621 0.0126076 965.771
16 637   0.00343725 0.0120683 959.884
16 644   -0.00347947 -0.0129631 969.491
16 646   -0.00332735 -0.012165 966.06
16 649   -0.0209059 -0.0297253 955.278
16 650   -0.0220938 -0.0247253 948.945
16 651   -0.0142706 -0.0241758 940.085
16 731   -0.0334729 -0.0210257 873.433
16 737   -0.0399784 0.0107543 913.937
16 738   -0.0399784 0.00575 920.574
16 741   -0.0164169 -0.0222253 942.906
16 742   -0.019546 -0.0222253 947.234
16 747   -0.034619 -0.0252536 914.666
16 748   -0.0342988 -0.0277536 949.822
16 749   -0.00434496 -0.0126285 968.324
16 750   -0.00392138 -0.0126834 967.862
16 751   -0.00472509 -0.0120807 969.33
16 752   -0.00442444 -0.0123151 967.843
16 754   -0.00470772 -0.0116031 960.475
16 755   -0.00457321 -0.0118358 969.452
16 773   -0.0499784 0.00575602 926.329
16 774   -0.0499784 0.0107563 937.488
16 885   -0.00445177 0.0138471 914.78
16 886   -0.00573581 0.0149176 890.685
16 887   -0.00685798 0.0143875 874.827
16 888   -0.0408779 -0.0207795 818.728
16 899   0.00726352 -0.0106355 699.074
16 900   0.00714528 -0.0103564 662.123
16 914   -0.00844969 0.0239331 883.243
16 915   -0.00338884 0.0163641 918.554
16 916   -0.00338071 0.0182067 898.448
16 917   -0.00525158 0.01634 883.775
16 918   -0.00468033 0.0189083 836.476
16 919   -0.00581064 0.0176639 844.498
16 920   -0.00524609 0.0211206 782.536
16 921   -0.00524141 0.0197715 786.912
16 922   0.00296972 0.0148105 969.303
16 923   0.00331194 0.0139297 968.984
16 924   0.00237646 0.0138772 969.595
16 925   0.00291852 0.0135384 969.513
16 926   0.00207983 0.0134105 968.564
16 927   0.00190747 0.012415 947.161
16 955   -0.00265377 -0.0166888 953.351
16 956   -0.00101371 -0.017121 960.147
16 957   -0.0015528 -0.0183293 952.667
16 958   -0.00393653 -0.0190615 889.29
16 959   -0.00289464 -0.0183628 933.013
16 960   -0.00349107 -0.0174314 938.486
16 961   -0.00569146 -0.0175718 895.58
16 962   -0.00462091 -0.0186431 877.923
16 963   -0.004445 -0.0176172 918.432
16 964   -0.00711383 -0.0189025 766.467
16 965   -0.00625354 -0.0182949 843.994
16 966   -0.0054812 -0.0189006 831.838
16 971   -0.00653697 0.0130045 861.695
16 972   -0.00688339 0.0117845 800.692
16 973   -0.0072044 0.0112317 763.882
16 975   -0.00616982 0.0109661 774.185
16 976   -0.00646541 0.0108113 756.241
16 983   -0.00466174 0.0131028 911.625
16 984   -0.00348601 0.0129314 938.428
16 985   -0.00407054 0.0128742 931.39
16 986   -0.0032178 0.0123517 942.457
16 987   -0.00343049 0.0125665 945.341
16 988   -0.00374484 0.0122662 962.72
16 989   -0.00366391 0.0120301 966.19
16 990   -0.00340039 0.0120728 962.271
16 1010   0.0036945 -0.0127306 933.803
16 1011   0.00317117 -0.0125737 924.984
16 1012   0.00316673 -0.0122802 922.408
16 1013   0.00369155 -0.012048 966.486
16 1014   0.00342802 -0.0120908 956.509
16 1031   0.00637673 -0.0122939 844.195
16 1032   0.00578554 -0.0112394 795.437
16 1033   0.00696793 -0.0116431 793.115
16 1034   0.00508814 -0.012723 900.622
16 1035   0.00560819 -0.0123555 867.324
16 1036   0.00507611 -0.0116111 839.796
16 1037   0.00548995 -0.0117353 833.683
16 1038   0.00481008 -0.011921 870.71
16 1039   0.00470387 -0.0124127 902.445
16 1040   0.0041605 -0.0124566 929.923
16 1041   0.00403023 -0.0120888 939.814
16 1043   0.00451448 -0.0117348 869.006
16 1044   0.004278 -0.0118587 893.711
16 1045   -0.000744181 0.0139209 966.883
16 1046   -0.00126679 0.0125437 967.963
16 1047   -0.0012714 0.0133892 965.886
16 1048   -0.00174301 0.0127157 958.108
16 1049   -0.00190487 0.013188 956.739
16 1050   -0.000924635 0.0127731 969.498
16 1051   -0.000767375 0.0131463 969.449
16 1053   -0.000316655 0.0126225 957.842
16 1054   -0.000580178 0.0125797 966.608
16 1056   -0.0109338 -0.0209753 880.209
16 1057   -0.00837664 -0.0223325 816.729
16 1058   -0.00875132 -0.0204876 763.694
16 1059   -0.0093916 -0.0214629 831.009
16 1060   0.000539602 -0.0137943 965.181
16 1061   0.00099266 -0.012633 957.142
16 1062   0.00152415 -0.0128409 944.593
16 1063   0.00140129 -0.0134491 956.166
16 1064   -0.000368765 -0.0135143 967.772
16 1065   0.000102086 -0.0135267 968.049
16 1066   0.000566659 -0.0128492 968.352
16 1067   0.000269801 -0.0131471 969.16
16 1069   0.00049633 -0.0125665 969.061
16 1082   -0.0351916 -0.0215385 828.753
16 1104   0.0068387 -0.0155015 956.069
16 1105   0.0068387 -0.0168658 968.472
16 1113   -0.0386398 0.0165031 853.394
16 1115   -0.0406433 0.0185156 838.309
16 1116   -0.0392097 0.0176713 824.95
16 1117   -0.0358226 -0.0321765 969.308
16 1118   -0.0380765 -0.0281289 965.398
16 1119   -0.036066 -0.029353 965.906
16 1121   0.00447094 0.0119759 969.317
16 1122   0.00429542 0.0123259 967.432
16 1123   0.00405454 0.0120405 962.345
16 1124   0.00383957 0.0123633 963.03
16 1125   0.004071 0.01229 964.755
16 1126   0.00387685 0.0120331 950.127
16 1127   0.00363018 0.0120911 956.584
16 1128   0.00375413 0.0121791 958.595
16 1130   0.00381838 0.0119344 937.581
16 1131   0.00368743 0.0119557 949.7
16 1132   -0.043893 -0.0209985 939.159
16 1133   -0.00359106 -0.0122247 963.044
16 1134   -0.00378907 -0.0123974 965.067
16 1136   -0.0038048 -0.011985 944.532
16 1137   -0.0036401 -0.0120118 956.315
16 1146   0.00564872 0.0262152 863.127
16 1147   0.00202137 0.0212175 962.047
16 1148   0.00411854 0.024583 911.082
16 1149   0.00476075 0.0212934 943.887
16 1150   0.00596982 0.022811 920.335
16 1151   -0.000529733 0.0251292 957.068
16 1152   0.00182321 0.024258 939.381
16 1153   0.000935115 0.0224101 963.554
16 1163   -0.0511398 0.0177503 968.68
16 1164   -0.0457984 0.0168071 944.725
16 1165   -0.0485188 0.0154677 954.977
16 1166   -0.0335378 0.0210291 872.238
16 1170   0.00568295 -0.0295038 735.754
16 1174   -0.00242032 0.0214109 931.135
16 1175   -0.000845958 0.0224509 968.649
16 1176   -0.0019897 0.0241117 968.194
16 1177   -0.0210826 0.0297553 955.749
16 1178   -0.022364 0.0247553 949.232
16 1179   -0.0148909 0.024266 943.779
16 1181   -0.0315299 0.0335291 966.1
16 1182   -0.028202 0.0310291 957.169
16 1183   -0.0296358 0.0280874 950.821
16 1213   -0.0511076 -0.0172532 968.144
16 1214   -0.0499367 -0.0144634 954.55
16 1215   -0.0459618 -0.0190144 957.191
16 1216   -0.0473734 -0.0139269 943.216
16 1217   -0.0457595 -0.0159648 940.766
16 1224   0.00711007 0.0138324 958.801
16 1225   0.005638 0.0144972 963.341
16 1226   0.00641786 0.0152819 962.301
16 1227   0.00711007 0.0148438 961.321
16 1228   0.00621008 0.0121466 947.258
16 1229   0.0068058 0.0132081 955.396
16 1230   0.00580735 0.0128315 959.297
16 1231   0.00602594 0.0134349 959.975
16 1233   0.00719574 0.0125773 948.063
16 1234   0.00681861 0.0121192 939.38
16 1235   0.00712287 0.0117085 929.326
16 1242   0.00434952 0.0117803 967.519
16 1243   0.00415754 0.0118809 967.78
16 1245   -0.0199908 0.0222553 947.784
16 1246   -0.0171232 0.0222553 945.138
16 1247   -0.000401113 -0.0131182 969.209
16 1249   -0.000346071 -0.0125741 966.732
16 1250   -0.000181369 -0.0126008 955.05
16 1353   -0.000982076 0.0275131 934.707
16 1354   -0.00071377 0.03354 849.664
16 1355   -0.0399394 -0.0296032 963.508
16 1356   -0.0445704 -0.0336508 836.342
16 1357   -0.0439913 -0.0283393 937.149
16 1358   -0.0417909 -0.0282825 961.217
16 1359   -0.0415254 -0.0261914 966.45
16 1360   -0.0385743 -0.0260898 938.167
16 1361   -0.0401717 -0.0254731 939.167
16 1362   -0.0362543 -0.0247513 892.618
16 1363   -0.0376912 -0.0253374 906.754
16 1364   -0.0384435 -0.0240827 857.958
16 1368   -0.0492275 0.0260079 906.448
16 1374   -0.00196235 -0.013472 964.161
16 1375   -0.00243093 -0.012312 962.915
16 1376   -0.00220874 -0.0130534 963.692
16 1377   -0.00287915 -0.0128571 969.032
16 1378   -0.00295835 -0.0124313 969.42
16 1379   -0.00174022 -0.0123639 917.386
16 1380   -0.00188704 -0.012839 955.949
16 1381   -0.00203003 -0.0125233 949.538
16 1382   -0.00152573 -0.0128375 949.442
16 1383   -0.00121037 -0.012523 920.293
16 1384   -0.00153977 -0.0124695 915.987
16 1385   -0.00146828 -0.0126274 934.899
16 1386   -0.00119952 -0.0123785 884.992
16 1387   -0.00136422 -0.0123518 878.995
16 1407   -0.00872221 0.0334465 964.744
16 1624   -0.0417148 0.0219431 879.838
16 1625   -0.0410409 0.0235474 894.758
16 1626   -0.0396933 0.0233361 841.106
16 1627   -0.0404103 0.0199218 794.548
16 1628   -0.0398403 0.0221302 781.116
16 1629   -0.0408941 0.0213335 828.856
16 1630   -0.0387866 0.0212169 609.386
16 1631   -0.0389767 0.0199108 662.258
16 1632   -0.0059287 -0.0202797 722.398
16 1633   -0.00594645 -0.0195004 776.214
16 1634   -0.00670104 -0.0203743 496.538
16 1635   -0.00671879 -0.0195949 665.215
16 1636   -0.0073522 0.0104812 653.221
16 1638   -0.00674059 0.0223957 780.681
16 1639   -0.00665562 0.0205313 498.442
16 1640   -0.00609718 0.0214778 730.033
16 1647   -0.00705419 -0.0208168 496.993
16 1648   -0.00777825 -0.0209224 632.321
16 1649   -0.00697041 -0.0216864 719.41
16 1650   -0.00769447 -0.0217921 761.431
16 1659   -0.0387645 -0.0216772 703.555
16 1660   -0.0384092 -0.0207554 493.789
16 1661   -0.0372637 -0.0209737 595.629
16 1665   0.00738176 -0.0103178 534.699
16 1670   0.00732264 -0.0101782 416.084
16 1671   0.00744088 -0.0101162 186.784
16 1677   0.00690881 -0.0106508 728.216
16 1679   0.00614026 -0.0110535 775.588
16 1680   0.00661321 -0.0111468 769.81
16 1691   -0.0072783 0.0102508 536.025
16 1692   -0.0074261 0.0101733 315.424
16 1693   0.00731445 0.0102116 941.875
16 1694   0.00731445 0.0104404 923.464
16 1725   -0.0071305 0.0104628 704.084
16 1726   -0.00668711 0.0106951 747.418
16 1727   -0.00698271 0.0108094 739.469
16 1741   -0.00733222 -0.0104535 922.068
16 1746   -0.00724833 -0.0102537 921.499
16 1747   -0.00741611 -0.0101658 957.892
16 1777   -0.0404351 -0.016348 873.305
16 1778   -0.0393275 -0.0150143 884.782
16 1779   -0.0381092 -0.0161159 858.971
16 1780   -0.0380538 -0.0185836 759.137
16 1781   -0.038663 -0.0171994 828.956
16 1782   -0.0397706 -0.0176999 834.065
16 1783   -0.0398929 -0.0193785 781.393
16 1784   -0.0387853 -0.0197114 652.61
16 1798   -0.00897167 0.0205027 781.713
16 1799   -0.00968661 0.021508 844.633
16 1800   -0.00865066 0.0224839 834.114
16 1801   -0.0076565 0.0219518 761.356
16 1802   -0.00757825 0.0209759 601.04
16 1805   -0.0491226 0.031177 735.691
16 1806   -0.0505877 0.0286715 798.32
16 1814   -0.0517675 0.0337472 672.756
16 1815   -0.0503024 0.0337472 678.212
16 1835   -9.80049e-05 -0.0127366 964.275
16 1836   6.87239e-05 -0.0130082 969.603
16 1837   -0.00013134 -0.0129918 969.465
16 1838   0.00028333 -0.0126746 969.438
16 1839   5.15361e-05 -0.0126878 964.831
16 1840   0.000152581 -0.0128184 969.099
16 1843   0.000116403 -0.0125546 963.159
16 1844   0.000248165 -0.0125333 968.948
16 1866   -0.037482 0.0213222 635.698
16 1867   -0.0360467 0.0205146 764.095
16 1868   -0.035251 0.0215437 826.131
16 1901   -0.00430729 0.0124807 932.48
16 1902   -0.00403711 0.0122376 954.437
16 1903   -0.00541812 0.0114177 826.207
16 1904   -0.00600931 0.0113772 801.563
16 1905   -0.00627949 0.0118894 821.286
16 1906   -0.00593307 0.012571 861.014
16 1907   -0.00534188 0.0126116 883.464
16 1908   -0.00464101 0.0122673 913.211
16 1909   -0.0050844 0.0121695 882.962
16 1910   -0.00510982 0.0117716 862.397
16 1911   -0.00467913 0.0116703 880.407
16 1912   -0.00422938 0.0120021 940.834
16 1913   -0.00451227 0.0120462 915.819
16 1914   -0.00452498 0.0118473 902.871
16 1917   -0.00431599 0.0117644 911.671
16 1918   -0.00416819 0.0118419 937.777
16 1935   -0.00693688 0.017905 812.808
16 1944   -0.0498302 -0.028673 812.465
16 1945   -0.0503022 -0.0337715 678.207
16 1946   -0.0467682 -0.0324223 769.127
16 1947   -0.0462961 -0.0297808 869.34
16 1950   -0.0517674 -0.030086 721.509
16 1951   -0.0517674 -0.032543 681.325
16 1952   -0.0407173 -0.0219823 827.126
16 1953   -0.0395339 -0.0220861 771.208
16 1954   -0.0411864 -0.0232476 888.84
16 1955   -0.0394113 -0.0234034 838.44
16 1956   -0.0402565 -0.0240414 890.206
16 1961   -0.00414891 -0.0122435 964.687
16 1962   -0.00393712 -0.012271 962.134
16 1963   -0.00390381 -0.0120714 951.531
16 1964   -0.00431229 -0.0119136 967.771
16 1965   -0.00418864 -0.0120868 963.849
16 1966   -0.00404255 -0.0120011 953.979
16 1968   -0.00409605 -0.0118646 956.2
16 1969   -0.00423635 -0.0117911 967.432
16 1975   0.0023576 0.0178605 968.393
16 1976   0.00132731 0.0195721 968.839
16 1977   -0.000600875 0.0185043 960.836
16 1978   0.00123005 0.016687 969.407
16 1979   -0.000422884 0.0158894 963.229
16 1980   -0.000198117 0.0170622 964.194
16 1981   0.00137524 0.0156727 969.393
16 1982   0.000635326 0.0153558 968.44
16 1983   0.00213515 0.0149722 969.657
16 1984   0.00193531 0.0144301 969.517
16 1985   0.00133305 0.0144318 969.099
16 1986   0.000792977 0.0146569 968.776
16 1987   0.00047941 0.0142555 968.607
16 1988   5.21158e-05 0.0139949 968.794
16 1989   0.000497551 0.0134849 968.978
16 1990   9.57544e-05 0.0135761 969.452
16 1991   -0.000196522 0.0132592 969.526
16 1992   -9.02588e-05 0.0129287 966.44
16 1993   0.000535291 0.0131507 968.93
16 1994   0.000239758 0.0129114 968.281
16 1997   0.00024293 0.0126107 965.178
16 1998   0.000438543 0.0125789 968.655
16 2059   -0.0361131 0.0322883 968.957
16 2060   -0.0335356 0.0321349 968.063
16 2061   -0.0365418 0.0294999 967.431
16 2062   -0.0346812 0.0278756 952.006
16 2063   -0.0325809 0.0291932 957.262
16 2070   -0.00468765 0.0220671 839.729
16 2071   -0.00355734 0.0221832 898.033
16 2072   -0.00470108 0.023844 909.291
16 2073   -0.00357077 0.0239601 943.664
16 2074   -0.0381377 0.0253364 909.053
16 2075   -0.0387255 0.0239325 854.901
16 2076   -0.0365822 0.0247503 891.096
16 2077   -0.0363924 0.0230533 834.8
16 2078   -0.037568 0.0228318 791.983
16 2079   -0.0364338 -0.0236058 851.729
16 2080   -0.0360405 -0.0225695 822.378
16 2081   -0.0376172 -0.023502 827.195
16 2082   -0.0370463 -0.0220047 756.732
16 2083   -0.0378157 -0.0224137 761.682
16 2084   0.00568295 -0.0315648 693.549
16 2087   0.00568295 -0.034313 676.576
16 2088   0.0038659 -0.0329389 702.225
16 2129   -0.00609016 0.0194541 750.467
16 2130   -0.00665328 0.0198567 602.866
16 2131   -0.00665532 0.018832 771.518
16 2132   -0.00721844 0.0192346 699.995
16 2133   -0.0365528 -0.0205128 720.516
16 2134   -0.0354864 -0.0205128 799.402
16 2154   -0.00860261 -0.0334753 964.87
16 2155   -0.00601789 -0.0334753 946.987
16 2167   -0.00717899 0.0127064 841.521
16 2168   -0.00717899 0.012168 816.39
16 2239   -0.0380699 0.0182515 783.893
16 2240   -0.0380699 0.0190849 727.33
16 2263   0.00166103 0.0134603 967.298
16 2264   0.0013554 0.0139286 968.675
16 2265   0.000846215 0.013559 968.16
16 2266   0.000871713 0.0139108 968.59
16 2267   0.00119993 0.0132792 965.334
16 2268   0.00153106 0.0131628 963.422
16 2269   0.00110001 0.0130082 960.487
16 2270   0.000784036 0.0129537 964.185
16 2271   0.000684116 0.0126827 960.306
16 2274   0.00102802 0.0124768 903.588
16 2275   0.000832412 0.0125085 933.578
16 2329   -0.0378492 0.0336825 960.447
16 2333   -0.00303274 0.0289263 944.601
16 2334   -0.00279368 0.0320333 911.818
16 2335   -0.00639484 0.0319398 955.412
16 2336   -0.00498269 0.0334933 933.148
16 2337   -0.00718238 0.0280681 968.116
16 2338   -0.00475473 0.028056 966.313
16 2339   -0.00592782 0.0296095 963.938
16 2340   -0.00534449 0.0247619 928.375
16 2341   -0.0053726 0.0264851 966.06
16 2342   -0.00664597 0.026544 959.27
16 2343   -0.00653962 0.0238448 868.987
16 2344   -0.00725456 0.0248502 910.335
16 2437   -0.0497796 0.0215409 960.638
16 2438   -0.0497796 0.0194603 968.429
16 2439   -0.0470592 0.0187192 963.356
16 2487   -0.0428104 0.0251081 967.365
16 2488   -0.0441706 0.026519 956.767
16 2489   -0.046635 0.0252377 945.582
16 2500   -0.0151435 0.0278937 957.019
16 2501   -0.0175282 0.030883 960.206
16 2502   -0.0150248 0.0336277 966.807
16 2503   -0.0112665 0.0320742 969.342
16 2504   -0.0114671 0.0290848 965.344
16 2505   0.00693732 0.0113123 915.354
16 2506   0.00731445 0.0110125 917.376
16 2507   0.00712889 0.0106521 907.018
16 2508   0.00675779 0.0106177 867.673
16 2509   0.00656922 0.010882 880.914
16 2510   0.0065632 0.0112163 906.093
16 2512   0.00627062 0.0108097 855.59
16 2539   -0.0148314 -0.0277885 956.157
16 2540   -0.0149456 -0.0336126 966.485
16 2541   -0.0173544 -0.0308379 959.711
16 2542   -0.0110994 -0.0320879 969.321
16 2543   -0.0111611 -0.0290385 964.981
16 2544   0.00595469 0.0114365 934.991
16 2545   0.00623465 0.0113134 912.163
16 2546   0.00590453 0.0109897 901.823
16 2547   0.00612762 0.0110384 896.312
16 2548   0.00551135 0.0112549 962.778
16 2549   0.00576305 0.0111348 927.98
16 2550   0.00570617 0.0113065 946.298
16 2552   0.00551237 0.0111124 957.811
16 2553   0.00562408 0.0110539 937.719
16 2563   -0.0376855 -0.0336508 961.569
16 2566   -0.0397917 -0.0323016 948.707
16 2567   -0.0417503 -0.0336508 914.343
16 2573   -0.0444668 0.0210699 950.781
16 2574   -0.0477393 0.0215052 967.424
16 2575   -0.0463791 0.0200944 965.404
16 2576   -0.0445947 0.0231214 967.203
16 2577   -0.0465071 0.0231862 965.51
16 2592   0.00159698 0.0128492 955.289
16 2593   0.00169323 0.0125777 941.668
16 2594   0.0013137 0.0128143 950.267
16 2595   0.00124383 0.0125697 921.74
16 2598   0.00154085 0.0123779 905.868
16 2599   0.00137473 0.0124049 890.214
16 2625   -0.0495941 -0.0261237 901.455
16 2626   -0.0515314 -0.0238513 925.344
16 2627   -0.0472331 -0.0244271 948.92
16 2628   -0.047778 -0.0209024 967.177
16 2629   -0.050139 -0.0201421 965.967
16 2682   -0.0439785 -0.0232525 962.37
16 2683   -0.0448261 -0.0262767 953.286
16 2684   -0.0455025 -0.024793 960.393
16 2685   -0.0425401 -0.0239659 949.12
16 2686   -0.0429639 -0.025478 968.261
16 2786   0.00476695 0.033827 684.343
16 2787   0.00658898 0.0314811 687.77
16 2788   0.00201928 0.0323671 754.724
16 2789   0.00199003 0.0294472 845.957
16 2790   0.0047377 0.0285612 785.965
16 2823   -0.0433856 0.0284772 942.119
16 2824   -0.041909 0.0336825 911.835
16 2825   -0.0401085 0.032365 944.524
16 2826   -0.0447274 0.0336825 830.446
16 2827   -0.0457452 0.0311122 851.573
16 2838   -0.000222218 -0.0241921 962.937
16 2839   -0.00101276 -0.019897 959.461
16 2840   0.000535405 -0.0201069 969.191
16 2841   -0.00272222 -0.0230662 947.025
16 2842   -0.00279322 -0.0213492 922.421
16 2843   0.00199352 -0.0212174 966.474
16 2844   0.00220852 -0.0230865 952.925
16 2850   -0.0382836 0.0289178 968.466
16 2851   -0.0391897 0.0276003 966.384
16 2852   -0.0401142 0.0303887 957.682
16 2853   -0.0410203 0.0290712 960.541
16 2870   -0.00447862 -0.0320259 935.946
16 2871   0.000478709 -0.0321765 829.105
16 2872   -0.00133834 -0.0335506 872.008
16 2873   -0.00567696 -0.0287651 964.669
16 2874   -0.00410395 -0.0268177 966.078
16 2875   0.0006036 -0.0290664 898.224
16 2876   -0.000963669 -0.0269684 943.806
16 2906   0.00292353 0.0129601 969.463
16 2907   0.00325632 0.0125831 967.459
16 2908   0.00317889 0.012272 966.213
16 2909   0.00241706 0.0129432 968.777
16 2910   0.00227842 0.0125166 965.928
16 2912   0.00287358 0.0121955 968.647
16 2913   0.00254134 0.0122494 969.2
16 2933   -0.00058451 -0.0129742 968.587
16 2934   -0.000480451 -0.0126986 969.593
16 2935   -0.00119521 -0.0149068 963.887
16 2936   -0.000112056 -0.0148906 964.379
16 2937   -0.00046162 -0.0154829 963.586
16 2938   -0.000637525 -0.0137632 966.104
16 2939   -0.00108107 -0.0143083 964.577
16 2940   -0.000610216 -0.0143207 965.095
16 2941   -0.00146229 -0.0135631 963.343
16 2942   -0.00124857 -0.0138583 964.55
16 2943   -0.000979809 -0.0136094 964.933
16 2944   -0.00133071 -0.0130154 956.172
16 2945   -0.00131705 -0.0132941 961.37
16 2946   -0.00107 -0.0133342 963.481
16 2947   -0.0011194 -0.0129765 957.824
16 2948   -0.00079 -0.01303 965.462
16 2949   -0.000965556 -0.0131478 963.299
16 2950   -0.00107168 -0.0126186 939.357
16 2951   -0.00104679 -0.0128421 955.557
16 2952   -0.00084091 -0.0128755 963.045
16 2953   -0.00089126 -0.0125748 949.207
16 2954   -0.000623619 -0.0126182 968.32
16 2955   -0.000778587 -0.0127393 963.387
16 2958   -0.000818643 -0.0124403 946.835
16 2959   -0.000653941 -0.012467 966.163
52 177   0.00259363 -0.000874868 964.805
52 178   0.00131029 0.00127717 966.264
52 179   0.00218606 0.00379522 968.306
52 180   0.0014454 -0.0034197 968.241
52 181   0.00510808 -0.00137908 959.168
52 182   0.00386406 0.00472421 967.988
52 183   -0.00593781 0.00141164 955.705
52 184   0.00656441 -0.000486757 947.226
52 185   0.00317288 -0.00508891 968.93
52 186   0.0036612 0.00684968 958.27
52 187   0.00551431 -0.00357179 963.546
52 188   0.00812927 -0.00204645 942.862
52 189   0.00472735 -0.00473679 967.248
52 190   0.00464052 -0.00763358 969.051
52 191   0.00290183 0.00786718 941.918
52 192   0.00580085 -0.00590202 967.255
52 193   0.00578442 -0.00700828 969.119
52 194   0.00914531 -0.00152194 916.85
52 195   0.00685608 -0.00552327 964.126
52 196   -0.00639629 0.00745587 969.035
52 197   0.00362341 0.0089707 904.845
52 198   0.00768613 -0.00603925 955.4
52 199   0.00280247 0.00995891 943.458
52 200   -0.00811906 0.00500722 967.542
52 201   0.00793093 -0.00681211 939.967
52 202   -0.00775188 0.00562131 959.756
52 203   0.00344313 0.00968599 916.849
52 204   -0.0032901 -0.0105046 956.049
52 205   -0.00704262 0.00803107 968.586
52 206   -0.00881344 0.0053458 962.847
52 207   -0.00831612 0.00613906 942.862
52 208   -0.00824126 0.00693597 924.701
52 209   0.00476606 0.00976025 827.192
52 210   0.00861459 -0.00688003 906.143
52 211   0.00400895 0.0101111 898.293
52 212   -0.00842204 0.00657216 924.59
52 213   -0.00878448 0.00593075 941.592
52 214   0.00383703 0.0107724 961.092
52 215   0.00442461 0.0100506 852.412
52 216   -0.00911063 0.00624008 918.538
52 217   -0.00852424 0.00776541 907.23
52 218   -0.00371225 -0.0108602 966.23
52 219   0.00401397 0.0104902 921.554
52 220   0.00885131 -0.00720506 867.757
52 221   0.00886723 -0.00748633 850.46
52 222   -0.00860982 0.00722649 900.211
52 223   0.00512114 0.00993348 791.529
52 224   -0.00888009 0.00669534 900.615
52 225   -0.00402855 -0.0106013 930.127
52 226   0.00411619 0.0110233 967.286
52 227   -0.00910032 0.00657156 899.546
52 228   -0.00863767 0.00746778 895.268
52 229   -0.00418405 -0.0108387 944.791
52 230   0.00462626 0.0103441 822.742
52 231   -0.00437882 -0.0108978 922.772
52 232   -0.00462096 -0.0105476 815.159
52 233   -0.00453819 -0.010774 842.624
52 234   -0.00890087 0.00711042 870.144
52 235   0.00437139 0.0108693 911.797
52 236   -0.00899036 0.00694307 872.329
52 237   -0.00932208 0.00675993 870.469
52 238   0.00914015 -0.00708757 803.232
52 239   0.0091666 -0.00750689 743.269
52 240   -0.00891331 0.00748047 841.926
52 241   -0.00481361 -0.010588 758.041
52 242   -0.00493992 -0.0105252 735.343
52 243   0.0045437 0.0109439 867.536
52 244   -0.00906905 0.00724284 803.413
52 245   -0.00898286 0.00760748 813.719
52 246   -0.00468544 -0.0109081 786.871
52 247   -0.00920452 0.00699126 818.834
52 248   -0.00905364 0.0073716 792.541
52 249   -0.00931601 0.0069319 825.134
52 250   0.00926958 -0.00719585 739.198
52 251   0.00931873 -0.00729783 708.681
52 252   0.00929547 -0.00738649 707.588
52 253   0.00467139 0.0108727 788.925
52 254   -0.00480703 -0.0108456 665.325
52 255   -0.00485244 -0.0107518 673.439
52 256   -0.00921278 0.00720083 759.667
52 257   -0.0093166 0.0073496 705.929
52 258   -0.00925876 0.00711659 771.229
52 259   -0.00502808 -0.0106547 620.994
52 260   0.004772 0.0109313 702.469
52 261   0.00494201 0.0107775 514.884
52 262   -0.00930264 0.00726275 720.351
52 263   -0.0093795 0.00722188 716.196
52 264   0.00943512 -0.00728582 690.96
52 265   0.00947202 -0.00731827 680.144
52 266   0.00954567 -0.0072679 949.588
52 267   -0.00501625 -0.0108986 2.64443
52 272   0.0067436 -0.00751971 967.758
52 273   0.00759138 -0.00729139 951.752
52 274   0.00671453 -0.00811765 969.263
52 294   -0.00446216 -0.00539405 968.856
52 305   0.00289265 0.0107463 962.675
52 328   0.00357303 0.0109639 966.907
52 329   0.00327433 0.0110439 968.871
52 343   -0.00400729 -0.01106 968.623
52 344   -0.00372821 -0.011135 964.872
52 374   0.00498088 0.0108428 268.19
52 375   0.00499919 0.0108097 352.155
52 376   0.00501486 0.0108479 133.802
52 390   -0.00512057 -0.00981477 797.561
52 391   -0.000466709 -0.00361938 968.785
52 392   -0.00338483 -0.00464972 968.873
52 393   -0.000594394 -0.00524158 969.641
52 394   -0.00213317 -0.00541098 969.403
52 395   -0.00208664 -0.00679456 964.939
52 396   -0.00303223 -0.00739175 951.138
52 397   -0.00385743 -0.00871532 895.378
52 398   -0.00300996 -0.00822047 934.061
52 399   -0.00261303 -0.00885293 937.347
52 400   -0.00333172 -0.00993202 930.154
52 401   -0.00316779 -0.00941169 923.491
52 402   -0.00374092 -0.00929172 896.708
52 403   -0.00379949 -0.00997409 906.573
52 404   -0.00401022 -0.00965001 883.755
52 405   -0.0045274 -0.0103453 837.525
52 406   -0.0045511 -0.00977848 842.444
52 407   -0.00431351 -0.00982133 862.847
52 408   -0.00419012 -0.010361 887.969
52 409   -0.00410277 -0.0101454 887.607
52 410   -0.00493433 -0.00999545 800.872
52 411   -0.0046748 -0.0101815 819.857
52 412   -0.00468048 -0.00999229 826.451
52 413   -0.00496078 -0.0103806 763.185
52 414   -0.0048597 -0.0102197 793.825
52 415   -0.0049976 -0.0101497 784.574
52 417   -0.00511567 -0.0102424 764.755
52 418   -0.00508168 -0.0103787 747.093
52 435   -0.00493273 -0.0108771 306.84
52 436   -0.00495614 -0.0109006 124.232
52 437   0.00500916 0.0108707 48.7726
52 438   0.00817106 -0.00559284 957.644
52 439   0.00832393 -0.00501649 968.219
52 440   0.0088025 -0.00518076 966.356
52 441   0.00907305 -0.00598301 931.002
52 442   0.00876717 -0.00563378 952.649
52 443   0.0085321 -0.00588043 945.581
52 444   0.00876412 -0.00652831 910.336
52 445   0.00898881 -0.00623988 917.331
52 446   0.00868714 -0.00621943 927.004
52 447   0.00930786 -0.00662749 883.65
52 448   0.00911936 -0.00646621 902.994
52 449   0.00901221 -0.00663131 895.667
52 450   0.00917035 -0.00694108 829.313
52 451   0.00927311 -0.00678557 855.994
52 452   0.00912829 -0.00679962 868.36
52 453   0.00943126 -0.00696009 799.536
52 454   0.00933976 -0.00689055 823.196
52 455   0.00929057 -0.0069635 802.862
52 456   0.00935714 -0.0071171 743.256
52 457   0.00941621 -0.00703485 771.291
52 458   0.00934793 -0.00703124 774.266
52 459   0.00948666 -0.00713918 736.784
52 460   0.00944265 -0.00709782 748.436
52 461   0.00940818 -0.00714359 730.249
52 462   0.00947538 -0.0071831 717.932
52 463   0.00944298 -0.00723136 702.089
52 464   0.00943104 -0.00718931 714.006
52 465   0.0094949 -0.00721246 710.601
52 466   0.00947973 -0.00723784 700.686
52 467   0.00949642 -0.00728418 684.711
52 468   0.00949628 -0.0072582 695.136
52 491   0.00464912 -0.010409 966.207
52 492   0.00461426 -0.00874217 964.071
52 493   0.00384647 -0.00932477 964.226
52 494   0.00326789 -0.00951764 964.144
52 495   0.00405177 -0.010172 965.283
52 496   0.00323529 -0.0102044 961.162
52 497   0.0037111 -0.0105252 963.837
52 498   0.00369221 -0.0110326 964.361
52 509   -0.00271767 0.00801803 968.239
52 510   -0.00300818 0.00930826 964.944
52 511   -0.00124175 0.00957914 965.232
52 512   -0.00142619 0.0113093 967.553
52 513   -0.00217195 0.00985846 963.422
52 514   -0.00228769 0.0104911 958.83
52 515   -0.00193658 0.0110196 956.981
52 516   -0.00343854 0.0112545 942.937
52 524   -0.00464396 0.000163659 959.34
52 525   -0.00483164 -0.00211182 958.475
52 526   -0.00341856 -0.0029503 965.513
52 527   -0.00203922 -0.00208936 966.659
52 528   -0.00107548 0.000977114 966.597
52 529   -0.00337817 0.0008859 963.87
52 530   -0.00218651 -0.000528639 965.48
52 531   -0.00145885 0.00422351 969.025
52 532   -0.00295308 0.00234979 966.119
52 533   -0.00158119 0.00243352 967.401
52 534   -0.00318983 0.00359842 967.413
52 535   -0.00247165 0.00468114 968.994
52 536   -0.00330647 0.00713514 969.4
52 537   -0.00302743 0.00576096 969.52
52 538   -0.00560081 0.0075241 969.402
52 539   -0.00475146 0.00683564 969.622
52 540   -0.00421355 0.00759051 969.077
52 541   -0.00546251 0.00822628 966.223
52 542   -0.00466327 0.00833166 966.66
52 543   -0.00582654 0.00878808 952.57
52 544   -0.00471975 0.00902825 961.163
52 545   -0.00513018 0.0103282 961.196
52 546   -0.00535274 0.00921262 949.142
52 547   -0.00547483 0.0100075 943.438
52 548   -0.00554902 0.0096356 935.189
52 549   -0.00586198 0.0101771 928.93
52 557   -8.73609e-05 -0.0114082 967.811
52 559   -0.000596512 -0.00968341 959.907
52 560   -0.00104102 -0.00882331 958.317
52 561   -0.00195671 -0.00905388 948.87
52 562   -0.00193133 -0.00992046 949.883
52 563   -0.0012125 -0.0101657 954.625
52 564   -0.00262799 -0.0105522 957.962
52 565   -0.00248642 -0.011171 960.97
52 566   -0.00183676 -0.011141 938.347
52 567   -0.0012595 -0.0107675 949.193
52 568   -0.000492185 -0.0112083 960.439
52 569   -0.000938817 -0.0109989 947.145
52 570   -0.000521297 -0.0116714 959.531
52 588   -0.00493857 -0.0107599 546.432
52 589   -0.00501917 -0.0107807 370.844
52 590   -0.0049879 -0.0107255 550.573
52 591   -0.00494395 -0.0108413 376.226
52 592   -0.00495078 -0.0108054 446.001
52 593   -0.00499133 -0.0108063 350.246
52 594   -0.00499573 -0.0108381 221.998
52 595   -0.00497326 -0.0108464 263.917
52 597   -0.00501258 -0.0108565 85.6636
52 638   0.0047707 0.00712205 943.551
52 639   0.00618599 0.00723445 965.558
52 641   -0.0018047 -0.0115592 911.548
52 657   0.00272675 -0.00642604 969.646
52 658   0.00347822 -0.00733285 969.309
52 659   0.000294672 -0.00646753 969.196
52 660   0.00143979 -0.00683623 969.273
52 661   -0.000381997 -0.00816614 963.891
52 662   -0.000749041 -0.00716705 966.523
52 663   0.00157968 -0.00782376 968.246
52 664   0.000801606 -0.00845414 966.343
52 665   0.00263754 -0.00916844 965.399
52 666   0.00253232 -0.00818868 967.996
52 667   0.00189349 -0.00974781 964.02
52 668   0.00101019 -0.00939843 965.257
52 669   0.00135802 -0.0112715 967.77
52 670   0.000271093 -0.00997053 964.457
52 671   0.000854764 -0.0113094 968.397
52 672   0.00038062 -0.0108842 968.637
52 673   0.00209929 -0.0104566 959.904
52 674   0.00182878 -0.010983 958.889
52 675   0.00281074 -0.010564 954.773
52 677   0.00219956 -0.0114437 938.549
52 699   -0.00392979 -0.00706331 950.921
52 700   -0.00438239 -0.0064417 966.516
52 701   -0.00588125 -0.00670391 969.159
52 702   -0.00508444 -0.006701 963.93
52 703   -0.00623977 -0.00722918 966.711
52 719   0.00432116 0.0088821 868.781
52 720   0.0047402 0.00932877 837.632
52 721   0.00520206 0.00907373 813.857
52 763   -0.00490173 -0.0109011 377.298
52 764   -0.00485532 -0.0109136 519.089
52 810   0.00860105 -0.00785227 905.12
52 811   0.00876097 -0.00770285 881.811
52 845   0.00951138 -0.00729071 681.009
52 848   -0.00497813 -0.0108694 141.706
52 849   -0.00497222 -0.0108879 95.867
52 850   -0.00500705 -0.0109011 3.60429
52 852   -0.00498412 -0.0109004 24.3277
52 853   0.00951903 -0.00722013 713.774
52 857   0.00438924 0.0107043 881.648
52 858   0.00431098 0.0105761 887.593
52 859   0.00450761 0.0104904 841.073
52 860   0.0047506 0.0106254 773.407
52 861   0.00455783 0.0106602 830.674
52 862   0.0046139 0.0105772 815.647
52 863   0.00468901 0.0107896 780.17
52 864   0.00464633 0.0107184 800.998
52 865   0.0047439 0.0107025 765.683
52 866   0.00486761 0.0107832 629.633
52 867   0.00477315 0.0107964 729.299
52 868   0.00480001 0.0107509 725.858
52 869   0.00483409 0.0108822 605.27
52 870   0.00481762 0.0108304 669.744
52 871   0.00486389 0.0108272 595.44
52 872   0.00490985 0.0109175 299.379
52 873   0.00487217 0.0108952 484.249
52 874   0.00488854 0.0108629 477.992
52 875   0.00495038 0.0108649 284.997
52 876   0.00493349 0.0108972 251.344
52 877   0.00491894 0.0108733 370.118
52 878   0.00496057 0.010897 122.911
52 879   0.00496927 0.0108808 142.389
52 880   0.00500067 0.0108799 39.5491
52 881   0.00498749 0.0108831 70.3749
52 882   0.00501035 0.010902 3.55957
52 883   0.00500565 0.010896 6.80757
52 884   0.00500856 0.0108886 10.4261
52 889   -0.00708645 0.00852026 966.377
52 890   -0.00756111 0.00866708 967.763
52 891   -0.00634268 0.00892144 935.474
52 892   -0.00705101 0.0091527 887.435
52 893   -0.00681796 0.0087806 946.814
52 894   -0.0068338 0.00936022 847.552
52 895   -0.00643451 0.00927787 891.031
52 896   -0.00611465 0.00956749 892.447
52 897   -0.00686737 0.00962362 790.696
52 898   -0.00670145 0.00977833 768.982
52 901   0.00832606 -0.00785849 924.028
52 902   0.00793601 -0.00772151 944.573
52 903   0.00813481 -0.00833744 953.418
52 904   0.00729626 -0.00818747 968.598
52 905   0.00781955 -0.00838128 965.002
52 906   0.00766995 -0.00801964 960.929
52 907   0.00714845 -0.00886166 936.995
52 908   0.00761 -0.00861176 969.235
52 909   0.00728173 -0.00848644 968.819
52 910   0.00758076 -0.00888978 956.349
52 911   0.00737268 -0.00908418 910.365
52 933   -0.000751985 0.00527476 969.595
52 934   0.000597273 0.00529555 969.509
52 935   -0.00140491 0.00719561 968.933
52 936   -0.000765226 0.00820652 966.995
52 937   0.00183574 0.00774748 958.441
52 938   0.000228465 0.00780051 965.883
52 939   0.000938035 0.00681039 967.526
52 940   0.000659847 0.00876932 961.505
52 941   0.00159249 0.00870589 954.251
52 942   0.000583517 0.00967783 960.531
52 943   3.56317e-05 0.0101023 964.088
52 944   -0.000684403 0.010061 965.819
52 945   -0.000928656 0.0108942 968.829
52 946   -0.000142994 0.0116263 966.761
52 947   4.01441e-05 0.010728 966.425
52 948   -0.000482564 0.0111478 969.266
52 949   -0.000477835 0.011601 966.73
52 950   0.000149403 0.0114076 969.155
52 951   0.000759374 0.0109655 954.352
52 952   0.000337271 0.0109625 964.459
52 953   0.000402898 0.0116532 965.964
52 980   -0.00609265 0.010076 904.83
52 981   -0.0065416 0.00988938 806.739
52 982   -0.00627113 0.00983825 860.877
52 992   0.00261894 -0.011412 877.946
52 993   0.00245119 -0.0114247 914.814
52 995   -0.00430904 0.00946924 962.598
52 996   -0.003636 0.0096075 963.995
52 997   -0.00349822 0.0109423 957.597
52 998   -0.00348558 0.0101885 962.621
52 999   -0.0038836 0.0103671 965.16
52 1000   -0.00383838 0.0108046 966.916
52 1001   -0.00462179 0.010408 966.743
52 1002   -0.00435945 0.0101052 964.517
52 1003   -0.00439382 0.0108472 969.584
52 1004   -0.00408626 0.010982 969.529
52 1015   0.0033841 -0.0111678 939.941
52 1016   0.00280552 -0.0113606 866.996
52 1017   0.00297844 -0.01102 932.7
52 1021   -0.00119124 -0.0113574 921.652
52 1022   -0.00147987 -0.0115442 892.778
52 1024   -0.00127365 -0.0118044 817.184
52 1025   -0.00146384 -0.0117533 853.918
52 1026   0.00528177 -0.0091523 954.219
52 1027   0.00511132 -0.00997195 954.146
52 1029   0.00562479 -0.0102153 943.631
52 1030   0.00603562 -0.0100351 903.398
52 1265   0.00536339 0.00386347 959.614
52 1307   -0.00752995 0.00900082 940.921
52 1308   -0.00728834 0.00922611 875.092
52 1349   0.00476217 0.00783799 886.961
52 1350   0.0045735 0.00840372 863.344
52 1351   0.00504564 0.00863744 823.12
52 1352   0.00536135 0.00843488 790.121
52 1365   -0.0084512 0.00120257 926.763
52 1366   -0.00722224 0.000388943 941.517
52 1388   -0.00609182 -0.00285599 950.066
52 1389   -0.00834132 -0.00198517 915.787
52 1390   -0.00718857 -0.00160321 936.123
52 1410   -0.00863259 -0.00331966 914.907
52 1411   -0.00813859 -0.00441108 924.327
52 1479   -0.00871342 0.00793359 896.368
52 1480   -0.0088964 0.00776298 852.611
52 1490   -0.0091292 0.0075871 756.408
52 1493   -0.00916726 0.00745752 741.926
52 1494   -0.00926041 0.00744554 713.699
52 1513   0.00953182 -0.00724985 713.319
52 1514   0.00951065 -0.00725118 701.663
52 1515   0.00951824 -0.00723849 708.565
52 1516   0.00951953 -0.00727642 691.002
52 1517   0.00951894 -0.00726287 701.298
52 1518   0.00952953 -0.00726221 725.347
52 1519   0.00953115 -0.00727686 703.587
52 1520   0.00953735 -0.00726899 871.824
52 1523   -0.00941595 0.00735106 687.987
52 1524   -0.0093831 0.00738169 691.923
52 1528   -0.00943022 0.00731598 689.742
52 1529   -0.00946737 0.00732489 682.644
52 1530   -0.00942611 0.00727727 697.699
52 1531   -0.00942219 0.00723939 707.191
52 1532   -0.00947279 0.00729766 687.376
52 1533   -0.0094674 0.00725934 699.702
52 1534   -0.00945226 0.00727426 695.727
52 1535   -0.00948622 0.00727304 695.163
52 1536   -0.00948965 0.00729242 687.545
52 1537   -0.00950249 0.0072707 697.919
52 1538   -0.00888998 0.00218204 935.192
52 1576   -0.00942593 0.0069999 802.112
52 1578   -0.00946876 0.00707352 779.069
52 1579   -0.00941497 0.0070541 781.029
52 1580   -0.00937767 0.00709389 762.945
52 1581   -0.00934092 0.00712897 751.67
52 1582   -0.0093718 0.00717233 733.129
52 1583   -0.00945182 0.00711259 759.893
52 1584   -0.00941054 0.00715408 738.004
52 1585   -0.00940656 0.00712043 752.221
52 1586   -0.00949962 0.00715705 751.295
52 1587   -0.00946726 0.00713427 753.056
52 1588   -0.00944436 0.00715822 738.468
52 1589   -0.00949189 0.00718397 736.454
52 1590   -0.00946153 0.00717802 732.001
52 1591   -0.00945204 0.00720894 717.176
52 1592   -0.0094711 0.00723189 709.684
52 1593   -0.00950515 0.0072104 729.249
52 1594   -0.00949385 0.00722741 716.109
52 1595   -0.00950795 0.00725932 705.652
52 1596   -0.0095049 0.0072457 711.172
52 1607   -0.00952252 0.00722216 733.203
52 1610   -0.00951839 0.00723747 723.576
52 1613   -0.00952732 0.00724214 729.263
52 1614   -0.00951937 0.00725875 712.966
52 1615   -0.00952526 0.0072498 724.824
52 1616   -0.00953377 0.00725204 735.738
52 1617   -0.00952927 0.00727122 717.899
52 1618   -0.00953137 0.00725871 731.006
52 1619   -0.00952439 0.00726328 715.484
52 1621   -0.0095422 0.00727423 822.438
52 1622   -0.00953644 0.00726312 743.651
52 1623   -0.00953707 0.00726994 759.33
52 1789   0.000654623 0.0115446 945.179
52 1790   0.000823231 0.011302 944.93
52 1792   0.000780776 0.0117951 908.814
52 1793   0.000948196 0.0118078 845.578
52 1847   -0.00253043 0.0115463 894.941
52 1848   -0.00228744 0.0113138 936.683
52 1849   -0.0022793 0.0115653 928.921
52 1850   -0.00280524 0.0105565 954.856
52 1851   -0.00317799 0.0104158 959.41
52 1852   -0.00323586 0.0107321 954.491
52 1853   -0.0025797 0.0110755 935.898
52 1854   -0.0027464 0.0108468 946.666
52 1855   -0.00297983 0.0108988 943.732
52 1856   -0.0027177 0.011208 916.867
52 1857   -0.00291334 0.0111374 922.455
52 1858   -0.00267657 0.0114272 884.836
52 1859   -0.00279807 0.0115435 832.165
52 1861   -0.00295867 0.0115034 818.192
52 1864   -0.00320787 0.0113556 896.237
52 1865   -0.0030328 0.0113166 889.571
52 1876   -0.000807585 -0.0115778 924.536
52 1877   -0.0010309 -0.0114731 913.839
52 1878   -0.00112933 -0.011711 848.486
52 1880   -0.000822141 -0.0118094 894.822
52 1881   -0.000989893 -0.011822 829.736
52 1882   0.00219028 0.00979628 947.346
52 1883   0.00186611 0.00937825 949.308
52 1884   0.00121192 0.00985513 955.65
52 1885   0.00107132 0.0107413 952.154
52 1886   0.00127311 0.0102899 954.289
52 1887   0.00178515 0.0102627 951.902
52 1888   0.00178256 0.0106889 950.373
52 1889   0.00141869 0.0109313 944.743
52 1890   0.00227787 0.0110099 955.923
52 1891   0.00221151 0.0114275 948.424
52 1892   0.00110836 0.0114112 922.037
52 1893   0.00139187 0.0112647 929.3
52 1894   0.00110718 0.0116665 867.518
52 1895   0.00163834 0.0116804 886.876
52 1896   0.00168938 0.0114399 918.317
52 1899   0.00126497 0.0117804 823.541
52 1900   0.00141432 0.0117404 858.112
52 1999   -0.00435545 -0.00845671 876.58
52 2000   -0.00440555 -0.00763341 913.958
52 2001   -0.00517406 -0.00836107 805.846
52 2002   -0.00475114 -0.00875832 841.755
52 2003   -0.00476 -0.00933238 835.659
52 2004   -0.00507562 -0.00936551 815.581
52 2006   -0.00541997 -0.00863388 791.76
52 2007   -0.00531267 -0.00906425 806.896
52 2053   0.00569848 0.007476 937.7
52 2054   0.00535092 0.00804035 801.554
52 2055   0.00522388 0.00767719 885.983
52 2057   0.00593152 0.00773338 919.821
52 2058   0.00571953 0.00794495 849.306
52 2158   -0.0049924 -0.0108722 80.349
52 2159   -0.00500439 -0.0108676 64.5588
52 2160   -0.00499307 -0.0108889 25.944
52 2161   -0.00500286 -0.0108931 8.12552
52 2163   -0.00501233 -0.0108766 18.7687
52 2164   -0.00501013 -0.0108855 9.22694
52 2194   -0.00519108 -0.00796167 830.58
52 2195   -0.00504456 -0.00722483 940.541
52 2196   -0.00481826 -0.00753563 910.127
52 2197   -0.00577915 -0.00746811 941.512
52 2198   -0.00545401 -0.00783508 845.492
52 2199   -0.00538075 -0.00746666 921.942
52 2202   -0.00595841 -0.00773075 923.606
52 2203   -0.00574642 -0.00794232 854.536
52 2205   0.00872077 -0.00372043 965.177
52 2206   0.00805613 -0.00309962 957.109
52 2207   0.00814869 -0.00445852 966.208
52 2208   0.00689751 -0.00373264 962.331
52 2209   0.00716578 -0.00451888 964.955
52 2229   -0.00802693 0.00431896 967.411
52 2230   -0.00751241 0.00361548 962.666
52 2231   -0.00879583 0.00367909 965.16
52 2232   -0.00828131 0.00297562 956.146
52 2280   -0.00927902 0.000162936 912.256
52 2281   -0.0092028 -0.00103265 911.392
52 2345   0.00586487 -0.0090102 940.611
52 2346   0.0063122 -0.00857271 957.211
52 2347   0.00656873 -0.00962908 813.199
52 2348   0.00610525 -0.00964964 888.674
52 2349   0.00676066 -0.00901775 911.222
52 2350   0.00677681 -0.00943467 832.622
52 2376   -0.0041047 0.00413688 967.194
52 2377   -0.00549678 0.00342148 963.447
52 2378   -0.00645109 0.00401812 963.74
52 2379   -0.00479149 0.00587788 968.854
52 2380   -0.00397454 0.00525858 968.763
52 2381   -0.00707558 0.005634 963.103
52 2382   -0.00612418 0.00507081 966.048
52 2383   -0.00562774 0.00563484 967.496
52 2384   -0.0069665 0.00621162 962.526
52 2385   -0.00652234 0.00681997 966.732
52 2386   -0.00624404 0.00622876 966.855
52 2387   -0.00783531 0.00694361 944.491
52 2388   -0.00734277 0.00663967 958.2
52 2389   -0.00714684 0.00696601 961.722
52 2390   -0.00748452 0.00769495 960.598
52 2391   -0.00781606 0.0072741 944.782
52 2392   -0.00746268 0.00726578 956.892
52 2393   -0.00822906 0.00783209 928.621
52 2394   -0.00795469 0.00757444 941
52 2395   -0.00772111 0.00783211 955.641
52 2396   -0.00784754 0.00855234 967.504
52 2397   -0.00820594 0.00819822 942.933
52 2398   -0.00787468 0.00820241 958.568
52 2432   -0.00542351 -0.00486187 964.03
52 2433   -0.00608863 -0.00401575 953.684
52 2434   -0.00722965 -0.00464316 935.893
52 2435   -0.00614055 -0.00591242 964.749
52 2436   -0.00713504 -0.00580299 944.36
52 2706   0.00602916 0.00505002 959.374
52 2707   0.00563932 0.00618313 968.628
52 2708   0.00631739 0.00648631 966.496
52 2709   0.00737821 0.00438436 935.811
52 2710   0.00796338 0.00503435 922.051
52 2712   0.00708041 0.00621477 953.02
52 2713   0.00750439 0.00579163 931.162
52 2791   0.00928291 -0.000351487 909.925
52 2832   0.00669747 0.00096539 941.849
52 2833   0.00615267 0.00238415 947.771
52 2834   0.00893429 0.00155348 908.93
52 2835   0.00839992 0.000576153 919.617
52 2836   0.00757002 0.00313842 929.729
52 2837   0.00864919 0.00269698 909.895
52 2854   0.00498622 0.0102104 781.801
52 2855   0.00508371 0.0103479 753.528
52 2856   0.00483279 0.0103306 789.214
52 2857   0.00483911 0.0105889 754.091
52 2858   0.00486981 0.0104631 769.835
52 2859   0.00499074 0.0104731 743.11
52 2860   0.00496258 0.0107126 598.757
52 2861   0.00492058 0.0106335 706.841
52 2862   0.00500002 0.0105764 702.905
52 2864   0.00505125 0.0106185 651.117
52 2865   0.00503279 0.0106925 568.67
52 2895   0.00497515 0.010907 46.1918
52 2896   0.00499638 0.0109015 9.3964
52 2897   0.0049861 0.0108973 35.6919
52 2986   -0.00952695 0.00728176 698.238
52 2987   -0.00950709 0.00729833 684.055
52 2988   -0.00951236 0.00728408 691.67
end
