999
16 1   -0.0449783 0.0032215 898.075
16 2   -0.0451574 -0.00296604 898.057
16 3   -0.0411395 -0.00650937 896.895
16 4   -0.0435154 -0.0297248 934.535
16 5   -0.0384821 -0.00723482 893.393
16 6   0.00111224 -0.0181329 966.008
16 7   0.00313464 -0.0194148 968.616
16 8   0.00675783 -0.0226525 931.817
16 9   0.00670987 -0.0143621 969.577
16 10   -0.00403019 0.0142169 957.224
16 11   -0.00615142 0.0151324 935.963
16 12   -0.00521679 0.014146 955.104
16 13   -0.00705553 0.0142212 948.914
16 14   0.00606715 -0.0130764 969.288
16 15   0.00502968 -0.0130355 969.129
16 16   -0.00555838 0.0129792 964.355
16 17   0.00644752 -0.0122636 969.272
16 18   -0.00678385 0.0130465 963.64
16 19   -0.00622133 0.0127909 964.899
16 20   0.00689272 -0.0119406 969.469
16 21   -0.00477614 0.012137 967.174
16 22   -0.00522835 0.0123661 965.76
16 23   -0.00436826 0.0121364 967.546
16 24   0.00730247 -0.0119083 968.901
16 25   0.00529698 -0.0117266 949.582
16 26   -0.00629694 0.0120821 967.888
16 27   0.00580412 -0.0117988 962.965
16 28   -0.00596945 0.0117544 964.034
16 29   -0.00556381 0.0118501 958.881
16 30   -0.00494293 0.0115541 948.849
16 31   0.00649521 -0.011359 968.73
16 32   -0.00535849 0.0114916 937.922
16 33   0.00592589 -0.0113959 956.043
16 34   -0.00605674 0.0113469 962.537
16 35   -0.00634408 0.0111924 968.648
16 36   0.0052271 -0.0113273 908.839
16 37   0.00617179 -0.0112791 967.519
16 38   -0.0058386 0.0111301 928.445
16 39   -0.00625597 0.0109074 967.937
16 40   0.00571807 -0.0111669 913.776
16 41   -0.00546238 0.0112229 900.066
16 42   0.00609984 -0.0109789 964.753
16 43   -0.00636101 0.010748 950.142
16 44   -0.00564321 0.0111281 889.657
16 45   0.00552643 -0.0111705 886.25
16 46   -0.00604032 0.0108692 953.825
16 47   0.00581281 -0.0109808 889.291
16 48   0.00594868 -0.0109096 928.217
16 49   -0.00591029 0.0109373 909.672
16 387   -0.0429938 -0.0255753 962.139
16 389   -0.0511395 0.0239916 936.155
16 390   -0.0451435 0.0217737 951.123
16 391   0.000928984 0.0164054 958.377
16 392   -0.00256421 0.0150716 952.392
16 393   0.00174134 0.0148348 955.958
16 402   -0.00461795 -0.0304411 957.565
16 403   -0.0101119 -0.0305231 965.11
16 404   -0.00880447 -0.0274976 950.363
16 405   -0.00589641 -0.0274156 963.826
16 409   0.00652502 0.0232805 929.555
16 410   0.00457506 0.0256675 905.683
16 411   -0.000627199 0.0248503 965.662
16 412   0.00225068 0.0241177 949.914
16 413   -0.000798977 0.021018 955.239
16 414   -0.00195306 0.0232655 954.861
16 415   -0.0410061 0.0310471 952.238
16 416   -0.0391949 0.0336824 955.458
16 417   -0.0387146 0.0282585 961.637
16 427   -0.010103 0.0303689 964.201
16 428   -0.0064887 0.027016 954.388
16 429   -0.00898041 0.0272436 945.54
16 430   -0.00397626 0.0125665 968.957
16 431   -0.00352758 0.0132509 966.451
16 433   -0.0030697 0.0123077 968.006
16 434   -0.0035089 0.0122364 962.345
16 437   -0.0360744 -0.0260357 908.613
16 438   -0.0327421 -0.0236777 892.882
16 439   -0.0011335 -0.0193217 939.494
16 481   -0.0473569 0.0130465 917.93
16 482   -0.0423569 0.0130465 890.494
16 483   -0.0432971 0.0168031 889.309
16 484   -0.0410181 0.0154644 870.818
16 511   -0.0501574 -0.00543764 901.078
16 514   -0.0489861 -0.00940464 907.887
16 515   -0.0513287 -0.0114686 918.66
16 516   -0.0435764 -0.0109533 899.171
16 517   -0.046423 -0.0113769 908.552
16 518   -0.0421374 -0.0127536 892.256
16 519   -0.0433717 -0.0152188 894.904
16 520   -0.0397006 -0.0119423 886.507
16 521   -0.0387184 -0.0133979 875.657
16 524   -0.0405718 -0.031037 954.585
16 525   -0.039055 -0.033679 955.958
16 526   -0.0369648 -0.0284888 955.298
16 528   -0.0243245 -0.0325 939.577
16 529   -0.0295461 -0.0249518 918.161
16 530   -0.0261792 -0.0225 922.57
16 531   -0.0242417 0.0325 938.95
16 532   -0.0263437 0.0225 921.722
16 533   -0.0297313 0.024558 914.567
16 534   -0.0117731 -0.0230231 899.095
16 535   -0.00948326 -0.0249976 902.151
16 557   -0.0114104 0.0229827 892.144
16 558   -0.0096156 0.0248574 898.221
16 693   0.00730294 0.0105718 768.545
16 694   -0.0380014 -0.0246221 864.383
16 695   -0.0403183 -0.0242467 877.591
16 702   -0.00515967 -0.0249784 921.641
16 703   -0.0411476 0.024998 926.526
16 704   -0.0392007 0.026191 928.391
16 705   -0.00216046 0.0197662 918.646
16 706   -0.00148403 0.0176357 939.866
16 707   -0.00288114 0.0167167 931.498
16 710   -0.0423508 0.0186852 864.831
16 711   -0.0429363 0.0207009 882.244
16 712   -0.00279124 -0.0162812 920.564
16 713   -0.00260409 -0.0181971 906.532
16 714   -0.00690506 -0.0151274 870.087
16 715   -0.00443173 -0.0160138 893.789
16 716   -0.00631012 -0.0142528 877.627
16 717   -0.00512025 -0.0147882 896.473
16 718   -0.00655035 -0.0130755 858.462
16 719   -0.00726352 -0.0111727 787.047
16 720   -0.00714528 -0.0108413 785.773
16 721   -0.00690881 -0.010703 803.543
16 723   -0.00702705 -0.0103789 805.349
16 741   -0.0423728 -0.0198648 863.426
16 742   -0.042043 -0.0170841 869.117
16 743   -0.0386082 -0.0180048 778.549
16 744   -0.0398266 -0.0160745 848.029
16 787   -0.00101802 0.0144806 961.391
16 788   0.000464492 0.0144527 960.792
16 789   0.000827406 0.0134033 959.997
16 790   -0.000403947 0.0132015 968.573
16 791   -0.00188199 0.0130619 950.31
16 792   -0.00127288 0.0136722 964.17
16 793   -0.000573854 0.0126626 962.063
16 795   -0.00101306 0.0125913 967.662
16 796   -0.00145226 0.01252 926.403
16 797   -0.00405512 0.0232784 890.861
16 798   -0.00587802 0.024516 890.601
16 806   -0.0329458 0.023087 884.014
16 807   -0.0348558 0.0252984 892.61
16 808   0.0011674 -0.0162131 964.739
16 809   0.00231496 -0.0153968 967.995
16 810   -0.00203638 -0.0151799 941.151
16 811   -0.000417049 -0.0153427 957.954
16 812   2.12495e-06 -0.0144777 964.615
16 813   0.00171099 -0.0143999 966.178
16 814   0.000982609 -0.0143514 966.304
16 815   0.00205647 -0.0136628 963.88
16 822   0.00675783 -0.0199476 959.831
16 826   0.00681138 -0.0174984 968.383
16 827   0.00606921 -0.0188771 965.592
16 828   0.00469197 -0.018332 968.189
16 829   0.00469477 -0.0168696 969.563
16 830   0.0059705 -0.0153983 969.662
16 831   0.00607201 -0.0166167 969.407
16 832   0.00332755 -0.0153066 969.032
16 833   0.00420519 -0.0159425 969.594
16 834   0.00479231 -0.0149966 969.539
16 835   0.00359696 -0.0142724 968.883
16 836   0.00456458 -0.0135399 969.379
16 837   0.00442385 -0.0142991 969.349
16 838   0.00349829 -0.0135854 968.86
16 839   0.00407783 -0.0131441 969.542
16 840   0.00247658 -0.0133381 962.357
16 841   0.00304503 -0.013298 967.663
16 842   0.00231622 -0.0128568 950.289
16 843   0.00190848 -0.0123316 858.804
16 844   0.002172 -0.0122888 871.905
16 845   0.00563596 0.0139383 923.023
16 846   0.00440835 0.0138343 936.277
16 847   0.00311312 0.014164 948.152
16 863   -0.0330533 -0.0212259 862.769
16 875   -0.00274029 0.0123611 945.935
16 876   -0.00273081 0.0129743 958.146
16 877   -0.00229635 0.012739 914.418
16 888   -0.0510348 0.0324945 689.376
16 890   -0.0115036 -0.0210077 874.445
16 891   -0.00929284 -0.0210077 798.439
16 897   -0.0461701 -0.0323668 822.06
16 915   -0.00911906 0.0209942 784.484
16 916   -0.0110126 0.0209942 861.577
16 943   0.00568111 0.0324174 689.741
16 944   0.00373115 0.0296392 802.83
16 986   0.00678915 -0.0105455 912.007
16 987   0.00713891 -0.0105271 938.526
16 988   0.00661311 -0.01112 962.99
16 989   0.00682441 -0.0110339 955.445
16 990   0.00667218 -0.0107676 934.868
16 991   0.00624717 -0.0108792 967.568
16 992   0.00643701 -0.0109405 960.69
16 993   0.00648475 -0.010767 942.327
16 995   0.00622894 -0.0107402 962.335
16 996   0.00636087 -0.0106711 939.659
16 1045   -0.022137 0.0247442 931.312
16 1046   -0.0209444 0.0297442 938.237
16 1047   -0.0143995 0.0242327 922.183
16 1048   -0.0161876 0.0322442 950.332
16 1049   -0.0137273 0.0292327 949.179
16 1052   -0.0399783 0.010737 890.155
16 1053   -0.0399783 0.00570808 895.997
16 1056   -0.00143049 -0.0305474 917.469
16 1058   0.00385758 -0.0336139 701.318
16 1059   0.000215157 -0.0336139 828.801
16 1074   -0.0505653 -0.0249959 921.816
16 1075   -0.0491002 -0.0299098 795.455
16 1076   -0.0510349 -0.032543 688.22
16 1103   0.00484263 -0.012359 968.355
16 1104   0.00496319 -0.011942 961.241
16 1105   0.00430296 -0.0122059 969.397
16 1107   0.00429079 -0.0118584 968.847
16 1108   0.00455627 -0.0117193 960.055
16 1113   -0.0499783 0.0057499 901.12
16 1114   -0.0499783 0.0107509 913.331
16 1321   -0.0386388 -0.021393 583.994
16 1322   -0.0393572 -0.0200262 645.867
16 1323   -0.0401871 -0.0222434 788.384
16 1324   -0.0409054 -0.0208767 799.108
16 1325   -0.0370684 0.0218364 710.813
16 1326   -0.041033 0.0218363 808.638
16 1327   -0.0403523 0.0234407 842.307
16 1328   -0.0384054 0.0246337 855.487
16 1329   -0.0368465 0.0240478 834.828
16 1339   -0.00598258 0.0211285 643.085
16 1340   -0.0042584 0.0217656 832.751
16 1341   -0.00351782 0.0205009 868.069
16 1342   -0.00675163 -0.0221097 702.805
16 1343   -0.00816715 -0.0220468 765.878
16 1344   -0.00667251 -0.0240841 854.056
16 1345   -0.00808804 -0.0240213 862.741
16 1351   -0.00738176 -0.0105863 761.553
16 1354   -0.00738176 -0.010193 556.085
16 1355   -0.00726352 -0.0103861 750.8
16 1356   -0.0041978 -0.0189798 842.978
16 1357   -0.00685827 -0.0184621 792.268
16 1358   -0.00613021 -0.0206749 632.263
16 1359   -0.00475318 -0.0208416 792.636
16 1360   -0.00626334 -0.0170163 844.984
16 1361   -0.00497989 -0.0173674 857.892
16 1369   -0.00210496 -0.0133224 940.815
16 1370   -0.00275628 -0.0141801 937.255
16 1371   -0.00252168 -0.0125725 909.9
16 1375   -0.00373935 -0.0139753 926.744
16 1376   -0.00465995 -0.0141365 908.134
16 1377   -0.00577992 -0.0129327 871.356
16 1378   -0.0050794 -0.0134584 901.063
16 1379   -0.00563494 -0.0122551 851.107
16 1380   -0.00510474 -0.0115062 811.035
16 1381   -0.00578554 -0.0111605 765.566
16 1382   -0.00551857 -0.0115516 801.802
16 1383   -0.00587329 -0.0118901 822.77
16 1405   -0.00714528 -0.0125456 833.848
16 1408   -0.00708617 -0.0115278 796.979
16 1409   -0.00732264 -0.0119283 808.12
16 1410   -0.00696793 -0.0121141 819.007
16 1411   -0.00631762 -0.0117994 811.33
16 1412   -0.00667233 -0.0118757 812.045
16 1413   -0.00679057 -0.0115516 799.326
16 1414   -0.0061107 -0.0112523 780.249
16 1415   -0.00658365 -0.0113978 793.666
16 1416   -0.00628806 -0.0115527 798.623
16 1417   -0.00667233 -0.010827 804.194
16 1418   -0.00628806 -0.0110283 782.057
16 1419   -0.00652453 -0.0111666 789.366
16 1421   -0.00655409 -0.0106267 830.493
16 1422   -0.00631762 -0.0107506 789.342
16 1431   0.00740147 0.0102078 528.256
16 1432   0.0072044 0.0103111 748.602
16 1435   -0.00822165 0.0219316 756.726
16 1436   -0.00697579 0.0218178 665.255
16 1437   -0.00832038 0.0238063 857.378
16 1438   -0.00707452 0.0236924 838.647
16 1477   -7.62398e-05 -0.0132605 968.877
16 1478   -0.000537928 -0.0138679 966.232
16 1479   -0.000450447 -0.0127681 963.411
16 1482   -0.000889652 -0.0126968 967.953
16 1484   -0.00113174 -0.0133398 962.458
16 1485   -0.0015597 -0.0129292 930.289
16 1502   0.00723768 -0.0103023 943.436
16 1506   0.00741256 -0.0101282 965.595
16 1507   0.00741256 -0.0102931 965.793
16 1526   0.00479441 0.0128984 912.186
16 1527   0.00291744 0.0133823 942.611
16 1528   0.0041806 0.0128464 935.303
16 1529   0.00422583 0.0122968 932.22
16 1530   0.00359887 0.0130006 945.64
16 1533   0.00469184 0.0117896 845.105
16 1534   0.00439624 0.0119445 887.214
16 1535   -0.00370062 -0.0133367 936.502
16 1536   -0.00368702 -0.0122202 966.313
16 1537   -0.00324781 -0.0122914 967.116
16 1538   -0.00313426 -0.0127916 951.052
16 1539   -0.00501325 -0.0123077 885.041
16 1540   -0.0041126 -0.0123278 952.479
16 1541   -0.00483776 -0.0118973 866.976
16 1542   -0.00469794 -0.0129047 913.045
16 1543   -0.00423975 -0.0129441 933.188
16 1546   -0.00427707 -0.0119399 930.282
16 1547   -0.00451354 -0.0118159 884.79
16 1548   0.00350103 0.0126097 956.272
16 1549   0.00378716 0.0122921 964.696
16 1551   0.00367802 0.0120387 965.841
16 1552   0.00341449 0.0120815 969.055
16 1613   -0.00740249 0.0102311 965.87
16 1618   -0.00735373 0.0101367 966.965
16 1619   -0.00745124 0.0100856 931.143
16 1658   -0.0375055 -0.0216511 651.416
16 1659   -0.0367369 -0.022877 797.184
16 1660   -0.0358897 -0.0206129 757.446
16 1661   -0.0351211 -0.0218388 819.111
16 1714   -0.0356266 0.021029 788.32
16 1715   -0.0334946 0.021029 854.417
16 1720   -0.0386395 0.0165027 836.3
16 1723   -0.0406415 0.0185145 816.726
16 1724   -0.0392093 0.0176707 811.012
16 1725   -0.0380698 0.018668 794.33
16 1726   -0.0398778 0.0203193 739.812
16 1727   -0.0384455 0.0203088 528.246
16 1729   8.20661e-05 0.012982 965.967
16 1730   0.000345589 0.0129392 968.857
16 1737   -0.0482061 -0.0233077 960.76
16 1738   -0.0439055 -0.0210482 921.878
16 1739   -0.0447544 -0.0240721 963.392
16 1769   -0.0511395 0.0177499 962.736
16 1770   -0.0457971 0.0168031 924.266
16 1771   -0.0485181 0.0154644 935.831
16 1772   -0.049779 0.0204998 968.237
16 1773   -0.047058 0.019758 957.854
16 1775   -0.0196045 0.0222442 929.934
16 1776   -0.0165004 0.0222442 925.191
16 1841   -0.0210548 -0.0297577 938.809
16 1842   -0.0162478 -0.0322577 950.915
16 1843   -0.0138084 -0.0292731 949.923
16 1844   -0.0199544 -0.0222577 930.53
16 1845   -0.0223364 -0.0247577 931.612
16 1846   -0.0147908 -0.0242731 925.51
16 1847   -0.0170692 -0.0222577 927.593
16 1857   -0.00722832 0.0125617 967.392
16 1860   -0.00672361 0.0119599 969.43
16 1861   -0.00709248 0.0121838 969.189
16 1862   -0.00736416 0.011867 969.584
16 1863   -0.00659546 0.0113156 967.603
16 1864   -0.00677146 0.0116395 969.413
16 1865   -0.00714032 0.0115953 968.738
16 1866   -0.00685241 0.0111495 961.009
16 1867   -0.00738808 0.0110785 962.851
16 1868   -0.00716424 0.0113151 965.602
16 1869   -0.00692278 0.0109032 948.958
16 1870   -0.00723461 0.0108287 954.008
16 1871   -0.00734653 0.0105904 954.475
16 1872   -0.007054 0.0103835 915.915
16 1873   -0.00724902 0.0104014 947.104
16 1875   -0.00686891 0.0104805 906.519
16 1878   -0.0067521 0.0106929 926.018
16 1879   -0.00653539 0.0106566 922.641
16 1880   -0.0511082 -0.0172575 960.899
16 1881   -0.0499369 -0.0144728 936.031
16 1882   -0.048749 -0.019779 967.157
16 1883   -0.0459654 -0.0190358 943.26
16 1884   -0.0473738 -0.0139456 922.124
16 1885   -0.0457614 -0.0159871 920.621
16 1903   -0.0314904 0.033529 954.086
16 1904   -0.0281086 0.031029 939.551
16 1905   -0.0295352 0.028087 932.037
16 1906   -0.0347972 0.0322114 964.916
16 1907   -0.0333352 0.0277984 930.891
16 1908   -0.0352154 0.0294227 953.169
16 1912   -0.00704795 0.0179354 815.914
16 1913   -0.00614384 0.0165298 895.525
16 1914   -0.00482969 0.0175072 884.243
16 1915   -0.00610409 0.0195452 716.886
16 1916   -0.00478995 0.019161 825.688
16 1971   0.000178352 -0.027521 931.844
16 1972   0.00364521 -0.0278154 873.122
16 1973   0.00472425 -0.0243051 921.11
16 1974   0.00247829 -0.0224105 960.43
16 1975   -0.00122533 -0.0216333 946.899
16 1976   0.000364063 -0.0234403 966.693
16 1977   -0.000856842 -0.0250404 966.515
16 1978   -0.00309519 -0.0241373 943.867
16 1979   -0.00325131 -0.0223706 886.608
16 1993   0.00731379 -0.010778 956.179
16 1994   0.00730247 -0.0113125 965.342
16 1995   0.00711627 -0.0110628 958.956
16 2018   0.00567879 -0.0322279 689.503
16 2019   0.00567879 -0.0294557 746.148
16 2032   0.00201969 0.0124434 858.944
16 2033   0.00234713 0.0132037 935.847
16 2034   0.00149264 0.0125289 896.676
16 2035   0.00157918 0.0130572 933.487
16 2036   0.00240367 0.0125167 904.16
16 2037   0.00264458 0.0127487 928.677
16 2038   0.00311705 0.0125365 952.512
16 2039   0.00313966 0.0122616 964.386
16 2041   0.00262392 0.0122098 921.685
16 2042   0.00288745 0.012167 957.138
16 2077   0.00106456 -0.013657 966.883
16 2078   0.00156464 -0.0133766 961.834
16 2079   0.000654683 -0.0126764 967.553
16 2080   0.000545764 -0.0131759 968.487
16 2081   0.00111379 -0.0127432 958.379
16 2082   0.00150495 -0.0129623 953.909
16 2083   0.00170878 -0.0125053 906.259
16 2084   0.00183641 -0.0127672 938.089
16 2086   0.00138143 -0.0124171 913.77
16 2087   0.00111791 -0.0124599 948.145
16 2096   0.0072044 0.0120948 822.335
16 2097   0.0072044 0.0128154 859.819
16 2098   0.00661321 0.012969 875.576
16 2099   0.00616982 0.0109942 768.411
16 2100   0.00685954 0.01178 809.375
16 2101   0.00649005 0.0109751 790.577
16 2102   0.00703197 0.0107062 794.058
16 2103   0.00688417 0.0113212 793.19
16 2104   0.00722904 0.0111556 787.648
16 2107   0.00673638 0.0105487 833.176
16 2108   0.00653931 0.010652 818.318
16 2109   -0.049225 0.0260073 917.287
16 2110   -0.0491203 0.0299241 796.933
16 2111   -0.0434815 0.0258127 965.509
16 2112   -0.04595 0.0245312 963.585
16 2113   -0.04619 0.0324296 822.085
16 2114   -0.0438262 0.0297943 930.93
16 2115   -0.0315571 -0.0337259 955.297
16 2116   -0.029717 -0.0286777 935.537
16 2117   -0.0282291 -0.0312259 940.65
16 2118   -0.034704 -0.0324049 965.582
16 2119   -0.0338034 -0.0298567 952.085
16 2126   0.00540111 0.0205699 963.074
16 2127   0.00240446 0.0176056 965.292
16 2128   0.00135293 0.0200878 968.398
16 2129   0.00307673 0.0216027 964.3
16 2130   0.00622716 0.0152126 947.97
16 2132   0.00510324 0.0169796 966.21
16 2133   0.00637609 0.018429 969.422
16 2163   -0.00610446 0.0333804 956.483
16 2164   -0.00868803 0.0333804 968.812
16 2173   0.00330065 -0.0127753 969.284
16 2174   0.00337856 -0.0121191 965.58
16 2175   0.0035762 -0.0120871 958.946
16 2176   0.00382428 -0.0126831 969.536
16 2177   0.00370796 -0.0120657 946.708
16 2178   0.00391876 -0.0123329 967.131
16 2179   0.00307402 -0.0126316 968.353
16 2180   0.0031892 -0.0123042 969.543
16 2181   0.00265803 -0.0126731 956.423
16 2182   0.0025097 -0.0123884 936.341
16 2184   0.00297292 -0.0121719 968.908
16 2185   0.0027094 -0.0122147 952.457
16 2188   -0.0010967 0.0275936 946.422
16 2189   -0.00075054 0.0336109 870.255
16 2190   0.000937276 0.0308327 865.51
16 2191   -0.00418384 0.0287522 962.569
16 2192   -0.00396876 0.0319913 939.006
16 2221   0.00540619 0.0123598 865.32
16 2222   0.0051106 0.011878 835.914
16 2223   0.00599739 0.0123263 848.177
16 2224   0.00624372 0.0118579 814.873
16 2225   0.00594812 0.0114182 784.664
16 2227   0.0052584 0.0114823 793.661
16 2228   0.00555399 0.0113274 773.254
16 2286   -0.0086724 -0.0335077 968.572
16 2287   -0.00608648 -0.0335077 955.058
52 237   -0.00271631 -0.00226956 968.697
52 238   -0.00472182 -0.00116641 964.592
52 239   -0.00460567 0.00116502 964.029
52 240   -0.00268664 -0.00450136 969.589
52 241   -0.000714844 -0.0010814 968.998
52 242   -0.000714284 0.00112008 969.009
52 243   -0.00259961 0.00226335 968.756
52 244   0.00124611 -0.00209195 969.192
52 245   0.00313911 0.0011914 967.57
52 246   -0.00878677 -4.19475e-05 924.113
52 247   0.00308911 -0.000958398 967.383
52 248   0.00501704 0.00205619 965.017
52 249   -0.00247787 0.00429055 969.495
52 250   -0.000683027 0.00533382 968.587
52 251   -0.00444216 -0.00552457 969.58
52 252   0.00488009 -0.00184257 963.111
52 253   0.0067785 -0.00441935 954.018
52 254   0.00497193 -0.00372619 966.739
52 255   -0.00611931 0.00221263 956.608
52 256   -0.00792658 0.00162649 930.936
52 257   -0.00629562 -0.00220187 961.574
52 258   -0.00797938 -0.00165458 940.973
52 259   0.00911224 6.00338e-05 918.175
52 260   0.00803779 -0.0014216 927.617
52 261   -0.000970329 0.00706543 962.508
52 262   0.00637485 -0.000813982 952.616
52 263   0.0064618 0.000934987 955.27
52 264   -0.00381707 0.00536201 967.164
52 265   0.00529025 0.00360743 967.676
52 266   -0.0085955 -0.00339014 957.81
52 267   0.00443686 0.00485113 969.51
52 268   -0.00598604 0.0039661 962.988
52 269   0.0030796 -0.00795195 934.317
52 270   -0.00513281 0.005085 969.109
52 271   -0.00372225 -0.00796366 965.184
52 272   -0.00251471 0.00758866 947.694
52 273   -0.00450883 -0.00699588 968.768
52 274   -0.00737665 0.00450317 945.348
52 275   -0.00588187 -0.00492816 969.348
52 276   -0.00637841 -0.00383399 967.732
52 277   -0.00356661 0.00692852 944.672
52 278   0.00665351 0.00406484 967.945
52 279   0.00547759 0.00580758 969.632
52 280   -0.00763172 -0.00440472 966.307
52 281   0.00651585 0.00527569 969.519
52 282   -0.0058598 -0.00742349 969.054
52 283   -0.00686286 -0.00584959 969.523
52 284   -0.00448422 0.00758236 901.681
52 285   0.0040292 -0.00890324 900.982
52 286   0.00722232 0.00577274 969.48
52 287   -0.00772897 -0.0054588 962.069
52 288   0.0053085 -0.00823964 828.333
52 289   -0.00372432 0.00922163 917.014
52 290   -0.00670795 -0.00721472 968.758
52 291   -0.00705771 -0.00664485 968.031
52 292   -0.00581456 -0.00828561 962.106
52 293   0.00791702 0.00541256 956.017
52 294   0.00720182 0.00660523 967.518
52 295   0.00309369 -0.0101268 951.236
52 296   -0.00834283 -0.00601892 968.413
52 297   0.00404374 -0.00964646 914.461
52 298   -0.00429928 0.00884621 884.863
52 299   0.00477476 -0.00876963 860.024
52 300   -0.00454537 0.00835947 875.536
52 301   0.00372483 -0.0100144 945.468
52 302   -0.0073478 -0.00779866 962.479
52 303   -0.0078877 -0.00690951 956.412
52 304   0.00779041 0.00688506 958.786
52 305   -0.00830671 -0.00667438 956.458
52 306   0.00399597 -0.01089 967.002
52 307   -0.00574395 0.00936172 788.387
52 308   0.00422206 -0.0105518 964.799
52 309   0.00472934 -0.00990132 879.022
52 310   0.00772436 0.00865764 963.661
52 311   -0.00789766 -0.00771924 939.006
52 312   0.00510137 -0.00932468 837.229
52 313   -0.00458616 0.00997225 895.026
52 314   0.00473588 -0.0106189 949.642
52 315   -0.0080878 -0.00739996 935.188
52 316   0.00763022 0.00771432 954.207
52 317   0.00492426 -0.0103364 885.516
52 318   0.00785034 0.00736633 948.079
52 319   -0.0079299 -0.00855774 947.573
52 320   0.00797521 0.00830911 936.448
52 321   0.00504142 -0.00971314 839.776
52 322   -0.00825623 -0.00804333 904.778
52 323   -0.0044798 0.0107515 967.165
52 324   0.00793501 0.00797952 934.697
52 325   -0.00869755 -0.0069958 935.964
52 326   -0.00556167 0.00975838 780.526
52 327   -0.00472796 0.0105633 939.47
52 328   0.00821834 0.00748199 923.223
52 329   -0.00480491 0.0102955 896.033
52 330   -0.00823635 -0.00830909 908.785
52 331   0.00562378 -0.00978926 774.884
52 332   0.00823656 0.00780082 911.815
52 333   -0.00848546 -0.0075155 906.367
52 334   0.00536545 -0.00993563 797.549
52 335   -0.00505798 0.010667 901.769
52 336   0.00527122 -0.0103812 807.602
52 337   -0.0085399 -0.00796595 855.15
52 338   0.00826905 0.00838042 910.119
52 339   -0.00574538 0.00996998 737.04
52 340   -0.0086919 -0.00743549 903.352
52 341   0.0084816 0.00820832 864.5
52 342   0.00540033 -0.0101686 779.135
52 343   -0.00875124 -0.00730027 913.124
52 344   0.00844806 0.0078757 889.331
52 345   0.00853996 0.00804506 844.524
52 346   -0.008579 -0.00775739 874.155
52 347   -0.00526646 0.0105036 812.206
52 348   0.00578622 -0.00993864 738.725
52 349   -0.00565907 0.0101622 705.554
52 350   -0.00870539 -0.00808132 755.897
52 351   0.00557264 -0.010258 712.1
52 352   0.00574769 -0.0101571 679.236
52 353   -0.00887353 -0.0076053 878.098
52 354   0.00568789 -0.0102442 648.493
52 355   -0.00876019 -0.0077754 819.327
52 356   -0.00550518 0.0104846 676.973
52 357   -0.00880959 -0.00796592 726.594
52 358   -0.00543546 0.0105481 753.066
52 359   -0.00884829 -0.00770332 844.142
52 360   -0.00575312 0.010266 598.225
52 361   0.00555227 -0.0103958 667.156
52 362   0.00887879 0.00770441 830.738
52 363   -0.0088253 -0.00786856 758.281
52 364   0.00895261 0.00775002 817.859
52 365   0.00562996 -0.010439 529.562
52 366   -0.00558969 0.0105472 509.702
52 367   -0.00571338 0.0103533 517.279
52 368   -0.00894098 -0.00775723 828.786
52 369   0.00889422 0.00793936 705.172
52 370   -0.00888841 -0.00799023 697.655
52 371   0.0056313 -0.0105071 438.181
52 372   -0.00565315 0.0105069 365.479
52 373   0.00895444 0.00794814 691.87
52 374   -0.00901543 -0.00791607 874.217
52 375   0.00576428 -0.0105221 2.67364
52 442   -0.00743412 0.00560764 955.406
52 464   0.00705022 -0.00571061 962.465
52 563   0.00597933 0.00885084 938.398
52 564   0.0040812 0.00793726 965.105
52 565   0.00540841 0.00870211 949.809
52 566   0.00531218 0.0066471 969.525
52 567   0.00530402 0.00796711 965.129
52 568   0.0047178 0.0073884 967.748
52 569   0.00668781 0.00693129 968.837
52 570   0.00583363 0.00753158 968.995
52 571   0.00596316 0.00692004 969.611
52 572   0.00720729 0.00772583 965.643
52 573   0.00634251 0.00768189 969.459
52 574   0.00677406 0.00740379 968.761
52 575   0.00734748 0.008626 968.788
52 576   0.00707778 0.00815131 968.844
52 577   0.00657978 0.00813504 968.937
52 578   0.00647008 0.00855257 959.837
52 579   0.00672899 0.00940846 859.244
52 580   0.00681888 0.00899887 930.048
52 581   0.0071983 0.00905603 936.801
52 629   -0.00893722 -0.0079352 702.478
52 630   0.00568601 -0.0105254 209.009
52 697   -0.00639778 -0.00859863 956.371
52 698   -0.00741859 -0.00866442 967.347
52 699   -0.00708288 -0.00832044 968.391
52 700   -0.00720929 -0.00907528 940.68
52 701   -0.00691093 -0.00931736 880.273
52 726   -0.00515462 -0.00867078 952.003
52 727   -0.00441329 -0.00877644 958.398
52 728   -0.00525869 -0.00929743 929.888
52 729   -0.00573531 -0.0100044 834.219
52 730   -0.00570706 -0.00950861 893.523
52 731   -0.00618621 -0.00919498 906.806
52 732   -0.00651283 -0.0094487 861.673
52 734   -0.00638232 -0.00986277 802.578
52 735   -0.00608395 -0.0101049 774.323
52 748   0.000630592 0.00223723 969.342
52 749   0.00196275 0.00228141 969.078
52 750   0.000540116 0.00442377 969.546
52 751   0.00325835 0.00494567 969.643
52 752   0.00147725 0.00500163 969.479
52 753   0.00226729 0.00393429 969.591
52 754   0.00340233 0.00726782 967.653
52 755   0.00191081 0.00605204 968.978
52 756   0.00302582 0.00597399 969.343
52 757   0.00267307 0.00772595 966.396
52 758   0.00190155 0.00696579 967.732
52 759   4.68749e-05 0.00776523 963.261
52 760   0.00126206 0.00752524 966.024
52 761   -0.000449818 0.00859569 959.551
52 762   -0.000853491 0.00998177 958.778
52 763   -0.000195391 0.00968517 961.657
52 764   7.11091e-05 0.0102426 965.151
52 766   0.0024403 0.00861972 963.94
52 767   0.00158679 0.00837998 964.338
52 768   0.000256632 0.00875624 962.054
52 769   0.000174651 0.00927666 961.752
52 770   0.00107806 0.00878053 963.128
52 771   0.00162711 0.00975668 960.696
52 772   0.00124043 0.0092079 962.472
52 773   0.00075173 0.00939399 962.402
52 774   0.000613995 0.0102386 964.446
52 775   0.000924575 0.00979849 962.378
52 776   0.00135225 0.0100871 960.345
52 777   0.000794716 0.0105564 964.757
52 778   0.00128862 0.0104979 959.043
52 779   0.000649432 0.0109317 967.996
52 781   0.000773713 0.011652 969.29
52 782   0.000437918 0.011654 964.552
52 784   0.00356749 -0.011038 968.119
52 785   0.00316243 -0.0108122 965.162
52 786   0.00288387 -0.0111529 956.257
52 799   0.00227817 0.00999796 959.397
52 800   0.00278599 0.00942871 962.095
52 801   0.00243098 0.0106169 952.275
52 802   0.00266048 0.0113909 906.089
52 852   0.00340874 0.0107223 967.761
52 853   0.00287869 0.010691 956.962
52 854   0.00283862 0.0111199 945.881
52 856   0.00352678 0.0110947 969.045
52 857   0.00321056 0.0112077 964.859
52 865   -0.00305207 0.00912671 933.077
52 866   -0.00251399 0.00863432 940.73
52 867   -0.0014663 0.00894154 952.982
52 868   -0.00145894 0.0096589 953.302
52 869   -0.00260247 0.00982842 946.688
52 870   -0.00205703 0.0100534 948.55
52 871   -0.00248466 0.0109503 939.853
52 872   -0.00198997 0.010669 943.919
52 874   -0.00253226 0.0114042 910.299
52 879   0.00599105 0.00935215 894.329
52 880   0.00639189 0.00946347 860.198
52 881   0.00636129 0.00985262 803.399
52 922   0.00482916 0.00926915 943.621
52 923   0.00381931 0.0103865 968.072
52 924   0.00441167 0.0105894 967.653
52 925   0.00358324 0.00964166 961.924
52 926   0.00408817 0.009083 958.266
52 927   0.00501095 0.00980787 927.789
52 928   0.00482224 0.0102535 947.793
52 929   0.00518217 0.0105213 933.694
52 930   0.0058776 -0.00849007 798.692
52 931   0.00579685 -0.00894803 799.463
52 932   0.00575274 -0.00949473 783.259
52 933   0.00555436 -0.00925264 805.668
52 939   -0.00574471 0.00609866 964.829
52 940   -0.00665542 0.00608422 969.271
52 941   -0.0068358 0.00671195 966.362
52 976   0.005747 -0.0103458 506.122
52 1061   0.00554947 -0.0105607 604.186
52 1062   0.00548037 -0.0104892 721.325
52 1063   0.00537164 -0.010564 792.426
52 1131   -0.008961 -0.00794676 693.837
52 1132   0.00897637 0.00791902 708.542
52 1134   0.00570701 -0.0105047 168.577
52 1136   0.00572385 -0.0105242 50.7077
52 1137   -0.00568525 0.0105353 200.618
52 1140   -0.00571351 0.0105163 116.358
52 1141   -0.00572966 0.0105293 23.8739
52 1147   -0.00575998 0.0103862 413.33
52 1150   -0.00576441 0.0104302 283.638
52 1151   -0.00574244 0.0104167 367.229
52 1152   -0.00576303 0.0104725 95.8095
52 1153   -0.00575444 0.0104522 226.274
52 1154   -0.00498584 0.00928913 844.22
52 1155   -0.00467902 0.00928582 866.585
52 1156   -0.00472222 0.0096959 869.909
52 1157   -0.00530681 0.00978106 806.988
52 1158   -0.00507496 0.0096079 835.283
52 1159   -0.0049831 0.00979052 844.858
52 1160   -0.00530011 0.00995811 802.388
52 1161   -0.0051298 0.00996923 828.615
52 1162   -0.00521921 0.0103023 816.257
52 1163   -0.00508767 0.0101979 841.955
52 1164   -0.00553442 0.0101799 741.444
52 1165   -0.0054051 0.0100961 779.84
52 1166   -0.00536634 0.0102116 780.128
52 1167   -0.0055054 0.0103941 705.112
52 1168   -0.00553712 0.0102823 718.085
52 1169   -0.00545419 0.0103084 749.06
52 1170   -0.00565733 0.010366 568.183
52 1171   -0.0055945 0.010341 659.259
52 1172   -0.00558216 0.010395 633.179
52 1173   -0.00565608 0.0104642 427.296
52 1174   -0.00566183 0.010412 498.886
52 1175   -0.00562813 0.010428 536.453
52 1176   -0.0057174 0.0104344 368.029
52 1177   -0.00568957 0.0104357 418.291
52 1178   -0.00568999 0.0104609 361.917
52 1179   -0.00572297 0.010493 150.071
52 1180   -0.00571469 0.0104739 257.39
52 1181   -0.00572525 0.0104555 286.857
52 1182   -0.00574032 0.0104598 231.404
52 1183   -0.00573626 0.0104918 104.088
52 1184   -0.00574305 0.0104771 139.747
52 1185   -0.00575477 0.0104831 80
52 1186   -0.00574529 0.0105142 18.1313
52 1187   -0.00575353 0.0104955 45.5729
52 1188   -0.00574244 0.0105001 58.6487
52 1190   0.00885232 0.00799601 704.609
52 1191   0.00872483 0.00804078 752.457
52 1192   0.00875155 0.00796161 751.431
52 1238   -0.0057584 0.0105042 16.5291
52 1241   -0.00575894 0.0105242 3.80983
52 1242   -0.00575538 0.0105152 8.27589
52 1243   -0.00890595 -0.0078521 757.584
52 1244   -0.00893354 -0.00781286 795.942
52 1245   -0.00897996 -0.00783498 805.849
52 1246   -0.00893906 -0.00789443 729.8
52 1247   -0.0089624 -0.00788001 756.54
52 1248   -0.0089948 -0.0078702 802.995
52 1249   -0.00897571 -0.0078598 788.574
52 1250   -0.00900033 -0.00790052 800.979
52 1251   -0.00897394 -0.00789551 751.711
52 1252   -0.00898903 -0.00788531 790.128
52 1253   -0.00899201 -0.00791346 791.582
52 1254   -0.00897517 -0.00791365 727.9
52 1255   -0.00897361 -0.00792933 705.275
52 1256   0.00762364 0.00165903 947.75
52 1257   0.00861113 0.00139169 925.675
52 1258   0.009117 0.00255017 932.471
52 1259   0.00743451 0.00351714 964.76
52 1260   0.00851565 0.00296334 951.423
52 1261   0.00774338 0.00267167 955.161
52 1262   0.008084 0.00472372 962.453
52 1263   0.00791309 0.00401888 967.731
52 1264   0.00850048 0.00359875 962.036
52 1266   0.008779 0.00402408 966.6
52 1267   0.00856377 0.00458309 967.751
52 1272   0.00832956 0.00578044 967.686
52 1275   0.00810074 0.00659039 960.415
52 1276   0.00824722 0.0061794 967.954
52 1277   0.00857343 0.00629752 965.043
52 1278   0.00872622 0.00691894 938.135
52 1279   0.00833352 0.00679951 950.359
52 1280   0.00852038 0.00661752 955.647
52 1281   0.00841255 0.00733102 919.134
52 1282   0.00842456 0.00707074 934.774
52 1283   0.00865415 0.0071311 924.044
52 1284   0.00856321 0.00744063 906.142
52 1285   0.00871138 0.00733171 908.883
52 1286   0.00880111 0.00759278 873.542
52 1287   0.00884419 0.0074641 895.626
52 1288   0.00856381 0.00773605 881.191
52 1289   0.00858238 0.00758962 894.627
52 1290   0.00868746 0.00760938 879.968
52 1291   0.00870775 0.00786961 798.664
52 1292   0.00864168 0.00778931 851.48
52 1293   0.0086961 0.00772231 851.591
52 1294   0.00876948 0.00783546 784.148
52 1295   0.00882498 0.00776374 802.301
52 1296   0.00875595 0.00776504 818.086
52 1297   0.00887554 0.00788927 728.472
52 1298   0.00882437 0.00785328 758.201
52 1299   0.00885266 0.00781505 772.346
52 1300   0.00894165 0.00782702 770.663
52 1301   0.00891216 0.00786937 734.051
52 1302   0.0088955 0.00783272 758.014
52 1303   0.00894779 0.0078736 736.922
52 1304   0.00898944 0.00786043 776.908
52 1305   0.00896313 0.00785037 764.484
52 1306   0.0089684 0.00790372 718.505
52 1307   0.00896343 0.00788699 731.929
52 1308   0.00898141 0.00787872 755.953
52 1309   0.00898989 0.00788916 757.671
52 1310   0.00900187 0.0078933 775.723
52 1311   0.0089817 0.00790086 733.697
52 1312   0.00899844 0.00790289 764.391
52 1313   0.00898894 0.00790712 737.336
52 1314   0.00900071 0.00792378 728.713
52 1315   0.00899091 0.00792034 718.678
52 1318   0.00901146 0.00792173 854.666
52 1319   0.00900539 0.00791636 792.611
52 1320   0.00900509 0.0079087 783.066
52 1448   -0.00123308 -0.00554204 969.117
52 1449   -0.00247765 -0.00802563 965.53
52 1450   -0.00142346 -0.007137 967.072
52 1451   -0.000923193 -0.00918852 962.8
52 1452   -0.00215994 -0.00911496 962.705
52 1453   -0.000797459 -0.01012 963.017
52 1454   -0.000667728 -0.0115152 968.137
52 1455   -0.000163049 -0.011518 963.976
52 1456   -0.00284809 -0.00987606 961.65
52 1457   -0.00248873 -0.0113378 890.636
52 1458   -0.00243865 -0.010353 958.261
52 1459   -0.00113729 -0.0113575 958.477
52 1460   -0.00196859 -0.0112971 897.377
52 1461   -0.00182811 -0.0106774 948.218
52 1462   -0.00133326 -0.0107359 956.69
52 1464   -0.00137575 -0.0116665 934.145
52 1465   -0.00171221 -0.0116646 857.999
52 1466   -0.000919414 0.0106143 959.856
52 1467   -0.000327544 0.0106647 966.99
52 1468   -0.00026405 0.0110746 969.425
52 1469   -0.000666076 0.0114236 969.138
52 1470   0.000136925 0.011519 965.928
52 1471   0.000203155 0.011172 969.493
52 1473   -0.000567781 0.0116964 968.094
52 1474   -0.000231986 0.0116945 961.643
52 1490   0.00139029 0.010844 954.467
52 1491   0.00103117 0.011075 962.378
52 1492   0.00105378 0.0114493 963.146
52 1493   0.00201407 0.0109303 937.094
52 1494   0.00168807 0.0109878 942.206
52 1495   0.00239545 0.0113753 884.551
52 1496   0.00207434 0.0114605 856.809
52 1497   0.00217672 0.0112032 910.561
52 1500   0.00237213 0.0116043 824.672
52 1501   0.00221402 0.0116608 781.478
52 1510   -0.000963697 0.0113618 961.751
52 1511   -0.00115354 0.0109623 954.536
52 1513   -0.0012012 0.0116366 940.955
52 1516   -0.00141656 0.0115377 910.438
52 1517   -0.00165743 0.0117394 830.072
52 1518   -0.00174276 0.0110821 926.692
52 1519   -0.0014385 0.0111373 937.896
52 1520   -0.00221521 0.0113958 879.254
52 1521   -0.0019204 0.011355 889.279
52 1522   -0.00185702 0.0116119 826.495
52 1524   -0.00223901 0.0116227 828.791
52 1525   -0.00206464 0.0116827 784.187
52 1555   -0.00408737 -0.00939055 957.796
52 1556   -0.0036263 -0.00980845 962.769
52 1557   -0.00489594 -0.0102892 946.453
52 1558   -0.00446181 -0.0107373 968.791
52 1559   -0.00481382 -0.00973288 940.351
52 1560   -0.00438383 -0.00972035 955.308
52 1561   -0.00391862 -0.0105989 969.293
52 1562   -0.00392276 -0.0101383 965.239
52 1564   -0.00552746 -0.0102929 855.114
52 1565   -0.00521067 -0.0104062 927.519
52 1568   0.00194355 -0.00796837 952.051
52 1569   0.000777986 -0.00706796 963.356
52 1570   -4.88977e-05 -0.00854576 961.837
52 1571   -0.000231459 -0.00758357 964.301
52 1572   0.00240323 -0.00976185 947.061
52 1573   0.0018838 -0.00892268 950.223
52 1574   0.000900794 -0.00898445 957.793
52 1575   0.00180108 -0.0101959 950.603
52 1576   0.00100602 -0.00984934 958.006
52 1577   0.000886715 -0.0114302 965.444
52 1578   0.00028405 -0.0111167 969.107
52 1579   0.000182065 -0.0103421 964.584
52 1580   0.00253297 -0.0110913 933.382
52 1581   0.00201044 -0.0107888 941.735
52 1582   0.00249294 -0.0114708 892.955
52 1583   0.00545452 0.00982573 888.422
52 1584   0.0057493 0.00965857 874.794
52 1585   0.0059079 0.00983918 840.027
52 1586   0.00611904 0.00992191 806.772
52 1589   0.00611446 0.0101436 772.296
52 1590   0.00597779 0.0102542 745.99
52 1591   0.00127849 -0.0112305 944.02
52 1592   0.00193495 -0.011422 866.93
52 1593   0.00170914 -0.011017 933.355
52 1594   0.00133607 -0.0116346 926.934
52 1600   0.00538745 0.0103534 884.818
52 1601   0.00547109 0.0101035 871.971
52 1602   0.00579852 0.0102547 791.702
52 1603   0.00572405 0.0100613 835.177
52 1606   0.00568837 0.0104349 805.711
52 1607   0.00553026 0.0104914 863.262
52 1620   -0.00348656 -0.0108167 968.639
52 1621   -0.00294113 -0.0106769 960.307
52 1622   -0.00285073 -0.0110419 950.034
52 1624   -0.00323776 -0.0112385 965.542
52 1625   -0.00355456 -0.0111252 968.895
52 1664   0.00135646 0.0116208 938.592
52 1665   0.00163163 0.0113903 916.69
52 1666   0.00185526 0.0115901 851.176
52 1667   -0.00515161 0.00728154 891.223
52 1668   -0.00554157 0.00677748 933.583
52 1669   -0.00625555 0.00698888 928.754
52 1670   -0.00624739 0.00741566 857.78
52 1825   -0.00835552 0.00389176 930.585
52 1826   -0.00877218 0.00276854 922.386
52 1829   0.00102249 -0.0037581 969.65
52 1830   -0.000174982 -0.00495634 969.264
52 1831   0.000644082 -0.00603569 967.379
52 1832   0.00359869 -0.00446023 969.561
52 1833   0.00207338 -0.00424984 969.586
52 1834   0.00160973 -0.00542506 968.23
52 1835   0.00320573 -0.00686388 948.665
52 1836   0.00369292 -0.00547081 967.723
52 1837   0.00257715 -0.0058001 965.788
52 1838   0.00511929 -0.00752327 863.91
52 1839   0.00444919 -0.00613187 960.054
52 1840   0.00419383 -0.00693733 935.337
52 1951   0.00175664 -0.0116369 826.493
52 1952   0.00158841 -0.011636 876.069
52 2058   0.0022704 -0.0115477 851.252
52 2059   0.00212203 -0.0115989 809.014
52 2073   0.00814127 -0.00370496 933.285
52 2074   0.00855793 -0.00258173 922.491
52 2193   -0.00412547 0.0106291 967.585
52 2194   -0.00300766 0.010761 960.501
52 2195   -0.00305841 0.0102547 954.288
52 2196   -0.00415489 0.0101177 936.937
52 2197   -0.00373433 0.00999093 939.944
52 2198   -0.0034419 0.0110817 968.928
52 2199   -0.00386644 0.0109355 966.311
52 2234   0.00607956 -0.00623869 966.839
52 2235   0.00519087 -0.00634252 954.602
52 2236   0.00555844 -0.0070931 887.267
52 2238   0.00664385 -0.00676343 960.641
52 2239   0.00625041 -0.00721512 900.84
52 2258   -0.00517851 0.00844313 839.486
52 2259   -0.00544781 0.00792851 827.522
52 2260   -0.00582961 0.00785122 783.117
52 2261   -0.00563503 0.00893547 806.72
52 2262   -0.00523924 0.00893318 829.826
52 2264   -0.00598625 0.00819706 786.752
52 2265   -0.00592592 0.00853922 794.658
52 2300   -0.00898549 -0.00793511 700.739
52 2302   -0.00899636 -0.00792434 770.735
52 2303   -0.0090074 -0.00792259 895.771
52 2306   0.00576467 -0.0104197 315.234
52 2307   0.00569287 -0.0104188 438.903
52 2308   0.00572601 -0.0103869 455.02
52 2309   0.00574602 -0.0104475 265.633
52 2310   0.00571314 -0.010478 256.57
52 2311   0.00571729 -0.0104544 317.301
52 2312   0.00576237 -0.0104718 106.909
52 2313   0.00575008 -0.0104634 189.822
52 2314   0.00573377 -0.010478 171.651
52 2315   0.00575743 -0.0104998 18.6818
52 2316   0.00573887 -0.010488 108.638
52 2317   0.00575324 -0.0104846 87.6327
52 2318   0.00574887 -0.0105083 17.6231
52 2319   0.00573371 -0.0105144 41.1322
52 2320   0.00573646 -0.0105008 69.2913
52 2323   0.00575746 -0.0105245 3.17448
52 2324   0.00574238 -0.0105249 10.0377
52 2325   0.00575036 -0.0105206 6.38767
end
