524
16 436   -0.0449783 0.00325716 838.405
16 437   -0.0451575 -0.00292497 838.308
16 438   -0.0477788 -0.0217785 717.728
16 439   -0.0397999 -0.0323018 698.939
16 440   -0.0322321 0.0320581 745.091
16 441   -0.0411398 -0.00645021 849.043
16 442   0.00461838 -0.0242979 688.95
16 443   -0.0017283 0.0289424 690.529
16 444   0.00343259 0.0213797 697.767
16 445   -0.0435001 -0.0296602 690.211
16 446   0.00244017 -0.0210254 706.776
16 447   -0.000317028 0.0232988 702.84
16 448   -0.0497153 -0.0177533 747.886
16 449   -0.0384823 -0.00714238 859.432
16 450   0.00532179 -0.0181574 721.835
16 451   0.00415638 -0.0159621 745.677
16 452   0.00633459 -0.014503 791.794
16 453   -0.00579499 0.0146243 840.921
16 454   -0.00696634 0.0138396 879.882
16 455   0.00690881 -0.0119632 897.486
16 456   -0.00668997 0.0124351 891.623
16 457   -0.0063312 0.0109522 906.971
16 462   -0.00500954 -0.0129393 743.956
16 463   -0.00619192 -0.0139865 791.622
16 464   -0.00572642 -0.0117626 766.057
16 465   -0.00690881 -0.0111431 846.874
16 466   0.00572642 0.0120622 777.14
16 467   -0.00722363 0.011907 909.373
16 468   0.00661321 -0.0110362 917.57
16 469   0.0072044 -0.0110122 942.592
16 478   -0.00694842 0.0108659 941.236
16 479   -0.00722363 0.0111958 934.814
16 480   -0.00708719 0.0104533 966.01
16 481   -0.0443198 -0.0225103 741.545
16 482   -0.0429713 -0.0254781 717.845
16 504   -0.0138315 -0.0319594 742.892
16 507   -0.00998279 -0.0304391 729.169
16 508   -0.00732727 -0.0334797 705.613
16 509   -0.00834457 -0.0271854 740.872
16 510   -0.00493358 -0.0267591 716.026
16 512   -0.0497794 0.0184202 740.432
16 513   -0.0473136 0.0259431 692.808
16 514   -0.0511397 0.0239921 695.377
16 515   -0.048419 0.0211705 720.072
16 516   -0.0440402 0.0244675 717.436
16 517   -0.0451457 0.0217755 737.783
16 522   -0.00208271 0.0207761 734.562
16 523   -0.0355308 0.0307406 731.454
16 524   -0.0410119 0.0310474 696.311
16 525   -0.0392004 0.0336825 698.709
16 526   -0.0359555 0.0279521 754.256
16 527   -0.0387291 0.0282589 725.584
16 537   -0.00487434 0.0302351 700.022
16 538   -0.00734763 0.0334935 704.449
16 539   -0.0100637 0.0304806 727.331
16 540   -0.00629052 0.0270994 722.406
16 541   -0.00889034 0.0273449 741.152
16 542   -0.0345732 -0.0210258 906.597
16 543   -0.0329418 -0.0230774 866.93
16 544   -0.00114894 -0.0203447 729.965
16 618   0.00416691 0.0177568 709.536
16 619   0.00520658 0.0136638 741.8
16 620   0.00180588 0.0163626 713.206
16 621   -0.000694123 0.0174628 724.836
16 622   -0.00230071 0.0165059 741.862
16 623   -0.000525356 0.013878 703.348
16 624   -0.00185401 0.0147775 720.331
16 625   -0.00461813 0.0139113 783.1
16 626   -0.00331611 0.0141922 733.815
16 627   -0.00428273 0.0126066 750.576
16 628   -0.00493146 0.0129892 795.877
16 629   -0.00574838 0.0116189 866.519
16 630   -0.00583195 0.0122977 862.117
16 632   -0.00512495 0.0116057 814.564
16 633   -0.00455979 0.0119018 770.223
16 634   -0.0242955 0.0325 763.444
16 635   -0.0288833 0.0295581 771.458
16 636   -0.0264552 0.0225 823.602
16 637   -0.0297977 0.0245581 825.438
16 638   -0.0222529 0.0247435 796.899
16 639   -0.0210076 0.0297435 770.803
16 640   -0.0144737 0.0242306 801.955
16 641   -0.0162169 0.0322435 749.847
16 642   -0.0137539 0.0292306 752.892
16 644   -0.0197396 0.0222435 805.052
16 645   -0.0166245 0.0222435 808.082
16 653   -0.0471582 0.016138 781.046
16 654   -0.0473571 0.0130558 801.944
16 655   -0.0423571 0.0130558 854.25
16 656   -0.0386397 0.0173365 909.59
16 657   -0.0432979 0.0168078 840.043
16 658   -0.0410185 0.0154683 876.953
16 697   -0.0146854 -0.0219594 816.482
16 699   -0.0505635 -0.0249875 691.299
16 835   0.00690881 0.0120091 812.77
16 846   0.00705661 -0.0105181 963.182
16 849   0.0073522 -0.0102203 873.287
16 850   0.0073522 -0.0105061 967.549
16 851   -0.0073624 0.0104277 961.503
16 855   -0.0072936 0.0102267 903.114
16 857   -0.0370469 -0.0219476 927.177
16 858   -0.0402705 -0.0240414 798.874
16 863   -0.00517721 -0.0202789 870.704
16 864   -0.00305884 -0.0218121 752.717
16 865   -0.00405685 -0.0239545 739.246
16 866   -0.0411574 0.0249991 748.077
16 867   -0.0392178 0.0261917 752.661
16 868   -0.00120238 -0.017492 736.396
16 869   0.00181728 -0.0156507 729.541
16 870   -0.000274169 -0.0145343 714.792
16 871   4.7623e-05 -0.016242 725.58
16 873   0.00331101 -0.0127684 747.151
16 874   0.000819704 -0.0132469 715.791
16 875   0.00215429 -0.0138361 732.72
16 903   -0.00316834 -0.0128324 702.129
16 904   -0.00228579 -0.0142267 713.791
16 905   -0.00109387 -0.0135735 704.046
16 911   0.000867262 0.0137854 705.446
16 912   0.00225623 0.0148634 712.776
16 913   0.00343488 0.0137214 717.659
16 915   0.0013871 0.0127503 704.95
16 916   0.00270472 0.0125365 707.107
16 922   -0.0400728 0.0190141 913.354
16 923   -0.0423522 0.018687 857.821
16 924   -0.0429391 0.0207028 802.515
16 925   -0.03969 0.0216262 898.968
16 926   -0.0414166 0.0226452 812.711
16 930   -0.00548584 0.020549 884.491
16 931   -0.00423545 0.0222905 774.063
16 932   -0.00567395 0.0244766 755.158
16 938   -0.051035 0.0324945 670.186
16 941   -0.0472088 0.0298594 679.433
16 942   -0.0442787 0.0323649 681.406
16 952   -0.0461683 -0.0323585 675.955
16 955   -0.0510349 -0.032543 670.094
16 956   -0.0490984 -0.0299015 675.937
16 1003   -0.0074312 0.0100953 589.307
16 1004   -0.0074312 0.0102138 811.237
16 1020   0.00279983 -0.0277536 681.488
16 1021   -0.00292047 -0.0322198 689.937
16 1022   -0.00216501 -0.028753 693.565
16 1025   0.00386292 -0.0337401 671.758
16 1026   0.000225835 -0.0337401 679.316
16 1027   0.000204642 0.0322008 679.668
16 1044   -0.0501575 -0.00542478 825.598
16 1047   -0.0485441 -0.014963 781.454
16 1048   -0.0489863 -0.00938715 815.031
16 1049   -0.0513288 -0.0114624 798.32
16 1050   -0.0435763 -0.0109127 840.507
16 1051   -0.0464227 -0.0113498 817.105
16 1052   -0.0459805 -0.0144257 804.917
16 1053   -0.0421369 -0.0127193 854.626
16 1054   -0.0433699 -0.0151947 840.35
16 1055   -0.0397005 -0.0118735 869.146
16 1056   -0.0387182 -0.0133483 880.048
16 1057   -0.042364 -0.0198188 841.343
16 1058   -0.0420411 -0.0170656 865.607
16 1059   -0.0389703 -0.0205888 935.119
16 1060   -0.0405113 -0.0214067 882.941
16 1061   -0.0386076 -0.0180003 919.065
16 1062   -0.0398259 -0.016065 892.142
16 1079   -0.0103763 -0.0209797 879.398
16 1080   -0.0116689 -0.0229391 828.724
16 1081   -0.00902602 -0.0246854 793.702
16 1082   -0.00723441 -0.0216548 905.313
16 1083   -0.00682153 -0.023401 822.387
16 1108   -0.0345839 0.0210291 905.04
16 1109   -0.0329842 0.0230872 867.43
16 1110   -0.0348875 0.0252987 824.653
16 1111   -0.037457 0.0226443 907.222
16 1112   -0.0372441 0.0248558 826.4
16 1134   -0.00548647 -0.0154551 792.859
16 1135   -0.00538366 -0.0185725 868.966
16 1136   -0.00679455 -0.0173019 872.103
16 1137   -0.00331872 -0.0172529 766.683
16 1138   -0.00342154 -0.0158022 748.807
16 1142   0.00602202 -0.0118563 880.896
16 1143   0.00426542 -0.0125067 805.638
16 1144   0.0054478 -0.012969 827.937
16 1166   -0.00563417 0.0160724 848.976
16 1167   -0.0042452 0.0171948 806.394
16 1168   -0.00680552 0.0176729 897.181
16 1169   -0.00541655 0.0187952 886.339
16 1172   0.00661321 0.0110311 840.18
16 1173   0.0072044 0.0107213 892.361
16 1193   0.00568146 -0.0324803 669.879
16 1194   0.00568146 -0.0299606 672.539
16 1198   -0.00132313 0.0128429 697.06
16 1199   -0.00329956 0.0125221 707.285
16 1200   -0.00264627 0.0131857 709.644
16 1215   -0.0243235 -0.0325 763.863
16 1216   -0.0222934 -0.0225 807.713
16 1217   -0.0297927 -0.0245516 825.4
16 1218   -0.0265196 -0.0225 824.133
16 1219   -0.0184905 -0.0244594 796.49
16 1220   -0.0186413 -0.0294594 767.941
16 1271   -0.0114669 0.0229806 831.51
16 1272   -0.0101175 0.0209935 884.573
16 1273   -0.00957367 0.0248449 793.431
16 1274   -0.00754952 0.0218643 904.414
16 1275   -0.00759905 0.0237286 822.721
16 1321   0.00565465 0.0244345 684.82
16 1323   0.00568333 0.0324112 669.973
16 1324   0.00383798 0.0296121 675.173
16 1336   0.00638897 0.0151886 731.675
16 1337   0.00638897 0.0172114 712.822
16 1415   -0.0499783 0.00575735 825.154
16 1416   -0.0499783 0.0107574 805.564
16 1462   -0.0315097 -0.0335258 741.465
16 1463   -0.0281815 -0.0310258 764.062
16 1464   -0.0295753 -0.0280774 781.036
16 1465   -0.036596 -0.0308276 721.082
16 1466   -0.0324061 -0.0291033 763.406
16 1467   -0.0334009 -0.0320516 736.191
16 1468   -0.0346705 -0.0252541 827.875
16 1469   -0.0368504 -0.0280043 746.362
16 1470   -0.0343522 -0.0277541 770.979
16 1471   -0.0383471 -0.0254003 793.607
16 1472   -0.0366646 -0.0241243 865.275
16 1473   -0.0399783 0.0107573 862.863
16 1474   -0.0399783 0.00575707 851.687
52 270   0.00941412 -0.00171834 689.748
52 271   -0.000765497 0.00537096 703.144
52 272   0.00127258 0.00429756 702.555
52 273   -0.0026752 -0.00225271 700.382
52 274   0.00131336 -0.00226567 700.716
52 275   -0.000685991 0.00101384 700.554
52 276   -0.000671445 -0.00116405 700.617
52 277   0.00325223 -0.00119867 699.052
52 278   0.00124867 0.00204816 700.686
52 279   0.00320209 0.000937279 698.878
52 280   -0.00269155 -0.00434416 702.67
52 281   -0.00454577 -0.00116093 697.994
52 282   -0.00632369 0.00208151 697.522
52 283   -0.00981294 0.00153479 690.485
52 284   -0.00446875 0.00100119 698.562
52 285   -0.00795542 0.000889553 693.685
52 286   0.00500432 0.00192401 696.703
52 287   -0.00631648 0.00410498 700.939
52 288   -0.00635751 -0.00208762 694.823
52 289   0.00686952 0.00105473 692.788
52 290   0.00506736 0.00379215 698.667
52 291   0.00833555 0.00221777 688.778
52 292   -0.00791222 -0.00111746 691.946
52 293   -0.00429724 -0.00521317 704.187
52 294   0.0100446 0.0019789 685.085
52 295   -0.00436911 -0.00698932 712.771
52 296   0.00670228 0.00443956 694.803
52 297   -0.00900453 0.00490307 698.786
52 298   -0.00667791 -0.00367129 694.315
52 299   0.00674158 -0.00545656 703.815
52 300   -0.0058219 -0.00470261 699.571
52 301   -0.00757095 0.00500641 703.511
52 302   0.00810528 0.00373446 688.19
52 303   0.00893182 -0.00518316 698.222
52 304   -0.00915527 -0.00199576 688.796
52 305   -0.0104056 -0.00176679 686.235
52 306   0.00704493 0.00560763 698.344
52 307   0.00785906 -0.00546001 704.586
52 308   -0.00681073 -0.00570778 700.921
52 309   -0.0109611 -0.0030075 685.503
52 310   -0.00806679 -0.00410221 688.579
52 311   0.00575402 -0.00746802 703.871
52 312   0.00641556 -0.00682903 709.586
52 313   0.0108748 0.00304189 683.815
52 314   0.00948131 -0.00640322 704.67
52 315   -0.00916907 0.00616486 705.29
52 316   0.00911093 0.00443973 683.522
52 317   -0.0073895 0.0063248 712.208
52 318   -0.0092242 -0.00311979 687.48
52 319   0.0105552 0.00392023 684.66
52 320   -0.00932164 0.00689992 716.564
52 321   -0.0088567 -0.00377204 686.886
52 322   0.0100295 0.00437598 683.615
52 323   -0.0069171 0.00698149 718.51
52 324   -0.01023 -0.00356051 686.26
52 325   -0.00779653 -0.00557025 689.082
52 326   0.00809939 -0.00666797 717.412
52 327   -0.00819658 -0.00499599 686.055
52 328   0.00721599 -0.00737897 727.562
52 329   0.00814805 0.00585841 682.411
52 330   -0.0081956 0.00664066 718.533
52 331   0.00873691 -0.00694825 722.169
52 332   -0.0102261 -0.00421907 685.881
52 333   0.00778234 -0.00721446 731.523
52 334   0.00896511 0.00518227 680.998
52 335   -0.00839237 -0.00602158 679.115
52 336   0.00861574 0.0055954 680.183
52 337   -0.00815438 0.00734233 740.913
52 338   -0.00950472 -0.00437943 684.499
52 339   -0.00887894 -0.00524209 681.184
52 340   0.00665718 -0.0083745 735.998
52 341   -0.00851819 0.00764534 759.562
52 342   0.00726778 -0.00800012 747.527
52 343   -0.00735806 0.00763255 739.804
52 344   0.00879526 -0.00754933 744.912
52 345   -0.00952169 -0.00483058 682.784
52 346   -0.00891963 -0.00574653 677.801
52 347   0.00708162 -0.0083109 751.517
52 348   -0.00928528 -0.00512349 681.009
52 349   -0.00704081 0.00829404 752.31
52 350   -0.00778924 0.00767754 754.79
52 351   -0.0105395 -0.00456174 686.306
52 352   0.00808939 -0.00773326 760.408
52 353   0.0103092 0.00501287 682.786
52 354   0.00905288 0.00597072 675.724
52 355   -0.00935998 -0.00591947 675.15
52 356   0.00950116 0.00541315 678.047
52 357   0.00846479 -0.00778785 766.11
52 358   -0.00728023 0.0080556 753.283
52 359   -0.009959 -0.00504174 682.843
52 360   -0.0102554 -0.00493325 684.824
52 361   0.00771884 -0.00820046 780.872
52 362   0.0079741 -0.00809811 787.902
52 363   0.00940353 0.00578641 675.568
52 364   0.00983274 0.00540141 678.556
52 365   0.0100617 0.00526672 680.716
52 366   -0.00964686 -0.00574189 676.367
52 367   -0.00843294 0.00813661 802.398
52 368   -0.00961285 -0.00545036 678.875
52 369   -0.00727184 0.00862262 775.412
52 370   -0.00785344 0.00809279 784.358
52 371   -0.00992295 -0.0053623 680.867
52 372   -0.0104758 -0.00514303 686.123
52 373   0.00850916 -0.0081389 798.774
52 374   -0.00760559 0.00824622 779.726
52 375   -0.010821 -0.00460415 687.529
52 376   0.00964778 0.00593666 673.875
52 377   -0.00803682 0.00826627 814.833
52 378   -0.00823338 0.00828569 826.228
52 379   0.00819424 -0.00835144 832.476
52 380   -0.0101191 -0.00553796 681.403
52 381   -0.00992953 -0.00588866 675.494
52 382   -0.010472 -0.00540219 686.604
52 383   -0.0106836 -0.00498059 687.34
52 384   0.0105503 0.00533916 684.265
52 385   -0.0103358 -0.00553587 685.169
52 386   0.00777891 -0.00848838 807.292
52 387   -0.0100917 -0.00577278 678.788
52 388   -0.00765341 0.00846878 796.551
52 389   0.0106478 0.00507114 684.653
52 390   0.00993645 0.00567868 676.639
52 391   -0.00755909 0.00860675 792.012
52 392   0.00984913 0.00584067 674.607
52 393   0.0102863 0.00546738 681.501
52 394   -0.00797476 0.00851581 849.124
52 395   0.00817472 -0.00856093 871.623
52 396   0.0083539 -0.00833764 830.378
52 397   -0.00783919 0.0085649 829.167
52 398   0.0100023 0.00594518 673.689
52 399   0.0104363 0.00548155 683.494
52 400   -0.00826355 0.00852807 868.621
52 401   0.0101095 0.00572831 677.384
52 402   -0.00770743 0.00875286 808.015
52 403   -0.00808815 0.00864147 887.002
52 404   0.00795925 -0.0086004 853.796
52 405   0.00807706 -0.0086199 879.777
52 406   -0.00784552 0.00871881 839.371
52 407   0.0102613 0.0056201 680.744
52 408   -0.0102314 -0.00585506 680.704
52 409   0.0104685 0.0056551 684.916
52 410   -0.0103984 -0.00570275 687.477
52 411   0.010211 0.00569789 679.369
52 412   0.0101277 0.00587359 675.615
52 413   0.0103875 0.00569973 683.614
52 414   -0.0103214 -0.00578712 686.011
52 415   -0.00806269 0.00875308 905.967
52 416   -0.00818039 0.0086343 888.839
52 417   0.0103888 0.00578897 684.808
52 418   0.0103007 0.00579974 680.967
52 419   -0.0079886 0.00878656 893.135
52 420   0.00812358 -0.00875094 907.317
52 421   -0.00792034 0.00879203 862.547
52 422   -0.0102428 -0.00594346 679.171
52 423   -0.0104788 -0.00572165 690.409
52 424   -0.0103691 -0.0058486 690.169
52 425   -0.0104493 -0.00580237 692.8
52 426   0.0104351 0.00583986 688.849
52 427   -0.0081084 0.00880535 931.525
52 428   -0.0104166 -0.00584495 694.957
52 429   -0.00801423 0.00884654 907.765
52 430   -0.00805511 0.00885302 950.315
52 431   -0.0080789 0.00884304 961.296
52 432   -0.0080696 0.00885246 885.693
52 433   -0.00807639 0.00887056 118.373
52 434   -0.00807221 0.0088759 13.4447
52 435   -0.0104199 -0.00594704 968.814
52 483   -0.00176651 0.00809093 705.306
52 484   -0.00064251 0.00704582 704.67
52 485   -0.000269014 0.00929778 705.013
52 486   0.000854986 0.00825266 706.395
52 487   -0.00288367 0.00838854 706.491
52 488   0.00554127 0.00722897 729.029
52 491   0.00234672 -0.00805429 705.919
52 492   0.00305998 -0.00883789 707.846
52 528   -0.00650735 -0.00661442 714.948
52 529   -0.00559039 -0.0073854 732.342
52 559   -0.00141208 -0.00817991 707.62
52 560   0.00119272 -0.00829338 705.647
52 561   0.00015313 -0.0093302 705.348
52 562   -0.00362736 -0.00810283 710.699
52 563   -0.00249704 -0.00849982 711.737
52 574   0.00454452 0.00674055 711.921
52 575   0.00395477 0.00485729 703.082
52 576   0.0026233 0.00525234 704.075
52 577   0.00201899 0.0080683 708.988
52 578   0.00261104 0.0067974 707.046
52 579   0.00381505 0.00747379 710.848
52 580   0.00378815 0.0085462 711.01
52 581   0.00265783 0.00894319 712.659
52 582   -0.00324557 0.00207548 700.138
52 583   -0.0019799 0.00209911 700.677
52 584   -0.00208332 0.00420684 701.844
52 585   -0.00482838 0.00461115 701.816
52 586   -0.00361241 0.00366197 701.025
52 587   -0.00308557 0.00470444 701.878
52 588   -0.00485653 0.0056129 702.889
52 589   -0.00374655 0.00569437 702.205
52 590   -0.00630727 0.0070141 710.948
52 591   -0.00555335 0.00645774 704.431
52 592   -0.00525389 0.00726789 701.501
52 593   -0.00660957 0.00834835 735.818
52 594   -0.00625831 0.00786393 715.252
52 595   -0.00575991 0.00807698 701.971
52 660   -0.00482658 0.00778544 696.398
52 661   -0.00401606 0.00705676 701.461
52 662   -0.00371642 0.00805112 701.872
52 742   0.00807503 -0.00878006 913.338
52 746   0.00734781 -0.00862645 774.613
52 747   0.00759405 -0.00860359 790.418
52 748   0.00767518 -0.00874726 799.753
52 753   0.00782117 -0.00877038 818.775
52 757   0.00794935 -0.00871963 869.879
52 758   0.00789141 -0.00875782 844.105
52 759   0.00793715 -0.00882693 859.715
52 760   0.00803653 -0.00877082 901.931
52 761   0.0080007 -0.00876567 890.799
52 762   0.00798403 -0.0088104 887.764
52 763   0.00803162 -0.00880531 906.855
52 764   0.0080081 -0.00882579 898.683
52 788   0.0102098 0.00592469 675.759
52 791   0.0103041 0.00594543 678.329
52 792   0.0103014 0.00586203 680.627
52 793   0.0102612 0.00590049 677.773
52 794   0.0103398 0.00592372 681.755
52 795   0.0103486 0.00589022 683.269
52 797   0.0103646 0.00593584 684.07
52 798   -0.0104268 -0.00588547 701.561
52 971   -0.00129707 -0.00540962 704.19
52 972   0.000331063 -0.00721396 705.151
52 973   -0.00107605 -0.00707222 706.012
52 974   0.00103723 -0.00391856 701.821
52 975   0.000480451 -0.00612346 704.029
52 976   -0.000260359 -0.00497926 703.23
52 977   0.00207506 -0.00449697 701.847
52 978   0.00148103 -0.00562854 703.033
52 979   0.00495454 -0.001808 697.683
52 980   0.0067696 -0.000541338 693.919
52 981   0.00758954 -0.00173242 693.776
52 982   0.00611763 -0.00446106 700.575
52 983   0.00648647 -0.00305481 697.562
52 984   0.0050625 -0.00294335 698.695
52 985   0.00336208 -0.00439857 701.201
52 986   0.00437108 -0.00388852 700.316
52 987   0.00501624 -0.00481068 701.244
52 988   0.00448563 -0.00569094 701.834
52 989   0.00354346 -0.00533456 701.795
52 990   0.00296404 -0.00685017 703.053
52 991   0.00262684 -0.00600505 702.682
52 992   0.00499873 -0.00715063 700.58
52 993   0.00450572 -0.00639639 701.876
52 994   0.00390074 -0.00688513 701.957
52 995   0.0038532 -0.00824834 702.089
52 996   0.00471086 -0.00777902 697.777
52 997   0.00407665 -0.0074997 701.399
52 999   0.00420983 -0.00864014 700.905
52 1000   0.004765 -0.00841519 695.146
52 1096   0.0062166 -0.00830472 715.809
52 1097   0.0059277 -0.00825896 703.77
52 1125   -0.0110281 0.000429625 688.637
52 1126   -0.011012 -0.00091611 687.375
52 1233   0.00979282 -0.00439567 694.291
52 1234   0.0102227 -0.00312311 690.722
52 1294   0.00622899 0.00665073 716.993
52 1295   0.00668747 0.00626524 709.639
52 1340   -0.0104135 0.00294696 691.805
52 1341   -0.00998235 0.00422186 695.728
52 1460   0.0108209 -0.000437159 686.586
52 1461   0.0108053 0.000905953 685.458
52 1507   0.00801759 -0.00885124 902.661
52 1559   0.0104273 0.00590255 697.995
52 1560   0.0104092 0.00587438 690.05
52 1561   0.0103793 0.00588329 686.909
52 1562   0.0103811 0.00592417 688.089
52 1563   0.0103869 0.00590511 689.152
52 1564   0.0104094 0.00591654 697.482
52 1567   0.010421 0.00594191 747.434
52 1568   0.0104103 0.00593453 705.529
52 1569   0.010397 0.0059377 692.736
52 1585   -0.0103352 -0.00594269 685.265
52 1586   -0.0103119 -0.00591866 683.866
52 1587   -0.0103482 -0.00589174 689.175
52 1588   -0.0103939 -0.00593667 700.161
52 1589   -0.010369 -0.00592675 692.678
52 1590   -0.0103739 -0.0059048 693.765
52 1591   -0.0104049 -0.00592386 719.797
52 1592   -0.0104135 -0.00590035 705.013
52 1593   -0.0103965 -0.00590401 701.043
52 1594   -0.0104232 -0.00593795 888.372
52 1597   -0.0104257 -0.0059142 716.973
52 1598   -0.0104195 -0.00592673 772.256
52 1599   0.00808532 -0.00881642 931.578
52 1600   0.00805296 -0.00882 920.167
52 1601   0.00809904 -0.00883187 944.272
52 1604   0.00803863 -0.00884826 917.978
52 1605   0.00805047 -0.0088375 927.436
52 1606   0.0080836 -0.00884339 955.396
52 1607   0.00806738 -0.00884544 949.118
52 1609   0.00809046 -0.00885112 963.129
52 1610   0.00808359 -0.00885991 968.922
52 1647   0.00804953 -0.00886209 933.108
52 1650   0.00807399 -0.00887123 881.408
52 1651   0.00806309 -0.00885739 954.508
52 1652   0.00807244 -0.00886414 964.614
end
