906
16 215   -0.0449782 0.00325707 955.393
16 216   -0.0451578 -0.00292484 955.404
16 217   -0.0477781 -0.0217783 894.597
16 218   -0.0411404 -0.00644953 957.841
16 219   -0.0434964 -0.0296601 806.847
16 220   -0.00015802 0.0239703 868.699
16 221   -0.0384826 -0.00713976 960.211
16 222   -0.00179379 0.0215731 925.483
16 223   0.00304667 -0.0195384 926.165
16 224   0.00529763 -0.0179843 946.033
16 225   0.00674079 -0.0227114 856.677
16 226   -0.000855432 0.018936 925.516
16 227   0.00674079 -0.0192612 925.311
16 228   0.00499576 -0.016127 966.829
16 229   0.00582 -0.014797 961.828
16 230   0.00688109 -0.0141784 933.286
16 231   0.00333317 0.0148754 774.587
16 232   0.00323927 -0.0155321 968.129
16 233   0.00329473 -0.0141535 957.081
16 234   -0.000784618 0.0139167 944.371
16 235   0.00259287 -0.0136053 935.056
16 236   -0.00142825 0.0135933 966.938
16 237   -0.000777088 0.0126576 963.582
16 238   0.00267092 -0.0129538 881.917
16 239   -0.00135066 0.0130387 969.106
16 240   -0.00113949 0.0127459 968.533
16 241   -0.00165536 0.0128584 951.635
16 242   -0.00132524 0.012432 931.826
16 243   -0.00195645 0.0124366 828.127
16 244   -0.00203424 0.0122711 774.482
16 374   -0.00695407 0.0131673 847.626
16 394   -0.0443175 -0.02251 921.349
16 395   -0.0429663 -0.0254778 906.104
16 399   -0.0511395 0.023992 810.265
16 400   -0.0451432 0.0217753 919.951
16 409   -0.00732474 0.0334781 865.845
16 410   -0.0100033 0.0304343 910.253
16 411   -0.00877945 0.0271936 926.787
16 412   -0.0410054 0.0310472 845.03
16 413   -0.0391944 0.0336824 847.597
16 414   -0.0387124 0.0282586 912.766
16 439   -0.00460688 -0.0304484 869.966
16 440   -0.0100822 -0.030528 913.338
16 441   -0.00736595 -0.0335093 880.73
16 442   -0.00876954 -0.0275069 924.989
16 443   -0.00587668 -0.0274273 911.425
16 445   -0.0329022 -0.0230774 964.744
16 451   -0.00397321 0.0222014 958.874
16 452   -0.00550983 0.0241031 953.08
16 464   -0.0473568 0.0130557 944.349
16 465   -0.0423568 0.0130557 960.346
16 466   -0.043297 0.0168077 958.839
16 467   -0.0410181 0.0154682 966.279
16 469   -0.00693851 0.0151872 923.634
16 470   -0.00639258 0.0141304 900.158
16 471   -0.00506066 0.013296 896.087
16 472   -0.00557428 0.0140249 911.215
16 473   -0.00419438 0.0147193 956.264
16 474   -0.00499722 0.0148957 945.154
16 475   -0.00331029 0.0137602 954.885
16 476   -0.00409766 0.0140076 945.72
16 477   -0.00438688 0.0134551 923.579
16 478   -0.00333423 0.0132662 940.627
16 479   -0.00386479 0.0131492 928.943
16 480   -0.00303201 0.0129099 931.899
16 481   -0.00525402 0.0162228 953.732
16 482   -0.00637701 0.0164088 940.163
16 483   -0.00236385 0.0180082 957.866
16 484   -0.00448296 0.0171142 965.202
16 485   -0.00221374 0.0169096 958.559
16 486   -0.00335223 0.016577 969.131
16 487   -0.00332046 0.0155091 969.234
16 488   0.00260782 0.0239742 784.438
16 489   0.00476685 0.0260733 714.253
16 490   0.00658895 0.0246964 721.104
16 491   0.00642049 0.0208975 770.416
16 492   0.00335041 0.0222349 798.926
16 493   0.00550944 0.0229599 751.17
16 494   0.0050742 0.0196609 794.691
16 495   0.00291517 0.0203098 838.97
16 496   0.00368262 0.01659 805.336
16 497   0.0007164 0.0185385 899.828
16 498   0.00265461 0.0178686 852.253
16 499   0.00210864 0.0192544 870.252
16 500   0.0018251 0.0170736 874.664
16 501   0.000699631 0.0172318 901.022
16 502   0.00201541 0.0155403 838.751
16 503   0.00120831 0.0148321 863.611
16 504   -0.000544882 0.014677 929.96
16 505   0.000324704 0.0153976 905.806
16 506   6.33019e-06 0.0162639 912.52
16 507   -0.000761432 0.0160433 932.081
16 508   -0.00148986 0.0163101 948.751
16 509   -0.00106828 0.0152436 944.347
16 510   -0.00262002 0.0153588 967.935
16 511   -0.00166551 0.0151938 958.227
16 512   -0.0019279 0.0158271 959.192
16 513   -0.00287054 0.0140207 965.962
16 514   -0.00206248 0.0147097 966.583
16 515   -0.00265278 0.0147412 969.234
16 516   -0.00181133 0.0138 968.984
16 517   -0.00208807 0.0142059 968.917
16 518   -0.00243702 0.013802 967.377
16 519   -0.00191664 0.013016 951.414
16 520   -0.00199502 0.013403 967.166
16 521   -0.00232556 0.0133892 960.598
16 522   -0.00268454 0.0128489 923.176
16 523   -0.00243554 0.0130529 939.748
16 524   -0.00216588 0.0126367 882.882
16 525   -0.00216499 0.0128827 926.491
16 526   -0.00236635 0.0125684 875.224
16 527   -0.00261446 0.0126104 898.886
16 528   -0.00221468 0.0122925 803.217
16 529   -0.00233737 0.0123896 842.679
16 530   -0.00244378 0.0122711 842.442
16 531   -0.0023885 0.012163 817.449
16 532   -0.0022537 0.0121849 785.956
16 534   -0.00298893 0.0121985 934.451
16 535   -0.0026097 0.0121936 877.95
16 536   -0.0027514 0.0123541 900.146
16 580   -0.0242321 0.0325 933.031
16 581   -0.0263241 0.0225 952.555
16 582   -0.0297208 0.024558 953.96
16 583   -0.0220996 0.0247281 945.677
16 584   -0.0209166 0.0297281 936.211
16 585   -0.0143082 0.0241843 951.483
16 586   -0.0161633 0.0322281 924.095
16 587   -0.0136723 0.0291843 927.075
16 589   -0.019548 0.0222281 948.682
16 590   -0.0164162 0.0222281 951.82
16 706   -0.00504581 0.0126173 855.081
16 707   -0.00440936 0.0121816 852.732
16 708   -0.00638551 0.0124418 812.668
16 709   -0.00555236 0.0123617 817.537
16 710   -0.00730294 0.0104553 713.073
16 713   -0.0402613 -0.0240412 956.985
16 725   0.00690881 0.0108472 847.288
16 735   -0.0411461 0.0249987 933.815
16 736   -0.039198 0.0261913 934.802
16 737   -0.0051453 -0.0249922 934.561
16 738   -0.0046848 0.0206777 958.798
16 739   -0.00499442 0.0185603 951.664
16 740   -0.00401379 0.0191216 967.635
16 742   -0.0423505 0.0186869 964.752
16 743   -0.0429358 0.0207026 956.354
16 750   -0.00560903 -0.0156121 900.014
16 759   -0.0501578 -0.0054246 952.306
16 762   -0.0489867 -0.00938688 949.065
16 763   -0.0513289 -0.0114623 942.418
16 764   -0.0435768 -0.0109118 956.573
16 765   -0.0464231 -0.0113494 950.147
16 766   -0.0421373 -0.0127185 960.317
16 767   -0.0433698 -0.0151943 957.942
16 768   -0.0397008 -0.0118708 963.376
16 769   -0.0387182 -0.0133461 966.323
16 770   -0.0423622 -0.0198184 964.291
16 771   -0.0420409 -0.0170653 965.133
16 780   -0.0113224 0.0229343 962.714
16 781   -0.00946266 0.0246936 957.475
16 789   -0.0329405 0.023087 964.513
16 790   -0.0348507 0.0252983 958.202
16 821   -0.0461673 -0.0323584 700.878
16 824   -0.011717 -0.023028 959.344
16 825   -0.00944864 -0.0250069 952.238
16 834   -0.00153693 0.0124741 895.047
16 835   -0.00165588 0.0126076 912.232
16 836   -0.00179081 0.0124386 840.004
16 838   -0.00172081 0.0122972 801.606
16 839   -0.00162293 0.012313 826.736
16 870   -0.00142787 -0.0305567 788.934
16 872   0.000216397 -0.0336176 714.612
16 873   0.0038582 -0.0336176 681.574
16 874   -0.00449915 0.0117597 795.319
16 880   0.00386111 0.0295068 692.629
16 881   0.00568321 0.032252 674.82
16 909   -0.00393221 0.0121979 941.368
16 910   -0.00377421 0.0125751 931.154
16 911   -0.00322956 0.0121594 954.854
16 912   -0.00332738 0.012495 937.503
16 935   -0.0505629 -0.0249875 783.236
16 936   -0.0490977 -0.0299014 697.972
16 937   -0.0510348 -0.032543 675.052
16 945   0.00305214 -0.0121849 908.063
16 946   0.00293755 -0.0127358 878.198
16 947   0.00268356 -0.0125025 849.072
16 948   0.00275705 -0.0123187 858.484
16 950   0.00257021 -0.0121688 827.638
16 951   0.00245287 -0.0121879 799.626
16 987   -0.0242691 -0.0325 933.895
16 988   -0.0297242 -0.0245516 954.275
16 989   -0.026404 -0.0225 952.794
16 990   -0.0314833 -0.0335258 919.426
16 991   -0.0281209 -0.0310258 933.179
16 992   -0.0295098 -0.0280774 940.705
16 993   -0.0323683 -0.0291032 933.042
16 994   -0.0333762 -0.0320516 915.444
16 1000   -0.00153916 -0.0199364 937.317
16 1001   -0.00360093 -0.0188488 948.374
16 1002   -0.00184217 -0.0168416 930.785
16 1003   -0.00345496 -0.0174069 932.423
16 1004   -0.00408854 -0.0160063 908.775
16 1005   -0.00302392 -0.0151116 899.96
16 1006   -0.00192757 -0.0157705 920.45
16 1007   -0.00104804 -0.015136 930.207
16 1008   0.00133043 -0.0189102 935.567
16 1009   -0.000838118 -0.0176267 939.054
16 1010   -0.000389129 -0.0192795 933.857
16 1011   0.00222881 -0.0161209 962.491
16 1012   0.000253044 -0.0170711 945.071
16 1013   0.00150984 -0.0174435 948.677
16 1014   -0.000135686 -0.015262 947.949
16 1015   0.000392735 -0.0160412 951.188
16 1016   0.0013362 -0.0155451 962.415
16 1017   0.0003428 -0.014687 958.007
16 1018   0.00118629 -0.014784 966.351
16 1019   0.000817811 -0.0137672 969.107
16 1020   0.000324997 -0.0141206 961.65
16 1021   0.000735692 -0.0132758 967.747
16 1022   0.000590496 -0.0125559 945.633
16 1023   0.000327778 -0.0125985 962.287
16 1029   0.00125343 0.0137118 821.176
16 1030   0.0018324 0.0130459 733.316
16 1032   0.000698729 0.0126726 777.106
16 1033   0.00135754 0.0125657 725.683
16 1067   0.0056791 -0.0322352 676.46
16 1068   0.0056791 -0.0294704 692.59
16 1081   0.00115909 -0.0124636 858.172
16 1082   0.000925567 -0.0126532 919.842
16 1083   0.00105569 -0.0129355 937.021
16 1084   0.00204875 -0.0138902 959.096
16 1085   0.00123956 -0.0138157 968.081
16 1086   0.00159023 -0.0142661 969.442
16 1087   0.00142422 -0.0130531 919.854
16 1088   0.00152596 -0.013442 951.002
16 1089   0.00187017 -0.0134376 936.498
16 1090   0.00215795 -0.012706 828.276
16 1091   0.00224976 -0.0129081 862.139
16 1092   0.00199314 -0.013107 893.594
16 1093   0.00163647 -0.0129488 887.208
16 1094   0.00194147 -0.0128027 844.438
16 1095   0.00186118 -0.013007 882.848
16 1096   0.00162735 -0.0127659 854.863
16 1097   0.00180616 -0.0127231 833.942
16 1098   0.0014522 -0.0125608 831.872
16 1099   0.00152579 -0.0123972 787.842
16 1100   0.00168848 -0.0124397 778.609
16 1101   0.00179369 -0.0125605 800.719
16 1103   0.00183571 -0.012271 707.771
16 1104   0.00172702 -0.0122887 732.605
16 1110   0.00215873 -0.0125284 796.534
16 1111   0.00237181 -0.0124419 804.757
16 1112   0.00193327 -0.0123242 734.553
16 1113   0.00192978 -0.0124626 775.325
16 1114   0.00220825 -0.0122106 746.093
16 1115   0.00232796 -0.0122771 780.55
16 1117   0.00212419 -0.0122242 718.569
16 1118   0.0020343 -0.0122388 701.654
16 1206   -0.0385907 -0.0212161 822.896
16 1207   -0.0393403 -0.0199612 868.554
16 1208   -0.0401302 -0.0220338 963.219
16 1209   -0.0408798 -0.020779 966.846
16 1214   0.00657163 -0.0128405 846.464
16 1215   0.00719054 -0.0122778 803.206
16 1216   0.00518049 -0.0115841 748.618
16 1217   0.00590746 -0.0125591 828.324
16 1218   0.00679934 -0.0117937 778.096
16 1219   0.00613517 -0.0120114 786.778
16 1220   0.00691319 -0.0113951 763.075
16 1221   0.0073044 -0.0111305 755.12
16 1222   0.00706792 -0.0107553 759.672
16 1223   0.00644024 -0.0111438 751.874
16 1224   0.00659497 -0.0107536 778.205
16 1225   0.00714528 -0.0104354 747.462
16 1226   0.00738176 -0.0103115 617.219
16 1236   -0.0370667 0.0218365 892.066
16 1237   -0.0410323 0.0218373 967.803
16 1238   -0.0403509 0.0234415 962.822
16 1239   -0.0384027 0.024634 961.754
16 1240   -0.0368434 0.0240479 967.708
16 1247   -0.0081533 0.0218578 916.742
16 1248   -0.0081478 0.0236171 967.392
16 1249   -0.00683019 0.0234203 967.511
16 1257   -0.0072044 -0.0105715 883.425
16 1270   -0.00815279 -0.0220511 944.812
16 1271   -0.00665391 -0.0240949 957.642
16 1272   -0.00806439 -0.02403 961.547
16 1273   -0.00664716 0.0119038 782.504
16 1274   -0.00721572 0.0115733 770.096
16 1275   -0.0062304 0.0110335 736.436
16 1276   -0.00701866 0.0109725 764.174
16 1277   -0.00662453 0.010827 784.953
16 1278   -0.00606728 0.0116959 770.45
16 1279   -0.00604465 0.0113231 740.702
16 1280   -0.00564505 0.0117387 771.246
16 1281   -0.00539178 0.0118665 783.448
16 1282   -0.00563921 0.0111673 695.958
16 1283   -0.00531551 0.0113344 724.671
16 1284   -0.00552389 0.0114175 738.5
16 1288   -0.00479474 0.0116048 771.522
16 1289   -0.00507355 0.0116486 769.586
16 1290   -0.00511844 0.0114377 745.877
16 1317   -0.00470676 -0.0213285 965.903
16 1318   -0.00612548 -0.0193362 947.22
16 1319   -0.00475096 -0.0195057 963.996
16 1320   -0.00605506 -0.0222008 967.818
16 1321   -0.00678652 -0.0211265 875.849
16 1350   -0.0065577 0.0204294 737.049
16 1351   -0.00589614 0.0212107 904.354
16 1352   -0.00716647 0.0212703 807.867
16 1353   -0.00650492 0.0220516 938.801
16 1396   0.00608552 -0.0112049 732.367
16 1397   0.00589431 -0.0116738 762.742
16 1398   0.00557608 -0.0115314 743.439
16 1400   0.00588554 -0.0110005 679.503
16 1401   0.00564906 -0.0111244 679.557
16 1458   -0.0334857 -0.0210258 969.249
16 1460   -0.0366227 -0.0224604 956.66
16 1461   -0.0374462 -0.0214347 847.953
16 1462   -0.0352011 -0.0215387 965.14
16 1463   -0.0360246 -0.0205129 909.674
16 1515   -0.0510348 0.0337472 670.697
16 1543   0.00591736 0.013502 769.541
16 1544   0.00677539 0.0125247 794.132
16 1545   0.0061842 0.0117595 779.638
16 1548   0.00529741 0.0116867 739.857
16 1549   0.00470622 0.0119964 720.803
16 1550   0.00392602 0.013842 739.51
16 1551   0.00489715 0.0134942 744.719
16 1552   0.0045728 0.0125989 721.389
16 1553   0.00252401 0.0129263 713.365
16 1554   0.00385835 0.0126265 706.482
16 1555   0.003345 0.013267 720.898
16 1557   0.00336677 0.0122323 693.705
16 1558   0.00270796 0.0123392 698.486
16 1560   -0.00926899 -0.0210093 961.186
16 1561   -0.0114489 -0.0210093 966.12
16 1562   -0.00152697 -0.0127413 872.257
16 1563   -0.00138686 -0.0143515 916.441
16 1564   -0.00359146 -0.0130237 759.965
16 1565   -0.00217512 -0.0130049 844.083
16 1566   -0.00302196 -0.0140943 869.63
16 1567   -0.00226443 -0.0139686 888.983
16 1570   -0.00328338 -0.012336 721.851
16 1571   -0.00262457 -0.0124429 760.197
16 1572   -0.00451206 -0.0130772 756.813
16 1573   -0.00569444 -0.0141243 845.661
16 1574   -0.00689815 -0.013597 856.86
16 1575   -0.0072044 -0.0118215 845.26
16 1576   -0.00660255 -0.0125019 819.141
16 1577   -0.00690881 -0.0111431 834.885
16 1578   -0.00631762 -0.0110362 773.665
16 1579   -0.00511924 -0.0124199 736.357
16 1580   -0.00601669 -0.0115847 760.25
16 1581   -0.00600603 -0.0123719 781.52
16 1584   -0.0054255 -0.0114778 722.91
16 1585   -0.0048343 -0.0117875 706.144
16 1588   -0.0109374 0.0209781 968.72
16 1589   -0.00908317 0.0209781 941.696
16 1590   -0.0386076 -0.0188336 905.09
16 1592   -0.0398258 -0.0168982 968.51
16 1593   -0.0387182 -0.0155646 969.293
16 1601   -0.033491 0.021029 969.174
16 1602   -0.0356246 0.021029 947.52
16 1607   -0.0386395 0.0165031 969.331
16 1610   -0.0406413 0.0185156 968.014
16 1611   -0.0392092 0.0176713 965.342
16 1612   -0.0380697 0.0186682 938.874
16 1613   -0.0398772 0.02032 932.703
16 1614   -0.0384451 0.0203091 769.528
16 1619   0.00664197 0.0145459 783.447
16 1621   0.00529568 0.0164456 789.923
16 1622   0.00615371 0.0177682 791.629
16 1652   -0.00693851 0.0174645 927.537
16 1653   -0.00688848 0.0194282 811.651
16 1654   -0.00632698 0.0187245 899.875
16 1663   0.00404791 -0.0136677 935.122
16 1664   0.0048167 -0.0137162 929.394
16 1665   0.00521361 -0.0128162 860.477
16 1666   0.00421974 -0.0119746 807.831
16 1667   0.0047988 -0.0125519 850.051
16 1668   0.00445622 -0.0118507 785.743
16 1669   0.0048562 -0.0120099 794.758
16 1670   0.00425225 -0.0127405 887.177
16 1671   0.00389828 -0.0129563 904.219
16 1672   0.00337843 -0.0122726 918.716
16 1673   0.00333732 -0.0126397 900.212
16 1674   0.00362293 -0.0126945 903.192
16 1675   0.0041277 -0.0122038 860.72
16 1676   0.00409937 -0.0124897 883.198
16 1677   0.00385444 -0.0124679 899.844
16 1678   0.00364423 -0.0121196 932.242
16 1679   0.00383464 -0.0122601 905.136
16 1680   0.00393091 -0.0121038 892.755
16 1683   0.0036584 -0.0119767 950.115
16 1684   0.00382261 -0.01195 942.762
16 1751   -0.0499782 0.00575731 952.162
16 1752   -0.0499782 0.0107573 945.378
16 1803   -0.0399782 0.0107572 961.572
16 1804   -0.0399782 0.00575695 958.248
16 1807   -0.031487 0.033529 919.035
16 1808   -0.028099 0.031029 932.743
16 1809   -0.0295244 0.028087 940.422
16 1810   -0.0347948 0.0322114 908.903
16 1811   -0.0333294 0.0277983 939.694
16 1812   -0.0352118 0.0294228 920.767
16 1819   -0.00108286 -0.013118 908.367
16 1820   -0.000853426 -0.0137646 926.036
16 1821   -0.000168231 -0.0137793 951.426
16 1822   0.000187285 -0.0128146 968.882
16 1823   0.000333718 -0.013231 968.413
16 1824   -7.73909e-05 -0.013381 956.961
16 1825   -0.000651438 -0.0128513 922.471
16 1826   -0.000116479 -0.0128297 962.383
16 1827   -0.000331168 -0.0130995 947.513
16 1829   -0.000272047 -0.0126082 947.088
16 1830   -0.00060145 -0.0125547 918.653
16 1850   -0.0346378 -0.025254 958.389
16 1851   -0.0343182 -0.027754 938.09
16 1852   -0.0383302 -0.0254001 952.243
16 1853   -0.0366428 -0.0241242 967.446
16 1854   -0.0492248 0.0260077 770.95
16 1855   -0.0434807 0.0258132 896.289
16 1856   -0.0459496 0.0245321 879.983
16 1857   -0.0491201 0.0311769 687.834
16 1858   -0.0505853 0.0286713 703.93
16 1859   -0.0461897 0.0324296 700.384
16 1860   -0.0438255 0.0297944 794.531
16 1861   -0.0209833 -0.0297593 937.104
16 1862   -0.0222094 -0.0247593 945.835
16 1863   -0.0162091 -0.0322593 926.584
16 1864   -0.0137605 -0.029278 928.819
16 1865   -0.0147162 -0.024278 949.556
16 1884   -0.0405458 -0.0309525 855.095
16 1885   -0.0390427 -0.0336508 850.976
16 1886   -0.03583 -0.0321766 904.471
16 1887   -0.0360776 -0.0293533 917.79
16 1888   -0.0380846 -0.0281292 917.594
16 1897   -0.0045039 0.0313445 827.493
16 1898   -0.00139647 0.0266838 844.057
16 1899   -0.00134784 0.0328665 731.231
16 1900   0.000463634 0.0301213 722.499
16 1901   -0.00456886 0.0261883 911.028
16 1902   -0.00586481 0.0281039 901.465
16 1908   -0.0169645 -0.0222593 950.227
16 1909   -0.0198174 -0.0222593 948.291
16 2010   -0.00681274 -0.0167514 929.402
16 2011   -0.00681274 -0.0184181 965.193
16 2014   -0.0511395 0.0177503 911.565
16 2015   -0.045797 0.0168077 941.338
16 2016   -0.0485181 0.0154682 933.385
16 2017   -0.0497789 0.0205006 895.538
16 2018   -0.0470579 0.0197596 916.07
16 2053   0.000178002 -0.027535 819.261
16 2054   0.00364317 -0.0278311 732.287
16 2055   0.00470486 -0.0243543 823.763
16 2056   0.0024539 -0.0224582 897.558
16 2057   -0.0012345 -0.0216477 926.042
16 2058   0.000355045 -0.0234565 900.504
16 2059   -0.000859161 -0.0250565 895.755
16 2060   -0.00309177 -0.0241524 923.557
16 2061   -0.00325208 -0.0223828 943.425
16 2067   -0.0511076 -0.0172529 914.037
16 2068   -0.0483227 -0.0182534 919.661
16 2069   -0.0499364 -0.0144625 932.799
16 2070   -0.0473729 -0.0139251 942.633
16 2071   -0.0457591 -0.0159632 944.491
16 2204   -0.000252009 0.0135619 921.707
16 2205   -0.000437237 0.0129858 938.682
16 2206   -0.000118156 0.0127539 918.369
16 2207   0.000436397 0.0135561 884.613
16 2208   0.000356554 0.012997 874.719
52 245   -0.0047446 -0.00101811 888.644
52 246   -0.00476262 0.00127761 895.894
52 247   0.005146 -0.00240375 898.159
52 248   -0.000790725 0.00120437 904.948
52 249   -0.00263336 -0.00212307 898.279
52 250   -0.00269192 0.00238423 907.097
52 251   0.00120451 -0.00216674 906.864
52 252   0.00308377 -0.00116416 901.874
52 253   0.0029849 0.00103783 897.599
52 254   -0.000750179 -0.00100721 903.581
52 255   0.00479273 0.00207492 884.962
52 256   0.00303296 -0.00554969 931.355
52 257   0.0010651 0.00224682 903.523
52 258   -0.0064981 0.00246557 887.62
52 259   0.00691286 -0.00141782 871.752
52 260   -0.002541 -0.00425135 898.397
52 261   -0.00624784 0.00472915 907.693
52 262   0.00119404 -0.00420976 914.818
52 263   -0.000668296 -0.00517849 910.879
52 264   0.0045252 0.00412921 882.461
52 265   -0.00631297 -0.00214666 870.762
52 266   -0.00812546 -0.00142194 858.916
52 267   -0.000541735 -0.00688317 920.202
52 268   0.00267733 -0.00721096 952.788
52 269   -0.00811521 0.00182403 841.937
52 270   -0.00940975 0.00448117 822.017
52 271   0.00855011 -0.00214716 819.871
52 272   0.000964972 -0.00757571 947.825
52 273   -0.00921138 0.00292025 802.056
52 274   -0.00871599 0.0006265 815.174
52 275   0.0034679 -0.00825989 966.148
52 276   -0.0031172 0.00853525 967.385
52 277   0.00447242 -0.00858467 968.735
52 278   -0.00213046 0.00849111 966.364
52 279   -0.00889336 -0.000302977 841.763
52 280   0.000947704 -0.00873699 964.573
52 281   0.00956692 0.000158988 800.968
52 282   -0.0104606 0.00479487 763.218
52 283   -0.0101827 0.00230633 745.901
52 284   0.00945888 -0.00126767 768.056
52 285   0.00021996 -0.0092868 964.267
52 286   -0.00328049 0.00970083 967.712
52 287   0.00259489 -0.00908419 969.42
52 288   0.00421298 -0.00960726 964.814
52 289   -0.00990044 0.000833868 750.319
52 290   -0.0108974 0.00261697 728.655
52 291   0.00178705 -0.00919654 969.246
52 292   -0.010271 0.00141749 729.529
52 293   0.00961097 -0.000575093 763.095
52 294   0.000585696 -0.0101301 940.844
52 295   0.0102654 -0.00169387 727.508
52 296   -0.0109031 0.00386631 745.827
52 297   -0.010422 0.000214303 727.603
52 298   0.00118763 -0.0102733 930.117
52 299   -0.0110598 0.00318472 737.885
52 300   0.00166124 -0.00988955 956.226
52 301   0.00220157 -0.0102216 942.457
52 302   -0.0100478 -0.000572253 789.959
52 303   -0.0109124 0.00121542 702.504
52 304   -0.0113721 0.00205595 708.436
52 305   -0.010392 -0.000262341 744.729
52 306   -0.0112988 0.00154324 698.952
52 307   -0.00297356 0.0110272 947.659
52 308   0.0106035 -0.00121564 709.899
52 309   0.0104208 -0.000740741 716.437
52 310   0.00211412 -0.0106614 901.671
52 311   -0.0109134 0.000329352 702.081
52 312   0.00285177 -0.0111049 933.099
52 313   0.0108049 -0.000558915 702.333
52 314   -0.0110334 0.000746848 695.954
52 315   -0.00176409 0.0110366 826.8
52 316   0.0109472 -0.000285755 699.92
52 317   0.00132396 -0.010724 883.077
52 318   0.0110298 -0.00129296 698.557
52 319   0.00229999 -0.0109311 876.403
52 320   -0.011638 0.00134151 689.643
52 321   0.00252271 -0.0110533 883.996
52 322   -0.00283155 0.0113904 920.534
52 323   0.00171012 -0.01078 871.179
52 324   0.001185 -0.0109976 845.617
52 325   0.0112248 -0.0010226 690.649
52 326   0.0111826 -0.000763461 690.031
52 327   0.0115526 -0.00112549 684.964
52 328   0.0113984 -0.000337648 685.936
52 329   -0.0116242 0.00103764 683.104
52 330   -0.00251291 0.0114998 829.682
52 331   -0.0113391 0.000699371 686.563
52 332   0.00285469 -0.0114378 918.857
52 333   -0.0111562 9.8286e-05 697.436
52 334   0.00203108 -0.0111942 805.004
52 335   -0.0113639 0.000285367 688.699
52 336   0.0016904 -0.0110429 825.868
52 337   -0.0115029 0.000839443 682.585
52 338   0.0114271 -0.000673582 682.819
52 339   0.00182548 -0.0111873 797.236
52 340   0.00207178 -0.0113996 756.648
52 341   -0.0114269 0.000468957 684.709
52 342   0.00146946 -0.0111356 810.654
52 343   0.00240244 -0.0113657 820.899
52 344   0.0115006 -0.000520929 681.214
52 345   0.0017066 -0.0113719 753.58
52 346   0.00222042 -0.0114489 763.464
52 347   0.00174257 -0.0115225 672.305
52 348   0.00247123 -0.0115069 810.547
52 349   0.0116095 -0.000771835 678.222
52 350   0.00259441 -0.0115274 842.408
52 351   -0.0118197 0.00101885 679.482
52 352   -0.0115945 0.000528312 679.512
52 353   0.00220884 -0.0116178 681.482
52 354   -0.0116284 0.000696897 678.065
52 355   0.00234081 -0.0116424 742.686
52 356   -0.0116918 0.000489009 677.306
52 357   -0.0118178 0.000884289 676.149
52 358   -0.0117324 0.000726569 675.295
52 359   -0.0119053 0.000867266 674.507
52 360   -0.0117812 0.000799497 674.96
52 361   -0.00187341 0.0117366 280.155
52 362   -0.0118528 0.000759394 672.524
52 363   -0.0119033 0.000784117 672.176
52 364   -0.0119451 0.000744954 670.538
52 365   -0.0119765 0.000693391 670.348
52 366   -0.00193576 0.0118404 2.53973
52 387   0.00468739 -0.00532735 924.501
52 388   0.00552394 -0.00416517 906.706
52 389   0.00718449 -0.00499687 900.636
52 390   0.00689772 -0.00593934 913.923
52 391   0.00579817 -0.00637876 934.977
52 392   0.00523682 -0.00814211 966.809
52 393   0.00569872 -0.00720746 952.144
52 418   -0.0023613 0.00409111 915.429
52 419   -0.00115765 0.00637361 933.414
52 420   -0.00480544 0.00526314 923.632
52 421   -0.00329062 0.00469221 920.458
52 422   -0.00265446 0.00583416 934.18
52 423   -0.00374007 0.00774402 961.748
52 424   -0.00477388 0.00639753 941.576
52 425   -0.00356468 0.00641264 943.266
52 426   -0.00530713 0.00734116 955.548
52 427   -0.0045914 0.00811667 966.19
52 428   -0.00493045 0.00890081 967.861
52 429   -0.00484763 0.00958268 950.722
52 544   -0.00221625 0.0116633 669.577
52 593   0.00190415 -0.0117782 128.112
52 595   0.0118786 -0.000862479 674.113
52 596   0.0118628 -0.000794116 672.698
52 597   0.00634661 0.00144976 870.464
52 598   0.00697031 0.000267951 863.054
52 599   0.00863124 0.000701199 844.26
52 600   0.00895209 0.00179291 857.653
52 601   0.00783298 0.00245602 849.878
52 602   0.00829112 0.00352983 825.563
52 606   0.0107474 6.09037e-05 714.124
52 607   0.0102907 0.000472096 759.019
52 627   0.0116891 -0.000523955 676.325
52 630   0.0118181 -0.000599136 672.372
52 631   0.0117171 -0.000700174 674.952
52 632   0.0117232 -0.000604948 674.8
52 633   0.0118044 -0.000738654 672.958
52 634   0.0118514 -0.000654661 671.177
52 635   0.0118438 -0.000698953 671.533
52 638   0.0119059 -0.000653409 669.735
52 641   0.0119291 -0.000780486 671.417
52 642   0.00880302 -0.00339732 825.15
52 643   0.00822497 -0.00457107 874.568
52 644   0.00980117 -0.00334943 773.797
52 645   0.0109564 -0.00370464 737.977
52 646   0.0102045 -0.00411101 761.425
52 647   0.0104642 -0.00222233 727.757
52 648   0.0102865 -0.00284311 744.695
52 649   0.0108196 -0.00304303 733.37
52 650   0.0109057 -0.00219203 715.42
52 651   0.0114537 -0.00234908 711.356
52 652   0.0111039 -0.00260962 720.994
52 653   0.0111672 -0.00158207 699.824
52 654   0.0111147 -0.00190294 706.15
52 655   0.0113962 -0.00196004 703.662
52 657   0.0116639 -0.00134555 688.089
52 658   0.0114735 -0.00153178 694.278
52 659   0.0115959 -0.00172239 697.105
52 680   0.0118587 -0.000948396 676.447
52 681   0.0117028 -0.000921636 678.388
52 682   0.0117344 -0.00105836 680.815
52 704   0.00639147 -0.00744756 952.432
52 715   0.00568239 -0.00872 966.954
52 716   0.00628727 -0.00824516 967.677
52 717   0.00738625 -0.00838126 962.887
52 718   0.00673269 -0.00846754 968.511
52 719   0.00648868 -0.00930452 907.343
52 720   0.00668059 -0.00886634 962.678
52 721   0.00707075 -0.00898834 955.942
52 722   0.00674713 -0.00953067 855.779
52 723   0.00701053 -0.00932239 899.812
52 726   0.00354577 -0.00980468 967.334
52 727   0.00266469 -0.0100508 958.263
52 728   0.0029322 -0.00960639 967.773
52 729   0.00310326 -0.0107972 959
52 730   0.00350509 -0.0101931 966.231
52 731   0.00305144 -0.010305 959.402
52 732   0.00349794 -0.0109951 968.687
52 733   0.00376602 -0.0106132 969.132
52 734   0.00414299 -0.0107951 968.844
52 744   -0.00608909 0.00772282 959.736
52 745   -0.00622885 0.00941271 902.022
52 746   -0.00578023 0.00881343 964.714
52 747   -0.00622315 0.00841095 968.982
52 748   -0.00671714 0.00950375 865.437
52 749   -0.00698113 0.00929515 908.748
52 751   -0.00587539 0.00971825 867.552
52 752   -0.00534396 0.00980084 906.403
52 753   -0.00512743 0.0104197 885.663
52 754   -0.00530255 0.0101418 873.084
52 755   -0.00556999 0.0102678 801.773
52 756   -0.00528422 0.0105837 847.784
52 757   -0.00550551 0.0105077 778.011
52 772   0.00582459 0.00624217 848.58
52 773   0.00578635 0.0048107 863.819
52 774   0.00736569 0.00433567 829.334
52 776   0.00776981 0.00529286 821.055
52 777   0.00703806 0.00624143 847.347
52 785   0.0100916 -0.00503695 791.649
52 786   0.00911017 -0.00544912 861.129
52 791   -0.00803252 -0.00462253 810.806
52 792   -0.000186848 0.00919583 964.391
52 793   -0.00110186 0.00819306 957.592
52 794   -0.000416398 0.00744528 938.221
52 795   0.00121859 0.00781719 912.665
52 796   0.00154299 0.00873777 903.84
52 797   0.00111707 0.00931176 912.943
52 798   0.000528956 0.00942547 944.047
52 799   -0.00163351 -0.00750386 906.507
52 800   -0.000499054 -0.00907978 945.367
52 801   -0.00118259 -0.00840175 914.987
52 802   -0.00170274 -0.00886327 898.856
52 804   -0.00131325 -0.00948444 905.308
52 805   -0.000725139 -0.00959815 930.658
52 806   -0.00868453 0.00554481 881.158
52 807   -0.00744209 0.00575226 906.678
52 809   -0.00919583 0.00671156 891.162
52 896   -0.000687879 0.00971225 961.235
52 897   -0.00126419 0.0104636 914.93
52 898   -0.000424432 0.0101413 939.663
52 899   -0.00074103 0.0104264 922.317
52 901   -0.00384219 0.00996358 966.614
52 902   -0.00444742 0.00985252 957.958
52 903   -0.00339932 0.0108679 968.492
52 904   -0.00415716 0.0106191 968.741
52 905   -0.00372707 0.0104522 967.742
52 906   -0.00364057 0.0110996 967.436
52 907   -0.00401827 0.0109699 967.73
52 1026   -0.00130105 0.0108299 871.082
52 1027   -0.00147991 0.0109909 839.847
52 1069   0.0118937 -0.000719901 670.516
52 1070   0.0119206 -0.000745971 670.59
52 1071   0.0119133 -0.00069969 669.723
52 1072   0.011918 -0.00067749 669.385
52 1074   0.0119434 -0.000674816 668.678
52 1075   0.00193327 -0.0117894 85.2245
52 1076   0.00192482 -0.0118104 26.7885
52 1143   -0.0117663 0.000646058 673.996
52 1144   -0.0117596 0.000577083 674.567
52 1145   -0.01182 0.000577494 672.971
52 1146   -0.0118508 0.000706158 671.744
52 1147   -0.0118402 0.000627188 671.928
52 1148   -0.0118131 0.000665748 672.614
52 1150   -0.0118855 0.000640953 670.574
52 1151   -0.011893 0.000681157 670.332
52 1152   -0.00211856 0.011738 451.792
52 1153   -0.00213549 0.0116498 604.623
52 1154   -0.00176705 0.00944051 968.58
52 1155   -0.00149919 0.0101251 943.007
52 1156   -0.00123948 0.00965888 964.645
52 1157   -0.0026611 0.00992353 962.222
52 1158   -0.0021344 0.00970734 964.6
52 1159   -0.00191911 0.0101062 946.778
52 1160   -0.00272274 0.0107392 934.163
52 1161   -0.00264425 0.0103139 950.68
52 1162   -0.00224739 0.0103309 936.783
52 1163   -0.00204314 0.0108832 868.148
52 1164   -0.00241895 0.010869 900.13
52 1165   -0.00223282 0.0106432 910.474
52 1166   -0.00231797 0.0111061 856.151
52 1167   -0.00214059 0.0111118 832.23
52 1168   -0.00235552 0.0113822 810.193
52 1169   -0.00222769 0.0114877 757.991
52 1170   -0.00195159 0.0113741 759.146
52 1171   -0.00213061 0.0113801 775.718
52 1172   -0.00208105 0.0112803 792.193
52 1173   -0.00204632 0.0114783 725.442
52 1174   -0.00195598 0.0114695 719.202
52 1175   -0.00187206 0.0116728 447.948
52 1176   -0.00183871 0.0116027 574.286
52 1177   -0.00190711 0.0115455 653.277
52 1178   -0.00194457 0.0116552 482.638
52 1179   -0.00195638 0.0115896 602.009
52 1180   -0.00206674 0.011612 608.148
52 1181   -0.00203004 0.0115634 652.282
52 1182   -0.00205815 0.0117177 426.973
52 1183   -0.0019855 0.0116817 448.012
52 1184   -0.00203402 0.0116646 504.255
52 1185   -0.00201228 0.0117953 110.669
52 1186   -0.00202966 0.0117483 334.94
52 1187   -0.00198961 0.0117213 357.575
52 1188   -0.00197774 0.0117922 97.679
52 1189   -0.00197087 0.0117538 235.896
52 1190   -0.00193551 0.011769 153.971
52 1191   -0.00195914 0.0118108 29.6702
52 1192   -0.00192243 0.0118115 22.5078
52 1193   -0.00193694 0.011801 55.5316
52 1194   -0.00194286 0.011838 3.08039
52 1197   -0.00195598 0.0118268 8.22606
52 1198   -0.00194645 0.0118285 5.80907
52 1258   0.00569367 -0.00928395 939
52 1259   0.00617812 -0.00947719 888.427
52 1261   0.00617317 -0.00991161 812.569
52 1262   0.00590977 -0.0101199 777.831
52 1285   -0.00492922 0.0105966 926.77
52 1286   -0.00448285 0.0106645 965.481
52 1287   -0.00465798 0.0103866 947.621
52 1363   -0.00839101 0.00810998 915.899
52 1364   -0.00857336 0.00715207 905.374
52 1365   -0.00883486 0.00761704 901.563
52 1366   -0.00751078 0.00707518 924.673
52 1367   -0.00706693 0.00756812 945.269
52 1368   -0.00746498 0.00804765 951.612
52 1369   -0.00790634 0.00822827 943.933
52 1370   -0.00715643 0.00889194 963.818
52 1371   -0.00697907 0.00850272 968.039
52 1373   -0.00750911 0.00887795 967.917
52 1374   -0.0077731 0.00866935 963.349
52 1392   -0.00583571 0.0102265 765.759
52 1393   -0.0060997 0.0100179 798.296
52 1407   0.00461024 0.00821614 862.83
52 1408   0.00503747 0.00695686 856.642
52 1409   0.00537513 0.00774469 845.052
52 1410   0.00130485 0.00392764 904.51
52 1411   0.00295712 0.00477293 895.099
52 1412   -0.000220358 0.00459207 912.953
52 1413   0.000347132 0.00573262 914.825
52 1414   0.0017416 0.00719703 905.079
52 1415   0.0016114 0.00618412 906.163
52 1416   0.00269617 0.00588886 896.554
52 1417   0.00250024 0.00723413 895.479
52 1418   0.00386374 0.00681569 880.055
52 1419   0.00312877 0.00653544 890.727
52 1420   0.00290028 0.00762749 886.985
52 1421   0.00357015 0.00740128 879.079
52 1422   0.00376538 0.00864353 859.55
52 1423   0.00397899 0.0080139 868.194
52 1426   0.0022933 0.00908435 868.401
52 1427   0.00321635 0.00885754 829.587
52 1428   0.0027601 0.0084541 871.629
52 1429   -0.00417675 -0.00499031 884.353
52 1430   -0.00669137 -0.00627223 846.262
52 1431   -0.00693496 -0.00488616 845.934
52 1432   -0.00583746 -0.00399058 868.493
52 1433   -0.00445295 -0.00818116 863.857
52 1434   -0.00394484 -0.00632415 881.739
52 1435   -0.0027981 -0.00718705 891.708
52 1436   -0.00230458 -0.00875501 880.969
52 1437   -0.00294902 -0.00797668 880.679
52 1438   -0.00364035 -0.00893476 842.791
52 1439   -0.00369668 -0.00827015 863.488
52 1441   -0.00309133 -0.00914877 812.812
52 1442   -0.00250321 -0.00926247 843.206
52 1443   0.00464784 -0.0099048 951.72
52 1444   0.00445068 -0.0104503 960.013
52 1445   0.00545843 -0.0100953 848.165
52 1446   0.00523738 -0.00969376 925.631
52 1447   0.00522815 -0.0104722 858.055
52 1448   0.00480993 -0.0106162 941.572
52 1634   0.00737559 -0.00642076 915.319
52 1635   0.0069688 -0.00710028 936.45
52 1636   0.00751816 -0.0078116 944.341
52 1637   0.00888246 -0.00637797 890.611
52 1638   0.00805686 -0.00656243 907.096
52 1639   0.00852284 -0.00787647 907.595
52 1640   0.00805645 -0.00749347 920.63
52 1643   0.00932506 -0.00681699 890.888
52 1644   0.00896585 -0.00738446 902.153
52 1657   0.00739753 -0.00894521 965.821
52 1658   0.00766093 -0.00873693 967.399
52 1835   -0.00173343 0.0115705 633.638
52 1838   -0.00179744 0.0114179 739.886
52 1839   -0.00164347 0.0113618 763.507
52 1870   0.00155822 -0.0113771 758.546
52 1871   0.00145616 -0.0112852 783.524
52 1915   -0.00892207 -0.00242922 854.437
52 1916   -0.00857295 -0.00357524 826.644
52 1962   -0.00193193 0.01182 9.86341
52 1963   -0.00193827 0.0118257 6.81481
52 2028   -0.00588763 -0.0065612 841.307
52 2029   -0.00477998 -0.0075244 861.043
52 2030   -0.0049241 -0.00652517 866.299
52 2033   -0.00548854 -0.00771757 842.762
52 2034   -0.00599847 -0.00740328 822.261
52 2154   0.0119538 -0.000739156 670.026
52 2157   0.0119359 -0.000708323 669.343
52 2158   0.0119495 -0.000721718 669.525
52 2159   0.0119492 -0.00068696 668.599
52 2160   0.0119464 -0.000698267 668.888
52 2161   0.0119774 -0.000693698 668.411
52 2162   0.0119689 -0.000692861 668.31
52 2163   0.0119623 -0.000685596 668.219
52 2164   0.00195538 -0.0115298 663.721
52 2165   0.00184894 -0.0115568 619.507
52 2166   0.00190698 -0.0117193 319.7
52 2167   0.00184112 -0.0116886 416.294
52 2168   0.00199733 -0.0116306 542.097
52 2169   0.00195675 -0.0116883 412.39
52 2170   0.00213895 -0.0117508 439.512
52 2171   0.0020662 -0.0116577 528.262
52 2172   0.00213809 -0.0116811 559.947
52 2173   0.00200025 -0.0117241 352.961
52 2174   0.00207764 -0.0117478 374.434
52 2175   0.00205649 -0.011707 439.065
52 2176   0.00202614 -0.0118017 122.892
52 2177   0.00204356 -0.0117716 267.474
52 2178   0.00200212 -0.0117596 249.788
52 2179   0.00199559 -0.0117996 94.9154
52 2180   0.00195962 -0.0117846 113.521
52 2181   0.00198215 -0.011778 158.509
52 2183   0.00196597 -0.0118087 39.5123
52 2184   0.00197979 -0.0118171 30.3891
52 2185   0.00193973 -0.0118156 16.9034
52 2186   0.00195416 -0.0118319 6.54091
52 2187   0.00195453 -0.0118187 16.0861
52 2188   0.00194198 -0.0118394 3.39853
52 2191   0.00193515 -0.0118265 7.60006
52 2192   0.00194286 -0.011832 5.42152
52 2198   -0.0119291 0.000682218 669.258
52 2200   -0.0119443 0.000702012 669.176
52 2201   -0.0119669 0.000688928 668.282
52 2220   0.0119667 -0.000718644 669.329
52 2221   0.0119705 -0.000702251 668.745
52 2222   0.0119612 -0.000706293 668.898
end
