579
52 279   0.00139495 -0.00224592 697.829
52 280   -0.000557572 -0.00549106 701.539
52 281   -0.0025619 0.00226603 697.499
52 282   -0.000618109 -0.00110178 697.65
52 283   0.00326468 -0.00110194 695.838
52 284   -0.00452434 -0.000997226 695.217
52 285   0.00147643 -0.00440113 699.973
52 286   -0.000626286 0.00109797 697.661
52 287   0.00126594 0.00218084 697.772
52 288   -0.00442582 0.00126795 695.287
52 289   -0.00649785 -0.00182814 693.194
52 290   0.00314384 0.00112508 695.931
52 291   -0.00245534 0.00439834 699.803
52 292   0.00123936 0.00433732 699.687
52 293   -0.00991024 -0.00064134 687.458
52 294   -0.000546303 0.00538675 701.531
52 295   -0.00798588 -0.000339486 690.689
52 296   0.00298825 0.00531991 699.933
52 297   -0.0109184 0.00130427 686.901
52 298   0.00501881 -0.00200537 693.874
52 299   0.00668289 -0.000926123 690.923
52 300   -0.00610594 0.0022652 693.165
52 301   0.0100333 0.00105206 685.555
52 302   0.00314444 -0.00537317 701.204
52 303   0.0033276 -0.00729377 707.575
52 304   -0.00391285 0.0054028 700.96
52 305   -0.00375342 0.0072921 708.588
52 306   -0.0076925 0.00148868 690.746
52 307   -0.00682403 -0.00347758 693.655
52 308   -0.00640526 0.00391929 692.885
52 309   -0.00553273 0.00500445 696.432
52 310   0.00531063 -0.00367691 694.494
52 311   -0.0095049 -0.00405286 689.96
52 312   0.00785868 -0.00194377 688.87
52 313   0.00459035 -0.00484939 698.074
52 314   -0.00599221 -0.00466493 695.301
52 315   0.00869498 0.00366852 689.878
52 316   -0.00884412 0.00259364 688.787
52 317   0.00905937 -0.00185804 686.899
52 318   -0.0101457 0.00271108 686.232
52 319   -0.00820225 -0.00408746 692.635
52 320   -0.00636583 0.00622284 696.568
52 321   -0.00782102 0.00430335 689.62
52 322   0.0100473 0.00395886 686.908
52 323   -0.0100241 -0.0053161 691.645
52 324   0.010207 -0.00378008 685.09
52 325   0.0094023 -0.00325583 686.182
52 326   -0.00867332 0.00375422 688.774
52 327   -0.00699767 -0.00561302 694.429
52 328   -0.00654518 -0.00700189 691.062
52 329   0.0102381 0.00505026 688.157
52 330   -0.00797608 -0.00531966 694.256
52 331   -0.0106894 0.00387781 685.719
52 332   0.00945362 0.00557639 692.791
52 333   -0.00740864 0.00627884 685.741
52 334   0.0108817 -0.00345482 682.543
52 335   -0.00707774 -0.00644039 693.633
52 336   -0.00816158 0.00520283 687.834
52 337   -0.00856379 -0.00593887 695.862
52 338   -0.00930913 -0.00596991 696.703
52 339   0.0101681 -0.00475016 686.629
52 340   -0.00795286 0.00580703 686.109
52 341   -0.0101313 0.00435912 687.764
52 342   -0.00941685 0.00435297 688.038
52 343   -0.0103602 0.00508087 689.619
52 344   -0.00787138 -0.00680231 695.167
52 345   -0.00837901 -0.00659414 697.595
52 346   -0.00894038 0.00529509 687.621
52 347   -0.00934334 0.00499437 688.316
52 348   0.00960997 0.00621497 696.304
52 349   -0.00950261 -0.00662517 701.984
52 350   -0.00776659 0.00689274 679.042
52 351   -0.00987876 0.00536673 689.704
52 352   -0.00857619 0.00622339 683.744
52 353   0.0104818 -0.00516501 687.811
52 354   -0.00801733 -0.00729988 695.378
52 355   -0.00861775 0.0066645 680.818
52 356   0.00972973 -0.00571666 687.717
52 357   -0.0087732 -0.00697528 702.403
52 358   -0.0098417 0.00579164 690.677
52 359   0.00887024 -0.00667065 680.004
52 360   -0.00915145 -0.00697527 705.853
52 361   -0.00911244 0.00576552 687.132
52 362   -0.007869 -0.00757429 693.163
52 363   0.00812613 0.00755333 693.479
52 364   0.00858754 -0.00684365 678.561
52 365   -0.00895697 0.00608961 685.491
52 366   -0.00835238 0.00686204 679.253
52 367   -0.0100426 0.00607955 693.082
52 368   -0.0087021 -0.00735078 705.218
52 369   0.00844868 0.00734549 697.851
52 370   -0.00845386 -0.00746721 700.101
52 371   -0.00947834 0.00588971 688.802
52 372   -0.00897891 0.0068561 679.831
52 373   0.0082436 0.00783507 692.098
52 374   0.010068 -0.00579023 689.322
52 375   0.00918853 -0.00687056 679.11
52 376   -0.00923296 0.00631991 686.22
52 377   -0.00924194 -0.00731869 714.585
52 378   0.0102488 -0.00564279 689.259
52 379   -0.00948288 0.00619052 688.907
52 380   0.00983302 -0.00630425 690.207
52 381   -0.00894481 -0.00756722 720.809
52 382   -0.00917884 0.00673912 682.523
52 383   -0.00854666 -0.00775426 700.72
52 384   0.00939419 -0.00676105 682.973
52 385   -0.00926394 0.00653614 685.439
52 386   -0.0081646 -0.0078387 693.147
52 387   -0.00984333 0.0063147 693.442
52 388   -0.00964693 0.0063276 691.058
52 389   -0.00840573 -0.00785134 695.307
52 390   0.0100033 -0.00625246 691.307
52 391   0.0100929 -0.00606872 690.653
52 392   -0.00989724 0.00651543 696.529
52 393   0.00979676 -0.00650489 691.373
52 394   -0.0091064 -0.00753514 724.365
52 395   -0.00961195 0.00652772 691.594
52 396   -0.0094789 0.00660687 688.773
52 397   -0.00934739 0.00686551 683.312
52 398   -0.00975579 0.00662234 696.116
52 399   -0.00892222 -0.00775594 737.055
52 400   -0.00942282 0.00696805 683.126
52 401   0.00953473 -0.0068749 685.199
52 402   -0.00948744 0.00675653 688.436
52 403   -0.00873507 -0.00783595 708.877
52 404   -0.00975322 0.00674961 699.63
52 405   -0.0095839 0.00682201 692.276
52 406   -0.00882588 -0.00780169 725.568
52 407   0.00955936 -0.00697234 684.382
52 408   0.00964355 -0.00680248 691.239
52 409   -0.00967135 0.0068143 698.581
52 410   0.00989594 -0.00659895 694.132
52 411   -0.00956988 0.00692438 690.78
52 412   0.00985041 -0.0066923 695.526
52 413   -0.00876241 -0.00794184 708.673
52 414   -0.00981382 0.00680808 705.198
52 415   -0.00963866 0.00696918 696.497
52 416   -0.00970546 0.00689618 707.022
52 417   0.00969858 -0.00686238 696.273
52 418   0.00966014 -0.0069486 694.515
52 419   -0.00884959 -0.00794641 729.199
52 420   -0.00968679 0.0069487 709.565
52 421   0.00969054 -0.00691105 698.119
52 422   -0.00974935 0.00690919 719.003
52 423   -0.00977583 0.00688577 713.215
52 424   -0.00971858 0.00698301 736.476
52 425   -0.00974981 0.00695877 752.427
52 426   -0.00973771 0.00698006 860.994
52 427   -0.00974375 0.00699844 947.583
52 428   -0.00974121 0.00700364 823.048
52 429   -0.00895577 -0.0079835 498.24
52 485   -0.00343311 -0.00829059 712.187
52 652   -0.0074766 -0.00765321 690.984
52 653   -0.00690438 -0.00762322 686.719
52 734   0.00968106 -0.00698446 697.456
52 735   -0.00895883 -0.007893 795.182
52 736   -0.00893632 -0.00795912 822.967
52 737   -0.0088893 -0.00792898 761.892
52 738   -0.00889292 -0.00789015 756.837
52 777   0.00464638 -0.00784993 721.055
52 786   -0.00484017 0.00786379 721.522
52 787   -0.0058327 0.00719288 709.329
52 808   -0.00195225 -0.00220227 697.785
52 809   -0.00335223 -0.0021955 696.838
52 810   -0.00197319 -0.00443634 699.744
52 811   -0.00483343 -0.00476991 697.062
52 812   -0.00301269 -0.0049891 699.715
52 813   -0.00373364 -0.00387005 697.644
52 814   -0.00385686 -0.00722867 704.725
52 815   -0.0035521 -0.00599686 700.928
52 816   -0.00467286 -0.00578106 698.484
52 817   -0.00518949 -0.0064819 698.423
52 818   -0.00582296 -0.00698033 695.934
52 819   -0.00473398 -0.00736998 703.507
52 821   -0.00563175 -0.00772755 700.894
52 822   -0.00510314 -0.00800929 707.087
52 857   0.00261492 -0.00840301 706.791
52 858   0.00144929 -0.00867968 707.51
52 865   -0.00284694 0.00838748 707.16
52 866   -0.00168131 0.00866414 707.156
52 894   0.00353195 0.00859162 715.1
52 895   0.0029281 0.00674685 702.961
52 896   0.00406106 0.0070791 703.49
52 897   0.00406073 0.00789961 708.194
52 899   0.00489144 0.00812999 709.883
52 900   0.00542005 0.00784825 704.329
52 928   0.00034071 -0.00826434 705.945
52 929   -0.000710826 -0.00715701 703.927
52 930   -0.00224211 -0.00817198 706.282
52 931   -0.000596489 -0.00935597 705.393
52 932   -0.00178465 -0.00920266 704.749
52 940   0.00239037 0.00862352 707.773
52 941   0.00178618 0.00759927 704.671
52 942   -0.000523309 0.00839932 706.251
52 943   6.06684e-05 0.00722176 704.035
52 944   0.000447884 0.00953204 706.505
52 947   0.00123999 0.00942983 702.627
52 948   0.0020321 0.00932762 705.573
52 1126   0.00471741 0.00176253 694.384
52 1127   0.00650234 0.000614755 691.439
52 1128   0.00757509 0.00275666 690.848
52 1129   0.00804841 0.00147489 689.367
52 1130   0.00427061 0.00433122 696.971
52 1131   0.00473762 0.00289021 694.982
52 1132   0.00604923 0.00302421 693.268
52 1133   0.0051797 0.00488706 696.072
52 1134   0.00598472 0.00404339 694.077
52 1135   0.00544247 0.00584383 696.501
52 1136   0.00503979 0.00667593 699.432
52 1137   0.00556807 0.0072147 698.242
52 1138   0.00624437 0.00711992 691.92
52 1139   0.00654009 0.00667334 692.721
52 1140   0.00730622 0.00692449 692.033
52 1143   0.00662616 0.00762651 684.624
52 1144   0.00765917 0.00763611 690.968
52 1145   0.00727601 0.00738499 690.24
52 1182   0.00533472 -0.00594908 700.262
52 1183   0.00520758 -0.00702902 709.089
52 1184   0.00607024 -0.00732901 711.941
52 1185   0.00674437 -0.00528305 691.71
52 1186   0.00601281 -0.00587684 696.997
52 1187   0.00638194 -0.00662132 699.676
52 1188   0.0072632 -0.00572043 688.893
52 1189   0.00696298 -0.00646421 691.414
52 1192   0.00737504 -0.00682453 682.142
52 1193   0.00816429 -0.00686583 679.153
52 1194   0.00785902 -0.00658257 681.781
52 1326   0.0111461 -0.00240547 683.913
52 1329   0.0107321 -0.000300628 684.473
52 1330   0.0101285 -0.00133294 685.671
52 1373   -0.0103754 -0.00320643 689.191
52 1374   -0.0106709 -0.00189345 687.767
52 1421   0.010765 0.00327943 686.656
52 1422   0.0110595 0.00196891 685.364
52 1457   -0.00902825 -0.00781258 764.96
52 1458   -0.00899782 -0.00786118 780.311
52 1466   -0.0089787 -0.00791929 827.886
52 1468   -0.00896601 -0.00796715 901.429
52 1469   -0.00895983 -0.00794658 879.088
52 1472   0.00923038 0.00645779 698.194
52 1473   0.00945721 0.00682417 702.321
52 1474   0.00867669 0.00522778 692.393
52 1475   0.00810884 0.00441131 691.601
52 1476   0.00726766 0.00451183 692.658
52 1477   0.00658123 0.00452543 693.51
52 1478   0.00660968 0.00592922 693.677
52 1479   0.0061882 0.0054152 694.491
52 1480   0.00804625 0.00558532 693.32
52 1481   0.00741911 0.00518388 693.019
52 1482   0.00715416 0.00571151 693.302
52 1483   0.00769739 0.00667183 693.429
52 1484   0.00747573 0.00620296 693.261
52 1485   0.0080246 0.00608357 694.018
52 1486   0.00876262 0.00648339 697.058
52 1487   0.0081489 0.00671466 694.914
52 1488   0.00834363 0.00639022 695.102
52 1489   0.0085166 0.00712248 698.444
52 1490   0.00841026 0.00689874 696.708
52 1491   0.00871842 0.00675749 698.307
52 1492   0.00914802 0.00697212 703.268
52 1493   0.00877253 0.00708261 700.989
52 1494   0.00887698 0.00687984 700.222
52 1495   0.00921402 0.00741355 714.487
52 1496   0.00893463 0.00718469 704.252
52 1497   0.0091525 0.00716511 706.249
52 1498   0.00893928 0.00735961 707.323
52 1499   0.00905303 0.00750667 715.747
52 1500   0.00902593 0.00780183 749.68
52 1501   0.00900369 0.00767287 726.468
52 1502   0.00896373 0.00784649 756.725
52 1503   0.0089618 0.00789945 782.334
52 1507   0.00865511 0.0074899 701.632
52 1508   0.00883306 0.00745228 706.54
52 1509   0.00850832 0.00776569 696.343
52 1510   0.00859728 0.00762835 700.184
52 1511   0.0087238 0.00768298 704.729
52 1512   0.00860969 0.00791988 695.47
52 1513   0.00858429 0.0078353 696.993
52 1514   0.00867596 0.00778085 702.069
52 1515   0.00874896 0.00793918 702.594
52 1516   0.00872029 0.0078368 703.706
52 1517   0.00868244 0.00789407 699.704
52 1518   0.00879479 0.00791195 708.144
52 1519   0.00877883 0.00785186 708.117
52 1520   0.00886682 0.00796017 722.42
52 1521   0.00883674 0.00792897 715.032
52 1522   0.00881278 0.00766418 709.664
52 1523   0.00892109 0.00764547 717.172
52 1524   0.00886422 0.00757193 710.201
52 1525   0.00891712 0.0078051 733.307
52 1526   0.00884257 0.00774238 714.545
52 1527   0.00889673 0.00773303 721.481
52 1528   0.00888049 0.00782714 727.087
52 1529   0.00883438 0.00780119 715.561
52 1530   0.00881529 0.00783591 713.075
52 1531   0.00887369 0.00786098 728.107
52 1532   0.00883556 0.00786508 716.818
52 1533   0.00884105 0.00789804 717.877
52 1534   0.00892268 0.00789853 758.987
52 1535   0.00889073 0.00788409 736.882
52 1536   0.00886764 0.00790379 727.569
52 1537   0.00891288 0.00792111 759.279
52 1538   0.00888367 0.00792315 736.166
52 1539   0.00888717 0.0079486 737.46
52 1540   0.00894549 0.00795049 820.666
52 1541   0.00892346 0.00793774 776.226
52 1542   0.00890929 0.00795538 761.436
52 1543   0.00893127 0.00796917 802.508
52 1544   0.00895155 0.00796919 877.928
52 1546   0.0089817 0.00792249 808.695
52 1547   0.00896636 0.00794705 846.109
52 1553   0.00783987 -0.0055998 686.393
52 1554   0.00802364 -0.00610163 684.007
52 1555   0.00656524 -0.00381846 691.615
52 1556   0.00700785 -0.00454716 690.538
52 1557   0.0074492 -0.00316457 689.542
52 1558   0.00875152 -0.00374296 687.158
52 1559   0.00799911 -0.00356598 688.403
52 1560   0.0077845 -0.00422056 688.557
52 1561   0.00880246 -0.00430387 686.991
52 1562   0.00827136 -0.00449123 687.493
52 1563   0.00963832 -0.00492375 686.808
52 1564   0.00955527 -0.00538498 686.945
52 1565   0.00918473 -0.00467442 686.59
52 1566   0.00919294 -0.00531943 686.329
52 1567   0.00901043 -0.00495188 686.511
52 1568   0.00834718 -0.00525321 686.375
52 1569   0.00852085 -0.00490862 686.796
52 1570   0.00844412 -0.00592734 684.044
52 1571   0.00897333 -0.00553857 685.694
52 1572   0.00861716 -0.00551561 685.495
52 1573   0.00897024 -0.00585314 684.859
52 1574   0.00887344 -0.00636563 682.282
52 1575   0.00870595 -0.00608109 683.442
52 1576   0.0095215 -0.00594091 687.033
52 1577   0.00964719 -0.00615296 687.913
52 1578   0.00921117 -0.00597064 685.303
52 1579   0.00945734 -0.00624144 686.314
52 1580   0.00916385 -0.00632723 683.697
52 1581   0.0092373 -0.00616018 684.896
52 1582   0.00939774 -0.00657574 684.706
52 1583   0.00945204 -0.00637797 686.051
52 1584   0.00931574 -0.00643899 684.344
52 1585   0.00966499 -0.00651674 689.294
52 1586   0.00954282 -0.0064576 687.077
52 1587   0.00952524 -0.00657184 686.693
52 1588   0.00965752 -0.00672956 690.961
52 1589   0.00968321 -0.0066187 690.472
52 1590   0.00961161 -0.00664329 688.766
52 1591   0.0097968 -0.00671477 695.058
52 1592   0.00973757 -0.0066781 692.596
52 1593   0.00972066 -0.00673184 693.177
52 1594   0.00981695 -0.00681897 700.037
52 1595   0.00980006 -0.00676612 696.903
52 1596   0.00975973 -0.00677089 695.828
52 1597   0.00976945 -0.00686987 702.288
52 1598   0.00974411 -0.00684389 698.776
52 1599   0.00978928 -0.00683674 700.392
52 1600   0.00976395 -0.00681075 697.757
52 1601   0.00977663 -0.0068941 705.39
52 1605   0.00973076 -0.00691918 705.06
52 1606   0.00977269 -0.00692544 711.528
52 1607   0.00975865 -0.00690773 706.49
52 1608   0.00975479 -0.00696254 732.668
52 1609   0.009756 -0.00693679 713.563
52 1610   0.0097336 -0.006937 708.695
52 1611   0.00971018 -0.00697318 707.338
52 1612   0.00973946 -0.00697109 727.99
52 1613   0.00972529 -0.00695441 711.069
52 1616   0.00974056 -0.00699877 765.213
52 1617   0.00971534 -0.00699138 710.555
52 1618   0.00973342 -0.00698939 730.964
16 252   -0.0449783 0.00325645 827.288
16 253   -0.0451575 -0.00292573 827.131
16 254   0.0018993 -0.0234139 693.887
16 255   -0.0477788 -0.0217785 713.519
16 256   -0.0398001 -0.0323018 696.803
16 257   -0.0322476 0.0320583 737.754
16 258   -0.0411398 -0.00645115 837.841
16 259   -0.00184108 0.0289156 690.191
16 260   -0.0435002 -0.0296603 688.694
16 261   0.00533754 -0.0211744 695.101
16 262   -0.0497153 -0.0177534 740.665
16 263   -0.0384823 -0.00714345 849.011
16 264   0.0043405 -0.0171417 712.342
16 265   -0.000855067 -0.0153277 712.314
16 266   0.0041152 0.0174655 714.557
16 267   0.00650538 0.01603 732.692
16 268   0.0011335 -0.0150279 710.169
16 269   -0.00501022 -0.0133658 763.9
16 270   0.005323 0.0137458 758.735
16 271   0.00239628 0.0160248 718.341
16 272   0.00263646 -0.0157095 715.047
16 273   0.00360407 0.0138533 732.006
16 274   0.00361653 -0.0135491 724.085
16 436   0.00650296 -0.0157853 726.334
16 437   -0.00572642 -0.0119611 794.648
16 438   -0.00690881 -0.0118574 867.349
16 439   -0.00503811 0.0129736 749.619
16 440   -0.0062205 0.0140207 796.533
16 441   -0.00572642 0.0117626 775.034
16 443   0.00650296 -0.0136501 761.016
16 444   0.00690881 -0.0110215 859.928
16 445   0.00472938 -0.0124442 756.847
16 446   0.00591177 -0.0125364 782.589
16 447   0.00690881 0.0123003 837.608
16 448   0.00572642 0.0122847 800.331
16 449   -0.0443197 -0.0225104 734.031
16 450   -0.0429712 -0.0254782 712.974
16 463   -0.00661321 -0.0109805 875.943
16 468   -0.0497796 0.0184202 734.096
16 469   -0.0473152 0.0259432 691.271
16 470   -0.0511398 0.0239922 693.777
16 471   -0.0484193 0.0211706 715.758
16 472   -0.0440426 0.0244677 713.005
16 473   -0.0451468 0.0217756 730.86
16 486   -0.0355416 0.0307407 725.326
16 487   -0.0410148 0.0310475 694.443
16 488   -0.0392029 0.0336825 696.719
16 489   -0.0359702 0.0279524 745.353
16 490   -0.0387368 0.0282591 719.853
16 498   -0.0139228 -0.0319885 734.699
16 501   -0.0101092 -0.0304828 722.353
16 502   -0.00738919 -0.0334943 702.488
16 503   -0.00877783 -0.0273536 732.973
16 504   -0.00584859 -0.0271181 714.013
16 505   0.00416502 0.0198964 703.005
16 506   0.0046656 0.0253198 683.073
16 507   -0.000333462 0.0247276 696.725
16 508   0.00202513 0.0211379 701.548
16 509   0.00252571 0.0238466 691.174
16 510   -0.00154094 0.0231648 708.782
16 511   -0.000127144 0.0208731 710.551
16 512   -0.00168193 -0.0209229 722.482
16 513   -0.0019363 -0.017551 731.859
16 516   -0.0345724 -0.0210258 901.389
16 517   -0.0329403 -0.0230775 855.394
16 525   -0.00497072 0.030124 699.206
16 526   -0.00740126 0.0333747 703.029
16 527   -0.0101691 0.0303631 723.466
16 528   -0.0064329 0.0269929 719.784
16 529   -0.00904431 0.027232 736.365
16 537   -0.00619261 -0.0149288 818.634
16 556   -0.00185142 -0.0132742 701.22
16 557   -0.00316903 -0.0130604 706.232
16 563   -0.0147214 -0.0219885 801.945
16 611   -0.0471585 0.016138 771.372
16 612   -0.0473572 0.0130557 791.669
16 613   -0.0423572 0.0130557 843.179
16 614   -0.0386398 0.0173365 905.186
16 615   -0.0432983 0.0168078 827.165
16 616   -0.0410187 0.0154682 868.151
16 622   -0.0505635 -0.0249876 689.876
16 656   0.00143988 0.0130228 711.098
16 657   0.0027575 0.012809 716.797
16 663   0.000945804 0.0160662 714.878
16 664   0.000835983 0.0141085 710.416
16 665   -0.00319692 0.0128666 702.538
16 666   -0.000603897 0.0133719 699.762
16 667   -0.0018244 0.0140593 708.293
16 673   0.00277238 -0.0127606 710.778
16 674   0.00145476 -0.0129744 707.391
16 675   -0.0243325 0.0325 754.799
16 676   -0.0289198 0.0295583 761.769
16 677   -0.0265203 0.0225 811.272
16 678   -0.0298333 0.0245583 813.078
16 679   -0.0223568 0.0247442 785.301
16 680   -0.0210826 0.0297442 761.449
16 681   -0.0148709 0.0242326 787.41
16 682   -0.0162815 0.0322442 742.793
16 683   -0.0138754 0.0292326 745.45
16 685   -0.0199841 0.0222442 792.463
16 686   -0.0171184 0.0222442 793.639
16 801   -0.00690881 0.0107264 876.079
16 802   -0.00690881 0.0115598 846.207
16 804   0.0072044 0.0104724 933.225
16 806   0.00661321 0.0110997 878.161
16 807   0.0072044 0.0111074 900.573
16 830   -0.0072044 -0.0109287 907.461
16 835   -0.0073522 -0.0103354 952.704
16 836   -0.00705661 -0.0104903 918.765
16 837   -0.0370464 -0.0219477 922.457
16 838   -0.0402702 -0.0240415 785.032
16 863   -0.0411626 0.0249992 739.129
16 864   -0.0392272 0.0261919 743.265
16 871   -0.00139604 0.0194566 725.893
16 872   -0.000744055 0.0173319 721.667
16 873   -0.00207438 0.0160616 727.911
16 874   -0.00590879 0.0177288 851.72
16 875   -0.00462929 0.0159161 772.927
16 876   -0.0400734 0.0190142 908.288
16 877   -0.042353 0.0186871 845.168
16 878   -0.0429407 0.0207029 789.447
16 879   -0.0396934 0.0216263 890.62
16 880   -0.0414209 0.0226453 798.22
16 886   -0.051035 0.0324945 670.065
16 889   -0.0472104 0.0298595 678.716
16 890   -0.0442804 0.032365 680.521
16 891   -0.00506024 -0.0245004 734.661
16 892   -0.00530035 -0.0205998 859.904
16 893   -0.0037386 -0.0223529 746.947
16 908   -0.0461685 -0.0323585 675.406
16 911   -0.051035 -0.032543 669.97
16 912   -0.0490985 -0.0299015 675.441
16 993   0.000139137 0.0321663 679.579
16 996   0.00567625 0.0322852 670.058
16 997   0.00378665 0.0294515 675.376
16 998   0.00223803 -0.0275744 681.494
16 999   -0.00297865 -0.0321014 688.178
16 1000   -0.00276944 -0.0288545 692.973
16 1003   0.00385255 -0.0336071 671.39
16 1004   0.000205093 -0.0336071 678.283
16 1005   0.0065552 0.0240814 685.034
16 1006   0.0065552 0.0213667 694.923
16 1030   -0.0501575 -0.005425 814.786
16 1033   -0.048544 -0.0149631 771.846
16 1034   -0.0489863 -0.00938742 804.459
16 1035   -0.0513288 -0.0114625 788.626
16 1036   -0.0435761 -0.0109132 828.533
16 1037   -0.0464226 -0.0113502 805.925
16 1038   -0.0459804 -0.0144259 793.728
16 1039   -0.0421368 -0.0127197 842.935
16 1040   -0.0433698 -0.0151949 827.271
16 1041   -0.0397004 -0.0118741 859.31
16 1042   -0.0387182 -0.0133486 872.103
16 1043   -0.0423639 -0.0198189 826.631
16 1044   -0.0420411 -0.0170657 853.894
16 1045   -0.0389701 -0.0205889 931.46
16 1046   -0.0405111 -0.0214068 873.297
16 1047   -0.0386076 -0.0180003 914.609
16 1048   -0.0398258 -0.0160651 886.219
16 1049   -0.00380303 0.0232275 734.765
16 1050   -0.00581564 0.0244929 748.112
16 1051   -0.00340785 0.0208736 762.231
16 1052   -0.00531077 0.0202701 863.977
16 1073   -0.0117567 -0.0229828 811.424
16 1074   -0.00945411 -0.0248536 778.825
16 1075   -0.00740287 -0.0218708 888.936
16 1076   -0.00730574 -0.0237416 799.758
16 1077   -0.00928646 -0.0209943 891.047
16 1078   -0.0114919 -0.0209943 846.753
16 1104   -0.0345933 0.0210291 900.095
16 1105   -0.0330021 0.0230874 856.329
16 1106   -0.0349052 0.025299 811.152
16 1107   -0.0374641 0.0226444 900.288
16 1108   -0.0372562 0.024856 812.079
16 1166   0.00567627 -0.0294285 672.745
16 1167   0.00567627 -0.0322142 669.827
16 1205   -0.0243293 -0.0325 754.27
16 1206   -0.0222732 -0.0225 795.05
16 1207   -0.0297896 -0.0245517 812.52
16 1208   -0.0265132 -0.0225 811.344
16 1209   -0.0185492 -0.0244885 783.551
16 1210   -0.0187218 -0.0294885 757.396
16 1218   -0.0118531 0.0229826 811.301
16 1219   -0.00973277 0.0248515 781.876
16 1220   -0.00760968 0.0218689 893.006
16 1221   -0.00771936 0.0237378 808.797
16 1297   -0.00679061 -0.0181355 891.852
16 1298   -0.00537184 -0.0190095 875.19
16 1299   -0.00548322 -0.0165166 822.269
16 1300   -0.00406445 -0.0173907 781.959
16 1316   -0.00932272 0.0209942 890.003
16 1317   -0.0115528 0.0209942 844.609
16 1360   -0.0499783 0.00575718 814.483
16 1361   -0.0499783 0.0107572 795.687
16 1426   -0.0315098 -0.0335258 734.214
16 1427   -0.0281797 -0.0310258 754.52
16 1428   -0.0295726 -0.0280775 769.975
16 1429   -0.0365957 -0.0308276 716.025
16 1430   -0.0324049 -0.0291033 753.707
16 1431   -0.0334004 -0.0320517 729.401
16 1432   -0.0346691 -0.0252542 813.852
16 1433   -0.0368496 -0.0280043 737.816
16 1434   -0.0343508 -0.0277542 760.228
16 1435   -0.0383465 -0.0254004 780.267
16 1436   -0.0366637 -0.0241244 853.005
16 1437   -0.0399783 0.0107569 852.814
16 1438   -0.0399783 0.00575612 840.885
end
