1288
16 1   -0.0449782 0.00325278 936.463
16 2   -0.0451576 -0.0029295 936.496
16 3   -0.04114 -0.00645553 934.728
16 4   -0.0384824 -0.00714742 931.313
16 5   0.0039437 0.0183728 968.861
16 6   0.00545114 -0.0177032 953.409
16 7   0.0035128 -0.0192607 956.843
16 8   0.00681617 -0.0225329 911.569
16 9   0.00681617 -0.0190136 943.582
16 10   0.00506567 -0.0158337 958.085
16 11   -0.00234199 -0.0152309 949.196
16 12   0.001788 -0.0159423 968.942
16 13   -0.0068113 0.0147084 968.784
16 14   0.00687337 -0.0141124 946.125
16 15   0.00580407 -0.0146636 953.958
16 16   0.00331331 -0.0154568 965.617
16 17   -0.00444726 0.0152331 968.17
16 18   -0.00116855 -0.0144352 964.629
16 19   0.0031683 -0.0142259 966.91
16 20   -0.00432537 0.0140097 969.427
16 21   -0.0061616 0.0136785 963.524
16 22   -0.00163571 -0.0131694 964.796
16 23   0.00625871 -0.0128372 936.305
16 24   0.0047316 -0.0137081 958.399
16 25   0.00384819 -0.0136472 964.035
16 26   -0.00505601 0.0135604 967.009
16 27   -0.00660292 0.0124238 935.434
16 28   -0.00629851 0.012927 952.24
16 29   0.0053432 -0.0126371 950.218
16 30   0.00488539 -0.0129568 957.214
16 31   -0.00486432 0.0128108 964.533
16 32   0.00678969 -0.0111475 888.235
16 33   -0.00541812 0.012538 956.621
16 34   -0.00597066 0.0117713 917.061
16 35   0.0058734 -0.0116853 911.459
16 36   -0.00527787 0.0120674 955.732
16 37   -0.00596235 0.0113142 891.283
16 38   0.00509082 -0.0120625 956.89
16 39   0.00591122 -0.0112802 888.282
16 40   -0.005526 0.0118038 939.409
16 41   0.0054606 -0.0116829 932.941
16 42   0.0052247 -0.0118014 953.35
16 43   -0.00526903 0.0114771 948.275
16 44   0.00558273 -0.0111332 890.604
16 45   0.00529689 -0.0113834 937.147
16 46   0.0049419 -0.0115644 968.172
16 47   -0.00532454 0.0112975 932.89
16 48   0.0053812 -0.0112388 916.859
16 49   0.00459848 -0.0116438 964.481
16 50   0.00475141 -0.0115637 963.966
16 51   -0.00503224 0.0114435 967.045
16 52   0.00510186 -0.011357 959.236
16 53   0.00498276 -0.0114194 967.794
16 273   -0.00661321 -0.0110474 783.253
16 282   -0.0511395 0.023992 919.339
16 290   -0.0087548 0.0271802 963.46
16 292   -0.0329241 -0.0230772 917.651
16 295   -0.00398095 0.0221536 907.144
16 296   -0.00549205 0.0240676 917.547
16 304   -0.0017988 0.0147042 967.471
16 326   -0.0501576 -0.00542601 939.556
16 328   -0.0489864 -0.00938863 944.917
16 329   -0.0513288 -0.011463 952.981
16 330   -0.0435764 -0.0109152 936.309
16 331   -0.0464228 -0.0113518 944.625
16 332   -0.042137 -0.0127211 929.593
16 333   -0.0433698 -0.0151957 931.216
16 334   -0.0397006 -0.0118754 924.01
16 335   -0.0387182 -0.0133492 913.447
16 336   0.00270364 -0.0124865 969.083
16 339   -0.0242868 -0.0325 963.965
16 340   -0.0297574 -0.0245515 945.094
16 341   -0.0264552 -0.0225 950.251
16 342   -0.0314954 -0.0335257 968.939
16 343   -0.0281465 -0.0310257 964.255
16 344   -0.029538 -0.0280772 959.251
16 345   -0.0323859 -0.029103 963.45
16 346   -0.0333879 -0.0320515 969.227
16 347   -0.00340331 0.013613 969.569
16 348   -0.00245489 0.0139051 968.64
16 351   -0.00347495 0.0129768 969.115
16 352   -0.00306876 0.0126265 969.441
16 353   -0.00437002 0.0125972 966.182
16 354   -0.00394172 0.0126929 966.979
16 355   -0.00414224 0.0121269 962.5
16 356   -0.00444424 0.0122599 965.776
16 358   -0.00420304 0.0118731 964.161
16 373   -0.0042288 0.0186667 910.987
16 374   -0.00454782 0.020526 850.827
16 375   -0.00715471 0.0122441 929.767
16 380   -0.0242278 0.0325 963.61
16 381   -0.0263155 0.0225 950.295
16 382   -0.0297163 0.024558 944.973
16 500   -0.00489748 0.0119509 966.136
16 501   -0.00465604 0.0120725 967.178
16 502   -0.00450062 0.0117171 968.47
16 503   -0.00445323 0.0118876 968.984
16 504   -0.00468319 0.0116943 968.72
16 505   -0.00494038 0.0115645 968.837
16 506   -0.00487724 0.0117431 968.323
16 508   -0.00468885 0.0115457 959.413
16 509   -0.0048038 0.0114855 963.275
16 523   -0.0411455 0.0249986 954.015
16 524   -0.0391968 0.0261912 954.965
16 564   -0.00441965 -0.0206326 837.314
16 565   0.00690881 0.010574 715.3
16 566   -0.0072044 -0.011029 752.379
16 567   -0.00705661 -0.0105237 686.609
16 568   -0.0429357 0.0207024 920.376
16 586   -0.00695492 -0.0149862 882.572
16 587   -0.00531968 -0.0162035 890.708
16 588   -0.00640984 -0.0164759 871.086
16 589   -0.00371458 -0.014708 930.091
16 590   -0.00494672 -0.0140494 910.166
16 591   -0.00483197 -0.0150334 910.442
16 592   -0.00417286 -0.0135977 925.346
16 593   -0.00348581 -0.0138505 936.89
16 594   -0.00238064 -0.0129364 954.509
16 595   -0.00299992 -0.0133137 945.787
16 598   -0.00266822 -0.0123412 942.311
16 599   -0.00229266 -0.0124022 953.462
16 607   0.001748 -0.0138965 969.59
16 608   0.00240104 -0.0138331 969.284
16 609   0.00235665 -0.0129467 969.581
16 610   0.00146034 -0.0132516 968.544
16 611   0.00182667 -0.0128095 967.684
16 612   0.00164313 -0.0124353 959.239
16 619   0.00715852 -0.0108631 896.542
16 620   0.00698778 -0.0104964 881.859
16 621   0.0029012 0.0133269 943.752
16 622   0.00323593 0.0129621 934.916
16 623   0.00591709 0.0113639 818.19
16 624   0.00670534 0.0114793 800.206
16 625   0.00550375 0.0123914 878.298
16 626   0.00551656 0.0118441 851.509
16 627   0.00491256 0.012437 895.929
16 628   0.00390906 0.015278 961.921
16 629   0.00317162 0.0139888 951.277
16 630   0.00484758 0.0137757 935.751
16 631   0.00385532 0.0140414 947.888
16 632   0.00430258 0.0144414 951.432
16 633   0.00467613 0.0127843 914.336
16 634   0.00417029 0.0134495 936.174
16 635   0.00463035 0.0133021 927.877
16 636   0.0041368 0.0122496 922.934
16 637   0.0042881 0.0126641 921.191
16 640   -0.00107907 -0.0127113 969.411
16 643   -0.0112553 0.0229306 923.32
16 644   -0.00943851 0.0246802 926.327
16 645   -0.00681448 0.023397 862.933
16 646   -0.00812997 0.0236012 881.605
16 647   -0.00574047 0.0210768 767.072
16 648   -0.00649603 0.0220338 777.358
16 650   -0.0064211 -0.0116804 820.898
16 651   -0.00646721 -0.0135247 878.375
16 652   -0.0054918 -0.0133523 894.797
16 653   -0.00553431 -0.0115623 846.28
16 687   -0.042363 -0.0198191 895.903
16 688   -0.042041 -0.0170662 905.209
16 689   0.00525513 0.0155699 962.814
16 690   0.00606899 0.0168719 969.201
16 691   0.00547814 0.013735 929.077
16 692   0.0062792 0.0146926 948.367
16 693   0.00669254 0.0130375 888.412
16 694   0.00589148 0.0129717 896.698
16 696   0.00709307 0.014657 944.477
16 697   0.00709307 0.0137652 917.278
16 707   -0.00333243 0.0121674 967.433
16 712   0.00363647 -0.012973 964.927
16 713   0.00321937 -0.0126154 966.588
16 715   0.00339344 -0.0121619 963.551
16 716   -0.0329384 0.023087 917.556
16 717   -0.0348485 0.0252983 926.861
16 732   -0.000529529 0.0192494 965.499
16 733   0.00151447 0.0182248 969.549
16 734   0.00155769 0.0168303 968.496
16 735   0.000255551 0.0165905 967.341
16 736   0.00264085 0.0157946 966.308
16 737   0.00235067 0.0149055 962.095
16 738   0.00146956 0.0148593 963.943
16 739   0.000457606 0.0155086 966.289
16 740   0.00144105 0.0138791 960.514
16 741   0.00205173 0.0132634 950.43
16 742   0.00193172 0.0127347 942.311
16 744   0.00137762 0.0125505 949.766
16 764   -0.0358372 -0.0321766 967.829
16 772   0.0053747 0.0204191 956.537
16 778   -0.0220848 0.0247269 957.432
16 779   -0.0209062 0.0297269 962.701
16 780   -0.0142397 0.0241806 949.46
16 781   -0.01633 0.0222269 951.785
16 782   -0.0195079 0.0222269 955.765
16 789   -0.00548603 0.0112129 908.513
16 790   -0.00566036 0.0111215 884.167
16 817   -0.0209795 -0.0297246 963.127
16 818   -0.0222327 -0.0247246 957.63
16 819   -0.0197219 -0.0222246 956.129
16 941   -0.0408817 -0.0207794 833.01
16 942   0.00709947 0.0120501 826.775
16 943   0.00709947 0.0125479 857.705
16 948   0.00730294 0.0104995 611.967
16 949   0.00740147 0.0101837 261.568
16 950   0.0072044 0.010287 504.267
16 960   -0.00700814 0.0172369 919.763
16 961   -0.00526194 0.0179707 905.361
16 962   -0.00631945 0.0160399 959.994
16 963   -0.00533574 0.0162217 958.289
16 964   -0.00711875 0.0190075 768.786
16 965   -0.0058644 0.0186991 844.537
16 966   -0.0066269 0.0181471 863.666
16 967   0.00077418 -0.0151981 969.426
16 968   0.00120571 -0.0143516 969.559
16 969   -0.000209866 -0.0147739 968.334
16 970   -6.49906e-05 -0.0139373 969.237
16 971   0.000508327 -0.0139173 969.235
16 972   0.00054057 -0.0133142 969.092
16 973   0.000281658 -0.0126274 968.362
16 974   0.000538186 -0.0125858 954.528
16 978   0.00493177 0.0116159 853.341
16 980   0.0047283 0.0119929 877.991
16 988   0.000798652 0.0138306 964.388
16 989   0.000913512 0.0127629 961.716
16 990   0.000720524 0.0131896 964.987
16 992   0.000688809 0.0125253 964.206
16 993   0.000359405 0.0125787 968.636
16 995   -0.000635491 -0.0129765 969.537
16 996   -0.000304341 -0.0133601 969.629
16 997   3.51936e-05 -0.0128222 968.192
16 998   8.54524e-05 -0.0131602 969.612
16 1000   -0.000539537 -0.0126056 968.168
16 1001   -0.000258645 -0.0126512 962.42
16 1002   -0.00735997 0.0103587 923.15
16 1003   -0.00707992 0.0105055 886.142
16 1013   -0.00519441 -0.0119814 875.347
16 1014   -0.00510578 -0.0125099 893.612
16 1016   -0.00464753 -0.0117356 886.487
16 1045   -0.0108552 0.0209769 891.816
16 1065   -0.0335058 -0.0210257 886.088
16 1066   -0.0352121 -0.0215386 840.631
16 1067   -0.00846926 0.0223401 831.045
16 1068   -0.00937767 0.0214653 845.181
16 1083   -0.0334897 0.021029 886.308
16 1087   -0.0386395 0.016503 866.145
16 1089   -0.0392092 0.0176712 836.002
16 1092   -0.00695492 -0.017696 830.799
16 1095   -0.00392809 0.0121748 959.906
16 1096   -0.00380178 0.0124034 965.473
16 1097   -0.00359868 0.0122282 965.291
16 1099   -0.00380734 0.0119862 952.694
16 1100   -0.00364264 0.0120129 961.924
16 1115   -0.0438946 -0.0209984 949.182
16 1124   0.00404825 -0.0126847 962.668
16 1125   0.00441376 -0.0126076 962.285
16 1126   0.00441191 -0.0122607 964.532
16 1127   0.00449628 -0.0118145 969.399
16 1128   0.00463116 -0.0120352 966.881
16 1130   0.00412691 -0.0118844 965.738
16 1131   0.00425891 -0.0118153 969.218
16 1148   -0.0511395 0.0177503 968.853
16 1149   -0.0314856 0.033529 968.873
16 1150   -0.0280948 0.031029 963.971
16 1151   -0.0295197 0.028087 959.003
16 1171   -0.00137473 0.0266343 946.966
16 1177   -0.0511076 -0.0172531 969.183
16 1178   -0.0499364 -0.0144632 962.9
16 1179   -0.045962 -0.0190142 963.916
16 1180   -0.0473728 -0.0139265 954.085
16 1181   -0.0457592 -0.0159644 951.546
16 1183   0.00568723 -0.0293369 727.149
16 1214   0.00713117 -0.0116822 909.894
16 1215   0.00688535 -0.0123921 924.047
16 1216   0.00651652 -0.0119333 913.623
16 1245   -0.0492247 0.0260077 900.448
16 1249   -0.0499782 0.00575628 939.706
16 1253   -0.00701229 -0.0128276 855.042
16 1254   -0.00701229 -0.0122448 832.305
16 1296   -0.034653 -0.0252538 927.219
16 1297   -0.0343342 -0.0277538 958.479
16 1298   -0.0157537 -0.0211123 949.773
16 1299   -0.0174681 -0.0233369 955.842
16 1300   -0.0152749 -0.0252861 956.759
16 1301   -0.0120487 -0.0209746 919.466
16 1302   -0.0138794 -0.0220869 942.331
16 1303   -0.0132417 -0.0240361 946.631
16 1348   -0.0174044 -0.0308369 966.183
16 1349   -0.0149582 -0.0336123 969.168
16 1350   -0.014909 -0.0277861 963.374
16 1351   -0.0124505 -0.0291049 967.635
16 1352   -0.0123563 -0.0321557 969.499
16 1353   -0.0106506 -0.0282045 967.185
16 1354   -0.0093087 -0.0297299 969.182
16 1355   -0.00857285 -0.0263046 955.861
16 1356   -0.010029 -0.0265084 957.647
16 1357   -0.0115423 -0.0243347 940.599
16 1358   -0.0104954 -0.0252074 943.919
16 1359   -0.0111225 -0.0218982 906.49
16 1360   -0.0100388 -0.0232073 903.161
16 1361   -0.0112537 -0.0233092 925.666
16 1362   -0.00962754 -0.0222327 869.178
16 1363   -0.0101877 -0.02136 874.988
16 1364   -0.00395499 -0.0129821 932.164
16 1365   -0.00341172 -0.0129373 940.873
16 1366   -0.0399466 -0.0296034 959.668
16 1367   -0.0445721 -0.0336508 824.472
16 1368   -0.043995 -0.0283394 930.005
16 1369   -0.041797 -0.0282826 956.755
16 1381   -0.00860945 0.0334769 961.293
16 1403   -0.00601333 -0.0334746 938.669
16 1406   -0.00859064 -0.032018 962.857
16 1407   -0.00983835 -0.0335434 965.124
16 1418   -0.0399782 0.0057512 933.759
16 1459   0.00381168 -0.0276481 838.405
16 1460   0.00300228 -0.0221608 940.779
16 1461   0.00494062 -0.0241225 902.26
16 1484   -0.0378392 0.0336824 955.811
16 1680   -0.0417067 0.0219428 893.277
16 1681   -0.041025 0.023547 907.788
16 1682   -0.0396755 0.0233357 854.814
16 1683   -0.0404054 0.0199216 805.52
16 1684   -0.0398287 0.0221299 792.948
16 1685   -0.0408856 0.0213333 842.25
16 1686   -0.0387788 0.0212167 626.474
16 1687   -0.0389734 0.0199107 676.408
16 1688   -0.00639303 -0.0204804 577.688
16 1689   -0.00559154 -0.0212511 767.063
16 1690   -0.00607075 -0.0220266 784.093
16 1691   -0.00599946 0.0195736 782.734
16 1692   -0.00604836 0.0203182 720.215
16 1693   -0.00676196 0.0196558 661.661
16 1694   -0.00681086 0.0204004 479.402
16 1699   -0.0073522 -0.0105145 606.431
16 1704   -0.0072783 -0.0102618 445.816
16 1705   -0.0074261 -0.0101844 238.268
16 1706   -0.0387741 -0.0216772 722.151
16 1707   -0.038414 -0.0207554 514.773
16 1708   -0.0376303 -0.0218956 745.755
16 1709   -0.0372701 -0.0209738 609.791
16 1721   0.00732926 -0.0104315 918.623
16 1723   -0.00782193 0.0209258 666.921
16 1724   -0.00716419 0.0208237 521.834
16 1725   -0.00781499 0.0218006 779.389
16 1726   -0.00715724 0.0216985 741.08
16 1729   0.00724389 -0.0102482 922.059
16 1730   0.00741463 -0.0101588 960.227
16 1751   -0.0007657 0.0146675 966.427
16 1752   -4.68903e-05 0.0149318 966.083
16 1753   0.000322674 0.014234 965.707
16 1754   -0.000687333 0.014024 966.466
16 1755   -0.000104939 0.0139152 966.538
16 1756   -0.00199944 0.0133545 967.409
16 1757   -0.00176223 0.0124222 954.314
16 1758   -0.00231124 0.0123331 966.994
16 1759   -0.00254167 0.0127121 968.966
16 1760   -0.00098845 0.0136241 966.025
16 1761   -0.00149789 0.0132968 964.836
16 1762   -0.00149112 0.0127434 956.889
16 1763   -0.0011563 0.0125896 942.229
16 1764   -0.000729664 0.013338 965.82
16 1765   -0.000904287 0.0128569 958.254
16 1766   -0.000736198 0.0126069 948.472
16 1767   0.000198458 0.0127562 969.364
16 1768   0.000334874 0.0131294 968.18
16 1769   -1.46102e-05 0.0134516 967.716
16 1770   -0.000338218 0.0132744 967.929
16 1771   -0.00050039 0.0127584 967.122
16 1772   -8.98406e-05 0.0127487 968.737
16 1773   -0.000277032 0.0129447 969.27
16 1774   -0.000423 0.0125446 967.426
16 1775   -0.000203397 0.0125802 964.677
16 1789   0.00424204 0.0119773 895.906
16 1790   0.00443911 0.0118741 875.408
16 1810   -0.0404349 -0.0163478 887.639
16 1811   -0.0393273 -0.0150141 899.296
16 1812   -0.0381091 -0.0161158 873.103
16 1813   -0.0380538 -0.0185835 769.18
16 1814   -0.0397705 -0.0176997 847.327
16 1815   -0.0386629 -0.0171993 841.904
16 1816   -0.0398953 -0.0193784 793.032
16 1817   -0.0387877 -0.0197113 668.878
16 1889   -0.04912 0.0311768 729.894
16 1890   -0.0505852 0.0286713 787.677
16 1898   -0.0517674 0.0337472 672.459
16 1899   -0.0503022 0.0337472 677.459
16 1953   -0.00418304 -0.0126618 930.344
16 1954   -0.00450261 -0.0125211 919.239
16 1955   -0.00441528 -0.0121987 921.119
16 1956   -0.00447158 -0.0119416 906.35
16 1958   -0.00429419 -0.0117935 903.298
16 1959   -0.0041464 -0.0118709 926.557
16 1965   -0.0374706 0.021322 653.581
16 1966   -0.0352192 0.0215435 840.394
16 1980   0.00365131 -0.0122264 960.946
16 1981   0.00388902 -0.0123916 961.988
16 1982   0.00401159 -0.0120333 959.076
16 1983   0.00409571 -0.0122234 962.437
16 1985   0.00382674 -0.0119853 947.844
16 1986   0.00367315 -0.0120102 956.983
16 2002   0.00296808 -0.0328763 710.202
16 2003   0.00659362 -0.0328763 675.113
16 2004   0.00478085 -0.0314605 698.762
16 2007   0.00568723 -0.0342921 674.847
16 2008   0.00387446 -0.0342921 690.077
16 2009   -0.00792595 -0.0221308 802.619
16 2010   -0.00881345 -0.0217454 821.033
16 2011   -0.00707892 -0.0216921 730.649
16 2012   -0.00727299 -0.0208704 558.603
16 2024   -0.0498306 -0.028673 800.314
16 2025   -0.0503023 -0.0337715 677.443
16 2026   -0.0467698 -0.0324224 759.803
16 2027   -0.0462981 -0.0297808 860.204
16 2030   -0.0517674 -0.032543 680.47
16 2031   -0.0517674 -0.030086 716.743
16 2053   -0.0415323 -0.0261916 968.256
16 2054   -0.0395442 -0.0220862 784.712
16 2055   -0.0407243 -0.0219822 842.207
16 2056   -0.0411932 -0.0232476 903.378
16 2057   -0.00594499 -0.0191204 784.089
16 2058   -0.00661827 -0.0185321 794.882
16 2059   -0.00649007 -0.0197985 652.779
16 2060   -0.00716336 -0.0192102 714.401
16 2092   -0.0360917 0.0322881 967.26
16 2093   -0.0334959 0.0321347 969.262
16 2094   -0.0365082 0.0294994 968.783
16 2095   -0.0346248 0.027875 959.616
16 2096   -0.032518 0.0291926 963.704
16 2111   -0.038102 0.0253359 921.331
16 2112   -0.0387012 0.023932 868.385
16 2113   -0.0365425 0.0247498 904.31
16 2114   -0.0363619 0.0230529 847.118
16 2115   -0.0375462 0.0228315 803.365
16 2121   -0.0355029 -0.0205129 809.674
16 2122   -0.036561 -0.0205129 731.879
16 2126   -0.0385908 -0.02609 948.713
16 2127   -0.0401808 -0.0254732 949.452
16 2128   -0.0394231 -0.0234035 852.931
16 2129   -0.0402657 -0.0240414 904.673
16 2130   -0.0362793 -0.0247515 906.053
16 2131   -0.0384593 -0.0240828 873.506
16 2132   -0.0377119 -0.0253376 920.082
16 2133   -0.0362566 -0.0230878 849.418
16 2134   -0.0374367 -0.0229839 816.041
16 2135   0.00477558 0.0336191 685.019
16 2136   0.00477815 0.0280909 804.75
16 2139   0.00659186 0.0322382 680.035
16 2140   0.00659186 0.0294763 717.994
16 2177   0.000796999 -0.013114 967.519
16 2178   0.00110359 -0.0130931 966.312
16 2179   0.00071661 -0.0127443 958.691
16 2180   0.00129813 -0.0125923 952.638
16 2181   0.000921471 -0.012639 948.852
16 2182   0.00112493 -0.0128079 960.231
16 2185   0.000982993 -0.0124415 924.443
16 2186   0.00120636 -0.0124052 934.292
16 2197   -0.0354948 0.0205145 808.914
16 2198   -0.0365619 0.0205145 738.218
16 2241   -0.00394193 -0.0124132 942.88
16 2242   -0.00412986 -0.0122143 940.596
16 2243   -0.00403836 -0.0120347 951.693
16 2245   -0.00382246 -0.0119992 967.81
16 2246   -0.00362995 -0.0120304 962.719
16 2261   -0.0380697 0.0182515 792.872
16 2262   -0.0380697 0.0190848 738.497
16 2292   -0.005345 0.0255973 960.795
16 2293   -0.00374928 0.0267031 966.599
16 2294   -0.00664145 0.0275288 968.286
16 2295   -0.00504573 0.0286346 961.986
16 2388   0.00710587 0.010867 742.266
16 2389   0.00710587 0.0111312 767.195
16 2416   -0.0497789 0.0215408 956.046
16 2417   -0.0497789 0.0194603 966.827
16 2418   -0.0470578 0.0187191 967.241
16 2419   -0.0439811 -0.0232524 966.034
16 2420   -0.0448292 -0.0262768 947.492
16 2421   -0.0455041 -0.024793 955.972
16 2422   -0.0425447 -0.0239659 957.127
16 2423   -0.0429687 -0.0254781 968.147
16 2465   -0.0444628 0.0210697 958.523
16 2466   -0.0477381 0.0215051 964.938
16 2467   -0.0463776 0.0200942 968.139
16 2506   -0.00827613 0.0204884 729.253
16 2507   -0.0091776 0.0204884 813.147
16 2512   -0.00965369 -0.0204363 839.415
16 2513   -0.00888686 -0.0208727 798.668
16 2514   -0.00819343 -0.0204363 728.916
16 2515   0.00446785 0.0224883 937.407
16 2516   0.00477944 0.0260173 884.592
16 2517   0.00659315 0.0246409 896.004
16 2518   4.616e-05 0.0249387 949.993
16 2519   0.00249834 0.0227906 947.641
16 2520   0.00280993 0.0249388 918.794
16 2521   -6.98096e-05 0.0210807 967.659
16 2522   -0.00161514 0.0225405 965.487
16 2536   -0.0515316 -0.0238513 918.716
16 2537   -0.0495948 -0.0261238 895.013
16 2538   -0.047234 -0.0244271 942.726
16 2539   -0.0477784 -0.0209023 965.355
16 2540   -0.0501392 -0.020142 962.934
16 2545   -0.037692 -0.0336508 956.73
16 2548   -0.0397973 -0.0323017 942.114
16 2549   -0.0417532 -0.0336508 908.184
16 2550   -0.0428001 0.0251077 968.688
16 2551   -0.0441606 0.0265186 952.093
16 2552   -0.0466296 0.0252374 939.44
16 2553   -0.0445888 0.0231211 968.546
16 2554   -0.0465036 0.023186 962.271
16 2555   -0.0070473 0.0108407 889.801
16 2556   -0.00732736 0.0112647 908.776
16 2557   -0.00698207 0.0115112 907.468
16 2558   -0.00628194 0.0111646 866.914
16 2559   -0.00673464 0.0108946 867.665
16 2560   -0.0066694 0.0112797 892.915
16 2562   -0.00620715 0.0108529 805.974
16 2563   -0.0064872 0.0107061 803.186
16 2599   0.00609518 -0.0110552 845.14
16 2600   0.00633054 -0.0109319 831.699
16 2679   -9.92466e-05 -0.0194628 967.312
16 2680   0.00127387 -0.0171107 969.208
16 2681   0.00193015 -0.0186428 966.707
16 2682   -0.00199898 -0.0165633 949.482
16 2683   -0.00115543 -0.0185011 958.521
16 2684   -0.000355618 -0.0173602 966.587
16 2685   -0.00451689 -0.0171952 891.266
16 2686   -0.00254109 -0.0182901 932
16 2687   -0.0030565 -0.0171184 928.639
16 2688   -0.00387328 -0.0190914 878.611
16 2689   -0.00493376 -0.0185978 845.824
16 2690   -0.000500443 -0.0208963 967.53
16 2691   -0.000440238 -0.0243112 958.491
16 2692   0.00101843 -0.0229763 954.135
16 2693   -0.00276319 -0.0231865 953.933
16 2694   -0.00276061 -0.0214604 930.091
16 2752   -0.0433757 0.0284768 935.954
16 2753   -0.0419042 0.0336824 906.358
16 2754   -0.0400996 0.0323648 938.154
16 2755   -0.0447244 0.0336824 818.825
16 2756   -0.04574 0.031112 842.136
16 2767   0.00236583 0.0123902 922.192
16 2770   0.00293292 0.0126729 929.489
16 2771   0.00264288 0.0124822 922.564
16 2772   0.00274758 0.0121912 905.751
16 2773   0.00297495 0.0122731 913.17
16 2774   0.00310028 0.0124905 924.249
16 2775   0.00386044 0.0122028 942.109
16 2776   0.00370244 0.0120089 960.339
16 2777   0.00405471 0.0128481 928.2
16 2778   0.00398268 0.0131157 932.487
16 2779   0.00362731 0.012972 933.452
16 2780   0.00375505 0.0124486 932.68
16 2781   0.00360066 0.0127295 930.704
16 2782   0.00379803 0.0126793 930.154
16 2783   0.00352622 0.0121519 936.926
16 2784   0.00358553 0.0123709 931.772
16 2785   0.00330582 0.0124344 926.025
16 2786   0.00346717 0.012518 929.275
16 2788   0.00310965 0.0121142 906.286
16 2791   0.00326284 0.0122037 919.971
16 2792   0.00336487 0.0120683 925.316
16 2793   -0.0382588 0.0289173 968.636
16 2794   -0.0391642 0.0275997 968.439
16 2795   -0.0401028 0.0303883 952.803
16 2796   -0.0410082 0.0290707 956.315
16 2824   -0.00448309 -0.032004 926.791
16 2825   0.000484356 -0.0321136 811.461
16 2826   -0.00132841 -0.0335294 857.234
16 2827   0.000421571 -0.0290091 891.133
16 2828   -0.00116267 -0.0269664 937.493
16 2853   -0.0049792 -0.0296414 952.046
16 2854   -0.00340876 -0.0277084 955.905
16 2855   -0.00711323 -0.0270947 966.923
16 2856   -0.00722749 -0.0288239 968.263
16 2857   -0.00422061 -0.0239558 935.972
16 2858   -0.00559993 -0.0260262 963.59
16 2859   -0.00414375 -0.0258224 968.664
16 2860   -0.00562953 -0.023236 865.29
16 2861   -0.00628421 -0.0242106 902.633
16 2862   -0.0148631 0.027794 963.071
16 2863   -0.0173637 0.0308403 965.753
16 2864   -0.0149459 0.0336134 969.057
16 2865   -0.0111108 0.0320903 968.909
16 2866   -0.011195 0.029044 968.055
16 2876   -0.0363382 -0.0300903 969.359
16 2877   -0.0358372 -0.0286161 966.508
16 2878   -0.0383423 -0.0288663 969.25
16 2879   -0.0378413 -0.027392 964.452
16 2883   -0.00729237 -0.0238762 881.193
16 2884   -0.00785254 -0.0230035 846.635
16 2885   -0.00806772 -0.0249017 925.825
16 2886   -0.00931926 -0.0245673 924.863
16 2887   -0.00915134 -0.0235927 895.144
16 2916   -0.0435959 0.0121829 935.809
16 2917   -0.0412174 0.00988311 932.203
16 2918   -0.0387391 0.0116265 921.852
16 2919   -0.0422572 0.014596 922.363
16 2920   -0.0398786 0.014798 902.981
16 2929   -0.0433468 0.0160364 927.436
16 2930   -0.0457471 0.0175778 955.76
16 2931   -0.0458468 0.0160364 952.191
16 2932   -0.0429202 0.0190215 912.852
16 2933   -0.0438169 0.0179127 931.938
16 2934   -0.0426774 0.017243 913.428
16 2935   -0.040495 0.0180115 856.204
16 2936   -0.0407876 0.0190194 845.935
16 2937   -0.0416344 0.0178479 888.466
16 2938   -0.041927 0.0188557 885.96
16 2939   -0.00297188 -0.0124291 941.199
16 2940   -0.00328388 -0.0126174 943.093
16 2941   -0.00346181 -0.0121948 949.404
16 2942   -0.00358603 -0.0124136 946.235
16 2944   -0.00320955 -0.0121163 934.099
16 2945   -0.00302178 -0.0121468 931.406
16 2993   -0.000552185 0.0339276 832.54
16 2994   0.00217224 0.0325467 741.159
16 2995   0.00217481 0.0297804 826.623
16 2996   -0.000307444 0.0290166 905.893
16 2997   -0.00436896 0.0302598 942.084
16 2998   -0.00200521 0.0307106 909.041
16 2999   -0.00224738 0.0328553 896.9
16 3000   -0.00456902 0.0339276 921.339
16 3001   -0.00590354 0.0324045 943.977
16 3002   -0.00309537 0.0179522 947.542
16 3003   -0.000766449 0.0171028 965.562
16 3004   -0.00150831 0.0183672 959.397
16 3005   -0.00195689 0.0159254 965.566
16 3006   -0.00324003 0.0162677 962.856
16 3012   -0.0460959 0.0121829 944.827
16 3013   -0.0512391 0.0116282 953.301
16 3014   -0.0487174 0.0098848 945.199
16 3015   -0.0472572 0.014596 955.524
16 3016   -0.0498786 0.014798 963.865
52 184   -0.000734982 -0.00119644 964.607
52 185   -0.00480692 0.0010845 953.721
52 186   0.00335883 0.00126068 960.867
52 187   0.00325691 -0.000988213 960.172
52 188   -0.000747481 0.00108288 964.441
52 189   0.00124535 -0.00224598 965.191
52 190   0.00509874 -0.00194042 951.36
52 191   -0.000766033 0.00533035 969.366
52 192   -0.00885679 -0.00261963 945.638
52 193   -0.00100291 0.00692592 968.578
52 194   0.00462343 0.00501255 965.669
52 195   -0.000222248 0.00815088 966.442
52 196   -0.00307315 -0.00894251 967.529
52 197   -0.00245395 0.00747468 959.514
52 198   -0.00397486 -0.00833071 968.671
52 199   -0.00126458 0.00911588 957.68
52 200   -0.00237558 0.00863406 945.244
52 201   -0.00139035 0.0100344 955.59
52 202   -0.00496384 -0.0098272 959.385
52 203   -0.00832013 -0.00492419 960.711
52 204   0.00775472 0.00606169 945.528
52 205   -0.00495319 -0.00899408 964.064
52 206   -0.00791356 -0.00567253 947.119
52 207   -0.0030024 0.00917012 925.711
52 208   0.00793513 0.00680664 935.618
52 209   0.00233593 -0.0100359 948.05
52 210   -0.00235306 0.0102804 950.877
52 211   -0.00765616 -0.00730278 949.741
52 212   0.00262791 -0.0112197 967.161
52 213   -0.00265952 0.0109065 964.205
52 214   -0.00228301 0.0113185 963.262
52 215   -0.0028541 0.00989793 934.343
52 216   -0.00901082 -0.00513001 951.178
52 217   -0.00844769 -0.00619289 923.163
52 218   0.00296552 -0.0101446 940.144
52 219   0.00310614 -0.0108021 963.055
52 220   -0.00377218 0.00989472 889.477
52 221   -0.0033714 0.0101727 922.802
52 222   0.00449212 -0.00987822 837.951
52 223   0.00858609 0.00685433 905.629
52 224   -0.00822394 -0.00694684 923.307
52 225   -0.00845099 -0.00662984 914.528
52 226   -0.00859919 -0.00758484 908.878
52 227   -0.00323683 0.0109247 965.607
52 228   -0.00409759 0.0101798 865.68
52 229   0.00350445 -0.010902 962.042
52 230   -0.00344767 0.0105734 940.61
52 231   -0.00906154 -0.00570407 923.356
52 232   -0.00897145 -0.00758537 871.93
52 233   -0.00890497 -0.00601861 912.931
52 234   0.00416846 -0.0101658 858.872
52 235   -0.00859007 -0.00720291 904.974
52 236   -0.00889558 -0.00674977 888.002
52 237   -0.00379532 0.0107034 925.643
52 238   -0.00404447 0.0105878 876.975
52 239   -0.00937597 -0.00588541 908.493
52 240   -0.00889722 -0.00704039 880.619
52 241   -0.00915306 -0.00665409 854.338
52 242   0.00433467 -0.0104615 832.813
52 243   -0.00915075 -0.00626598 893.29
52 244   0.00457379 -0.0104687 795.384
52 245   0.00943595 0.00643515 837.894
52 246   -0.00425036 0.0107792 838.957
52 247   -0.00922452 -0.00647306 866.149
52 248   -0.00912817 -0.00710969 822.211
52 249   -0.00919328 -0.00727273 798.286
52 250   -0.00937096 -0.0061734 890.789
52 251   -0.00953067 -0.0063332 864.183
52 252   0.00960909 0.00652947 798.014
52 253   -0.00947702 -0.00649312 829.878
52 254   0.00465509 -0.0106515 759.51
52 255   -0.00942111 -0.00721519 726.242
52 256   -0.00959588 -0.00660217 793.294
52 257   -0.0096367 -0.00701453 688.915
52 258   -0.00978729 -0.00693656 843.26
52 259   0.00463284 -0.011067 2.67955
52 260   -0.0097935 -0.00693034 952.664
52 293   -0.000395852 -0.0104476 966.833
52 297   -0.000346878 -0.0111579 969.041
52 298   -0.000824015 -0.0114576 969.242
52 300   0.0067796 0.00757398 966.698
52 301   0.00760423 0.00728841 950.67
52 302   0.00675925 0.00816244 969.387
52 307   0.000629088 0.00224242 965.686
52 308   0.00204045 0.00232204 964.823
52 309   0.000504309 0.00444565 968.46
52 310   0.00336182 0.00505119 967.537
52 311   0.00148801 0.0050449 968.739
52 312   0.00234333 0.00400563 966.878
52 313   0.00192243 0.00610722 969.48
52 314   0.00309057 0.00607371 969.13
52 315   0.000959921 0.00809855 968.492
52 316   0.00188403 0.00705121 969.627
52 317   0.00117916 0.00903819 967.448
52 318   0.0022977 0.00885631 967.963
52 319   0.00241756 0.00971703 965.813
52 379   0.00480696 -0.00997948 811.341
52 388   0.00160347 -0.00399641 967.563
52 389   0.00344681 -0.00481582 967.648
52 390   0.00344949 -0.00594604 969.593
52 391   0.00236206 -0.00634755 969.014
52 392   0.00248926 -0.00721206 963.749
52 393   0.000684477 -0.00471691 968.919
52 394   0.00144039 -0.00593785 969.581
52 395   0.000454575 -0.00661681 969.353
52 396   0.000500423 -0.00764787 967.614
52 397   0.00202881 -0.00948591 948.757
52 398   0.00199551 -0.00798963 958.54
52 399   0.00126568 -0.00821121 962.507
52 400   0.00315586 -0.00827688 932.879
52 401   0.0024447 -0.0089897 941.998
52 402   0.00241039 -0.00845567 947.715
52 403   0.00337187 -0.0086434 917.712
52 404   0.00300847 -0.00897842 926.519
52 405   0.0032279 -0.00981068 922.017
52 406   0.0035879 -0.0094251 900.409
52 407   0.00321306 -0.00930533 917.276
52 408   0.00391277 -0.0101227 883.498
52 409   0.0036919 -0.00982142 895.304
52 410   0.00351359 -0.0100395 911.046
52 411   0.00366625 -0.010594 931.768
52 412   0.00384034 -0.0103525 898.368
52 413   0.00362858 -0.0103291 916.927
52 414   0.00392047 -0.0105511 897.383
52 415   0.00383554 -0.0106835 920.19
52 416   0.00423151 -0.0106225 845.882
52 417   0.00405628 -0.0106345 881.784
52 418   0.00432782 -0.0107214 821.14
52 419   0.00425492 -0.0108107 840.455
52 420   0.00455964 -0.0107463 756.405
52 421   0.00444156 -0.0107517 787.474
52 422   0.00460277 -0.0109292 560.775
52 423   0.00461135 -0.0108136 713.154
52 424   0.00455153 -0.0108697 703.682
52 426   0.00465285 -0.010907 549.363
52 427   0.00467233 -0.0108391 656.728
52 439   0.00894485 0.00761899 881.853
52 440   0.00864405 0.00758804 907.425
52 441   0.00871342 0.00721378 897.886
52 442   0.00913337 0.00698307 824.766
52 443   0.00907242 0.00733899 840.581
52 444   0.00895603 0.00715047 869.815
52 446   0.00927572 0.00730156 775.986
52 447   0.00947965 0.00717214 712.845
52 448   0.00928967 0.00705371 767.707
52 449   0.00931564 0.00718368 757.469
52 450   0.00950696 0.00707238 706.435
52 451   0.00942809 0.00699531 726.739
52 452   0.00964904 0.00704451 685.619
52 453   0.00958119 0.00703991 695.533
52 454   0.0095959 0.00695828 697.788
52 455   0.00967278 0.00698593 684.302
52 456   0.00967604 0.00691852 692.483
52 457   0.00964523 0.00694656 691.998
52 483   0.00974885 0.00691044 693.572
52 484   0.00977194 0.00691101 697.562
52 541   -0.000679296 -0.00478541 968.787
52 542   -0.000638682 -0.00601983 969.612
52 543   -0.00169133 -0.00665726 969.642
52 544   -0.00275064 -0.00605276 969.225
52 545   -0.00387165 -0.00696541 969.506
52 546   -0.00489541 -0.00667621 968.779
52 547   -0.00496763 -0.00562493 966.572
52 548   -0.0046319 -0.00467817 965.161
52 549   -0.00722553 -0.00568541 955.931
52 550   -0.00589551 -0.00569439 964.29
52 551   -0.00639177 -0.00517576 961.661
52 552   -0.00718578 -0.0070022 958.75
52 553   -0.00639633 -0.00618591 963.27
52 554   -0.00706222 -0.00622218 956.908
52 555   -0.005761 -0.00726534 968.793
52 556   -0.00670573 -0.00722627 965.545
52 557   -0.00633404 -0.00670557 965.317
52 558   -0.00559552 -0.00850686 966.354
52 559   -0.0058268 -0.00781464 969.572
52 560   -0.00643858 -0.00775743 969.259
52 561   -0.00641586 -0.00823372 968.926
52 562   -0.00599874 -0.00866559 962.349
52 563   -0.00676302 -0.00846925 966.18
52 570   0.0015998 -0.0114912 942.811
52 571   0.00202212 -0.0110795 957.881
52 572   0.00187076 -0.0105533 955.401
52 573   7.84681e-05 -0.0101715 964.287
52 574   0.000218883 -0.00937727 964.157
52 575   0.000933064 -0.00911291 960.776
52 576   0.00126415 -0.00965456 957.148
52 577   0.0013308 -0.0105024 955.871
52 578   0.00103132 -0.0101538 958.29
52 579   0.000559812 -0.0104064 961.021
52 580   0.000639603 -0.0107373 959.246
52 581   0.001079 -0.0107728 955.148
52 582   8.33857e-05 -0.0113818 966.181
52 583   0.000445802 -0.0110629 959.446
52 584   0.000107873 -0.0117369 967.88
52 585   0.000442289 -0.0117739 928.492
52 600   -0.00325969 -0.0100266 963.145
52 601   -0.00445468 -0.0101713 962.765
52 602   -0.00449856 -0.0106917 964.715
52 603   -0.00384689 -0.0101336 962.259
52 604   -0.00404306 -0.0107457 962.039
52 605   -0.00373849 -0.0105621 959.655
52 606   -0.00391339 -0.0110788 959.776
52 638   0.000685624 0.00998143 966.319
52 639   0.000735635 0.0114575 969.295
52 656   -0.000786051 0.010474 958.688
52 657   2.83594e-05 0.0104464 964.848
52 658   -0.00166157 0.0113144 948.805
52 659   -0.00117337 0.0110304 951.734
52 660   -0.00147401 0.0116529 931.668
52 663   0.00471682 0.00754068 969.592
52 664   0.00363623 0.00700093 969.603
52 665   0.00285735 0.0074588 969.581
52 666   0.00305179 0.00832426 968.857
52 667   0.00388412 0.00858575 968.217
52 668   0.00477027 0.00826005 968.734
52 669   0.00394168 0.00930141 965.509
52 670   0.00475022 0.0104461 962.131
52 671   0.00349521 0.0100152 962.525
52 672   0.00297343 0.010177 961.975
52 673   0.00184146 0.0101947 966.01
52 674   0.00122808 0.0102772 967.336
52 675   0.00159858 0.0113545 968.896
52 676   0.00114032 0.0110421 969.07
52 677   0.00227271 0.0114612 962.003
52 678   0.00205377 0.0107375 964.794
52 679   0.00189864 0.0111323 966.456
52 680   0.00245469 0.0108522 959.998
52 681   0.00279825 0.0107694 956.134
52 682   0.00252206 0.0112224 955.817
52 683   0.00279167 0.0112757 945.14
52 684   0.0029903 0.0110201 946.992
52 686   0.00287607 0.0114775 936.904
52 708   -0.00340883 0.0112101 968.301
52 750   -0.00355951 0.00226667 961.101
52 751   -0.0021387 0.00220036 964.386
52 752   -0.00203248 0.00424461 968.007
52 753   -0.00388136 0.00388181 963.576
52 754   -0.00302521 0.00474001 967.963
52 755   -0.0031871 0.0068716 964.046
52 756   -0.00409558 0.00583534 969.374
52 757   -0.00328484 0.00569936 969.499
52 758   -0.00423805 0.006704 967.643
52 759   -0.00375764 0.00731116 953.188
52 760   -0.00557345 0.00703883 969.078
52 761   -0.0047272 0.00709816 961.656
52 763   -0.00596025 0.00748713 967.458
52 766   0.00357828 -0.0111916 967.931
52 767   0.00383779 -0.0111314 968.357
52 797   -0.00454226 0.0105737 788.911
52 798   -0.00440365 0.0107314 794.929
52 800   -0.00468029 0.0106225 760.425
52 801   -0.00463836 0.0107687 717.547
52 808   -0.00551308 -0.0101045 952.679
52 811   -0.00591736 -0.00991006 939.418
52 815   0.00841269 -0.00331523 910.149
52 835   0.0043322 -0.0108855 811.354
52 836   0.00441601 -0.010844 781.996
52 837   0.00447426 -0.0108947 743.202
52 838   0.00396318 -0.0110031 947.915
52 839   0.00392889 -0.0108332 924.999
52 840   0.00404375 -0.0107725 895.627
52 841   0.00414607 -0.0108498 878.022
52 845   0.00413181 -0.0109591 896.12
52 846   0.00412019 -0.0111378 945.734
52 847   0.00406378 -0.0110517 937.693
52 848   0.00426049 -0.0111165 876.063
52 849   0.00419622 -0.0110049 881.278
52 850   0.00418023 -0.0110855 908.876
52 851   0.00431543 -0.0109518 817.539
52 852   0.00426009 -0.0109891 849.064
52 853   0.00429615 -0.0110576 838.968
52 854   0.00434955 -0.0110583 801.984
52 855   0.004401 -0.011097 764.372
52 856   0.00436084 -0.0109929 792.618
52 857   0.00446051 -0.0109599 724.033
52 858   0.00441122 -0.0109948 759.372
52 859   0.004435 -0.0110521 723.345
52 860   0.00451464 -0.0109858 620.978
52 861   0.00457963 -0.0109801 475.928
52 862   0.00452927 -0.0110682 411.266
52 863   0.00449107 -0.01104 608.364
52 864   0.0045724 -0.0110452 285.383
52 865   0.00462874 -0.0110143 215.657
52 866   0.00459918 -0.0110114 328.321
52 867   0.00458873 -0.0110658 98.3596
52 868   -0.00456809 0.0108301 710.28
52 869   -0.00447141 0.0108415 758.442
52 870   -0.00464312 0.010966 372.306
52 871   -0.00460659 0.0109097 590.581
52 872   -0.00461671 0.011007 284.348
52 873   -0.00458941 0.0109998 397.597
52 874   -0.00378403 0.0109368 952.782
52 875   -0.00360838 0.0110922 968.875
52 876   -0.00371305 0.0112118 967.988
52 877   -0.00403228 0.0111525 959.108
52 878   -0.00391357 0.0109932 948.204
52 879   -0.00386385 0.0111195 967.874
52 880   -0.0041888 0.0109378 866.325
52 881   -0.00404881 0.0109763 920.487
52 882   -0.00411519 0.0110759 924.974
52 883   -0.0043363 0.0111079 808.058
52 884   -0.00427955 0.0109999 830.195
52 885   -0.0042308 0.0110748 871.881
52 886   -0.00437327 0.0110038 778.261
52 887   -0.00439683 0.0110621 756.786
52 888   -0.00449245 0.0110878 520.896
52 889   -0.00445281 0.0110651 668.461
52 890   -0.00442723 0.0109693 747.507
52 891   -0.00446284 0.0109169 741.387
52 892   -0.00454873 0.0109733 549.358
52 893   -0.00453949 0.0109241 651.5
52 894   -0.00450267 0.0109878 628.642
52 895   -0.00445984 0.0110285 680.003
52 896   -0.00445782 0.010991 707.691
52 897   -0.00451301 0.0110627 482.143
52 898   -0.00449217 0.0110326 598.332
52 899   -0.00451719 0.011018 547.414
52 900   -0.00454133 0.0110372 437.091
52 901   -0.00455738 0.0110786 244.892
52 902   -0.00453614 0.0110632 396.138
52 903   -0.00457377 0.0110658 196.098
52 904   -0.00458057 0.0110317 310.248
52 905   -0.00456504 0.0110431 326.851
52 906   -0.00459982 0.0110418 167.058
52 907   -0.00461592 0.0110358 122.252
52 925   -0.00966771 -0.00694486 691.872
52 926   0.00969966 0.0069444 686.079
52 927   0.00970277 0.00697474 681.423
52 928   0.00973195 0.00698041 676.91
52 929   0.00973454 0.00696075 679.429
52 930   0.0097338 0.00692872 687.059
52 931   0.00972077 0.00694106 684.698
52 933   0.0097529 0.00694308 682.544
52 934   0.00975446 0.00695825 677.821
52 935   0.00976951 0.00692538 693.099
52 936   0.00977774 0.00694368 685.178
52 937   0.00976552 0.00693916 684.99
52 938   0.00979001 0.00693595 728.28
52 939   0.00978156 0.00692552 699.522
52 940   0.0097829 0.00693398 700.953
52 955   4.82463e-05 0.010989 966.249
52 956   0.000284005 0.011326 969.219
52 957   1.9137e-05 0.0117186 969.255
52 958   0.00426084 0.0104834 963.001
52 959   0.0037527 0.0104852 959.514
52 981   -0.000741706 0.0112269 948.996
52 982   -0.000334501 0.0112131 959.719
52 983   -0.00117947 0.0116471 919.828
52 984   -0.000935365 0.0115051 932.097
52 985   -0.00108569 0.0118163 895.898
52 1017   -0.00220926 -0.0086387 968.392
52 1018   -0.001612 -0.00772472 969.248
52 1019   -0.000513507 -0.00811834 968.156
52 1020   -0.000462427 -0.00894603 966.657
52 1021   -0.000911717 -0.0101171 967.18
52 1022   -0.00176705 -0.00949606 967.111
52 1023   -0.00111871 -0.00940977 967.191
52 1024   -0.00130725 -0.0103286 967.44
52 1025   -0.00181287 -0.0100782 966.291
52 1026   -0.00126852 -0.0109587 968.862
52 1027   -0.00268018 -0.0104548 961.446
52 1028   -0.0021228 -0.0103964 964.917
52 1029   -0.00198422 -0.0114082 966.507
52 1030   -0.0017599 -0.0109834 967.377
52 1031   -0.00282602 -0.0108488 955.393
52 1032   -0.00249297 -0.0112152 956.579
52 1033   -0.00345653 -0.0108034 953.423
52 1034   -0.00314552 -0.010922 948.341
52 1035   -0.00353336 -0.011014 946.222
52 1036   -0.00368564 -0.0111058 947.358
52 1037   -0.00338243 -0.0112516 909.111
52 1038   -0.00361052 -0.011307 926.052
52 1039   -0.00345891 -0.0113799 874.417
52 1061   -0.00264594 -0.0114717 950.352
52 1103   0.00569817 0.0100156 945.941
52 1104   0.0052915 0.00877792 964.511
52 1105   0.00496153 0.00997378 958.444
52 1106   0.00465772 0.00937818 962.743
52 1107   0.00632627 0.00856028 963.371
52 1108   0.0058184 0.00886512 958.558
52 1109   0.00593079 0.00970325 936.855
52 1110   0.00591175 0.0093112 943.81
52 1111   0.00632482 0.0098847 918.398
52 1137   -0.00474724 0.00967951 824.875
52 1138   -0.00449082 0.0100436 829.933
52 1139   -0.00469144 0.0103185 795.859
52 1162   0.00412041 -0.00660978 968.203
52 1163   0.00368241 -0.0078091 937.071
52 1164   0.00343069 -0.00721031 959.646
52 1223   0.00526392 -0.00348651 953.186
52 1224   0.00459712 -0.0045487 962.805
52 1225   0.00699169 -0.00632889 942.528
52 1226   0.00562549 -0.00541126 960.332
52 1227   0.00486977 -0.00670969 968.621
52 1228   0.00549775 -0.00624303 967.201
52 1229   0.00605763 -0.00730858 969.356
52 1230   0.0061283 -0.00664034 965.123
52 1231   0.00439516 -0.00781115 919.903
52 1232   0.0048928 -0.00731228 954.801
52 1233   0.00524237 -0.00801919 870.627
52 1234   0.00525597 -0.00751447 946.368
52 1235   0.00564424 -0.00751324 962.466
52 1237   0.00552103 -0.00811998 890.279
52 1238   0.00574027 -0.00791594 943.626
52 1263   0.0068379 -0.00120053 934.157
52 1264   0.00932245 -0.000979126 905.838
52 1265   0.00827052 -0.00219343 909.929
52 1344   -0.00632231 0.00214896 941.09
52 1345   -0.00858126 0.00341471 909.117
52 1346   -0.00735627 0.00141972 928.135
52 1347   -0.00835019 0.00239188 909.5
52 1429   0.00680733 0.00143295 945.538
52 1430   0.00717835 8.20625e-05 933.896
52 1431   0.00872887 0.000281366 911.677
52 1432   0.00909922 0.00146696 917.709
52 1433   0.00897317 0.00321664 957.955
52 1434   0.00857292 0.00212805 938.809
52 1435   0.00783155 0.00229334 945.818
52 1436   0.00793892 0.00317536 955.686
52 1437   0.00852468 0.0035885 963.558
52 1495   -0.00462776 0.0110457 40.3421
52 1498   -0.00459136 0.0110719 73.4418
52 1502   0.00460112 -0.0110557 80.2989
52 1503   0.00461434 -0.011038 119.126
52 1504   0.00462912 -0.0110395 63.66
52 1505   0.0046254 -0.0110687 3.48184
52 1506   0.00461867 -0.011063 9.11856
52 1507   0.00460946 -0.0110667 17.8995
52 1508   -0.00930644 -0.00681176 793.046
52 1509   -0.0092799 -0.00697674 778.455
52 1510   -0.00942928 -0.00705534 725.074
52 1511   -0.00951592 -0.00698387 710.39
52 1512   -0.00953998 -0.00669621 767.383
52 1513   -0.00948304 -0.0068649 733.1
52 1514   -0.00942295 -0.00677139 767.071
52 1515   -0.00964209 -0.00687821 706.673
52 1516   -0.0095782 -0.00682891 724.207
52 1517   -0.00962196 -0.00675054 745.064
52 1519   -0.00970494 -0.00675097 745.595
52 1646   0.00901003 0.00504514 954.403
52 1647   0.00829893 0.00558894 941.668
52 1648   0.00865875 0.00585637 924.299
52 1649   0.00897143 0.00558929 928.384
52 1650   0.0092389 0.00619846 888.813
52 1651   0.00929942 0.00590002 905.91
52 1652   0.00873524 0.00652603 902.996
52 1653   0.00873023 0.00620608 910.656
52 1654   0.0089824 0.00623743 900.142
52 1655   0.00912058 0.00681129 841.872
52 1656   0.008942 0.00663491 887.201
52 1657   0.00903281 0.00647985 885.698
52 1658   0.00923931 0.00673089 818.307
52 1659   0.00933344 0.00656445 824.252
52 1660   0.00918681 0.00657019 855.87
52 1661   0.00936158 0.00676961 777.546
52 1662   0.00941031 0.0066807 783.869
52 1663   0.00943947 0.00688587 735.878
52 1664   0.00960233 0.00669809 749.189
52 1665   0.00950606 0.00672001 754.662
52 1666   0.00957985 0.00687903 709.077
52 1667   0.00951062 0.00683914 727.421
52 1669   0.00965626 0.00681407 714.48
52 1670   0.00968331 0.00675224 731.359
52 1671   0.00970313 0.00686527 702.138
52 1672   0.00974831 0.0068667 703.435
52 1818   -0.00615246 -0.0090686 945.638
52 1819   -0.00668767 -0.00966675 877.542
52 1820   -0.00648553 -0.00976397 907.401
52 1821   -0.00616418 -0.00954856 928.585
52 1822   -0.00661085 -0.00890086 944.942
52 1823   -0.00681743 -0.00912848 913.779
52 1824   -0.00711779 -0.00915238 893.988
52 1825   -0.00678146 -0.00946302 861.719
52 1827   -0.00715327 -0.00941533 826.386
52 1828   -0.00701037 -0.0095585 797.598
52 1843   -0.00042255 0.0118584 920.578
52 1844   -0.000206678 0.0116529 962.792
52 1845   -0.000324557 0.0114844 957.332
52 1846   -0.000719533 0.0116033 924.463
52 1847   -0.000515931 0.0115964 939.562
52 1848   -0.000564927 0.0117834 900.549
52 1849   -0.000938414 0.0118134 885.261
52 1850   -0.000816363 0.0117424 897.401
52 1851   -0.000720696 0.0118383 864.352
52 1854   -0.000891524 0.011898 860.604
52 1855   -0.000793971 0.0119205 818.776
52 1913   0.00110283 -0.0110823 950.247
52 1914   0.00129042 -0.0113882 938.999
52 1915   0.00075929 -0.0112336 949.718
52 1916   0.00073129 -0.0115895 921.631
52 1919   0.00093493 -0.0117513 884.119
52 1920   0.00115051 -0.0117013 914.257
52 1921   0.00362993 0.0108188 954.674
52 1922   0.00389593 0.0109334 958.575
52 1923   0.00377999 0.011187 950.553
52 1924   0.00339857 0.0109964 945.387
52 1925   0.00319161 0.0110753 939.135
52 1926   0.0035435 0.0111692 936.408
52 1927   0.00343437 0.0113428 890.493
52 1928   0.00304966 0.0114054 918.839
52 1929   0.00326439 0.0113536 892.511
52 1930   0.00316656 0.0112589 921.018
52 1933   0.00309186 0.0115063 908.025
52 1934   0.00320311 0.011494 863.816
52 1935   -0.00306684 -0.0111919 933.936
52 1936   -0.00322692 -0.0113109 904.065
52 1937   -0.00290031 -0.0113752 935.601
52 1939   -0.00297679 -0.0115034 926.118
52 1940   -0.003144 -0.0114849 887.71
52 1943   -0.00830021 -0.00786837 934.264
52 1944   -0.00772332 -0.00784238 956.697
52 1945   -0.007493 -0.00820401 967.547
52 1946   -0.0071729 -0.00841297 968.929
52 1947   -0.00728595 -0.00899706 927.13
52 1948   -0.0075889 -0.00874941 965.342
52 1949   -0.00733908 -0.00870121 963.367
52 1951   -0.00760723 -0.00897367 946.314
52 1952   -0.00746433 -0.00911684 910.542
52 2032   -0.00400659 0.0080089 915.408
52 2033   -0.00378983 0.0094286 887.183
52 2034   -0.00353735 0.00897878 904.808
52 2035   -0.00389263 0.00853739 897.363
52 2036   -0.00453366 0.00936086 843.059
52 2037   -0.00410937 0.00920081 870.227
52 2038   -0.00418086 0.00877359 873.934
52 2039   -0.00474927 0.00905174 832.741
52 2040   -0.00452272 0.00868937 852.251
52 2042   -0.00506028 0.00903061 812.515
52 2043   -0.00515771 0.00869083 793.449
52 2045   -0.00830256 -0.00823951 948.739
52 2046   -0.00792699 -0.00837318 964.79
52 2047   -0.00785671 -0.00863033 969.167
52 2160   0.00764603 -0.00386021 923.727
52 2161   0.00664449 -0.00387665 938.924
52 2162   0.00719531 -0.00539227 929.202
52 2163   0.00645966 -0.00487195 945.636
52 2166   0.00818122 -0.00464325 918.854
52 2167   0.00791533 -0.00518 918.104
52 2204   0.00839725 0.0077498 925.68
52 2205   0.00797438 0.0076709 945.175
52 2206   0.00735542 0.00818618 968.367
52 2207   0.00774591 0.00798021 959.977
52 2208   0.00734524 0.00848041 969.108
52 2209   0.007683 0.00857804 969.378
52 2211   0.00751447 0.00899742 935.16
52 2212   0.00767973 0.00883218 962.236
52 2254   0.00462411 -0.011057 10.8929
52 2255   0.00462611 -0.01105 22.1975
52 2265   0.00838022 0.00809856 940.661
52 2268   0.0080367 0.00819118 957.893
52 2269   0.00798397 0.00849478 966.899
52 2274   -0.00208465 -0.00239738 964.953
52 2275   -0.00173861 -0.00418091 967.602
52 2276   -0.00275731 -0.00481083 967.783
52 2277   -0.00378267 -0.00419883 965.613
52 2278   -0.00439666 -0.000687296 956.872
52 2279   -0.00378702 -0.00299509 963.268
52 2280   -0.0031077 -0.00182356 962.671
52 2281   -0.00664057 -0.00159379 948.714
52 2282   -0.00477218 -0.00242994 959.496
52 2283   -0.00537979 -0.0012877 953.843
52 2284   -0.00557241 -0.00287586 958.373
52 2285   -0.00649353 -0.00259619 954.535
52 2286   -0.00626847 -0.00434848 960.797
52 2287   -0.00543647 -0.00392036 961.678
52 2288   -0.0079248 -0.00432385 964.165
52 2289   -0.00801393 -0.00361605 962.837
52 2290   -0.00697716 -0.00394933 959.042
52 2291   -0.0070663 -0.00324153 956.51
52 2304   -0.00445067 0.0078797 908.68
52 2305   -0.00469088 0.00757612 935.646
52 2306   -0.00500255 0.00834656 808.409
52 2307   -0.00467857 0.00832397 854.266
52 2308   -0.00547987 0.00773213 943.219
52 2309   -0.00505675 0.00776179 916.551
52 2310   -0.00514052 0.00808796 841.557
52 2313   -0.00567327 0.00795628 931.129
52 2314   -0.00545403 0.00816032 861.489
52 2432   -0.00628487 0.00377945 944.35
52 2433   -0.00504593 0.00532432 964.145
52 2434   -0.00509134 0.00433014 958.511
52 2435   -0.0075499 0.00407305 926.609
52 2436   -0.00778358 0.00502499 922.094
52 2470   -0.0091746 0.0016742 905.647
52 2616   0.00472248 0.00234558 959.061
52 2617   0.00598871 0.00218746 954.085
52 2618   0.00494373 0.00392774 962.469
52 2619   0.00599382 0.00408917 960.372
52 2620   0.0064261 0.00345006 957.525
52 2621   0.00536356 0.00605115 966.607
52 2622   0.00533895 0.00713241 969.188
52 2623   0.00619358 0.00719809 967.744
52 2624   0.00709837 0.00590519 956.934
52 2625   0.00638493 0.00641204 963.635
52 2626   0.00605144 0.00582161 963.726
52 2627   0.00650446 0.0046746 960.071
52 2628   0.00645507 0.00528938 960.866
52 2629   0.00707469 0.00534013 958.127
52 2630   0.00732582 0.00491051 957.872
52 2631   0.00692234 0.0045402 958.995
52 2632   0.00755383 0.00376272 958.452
52 2633   0.00704481 0.00387571 958.018
52 2634   0.0083941 0.00411937 966.947
52 2635   0.0076884 0.00469423 958.701
52 2636   0.00779394 0.00421094 960.853
52 2637   0.00814822 0.00494633 957.035
52 2638   0.00854664 0.00466961 964.507
52 2699   0.00449841 -0.00947564 845.227
52 2700   0.00491749 -0.00842109 818.813
52 2701   0.00443344 -0.00841524 871.083
52 2702   0.00394816 -0.00923451 881.314
52 2703   0.00393671 -0.00877972 889.139
52 2705   0.00502877 -0.0088253 813.539
52 2706   0.00491327 -0.00922809 823.721
52 2711   0.00470128 -0.010348 793.933
52 2712   0.00474355 -0.0102006 802.898
52 2871   -0.00750028 -0.00113269 939.055
52 2872   -0.0086121 -0.00135273 923.754
52 2873   -0.00768372 0.00021596 928.02
52 2874   -0.00935145 -0.000114101 906.71
52 2875   -0.00873659 0.000592018 913.329
52 2921   -0.00704865 0.0055582 932.194
52 2922   -0.00606519 0.00654529 964.497
52 2923   -0.00600411 0.00572203 958.035
52 2925   -0.00689048 0.0065855 950.784
52 2926   -0.00732898 0.00617742 928.259
52 2967   0.00658199 0.00890687 943.967
52 2968   0.00633758 0.00925531 926.21
52 2969   0.0070983 0.00936281 844.111
52 2970   0.00693304 0.00952806 816.348
52 2971   0.00700481 0.00880326 949.075
52 2972   0.00717731 0.00906613 912.084
52 2973   0.00672934 0.00966885 870.565
52 2974   0.00647769 0.00958918 900.581
52 3059   0.00415 0.0109325 964.447
52 3060   0.00439214 0.0108161 965.231
52 3088   -0.00460364 0.0110538 86.0512
52 3089   -0.0046001 0.0110648 61.8373
52 3090   -0.00461157 0.0110712 11.2343
52 3091   -0.00462194 0.0110531 27.2373
52 3092   -0.00461393 0.0110552 45.4247
52 3093   -0.00461735 0.0110646 11.4698
52 3094   -0.00968409 -0.00685148 711.656
52 3095   -0.00974344 -0.0068275 725.291
52 3096   -0.00970319 -0.0068026 728.067
52 3097   -0.0097102 -0.00688479 703.654
52 3098   -0.00973849 -0.00686795 711.491
52 3099   -0.00974751 -0.00695926 681.635
52 3100   -0.00971687 -0.00695136 686.299
52 3101   -0.00971736 -0.00691802 695.158
52 3102   -0.00975432 -0.0068943 707.373
52 3103   -0.00974135 -0.00691509 697.814
52 3104   -0.00977637 -0.00693 735.078
52 3105   -0.00975784 -0.00693141 695.052
52 3107   -0.00977124 -0.00689557 712.683
52 3108   -0.0097768 -0.00691496 711.17
52 3118   -0.00462727 0.0110596 9.17443
52 3119   -0.00462665 0.0110709 3.48504
52 3120   -0.00462445 0.0110656 5.94687
end
