620
16 319   -0.0449779 0.00318509 915.188
16 320   -0.045157 -0.00300415 915.196
16 321   -0.0499779 0.0082419 908.975
16 322   -0.0399779 0.00818849 921.791
16 323   -0.0477803 -0.0217979 817.355
16 324   -0.0398074 -0.0323581 761.864
16 325   -0.0322004 0.032058 876.207
16 326   -0.0411387 -0.00655385 918.293
16 327   -0.036185 -0.0298095 865.174
16 328   -0.0322715 -0.0324514 874.088
16 329   -0.0435112 -0.0297251 729.328
16 330   -0.0497157 -0.0177642 870.228
16 331   -0.000203864 0.0238293 767.121
16 332   -0.0384817 -0.00727863 922.369
16 333   0.00446431 -0.0226799 781.887
16 334   -0.00191095 0.0214437 871.713
16 335   0.000924413 -0.0181972 891.94
16 336   0.00525245 -0.0177717 903.767
16 337   0.00298184 -0.0194704 877.885
16 338   -0.00113528 0.018532 871.812
16 339   0.00673493 -0.0226462 770.432
16 340   -0.00655651 0.0175058 968.28
16 341   0.00673493 -0.0190644 881.089
16 342   -0.00301084 0.0173833 917.199
16 343   0.00129343 -0.0159509 903.348
16 344   0.00491755 -0.0158253 934.751
16 345   0.000275907 -0.0144301 891.52
16 346   -0.00313063 0.0157008 922.82
16 347   0.00301596 -0.0152777 925.268
16 348   -0.00580789 0.015658 967.421
16 349   0.00686999 -0.0141003 966.694
16 350   0.00577002 -0.0146237 961.919
16 351   -0.00446376 0.0152212 956.256
16 352   -0.00636493 0.0145799 968.837
16 353   -0.00711356 0.0140733 956.932
16 354   0.00301358 -0.0139277 945.777
16 355   0.0020531 -0.0132003 929.164
16 356   0.00103796 -0.0130296 905.05
16 357   -0.00428784 0.0140036 962.357
16 358   0.00625306 -0.0128251 915.698
16 359   0.00469836 -0.0136499 968.533
16 360   0.00712369 -0.0119138 831.645
16 361   0.00384351 -0.0135015 965.547
16 362   0.00650675 -0.0121847 849.308
16 363   -0.00489202 0.013546 968.939
16 364   -0.00562499 0.0136854 964.325
16 365   0.00235736 -0.0124529 944.451
16 366   -0.00721539 0.0121955 845.287
16 367   -0.00674262 0.0116778 814.496
16 368   -0.00672494 0.0110725 799.182
16 369   -0.00682895 0.012904 905.046
16 370   0.00533688 -0.012628 893.288
16 371   0.00488215 -0.0129295 943.999
16 372   0.00675195 -0.0111426 799.68
16 373   -0.00624531 0.0127092 894.357
16 374   -0.00474997 0.0127852 949.012
16 375   -0.00578998 0.012984 928.599
16 376   -0.00615898 0.0120091 831.568
16 377   -0.00528575 0.0125474 896.105
16 378   0.00432977 -0.0123966 889.481
16 379   -0.00571692 0.0118114 804.467
16 380   0.00616468 -0.0110146 804.786
16 381   0.00585952 -0.0116858 794.561
16 382   -0.00529903 0.0120749 825.277
16 383   0.00508607 -0.0120603 804.373
16 384   -0.00554881 0.0114211 767.896
16 385   0.00588919 -0.0112869 785.055
16 386   -0.00623416 0.0108768 818.563
16 387   0.00435005 -0.0119394 792.377
16 388   0.00545157 -0.0116849 767.282
16 389   0.00465163 -0.0119046 777.091
16 390   0.005218 -0.0118026 767.597
16 391   -0.00590012 0.0110518 797.185
16 392   -0.00563916 0.0111885 774.138
16 393   0.0055678 -0.0111404 764.91
16 394   0.00528629 -0.0113882 717.025
16 395   0.00493603 -0.011567 690.299
16 396   0.00537285 -0.0112425 731.968
16 397   0.00474394 -0.0115673 678.373
16 398   0.00459146 -0.0116472 718.392
16 399   0.0050914 -0.0113623 659.993
16 400   0.00497471 -0.0114235 641.513
16 407   -0.00513652 -0.012844 749.177
16 408   -0.00631891 -0.0138911 820.757
16 409   -0.00572642 -0.0117626 751.47
16 410   -0.00690881 -0.0111431 835.266
16 416   0.00239958 0.0234341 721.516
16 417   0.00458053 0.0256211 696.133
16 418   0.00313811 0.0209728 735.532
16 419   0.00677527 0.01641 744.988
16 420   0.00568479 0.0182395 734.925
16 421   0.00414342 0.0139887 726.43
16 422   0.00605053 0.0151403 748.354
16 423   0.00460107 0.0156887 738.091
16 424   0.00500169 0.0124768 741.215
16 425   0.00690881 0.0109464 847.272
16 426   0.00677527 0.0134574 770.659
16 427   0.00618407 0.0124939 775.742
16 429   -0.0443267 -0.0225632 866.684
16 430   -0.042988 -0.0255765 836.486
16 431   -0.00719772 0.0108378 772.619
16 433   -0.00734886 0.0103057 546.084
16 434   -0.00704657 0.010464 752.767
16 436   -0.0497787 0.0184182 860.656
16 437   -0.0473099 0.0259417 735.111
16 438   -0.0511393 0.023991 736.572
16 439   -0.048418 0.0211676 824.977
16 440   -0.0440346 0.024465 840.864
16 441   -0.0451427 0.0217715 870.299
16 450   -0.00732722 0.0334768 773.171
16 451   -0.0100092 0.0304305 851.212
16 452   -0.00293766 0.0307076 721.761
16 453   -0.00299775 0.0272511 769.301
16 454   -0.00617362 0.0267691 865.229
16 455   -0.00879553 0.0271791 882.972
16 462   -0.0355079 0.0307402 857.694
16 463   -0.0410053 0.0310468 753.068
16 464   -0.0391944 0.0336823 758.515
16 465   -0.0359251 0.0279515 887.295
16 466   -0.0387126 0.0282581 859.005
16 478   -0.0138882 -0.0320179 877.865
16 481   -0.00460846 -0.0304474 774.374
16 482   -0.0100817 -0.0305269 861.04
16 483   -0.00736526 -0.033509 790.175
16 484   -0.00877033 -0.0275051 883.028
16 485   -0.00587945 -0.0274255 856.01
16 501   -0.0360478 -0.0260352 908.636
16 502   -0.0326876 -0.0236772 922.895
16 528   -0.0242337 0.0325 892.993
16 529   -0.0288136 0.029558 896.834
16 530   -0.0263276 0.0225 911.125
16 531   -0.0297225 0.024558 912.982
16 532   -0.0221054 0.0247268 904.555
16 533   -0.0209205 0.0297268 896.247
16 534   -0.0143201 0.0241805 909.25
16 535   -0.0161662 0.0322268 881.372
16 536   -0.0136787 0.0291805 884.582
16 538   -0.0195566 0.0222268 906.905
16 539   -0.0164284 0.0222268 909.454
16 548   0.000585607 0.0179585 801.332
16 549   0.00241337 0.019096 756.195
16 550   0.00351059 0.0167462 742.75
16 551   0.00386959 0.0180272 742.612
16 552   0.00205147 0.0163202 749.118
16 553   0.000582701 0.0164636 789.343
16 554   0.00289342 0.0137688 714.271
16 555   0.00189195 0.0150427 733.314
16 556   0.00250169 0.0126735 699.806
16 567   -0.00407697 0.0221606 911.741
16 568   -0.00554575 0.024064 905.695
16 580   -0.00187304 -0.0224592 880.571
16 581   -0.00122842 -0.01935 891.444
16 590   0.00640953 0.0242533 699.136
16 592   0.00531905 0.0217808 715.026
16 593   0.00640953 0.0201163 723.112
16 598   -0.047157 0.0161292 898.171
16 599   -0.0473562 0.0130368 904.47
16 600   -0.0423562 0.0130368 922.775
16 601   -0.0386393 0.0173355 960.857
16 602   -0.0432963 0.016798 918.516
16 603   -0.0410176 0.0154603 934.788
16 604   -0.00211264 0.0148071 897.988
16 605   -0.00119733 0.0129056 795.31
16 606   -0.00344381 0.0136294 943.572
16 607   -0.00210467 0.0131835 889.397
16 608   -0.00260174 0.0139531 910.612
16 609   -0.00255436 0.0125106 904.09
16 695   -0.00347233 0.0129808 952.05
16 696   -0.00307995 0.0126317 933.364
16 697   -0.00433902 0.0125676 952.624
16 698   -0.00391409 0.0126903 968.753
16 699   -0.00413019 0.0121124 902.202
16 700   -0.0044219 0.0122176 894.82
16 701   -0.00438587 0.0117607 786.618
16 702   -0.00419442 0.011861 823.651
16 886   0.00712826 -0.0108483 778.463
16 888   0.00694239 -0.01051 775.337
16 889   0.00731413 -0.0103152 630.11
16 905   -0.0403084 -0.024248 908.921
16 906   -0.0379856 -0.0246224 921.794
16 907   -0.0371086 -0.0222643 954.672
16 926   -0.041146 0.0249968 891.889
16 927   -0.0391982 0.0261903 893.357
16 976   -0.00540924 -0.0212495 941.763
16 977   -0.00387635 -0.0231879 897.702
16 978   -0.0051536 -0.0249924 889.965
16 998   -0.0400713 0.0190121 959.357
16 999   -0.04235 0.0186832 928.21
16 1000   -0.0429353 0.0206988 909.687
16 1001   -0.0396827 0.0216245 942.191
16 1002   -0.0414074 0.0226423 916.933
16 1008   -0.00563656 -0.0156446 862.817
16 1009   -0.00545296 -0.0194271 944.078
16 1010   -0.00681765 -0.0175868 921.326
16 1011   -0.00327546 -0.0182563 898.663
16 1012   -0.00345906 -0.0161405 860.782
16 1033   -0.050157 -0.00544904 912.085
16 1036   -0.0485442 -0.0149834 897.941
16 1037   -0.0489855 -0.00941762 909.055
16 1038   -0.0513285 -0.0114737 903.395
16 1039   -0.0435751 -0.0109747 916.085
16 1040   -0.0464218 -0.0113936 909.766
16 1041   -0.0459806 -0.0144611 906.687
16 1042   -0.0421363 -0.0127696 921.592
16 1043   -0.0433703 -0.0152279 917.009
16 1044   -0.0396999 -0.0119607 928.151
16 1045   -0.0387182 -0.0134076 935.421
16 1046   -0.04237 -0.0198685 922.863
16 1047   -0.0420418 -0.0170893 929.337
16 1048   -0.0389929 -0.0207109 924.83
16 1049   -0.0405392 -0.0215624 948.859
16 1050   -0.0386079 -0.0180057 964.499
16 1051   -0.039826 -0.0160779 946.44
16 1062   -0.00582456 0.0188288 956.405
16 1063   -0.00436065 0.018674 945.77
16 1064   -0.006115 0.0206944 930.552
16 1065   -0.00465109 0.0205396 949.13
16 1093   -0.0113337 0.0229305 923.623
16 1094   -0.0100179 0.0209768 953.345
16 1095   -0.00947861 0.0246791 912.448
16 1096   -0.00750974 0.0234973 933.071
16 1097   -0.00750487 0.0217486 941.881
16 1103   -0.0510348 0.0324944 672.486
16 1106   -0.0472054 0.029859 695.005
16 1107   -0.044275 0.0323645 701.264
16 1113   -0.0461689 -0.032367 686.35
16 1138   -0.0345581 0.021029 957.426
16 1139   -0.0329412 0.0230869 930.315
16 1140   -0.0348515 0.0252982 915.952
16 1141   -0.0374423 0.0226435 953.821
16 1142   -0.0372192 0.0248547 920.16
16 1173   -0.00142946 -0.0305536 721.735
16 1174   -5.85112e-05 -0.0259008 768.542
16 1175   0.00340861 -0.0261927 721.042
16 1178   0.00385844 -0.0336152 676.344
16 1179   0.000216874 -0.0336152 694.063
16 1195   0.000220248 0.0322307 690.899
16 1198   0.00568308 0.032242 672.086
16 1199   0.00385408 0.0294727 682.38
16 1200   -0.00329533 -0.012737 711.189
16 1203   -0.00230021 -0.0142801 789.269
16 1204   -0.000981306 -0.0137223 801.835
16 1215   -0.0117161 -0.0230269 916.822
16 1216   -0.00944955 -0.0250051 908.016
16 1217   -0.00745293 -0.0220848 950.83
16 1218   -0.00736548 -0.024063 915.767
16 1324   -0.0505646 -0.0249962 723.407
16 1325   -0.0490994 -0.0299101 685.106
16 1326   -0.0510348 -0.0325431 672.316
16 1342   0.00360986 -0.012824 968.901
16 1343   0.00391233 -0.0124394 946.306
16 1344   0.00308418 -0.0125027 964.844
16 1346   0.00359413 -0.0120845 961.522
16 1347   0.00317917 -0.0121518 968.303
16 1366   -0.00332553 0.0121667 950.754
16 1367   -0.00381963 0.0120865 966.056
16 1368   -0.00368642 0.0123145 966.977
16 1381   -0.00926857 -0.021009 956.804
16 1382   -0.0114477 -0.021009 931.981
16 1395   -0.0329989 -0.0212257 942.649
16 1396   -0.035482 -0.0212257 963.901
16 1415   0.00567922 -0.0322303 673.051
16 1416   0.00567922 -0.0294606 682.147
16 1457   -0.00499739 0.0118836 792.043
16 1458   -0.00474392 0.0115731 712.967
16 1459   -0.00468753 0.0119897 821.439
16 1460   -0.00458726 0.0117842 780.518
16 1461   -0.00521832 0.0114733 733.906
16 1462   -0.00493159 0.0115674 718.901
16 1463   -0.00508479 0.0116723 756.806
16 1465   -0.00512918 0.0113348 687.468
16 1466   -0.00500105 0.0114019 665.728
16 1496   -0.0242685 -0.0325 893.881
16 1497   -0.0289095 -0.0299514 895.971
16 1498   -0.0186629 -0.0295179 895.813
16 1499   -0.0294627 -0.0249514 910.584
16 1500   -0.0260492 -0.0225 910.567
16 1505   -0.000545152 0.0135158 762.254
16 1506   0.000834786 0.0145576 738.142
16 1507   -0.00010872 0.0151953 794.042
16 1508   -0.000963391 0.0146476 834.202
16 1509   0.00144671 0.0131344 703.712
16 1510   0.000256005 0.0132504 711.959
16 1511   0.000781272 0.0137446 718.083
16 1514   0.00125085 0.0125867 696.567
16 1515   0.000592037 0.0126936 694.159
16 1526   -0.0146436 -0.0220179 911.609
16 1528   -0.0221388 -0.0225 906.906
16 1529   -0.0184631 -0.0245179 904.864
52 204   -0.00464292 0.00101367 809.403
52 205   -0.000700068 0.00114456 827.818
52 206   0.0012644 -0.00223774 833.921
52 207   -0.000709075 -0.00113179 823.075
52 208   -0.0065167 0.00213495 795.893
52 209   0.00324768 0.00117657 803.901
52 210   0.00124461 0.00454902 810.732
52 211   -0.00269385 -0.00224859 805.614
52 212   -0.00264146 0.00223521 836.664
52 213   -0.0046863 -0.00119378 790.227
52 214   0.00121123 0.00226065 817.98
52 215   -0.00277831 -0.00441713 794.58
52 216   -0.0102518 0.00358899 736.36
52 217   -0.00835507 0.00106885 741.914
52 218   0.00710964 -0.00124045 766.763
52 219   0.00492673 0.00234098 781.162
52 220   -0.00628566 0.00425957 846.92
52 221   0.00929583 -0.0037946 751.216
52 222   0.00840927 -0.00521772 811.438
52 223   0.00355926 0.00718588 769.713
52 224   0.00301418 0.0053484 786.208
52 225   -0.0100731 0.00174538 717.524
52 226   -0.00629387 -0.00222201 767.55
52 227   0.00614444 0.00531856 767.946
52 228   0.00465986 0.00422445 779.473
52 229   -0.00897919 0.00514006 789.52
52 230   0.00654095 0.00178128 761.163
52 231   0.0086647 -0.00205723 742.87
52 232   0.0102004 -0.000875674 707.476
52 233   -0.00745303 0.00531049 854.647
52 234   0.00733594 0.000466621 747.622
52 235   0.0108424 -0.00323637 720.711
52 236   -0.00864738 -0.000659228 724.233
52 237   -0.00779328 -0.00173215 743.399
52 238   0.0078601 0.00289241 755.444
52 239   0.010085 0.000323439 702.495
52 240   0.00492411 -0.00768597 930.899
52 241   0.00899531 0.00216176 723.293
52 242   -0.00697402 0.00690795 904.067
52 243   0.00877558 0.000848961 718.329
52 244   0.0112541 -0.00133803 699.778
52 245   -0.00604421 0.00753894 926.963
52 246   -0.0112518 0.000651673 702.362
52 247   -0.00867702 -0.00282813 750.226
52 248   -0.00767745 0.00780259 914.386
52 249   -0.0099856 -0.00109114 700.894
52 250   0.00998129 0.00222234 697.911
52 251   0.0108044 0.00107051 691.278
52 252   -0.0097383 -0.00272785 707.457
52 253   0.00496886 -0.00878185 961.963
52 254   -0.0108662 -0.000771126 694.866
52 255   -0.0101928 -0.00206379 693.532
52 256   -0.00491189 0.00919506 968.025
52 257   -0.00612442 0.00858901 958.992
52 258   -0.0112353 -0.000245746 698.253
52 259   0.0104531 0.00263621 687.968
52 260   0.00431455 -0.00931013 967.313
52 261   0.0114988 0.00111501 686.519
52 262   -0.00563862 0.00914148 968.179
52 263   -0.00475865 0.00984332 946.233
52 264   -0.0108695 -0.00214887 681.903
52 265   -0.00598479 0.00969781 950.825
52 266   -0.0113397 -0.00134744 686.611
52 267   0.00459024 -0.00987161 948.462
52 268   -0.00517673 0.0102382 868.146
52 269   0.00381041 -0.0102829 945.828
52 270   -0.00582844 0.0100476 912.429
52 271   -0.0111358 -0.00175255 682.349
52 272   -0.00550712 0.0102558 875.607
52 273   0.0113449 0.00176142 679.649
52 274   0.00502519 -0.00995887 920.27
52 275   0.0111222 0.00213078 677.735
52 276   0.00438982 -0.0101821 906.307
52 277   0.00414311 -0.0103339 899.015
52 278   0.00564182 -0.0102746 869.592
52 279   -0.0110575 -0.00247134 677.236
52 280   -0.00460905 0.0104744 814.511
52 281   -0.0116996 -0.00132201 686.733
52 282   0.00504025 -0.0102737 854.661
52 283   -0.0114275 -0.00191199 678.031
52 284   -0.00502481 0.0105401 795.862
52 285   0.00529717 -0.0103862 837.072
52 286   -0.00634869 0.00973298 943.678
52 287   0.00426215 -0.0106347 809.584
52 288   0.00525331 -0.0105816 799.695
52 289   -0.0116939 -0.0016315 682.589
52 290   0.0113317 0.00226373 673.896
52 291   0.00464398 -0.0103896 832.493
52 292   0.0115985 0.00180435 677.727
52 293   0.00485945 -0.010394 822.278
52 294   -0.0113307 -0.00227638 674.069
52 295   -0.0048141 0.0105611 777.424
52 296   -0.0116257 -0.00181638 679.541
52 297   0.0117416 0.0017833 678.371
52 298   -0.0114345 -0.00211335 674.81
52 299   0.00490299 -0.0105853 769.882
52 300   0.00503993 -0.0106603 759.033
52 301   -0.00510406 0.0107205 763.072
52 302   0.0113646 0.00239586 672.717
52 303   -0.0115999 -0.00213665 673.323
52 304   0.0115505 0.00229702 670.553
52 305   -0.0114447 -0.00235936 671.835
52 306   -0.0117304 -0.0019458 677.992
52 307   -0.00465158 0.0108437 559.75
52 308   0.00449707 -0.0108218 678.201
52 309   0.00501533 -0.0107885 705.028
52 310   0.0117045 0.00200154 674.961
52 311   -0.011697 -0.00209614 674.953
52 312   -0.011576 -0.00228954 670.622
52 313   -0.0116275 -0.00222986 671.183
52 314   -0.0117286 -0.002042 676.422
52 315   0.0117624 0.00205542 674.584
52 316   -0.0117607 -0.00215735 675.102
52 317   -0.0117076 -0.00223695 670.712
52 318   -0.00474271 0.0110204 2.7315
52 428   0.00912294 -0.00646614 830.777
52 456   -0.00427426 -0.00547538 779.551
52 457   -0.00428101 -0.00731148 771.576
52 458   -0.00579738 -0.00433508 773.572
52 459   -0.00627922 -0.00696065 773.396
52 460   -0.00533972 -0.00770401 795.019
52 467   0.00607342 0.00671589 771.808
52 468   0.00513392 0.00745926 789.204
52 509   0.00457904 -0.0108654 566.979
52 557   -0.000354444 0.00520613 835.203
52 558   -0.00232921 0.00400841 855.285
52 559   -0.00173412 0.00648235 874.542
52 560   -0.000350871 0.00640011 834.355
52 561   -0.00165722 0.00751039 879.829
52 563   -0.00115118 0.00932367 798.21
52 564   -0.00174933 0.00929172 866.215
52 565   0.00803847 0.00403247 773.853
52 566   0.00742247 0.00505998 774.222
52 647   -0.00430921 0.0106625 796.348
52 648   -0.00447026 0.0106517 773.972
52 649   -0.00454197 0.0108128 671.066
52 650   -0.00473942 0.00488906 878.121
52 651   -0.00331302 0.00460353 869.782
52 652   -0.0027215 0.00588349 884.716
52 653   -0.0052224 0.00704494 915.192
52 654   -0.00468908 0.00600301 897.231
52 655   -0.00360671 0.00633503 897.839
52 656   -0.00444924 0.00851558 951.636
52 657   -0.00455457 0.00757794 925.367
52 658   -0.00372549 0.00717598 909.809
52 659   -0.00227374 0.00798257 899.929
52 660   -0.00212352 0.00884469 905.442
52 661   -0.0031092 0.00777305 911.852
52 662   -0.00380053 0.00871498 949.211
52 663   -0.00328957 0.0083744 928.211
52 664   -0.00286972 0.00958359 958.973
52 665   -0.00272481 0.00903554 935.22
52 666   -0.00338222 0.0100916 969.056
52 667   -0.00363882 0.00938937 964.366
52 668   -0.00327277 0.00959684 964.222
52 669   -0.00384498 0.0097735 969.247
52 670   -0.00369895 0.010098 964.819
52 671   -0.00426799 0.00994834 949.551
52 672   -0.00435235 0.0102723 893.424
52 673   -0.00415815 0.0105822 843.425
52 675   -0.00406251 0.0103693 907.465
52 676   -0.00383211 0.0103698 937.089
52 693   -0.00462549 0.0109263 418.087
52 694   -0.0046759 0.0109531 275.837
52 729   0.0114706 0.00210086 673.84
52 730   0.0115148 0.00201084 674.915
52 731   0.0116235 0.00205023 673.863
52 732   0.0115919 0.0022209 670.88
52 733   0.0115449 0.00215688 672.349
52 734   0.0116137 0.00212362 672.514
52 735   0.0116608 0.00221378 670.518
52 736   0.0116605 0.0021615 671.676
52 737   0.011712 0.00224069 669.691
52 738   0.00442949 -0.0106289 784.607
52 739   0.00449822 -0.0107277 741.777
52 740   0.0045646 -0.0105357 796.179
52 741   0.00477764 -0.0106403 749.12
52 742   0.00465473 -0.0105952 772.291
52 743   0.00461194 -0.0106738 747.032
52 744   0.00477912 -0.0107169 703.055
52 745   0.00469057 -0.0107211 706.573
52 746   0.00463798 -0.0108452 559.704
52 747   0.0046926 -0.010785 639.478
52 748   0.00471429 -0.0108842 443.931
52 749   0.00464848 -0.0109401 352.851
52 750   0.00465709 -0.0108932 459.149
52 751   0.00472169 -0.0109199 349.948
52 752   0.00468965 -0.0109423 300.657
52 753   0.00469916 -0.0109731 151.93
52 754   -0.00480821 0.0107389 690.91
52 755   -0.0047296 0.010815 582.545
52 756   -0.00492008 0.0107819 675.755
52 757   -0.00489148 0.010868 539.132
52 758   -0.00480806 0.0109009 403.223
52 759   -0.00475804 0.0108909 421.615
52 860   -0.00670705 0.0087378 961.118
52 861   -0.007265 0.0091333 967.737
52 862   -0.00733028 0.00858236 943.76
52 863   -0.00759039 0.00892243 950.711
52 864   -0.00648494 0.00952046 959.356
52 865   -0.00695339 0.00921101 968.823
52 866   -0.00665555 0.00915558 969.308
52 868   -0.00689243 0.00950483 954.838
52 869   -0.00667311 0.00964696 943.28
52 874   -0.00933435 0.00643961 819.047
52 875   -0.00851162 0.00750468 896.401
52 930   0.00818153 -0.00714819 892.117
52 931   0.00842281 -0.00791061 906.566
52 932   0.0056506 -0.00162755 800.825
52 933   0.00295022 -0.00163423 828.8
52 934   0.00366947 -0.000456709 810.912
52 935   0.00445543 -0.00433752 867.231
52 936   0.00559422 -0.00282744 822.442
52 937   0.00426847 -0.00278271 837.045
52 938   0.00689563 -0.00496159 853.928
52 939   0.00617076 -0.00392159 837.814
52 940   0.00539159 -0.00484291 872.22
52 941   0.00566231 -0.00698603 913.771
52 942   0.00653705 -0.00593107 888.797
52 943   0.00569589 -0.00583476 892.45
52 944   0.00737989 -0.00708393 903.16
52 945   0.00683866 -0.00665457 900.666
52 946   0.00635351 -0.00724887 916.335
52 947   0.00719763 -0.00757169 915.491
52 948   0.00659183 -0.00778478 930.11
52 949   0.00758888 -0.00816758 923.386
52 950   0.00654532 -0.00839012 951.708
52 951   0.0074693 -0.00897968 957.798
52 952   0.00727176 -0.00855824 945.569
52 953   0.00566671 -0.00902859 968.083
52 954   0.00626664 -0.00880089 964.902
52 955   0.00568528 -0.010003 912.795
52 956   0.00532556 -0.00979978 941.438
52 957   0.00556915 -0.00948847 965.276
52 958   0.00631298 -0.00984557 928.005
52 959   0.00591675 -0.00953955 960.635
52 960   0.00594097 -0.00984377 933.417
52 961   0.00641598 -0.00918384 969.354
52 962   0.00641387 -0.00962007 948.992
52 963   0.00616365 -0.00946262 963.513
52 964   0.00702442 -0.00913118 969.113
52 965   0.00667332 -0.00919923 969.049
52 966   0.00665909 -0.00948334 957.355
52 969   0.0068972 -0.00948868 953.333
52 970   0.00712319 -0.0093419 966.717
52 1016   0.00158986 -0.00400289 849.308
52 1017   0.00346265 -0.0049542 876.701
52 1018   -0.00113117 -0.00507285 809.947
52 1019   0.00126324 -0.00591265 860.285
52 1020   0.000596852 -0.00464931 841.948
52 1021   0.000234274 -0.00644394 831.095
52 1022   -0.00116384 -0.00622844 801.646
52 1023   0.000320176 -0.00795556 806.919
52 1024   -0.000525269 -0.00886746 752.349
52 1025   -0.00353493 -0.00824686 753.223
52 1026   -0.00169424 -0.00871781 762.486
52 1027   -0.00224691 -0.00759041 771.46
52 1052   0.00301899 0.00836601 754.4
52 1053   0.00187735 0.0087292 762.265
52 1086   0.00100746 0.00889483 748.975
52 1088   0.000352555 0.0079277 785.94
52 1091   -0.000609772 0.00842043 807.674
52 1092   -0.000553023 0.00935562 763.796
52 1126   0.00397104 -0.0072059 912.769
52 1127   0.00341217 -0.0061308 893.487
52 1128   0.00220578 -0.00644283 883.437
52 1129   0.00324475 -0.00789119 916.688
52 1130   0.00235597 -0.00745513 896.397
52 1131   0.00368322 -0.00916831 960.039
52 1132   0.00325523 -0.00863471 936.084
52 1133   0.00271731 -0.00904665 936.816
52 1135   0.00277165 -0.00961901 958.104
52 1136   0.0034271 -0.0100791 969.082
52 1137   0.00332889 -0.00967787 965.972
52 1181   -0.00481579 0.0109536 236.039
52 1220   -0.00843184 -0.00389696 778.881
52 1223   -0.00705162 -0.00491405 773.596
52 1224   -0.00705696 -0.00607521 765.937
52 1331   0.00214928 -0.0092686 900.781
52 1333   0.00107102 -0.00892729 809.641
52 1334   0.00179841 -0.0084206 882.326
52 1545   -0.00471577 0.0109565 209.971
52 1546   -0.0047451 0.0109364 286.979
52 1547   -0.00477612 0.0109587 188.697
52 1550   -0.0047545 0.0110127 4.44042
52 1551   -0.00477263 0.0109821 71.0235
52 1552   -0.00472654 0.0109807 95.3985
52 1553   -0.00475239 0.010984 61.0592
52 1554   -0.00475324 0.0110023 10.9389
52 1556   -0.00471964 0.0109948 48.4353
52 1557   -0.00473516 0.0110031 12.1299
52 1569   0.0117775 0.00216137 673.569
52 1570   0.0117448 0.00212749 673.23
52 1571   0.0117116 0.0021565 672.094
52 1572   0.0117284 0.002216 670.524
52 1573   0.0117284 0.00218409 671.607
52 1574   0.0117609 0.00219184 672.373
52 1575   0.0117856 0.0022266 677.047
52 1578   0.0117691 0.00221938 672.226
52 1579   0.0117532 0.00222904 670.388
52 1580   0.00482542 -0.0107786 642.563
52 1581   0.00476287 -0.0108586 493.97
52 1582   0.0047603 -0.0108074 595.91
52 1585   0.00487599 -0.0108024 621.509
52 1586   0.00493044 -0.0108137 634.861
52 1587   0.00494305 -0.0108654 575.64
52 1588   0.00489065 -0.010906 449.629
52 1589   0.00490533 -0.0108665 540.492
52 1590   0.00487187 -0.0108415 559.91
52 1591   0.00484266 -0.0108619 507.073
52 1592   0.00480508 -0.0108761 459.306
52 1593   0.00485513 -0.0109005 432.739
52 1594   0.00482178 -0.0109572 192.494
52 1595   0.00483421 -0.0109207 370.811
52 1596   0.00480089 -0.0109087 377.907
52 1597   0.00475261 -0.0109357 278.325
52 1598   0.00479164 -0.01096 169.313
52 1599   0.00478528 -0.0109305 294.901
52 1600   0.00472367 -0.010973 120.749
52 1601   0.00474508 -0.010958 191.618
52 1602   0.00476035 -0.0109977 18.496
52 1603   0.00476746 -0.0109763 96.6521
52 1604   0.00474577 -0.0110165 4.48135
52 1607   0.00472836 -0.0109952 37.1445
52 1608   0.00474266 -0.0110016 13.1826
52 1766   -0.0117601 -0.00218745 674.895
52 1767   -0.0117436 -0.00220907 673.172
52 1769   -0.0117722 -0.00223023 678.431
52 1770   -0.0117739 -0.0022206 676.059
52 1771   -0.0117886 -0.00222098 727.988
52 1772   -0.0117884 -0.00222923 784.356
end
