979
52 249   -0.00272366 0.00226917 968.689
52 250   -0.00472454 0.00116658 964.577
52 251   -0.00460596 -0.00116457 964.01
52 252   -0.00271332 0.00449662 969.589
52 253   -0.00072097 0.00108072 968.994
52 254   -0.000715971 -0.00111922 969.006
52 255   -0.00260008 -0.00226192 968.75
52 256   0.00123758 0.00209139 969.193
52 257   0.00313624 -0.00119175 967.57
52 258   -0.00878689 4.19413e-05 924.108
52 259   0.00308474 0.000958334 967.387
52 260   0.00501441 -0.0020568 965.023
52 261   -0.00247358 -0.00427713 969.505
52 262   0.00487607 0.00184265 963.131
52 263   -0.000686798 -0.00531163 968.626
52 264   -0.00446621 0.00553041 969.581
52 265   0.00677554 0.00442047 954.046
52 266   0.00496602 0.00372739 966.76
52 267   -0.00611901 -0.00221213 956.578
52 268   -0.00792666 -0.00162648 930.921
52 269   -0.00629782 0.00220209 961.597
52 270   -0.00797952 0.00165458 940.847
52 271   0.00911203 -6.00636e-05 918.356
52 272   0.0080371 0.00142163 927.528
52 273   0.00637358 0.000813948 952.694
52 274   0.00646042 -0.000935414 955.259
52 275   0.00811657 -0.00152572 936.165
52 276   -0.00380951 -0.00534883 967.287
52 277   0.00528584 -0.00360992 967.671
52 278   -0.000137086 -0.00815224 961.955
52 279   -0.000954728 -0.00691787 963.331
52 280   0.00302206 0.00804309 934.912
52 281   0.00442671 -0.00485775 969.512
52 282   -0.00598539 -0.00396557 962.942
52 283   -0.00512921 -0.00508374 969.074
52 284   -0.00453162 0.00702069 968.741
52 285   -0.00375833 0.00797792 965.083
52 286   -0.00737638 -0.00450314 945.325
52 287   -0.00588547 0.00493925 969.346
52 288   -0.00637992 0.00383508 967.729
52 289   0.00781883 -0.00366502 964.977
52 290   0.00862266 -0.00268416 943.431
52 291   -0.001275 -0.00923008 954.753
52 292   -0.00353092 -0.00690829 945.596
52 293   -0.00246292 -0.00744283 949.709
52 294   0.00556822 -0.00697192 969.404
52 295   0.00664933 -0.00406883 967.886
52 296   -0.00251355 -0.00870274 941.176
52 297   0.00546324 -0.00582124 969.632
52 298   -0.00763117 0.00440558 966.245
52 299   -0.00126971 -0.0101826 955.423
52 300   -0.00587708 0.007529 968.845
52 301   -0.00342334 -0.00922886 925.77
52 302   0.00650662 -0.00528661 969.524
52 303   -0.00685932 0.00586008 969.518
52 304   0.00399689 0.00900694 903.052
52 305   -0.00444866 -0.0075751 903.495
52 306   0.00658592 -0.0072819 969.072
52 307   0.00837647 -0.00451537 966.104
52 308   -0.00671911 0.00730755 968.823
52 309   0.00721427 -0.00578642 969.471
52 310   -0.00772332 0.00545927 962.021
52 311   0.00535002 0.00824648 825.547
52 312   -0.00533137 -0.00745657 851.651
52 313   -0.00704941 0.006661 968.054
52 314   -0.00579545 0.00842637 958.631
52 315   0.00791462 -0.00541899 957.05
52 316   -0.00421005 -0.00890836 890.127
52 317   0.00718859 -0.00663104 967.562
52 318   -0.00833806 0.00602024 968.4
52 319   -0.00344297 -0.010018 945.197
52 320   0.00693817 -0.00792708 968.35
52 321   0.00481937 0.00879106 856.623
52 322   0.00836891 -0.00601497 968.192
52 323   -0.00450263 -0.00836399 877.965
52 324   0.00778307 -0.00691144 958.46
52 325   -0.00784686 0.00690256 957.621
52 326   0.00826304 -0.00666281 956.213
52 327   -0.0082715 0.00666262 957.326
52 328   -0.00410352 -0.0102551 949.102
52 329   0.00591496 0.00851217 796.905
52 330   0.0051555 0.00933859 832.791
52 331   0.0075988 -0.00776391 955.366
52 332   0.0058073 0.00912275 792.979
52 333   -0.00787205 0.00771259 940.857
52 334   0.00863461 -0.00702681 932.23
52 335   -0.004034 -0.0107388 968.898
52 336   -0.00803686 0.00738219 938.699
52 337   0.00784103 -0.00739913 947.709
52 338   -0.00867436 0.00702381 934.424
52 339   0.00557849 0.00940458 797.064
52 340   0.00797719 -0.00829852 935.087
52 341   -0.00440723 -0.0108484 968.434
52 342   0.00790243 -0.00800623 937.294
52 343   0.00852943 -0.00738366 911.156
52 344   0.00821582 -0.00750735 922.186
52 345   0.00837963 -0.00827403 890.116
52 346   -0.00818023 0.0079771 913.188
52 347   -0.00843359 0.00748314 911.019
52 348   0.00537819 0.00996729 793.243
52 349   0.00563716 0.00979169 772.605
52 350   -0.0081938 0.00824002 912.199
52 351   -0.00864645 0.0073647 910.231
52 352   0.00822625 -0.0078093 912.127
52 353   0.00871736 -0.00757317 885.154
52 354   -0.00845776 0.00790203 883.916
52 355   -0.00854631 0.00773847 883.465
52 356   0.00542314 0.0101922 770.818
52 357   0.00843843 -0.00787859 889.84
52 358   0.00851704 -0.00805103 853.536
52 359   0.00579049 0.00993791 737.273
52 360   -0.00845184 0.00827873 875.164
52 361   -0.00885805 0.00754493 888.562
52 362   0.00861593 -0.00776616 862.86
52 363   -0.00862463 0.00804081 804.878
52 364   -0.00553063 -0.010253 730.868
52 365   -0.00875297 0.00778827 814.775
52 366   0.00888525 -0.00757195 873.533
52 367   -0.00885185 0.00771317 838.945
52 368   0.00870544 -0.00800935 767.43
52 369   -0.00860514 0.0081546 804.61
52 370   0.00575218 0.0101552 677.246
52 371   0.00873317 -0.00785858 791.759
52 372   0.00560189 0.0102403 705.293
52 373   0.00569814 0.0102304 654.519
52 374   -0.00556085 -0.0103874 664.201
52 375   0.00888957 -0.00773432 814.769
52 376   0.00880097 -0.00804335 716.223
52 377   0.00883892 -0.00782796 766.115
52 378   -0.00895284 0.00778665 816.505
52 379   -0.00565143 -0.0103963 544.107
52 380   -0.00571227 -0.0103612 508.005
52 381   0.00895973 -0.00776027 813.688
52 382   -0.00565046 -0.0105083 376.322
52 383   -0.00566976 -0.0104595 412.339
52 384   0.00567077 0.0105093 307.22
52 385   0.00897297 -0.00783536 777.678
52 386   -0.00568684 -0.0105339 176.415
52 420   0.00777373 -0.00862346 960.575
52 449   0.00704774 0.00571168 962.49
52 464   -0.00743388 -0.00560761 955.527
52 481   -0.00222546 -0.0104826 945.884
52 482   -0.00295591 -0.0103412 954.959
52 483   -0.00371343 -0.0109936 966.744
52 484   -0.00308094 -0.0111459 964.754
52 485   -0.00329589 -0.0108331 967.531
52 505   -0.00459059 -0.00939333 875.224
52 506   -0.00494312 -0.00935494 847.398
52 507   -0.0044193 -0.0101035 920.851
52 508   -0.00450955 -0.00979845 893.602
52 509   -0.00460011 -0.0103394 928.146
52 510   -0.00478971 -0.0102393 893.377
52 511   -0.00465756 -0.0106006 953.127
52 512   -0.00509725 -0.0106648 899.172
52 513   -0.00493097 -0.0103822 887.243
52 514   -0.00493233 -0.0107217 942.452
52 515   -0.00484395 -0.0105909 932.114
52 516   -0.00504502 -0.00970041 839.227
52 517   -0.00492297 -0.0100771 862.436
52 518   -0.00482363 -0.00987215 866.174
52 519   -0.00540644 -0.0102013 774.402
52 520   -0.00514862 -0.0100994 828.41
52 521   -0.00531096 -0.0100391 799.802
52 522   -0.00509274 -0.0103571 851.304
52 523   -0.00531106 -0.0102866 793.543
52 524   -0.00517712 -0.0102365 825.039
52 525   -0.00517611 -0.0105723 857.143
52 526   -0.00516517 -0.0104455 841.855
52 527   -0.00530232 -0.0104052 797.611
52 530   -0.00529941 -0.010619 825.92
52 531   -0.00543838 -0.0105951 760.17
52 532   -0.00536237 -0.0104738 779.428
52 533   -0.00534853 -0.0105609 793.877
52 534   -0.00547808 -0.0105418 718.744
52 535   -0.00551528 -0.0104496 684.04
52 536   -0.00544973 -0.0104692 737.225
52 537   -0.00553357 -0.0105439 644.014
52 538   -0.00560927 -0.0105193 482.214
52 539   -0.00556385 -0.0104954 603.097
52 541   -0.00560045 -0.0105605 479.703
52 542   -0.00555753 -0.0105753 591.29
52 557   0.0046285 0.00984347 885.625
52 558   0.00513502 0.0098807 829.291
52 559   0.004971 0.00963909 846.028
52 560   0.00461898 0.0104533 940.303
52 561   0.004661 0.0101006 899.944
52 562   0.00492404 0.0100695 864.022
52 563   0.00504523 0.0106795 909.381
52 564   0.00482001 0.0105382 927.867
52 565   0.00494404 0.0103063 876.346
52 566   0.00530884 0.0103049 792.736
52 567   0.00521611 0.0105261 835.459
52 568   0.00512241 0.0103692 844.638
52 569   0.00538718 0.0105145 769.593
52 570   0.00541789 0.0104092 756.706
52 572   0.00547493 0.0105788 727.572
52 573   0.00561188 0.0105428 456.861
52 574   0.00554544 0.0105183 624.532
52 614   -0.00894666 0.00785632 770.154
52 615   -0.00898409 0.00786524 790.554
52 630   -0.00626663 0.00886806 938.42
52 631   -0.00722173 0.00910972 934.416
52 632   -0.00666657 0.00878067 949.28
52 633   -0.0067906 0.00920852 899.641
52 634   -0.00731689 0.00877678 968.231
52 635   -0.00699271 0.008511 968.586
52 636   -0.00719458 0.00799852 967.128
52 637   -0.00757092 0.00797442 957.592
52 638   -0.00805075 0.00845494 933.33
52 639   -0.00773606 0.00845386 956.92
52 640   -0.0076839 0.00874374 966.762
52 672   -0.00576234 -0.0105228 2.82489
52 675   -0.00575333 -0.0105259 3.89813
52 678   -0.00571508 -0.0105241 73.93
52 702   0.00887694 -0.00790104 722.22
52 703   0.00886672 -0.00796566 704.823
52 704   0.00894083 -0.0078825 731.33
52 705   0.00895877 -0.00792427 706.343
52 707   0.0089069 -0.00798174 692.19
52 708   0.00893505 -0.0079589 689.597
52 714   0.00901015 -0.00792035 922.638
52 717   0.00900501 -0.00790915 809.687
52 718   0.00899329 -0.0079206 717.89
52 724   0.00496004 -0.00771952 966.079
52 725   0.00404157 -0.00795861 965.007
52 726   0.005281 -0.00875391 949.721
52 727   0.00579967 -0.00906723 924.596
52 728   0.00576586 -0.00982046 850.095
52 729   0.00617817 -0.00997535 791.025
52 736   0.00195957 -0.00228132 969.077
52 737   0.000628585 -0.00223595 969.341
52 738   0.000531259 -0.00441315 969.548
52 739   0.00324598 -0.00494581 969.642
52 740   0.00226038 -0.00392958 969.591
52 741   0.00146412 -0.00498745 969.483
52 742   0.00337514 -0.00727322 967.641
52 743   0.0030079 -0.00597152 969.34
52 744   0.00189153 -0.00603584 968.992
52 745   0.00104826 -0.00803563 964.772
52 746   0.00187609 -0.00695116 967.783
52 747   0.00264146 -0.00772394 966.383
52 748   0.00233114 -0.00866864 963.721
52 749   0.00129612 -0.00894817 963.33
52 750   0.000432122 -0.0107895 967.605
52 751   0.000970038 -0.00995806 962.541
52 752   0.00074817 -0.0114793 967.882
52 758   -0.00111515 -0.011544 953.797
52 760   -0.000138835 -0.0111384 966.826
52 761   -0.000646146 -0.0108499 964.374
52 764   -0.00127871 0.00553589 969.139
52 765   0.00180638 0.0080241 953.075
52 766   0.000654831 0.00704387 963.908
52 767   0.00059646 0.00892102 959.467
52 768   0.00168231 0.00898976 952.453
52 769   0.0022627 0.0099046 948.453
52 770   0.00277037 0.0112361 945.177
52 863   -0.00218171 -0.0109547 934.395
52 864   -0.00269721 -0.011126 941.717
52 865   -0.00260973 -0.0114609 906.676
52 945   -0.00562851 -0.0081048 806.052
52 946   -0.00595404 -0.00836868 794.186
52 947   -0.00516223 -0.00845571 838.061
52 948   -0.00517079 -0.00914872 831.965
52 949   -0.0052736 -0.00877468 829.653
52 950   -0.00567954 -0.00876595 807.544
52 953   -0.00581639 -0.00904484 796.208
52 954   -0.005833 -0.00947818 777.607
52 955   -0.00567065 -0.00923937 797.385
52 956   -0.00543099 -0.00933453 810.33
52 957   -0.00548221 -0.00957969 798.725
52 958   -0.00569596 -0.00963149 778.386
52 959   -0.00540934 -0.00990323 791.526
52 960   -0.00532392 -0.00973936 808.706
52 963   -0.00577727 -0.00980242 757.956
52 964   -0.00579268 -0.010031 715.159
52 965   -0.00570679 -0.00989424 754.246
52 966   -0.00559108 -0.00993476 765.111
52 967   -0.00560947 -0.0101735 722.311
52 968   -0.00562431 -0.0100713 742.841
52 969   -0.0057274 -0.0101024 710.371
52 971   -0.00574717 -0.0103071 556.474
52 972   -0.00570655 -0.0102386 650.694
52 973   -0.00576662 -0.0101878 657.758
52 1005   -0.00684372 -0.00628514 969.291
52 1006   -0.00593005 -0.00629884 962.236
52 1007   -0.00591396 -0.00715243 894.752
52 1041   -0.00442003 0.00881748 958.02
52 1042   -0.00511169 0.00875762 950.259
52 1043   -0.00520909 0.00937692 927.865
52 1044   -0.0041864 0.00950824 956.898
52 1045   -0.00473525 0.00968926 942.586
52 1046   -0.00482508 0.0102242 947.771
52 1048   -0.00520101 0.0104202 927.476
52 1049   -0.00551722 0.0103072 854.324
52 1118   0.00569736 0.0105364 134.236
52 1139   0.00268097 -0.0094821 961.929
52 1140   0.00351802 -0.00965452 962.158
52 1141   0.00401012 -0.0091079 958.767
52 1142   0.00468207 -0.00930519 947.343
52 1143   0.00436982 -0.0105957 968.081
52 1144   0.00376909 -0.0103953 968.099
52 1145   0.00540785 -0.0100391 881.057
52 1146   0.00473865 -0.0102673 953.825
52 1147   0.00484274 -0.00983712 936.772
52 1149   0.00514537 -0.0105259 939.158
52 1150   0.00546217 -0.0104126 868.479
52 1179   0.005767 0.0103688 439.014
52 1180   0.00573282 0.0103314 540.068
52 1181   0.00558504 0.0103486 664.769
52 1182   0.00555515 0.0104495 637.121
52 1183   0.00551535 0.0104047 699.16
52 1184   0.00568363 0.010362 549.99
52 1185   0.00561757 0.0104175 574.948
52 1186   0.0056321 0.0103692 604.923
52 1187   0.00568737 0.0104047 481.863
52 1188   0.00565574 0.0104342 489.159
52 1189   0.00567776 0.0104713 366.925
52 1190   0.00574404 0.0104154 369.519
52 1191   0.0057136 0.0104206 411.274
52 1192   0.00575823 0.0104505 211.501
52 1193   0.00574091 0.0104637 208.275
52 1194   0.00571336 0.0104525 331.625
52 1195   0.00570915 0.0104737 278.616
52 1196   0.00572842 0.0104886 147.295
52 1197   0.00574496 0.0104812 119.386
52 1198   -0.00878338 0.00790561 757.663
52 1199   -0.00883839 0.00801584 706.815
52 1200   -0.00874358 0.0079946 748.362
52 1201   -0.00879738 0.00804904 715.521
52 1202   -0.00891263 0.00789119 730.244
52 1203   -0.00885708 0.00791556 727.261
52 1204   -0.00885828 0.00797134 708.526
52 1206   -0.00890718 0.00798076 694.87
52 1209   -0.00892528 0.00792353 710.474
52 1210   -0.0089427 0.00796618 690.78
52 1211   -0.00891862 0.0079573 697.914
52 1212   -0.0089519 0.00794454 697.419
52 1213   -0.00894682 0.00792028 711.095
52 1214   -0.00896397 0.00790472 730.234
52 1215   -0.00897926 0.00788901 768.13
52 1216   -0.00899849 0.00789338 796.88
52 1248   -0.0083803 0.00394916 967.036
52 1249   -0.00881075 0.00283115 946.018
52 1472   -0.00259181 0.00799256 965.657
52 1473   -0.00154324 0.00710328 967.253
52 1474   -0.000345661 0.0084408 962.719
52 1475   -0.000411358 0.00752932 964.82
52 1476   -0.00235055 0.00887314 963.406
52 1477   -0.00123629 0.00889534 963.269
52 1478   -0.00155802 0.0114042 914.884
52 1479   -0.0012484 0.00974752 961.746
52 1480   -0.00198571 0.0100964 958.776
52 1481   -0.00202985 0.0109293 929.619
52 1482   -0.00253603 0.0112317 906.75
52 1483   -0.00376101 0.00984994 962.971
52 1484   -0.0026091 0.0099796 961.343
52 1485   -0.00298605 0.00960855 962.234
52 1486   -0.00291085 0.0109091 955.695
52 1487   -0.00302806 0.0104899 962.407
52 1490   -0.00356535 0.0110995 968.752
52 1491   -0.00324913 0.0112126 966.763
52 1495   0.00231015 -0.0100074 959.694
52 1496   0.00163424 -0.0102038 958.028
52 1497   0.00125795 -0.0113036 951.817
52 1498   0.00160611 -0.0108595 948.336
52 1500   0.00141597 -0.0116485 929.753
52 1501   0.00175243 -0.0116466 854.829
52 1518   -0.00561405 0.00961202 890.038
52 1519   -0.00567426 0.0100638 835.961
52 1520   -0.00624892 0.00972359 831.046
52 1521   -0.00598784 0.00943441 884.773
52 1523   -0.00597771 0.0101935 765.256
52 1524   -0.00617858 0.0100308 788.056
52 1550   0.000147679 0.0114181 965.775
52 1551   0.000382071 0.00980001 961.831
52 1552   -0.00057216 0.010172 963.947
52 1553   -0.000837636 0.0109957 965.765
52 1554   -0.000356014 0.0114151 967.51
52 1555   0.00169334 0.0102671 950.88
52 1556   0.000898565 0.0102313 959.953
52 1557   0.000593855 0.0110236 967.782
52 1558   0.00088086 0.0114379 965.783
52 1559   0.00127185 0.0112417 945.11
52 1560   0.00177961 0.0108632 941.418
52 1561   0.0023877 0.0112488 910.012
52 1562   0.00205745 0.0111245 919.555
52 1564   0.00210695 0.0116667 795.711
52 1565   0.0023245 0.0115918 847.682
52 1573   0.00132936 0.0116391 926.71
52 1582   -0.00148096 -0.0114004 916.04
52 1583   -0.00183648 -0.011204 915.394
52 1584   -0.00232543 -0.011483 868.33
52 1585   -0.00193646 -0.011595 824.422
52 1586   -0.00206768 -0.0113973 879.293
52 1589   -0.00228169 -0.0116504 821.673
52 1590   -0.00210674 -0.0117109 777.786
52 1598   -0.0015344 -0.011692 877.427
52 1599   -0.00175871 -0.0116932 817.698
52 1600   0.00260939 -0.0105573 955.066
52 1601   0.00256482 -0.0114266 881.136
52 1602   0.0020849 -0.0113679 880.542
52 1603   0.00209661 -0.0109258 937.371
52 1604   0.00340025 -0.0107237 967.587
52 1605   0.00289805 -0.0110997 949.238
52 1606   0.00293091 -0.0106727 958.703
52 1608   0.00320899 -0.0112075 964.118
52 1609   0.00352579 -0.0110942 969.065
52 1662   0.00389758 0.0105993 967.122
52 1663   0.00295997 0.0102071 951.794
52 1664   0.00414486 0.0100269 930.843
52 1665   0.00368791 0.00979045 931.947
52 1666   0.00305111 0.0108182 962.405
52 1667   0.00353177 0.0109739 968.16
52 1669   0.00448284 0.0107191 966.417
52 1670   0.00419556 0.010818 967.194
52 1768   -0.00444486 0.0104784 967.704
52 1769   -0.00392964 0.0102852 967.297
52 1770   -0.00377265 0.0108603 969.126
52 1771   -0.00357365 0.0105541 968.407
52 1773   -0.00418836 0.0109004 967.103
52 1774   -0.00450458 0.0107874 969.376
52 1822   -0.00877215 -0.00276853 922.359
52 1823   -0.00835549 -0.00389175 930.58
52 1857   0.00100136 0.00375834 969.651
52 1858   -0.000214161 0.00495531 969.276
52 1859   0.000587499 0.00603726 967.461
52 1860   0.00358071 0.00446242 969.558
52 1861   0.00156161 0.00542887 968.247
52 1862   0.00204444 0.0042517 969.586
52 1863   0.00317092 0.00687793 948.648
52 1864   0.00253016 0.00580472 965.789
52 1865   0.0036656 0.00547447 967.678
52 1866   0.0051175 0.00753952 862.889
52 1867   0.00417973 0.00695512 934.897
52 1868   0.004433 0.00614024 959.832
52 1893   0.00667065 -0.00842977 966.184
52 1894   0.00622889 -0.0088455 937.404
52 1895   0.00722104 -0.008709 966.808
52 1896   0.00708524 -0.0091212 924.273
52 1897   0.0064244 -0.00965322 829.768
52 1898   0.00674726 -0.00927307 883.029
52 1899   0.0064413 -0.0092766 886.49
52 1902   0.00683016 -0.00956871 827.345
52 1903   0.00663055 -0.00973066 808.787
52 1942   -0.00675217 0.00950377 844.859
52 1943   -0.0065513 0.00966642 824.642
52 2068   0.00158121 0.0116405 874.337
52 2071   0.00191423 0.0117037 787.745
52 2072   0.00180152 0.0115045 863.444
52 2110   0.00855745 0.0025818 922.454
52 2111   0.00814079 0.00370502 933.261
52 2114   -0.00575723 -0.0103961 395.139
52 2118   -0.00571307 -0.0104519 324.048
52 2119   -0.0057397 -0.0104236 351.548
52 2120   -0.00576242 -0.0104386 252.848
52 2121   -0.00572402 -0.0104723 228.584
52 2122   -0.00574756 -0.0104615 199.17
52 2123   -0.00574632 -0.0105104 14.3945
52 2124   -0.00572159 -0.0105039 104.774
52 2125   -0.00573587 -0.0105156 29.9002
52 2213   -0.00575393 -0.0104973 24.7917
52 2214   -0.00575726 -0.0104784 84.9837
52 2288   0.00607585 0.00624028 966.797
52 2289   0.00555579 0.0070994 886.433
52 2290   0.00518574 0.00634988 954.192
52 2293   0.00624918 0.00721565 900.293
52 2294   0.00664261 0.00676397 960.647
52 2295   0.00575794 0.0104926 45.9907
52 2297   0.00572032 0.0105285 59.1793
52 2302   -0.00897121 0.0079431 696.219
52 2303   -0.00897523 0.00791606 724.177
52 2304   -0.00897739 0.00793017 706.754
52 2305   -0.00899446 0.00793054 716.774
52 2306   -0.0089959 0.00790481 786.513
52 2307   -0.00898794 0.00791177 751.033
52 2308   -0.00899736 0.00792 764.157
52 2309   -0.00901141 0.00792149 901.864
52 2310   -0.00900603 0.00791702 843.864
52 2311   -0.00900565 0.00790888 820.542
52 2315   0.00573263 0.0105036 82.5186
52 2316   0.00574193 0.0105277 9.93274
52 2317   0.00572932 0.0105188 52.9875
52 2318   0.00574767 0.0105188 10.6826
52 2319   0.00575211 0.0105026 29.4463
52 2320   0.00574332 0.0105062 45.2437
52 2350   0.0057582 0.0105113 9.63304
52 2353   0.00575573 0.0105193 6.00922
52 2354   0.00575867 0.0105257 3.44093
16 1   -0.0449783 0.00329341 898.252
16 2   -0.0451579 -0.00288763 898.031
16 3   -0.0411407 -0.00640692 896.797
16 4   -0.0384828 -0.00710616 893.364
16 5   0.00190746 0.0225081 961.763
16 6   0.00454034 0.0225163 944.827
16 7   0.00055575 0.0181053 962.546
16 8   0.0022401 0.0193681 969.312
16 9   -0.00615478 -0.0151768 935.327
16 10   -0.00706332 -0.014239 948.981
16 11   0.00559668 0.0130747 969.083
16 12   -0.0055859 -0.013019 964.287
16 13   0.00486148 0.0130324 969.183
16 14   -0.00679581 -0.0130612 963.723
16 15   0.00691454 0.0118804 968.985
16 16   0.0071746 0.012398 969.651
16 17   -0.00624 -0.01281 965.024
16 18   0.00597677 0.0122586 968.093
16 19   0.00643094 0.0119081 969.357
16 20   -0.00631665 -0.0120887 968.11
16 21   0.00520619 0.0117259 948.125
16 22   -0.0059881 -0.0117586 964.763
16 23   -0.00557834 -0.0118607 959.94
16 24   0.0056395 0.0117935 959.118
16 25   -0.00494832 -0.0115584 949.924
16 26   -0.0064063 -0.0111691 967.307
16 27   0.00631978 0.0113128 969.351
16 28   -0.0053664 -0.0114966 939.905
16 29   -0.0060774 -0.0113422 964.038
16 30   0.00520785 0.011328 906.271
16 31   0.00581004 0.011409 948.196
16 32   -0.00631167 -0.0108848 965.019
16 33   -0.00585138 -0.0111267 931.852
16 34   0.00603614 0.0112788 961.223
16 35   -0.00546579 -0.0112231 902.849
16 36   0.0056761 0.0111845 907.939
16 37   -0.0056475 -0.0111279 892.404
16 38   -0.00640794 -0.0107287 944.272
16 39   0.00550724 0.0111711 881.791
16 40   0.00597129 0.0110181 942.472
16 41   0.00603382 0.0108835 950.049
16 42   -0.00605603 -0.0108622 958.024
16 43   0.00579032 0.0109977 884.522
16 44   -0.00592464 -0.010931 915.574
16 411   0.0071746 0.013376 969.492
16 413   0.00631091 0.0138018 969.468
16 422   -0.0511398 0.0239925 935.969
16 423   -0.0451471 0.0217764 951.431
16 432   -0.010031 -0.0304857 964.841
16 433   -0.00738021 -0.0334952 963.253
16 434   -0.00870114 -0.0273609 948.171
16 435   -0.0058867 -0.0271306 960.206
16 436   -0.0410152 0.0310459 951.958
16 437   -0.0392028 0.033682 955.458
16 438   -0.0387391 0.0282561 961.635
16 446   -0.0101941 0.0304693 964.931
16 447   -0.0065398 0.0273308 959.32
16 448   -0.00910585 0.0274319 948.647
16 457   -0.0328861 -0.0230771 883.244
16 458   0.0048801 0.0119403 961.395
16 459   0.0047364 0.0123569 968.578
16 460   0.00426825 0.0122052 969.4
16 461   0.00454468 0.0117191 959.609
16 462   0.00427921 0.0118582 968.847
16 463   -0.00305176 0.0164795 913.082
16 501   -0.0473572 0.0130653 918.352
16 502   -0.0423572 0.0130653 890.843
16 503   -0.0432984 0.0168123 889.711
16 504   -0.0410188 0.015472 871.161
16 583   -0.0501579 -0.00541603 900.984
16 586   -0.0489868 -0.00937586 907.664
16 587   -0.0513289 -0.0114583 918.439
16 588   -0.0435771 -0.0108942 898.967
16 589   -0.0464233 -0.0113347 908.261
16 590   -0.0421375 -0.0127058 892.119
16 591   -0.0433698 -0.0151866 894.65
16 592   -0.039701 -0.0118642 886.518
16 593   -0.0387182 -0.013346 875.67
16 594   0.00723994 0.0112013 963.181
16 595   0.00732514 0.0103518 953.375
16 596   -0.0242448 -0.0325 939.08
16 597   -0.029692 -0.0245514 914.214
16 598   -0.026345 -0.0225 921.512
16 599   -0.0314708 -0.0335257 954.298
16 600   -0.0280895 -0.0310257 939.743
16 601   -0.029476 -0.0280771 932.433
16 602   -0.03235 -0.0291028 939.862
16 603   -0.0333646 -0.0320514 959.385
16 610   0.00626292 -0.0225033 940.453
16 611   -0.0118454 0.0230198 899.175
16 612   -0.00977471 0.0249825 903.351
16 733   -0.0411642 0.0249972 927.129
16 734   -0.0392302 0.0261886 928.602
16 754   0.00726352 -0.0107032 780.646
16 755   -0.0423532 0.0186882 865.278
16 756   -0.0429411 0.0207035 882.798
16 762   -0.00514925 -0.0245154 904.409
16 773   -0.0423614 -0.0198156 862.233
16 774   -0.0420409 -0.0170612 868.86
16 775   -0.0386075 -0.0179996 778.274
16 776   -0.0398258 -0.0160621 847.862
16 804   -0.0330244 0.0230846 883.264
16 805   -0.0349112 0.0252948 893.794
16 806   -0.0113619 -0.0229857 891.932
16 807   -0.00937091 -0.0248609 897.36
16 808   0.000955138 0.0162044 963.732
16 809   0.00213526 0.0153898 967.755
16 810   0.00138811 0.0143512 966.129
16 811   0.000528542 0.0128918 966.848
16 812   0.0018134 0.0136488 964.325
16 813   0.00636081 0.0199261 960.256
16 816   0.00675608 0.0174961 968.297
16 817   0.00412906 0.0183034 968.82
16 818   0.00561689 0.0188532 966.103
16 819   0.00595228 0.0166126 969.402
16 820   0.00446445 0.0168608 969.584
16 821   0.0066962 0.0155295 969.666
16 822   0.00583251 0.0148353 969.625
16 823   0.0046089 0.0149924 969.517
16 824   0.00314513 0.0152999 968.926
16 825   0.00398475 0.0159348 969.562
16 826   0.00432215 0.0136122 969.37
16 827   0.00415915 0.0143706 969.282
16 828   0.00337941 0.0143444 968.73
16 829   0.00383611 0.0132547 969.42
16 830   0.00325329 0.0136957 968.409
16 831   0.00269865 0.0133875 965.214
16 832   0.0028125 0.0129054 964.371
16 833   0.00281508 0.0122232 960.699
16 834   0.00240342 0.0127727 950.611
16 835   0.00250218 0.0124349 938.919
16 836   0.00219057 0.0123054 878.412
16 837   0.00192704 0.0123482 863.565
16 871   -0.00740242 -0.0103323 961.728
16 872   -0.00740242 -0.0101449 964.564
16 878   -0.0510349 0.0324945 689.314
16 886   0.00394286 0.0121574 959.265
16 887   0.00377552 0.0125445 968.587
16 888   0.00321037 0.012159 967.652
16 889   0.00330654 0.0125034 969.105
16 891   0.00160991 -0.0147357 956.695
16 892   -0.00407262 -0.0148666 949.469
16 893   -0.00523971 -0.0146813 948.201
16 894   -0.00522664 -0.0137347 960.297
16 895   -0.00440063 -0.0137097 962.756
16 896   -0.00371848 -0.0141302 958.828
16 897   -0.00409317 -0.0131469 968.051
16 898   0.00022349 -0.0144131 962.723
16 899   0.000210566 -0.0134191 968.425
16 900   -0.0018233 -0.0183508 931.584
16 901   -0.000573304 -0.0171008 952.334
16 902   -0.00704573 -0.0179552 817.512
16 903   -0.00613719 -0.0165771 893.81
16 904   -0.00326342 -0.0180459 905.186
16 905   -0.00505146 -0.017116 890.694
16 906   -0.00358947 -0.0155884 941.547
16 907   -0.00312811 -0.0171724 922.662
16 908   -0.00410749 -0.0166754 918.164
16 909   -0.00135331 -0.0162203 950.63
16 910   -0.00275217 -0.0155738 947.32
16 911   -0.002468 -0.0165969 938.844
16 912   -0.00209013 -0.0149949 954.891
16 913   -0.000552104 -0.0147611 961.307
16 914   -0.00118096 -0.0153929 955.989
16 915   -0.0010758 -0.0143029 962.599
16 916   -0.00184674 -0.0144232 958.882
16 917   -0.000899592 -0.0134686 967.441
16 918   -0.00130134 -0.0129075 959.958
16 919   -0.00297696 -0.0137154 961.119
16 920   -0.00225041 -0.0138655 958.929
16 921   -0.00188122 -0.013184 952.64
16 922   -0.00216102 -0.01252 903.115
16 923   -0.00314116 -0.0132793 964.083
16 924   -0.00357522 -0.0131314 967.728
16 925   -0.00350368 -0.0127032 969.481
16 926   -0.00340573 -0.0120939 965.511
16 927   -0.00931693 0.0210066 795.103
16 928   -0.0115277 0.0210066 873.688
16 997   -0.0209309 -0.0297452 938.332
16 998   -0.0221219 -0.0247452 931.347
16 999   -0.0136901 -0.0292357 949.293
16 1000   -0.0161862 -0.0322452 950.33
16 1001   -0.0143512 -0.0242357 922.173
16 1008   0.000935882 -0.0262037 938.96
16 1009   0.0044327 -0.0266432 890.689
16 1010   -0.00297654 -0.032095 924.522
16 1011   -0.0028129 -0.0288551 950.241
16 1013   0.00383954 -0.0335998 702.605
16 1014   0.000179089 -0.0335998 834.253
16 1019   -0.0243245 0.0325 939.534
16 1020   -0.0265382 0.0225 921.538
16 1021   -0.0298539 0.0245564 914.272
16 1039   -0.0334748 -0.0210257 852.525
16 1050   -0.0047482 -0.0119261 967.299
16 1051   -0.00505471 -0.0125451 967.203
16 1052   -0.00520653 -0.0121611 965.61
16 1053   -0.00438798 -0.012698 969.363
16 1054   -0.00374079 -0.0124794 968.67
16 1055   -0.00410713 -0.0124587 969.183
16 1056   -0.00364917 -0.012201 963.55
16 1057   -0.00380101 -0.0120298 948.051
16 1058   -0.00444285 -0.0119962 969.598
16 1059   -0.00404003 -0.0120837 961.379
16 1060   -0.00425453 -0.0122342 968.704
16 1062   -0.00431246 -0.0118016 969.272
16 1063   -0.00414422 -0.0118897 963.291
16 1082   -0.0399783 0.0107779 890.429
16 1083   -0.0399783 0.00580682 896.215
16 1100   -0.0346219 -0.0252535 893.536
16 1101   -0.0343019 -0.0277535 932.609
16 1109   -0.0315315 0.0335282 954.376
16 1110   -0.0296403 0.0280846 932.745
16 1111   -0.0282035 0.0310282 940.085
16 1120   -0.0505627 -0.0249873 922.053
16 1121   -0.0490976 -0.0299012 796.34
16 1122   -0.0510348 -0.032543 688.34
16 1123   -0.0499783 0.010764 913.703
16 1124   -0.0499783 0.00576501 901.362
16 1127   -0.0210789 0.0297566 938.82
16 1128   -0.0223605 0.0247566 931.673
16 1129   -0.0162719 0.0322566 951.008
16 1130   -0.0138807 0.0292698 949.894
16 1131   -0.0148631 0.0242698 925.554
16 1151   -0.01959 -0.0222452 929.982
16 1152   -0.0164866 -0.0222452 925.273
16 1158   -0.0170933 0.0222566 927.535
16 1159   -0.0199785 0.0222566 930.574
16 1319   -0.00800952 0.0218403 728.71
16 1320   -0.00814959 0.023803 851.863
16 1321   -0.00503942 0.0234067 854.857
16 1322   -0.00629508 0.0247085 891.378
16 1323   -0.0385874 -0.0212151 557.026
16 1324   -0.0393392 -0.01996 647.164
16 1325   -0.0401262 -0.022032 777.032
16 1326   -0.040878 -0.0207769 795.618
16 1327   -0.0370862 0.0218354 709.629
16 1328   -0.0410418 0.0218371 809.459
16 1329   -0.0403688 0.0234405 843.141
16 1330   -0.0384348 0.0246319 855.835
16 1331   -0.0368799 0.0240456 834.675
16 1341   -0.00670042 -0.0218177 666.112
16 1342   -0.00810764 -0.0219328 749.418
16 1343   -0.00660446 -0.0236929 839.847
16 1344   -0.00801168 -0.0238081 854.506
16 1345   -0.00611695 -0.020752 620.28
16 1346   -0.00485402 -0.020496 796.405
16 1347   -0.00641427 -0.019183 744.437
16 1348   -0.00532854 -0.0183659 835.841
16 1349   -0.00451988 -0.0187989 846.477
16 1350   -0.00463643 0.0162145 885.275
16 1351   -0.00690822 0.0151277 868.69
16 1352   -0.00631644 0.014253 876.604
16 1353   -0.00513288 0.014788 895.358
16 1356   -0.00213116 0.0151761 940.26
16 1357   -0.000548204 0.0153374 956.976
16 1358   -0.00296405 0.0125011 943.244
16 1359   -0.00213761 0.0133211 941.013
16 1360   -0.00279524 0.0141787 936.781
16 1361   -0.00467258 0.0141362 907.746
16 1362   -0.00375198 0.013975 927.002
16 1363   -0.00714528 0.0122838 823.533
16 1364   -0.0065535 0.0130758 857.503
16 1365   -0.00515274 0.0135254 898.663
16 1366   -0.00585011 0.0129999 870.141
16 1367   -0.00381831 0.0133187 937.013
16 1368   -0.00368801 0.0127024 955.853
16 1369   -0.00462729 0.0131366 915.603
16 1370   -0.00573547 0.0123558 851.586
16 1371   -0.00513825 0.0115397 813.11
16 1372   -0.00493586 0.011968 865.512
16 1373   -0.00517837 0.0124455 879.555
16 1374   -0.00476755 0.0127008 909.2
16 1375   -0.00415328 0.012257 945.11
16 1376   -0.00442384 0.0124375 924.938
16 1377   -0.00459517 0.0120054 894.743
16 1379   -0.00420637 0.0118868 939.938
16 1380   -0.00444284 0.0117629 889.187
16 1381   -0.00631762 0.0108818 786.355
16 1382   -0.00679057 0.0116829 803.694
16 1383   -0.00732264 0.0111419 785.449
16 1384   -0.00696793 0.0113277 792.928
16 1385   -0.00673145 0.0106649 821.401
16 1386   -0.00661321 0.0109891 794.579
16 1387   -0.0072044 0.0108105 783.435
16 1388   -0.00696793 0.0106721 802.411
16 1391   -0.00738176 0.0105864 760.813
16 1406   0.00502585 -0.0197775 967.402
16 1407   0.0025517 -0.0198056 968.94
16 1408   0.0013017 -0.0174557 962.823
16 1409   0.00253697 -0.016266 962.035
16 1411   0.00502405 -0.0164011 962.633
16 1412   0.00626292 -0.0175627 968.683
16 1415   0.00564168 -0.0149753 946.854
16 1416   0.00688056 -0.0144752 929.603
16 1417   0.00652585 -0.0132645 889.461
16 1418   0.00255695 -0.0140874 949.224
16 1419   0.00195464 -0.0131823 929.594
16 1420   0.00562493 -0.0131335 898.629
16 1421   0.00519435 -0.0114909 796.265
16 1422   0.00559406 -0.0123756 860.472
16 1423   0.00608114 -0.0118748 817.003
16 1424   0.00605158 -0.0111832 771.961
16 1425   0.00587422 -0.011559 795.84
16 1426   0.00557863 -0.011431 784.539
16 1428   0.00563774 -0.0111172 753.539
16 1429   0.00587422 -0.0109933 742.452
16 1437   -0.00555359 0.0116043 805.542
16 1438   -0.00626 0.0117187 806.994
16 1439   -0.00590831 0.011943 824.919
16 1440   -0.00575825 0.011336 780.915
16 1441   -0.00617057 0.0110999 776.298
16 1442   -0.00611296 0.0114124 790.008
16 1444   -0.00569762 0.0110855 756.206
16 1445   -0.0059341 0.0109616 750.007
16 1448   0.00249718 -0.0125962 897.041
16 1452   0.00293639 -0.0125249 950.896
16 1458   -0.00702705 0.0103789 805.198
16 1459   -0.00726352 0.0103861 748.068
16 1460   -0.00738176 0.0101931 545.218
16 1462   0.0062585 -0.0109333 776.755
16 1465   0.00690881 -0.0106959 808.738
16 1466   0.00673145 -0.0110717 791.378
16 1493   0.00738176 -0.010255 626.656
16 1494   0.00714528 -0.0103789 776.874
16 1507   0.00143388 -0.0127653 901.058
16 1511   0.000994674 -0.0128366 948.281
16 1512   0.000555469 -0.0129079 966.533
16 1515   -0.00473838 0.0204009 795.119
16 1516   -0.00674018 0.0211642 554.008
16 1517   -0.00562458 0.021825 755.234
16 1527   0.00502537 -0.0123721 880.707
16 1528   0.00498037 -0.0118673 840.736
16 1529   0.00365119 -0.0141265 945.509
16 1530   0.00490975 -0.013698 929.152
16 1531   0.00457179 -0.014329 941.781
16 1532   0.0036696 -0.0135847 941.909
16 1533   0.00430872 -0.0134062 934.857
16 1534   0.0037142 -0.0121293 968.602
16 1535   0.00335655 -0.0126888 954.991
16 1536   0.00353806 -0.0131233 944.713
16 1537   0.00402693 -0.0128719 940.218
16 1538   0.00432744 -0.0130178 931.801
16 1539   0.00462451 -0.0126761 917.111
16 1540   0.00405377 -0.0122755 949.106
16 1541   0.004463 -0.012477 921.48
16 1542   0.00418498 -0.0125835 938.401
16 1543   0.00457779 -0.0119274 870.026
16 1544   0.0042023 -0.0121046 926.836
16 1545   0.00446127 -0.0122332 910.537
16 1548   0.00420057 -0.0118609 899.526
16 1549   0.00443705 -0.011737 855.268
16 1592   -0.000257061 -0.0129542 959.461
16 1593   -0.000520584 -0.0129114 967.545
16 1640   -0.0374421 -0.0214342 634.416
16 1641   -0.0360204 -0.0205129 749.857
16 1642   -0.035193 -0.0215386 809.882
16 1677   1.94314e-05 0.0132377 968.953
16 1678   -0.00139557 0.0133024 953.235
16 1679   -0.000470248 0.0143212 963.471
16 1680   0.000285947 0.0141496 967.45
16 1681   -0.000465191 0.0127674 963.571
16 1685   -0.000904396 0.0126962 967.906
16 1686   -0.0013436 0.0126249 929.058
16 1700   -0.0390407 -0.0336507 956.457
16 1701   -0.0358237 -0.0321764 968.602
16 1702   -0.0380777 -0.0281285 956.324
16 1703   -0.0360677 -0.0293528 957.069
16 1719   -0.0386398 0.0165035 836.609
16 1722   -0.0406435 0.0185163 817.151
16 1723   -0.0392097 0.0176719 811.237
16 1724   -0.0380699 0.0186684 793.998
16 1725   -0.039884 0.0203201 740.552
16 1726   -0.0384503 0.020309 529.467
16 1741   -0.0482017 -0.0232896 960.829
16 1742   -0.0438928 -0.0209947 921.176
16 1777   -0.0511398 0.0177507 962.901
16 1778   -0.0457984 0.0168123 924.681
16 1779   -0.0485188 0.015472 936.212
16 1780   -0.0497796 0.0205014 968.226
16 1781   -0.0470592 0.0197611 958.07
16 1829   -0.00723249 -0.0125662 967.479
16 1832   -0.00673871 -0.0119623 969.466
16 1833   -0.00736625 -0.0118692 969.582
16 1834   -0.00709874 -0.0121886 969.215
16 1835   -0.00716579 -0.0115885 968.614
16 1836   -0.00667235 -0.0112874 966.026
16 1837   -0.00680576 -0.0116309 969.265
16 1838   -0.00693215 -0.0110927 958.412
16 1839   -0.00719931 -0.0112764 964.919
16 1840   -0.00739977 -0.0109956 961.59
16 1841   -0.00725208 -0.0107304 951.989
16 1842   -0.00698491 -0.0108395 945.83
16 1843   -0.00725473 -0.0104537 946.385
16 1844   -0.00705958 -0.0103684 915.663
16 1845   -0.0065799 -0.0106386 918.313
16 1847   -0.00687446 -0.0104654 905.662
16 1848   -0.00680245 -0.0106597 922.822
16 1849   -0.00250764 0.0180901 910.308
16 1850   -0.00122874 0.0189933 938.445
16 1851   -0.0035685 0.0199317 857.704
16 1852   -0.0022896 0.0208349 911.643
16 1853   -0.0356593 0.0210282 787.4
16 1854   -0.0335662 0.0210282 853.246
16 1877   -0.00169671 -0.0198558 931.598
16 1878   0.000803289 -0.0209557 967.281
16 1879   -0.000219373 -0.0232279 967.983
16 1880   -0.0032307 -0.0232641 919.964
16 1881   -0.00347097 -0.021248 867.496
16 1911   -0.0511075 -0.0172523 960.783
16 1912   -0.0499365 -0.0144584 935.758
16 1913   -0.0487464 -0.0197643 967.077
16 1914   -0.0459615 -0.0190107 942.865
16 1915   -0.047373 -0.0139167 921.781
16 1916   -0.0457591 -0.015957 920.242
16 1922   -0.0109982 -0.0209952 861.32
16 1923   -0.00910314 -0.0209952 784.801
16 1927   0.00714528 -0.0126418 851.67
16 1930   0.00708617 -0.0116447 802.244
16 1931   0.00673145 -0.0120101 820.678
16 1965   0.00567953 0.0250948 901.462
16 1967   0.00567879 0.0326605 686.531
16 2033   0.0014345 0.0132275 960.525
16 2034   0.00100621 0.0129752 963.409
16 2035   0.00191067 0.0128336 942.275
16 2036   0.0017459 0.0125385 910.293
16 2038   0.00113647 0.0124765 947.332
16 2039   0.0014 0.0124337 913.624
16 2047   -0.000695079 0.0335566 866.092
16 2048   -0.00413118 0.0289247 960.96
16 2049   -0.00391656 0.0320126 936.674
16 2050   0.00294734 0.0312171 769.183
16 2051   0.00294808 0.0283303 873.302
16 2052   0.000207901 0.0244387 962.151
16 2053   0.000109327 0.0276825 928.695
16 2054   -0.00192724 0.0274813 956.387
16 2055   -0.00185603 0.0229863 949.628
16 2056   -0.0030802 0.0245856 950.734
16 2083   0.00566977 -0.0321996 690.578
16 2084   0.00566977 -0.0293993 752.643
16 2085   -0.00282934 -0.0129095 961.177
16 2086   -0.00255948 -0.0126213 947.739
16 2087   -0.00315172 -0.0126331 967.817
16 2088   -0.00314537 -0.0123022 969.18
16 2090   -0.0026384 -0.0122378 942.065
16 2091   -0.00290193 -0.0121951 964.889
16 2104   -0.00695589 0.0185626 761.908
16 2105   -0.00639809 0.0200352 574.409
16 2106   -0.00530986 0.0194449 779.148
16 2107   -0.00527588 0.0176687 839.394
16 2108   -0.00636411 0.0171169 836.193
16 2150   -0.0492277 0.0260078 917.069
16 2151   -0.0491228 0.0299237 796.549
16 2152   -0.0434914 0.025812 965.554
16 2153   -0.0459554 0.0245321 963.502
16 2154   -0.0461927 0.0324292 821.598
16 2155   -0.0438335 0.0297932 930.642
16 2160   -0.033538 0.0321333 960.218
16 2161   -0.0361144 0.0322871 969.043
16 2162   -0.0365447 0.0294972 959.908
16 2163   -0.0325863 0.0291897 941.161
16 2164   -0.0346868 0.0278717 934.917
16 2188   -0.0411469 -0.0323014 939.753
16 2189   -0.0399398 -0.0296028 967.353
16 2190   -0.0445705 -0.0336507 854.461
16 2191   -0.0455636 -0.0310089 871.357
16 2192   -0.0439915 -0.0283387 946.837
16 2193   -0.0417912 -0.028282 966.007
16 2194   -0.0436403 -0.0239921 956.61
16 2195   -0.0451643 -0.0255334 963.308
16 2196   -0.0405952 -0.0232974 845.945
16 2197   -0.0422021 -0.0247059 940.97
16 2198   -0.0415258 -0.0261904 959.263
16 2199   -0.0385756 -0.0260892 919.621
16 2200   -0.0396655 -0.0240919 855.502
16 2201   -0.0401723 -0.025472 921.474
16 2202   -0.0362564 -0.024751 871.093
16 2203   -0.0376929 -0.0253366 884.304
16 2204   -0.0384447 -0.0240816 835.54
16 2205   -0.0362388 -0.0230874 819.648
16 2206   -0.0374219 -0.022983 784.446
16 2232   -0.0061205 0.033456 955.427
16 2233   -0.00870643 0.033456 968.594
16 2236   0.00675796 0.010531 908.822
16 2237   0.00702248 0.0109371 953.445
16 2238   0.00710768 0.010608 937.769
16 2239   0.00669547 0.010977 953.147
16 2240   0.00647637 0.0110648 964.566
16 2241   0.00660581 0.0107395 932.545
16 2243   0.00640782 0.010701 939.305
16 2246   0.00616683 0.0108138 968.285
16 2247   0.00632098 0.0108618 962.983
end
