685
16 240   -0.044978 0.0033293 922.378
16 241   -0.0451567 -0.00284967 922.301
16 242   -0.0477765 -0.021774 833.596
16 243   -0.0397908 -0.032301 777.47
16 244   -0.0411381 -0.00636175 925.944
16 245   -0.00182823 0.029034 758.579
16 246   -0.0434935 -0.0296588 740.691
16 247   -0.0497142 -0.0177496 881.914
16 248   -0.0384814 -0.00705851 930.088
16 249   -0.000845556 0.0243659 842.366
16 250   0.00185009 0.0225309 837.876
16 251   -0.00124325 -0.0215154 866.264
16 252   0.00450899 0.0225128 806.487
16 253   -0.000795173 -0.0186854 876.646
16 254   0.000371438 0.0182207 900.548
16 255   0.000970205 -0.017424 804.675
16 256   0.00208989 0.0194382 893.751
16 257   -0.00296227 -0.0175591 926.354
16 258   -0.00657296 -0.0176966 966.102
16 259   0.00110565 0.016 910.514
16 260   -0.00323221 -0.0158889 937.025
16 261   0.00286346 0.0152988 936.328
16 262   -0.00687283 -0.0147391 962.768
16 263   -0.00594579 -0.0159728 969.334
16 264   -0.00241959 -0.014799 919.61
16 265   -0.00467215 -0.0154416 965.028
16 266   0.00293335 0.0139774 956.322
16 267   0.0019984 0.0132418 946.388
16 268   -0.00472789 -0.0142576 968.937
16 269   -0.00317679 -0.0137276 950.121
16 270   -0.00404516 -0.0136334 967.793
16 271   0.00463223 0.0136676 967.412
16 272   0.00374763 0.0135446 968.879
16 273   0.00232687 0.012484 962.042
16 274   0.00610486 0.0114592 809.606
16 275   0.00484863 0.0129828 928.656
16 276   0.00725974 0.0119266 828.645
16 277   -0.00421257 -0.0128739 958.327
16 278   -0.00471963 -0.0126219 900.636
16 279   0.00355351 0.0128439 963.862
16 280   0.0030677 0.0125188 968.215
16 281   0.00556162 0.0113856 798.967
16 282   -0.00340235 -0.012293 969.066
16 283   -0.00379064 -0.0123988 951.374
16 284   0.00524316 0.0116862 787.729
16 285   0.0043655 0.0126018 888.407
16 286   0.00395498 0.012586 921.421
16 287   0.00321169 0.0121339 952.979
16 288   0.00444651 0.0122549 814.265
16 289   0.00488692 0.0115029 752.867
16 290   0.00417163 0.012062 769.654
16 291   -0.00391816 -0.012033 871.568
16 446   0.00568335 -0.0309028 674.966
16 447   0.000522668 -0.0235541 767.491
16 448   0.000611888 -0.0270988 719.164
16 449   0.00399287 -0.0278139 689.46
16 450   0.00580951 -0.0250556 698.811
16 451   0.00654707 -0.0208422 723.984
16 452   0.00485658 -0.0232698 711.95
16 453   0.00295071 -0.0224835 732.449
16 454   0.00258112 -0.0182475 765.052
16 455   0.00331922 -0.0201193 748.665
16 456   0.00522508 -0.0195131 737.243
16 457   0.00382599 -0.0169689 748.305
16 458   0.00683901 -0.0163694 749.825
16 459   0.00551703 -0.0178413 743.787
16 460   0.00422629 -0.0154706 740.581
16 461   0.00591732 -0.0149346 750.275
16 462   0.00657831 -0.0134945 767.414
16 463   0.00690881 -0.0110139 833.07
16 464   0.00480474 -0.0123112 733.522
16 465   0.00598712 -0.0123958 769.233
16 467   -0.00573448 0.0139546 809.502
16 468   -0.00455209 0.0132451 745.402
16 469   -0.00513523 0.0119035 725.472
16 472   -0.0443144 -0.0225037 878.562
16 473   -0.0429618 -0.0254744 855.849
16 482   -0.00993569 -0.0304316 867.08
16 483   -0.00730147 -0.0334772 788.143
16 484   -0.00290034 -0.0321115 721.589
16 485   -0.00264803 -0.028665 753.819
16 486   -0.00854217 -0.0271856 891.703
16 487   -0.00565563 -0.0267846 871.899
16 493   -0.049779 0.0184217 873.971
16 494   -0.0473123 0.0259428 746.408
16 495   -0.0511395 0.0239929 746.575
16 496   -0.0484185 0.0211729 841.443
16 497   -0.0440383 0.0244675 858.499
16 498   -0.0451445 0.0217781 882.222
16 499   -0.0410092 0.0310458 767.167
16 500   -0.0391971 0.0336819 773.126
16 501   -0.0387243 0.0282557 874.648
16 516   -0.0358738 -0.025378 920.766
16 517   -0.0345364 -0.0210257 961.132
16 518   -0.0328778 -0.023077 937.364
16 526   -0.0139366 0.0320158 889.621
16 529   -0.0050419 0.0303765 803.688
16 530   -0.0074069 0.0334588 809.076
16 531   -0.0101718 0.0304746 877.779
16 532   -0.006533 0.0273432 882.175
16 533   -0.00908052 0.0274413 894.468
16 541   0.00345057 -0.0146082 729.808
16 542   0.00395922 -0.0132834 717.995
16 543   0.00303971 -0.0126279 700.685
16 545   -0.00198147 0.0186297 900.834
16 546   -0.00314824 0.0166158 884.996
16 547   -0.00644086 0.0174283 918.932
16 548   -0.00526653 0.0157463 872.124
16 549   -0.00352788 -0.0222025 910.255
16 550   -0.00489571 -0.0240842 905.862
16 571   -0.0471575 0.0161465 904.224
16 572   -0.0473565 0.0130748 910.493
16 573   -0.0423565 0.0130748 930.276
16 574   -0.0386395 0.0173372 964.6
16 575   -0.043297 0.016817 926.123
16 576   -0.041018 0.0154759 942.62
16 577   -0.0242274 -0.0325 900.653
16 578   -0.0296755 -0.0245513 919.648
16 579   -0.0263142 -0.0225 917.513
16 580   -0.0208886 -0.0297272 902.988
16 581   -0.0220665 -0.0247272 910.252
16 582   -0.0136033 -0.0291816 893.854
16 583   -0.016138 -0.0322272 891.813
16 584   -0.0141852 -0.0241816 915.892
16 586   -0.0163076 -0.0222272 915.876
16 587   -0.019488 -0.0222272 912.697
16 595   -0.00463812 -0.0121647 827.513
16 596   -0.00411037 -0.0118742 745.756
16 597   -0.0041069 -0.0120723 812.608
16 598   -0.00433648 -0.0121083 814.235
16 599   -0.00454688 -0.0117817 753.434
16 600   -0.00441493 -0.011949 777.497
16 601   -0.00426498 -0.0118713 750.818
16 603   -0.00433182 -0.0117381 714.578
16 604   -0.00446204 -0.0116699 714.403
16 627   -0.00126308 -0.0127919 847.522
16 629   -0.00201719 -0.0126695 903.791
16 630   -0.00270454 -0.0129031 937.197
16 631   -0.00294969 -0.0123664 954.763
16 667   0.00352967 0.0120823 908.576
16 668   0.00392279 0.0120322 811.113
16 669   0.00378715 0.0122092 879.411
16 671   -0.0501567 -0.00540442 918.128
16 674   -0.0485425 -0.0149517 904.008
16 675   -0.0489851 -0.00936254 914.509
16 676   -0.0513284 -0.0114531 908.842
16 677   -0.0435736 -0.0108714 923.339
16 678   -0.0464205 -0.0113174 915.393
16 679   -0.045978 -0.0144049 911.997
16 680   -0.0421346 -0.0126885 929.372
16 681   -0.0433674 -0.0151768 924.4
16 682   -0.0396992 -0.0118416 935.548
16 683   -0.0387177 -0.0133329 942.227
16 718   -0.00643718 -0.0137604 944.45
16 719   -0.00556589 -0.01381 958.743
16 720   -0.00592823 -0.0112456 813.336
16 721   -0.00709857 -0.0122269 844.113
16 722   -0.00666293 -0.0127833 886.465
16 723   -0.0052066 -0.0127564 903.105
16 724   -0.00557381 -0.0131111 927.12
16 725   -0.00604368 -0.0126308 880.485
16 726   -0.00579423 -0.0116831 817.307
16 727   -0.00547576 -0.0123266 852.595
16 728   -0.00587719 -0.0122257 847.943
16 729   -0.00544312 -0.0116013 805.27
16 730   -0.00534248 -0.0119666 818.673
16 731   -0.00482213 -0.0117156 770.679
16 732   -0.00499182 -0.0119393 803.478
16 733   -0.00493756 -0.0114989 769.655
16 734   -0.00520789 -0.0113572 789.197
16 808   -0.00639637 -0.0112661 807.903
16 809   -0.0068645 -0.0115523 806.926
16 810   -0.00726593 -0.0111857 778.215
16 811   -0.00656372 -0.0107563 795.458
16 812   -0.00738297 -0.01046 604.866
16 813   -0.00691483 -0.0107052 763.142
16 814   -0.0071489 -0.0108484 757.088
16 816   -0.00726593 -0.0102555 547.077
16 817   -0.00703186 -0.0103782 716.762
16 818   -0.037025 -0.0219463 948.367
16 819   -0.0378866 -0.0242473 936.541
16 820   -0.0402538 -0.0240373 920.854
16 827   -0.00690881 0.0129678 825.086
16 829   -0.00631762 0.0119486 787.355
16 830   -0.00690881 0.0109743 837.023
16 857   0.00640793 0.0109305 797.655
16 860   0.0069758 0.0111038 782.706
16 861   0.00721606 0.0106196 712.35
16 878   -0.0411541 0.0249976 899.692
16 879   -0.0392129 0.0261884 900.814
16 880   -0.00299964 0.0204396 910.857
16 881   -0.0029177 0.0229247 898.059
16 882   -0.00534075 0.0201077 951.528
16 883   -0.00539147 0.0245595 905.68
16 886   -0.0400722 0.0190154 960.468
16 887   -0.0423512 0.0186899 936.586
16 888   -0.0429377 0.0207052 916.053
16 889   -0.039688 0.0216261 940.037
16 890   -0.041414 0.0226453 925.716
16 910   -0.0099335 -0.0209772 959.264
16 911   -0.011201 -0.0229316 932.873
16 912   -0.00922552 -0.0246856 919.256
16 913   -0.00732425 -0.021754 935.014
16 914   -0.00714849 -0.0235079 940.479
16 915   -0.00237022 0.0150922 848.048
16 916   -0.00330612 0.0135131 747.837
16 917   -0.00263926 0.0125883 717.122
16 933   -0.0423592 -0.0198111 931.659
16 934   -0.042039 -0.0170554 937.057
16 935   -0.0389614 -0.0205858 913.971
16 936   -0.0404993 -0.0214014 958.267
16 937   -0.0386071 -0.0179985 965.586
16 938   -0.0398248 -0.0160584 952.491
16 949   -0.0510348 0.0324945 672.914
16 952   -0.0472076 0.0298583 698.817
16 953   -0.0442772 0.0323638 706.042
16 954   -0.00425758 -0.0187719 952.857
16 955   -0.00580116 -0.0188996 951.85
16 956   -0.00437511 -0.0205852 951.18
16 957   -0.00591869 -0.0207129 929.771
16 963   -0.0461667 -0.0323578 688.268
16 978   -0.0345928 0.021028 961.935
16 979   -0.0329894 0.0230841 938.479
16 980   -0.0348796 0.0252941 923.086
16 981   -0.0374536 0.0226426 953.612
16 982   -0.0372383 0.0248526 928.78
16 1028   0.00386671 -0.0336343 674.864
16 1029   0.000233415 -0.0336343 690.641
16 1032   0.000209903 0.0321164 701.009
16 1047   0.000149846 0.0149865 902.005
16 1048   -0.00108831 0.0147843 872.106
16 1049   0.000972705 0.0135497 917.081
16 1050   0.000397384 0.0129385 905.94
16 1051   -0.00165306 0.0130066 758.752
16 1052   -0.000375173 0.0132146 866.633
16 1053   -0.00103801 0.0136236 835.941
16 1055   -0.00131963 0.0125441 743.307
16 1056   -0.000660821 0.012651 780.965
16 1091   -0.0505623 -0.0249868 730.882
16 1092   -0.0490971 -0.0299008 686.798
16 1093   -0.0510348 -0.032543 672.693
16 1111   -0.011789 0.0230236 924.926
16 1112   -0.0103826 0.0210079 949.613
16 1113   -0.00974232 0.0249903 914.196
16 1114   -0.0071031 0.021683 945.027
16 1115   -0.00723578 0.0236497 929.83
16 1121   0.00567225 0.0250869 728.831
16 1122   0.00567922 0.0326568 673.134
16 1123   0.00385147 0.0297732 689.232
16 1189   -0.0146923 0.0220158 918.018
16 1200   0.000780554 -0.0153899 784.691
16 1201   0.00227674 -0.0146151 729.948
16 1202   -0.00078875 -0.0146524 853.957
16 1203   -0.000355853 -0.013429 782.191
16 1204   0.000936129 -0.0132798 708.754
16 1205   0.00225374 -0.013066 704.428
16 1206   0.00199942 -0.0137284 714.646
16 1208   0.00086105 -0.0126708 695.473
16 1209   0.00151986 -0.0125639 697.338
16 1212   -0.0314654 -0.0335257 885.873
16 1213   -0.0294589 -0.028077 906.261
16 1214   -0.0280742 -0.0310257 900.432
16 1215   -0.0355536 -0.027878 899.849
16 1216   -0.0365717 -0.0308267 862.458
16 1217   -0.032341 -0.0291026 900.186
16 1218   -0.0333592 -0.0320513 880.272
16 1322   -0.0242686 0.0325 901.296
16 1323   -0.0221391 0.0225 912.625
16 1324   -0.026427 0.0225 917.822
16 1325   -0.0297898 0.0245561 920.056
16 1326   -0.0185117 0.0245158 910.562
16 1327   -0.0187114 0.0295158 902.729
16 1410   -0.049978 0.00577455 918.018
16 1411   -0.049978 0.0107712 911.408
16 1424   -0.0315045 0.033528 886.087
16 1425   -0.0295754 0.0280841 906.447
16 1426   -0.0281424 0.031028 900.788
16 1427   -0.0348076 0.03221 865.217
16 1428   -0.0333614 0.0277941 905.602
16 1429   -0.0352316 0.0294199 887.547
16 1430   -0.039978 0.0107977 933.159
16 1431   -0.039978 0.00585414 927.153
16 1603   0.00418737 0.0118613 700.827
16 1608   0.00633674 0.0198784 876.656
16 1609   0.00670603 0.0173851 919.117
16 1610   0.00395481 0.0183591 903.896
16 1611   0.00554276 0.0188175 898.625
16 1612   0.00399417 0.0164404 929.076
16 1613   0.00518068 0.0143963 967.62
16 1614   0.00614407 0.0163102 940.035
16 1615   0.00502016 0.0158239 946.079
16 1620   0.00693804 0.0152017 961.64
16 1623   0.00662132 0.0145362 968.523
16 1624   0.00598786 0.0142171 968.831
16 1625   0.00718327 0.0137673 962.34
16 1626   0.00686654 0.0133548 945.822
16 1627   0.00623308 0.0135417 957.727
16 1628   0.00694301 0.0125209 878.417
16 1629   0.006356 0.0122268 853.008
16 1630   0.0053488 0.012889 909.773
16 1631   0.00598603 0.0126606 888.712
16 1632   0.00593958 0.0131417 934.19
16 1633   0.00527941 0.0120206 808.481
16 1634   0.0055555 0.0123405 849.786
16 1635   0.005235 0.0124754 859.068
16 1636   0.00466619 0.0121827 802.154
16 1637   0.0049695 0.0120484 797.313
16 1638   0.00494832 0.0122627 824.092
16 1639   0.0047589 0.011935 772.443
16 1640   0.00461583 0.0120018 772.181
16 1641   0.00471256 0.0117239 742.981
16 1642   0.00457956 0.0116599 711.74
16 1643   0.0043454 0.0118413 711.719
16 1644   0.00448839 0.011896 742.826
16 1645   0.00449846 0.0117651 715.361
16 1647   0.0043147 0.0117317 671.588
16 1648   0.00439624 0.011689 674.826
52 292   -0.00467865 0.00161597 807.683
52 293   -0.00263318 0.00267469 826.714
52 294   -0.00461214 -0.000776797 827.595
52 295   0.00334797 0.00104867 841.62
52 296   0.00125209 -0.00438128 837.709
52 297   -0.00062928 0.0013321 847.455
52 298   -0.00655896 -0.00181674 806.177
52 299   -0.000656709 -0.000913451 850.743
52 300   -0.0025941 -0.00196363 856.068
52 301   0.00135733 0.00231972 857.823
52 302   0.00327416 -0.00110481 825.432
52 303   0.00527105 0.0020367 831.537
52 304   -0.0039957 0.00645024 788.847
52 305   -0.000363073 0.00579396 852.226
52 306   0.00125609 -0.00207931 842.058
52 307   -0.000574869 -0.00535136 867.708
52 308   -0.00246619 0.00479052 818.347
52 309   -0.00250827 -0.00409957 877.149
52 310   0.00514783 0.00411698 871.42
52 311   0.00305463 -0.00520744 807.197
52 312   0.00497768 -0.00223933 799.17
52 313   0.00706028 0.000997913 779.607
52 314   -0.00672565 0.0044625 779.861
52 315   -0.0063423 0.00253558 784.139
52 316   0.00634716 -0.00504457 777.587
52 317   0.0065918 0.00506413 874.936
52 318   0.00476215 -0.00404 795.629
52 319   -0.00819601 -0.000864034 754.166
52 320   -0.00077205 -0.00703419 879.266
52 321   0.00804171 0.00437979 816.716
52 322   0.00659559 -0.00171392 777.114
52 323   0.00855796 0.00169585 748.841
52 324   0.00910759 0.00542204 798.536
52 325   -0.00787389 0.00169359 758.881
52 326   0.00734648 -0.000555714 761.799
52 327   0.00879387 0.00296469 761.212
52 328   0.00628169 0.00671638 909.95
52 329   0.00796971 -0.00264775 770.184
52 330   -0.00846326 0.000601661 739.417
52 331   -0.0102433 -0.00211738 719.76
52 332   -0.00228242 -0.00755474 909.572
52 333   0.00518732 0.00749462 931.941
52 334   -0.00946074 -0.00137598 728.726
52 335   0.00878617 -0.00102586 729.105
52 336   -0.0113595 -0.00120841 704.849
52 337   0.00971638 0.000781386 714.417
52 338   -0.00881861 0.00256216 770.028
52 339   0.0107535 0.00114184 705.275
52 340   0.00906951 -0.00208678 743.913
52 341   0.0111501 0.00184478 703.878
52 342   -0.00970837 0.000731268 709.572
52 343   -0.00371267 -0.00920289 964.348
52 344   0.0097986 -6.38072e-05 708.271
52 345   0.00952043 -0.000710936 710.7
52 346   0.0113984 0.000497371 698.543
52 347   -0.00977701 0.00234915 722.245
52 348   -0.0102077 -0.000440798 708.483
52 349   0.00257586 0.00988691 968.12
52 350   -0.0110176 -0.000399458 701.45
52 351   -0.010188 0.000200757 704.352
52 352   -0.0101437 0.00188068 700.853
52 353   -0.0101178 0.00133776 700.792
52 354   0.0111456 -0.000136422 694.011
52 355   0.0102322 -0.00124028 696.908
52 356   0.00985 -0.00240699 715.925
52 357   -0.00392861 -0.00986129 966.671
52 358   0.0104469 -0.00177417 692.47
52 359   0.0105829 -0.000337142 696.593
52 360   -0.0112776 0.000188324 695.268
52 361   0.00315242 0.0100351 968.062
52 362   0.0106676 -0.000916385 691.172
52 363   -0.00339175 -0.0102101 959.665
52 364   0.0102705 -0.00215431 698.312
52 365   -0.0108108 0.000482979 695.031
52 366   -0.0043224 -0.0101136 947.647
52 367   -0.0116572 0.00045667 691.023
52 368   -0.00352036 -0.010624 907.564
52 369   -0.0107726 0.00202879 686.908
52 370   0.0114873 -0.000526221 688.167
52 371   -0.010727 0.00121252 689.621
52 372   -0.0109403 0.00088825 689.557
52 373   0.01098 -0.00187817 681.968
52 374   0.0032873 0.0105268 939.343
52 375   0.0110518 -0.00108618 684.693
52 376   -0.0041755 -0.0105748 880.56
52 377   -0.00391033 -0.0107364 844.987
52 378   0.0111989 -0.00163666 678.288
52 379   -0.0113191 0.00099566 684.449
52 380   0.00364684 0.0105997 900.29
52 381   -0.0115691 0.000858734 685.363
52 382   -0.0109813 0.00148889 683.529
52 383   0.0113089 -0.000896732 684.294
52 384   -0.0110009 0.00176224 682.061
52 385   0.0111903 -0.00137957 680.043
52 386   0.0117629 -0.000566682 687.154
52 387   -0.0114008 0.00127825 679.737
52 388   -0.0112762 0.00144721 679.136
52 389   0.0115053 -0.00110357 680.138
52 390   -0.0112926 0.00183509 676.767
52 391   -0.0117715 0.00105119 682.2
52 392   -0.00395576 -0.0110047 761.689
52 393   0.0116962 -0.00110089 679.534
52 394   -0.0114071 0.00165372 675.392
52 395   0.0114764 -0.00174408 673.46
52 396   0.0117754 -0.000934516 682.142
52 397   0.00370799 0.0108347 842.753
52 398   0.0114593 -0.00133039 677.301
52 399   0.00389353 0.010888 805.082
52 400   0.00449911 0.010963 829.576
52 401   -0.0116138 0.0013368 677.105
52 402   -0.0115783 0.00168022 672.454
52 403   -0.0117345 0.00124666 678.674
52 404   0.0115975 -0.00143618 674.517
52 405   -0.0116725 0.00158823 672.061
52 406   -0.0116873 0.00148074 674.011
52 407   0.011766 -0.00127105 676.755
52 408   -0.00411599 -0.0110659 681.715
52 409   0.0116007 -0.00163141 672.022
52 410   0.00389552 0.0110323 759.474
52 411   0.0116231 -0.00154456 672.679
52 412   0.0117133 -0.00137952 674.811
52 413   -0.01184 0.00134149 677.282
52 414   0.0117324 -0.00166226 669.843
52 415   -0.0118113 0.00148498 674.094
52 416   0.011852 -0.00130349 676.441
52 417   -0.01178 0.0016362 669.942
52 418   0.0117472 -0.00155508 671.289
52 419   -0.0118433 0.00143586 675.532
52 420   -0.00409769 -0.0111768 451.344
52 421   0.0041287 0.0111691 447.406
52 422   0.01179 -0.00160273 669.989
52 423   0.0118515 -0.00160373 669.853
52 424   0.00411236 0.0112075 288.523
52 425   0.00414642 0.0112279 56.7576
52 426   0.00415945 0.0112535 2.83023
52 433   0.00524168 0.00859174 959.273
52 434   0.00578254 0.00952389 967.329
52 435   0.00582075 0.00880406 964.634
52 436   0.00633095 0.00965537 958.277
52 437   -0.00673163 -0.00357601 834.827
52 438   -0.00708596 -0.00602127 891.102
52 439   -0.00911792 -0.00672476 844.583
52 440   -0.00853232 -0.00577567 834.451
52 441   -0.00820553 -0.00736093 902.674
52 442   -0.00654013 -0.00782512 937.203
52 443   -0.00719682 -0.0070971 910.552
52 444   -0.00685527 -0.0084704 955.26
52 466   0.00896754 0.00667008 847.895
52 502   -0.00133885 0.008328 781.861
52 503   -0.00020419 0.00742424 847.245
52 504   -0.000620861 0.00938652 754.887
52 539   0.00547106 -0.0071929 798.28
52 540   0.00637036 -0.00640138 779.709
52 558   -0.00185264 -0.0090449 929.626
52 559   -0.002325 -0.00855908 926.649
52 560   -0.00301398 -0.0090696 955.192
52 561   -0.00290245 -0.0101571 968.624
52 562   -0.00224203 -0.00971207 964.284
52 563   -0.00274063 -0.009675 966.15
52 605   0.0030998 -0.00671096 793.436
52 606   0.00438087 -0.00729609 778.85
52 607   0.00394931 -0.00849033 761.288
52 614   -0.00246671 0.00856866 778.075
52 615   -0.00358777 0.00814622 769.718
52 632   0.00108113 0.00803088 888.226
52 633   0.000829141 0.0087081 876.941
52 634   0.000261811 0.00915998 809.437
52 636   0.000592991 0.00961097 803.694
52 687   -0.00403356 -0.00471455 887.458
52 688   -0.0056431 -0.00430382 873.756
52 689   -0.00612774 -0.00558927 892.98
52 690   -0.00325962 -0.00699236 912.738
52 691   -0.00392497 -0.00586274 900.982
52 692   -0.00511141 -0.00613727 905.607
52 693   -0.00416988 -0.00876934 959.162
52 694   -0.00402183 -0.00776898 934.181
52 695   -0.00558194 -0.00793665 943.672
52 696   -0.0049295 -0.00728209 925.963
52 697   -0.00538896 -0.00862685 960.694
52 698   -0.00488458 -0.00897265 965.685
52 699   -0.00507979 -0.00944367 969.401
52 700   -0.00557131 -0.010181 944.742
52 701   -0.0046558 -0.0100489 952.552
52 702   -0.00491443 -0.00983402 964.104
52 703   -0.00509454 -0.010227 942.637
52 704   -0.00487083 -0.0107493 894.316
52 705   -0.00472462 -0.0104078 919.631
52 706   -0.00494721 -0.0104759 920.092
52 707   -0.00440605 -0.0107005 858.936
52 708   -0.00462177 -0.0105982 892.1
52 709   -0.0046747 -0.0107643 877.21
52 710   -0.00439855 -0.0108523 826.156
52 711   -0.00448796 -0.0110195 816.942
52 712   -0.0045559 -0.010882 847.807
52 713   -0.0042017 -0.0110188 738.447
52 714   -0.00429913 -0.0109477 788.556
52 715   -0.00436207 -0.0110319 776.422
52 716   -0.00423841 -0.0111181 625.322
52 717   -0.00430187 -0.0111158 706.46
52 756   -0.011824 0.0015915 671.032
52 757   -0.0118743 0.0015526 673.747
52 758   -0.0118405 0.00154776 672.855
52 761   -0.0118496 0.00161147 670.396
52 762   -0.00415161 -0.0111911 340.429
52 763   -0.00420663 -0.0111795 423.506
52 764   -0.00421763 -0.0112076 288.509
52 765   -0.00414267 -0.0112208 153.828
52 825   -0.00634673 0.00589964 778.159
52 826   -0.00544743 0.00669115 798.062
52 838   -0.0082795 -0.00809019 923.092
52 842   -0.00734856 -0.00853501 954.376
52 843   -0.00782331 -0.00840827 945.269
52 844   -0.00786041 -0.00879096 959.26
52 845   -0.00704994 -0.00917573 968.823
52 846   -0.0072577 -0.00885371 963.79
52 847   -0.00751362 -0.00898168 963.472
52 850   -0.00741902 -0.00923836 968.304
52 851   -0.0071927 -0.00936904 964.602
52 862   0.0071229 0.00732993 917.998
52 863   0.00806021 0.00723021 902.734
52 864   0.00806266 0.00827142 935.888
52 865   0.00735012 0.00852617 953.506
52 866   0.00685148 0.00811561 944.285
52 867   0.00636372 0.00852538 958.792
52 868   0.00659666 0.00929566 968.034
52 869   0.00659122 0.00888549 966.753
52 870   0.00710896 0.00893614 966.366
52 873   0.00724861 0.00926898 969.358
52 874   0.00698019 0.00942362 958.756
52 1000   0.000240051 -0.00777855 837.988
52 1001   0.00215822 -0.00750687 793.679
52 1002   0.00129819 -0.00771779 801.934
52 1003   0.0014582 -0.00872537 771.072
52 1004   0.00287876 -0.00830322 775.157
52 1005   0.00239823 -0.00901823 773.729
52 1008   0.00110818 -0.00933462 748.472
52 1009   0.000509177 -0.00933402 757.309
52 1010   -0.00641013 -0.00885579 966.045
52 1011   -0.00590202 -0.00890071 966.436
52 1012   -0.00561378 -0.00935653 969.405
52 1013   -0.00592519 -0.00970093 963.724
52 1014   -0.006371 -0.00956776 963.354
52 1015   -0.00682362 -0.0093064 967.447
52 1016   -0.0065677 -0.00917843 969.463
52 1018   -0.00651376 -0.00976107 948.638
52 1019   -0.00674008 -0.00963039 949.556
52 1109   -0.00805824 0.00462657 789.878
52 1110   -0.00861962 0.00356823 793.358
52 1132   0.00117356 0.00530753 878.211
52 1133   0.00173953 0.00402396 872.153
52 1134   0.00360695 0.0048332 888.377
52 1135   0.00424417 0.0070158 918.508
52 1136   0.00247037 0.00630135 899.151
52 1137   0.00361157 0.00593218 901.221
52 1138   0.00363055 0.00766521 927.986
52 1139   0.00217604 0.00785924 911.023
52 1140   0.00271496 0.00722338 910.192
52 1141   0.00242281 0.00937354 955.485
52 1142   0.00288704 0.00875122 944.455
52 1143   0.00243416 0.00845742 925.849
52 1144   0.00144399 0.00893315 903.682
52 1145   0.00195409 0.0088541 921.382
52 1146   0.00198577 0.00930538 942.223
52 1147   0.00103433 0.0094977 864.901
52 1148   0.00131799 0.00927176 898.997
52 1149   0.00163333 0.0094971 922.619
52 1152   0.00119992 0.00972319 865.983
52 1153   0.00149942 0.00972289 902.012
52 1154   -0.00122176 -0.00901432 897.147
52 1155   5.36339e-06 -0.00905962 798.9
52 1156   -0.000403258 -0.00851143 855.608
52 1159   -0.000513639 -0.00956281 802.437
52 1160   -0.00111265 -0.00956221 864.738
52 1280   0.010232 0.00481581 756.931
52 1281   0.0108922 0.00286405 713.156
52 1282   0.0101044 0.00338006 734.79
52 1419   -0.0104189 -0.00317879 729.667
52 1422   -0.00890696 -0.00399028 784.389
52 1423   -0.0095071 -0.00511521 784.269
52 1435   0.00765612 -0.0047069 779.527
52 1436   0.00821749 -0.00364856 784.915
52 1440   0.00434624 0.0110028 782.45
52 1441   0.00434983 0.0110973 754.595
52 1442   0.00535797 0.0103411 934.784
52 1443   0.00544163 0.00984549 961.443
52 1444   0.00478978 0.0107279 891.338
52 1445   0.00489578 0.0104431 921.141
52 1446   0.0046987 0.0102282 939.691
52 1447   0.00457095 0.0107574 865.311
52 1448   0.00444891 0.0103833 918.171
52 1449   0.00442716 0.0106277 874.404
52 1450   0.00464313 0.00902275 965.817
52 1451   0.00460054 0.00983737 963.839
52 1452   0.00488128 0.00955667 968.884
52 1453   0.00376001 0.00844325 948.509
52 1454   0.00332899 0.00874649 951.371
52 1455   0.00414764 0.00888825 961.645
52 1456   0.00390205 0.00926854 966.88
52 1457   0.0034714 0.00928837 964.823
52 1458   0.00341125 0.00974571 969.034
52 1459   0.0037191 0.00991602 967.155
52 1460   0.00423921 0.00977701 967.114
52 1461   0.00399438 0.00959047 969.563
52 1462   0.00380896 0.010413 923.698
52 1463   0.00383066 0.0101439 955.005
52 1464   0.00410557 0.0101017 953.144
52 1465   0.0040118 0.0104526 908.961
52 1466   0.0042783 0.0103576 921.26
52 1467   0.00415591 0.0102768 934.448
52 1468   0.00425113 0.0106693 859.152
52 1469   0.00406757 0.0105604 884.302
52 1470   0.00420081 0.0105067 894.817
52 1471   0.00401361 0.0108262 814.868
52 1472   0.00404597 0.0106938 852.431
52 1473   0.00416833 0.0107623 833.231
52 1474   0.00425374 0.0109526 779.945
52 1475   0.00409193 0.0109132 784.398
52 1476   0.00418003 0.0108762 799.081
52 1477   0.00409417 0.0111326 583.995
52 1478   0.00400383 0.0110683 717.814
52 1479   0.00401263 0.0111317 633.364
52 1480   0.00406033 0.0110362 731.117
52 1481   0.00409998 0.0109859 758.623
52 1482   0.00410959 0.0110758 685.781
52 1483   0.0042123 0.0110002 755.557
52 1484   0.00414663 0.0109965 753.25
52 1485   0.00415185 0.0110546 706.854
52 1486   0.00428285 0.0110905 714.219
52 1487   0.0041972 0.0110729 695.239
52 1488   0.00423783 0.0110436 733.522
52 1489   0.00425367 0.0111798 458.618
52 1490   0.00422102 0.0111109 639.083
52 1491   0.00426344 0.0111288 641.137
52 1492   0.0041746 0.0111641 450.556
52 1493   0.00420614 0.0111444 536.098
52 1494   0.00421669 0.0111807 407.93
52 1495   0.00416287 0.0112221 85.4192
52 1496   0.0041747 0.0111966 295.631
52 1497   0.00419559 0.0112042 249.808
52 1500   0.0041926 0.0112263 93.1088
52 1501   0.00416991 0.0112475 4.62192
52 1502   0.00417566 0.0112343 26.2156
52 1508   -0.011884 0.00158796 674.455
52 1509   -0.0118669 0.00158114 672.943
52 1510   -0.0118587 0.00159628 671.569
52 1513   -0.0118894 0.00160468 676.978
52 1514   -0.0118718 0.00160671 671.489
52 1515   -0.0118803 0.00160037 673.629
52 1521   -0.00418073 -0.0112203 143.628
52 1522   -0.00418094 -0.0112373 29.8256
52 1523   -0.00416078 -0.011222 117.873
52 1524   -0.00416499 -0.0112511 4.83996
52 1526   -0.00416542 -0.0112417 14.904
52 1527   -0.00415604 -0.0112373 36.6834
52 1578   0.0117725 -0.00145091 673.397
52 1579   0.0117808 -0.00151809 671.976
52 1580   0.0118276 -0.0014136 674.345
52 1581   0.0118571 -0.00145675 673.774
52 1582   0.0118556 -0.00155832 671.831
52 1583   0.0118479 -0.00150937 672.703
52 1584   0.0118266 -0.0015334 671.892
52 1586   0.0118773 -0.00154593 672.593
52 1587   0.0118765 -0.00152265 672.917
52 1593   0.0118889 -0.00160941 703.817
52 1596   0.0118887 -0.00160155 689.513
52 1598   0.0118663 -0.0015905 673.156
52 1601   0.0118675 -0.00158138 671.828
52 1602   0.0118672 -0.00157352 671.898
end
