571
52 305   0.00941611 -0.00129512 688.098
52 306   0.00714023 -0.000777706 692.162
52 307   -0.000753776 0.00113755 699.16
52 308   -0.00269724 -0.00221231 698.951
52 309   -0.00466815 0.00107481 696.832
52 310   0.00313865 -0.00104839 697.54
52 311   -0.000747558 -0.00107793 699.165
52 312   0.0011942 -0.00216339 699.263
52 313   0.00118477 0.00219285 699.428
52 314   0.00110614 -0.00433146 700.876
52 315   0.00313545 0.00109238 697.547
52 316   -0.00665648 0.00189045 695.098
52 317   0.0108174 0.00073556 685.251
52 318   -0.00455837 -0.0011906 696.611
52 319   -0.00266317 -0.00432817 701.3
52 320   -0.000801544 -0.00536185 702.735
52 321   0.00285127 -0.00536009 700.824
52 322   0.00489106 0.00211501 695.65
52 323   -0.00997383 0.00102633 688.706
52 324   0.00679243 0.00142529 691.779
52 325   -0.00811493 0.000475493 691.838
52 326   -0.00621231 -0.00214597 694.066
52 327   0.00492227 0.0039555 697.701
52 328   -0.00418282 -0.00525839 702.74
52 329   -0.00702366 0.00353246 696.583
52 330   -0.00778054 -0.00129552 691.309
52 331   0.00895788 -0.00498229 694.71
52 332   -0.00977706 0.00361114 692.85
52 333   0.00650126 0.00460361 694.237
52 334   -0.00620015 0.00487888 699.297
52 335   -0.00645739 -0.00370787 693.889
52 336   -0.0106359 0.00243456 689.339
52 337   -0.00567341 -0.00476836 698.195
52 338   -0.0102666 -0.00225053 686.096
52 339   0.00795939 0.0025671 688.901
52 340   0.0102151 0.00239144 684.189
52 341   -0.00891265 -0.00235105 688.691
52 342   -0.00847794 0.00405892 695.885
52 343   0.00683623 0.00578709 697.085
52 344   0.00763701 0.00390493 689.071
52 345   0.0091692 0.0027063 686.308
52 346   0.00954249 -0.00626278 700.672
52 347   -0.0107999 -0.00346845 685.806
52 348   -0.00781444 -0.00409014 689.287
52 349   -0.0104739 0.00456918 692.198
52 350   -0.00870147 -0.00358377 687.967
52 351   -0.00722496 0.00581338 701.877
52 352   -0.0082716 0.0053148 699.777
52 353   0.00862733 0.00449169 685.323
52 354   -0.00730502 0.00672124 706.248
52 355   0.00937751 0.00395609 685.144
52 356   0.0109793 0.00338278 683.709
52 357   0.0100977 0.00444526 684.787
52 358   -0.00807387 -0.00502892 686.564
52 359   0.00798827 -0.00677965 708.587
52 360   -0.00944155 -0.00424768 686.161
52 361   -0.010186 -0.00423288 686.799
52 362   -0.0100448 0.00553801 692.976
52 363   -0.00881676 0.0058676 701.78
52 364   -0.00948347 0.0058952 699.058
52 365   0.00872632 -0.00694952 714.104
52 366   0.0087682 0.00519816 682.854
52 367   0.0106536 0.00418681 685.193
52 368   0.00770418 -0.00741157 715.208
52 369   -0.00810096 0.00694192 713.561
52 370   -0.010446 -0.00496913 687.816
52 371   -0.008825 -0.00522822 683.223
52 372   -0.00930565 -0.00495334 684.478
52 373   0.0100942 0.00513937 684.397
52 374   -0.00948887 0.00664999 706.343
52 375   -0.00856608 0.00658686 708.95
52 376   0.00878581 -0.00759548 736.151
52 377   -0.00900094 0.0069336 714.109
52 378   -0.00738305 0.00801576 718.481
52 379   -0.00972302 -0.00533549 684.007
52 380   -0.0082171 0.00746048 726.676
52 381   0.00903182 0.00607214 677.02
52 382   -0.00879015 -0.00605812 678.171
52 383   -0.0101189 -0.00536608 686.579
52 384   0.00934358 0.0053736 681.188
52 385   -0.00896551 0.00739789 728.051
52 386   -0.00897236 -0.00572308 680.196
52 387   0.0097059 0.0053579 682.268
52 388   -0.00864678 0.0075697 737.735
52 389   0.00741686 -0.00829469 720.529
52 390   0.00811094 -0.00779384 733.24
52 391   0.00845454 -0.00780789 748.694
52 392   -0.0091484 -0.00629391 675.734
52 393   -0.00777955 0.00789212 727.182
52 394   -0.00803764 0.00775281 733.309
52 395   -0.00964813 -0.0057189 681.768
52 396   -0.00937812 -0.0058316 679.582
52 397   0.00933193 0.00578802 678.678
52 398   0.00919679 0.00632384 674.89
52 399   0.0104437 0.00539061 686.069
52 400   -0.0102676 -0.00575322 688.616
52 401   0.0098497 0.00575183 681.171
52 402   0.00776218 -0.00833709 727.017
52 403   0.00962199 0.00591969 678.392
52 404   -0.00944209 -0.00613642 677.056
52 405   -0.00869512 0.00789119 759.985
52 406   0.0103055 0.00573175 685.995
52 407   -0.00988969 -0.00592962 682.634
52 408   -0.00728368 0.00834998 720.734
52 409   0.00848704 -0.00811248 779.071
52 410   0.00805456 -0.00809044 742.111
52 411   0.00794967 -0.00826842 736.978
52 412   0.00968826 0.00615882 676.316
52 413   -0.0101132 -0.00593336 687.423
52 414   -0.00759852 0.00838863 726.396
52 415   -0.00827397 0.00797361 755.109
52 416   -0.00850178 0.00800276 770.731
52 417   -0.0078729 0.0081788 735.575
52 418   0.0100345 0.00587402 682.601
52 419   -0.0085502 0.00820302 801.02
52 420   0.00956318 0.00627885 674.638
52 421   -0.00779124 0.0083411 731.89
52 422   0.0101855 0.0058662 685.256
52 423   0.00827053 -0.00819466 771.824
52 424   -0.00838435 0.00828032 806.321
52 425   0.00856167 -0.00825263 807.16
52 426   0.00988493 0.00623794 676.545
52 427   -0.00794359 0.00846048 737.417
52 428   0.0100375 0.00607684 682.16
52 429   0.00999308 0.00618469 679.782
52 430   -0.00837701 0.00840373 839.595
52 431   -0.0102141 -0.00609651 692.13
52 432   -0.0101582 -0.00616759 692.646
52 433   0.0100826 0.00627836 681.318
52 434   -0.00844745 0.00845777 876.431
52 435   0.00837705 -0.00858878 62.0526
52 436   0.010206 0.00630706 961.907
52 479   0.00623991 0.00666501 711.374
52 573   0.0026349 -0.00685308 702.849
52 574   0.00373635 -0.00724555 702.35
52 575   0.00357809 -0.0081261 704.906
52 577   0.00436274 -0.00842038 703.912
52 578   0.00490972 -0.00817619 699.155
52 695   0.000593158 -0.0094901 705.186
52 696   -0.000879448 -0.00680602 704.704
52 697   -0.000524633 -0.0087809 706.164
52 698   -0.00171227 -0.00896755 710.111
52 717   0.0101337 0.0062521 687.218
52 721   -0.00839154 0.00855536 922.581
52 722   -0.00839256 0.00851268 894.697
52 723   -0.00840957 0.00853054 904.102
52 724   -0.00825008 0.00821828 775.845
52 725   -0.00818813 0.00811183 759.218
52 726   -0.00804515 0.00817772 747.396
52 727   -0.00804158 0.00840017 747.548
52 728   -0.00815271 0.00828863 764.268
52 729   -0.00806148 0.00827971 751.025
52 730   -0.00815759 0.00852121 761.176
52 731   -0.00815825 0.00837547 767.76
52 732   -0.00810738 0.00844271 755.76
52 733   -0.0082832 0.00843602 818.285
52 734   -0.00821335 0.00842104 783.187
52 735   -0.00821795 0.00849508 783.226
52 736   -0.00830594 0.00849552 844.743
52 737   -0.00829263 0.00855776 825.457
52 738   -0.00826613 0.00852097 808.156
52 739   -0.0083577 0.00852026 888.754
52 740   -0.00833203 0.00851603 869.583
52 741   -0.00832361 0.00854533 867.437
52 742   -0.00837232 0.00855972 918.278
52 743   -0.00834307 0.00855665 890.395
52 744   -0.00835549 0.00854248 896.753
52 745   -0.0102227 -0.00620986 700.169
52 747   -0.0101958 -0.00624277 703.159
52 748   -0.00972857 -0.00630109 676.161
52 749   -0.00964912 -0.00618942 677.176
52 750   -0.00982671 -0.00609533 680.268
52 751   -0.00998347 -0.00629437 679.911
52 752   -0.00988085 -0.00624625 678.675
52 753   -0.00993148 -0.00616775 681.244
52 754   -0.0100402 -0.00625631 683.193
52 755   -0.0100909 -0.00618792 687.73
52 756   -0.010028 -0.00618553 683.928
52 757   -0.0101262 -0.00629997 689.711
52 758   -0.0100905 -0.00627327 686.369
52 759   -0.0101158 -0.00624413 690.189
52 760   -0.0101497 -0.00628381 695.136
52 761   -0.0101671 -0.00625512 698.932
52 762   -0.0101454 -0.00625831 694.278
52 763   -0.010169 -0.00628769 701.689
52 764   -0.0101737 -0.00627357 702.872
52 766   -0.010182 -0.00629936 708.721
52 767   0.00809927 -0.00841325 750.758
52 768   0.00814431 -0.00851047 754.69
52 769   0.00824509 -0.00833655 782.075
52 770   0.00830623 -0.00839996 809.018
52 771   0.00826237 -0.00848918 801.483
52 772   0.00831085 -0.00852308 841.719
52 773   0.00843701 -0.00838993 845.268
52 774   0.00837557 -0.00840648 841.369
52 775   0.00844789 -0.00846013 872.995
52 776   0.00840673 -0.0084821 881.405
52 777   0.00834724 -0.00849468 868.525
52 778   0.00836811 -0.0084673 863.646
52 779   0.00836736 -0.00854928 916.004
52 780   0.00836794 -0.00851649 891.292
52 781   0.00839671 -0.00851218 894.286
52 782   0.00840798 -0.00853127 903.485
52 784   0.00838397 -0.00857928 667.311
52 785   0.00839559 -0.00854828 915.169
52 786   0.00838374 -0.00856198 934.921
52 881   -0.00138338 0.00569612 702.337
52 882   0.000893844 0.00388693 700.823
52 883   0.000375042 0.00625038 703.654
52 884   -0.00036073 0.00510992 702.062
52 885   0.00352326 0.00458968 701.159
52 886   0.00134996 0.00563489 703.172
52 887   0.00190927 0.0044199 701.387
52 888   0.0023409 0.0060049 704.315
52 889   0.00358701 0.00560444 703.622
52 890   0.00467355 0.00760375 723.23
52 891   0.00484933 0.00652299 710.012
52 892   0.00255983 0.00747135 706.92
52 893   0.00363015 0.00815166 709.76
52 949   -0.00384333 -0.00666381 707.51
52 950   -0.00373545 -0.00861425 710.683
52 951   -0.00240158 -0.00717775 706.57
52 952   -0.00251378 -0.0081923 707.997
52 953   -0.00437203 -0.00804199 719.544
52 954   -0.00540574 -0.00715479 718.68
52 955   -0.00459211 -0.0071061 712.67
52 958   -0.00494983 -0.00827531 742.917
52 959   -0.00542149 -0.00790606 735.827
52 1003   0.00140195 -0.00729172 704.292
52 1004   0.000143621 -0.00802475 705.292
52 1005   0.000248349 -0.00724308 704.57
52 1006   0.00151699 -0.00894214 705.901
52 1007   0.00160517 -0.00789074 705.125
52 1008   0.000989282 -0.00825605 705.233
52 1009   0.00296989 -0.00848027 707.266
52 1010   0.00211497 -0.00890711 707.962
52 1011   0.00215079 -0.00824655 706.114
52 1014   0.00320757 -0.00901874 710.167
52 1015   0.00266059 -0.00926292 716.541
52 1095   -0.00162981 0.00732436 704.23
52 1096   0.000358303 0.00935411 706.002
52 1097   0.000407353 0.0073219 704.991
52 1098   0.0016012 0.00817287 707.246
52 1099   0.00152803 0.00921049 711.495
52 1100   -0.000227416 0.00881103 704.21
52 1101   -0.000251534 0.00781643 704.742
52 1102   -0.000898158 0.00780291 704.635
52 1105   -0.00178328 0.00925302 708.405
52 1106   -0.000861982 0.00929481 702.777
52 1107   -0.00117303 0.00878 704.87
52 1150   -0.00612302 0.00739366 698.239
52 1151   -0.00679784 0.00713011 705.153
52 1152   -0.00701783 0.00776677 709.924
52 1154   -0.00654349 0.00805494 704.425
52 1155   -0.00614252 0.00800571 694.726
52 1213   -0.00212421 0.00455126 700.836
52 1214   -0.00211291 0.00226499 699.233
52 1215   -0.00351356 0.00227217 698.449
52 1216   -0.00500577 0.00501245 699.522
52 1217   -0.0038978 0.00398382 699.312
52 1218   -0.00315191 0.00513308 700.738
52 1219   -0.00543626 0.00713744 697.939
52 1220   -0.00483665 0.0060996 700.085
52 1221   -0.00368312 0.00622382 701.233
52 1222   -0.00338711 0.00881218 707.855
52 1223   -0.00240111 0.00774709 705.054
52 1224   -0.00284013 0.00905636 714.157
52 1225   -0.00227971 0.00869867 708.97
52 1226   -0.00478389 0.0075843 698.605
52 1227   -0.00373619 0.00830534 704.926
52 1228   -0.00381134 0.00712109 701.887
52 1229   -0.00331062 0.00759794 703.817
52 1232   -0.00490619 0.00823171 698.535
52 1233   -0.00435921 0.0084759 703.582
52 1235   0.00986663 -0.00408251 691.256
52 1236   0.010253 -0.00279334 688.811
52 1249   -0.0110246 2.67144e-05 687.657
52 1250   -0.0109621 -0.00131504 686.906
52 1386   0.00597404 -0.00227321 695.206
52 1387   0.0045101 -0.0021843 696.758
52 1388   0.00431076 -0.00432793 698.7
52 1389   0.00634289 -0.00401003 696.799
52 1390   0.005332 -0.00494993 698.578
52 1391   0.00743725 -0.00491253 698.014
52 1392   0.00728381 -0.00602314 701.91
52 1393   0.00633927 -0.00619036 700.274
52 1394   0.00548181 -0.00601965 699.311
52 1395   0.00522322 -0.0075031 697.218
52 1396   0.0048345 -0.00686674 699.666
52 1397   0.00639417 -0.00700072 701.165
52 1398   0.00592543 -0.00746636 696.572
52 1399   0.00705462 -0.00746542 707.651
52 1400   0.00701119 -0.00798328 710.497
52 1402   0.00609807 -0.00804348 693.436
52 1403   0.00652338 -0.0080957 703.299
52 1448   0.00786606 0.00585045 684.632
52 1449   0.00865041 0.00597555 678.841
52 1450   0.00837514 0.00551599 682.677
52 1453   0.00794136 0.00633457 679.863
52 1454   0.00834129 0.00628546 678.347
52 1462   -0.00625758 -0.00575453 700.554
52 1463   -0.0059226 -0.00671119 711.811
52 1464   -0.00664583 -0.00690857 714.48
52 1465   -0.00759427 -0.0054378 688.513
52 1466   -0.00704915 -0.00624561 700.343
52 1467   -0.00691248 -0.0056582 695.523
52 1470   -0.00844764 -0.00623931 678.253
52 1471   -0.00762688 -0.00631776 686.67
52 1472   -0.00794706 -0.00599868 683.541
52 1498   -0.00835163 0.00857393 899.931
52 1501   -0.00837812 0.00858398 961.692
52 1502   -0.00836805 0.00857489 928.126
52 1503   0.0102183 0.0060383 687.073
52 1504   0.0102571 0.00610426 689.581
52 1505   0.0101426 0.00610158 685.766
52 1506   0.0101428 0.00620748 687.551
52 1507   0.0101556 0.00615886 687.215
52 1508   0.0102047 0.00616113 690.226
52 1509   0.0101756 0.00621394 691.339
52 1510   0.0102267 0.00622402 696.744
52 1511   0.0102078 0.0061983 692.697
52 1512   0.0102071 0.00624037 698.582
52 1513   0.0101818 0.00623895 694.566
52 1514   0.0102105 0.00629601 891.02
52 1515   0.0102131 0.00626176 705.745
52 1516   0.0102048 0.00627825 745.208
52 1518   0.00831265 -0.00855909 840.275
52 1519   0.00834845 -0.00856349 892.502
52 1522   -0.0102182 -0.00625447 710.318
52 1525   -0.010189 -0.00627767 711.412
52 1526   -0.0102048 -0.00627092 717.743
52 1527   -0.0102138 -0.00628231 738.745
52 1528   -0.01019 -0.00629473 718.474
52 1529   -0.0101923 -0.00628715 718.796
52 1530   -0.0102037 -0.00629148 746.592
52 1533   -0.0102106 -0.00630157 815.07
52 1534   -0.0102048 -0.00629863 766.08
52 1535   -0.0101981 -0.00630051 735.258
52 1574   0.0101901 0.00628741 704.368
52 1577   0.0101731 0.00626951 695.728
52 1578   0.0101578 0.00628912 690.224
16 284   -0.0449783 0.00325657 833.249
16 285   -0.0451575 -0.00292559 833.153
16 286   -0.0499783 0.00825723 810.633
16 287   -0.0399783 0.00825659 852.334
16 288   -0.0477788 -0.0217785 715.789
16 289   -0.0398003 -0.0323018 697.847
16 290   -0.036099 -0.0293534 735.016
16 291   -0.0322075 -0.0320516 741.889
16 292   -0.0322316 0.0320581 741.602
16 293   -0.0411399 -0.00645097 843.901
16 294   -0.00191325 0.0287868 691.048
16 295   -0.0435004 -0.0296603 689.578
16 296   -0.0497153 -0.0177534 744.568
16 297   -0.0384823 -0.00714316 854.714
16 298   -0.00649478 0.0169298 873.08
16 299   0.00515519 0.0131012 750.175
16 300   -0.00597796 0.0146062 831.956
16 301   -0.00698318 0.0139052 865.452
16 302   -0.00669019 0.012509 875.501
16 303   -0.00602605 0.0118594 855.659
16 304   -0.00620758 0.0110253 882.34
16 442   0.00243785 -0.0131104 724.219
16 443   0.00612024 -0.0163291 738.521
16 444   0.0045431 -0.0175708 720.285
16 445   0.000320679 -0.0148397 717.61
16 446   0.00124354 -0.016702 722.565
16 447   0.00434666 -0.0133138 772.735
16 448   0.00552905 -0.0141482 777.572
16 449   0.00690881 -0.0133798 820.426
16 463   -0.00572642 -0.0117626 770.191
16 470   0.00690881 0.0107667 875.732
16 471   0.00572642 0.0118433 785.366
16 472   0.00690881 0.0116807 828.856
16 473   -0.00720702 0.0119981 896.816
16 474   -0.00687173 0.0109268 916.505
16 475   -0.00720702 0.0112499 915.088
16 476   -0.00733236 0.0103372 963.802
16 477   -0.00699707 0.0105129 941.644
16 480   -0.0443199 -0.0225104 738.107
16 481   -0.0429715 -0.0254782 715.654
16 485   0.00705661 -0.0105567 945.294
16 499   -0.0497794 0.0184201 737.672
16 500   -0.0473135 0.0259431 692.097
16 501   -0.0511397 0.0239921 694.655
16 502   -0.048419 0.0211705 718.057
16 503   -0.0440401 0.0244675 715.323
16 504   -0.0451456 0.0217755 734.51
16 512   -0.0139099 -0.0319548 739.563
16 515   -0.0100885 -0.0304322 726.589
16 516   -0.00736396 -0.0334774 704.32
16 517   -0.00871793 -0.0270926 740.827
16 518   -0.00571159 -0.0265036 722.238
16 520   -0.0355304 0.0307406 728.533
16 521   -0.0410118 0.0310474 695.438
16 522   -0.0392004 0.0336825 697.775
16 523   -0.0359549 0.0279521 750.048
16 524   -0.0387288 0.0282589 722.845
16 527   0.00653542 0.022457 690.177
16 528   0.00460627 0.0250951 683.6
16 529   -0.000532549 0.0244893 698.502
16 530   0.0023382 0.02357 692.253
16 533   -0.00198465 0.0160295 727.55
16 534   0.00547192 0.0197337 700.93
16 535   0.00156146 0.0195186 707.62
16 536   0.00320386 0.020981 699.05
16 537   0.000125433 0.0164374 714.788
16 538   0.00338938 0.0165117 712.863
16 539   0.00194483 0.0175892 711.472
16 540   -0.0359199 -0.0253792 809.877
16 541   -0.0345733 -0.0210258 904.427
16 542   -0.032942 -0.0230775 861.767
16 553   -0.00499051 0.0301827 699.811
16 554   -0.00738657 0.0334891 703.583
16 555   -0.0101018 0.0304674 725.055
16 556   -0.00644143 0.0270186 722.051
16 557   -0.00897014 0.0273033 738.695
16 560   0.00568169 -0.0308983 671.319
16 561   -0.0029538 -0.0321102 689.321
16 562   -0.00267195 -0.0284761 695.328
16 563   0.000649527 -0.0268143 688.484
16 564   0.0040043 -0.027714 678.595
16 565   0.00424547 -0.0210623 700.755
16 566   0.00582261 -0.0239655 687.397
16 567   0.000157346 -0.0187418 721.316
16 568   1.8825e-06 -0.0235456 701.735
16 569   0.00177952 -0.021542 703.322
16 570   -0.0016479 -0.0219206 721.422
16 571   -0.00159268 -0.0195702 733.374
16 612   -0.024296 0.0325 759.255
16 613   -0.0288819 0.0295581 766.848
16 614   -0.0264522 0.0225 817.7
16 615   -0.0297961 0.0245581 819.571
16 616   -0.022257 0.0247391 791.35
16 617   -0.021015 0.0297391 766.248
16 618   -0.0144906 0.0242174 795.858
16 619   -0.0162337 0.0322391 746.288
16 620   -0.0137838 0.0292174 749.164
16 622   -0.0197415 0.0222391 799.087
16 623   -0.0166237 0.0222391 801.785
16 650   -0.0471582 0.016138 776.522
16 651   -0.0473571 0.0130557 796.063
16 652   -0.0423571 0.0130557 850.24
16 653   -0.0386397 0.0173364 907.42
16 654   -0.0432978 0.0168077 834.237
16 655   -0.0410185 0.0154682 873.038
16 659   -0.014754 -0.0219548 809.831
16 661   -0.0505635 -0.0249876 690.66
16 787   0.00633758 0.0143329 744
16 789   0.00527408 0.0162565 718.276
16 790   0.0064365 0.0174774 711.657
16 835   -0.00690881 -0.0115598 839.854
16 844   0.0073522 -0.0105641 961.955
16 845   0.0073522 -0.0102397 950.005
16 850   -0.0072044 -0.0105715 899.434
16 851   -0.00661321 -0.0108813 839.625
16 859   -0.0370471 -0.0219477 925.746
16 860   -0.0379139 -0.0242494 837.538
16 861   -0.0402707 -0.0240415 792.96
16 866   -0.0411571 0.024999 743.838
16 867   -0.0392174 0.0261916 748.221
16 909   -0.00664978 -0.0178411 880.666
16 910   -0.00327651 -0.0187139 770.629
16 911   -0.00409912 -0.0171976 782.756
16 912   -0.00579956 -0.0165155 827.33
16 913   -0.00664978 -0.0145077 811.556
16 914   -0.0054674 -0.0134606 766.445
16 915   -0.00185815 -0.0146663 715.535
16 916   -0.00350793 -0.0158407 748.456
16 917   -0.00402598 -0.0141114 731.23
16 919   -0.0017174 -0.0130439 699.369
16 920   -0.00303501 -0.0128301 700.967
16 928   -0.0400728 0.0190141 911.027
16 929   -0.0423522 0.018687 852.092
16 930   -0.0429391 0.0207028 796.37
16 931   -0.0396899 0.0216262 895.21
16 932   -0.0414165 0.0226451 805.96
16 938   -0.051035 0.0324945 670.13
16 941   -0.0472088 0.0298594 679.101
16 942   -0.0442787 0.0323649 680.994
16 960   -0.00100907 0.0203656 719.91
16 961   -0.00223743 0.0227474 719.253
16 962   -0.00512881 0.0187165 853.129
16 963   -0.00273579 0.0180283 755.016
16 972   -0.0461686 -0.0323585 675.705
16 975   -0.051035 -0.032543 670.039
16 976   -0.0490985 -0.0299015 675.715
16 977   -0.00295446 0.0145968 728.284
16 978   -0.00437759 0.0128417 745.478
16 979   -0.00455475 0.0139207 766.002
16 980   -0.00198053 0.0141044 710.294
16 981   -0.00225645 0.013145 704.172
16 983   -0.00150906 0.0127124 697.592
16 984   -0.000850254 0.0128193 693.997
16 992   0.00661321 -0.0125253 854.761
16 993   0.00631762 -0.0110641 896.152
16 994   0.00690881 -0.0110788 913.954
16 995   0.00513523 -0.0123295 816.28
16 996   0.00602202 -0.0115825 873.352
16 997   0.00602202 -0.0123094 848.451
16 999   0.00483964 -0.0117574 823.184
16 1000   0.00543083 -0.0114476 851.712
16 1044   0.000226754 -0.0336328 678.912
16 1045   0.00386338 -0.0336328 671.605
16 1050   9.76919e-05 0.0320933 679.804
16 1053   0.00567562 0.0322276 670.095
16 1054   0.00374646 0.0293208 675.629
16 1069   -0.0501575 -0.00542494 820.669
16 1072   -0.0485441 -0.0149631 777.044
16 1073   -0.0489863 -0.00938736 810.174
16 1074   -0.0513288 -0.0114625 793.896
16 1075   -0.0435763 -0.0109131 835.027
16 1076   -0.0464228 -0.0113501 811.937
16 1077   -0.0459805 -0.0144259 799.772
16 1078   -0.042137 -0.0127196 849.36
16 1079   -0.04337 -0.0151948 834.373
16 1080   -0.0397005 -0.0118739 864.792
16 1081   -0.0387182 -0.0133485 876.59
16 1082   -0.0423641 -0.0198189 834.686
16 1083   -0.0420412 -0.0170657 860.444
16 1084   -0.0389704 -0.0205888 933.223
16 1085   -0.0405115 -0.0214067 878.733
16 1086   -0.0386077 -0.0180003 916.977
16 1087   -0.0398259 -0.016065 889.546
16 1091   -0.00489011 -0.0237092 753.305
16 1092   -0.00335933 -0.0222395 746.293
16 1093   -0.00582717 -0.0201907 901.488
16 1094   -0.00415433 -0.0203814 806.609
16 1161   -0.0345835 0.0210291 902.73
16 1162   -0.0329835 0.0230872 862.367
16 1163   -0.0348868 0.0252987 818.319
16 1164   -0.0374567 0.0226443 904.074
16 1165   -0.0372436 0.0248558 819.747
16 1208   -0.0104106 -0.0209774 874.901
16 1209   -0.0117717 -0.0229322 821.673
16 1210   -0.00939962 -0.0245926 791.819
16 1211   -0.00735794 -0.0216603 902.823
16 1212   -0.00721589 -0.0233207 826.066
16 1252   -0.00539577 0.0118414 806.727
16 1253   -0.00487753 0.012113 770.711
16 1277   -0.00585268 0.0243762 756.663
16 1278   -0.0055517 0.021198 879.561
16 1279   -0.00438703 0.0228916 761.448
16 1280   -0.0243311 -0.0325 759.507
16 1281   -0.0288795 -0.0295516 767.572
16 1282   -0.0222938 -0.0225 801.732
16 1283   -0.0297931 -0.0245516 819.777
16 1284   -0.02652 -0.0225 818.104
16 1285   -0.0185594 -0.0244548 790.702
16 1286   -0.0187169 -0.0294548 763.488
16 1339   0.00054006 0.0152621 710.492
16 1340   -0.000596091 0.0143618 706.668
16 1341   -0.000213199 0.0135093 700.593
16 1342   0.00297462 0.012493 709.239
16 1343   0.00365339 0.0133342 721.482
16 1344   0.00192114 0.0147233 711.515
16 1345   0.00295107 0.0148211 715.529
16 1346   0.00079088 0.0134013 704.235
16 1347   0.00214023 0.0129716 709.582
16 1348   0.00178907 0.0137151 709.473
16 1350   0.00147144 0.0126044 707.215
16 1351   0.000812633 0.0127114 703.213
16 1368   0.0072044 -0.0115307 903.901
16 1369   0.0072044 -0.0120954 884.522
16 1384   -0.00272381 0.0126119 701.597
16 1385   -0.00338262 0.012505 702.53
16 1425   -0.0114843 0.0229674 824.326
16 1426   -0.0101203 0.0209891 879.627
16 1427   -0.00964576 0.0248033 788.738
16 1428   -0.00759969 0.0218359 901.811
16 1429   -0.00769938 0.0236718 819.789
end
