579
52 307   -0.00059674 0.0077097 713.726
52 308   -0.000527963 0.00547046 718.761
52 309   -0.000412758 -0.00551156 717.65
52 310   -0.0044699 0.00110135 717.65
52 311   0.00146118 0.00426936 717.512
52 312   -0.00627353 0.00238918 719.881
52 313   -0.00241433 -0.0043311 717.371
52 314   0.00146669 -0.00439203 721.18
52 315   -0.00259752 0.00440184 726.105
52 316   -0.00060043 -0.00111017 718.173
52 317   -0.00251878 0.00219676 721.314
52 318   -0.000626773 0.00107049 718.719
52 319   0.00317996 -0.00109182 717.853
52 320   -0.00442637 -0.00104572 713.358
52 321   0.00128364 0.00207448 717.46
52 322   0.00131359 -0.00219077 719.591
52 323   -0.00244891 -0.00213098 716.636
52 324   0.00317635 0.000992761 715.06
52 325   0.00124668 0.00870687 712.48
52 326   -0.00798282 0.00144665 707.649
52 327   -0.00967212 0.00256175 703.708
52 328   0.00695858 0.00122184 703.146
52 329   -0.00609891 -0.00212744 707.674
52 330   0.00497 0.00200106 710.456
52 331   0.00339596 0.00492897 717.416
52 332   -0.00608604 0.00452085 744.039
52 333   -0.00436115 0.00543809 746.395
52 334   -0.00473285 -0.00663685 725.674
52 335   -0.00416527 -0.00499956 718.298
52 336   -0.0110158 0.0010395 696.195
52 337   0.00320961 -0.0052708 730.539
52 338   0.00501207 0.00374238 712.898
52 339   0.00675603 0.00453186 712.733
52 340   -0.00587239 -0.00388116 711.665
52 341   0.00828054 0.00235988 695.793
52 342   -0.00824585 -0.00035305 701.196
52 343   -0.00758674 -0.00160222 701.511
52 344   -0.00725615 -0.00464147 712.166
52 345   -0.00723317 0.00564651 770.046
52 346   0.00340117 -0.00680084 733.478
52 347   0.00803593 0.00392858 699.27
52 348   -0.0106235 -0.000662515 691.356
52 349   -0.00455012 0.00695963 769.671
52 350   0.0104265 0.00189353 688.529
52 351   0.00954181 0.00237342 689.321
52 352   0.0109409 0.00112113 687.785
52 353   -0.00954286 -0.000939969 694.813
52 354   -0.00401215 0.00785139 754.815
52 355   0.00878834 -0.00661648 757.011
52 356   -0.0086078 -0.00258993 694.878
52 357   -0.00842674 -0.00426978 695.914
52 358   0.00779145 -0.00643235 786.669
52 359   -0.0112801 -0.0017539 689.388
52 360   -0.00695971 0.00702824 835.676
52 361   -0.00879507 -0.00347461 691.448
52 362   0.00634759 -0.00744504 856.261
52 363   -0.00954212 -0.00210964 691.944
52 364   -0.00565247 0.00745198 836.138
52 365   0.00718282 -0.00726893 849.095
52 366   -0.00637131 0.00749002 864.215
52 367   0.0090309 0.00440274 686.544
52 368   -0.0101802 -0.00267838 688.265
52 369   -0.0108375 -0.0026001 688.463
52 370   0.0111685 0.00275603 685.987
52 371   0.00948591 0.00487072 679.22
52 372   -0.00915026 -0.00486115 682.835
52 373   0.00614477 -0.00825726 896.241
52 374   -0.00970261 -0.00370615 684.345
52 375   0.00982463 0.00343676 684.461
52 376   0.00738561 -0.00800043 894.598
52 377   -0.0101534 -0.00339021 684.888
52 378   0.00780161 -0.00821611 898.023
52 379   -0.00660442 0.00831646 908.189
52 380   0.00955833 0.00389737 683.263
52 381   0.00583549 -0.00922701 921.726
52 382   0.0110214 0.00339025 683.839
52 383   0.0107694 0.00362652 681.873
52 384   0.0103576 0.00362307 681.502
52 385   0.00661396 -0.00857838 922.478
52 386   -0.0097045 -0.00455985 678.7
52 387   -0.00697235 0.00857161 928.842
52 388   -0.00988852 -0.00420002 680.02
52 389   0.00701957 -0.00849766 923.441
52 390   0.0100028 0.00421932 678.39
52 391   -0.0105776 -0.00369512 682.734
52 392   0.010132 0.00453642 675.4
52 393   -0.0100867 -0.00476757 674.457
52 394   0.00627567 -0.00922402 952.139
52 395   0.00652714 -0.00900107 950.44
52 396   0.0103335 0.00407668 678.175
52 397   0.00713112 -0.00888228 954.271
52 398   -0.0069123 0.00898747 960.089
52 399   0.00734406 -0.00900257 961.523
52 400   -0.00717627 0.00915316 968.183
52 401   0.0109512 0.00402744 679.944
52 402   0.0105872 0.00425106 676.331
52 403   0.0105029 0.00464153 672.467
52 404   0.00637065 -0.00949979 968.032
52 405   -0.00715679 0.00939978 919.749
52 406   0.0106275 0.00449882 673.538
52 407   0.00675454 -0.00915176 966.995
52 408   -0.0110048 -0.00402477 682.689
52 409   0.00727821 -0.00931351 955.084
52 410   0.00695292 -0.00911367 967.628
52 411   0.0107932 0.00419837 677.574
52 412   0.00659355 -0.00949946 955.268
52 413   -0.00697284 0.00947848 868.595
52 414   0.00672598 -0.00937437 960.911
52 415   -0.00650874 0.00957824 957.899
52 416   -0.0108372 -0.00411096 680.555
52 417   0.00711642 -0.00939197 918.907
52 418   0.00700408 -0.00931242 955.97
52 419   -0.0107283 -0.00435236 677.077
52 420   0.0111302 0.0041058 680.83
52 421   0.00687665 -0.00943581 916.888
52 422   0.0108125 0.00456179 672.956
52 423   -0.0108582 -0.00427629 679.222
52 424   0.0109079 0.00435225 676.9
52 425   -0.0107621 -0.00447429 675.621
52 426   0.0110881 0.00428769 679.744
52 427   0.00689799 -0.0095589 820.314
52 428   0.00663063 -0.0096393 895.599
52 429   -0.0109546 -0.00436087 679.864
52 430   0.00709374 -0.00954954 813.243
52 431   0.00674898 -0.00967323 792.144
52 432   -0.00697814 0.00962234 750.005
52 433   0.0110237 0.00436321 678.573
52 434   0.0108869 0.00446792 675.291
52 435   0.00683988 -0.00965321 744.728
52 436   -0.011043 -0.00434829 681.791
52 437   0.00700273 -0.00959308 773.387
52 438   0.0110584 0.00447498 679.241
52 439   -0.0108844 -0.00450864 676.558
52 440   -0.0109471 -0.00447128 678.777
52 441   0.0108656 0.00465355 671.568
52 442   0.00700308 -0.00967574 617.825
52 443   0.00689396 -0.00971964 487.715
52 444   -0.0110037 -0.00452262 680.437
52 445   0.0109513 0.00462897 673.03
52 446   0.00695241 -0.00970799 455.777
52 447   -0.00704012 0.00966561 663.164
52 448   -0.011048 -0.0045229 683.223
52 449   0.00688359 -0.00976276 272.94
52 450   0.00695742 -0.00975029 161.655
52 451   -0.00699613 0.00970961 487.044
52 452   0.00691826 -0.0097727 50.1894
52 453   0.00693364 -0.00977188 34.6805
52 454   0.00693693 -0.00978692 3.87927
52 455   0.011067 0.00463284 907.507
52 456   0.00693034 -0.0097935 2.88938
52 494   -0.00204989 0.00869563 707.448
52 515   0.00830764 -0.00795624 860.654
52 516   0.00888376 -0.00738122 779.674
52 599   0.00693901 0.00577182 730.098
52 601   -0.00713809 -0.00579562 731.579
52 602   -0.00632193 -0.00667261 747.195
52 610   -0.00890338 0.00710263 764.802
52 611   -0.00769223 0.00742312 850.282
52 612   -0.00851166 0.00785619 836.346
52 613   -0.00834088 0.0073034 807.034
52 614   -0.00797709 0.0084881 906.558
52 615   -0.00806805 0.00803534 879.266
52 616   -0.00765796 0.00791647 886.262
52 617   -0.00767895 0.00854046 917.286
52 618   -0.00725901 0.0084688 920.274
52 619   -0.00744521 0.00824522 905.846
52 621   -0.00739782 0.00910479 966.586
52 622   -0.0076354 0.00884851 942.532
52 623   -0.00742051 0.00883628 947.618
52 626   -0.00486901 0.0085347 829.754
52 627   -0.00511755 0.00904844 876.041
52 628   -0.0054657 0.00822321 867.465
52 629   -0.00621977 0.00856289 911.816
52 630   -0.00579991 0.00850768 896.373
52 631   -0.00567869 0.00895552 905.987
52 632   -0.00627548 0.00888936 931.671
52 633   -0.00597989 0.00909103 925.469
52 634   -0.00637379 0.00936745 964.79
52 635   -0.00610561 0.00938091 948.869
52 636   -0.00670504 0.00907259 961.705
52 637   -0.0064717 0.00901107 949.424
52 638   -0.00644429 0.00919927 960.229
52 639   -0.00684239 0.0093879 943.988
52 640   -0.00674866 0.00923761 969.173
52 641   -0.00660659 0.00928399 968.843
52 642   -0.00661925 0.00953226 940.915
52 643   -0.00675403 0.00946237 931.962
52 644   -0.0066466 0.00940618 965.122
52 645   -0.00675856 0.0095651 867.243
52 646   -0.00669481 0.0096118 869.698
52 648   -0.00671765 0.00969601 803.836
52 675   -0.000503426 -0.00717389 715.423
52 676   -0.00199907 -0.00816251 716.099
52 677   -0.00151044 -0.00922749 709.368
52 722   0.00325261 -0.00886385 703.208
52 723   0.00383105 -0.00870824 707.9
52 772   -0.0111737 -0.0031179 687.605
52 793   -0.00688508 0.0096439 735.521
52 794   -0.00681327 0.00962597 794.899
52 795   -0.00681624 0.00972428 654.368
52 796   -0.00678239 0.00968209 769.689
52 797   -0.00690604 0.00969732 575.611
52 798   -0.00686809 0.00972158 525.513
52 800   -0.00688402 0.00975863 304.037
52 807   -0.0102666 -0.00420265 678.238
52 808   -0.0105843 -0.00427907 677.34
52 809   -0.0106554 -0.00410112 679.512
52 810   -0.0105049 -0.00401367 680.015
52 811   -0.010291 -0.00458507 674.473
52 812   -0.010287 -0.00437998 676.45
52 813   -0.0104541 -0.00436896 676.18
52 814   -0.0105784 -0.00471621 672.005
52 815   -0.0104343 -0.00463364 673.411
52 816   -0.0104821 -0.00451446 674.515
52 817   -0.0107587 -0.00462358 673.026
52 818   -0.0106545 -0.00464561 672.581
52 819   -0.0106981 -0.0045355 674.233
52 820   -0.0105939 -0.00455752 673.835
52 822   -0.0108171 -0.00465563 672.62
52 825   -0.0108888 -0.00457663 675.286
52 826   -0.0108853 -0.00465851 673.062
52 827   -0.010853 -0.00462291 673.577
52 828   -0.0109643 -0.00464029 675.455
52 829   -0.0109162 -0.00463164 674.285
52 830   -0.010926 -0.00459282 675.743
52 831   -0.0109848 -0.00461336 677.672
52 832   -0.010994 -0.00456866 679.667
52 833   -0.0109627 -0.00458369 677.381
52 834   -0.011014 -0.00461097 680.556
52 835   -0.0110182 -0.00458568 681.469
52 837   -0.0110339 -0.0046263 682.934
52 838   0.0028169 0.00781125 720.856
52 839   0.00362825 0.00634951 720.533
52 840   0.00367114 0.00856901 731.096
52 841   0.00474466 0.00803722 727.293
52 849   -0.00318566 -0.00834068 726.622
52 850   -0.00425918 -0.0078089 725.849
52 928   -0.00349599 0.0083066 709.704
52 929   -0.00291755 0.00846221 706.79
52 990   0.00155038 -0.00925743 706.546
52 991   0.00073302 -0.00774456 713.43
52 992   0.00226167 -0.00759311 715.085
52 993   0.00253667 -0.00854401 707.451
52 994   -0.000589423 -0.00906441 709.845
52 995   0.00070076 -0.00913206 712.4
52 996   0.000158397 -0.0085701 712.141
52 999   0.00025099 -0.00965585 716.112
52 1000   -0.00034511 -0.0095969 708.555
52 1009   0.00599176 0.00618383 732.757
52 1010   0.00515034 0.00730635 729.727
52 1011   0.00488817 0.00637639 725.177
52 1013   0.00604988 0.00733303 754.539
52 1014   0.00645797 0.00689454 750.987
52 1124   0.00969338 -0.00586254 727.734
52 1125   0.0097381 -0.00394611 707.633
52 1126   0.0087713 -0.00468173 723.728
52 1364   -0.0100487 0.00410023 709.138
52 1366   -0.00943282 0.00625872 739.032
52 1367   -0.00881908 0.00523528 735.66
52 1453   0.00963378 -0.00267505 701.767
52 1454   0.0104952 2.39311e-05 691.456
52 1455   0.00743754 -0.000226058 703.681
52 1456   0.0084851 -0.00202643 705.897
52 1457   0.00919853 -0.000665113 698.176
52 1458   0.00477008 -0.00164422 717.299
52 1459   0.00704991 -0.00215524 712.395
52 1460   0.00639833 -0.00101951 709.985
52 1461   0.00433665 -0.00416183 732.523
52 1462   0.00605743 -0.00280792 721.035
52 1463   0.00478589 -0.00275198 722.548
52 1464   0.0059957 -0.00379678 731.075
52 1465   0.00522067 -0.00463877 741.82
52 1466   0.00717006 -0.00452834 737.322
52 1467   0.00709525 -0.00552502 761.179
52 1468   0.00599271 -0.00682421 811.718
52 1469   0.00613174 -0.00574078 771.993
52 1470   0.00543152 -0.00558608 760.202
52 1471   0.0045132 -0.00689305 763.037
52 1472   0.00541674 -0.00700074 803.9
52 1473   0.00516825 -0.0063383 774.479
52 1474   0.00422639 -0.0082434 753.542
52 1475   0.0050384 -0.00757067 803.828
52 1476   0.00448497 -0.00754032 767.969
52 1477   0.00498903 -0.00812501 820.239
52 1478   0.0046062 -0.00849687 795.125
52 1479   0.00551466 -0.00844465 878.354
52 1480   0.00544416 -0.00890607 891.668
52 1483   0.00496857 -0.00901823 862.863
52 1484   0.00465625 -0.00892867 820.769
52 1512   0.0112132 -0.00197418 695.977
52 1513   0.0113612 -0.000636513 691.997
52 1526   0.00774369 -0.00873863 930.024
52 1527   0.00755332 -0.00892863 952.328
52 1534   0.0109646 0.00452563 675.954
52 1535   0.0110202 0.00452174 678.38
52 1536   0.0109758 0.00459493 675
52 1537   0.0110141 0.00460349 677.216
52 1538   0.0110402 0.00457503 680.116
52 1539   0.0110703 0.00461853 770.984
52 1540   0.0110584 0.00460769 689.931
52 1541   0.0110653 0.00458473 683.304
52 1542   -0.00696965 0.00972065 438.256
52 1543   -0.00694056 0.00971886 427.087
52 1544   -0.00696186 0.00975248 129.538
52 1545   -0.00690859 0.00975635 231.379
52 1546   -0.00693836 0.00976053 109.884
52 1547   -0.00692717 0.00974083 284.3
52 1548   -0.00693256 0.00978904 4.7388
52 1550   -0.00691202 0.00977491 89.3306
52 1551   -0.00692725 0.00977819 27.3344
52 1611   -0.0110974 -0.0042502 682.79
52 1612   -0.0111309 -0.00410484 683.569
52 1613   -0.0111114 -0.00383263 684.494
52 1615   -0.0109181 -0.00359873 684.646
52 1616   -0.0111061 -0.00341083 686.403
52 1635   -0.0110867 -0.00442906 682.904
52 1636   -0.0110728 -0.0044889 683.357
52 1645   -0.0110691 -0.00456908 686.699
52 1649   -0.0110404 -0.00458831 684.428
52 1650   -0.0110577 -0.00458332 687.156
52 1651   -0.0110702 -0.00460273 693.107
52 1652   -0.0110435 -0.00461751 685.635
52 1653   -0.0110458 -0.00460481 686.13
52 1654   -0.0110604 -0.00461157 691.331
52 1657   -0.0110698 -0.00462696 703.346
52 1658   -0.0110624 -0.00462305 693.745
52 1659   -0.0110542 -0.0046265 688.504
52 1661   0.0110446 0.00462175 680.115
52 1662   0.0110254 0.00462725 677.055
16 1   -0.0449735 0.00275865 877.021
16 2   -0.0451551 -0.00345801 876.798
16 3   -0.0399735 0.0078019 886.788
16 4   -0.0499735 0.00812955 858.911
16 5   -0.0244334 -0.0323826 805.681
16 6   -0.04779 -0.0218376 739.115
16 7   -0.0208805 -0.0293167 817.641
16 8   -0.0322316 0.0320578 780.663
16 9   -0.0398894 -0.0323652 708.739
16 10   -0.0261191 -0.0223826 867.697
16 11   -0.029127 -0.0298229 812.787
16 12   -0.0297392 -0.0248229 866.401
16 13   -0.0411366 -0.00708743 883.197
16 14   -0.0363419 -0.0298055 764.539
16 15   -0.0018482 0.0289497 697.018
16 16   -0.0325834 -0.0324403 774.985
16 17   -0.0435495 -0.0297404 696.695
16 18   -0.0182377 -0.0219341 857
16 19   -0.0219541 -0.0243167 848.287
16 20   -0.0497187 -0.0177958 781.503
16 21   -0.000703934 0.0235844 716.313
16 22   -0.0384814 -0.00786403 888.898
16 23   0.00386234 0.0175717 717.435
16 24   0.0063627 0.0157874 728.628
16 25   0.00518032 0.0135068 739.98
16 26   -0.00588431 0.0145392 912.146
16 27   -0.0070155 0.0137316 937.781
16 28   0.00475208 -0.0125746 917.466
16 29   0.00662357 -0.0121669 960.942
16 30   -0.0070155 0.0123416 963.716
16 31   -0.00665816 0.0118094 966.084
16 32   -0.0059378 0.0117014 961.027
16 33   0.00599154 -0.0115081 967.231
16 34   0.00723108 -0.0120059 966.821
16 35   0.00723108 -0.0112459 902.193
16 36   -0.00701029 0.0111029 889.076
16 37   0.00699163 -0.0108086 803.959
16 38   0.00617898 -0.0110045 952.624
16 39   0.00657156 -0.0107988 861.706
16 40   -0.00592086 0.0110437 968.57
16 41   -0.00671131 0.0107741 836.213
16 42   -0.00634223 0.0108229 915.522
16 43   -0.00736763 0.0109349 809.147
16 44   0.00713983 -0.0104187 581.517
16 45   -0.00736763 0.0105299 587.834
16 46   -0.00689771 0.0104602 706.851
16 47   -0.00726553 0.0103479 434.659
16 48   -0.00709459 0.010357 540.657
16 461   0.00572642 0.012113 766.94
16 470   0.00560095 0.0253916 684.945
16 472   0.00499964 0.0201265 705.83
16 473   0.0031006 0.0227429 699.478
16 490   0.00136217 0.0165723 722.354
16 491   -0.00068458 0.0140224 711.427
16 492   -0.00205338 0.0149324 764.916
16 493   -0.00134321 0.0128481 704.426
16 499   0.00737927 -0.0104082 462.434
16 501   0.00731891 -0.0102099 238.697
16 502   0.00743964 -0.0101466 68.9363
16 503   -0.0443505 -0.0226194 776.244
16 504   -0.0430342 -0.0256102 741.344
16 505   -0.049776 0.0184059 772.402
16 507   -0.0473107 0.0259327 700.197
16 508   -0.051138 0.0239836 703.011
16 509   -0.048414 0.0211489 744.284
16 510   -0.044035 0.0244499 743.67
16 511   -0.0451384 0.0217462 774.45
16 545   -0.00734685 0.0101606 172.745
16 546   -0.00744895 0.0101071 33.1348
16 564   -0.0071265 -0.0336336 720.163
16 565   -0.00776642 -0.0277991 768.034
16 566   -0.004559 -0.0270608 735.886
16 567   -0.0355296 0.0307392 762.926
16 568   -0.0410099 0.031044 705.53
16 569   -0.0391995 0.0336813 708.815
16 570   -0.0359536 0.0279495 797.213
16 571   -0.0387264 0.0282543 756.953
16 575   -0.00255506 0.0212185 784.398
16 576   -0.00125071 0.0180194 765.166
16 577   -0.00261916 0.0167947 810.463
16 588   -0.004966 0.0301497 710.862
16 589   -0.00739062 0.0333832 717.336
16 590   -0.0101056 0.0303715 757.553
16 591   -0.00640346 0.0270271 754.972
16 592   -0.00895857 0.0272489 782.683
16 603   -0.0361949 -0.0260256 848.51
16 604   -0.0330486 -0.0236604 889.245
16 674   -0.00315759 -0.0127846 703.231
16 683   0.00608942 -0.0236239 700.399
16 684   0.000428727 -0.0193255 768.359
16 685   -0.000285293 -0.0219031 748.848
16 686   0.00644643 -0.0185108 774.718
16 687   0.00292873 -0.0194594 755.011
16 688   0.00503586 -0.0207755 730.879
16 689   0.00333351 -0.0173148 790.739
16 690   0.00544064 -0.0169969 814.838
16 691   0.00505716 -0.0149175 873.73
16 692   0.00601519 -0.0156531 861.677
16 693   0.00545545 -0.0135542 907.768
16 694   0.00641348 -0.0133128 923.652
16 696   0.00702099 -0.0140675 907.273
16 697   0.00702099 -0.0150444 885.799
16 738   -0.0471508 0.0160749 825.941
16 739   -0.0473483 0.012922 846.303
16 740   -0.0423483 0.012922 887.714
16 741   -0.038638 0.0173295 926.368
16 742   -0.0432888 0.0167377 881.81
16 743   -0.0410128 0.0154121 899.342
16 865   -0.00690881 -0.0111431 841.516
16 866   -0.00572642 -0.0117626 758.279
16 867   -0.00499878 -0.0128916 742.532
16 868   -0.00618116 -0.0139387 797.234
16 869   0.00690881 0.0120853 803.265
16 870   0.00690881 0.0109016 854.43
16 874   -0.0371765 -0.0222651 936.328
16 875   -0.0380789 -0.0246303 872.363
16 876   -0.0403752 -0.02428 841.68
16 886   -0.00373522 -0.0241141 776.838
16 887   -0.00286393 -0.0216917 803.168
16 888   -0.00591407 -0.0225851 893.364
16 889   -0.00504278 -0.0201627 901.7
16 900   -0.0411523 0.0249841 793.9
16 901   -0.0392142 0.0261835 799.399
16 911   -0.0400692 0.0189997 930.235
16 912   -0.0423452 0.0186587 891.957
16 913   -0.0429315 0.0206734 857.764
16 914   -0.0396865 0.0216141 923.35
16 915   -0.0414108 0.0226249 868.438
16 932   -0.00565244 0.0207006 925.767
16 933   -0.00445697 0.0224671 839.759
16 934   -0.00578888 0.0245271 809.996
16 938   -0.00472752 0.0138453 894.752
16 939   -0.00339642 0.0142132 819.755
16 940   -0.00268642 0.0131962 751.447
16 941   -0.00331963 0.0125274 768.576
16 942   -0.0054617 0.0120678 938.461
16 943   -0.00432738 0.0125709 889.941
16 944   -0.00502527 0.0128718 910.5
16 946   -0.0045328 0.011888 906.449
16 947   -0.00499483 0.0116459 928.922
16 953   -0.0510349 0.0324937 670.749
16 956   -0.0472075 0.0298564 682.814
16 957   -0.0442773 0.0323627 685.581
16 963   -0.0461851 -0.0323752 678.36
16 966   -0.0501551 -0.00560873 867.884
16 969   -0.0485462 -0.015063 823.264
16 970   -0.0489827 -0.00958741 858.499
16 971   -0.0513276 -0.0115436 840.08
16 972   -0.0435734 -0.011259 879.248
16 973   -0.0464196 -0.0116082 861.592
16 974   -0.0459831 -0.0146054 851.559
16 975   -0.0421368 -0.0129863 887.5
16 976   -0.043374 -0.0153547 880.915
16 977   -0.0396999 -0.0122644 894.692
16 978   -0.0387184 -0.0135917 900.582
16 979   -0.0423885 -0.0199314 883.236
16 980   -0.0420465 -0.0171661 894.39
16 981   -0.0390217 -0.0207322 942.797
16 982   -0.0405822 -0.021602 903.169
16 983   -0.0386093 -0.0180205 936.979
16 984   -0.0398278 -0.0161251 908.399
16 1066   0.00146956 -0.0261563 697.835
16 1067   0.00429071 -0.0270852 685.708
16 1068   -0.00270912 -0.0323626 696.198
16 1069   -0.00193285 -0.0288916 701.488
16 1072   0.00390258 -0.033729 672.83
16 1073   0.000305161 -0.033729 682.718
16 1074   0.000134015 0.0321832 682.571
16 1077   0.00567769 0.0322834 670.544
16 1078   0.00377864 0.0294666 677.198
16 1108   0.00118465 -0.0130654 771.223
16 1109   0.0040462 -0.0151147 850.716
16 1110   0.00289709 -0.0161682 808.875
16 1111   0.00192873 -0.0155868 799.464
16 1112   0.00221855 -0.0136005 808.298
16 1113   0.00256976 -0.0146704 820.003
16 1114   0.0035859 -0.0143961 854.809
16 1115   0.00286847 -0.0130889 836.061
16 1116   0.00403535 -0.0128448 897.365
16 1117   0.00375164 -0.0135937 875.211
16 1119   0.00282278 -0.0123934 824.374
16 1120   0.00348159 -0.0122865 868.16
16 1127   -0.0242966 0.0325 803.812
16 1128   -0.0288829 0.0295578 815.517
16 1129   -0.0264545 0.0225 868.331
16 1130   -0.0297967 0.0245578 870.224
16 1131   -0.0222578 0.0247441 845.621
16 1132   -0.0210138 0.0297441 814.045
16 1133   -0.0144911 0.0242324 854.471
16 1134   -0.0162294 0.0322441 786.34
16 1135   -0.0137754 0.0292324 792.655
16 1137   -0.0166327 0.0222441 859.277
16 1138   -0.0197455 0.0222441 854.697
16 1139   -0.0173293 -0.0304011 804.21
16 1140   -0.0149544 -0.033467 778.672
16 1141   -0.0107451 -0.029368 774.503
16 1142   -0.0109326 -0.0321007 755.64
16 1143   -0.0156392 -0.0240348 851.311
16 1144   -0.0132419 -0.027835 807.307
16 1145   -0.0158044 -0.0275018 818.152
16 1146   -0.0136817 -0.0232343 863.908
16 1147   -0.0124718 -0.0255016 838.077
16 1148   -0.00855834 -0.0230318 890.645
16 1149   -0.0095869 -0.0252991 836.368
16 1167   -0.00574389 0.0161318 907.206
16 1168   -0.00449407 0.0174071 892.052
16 1169   -0.00562527 0.018997 927.521
16 1171   -0.00687509 0.0169928 922.829
16 1172   -0.00687509 0.0184508 941.713
16 1179   -0.0345832 0.0210289 922.419
16 1180   -0.0329832 0.0230868 895.64
16 1181   -0.0348861 0.025297 873.047
16 1182   -0.0374553 0.0226395 928.359
16 1183   -0.0372415 0.0248497 876.572
16 1218   0.0048029 -0.0118186 939.629
16 1219   0.00535325 -0.0115303 958.228
16 1238   0.00336167 0.0135916 715.047
16 1239   0.000681172 0.0140025 706.575
16 1240   0.00204387 0.0148727 715.301
16 1242   0.00265777 0.0126144 704.229
16 1243   0.00134016 0.0128282 700.69
16 1265   -0.00105484 -0.0169556 779.621
16 1266   -0.00262888 -0.0161095 769.657
16 1267   -0.00236645 -0.0134592 713.077
16 1268   -0.00210179 -0.0145945 735.644
16 1269   -0.000920944 -0.0145557 740.285
16 1270   0.000525519 -0.0137388 756.016
16 1271   -1.59764e-06 -0.0155464 768.389
16 1272   0.000918388 -0.0151903 778.664
16 1275   -0.00151469 -0.0128004 703.929
16 1276   -0.000329723 -0.0130131 713.849
16 1277   -0.000856201 -0.0134738 717.928
16 1291   -0.0505713 -0.0250073 697.737
16 1293   -0.0491092 -0.0299192 678.1
16 1294   -0.0510379 -0.032544 670.642
16 1348   -0.0124911 -0.0211336 884.658
16 1349   -0.0102527 -0.0211336 901.614
16 1388   -0.0114844 0.0229824 881.058
16 1389   -0.0101247 0.0209941 911.04
16 1390   -0.00962156 0.0248598 851.49
16 1391   -0.00758209 0.0218774 929.369
16 1392   -0.00766417 0.0237547 878.765
16 1424   -0.0333983 -0.0212201 908.256
16 1425   -0.0356422 -0.0212201 936.705
16 1485   -0.00401151 -0.0164856 799.033
16 1486   -0.00545795 -0.0153432 806.887
16 1487   -0.00533035 -0.0183803 889.891
16 1488   -0.00677678 -0.0172379 885.947
16 1502   0.00570129 -0.0299158 674.471
16 1503   0.00570129 -0.0324579 670.557
end
