599
52 1   -0.00447454 -0.0013772 749.917
52 2   -0.0063447 -0.00264878 752.4
52 3   0.0015564 0.00434025 759.433
52 4   -0.00241778 -0.00241161 758.438
52 5   -0.00256356 0.00418098 739.469
52 6   0.00336091 0.00106586 749.166
52 7   -0.000557055 0.00100977 748.511
52 8   -0.00451387 0.000868667 736.973
52 9   -0.00248956 0.00199007 742.814
52 10   -0.000524601 -0.00114605 750.222
52 11   0.00138806 0.00213495 753.231
52 12   0.00332167 -0.0010276 740.574
52 13   0.00519533 0.00220897 751.987
52 14   0.00138128 -0.00211434 745.351
52 15   0.00142869 -0.00421244 742.059
52 16   -0.00218265 -0.00446662 767.149
52 17   -0.00625835 0.00194328 723.226
52 18   -0.00814058 -0.00169952 722.872
52 19   0.00323606 -0.00502312 737.185
52 20   -0.000242061 -0.00529916 747.169
52 21   0.00697205 0.00140096 728.595
52 22   0.00501827 -0.00203728 730.107
52 23   0.00341887 0.00525602 789.29
52 24   -0.00969547 -0.00301126 716.604
52 25   -0.00621331 -0.00471067 795.41
52 26   0.00508495 0.00419383 783.98
52 27   -0.00441261 0.00478091 736.64
52 28   0.00488524 -0.00393469 732.874
52 29   0.00655694 0.00522476 807.756
52 30   -0.00849806 0.000113169 709.059
52 31   -0.00608309 0.00366461 728.249
52 32   0.00728095 -0.000217678 715.551
52 33   -0.00785261 0.001453 709.786
52 34   -0.00341722 -0.00553238 793.263
52 35   0.00655486 -0.00149345 718.821
52 36   -0.00989276 -0.00464553 729.062
52 37   -0.00754788 -0.00566084 811.655
52 38   -0.00488653 -0.00554241 823.541
52 39   -0.00890091 -0.00549531 769.579
52 40   -0.00753829 0.00428157 728.849
52 41   0.00632218 0.0067003 871.945
52 42   -0.00306303 -0.00696494 800.448
52 43   -0.010769 -7.82656e-06 696.078
52 44   0.0107787 -0.000918592 692.31
52 45   -0.00891124 0.00260557 698.861
52 46   0.005245 0.00728621 887.246
52 47   -0.00983515 0.000524092 699.677
52 48   -0.0113995 0.00115109 692.954
52 49   -0.00726098 -0.00695525 873.978
52 50   -0.00512773 -0.00685825 871.649
52 51   -0.00928472 -0.00670783 788.259
52 52   -0.0041334 -0.00744027 858.723
52 53   0.0114862 -0.000298636 689.955
52 54   -0.00580789 -0.00734847 896.1
52 55   0.0108943 -0.00187526 689.275
52 56   -0.00981072 0.00235456 692.184
52 57   -0.00655591 -0.00738413 898.699
52 58   -0.0100892 0.00161291 694.487
52 59   0.00541828 0.00826601 918.237
52 60   -0.00426475 -0.00818051 886.093
52 61   -0.0108821 0.0019655 690.696
52 62   -0.0088617 0.00341963 699.121
52 63   -0.00852608 0.00391854 710.996
52 64   -0.00380798 -0.00870031 873.739
52 65   -0.00562231 -0.0081738 919.763
52 66   -0.0050735 -0.00842382 917.259
52 67   0.00608626 0.00859518 947.652
52 68   -0.00717544 -0.00858044 946.1
52 69   -0.0103809 0.00291342 685.279
52 70   -0.00671085 -0.00819896 928.401
52 71   -0.00617619 -0.00852333 945.077
52 72   0.00544438 0.00943653 966.602
52 73   -0.0109772 0.0026577 686.681
52 74   -0.00953199 0.00387463 688.228
52 75   -0.00919637 0.00437354 695.173
52 76   0.00599693 0.00920554 967.472
52 77   -0.00621276 -0.00902515 967.085
52 78   -0.00508403 -0.00894924 938.645
52 79   -0.00995562 0.00398102 681.361
52 80   -0.0102612 0.00373868 679.135
52 81   -0.0104573 0.00337709 680.748
52 82   -0.00549748 -0.0092638 964.562
52 83   0.0114653 -0.00211701 688.097
52 84   -0.00668616 -0.00925395 957.984
52 85   -0.00711419 -0.00913361 967.536
52 86   -0.00591182 -0.00930341 966.261
52 87   -0.0113208 0.00293464 685.402
52 88   0.00668572 0.00939987 932.388
52 89   0.00545683 0.00981646 954.728
52 90   0.00629638 0.00945388 933.158
52 91   -0.0108878 0.00347942 677.88
52 92   -0.00607018 -0.00965796 894.638
52 93   -0.0106088 0.00398891 674.106
52 94   -0.0112171 0.00323199 682.272
52 95   0.00622457 0.00974222 834.67
52 96   -0.00576777 -0.00993031 857.742
52 97   -0.00594608 -0.00988845 818.312
52 98   -0.0109516 0.0037464 674.102
52 99   -0.00629012 -0.00973235 829.822
52 100   -0.0110842 0.00338321 679.698
52 101   -0.0108688 0.0038943 672.626
52 102   0.00644679 0.00983351 780.96
52 103   -0.00627888 -0.00994158 727.961
52 104   -0.0111393 0.00376637 673.983
52 105   0.00642681 0.00999288 674.853
52 106   -0.00606359 -0.0100517 682.417
52 107   -0.0112063 0.00354375 678.517
52 108   -0.0113944 0.00331045 682.933
52 109   -0.01137 0.00346353 681.539
52 110   -0.00635635 -0.0100219 604.016
52 111   -0.00644078 -0.0100003 661.042
52 112   -0.00617643 -0.0100304 626.865
52 113   -0.0111975 0.00365994 676.776
52 114   -0.0113148 0.00354561 680.118
52 115   0.00623408 0.0100146 645.295
52 116   0.0113698 -0.00355515 678.169
52 117   -0.0112039 0.00386061 672.265
52 118   0.00632539 0.0100366 579.575
52 119   -0.0112989 0.0037065 678.478
52 120   -0.011354 0.00365288 680.218
52 121   -0.0060443 -0.0101514 527.64
52 122   -0.00630633 -0.0101376 310.992
52 123   0.00633339 0.0101246 375.581
52 124   -0.0062039 -0.0101255 403.651
52 125   -0.011279 0.00381482 675.617
52 126   -0.00625632 -0.0101522 267.655
52 127   -0.0113157 0.00376715 678.753
52 128   0.00627276 0.0101427 319.475
52 129   -0.0113196 0.0038429 677.054
52 130   -0.00624594 -0.0102108 34.7221
52 131   -0.0113603 0.00377949 681.977
52 132   0.0113663 -0.00377896 677.99
52 133   -0.0113529 0.00381649 686.296
52 134   0.0113605 -0.00381517 679.733
52 135   -0.00625098 -0.0102351 6.24145
52 136   -0.0113658 0.00383358 733.936
52 137   -0.0062303 -0.0102531 2.66065
52 407   0.00703606 0.0092373 963.496
52 408   0.00673605 0.00868095 956.462
52 409   0.00721789 0.0085829 943.959
52 411   -0.00658399 -0.009876 772.366
52 412   -0.00651081 -0.00968846 841.859
52 413   -0.0067247 -0.0095751 882.54
52 418   0.000138675 -0.00692506 736.816
52 419   0.00188193 -0.00794918 726.621
52 420   -0.000229656 -0.00875818 721.729
52 421   -0.00210362 -0.00751687 756.593
52 422   -0.000791837 -0.00753328 736.131
52 423   -0.00109216 -0.00925972 711.299
52 424   0.00662595 0.00977268 806.372
52 425   0.00679307 0.00962739 857.349
52 442   0.000308036 0.00543871 746.219
52 443   -0.00123345 0.00537325 739.688
52 444   0.0058154 0.00987146 869.082
52 445   0.006 0.0100315 735.036
52 446   0.00611773 0.00995673 748.727
52 447   0.00604455 0.00983724 817.746
52 449   0.00576858 0.0100054 833.181
52 450   0.00588001 0.010046 777.625
52 475   -0.00750587 0.00532119 749.518
52 476   -0.00675287 0.00625297 759.421
52 490   0.0063845 -0.0064894 754.508
52 534   -0.00463062 -0.00918789 928.791
52 535   -0.00416332 -0.00918227 910.06
52 536   -0.0047678 -0.00955221 949.015
52 537   -0.00544367 -0.00981235 959.228
52 538   -0.00526079 -0.00958133 966.493
52 566   0.00820578 0.00265951 728.324
52 567   0.00790106 0.00449845 764.221
52 568   0.0102122 0.00457427 719.558
52 571   0.00909913 0.0065898 790.041
52 572   0.00903218 0.00530911 759.932
52 588   -0.00620226 -0.0102171 62.109
52 589   -0.0062183 -0.0102229 23.4648
52 650   0.00624833 0.0102084 42.7883
52 651   0.00627384 0.0101862 125.445
52 680   0.00603966 0.0101214 599.853
52 684   0.00611315 0.0101773 354.729
52 685   0.00610701 0.0101169 519.111
52 686   0.00621438 0.0101249 400.547
52 687   0.0061837 0.0100849 518.396
52 688   0.00621804 0.0101996 86.4825
52 689   0.00616063 0.0101799 263.208
52 690   0.00618517 0.0101596 317.25
52 692   0.00783116 -0.0051926 749.444
52 693   0.00656453 -0.00549888 744.049
52 694   0.00617158 -0.00444964 731.355
52 695   0.00804321 -0.002557 705.9
52 696   0.00729374 -0.00251982 712.802
52 697   0.00704349 -0.00357859 720.241
52 698   0.00816858 -0.00339212 707.394
52 699   0.0080103 -0.00444433 731.454
52 700   0.00761558 -0.00387957 718.201
52 701   0.0086833 -0.00363649 702.676
52 702   0.00916062 -0.00437042 698.426
52 703   0.00870328 -0.00418266 713.3
52 704   0.00955215 -0.00375506 688.226
52 705   0.00979074 -0.00427943 683.596
52 706   0.00945066 -0.00412649 689.697
52 707   0.010098 -0.00364149 681.176
52 708   0.00984747 -0.00376818 683.725
52 709   0.00994608 -0.00406678 681.5
52 710   0.0103791 -0.0041167 676.005
52 711   0.0102369 -0.00383851 678.642
52 712   0.0101564 -0.00404167 678.802
52 713   0.0105836 -0.0037218 675.964
52 714   0.0104109 -0.00384435 676.748
52 715   0.0105084 -0.00398272 675.047
52 716   0.0107087 -0.00380665 674.263
52 717   0.0108266 -0.00399732 671.912
52 718   0.0106738 -0.00396599 673.5
52 719   0.0109398 -0.00367939 674.094
52 720   0.0108367 -0.00377467 673.558
52 721   0.0109058 -0.00389615 671.922
52 722   0.0110478 -0.00373613 673.046
52 723   0.0110968 -0.00389184 670.684
52 724   0.011021 -0.00384707 671.658
52 726   0.0111544 -0.00384556 671.16
52 727   0.011192 -0.00388249 670.434
52 728   0.0111805 -0.00379458 672.212
52 729   0.011262 -0.00386156 671.166
52 730   0.0112178 -0.00385237 671.091
52 731   0.0112184 -0.00381065 672.099
52 732   0.00857556 -0.000368316 705.221
52 733   0.00954007 0.000234912 701.566
52 734   0.00994884 -0.000602359 696.568
52 735   0.00845927 -0.00205208 702.245
52 736   0.00932839 -0.00125341 697.768
52 737   0.00864027 -0.00115776 702.601
52 738   0.00934008 -0.00190989 695.651
52 739   0.0089547 -0.00238557 697.487
52 740   0.0103746 -0.00219506 688.664
52 741   0.0105862 -0.00262988 685.297
52 742   0.00978995 -0.00217512 691.634
52 743   0.00943285 -0.00349287 690.331
52 744   0.0090514 -0.00341275 695.739
52 745   0.00910411 -0.00294914 695.069
52 746   0.00969164 -0.00257194 690.592
52 747   0.00957994 -0.00318823 689.077
52 748   0.00939118 -0.00287028 692.102
52 749   0.00983125 -0.00308831 686.867
52 750   0.00994098 -0.00274991 687.792
52 751   0.0102509 -0.0027879 685.468
52 752   0.0101519 -0.00342221 681.883
52 753   0.0102489 -0.0030658 683.576
52 754   0.0100334 -0.00318679 684.462
52 755   0.010553 -0.0035444 677.643
52 756   0.0103857 -0.00319301 681.698
52 757   0.0103493 -0.00340943 680.254
52 758   0.0106776 -0.00342294 677.988
52 759   0.0105816 -0.00322748 680.305
52 760   0.0109448 -0.00356434 675.506
52 761   0.0109395 -0.00333958 678.181
52 762   0.010841 -0.00345332 677.038
52 763   0.0108794 -0.00279963 683.367
52 764   0.0109817 -0.00315334 680.103
52 765   0.0107872 -0.00307162 681.115
52 769   0.011141 -0.00266687 684.458
52 770   0.011313 -0.00252147 685.752
52 771   0.0114755 -0.00260999 685.7
52 772   0.0114459 -0.00288378 683.886
52 773   0.0113812 -0.00273497 684.608
52 774   0.0112258 -0.00277582 683.836
52 775   0.0111504 -0.00304258 681.459
52 776   0.0113599 -0.00295648 682.96
52 777   0.0112211 -0.00289278 682.936
52 778   0.0114048 -0.00323082 681.096
52 779   0.0113552 -0.00307345 682.033
52 780   0.0112234 -0.00313912 680.836
52 781   0.0113236 -0.00346387 678.431
52 782   0.0113289 -0.00332641 679.735
52 783   0.011217 -0.00326656 679.6
52 784   0.0112383 -0.00348112 677.468
52 785   0.0110699 -0.00352771 676.006
52 786   0.0110726 -0.00340344 677.55
52 787   0.0111778 -0.00337649 678.253
52 788   0.0112113 -0.00356564 676.231
52 789   0.0111481 -0.00358529 675.5
52 790   0.0111309 -0.00367867 674.004
52 791   0.0112388 -0.0036237 675.736
52 792   0.011312 -0.00363045 676.696
52 793   0.0112064 -0.00374079 673.472
52 794   0.0111877 -0.00368955 674.205
52 795   0.0113406 -0.00375684 676.572
52 796   0.0112645 -0.00372651 674.595
52 797   0.0113619 -0.00370083 677.188
52 798   0.011319 -0.00368202 676.315
52 799   0.0112545 -0.00379316 673.026
52 800   0.0113079 -0.00377432 675.055
52 801   0.0112747 -0.0037628 674.171
52 802   0.0113088 -0.00380293 674.586
52 803   0.0112834 -0.00383895 672.332
52 804   0.0112752 -0.00381227 672.995
52 805   0.0113441 -0.00382454 677.675
52 806   0.0113212 -0.00381915 674.947
52 807   0.0113127 -0.00384008 673.481
52 810   0.0054911 -0.00725798 741.464
52 811   0.00382546 -0.00683127 739.837
52 812   0.00330528 -0.00806215 741.67
52 816   -0.00448402 0.00613505 739.369
52 817   -0.00574559 0.00652426 742.806
52 818   -0.00537393 0.00768888 743.339
52 819   -0.00434013 0.00829426 752.493
52 928   0.00364137 0.0084454 851.479
52 929   0.00323505 0.00683728 801.062
52 930   0.00410749 0.00732293 848.615
52 931   0.000822696 0.00714177 739.656
52 932   0.00100498 0.00931941 710.584
52 933   0.00188696 0.00863958 724.612
52 934   0.00188724 0.00762457 747.127
52 936   0.0024747 0.00903221 719.833
52 937   0.00306259 0.00891732 743.079
52 954   -0.00314847 -0.00876277 777.023
52 955   -0.00235396 -0.0083679 746.393
52 956   -0.00190469 -0.00888586 717.691
52 958   -0.00240525 -0.00933817 709.842
52 959   -0.00299314 -0.00922329 719.502
52 1006   -0.00169469 0.00695956 732.813
52 1007   -0.00332397 0.00811602 735.543
52 1008   -0.00309622 0.00712143 735.416
52 1009   -0.000447295 0.00758997 729.757
52 1010   -0.000264724 0.0087526 722.175
52 1011   -0.00233042 0.00901639 718.517
52 1012   -0.00114934 0.00921716 722.049
52 1027   0.00617843 0.0102155 110.081
52 1028   0.0062254 0.0102461 5.73139
52 1029   0.00620823 0.0102252 29.9786
52 1035   0.00192322 -0.00908165 717.959
52 1036   0.000742148 -0.00928243 723.341
52 1061   -0.00799724 -0.00731945 867.101
52 1062   -0.00875159 -0.00776671 822.186
52 1063   -0.00866794 -0.00723757 812.02
52 1064   -0.00758408 -0.00833047 922.163
52 1065   -0.00786639 -0.00778468 892.539
52 1066   -0.00829539 -0.0079125 877.544
52 1068   -0.00785102 -0.0085989 926.008
52 1069   -0.00817515 -0.00831768 901.264
52 1095   0.00427772 0.00876107 901.869
52 1096   0.00503254 0.00917856 945.384
52 1097   0.00491712 0.0086184 919.292
52 1099   0.00419301 0.00924839 911.914
52 1100   0.00459327 0.00939407 934.261
52 1146   0.00732703 0.00804793 912.948
52 1147   0.0072544 0.00723089 884.886
52 1148   0.00828787 0.00714959 836.672
52 1150   0.00813923 0.00815899 897.626
52 1151   0.00858177 0.00777426 846.595
52 1319   0.0114476 0.000879625 694.393
52 1321   0.010665 0.00332999 707.034
52 1324   0.0103314 0.00109694 701.078
52 1325   0.00978978 0.00222589 709.126
52 1460   -0.0108663 -0.00239253 707.473
52 1461   -0.0111073 -0.00106845 699.805
52 1501   -0.00611334 -0.0101765 375.302
52 1503   -0.00617686 -0.0102078 138.51
52 1504   -0.0061601 -0.0101718 309.533
52 1644   0.0113264 -0.00384993 673.833
52 1647   0.0113601 -0.00384547 684.764
52 1648   0.0113452 -0.00384198 677.766
16 353   -0.044978 0.00332929 895.842
16 354   -0.0451567 -0.00284968 895.647
16 355   -0.039978 0.00832591 901.562
16 356   -0.0477766 -0.021774 765.273
16 357   -0.0397913 -0.032301 724.526
16 358   -0.0322204 0.0320561 818.02
16 359   -0.0411382 -0.00636173 898.662
16 360   -0.00179431 0.0291584 710.981
16 361   -0.0434939 -0.0296588 705.935
16 362   0.00342162 0.022219 744.608
16 363   -0.000358901 0.0237641 756.627
16 364   -0.0497142 -0.0177496 815.567
16 365   -0.0384814 -0.0070584 901.754
16 366   0.00397564 -0.0170389 725.073
16 367   0.00147564 -0.0150125 719.136
16 368   -0.000746244 -0.0150116 748.399
16 369   -0.00500721 0.0137813 763.059
16 370   -0.0065519 -0.0172355 949.865
16 371   -0.00399285 -0.0144202 904.862
16 372   -0.00609538 -0.015221 943.59
16 373   -0.00518235 -0.0143202 935.843
16 374   -0.00704348 -0.0143186 960.624
16 375   0.00511477 0.0122629 964.953
16 376   0.00440332 0.0122791 962.379
16 377   0.00702906 0.0121406 933.374
16 378   0.00674864 0.0115018 833.698
16 379   0.00721958 0.0111335 761.618
16 380   0.00551173 0.0113984 902.224
16 381   0.00696856 0.0106993 686.747
16 382   0.00628456 0.0112894 809.177
16 383   0.00593462 0.011287 834.544
16 384   0.00715234 0.0104172 602.352
16 385   -0.00733909 -0.0102836 450.62
16 386   -0.00715654 -0.0105313 656.958
16 387   -0.00666684 -0.010777 704.731
16 388   0.00633184 0.010908 726.502
16 389   0.00740336 0.0102857 404.34
16 390   -0.00624962 -0.0108435 720.489
16 391   0.00660963 0.0106523 660.013
16 392   -0.00687756 -0.0104782 686.365
16 393   -0.00644115 -0.0107432 672.492
16 394   0.00589138 0.010953 771.08
16 395   0.00643699 0.0107428 661.724
16 396   0.00609807 0.0108447 717.055
16 397   -0.00670214 -0.0105701 674.426
16 414   0.00690881 -0.0117396 810.136
16 415   0.00459432 -0.012349 737.225
16 416   0.00577671 -0.0131594 753.196
16 417   -0.00151279 -0.0129786 731.561
16 427   -0.0443147 -0.0225037 816.502
16 428   -0.0429624 -0.0254745 777.372
16 436   -0.049779 0.0184217 804.534
16 437   -0.0473123 0.0259428 709.059
16 438   -0.0511395 0.0239929 712.106
16 439   -0.0484185 0.0211729 771.302
16 440   -0.0440382 0.0244675 775.789
16 441   -0.0451444 0.0217781 812.349
16 470   -0.00999541 -0.0304767 788.03
16 471   -0.007345 -0.0334922 732.799
16 472   -0.00864783 -0.0273351 819.945
16 473   -0.00581034 -0.0270829 779.907
16 481   -0.0355237 0.030738 797.634
16 482   -0.0410091 0.0310458 718.339
16 483   -0.039197 0.0336819 722.713
16 484   -0.0359475 0.0279479 839.094
16 485   -0.038724 0.0282557 793.53
16 491   -0.00204817 -0.0208714 813.257
16 492   -0.00524803 -0.0183271 933.906
16 493   -0.00360201 -0.0164127 896.472
16 494   -0.00194238 -0.0172247 833.499
16 507   -0.00208457 0.0212211 835.025
16 508   -0.00199364 0.0178819 834.821
16 514   -0.035877 -0.025378 890.588
16 515   -0.0345383 -0.0210257 937.456
16 516   -0.0328817 -0.023077 907.205
16 524   -0.0139203 0.0319982 817.163
16 527   -0.00491983 0.0302189 734.973
16 528   -0.00736118 0.0334063 742.361
16 529   -0.0101158 0.0304045 798.448
16 530   -0.00636835 0.0271242 799.814
16 531   -0.00898059 0.0273099 830.083
16 541   -0.0242368 -0.0325 843.206
16 542   -0.0296836 -0.0245513 891.993
16 543   -0.0263297 -0.0225 890.215
16 544   -0.0209145 -0.0297422 853.369
16 545   -0.0220986 -0.0247422 877.8
16 546   -0.0136588 -0.0292267 831.352
16 547   -0.0161669 -0.0322422 822.65
16 548   -0.0143139 -0.0242267 885.005
16 550   -0.016452 -0.0222422 886.634
16 551   -0.0195603 -0.0222422 882.867
16 581   -0.0471575 0.0161465 863.1
16 582   -0.0473564 0.0130748 877.967
16 583   -0.0423564 0.0130748 902.424
16 584   -0.0386395 0.0173372 941.9
16 585   -0.043297 0.016817 898.974
16 586   -0.041018 0.0154759 911.048
16 629   0.00334432 -0.0127657 707.429
16 630   0.00202671 -0.0129795 702.622
16 633   0.00639865 0.0179978 843.328
16 634   0.00419595 0.0189852 810.338
16 635   0.00588499 0.0159702 897.317
16 636   0.00485767 0.0152134 904.351
16 637   0.0065154 0.0131482 962.144
16 638   0.00548808 0.0133715 951.846
16 640   0.00698634 0.0140064 945.634
16 641   0.00698634 0.0149865 918.309
16 654   -0.00316602 0.0131526 713.561
16 655   -0.0018484 0.0133665 718.65
16 660   -0.0146724 0.0219982 890.25
16 820   -0.00568803 -0.0133824 957.936
16 821   -0.00660106 -0.0133735 967.312
16 822   -0.00728584 -0.0124562 949.15
16 823   -0.00684342 -0.0129271 969.478
16 824   -0.00641509 -0.0125824 967.791
16 825   -0.00654324 -0.0116727 874.866
16 826   -0.00707168 -0.0120307 910.667
16 827   -0.00664335 -0.0121922 945.202
16 828   -0.00684603 -0.0110466 758.547
16 829   -0.0071287 -0.0116039 840.541
16 830   -0.00681442 -0.0114183 817.259
16 832   -0.00734286 -0.0113535 794.695
16 833   -0.00716031 -0.0110625 756.67
16 834   -0.00731744 -0.010816 706.786
16 843   -0.00690881 0.0109873 844.418
16 844   -0.00631762 0.0126522 789.121
16 845   -0.00572642 0.0116068 756.119
16 862   -0.0370266 -0.0219463 954.056
16 863   -0.0378885 -0.0242474 902.652
16 864   -0.0402549 -0.0240374 885.299
16 875   0.00239528 0.0170237 853.379
16 876   0.00357065 0.0152795 892.078
16 877   -0.000192969 0.0163851 822.538
16 878   -0.000490269 0.0142794 789.213
16 880   0.00135813 0.0131991 840.447
16 882   0.00283081 0.0135606 894.325
16 883   0.0034491 0.0125408 917.356
16 886   -0.0411539 0.0249976 840.249
16 887   -0.0392125 0.0261884 845.554
16 896   -0.0400722 0.0190154 943.923
16 897   -0.0423512 0.0186899 905.866
16 898   -0.0429376 0.0207052 887.308
16 899   -0.0396879 0.0216261 935.352
16 900   -0.0414138 0.0226453 893.921
16 901   -0.00506818 -0.0244568 841.867
16 902   -0.00542602 -0.0205792 937.757
16 903   -0.00388579 -0.0223115 865.097
16 909   -0.00549161 0.0207091 927.944
16 910   -0.00427213 0.0225217 873.469
16 911   -0.00575741 0.0246242 858.54
16 965   -0.0510348 0.0324945 671.322
16 968   -0.0472076 0.0298583 686.431
16 969   -0.0442771 0.0323638 690.08
16 979   -0.0461668 -0.0323578 680.931
16 982   -0.0501567 -0.00540442 891.369
16 985   -0.0485426 -0.0149517 861.476
16 986   -0.0489851 -0.00936254 886.277
16 987   -0.0513284 -0.0114531 873.834
16 988   -0.0435736 -0.0108714 896.678
16 989   -0.0464206 -0.0113174 887.898
16 990   -0.045978 -0.0144049 882.598
16 991   -0.0421346 -0.0126885 901.365
16 992   -0.0433674 -0.0151768 897.8
16 993   -0.0396992 -0.0118414 905.712
16 994   -0.0387177 -0.0133328 910.729
16 995   -0.0423594 -0.0198111 901.37
16 996   -0.0420391 -0.0170553 906.69
16 997   -0.038962 -0.0205858 940.397
16 998   -0.0405001 -0.0214015 922.505
16 999   -0.0386071 -0.0179985 950.303
16 1000   -0.0398248 -0.0160584 920.727
16 1053   0.00567658 -0.0308014 672.883
16 1054   -0.00294233 -0.0320927 700.302
16 1055   -0.00275525 -0.028825 711.515
16 1058   0.00385315 -0.0336005 672.868
16 1059   0.000206304 -0.0336005 683.562
16 1070   0.000167152 0.0323459 688.621
16 1090   -0.0345924 0.021028 937.383
16 1091   -0.0329886 0.0230841 908.079
16 1092   -0.0348788 0.0252941 895.459
16 1093   -0.0374533 0.0226426 941.143
16 1094   -0.0372378 0.0248526 898.165
16 1106   -0.00455219 -0.0124078 947.481
16 1107   -0.00577686 -0.0124441 969.063
16 1108   -0.00529216 -0.0127978 959.914
16 1109   -0.00560924 -0.0119921 965.607
16 1110   -0.00524581 -0.0117067 965.119
16 1111   -0.00614736 -0.0116108 891.036
16 1112   -0.00604783 -0.0111871 814.389
16 1114   -0.00543839 -0.0113181 920.469
16 1115   -0.0057023 -0.0111798 855.138
16 1118   -0.0100298 -0.0209922 927.538
16 1119   -0.0113271 -0.0229767 900.802
16 1120   -0.00932441 -0.0248351 885.558
16 1121   -0.00737852 -0.0218584 942.388
16 1122   -0.00725703 -0.0237168 900.094
16 1133   -0.00399038 -0.0126926 913.836
16 1134   -0.00352675 -0.013492 891.412
16 1135   -0.00259859 -0.0131645 804.19
16 1138   -0.00339163 -0.0123117 859.78
16 1139   -0.00273282 -0.0124186 784.825
16 1160   -0.0505624 -0.0249868 705.105
16 1161   -0.0490972 -0.0299008 680.382
16 1162   -0.0510348 -0.032543 671.178
16 1195   0.00562432 0.0252471 699.105
16 1196   0.00568094 0.0326337 671.349
16 1197   0.00380526 0.0299796 680.645
16 1203   0.0063679 -0.0149945 738.549
16 1204   0.0063679 -0.0164243 728.366
16 1253   -0.00447815 -0.0118711 958.972
16 1254   -0.00486878 -0.0116664 968.839
16 1262   -0.0117649 0.0229973 896.721
16 1263   -0.0103722 0.0209991 919.603
16 1264   -0.00967577 0.0249027 883.494
16 1265   -0.00758664 0.0219054 938.074
16 1266   -0.00767327 0.0238108 897.904
16 1292   -0.0314681 -0.0335257 810.152
16 1293   -0.0294676 -0.028077 866.733
16 1294   -0.0280821 -0.0310257 844.663
16 1295   -0.0355568 -0.027878 846.775
16 1296   -0.0365732 -0.0308267 779.401
16 1297   -0.0323455 -0.0291027 846.984
16 1298   -0.0333619 -0.0320513 803.537
16 1337   -0.00618959 0.0155061 845.069
16 1340   -0.00610135 0.0188137 920.838
16 1341   -0.00479094 0.0172871 866.644
16 1377   -0.0242668 0.0325 844.811
16 1378   -0.0288574 0.0295561 856.878
16 1379   -0.0221336 0.0225 883.136
16 1380   -0.026424 0.0225 890.321
16 1381   -0.0297882 0.0245561 892.301
16 1382   -0.0184943 0.0244982 878.391
16 1383   -0.0186961 0.0294982 852.296
16 1432   0.000451831 -0.0219719 732.131
16 1433   0.00391161 -0.019766 716.362
16 1434   0.00630387 -0.0225409 698.634
16 1435   0.00102067 -0.0261463 699.214
16 1436   0.00448044 -0.0266149 685.567
16 1479   -0.049978 0.00577455 891.08
16 1480   -0.049978 0.0107712 879.59
end
