688
16 225   -0.044978 0.00332976 915.266
16 226   -0.0451567 -0.00284918 915.213
16 227   -0.0477766 -0.021774 817.45
16 228   -0.0397912 -0.032301 762.971
16 229   -0.0411381 -0.00636112 918.182
16 230   -0.00182778 0.0290337 744.719
16 231   -0.0434939 -0.0296588 730.223
16 232   -0.0497142 -0.0177496 870.064
16 233   -0.0384814 -0.00705777 922.054
16 234   -0.000844152 0.0243649 821.507
16 235   0.00185208 0.0225292 816.845
16 236   -0.00124146 -0.0214742 848.49
16 237   0.00451001 0.0225114 787.693
16 238   -0.000771828 -0.0185715 859.044
16 239   0.00633752 0.0190438 881.906
16 240   0.000378029 0.0182161 891.865
16 241   0.00475321 0.0177513 903.834
16 242   0.000991843 -0.0173182 782.956
16 243   0.00209528 0.0194341 882.651
16 244   -0.00654923 -0.0175077 968.326
16 245   -0.00291601 -0.0174049 915.45
16 246   0.00480551 0.0158257 934.226
16 247   0.00111885 0.0159897 901.924
16 248   -0.00311831 -0.0157196 922.599
16 249   0.0028884 0.015282 923.518
16 250   -0.00579936 -0.0156588 967.404
16 251   0.00687252 0.0140994 966.668
16 252   0.00576233 0.0146229 961.872
16 253   -0.00445487 -0.0152238 956.186
16 254   -0.00636131 -0.0145714 968.789
16 255   0.00298633 0.0139319 945.146
16 256   -0.00711118 -0.0140658 956.656
16 257   0.00203607 0.0132044 928.799
16 258   -0.00428441 -0.0140064 962.364
16 259   0.00626253 0.0128241 915.138
16 260   0.0046928 0.013648 968.512
16 261   0.0038339 0.0135008 965.552
16 262   0.00651449 0.0121847 848.443
16 263   -0.00488394 -0.0135424 968.928
16 264   -0.00561635 -0.0136724 964.042
16 265   0.00235584 0.0124531 944.653
16 266   -0.0072201 -0.0121865 845.327
16 267   -0.00683128 -0.0128877 903.728
16 268   0.00490488 0.0129218 942.46
16 269   -0.00622901 -0.012655 888.971
16 270   -0.00679224 -0.0116619 815.611
16 271   0.00536442 0.0126213 891.455
16 272   -0.00676988 -0.0110655 797.656
16 273   -0.00576395 -0.0129342 924.213
16 274   0.00675275 0.0111425 796.624
16 275   -0.00472889 -0.0128148 952.587
16 276   -0.00618997 -0.0119552 827.632
16 277   -0.00524785 -0.0125369 896.026
16 278   -0.00578531 -0.0116943 797.815
16 279   0.00616548 0.0110146 802.679
16 280   0.00586857 0.0116859 794.405
16 281   -0.00518111 -0.0120969 828.049
16 282   0.00514828 0.0120603 805.399
16 283   0.00589129 0.011287 784.416
16 284   -0.00627911 -0.0108698 816.371
16 285   -0.00540146 -0.011834 791.782
16 286   -0.00575128 -0.0112815 781.223
16 287   -0.00594508 -0.0110448 798.796
16 288   0.00546547 0.0116858 768.608
16 289   0.00526776 0.0118091 771.173
16 290   -0.00543498 -0.0112171 753.332
16 291   0.00556911 0.0111405 764.93
16 292   0.00529324 0.0113891 719.499
16 293   0.00497881 0.0115736 697.382
16 294   0.00478106 0.0115731 682.406
16 295   0.00537417 0.0112426 732.907
16 296   0.00509703 0.0113631 663.918
16 297   0.0049803 0.0114243 644.893
16 432   -0.0070466 -0.0106904 774.943
16 433   -0.00734887 -0.0105321 691.114
16 434   0.00568308 -0.0309019 674.361
16 435   0.000520146 -0.0235329 752.286
16 436   0.000608266 -0.027092 712.465
16 437   0.00399147 -0.0278106 687.592
16 438   0.0058084 -0.0250496 696.188
16 439   0.00654748 -0.0208251 718.479
16 440   0.00485587 -0.0232556 707.794
16 441   0.00295083 -0.0224574 724.184
16 442   0.00258438 -0.0182067 753.148
16 443   0.0033214 -0.020084 738.954
16 444   0.00522645 -0.0194873 730.304
16 445   0.00382891 -0.0169357 741.046
16 446   0.00683948 -0.0163544 745.125
16 447   0.00551845 -0.0178172 737.469
16 448   0.00422849 -0.0154455 736.223
16 449   0.00591803 -0.0149212 747.42
16 450   0.00657855 -0.0134869 766.682
16 451   0.00690881 -0.0110126 843.751
16 452   0.00480497 -0.0123076 736.517
16 453   0.00598736 -0.012391 770.409
16 456   -0.00573389 0.0139552 804.378
16 457   -0.00455151 0.0132452 741.682
16 458   -0.00513523 0.0119038 726.668
16 469   -0.0443146 -0.0225036 867.401
16 470   -0.0429623 -0.0254744 839.395
16 480   -0.00995454 -0.0304311 850.713
16 481   -0.00730902 -0.033477 773.167
16 482   -0.00290738 -0.032111 715.093
16 483   -0.00265674 -0.0286604 741.59
16 484   -0.00856726 -0.0271829 881.674
16 485   -0.0056711 -0.0267782 855.332
16 487   -0.049779 0.0184217 860.686
16 488   -0.0473123 0.0259428 735.328
16 489   -0.0511395 0.0239929 736.713
16 490   -0.0484185 0.0211729 825.22
16 491   -0.0440383 0.0244675 841.319
16 492   -0.0451445 0.0217781 870.567
16 501   -0.0410092 0.0310458 753.246
16 502   -0.0391971 0.0336819 759.336
16 503   -0.0387243 0.0282557 859.456
16 514   -0.0358765 -0.025378 914.096
16 515   -0.0345381 -0.0210257 957.171
16 516   -0.0328812 -0.023077 929.576
16 524   -0.0139366 0.0320157 878.406
16 527   -0.0050416 0.0303763 785.629
16 528   -0.0074068 0.0334588 791.872
16 529   -0.0101716 0.0304745 862.945
16 530   -0.00653259 0.027343 868.438
16 531   -0.00908025 0.0274412 885.451
16 567   -0.0242337 -0.0325 893.165
16 568   -0.0296825 -0.0245513 912.969
16 569   -0.0263276 -0.0225 911.147
16 570   -0.0209023 -0.029727 896.236
16 571   -0.0220872 -0.024727 904.612
16 572   -0.0136241 -0.0291811 884.528
16 573   -0.016148 -0.032227 881.412
16 574   -0.0142655 -0.0241811 909.346
16 576   -0.0164102 -0.022227 909.503
16 577   -0.0195384 -0.022227 906.942
16 589   0.00345304 -0.014583 726.57
16 590   0.0039602 -0.0132726 718.375
16 591   0.00304046 -0.0126207 701.274
16 602   -0.00197753 0.018627 893.376
16 603   -0.00314468 0.0166137 873.225
16 612   -0.00352802 -0.0221741 902.056
16 613   -0.0049061 -0.0240759 898.226
16 617   0.00360971 0.0128232 968.929
16 618   0.0030819 0.012503 964.752
16 619   0.0044064 0.0125835 924.952
16 620   0.00397013 0.0126322 961.364
16 621   0.00385728 0.0122447 928.686
16 622   0.00443569 0.0122679 861.215
16 623   0.00415141 0.0121241 843.256
16 624   0.00471802 0.0120451 803.15
16 625   0.00463975 0.0117935 755.421
16 627   0.00419799 0.0118764 783.69
16 628   0.004404 0.0117685 756.613
16 668   -0.0471575 0.0161465 898.251
16 669   -0.0473565 0.0130749 904.953
16 670   -0.0423565 0.0130749 922.563
16 671   -0.0386395 0.0173372 961.163
16 672   -0.043297 0.0168171 918.698
16 673   -0.041018 0.0154759 935.173
16 674   -0.00210527 -0.0148314 898.083
16 675   -0.001195 -0.012913 795.406
16 676   -0.00344144 -0.0136343 943.533
16 677   -0.00259886 -0.0139635 910.661
16 678   -0.00210216 -0.0131919 889.429
16 680   -0.00255418 -0.0125116 904.227
16 881   0.00731413 0.0103152 551.67
16 883   0.00712827 0.0108482 774.533
16 884   0.0069424 0.01051 767.517
16 915   -0.0370263 -0.0219463 952.787
16 916   -0.0378882 -0.0242473 928.803
16 917   -0.0402547 -0.0240373 913.227
16 919   -0.00690881 0.0129687 824.552
16 920   -0.00631762 0.011949 787.565
16 921   -0.00690881 0.0109745 841.163
16 932   -0.0411541 0.0249976 892.179
16 933   -0.0392128 0.0261884 893.783
16 936   -0.00299709 0.0204379 904.58
16 937   -0.00291594 0.0229235 889.544
16 938   -0.00533916 0.0201067 945.192
16 939   -0.00539056 0.024559 899.187
16 1002   -0.0400722 0.0190155 959.446
16 1003   -0.0423512 0.0186899 928.506
16 1004   -0.0429377 0.0207052 909.855
16 1005   -0.039688 0.0216261 942.171
16 1006   -0.041414 0.0226453 917.129
16 1024   -0.00999964 -0.020977 953.379
16 1025   -0.011279 -0.0229311 923.916
16 1026   -0.00925034 -0.0246829 912.31
16 1027   -0.00733129 -0.0217517 940.205
16 1028   -0.00716257 -0.0235035 931.212
16 1039   -0.0501567 -0.00540429 912.066
16 1042   -0.0485426 -0.0149516 897.928
16 1043   -0.0489851 -0.00936237 909.046
16 1044   -0.0513284 -0.011453 903.365
16 1045   -0.0435736 -0.0108711 915.979
16 1046   -0.0464205 -0.0113172 909.767
16 1047   -0.045978 -0.0144047 906.692
16 1048   -0.0421346 -0.0126883 921.332
16 1049   -0.0433674 -0.0151766 916.876
16 1050   -0.0396992 -0.0118411 927.66
16 1051   -0.0387177 -0.0133326 934.942
16 1052   -0.0423594 -0.019811 923.246
16 1053   -0.042039 -0.0170553 929.127
16 1054   -0.0389619 -0.0205858 921.865
16 1055   -0.0404999 -0.0214014 951.365
16 1056   -0.0386071 -0.0179985 964.352
16 1057   -0.0398248 -0.0160584 946.128
16 1073   -0.00422905 -0.018683 942.911
16 1074   -0.00577584 -0.0188331 957.646
16 1075   -0.00437142 -0.0205496 941.768
16 1076   -0.00591821 -0.0206997 939.85
16 1082   -0.0510348 0.0324945 672.499
16 1085   -0.0472076 0.0298583 695.084
16 1086   -0.0442772 0.0323638 701.356
16 1092   -0.0461668 -0.0323578 686.328
16 1111   -0.0345928 0.021028 957.776
16 1112   -0.0329893 0.0230841 930.7
16 1113   -0.0348796 0.0252941 916.149
16 1114   -0.0374536 0.0226426 953.836
16 1115   -0.0372383 0.0248526 920.532
16 1147   0.00386615 -0.033634 674.331
16 1148   0.000232303 -0.033634 688.727
16 1151   0.000210154 0.0321161 697.828
16 1206   0.00712448 0.012179 850.894
16 1207   0.00712448 0.0116486 810.21
16 1214   -0.00236736 0.0150907 827.296
16 1215   -0.00330524 0.013513 739.522
16 1216   -0.00263896 0.0125882 711.424
16 1222   0.000163337 0.0149755 890.989
16 1223   -0.0010821 0.0147797 850.81
16 1224   -0.00165262 0.0130065 743.09
16 1225   -0.000371095 0.0132113 834.001
16 1226   -0.00103364 0.0136203 807.235
16 1228   -0.00131948 0.0125441 729.774
16 1229   -0.000660674 0.012651 754.29
16 1234   0.000179955 0.0129712 882.035
16 1237   0.00124223 0.0129978 909.706
16 1238   0.000762848 0.013576 899.185
16 1248   0.0056725 0.0250864 720.326
16 1249   0.00567922 0.0326567 672.67
16 1250   0.00385172 0.0297729 687.135
16 1282   -0.0505624 -0.0249867 723.325
16 1283   -0.0490972 -0.0299008 685.107
16 1284   -0.0510348 -0.032543 672.301
16 1296   -0.0117888 0.0230236 916.705
16 1297   -0.00974213 0.0249903 908.379
16 1298   -0.00710248 0.0216826 945.975
16 1299   -0.00723504 0.0236493 921.114
16 1324   -0.0146921 0.0220157 911.425
16 1335   -0.0314676 -0.0335257 873.313
16 1336   -0.0294663 -0.028077 900.412
16 1337   -0.0280808 -0.0310257 893.063
16 1338   -0.0355564 -0.027878 892.86
16 1339   -0.036573 -0.0308267 844.12
16 1340   -0.0323448 -0.0291026 893.073
16 1341   -0.0333614 -0.0320513 866.594
16 1408   -0.00348932 -0.012141 960.526
16 1409   -0.00307886 -0.0126337 933.507
16 1410   -0.00346942 -0.0129848 951.885
16 1411   -0.00432204 -0.0126026 956.654
16 1412   -0.0038493 -0.0122898 964.705
16 1413   -0.00391045 -0.0126943 968.673
16 1414   -0.00439962 -0.0122667 907.866
16 1415   -0.00412216 -0.0121294 907.254
16 1417   -0.00418731 -0.011877 829.442
16 1424   0.00317841 0.0121519 968.25
16 1425   0.00359337 0.0120846 957.807
16 1435   -0.00522155 -0.0115652 746.144
16 1436   -0.0052891 -0.0113611 729.449
16 1437   -0.00502604 -0.0113638 659.2
16 1438   -0.00516169 -0.0112927 692.032
16 1441   0.000802115 -0.0152917 763.894
16 1442   0.00227972 -0.0145864 724.187
16 1443   -0.000544531 -0.014715 807.739
16 1444   -0.000130961 -0.0135683 744.035
16 1445   0.000937247 -0.013269 704.913
16 1446   0.00225486 -0.0130552 703.878
16 1447   0.00200128 -0.0137104 711.51
16 1450   0.000861422 -0.0126672 694.074
16 1451   0.00152023 -0.0125603 697.193
16 1479   -0.0242686 0.0325 893.988
16 1480   -0.022139 0.0225 906.946
16 1481   -0.0264269 0.0225 911.362
16 1482   -0.0297897 0.0245561 913.291
16 1483   -0.0185116 0.0245157 904.882
16 1484   -0.0187113 0.0295157 895.917
16 1503   -0.049978 0.00577465 911.982
16 1504   -0.049978 0.0107713 906.002
16 1512   -0.0315045 0.033528 873.666
16 1513   -0.0295754 0.0280841 900.632
16 1514   -0.0281424 0.031028 893.529
16 1515   -0.0348076 0.03221 848.21
16 1516   -0.0333614 0.0277941 899.823
16 1517   -0.0352316 0.0294199 876.621
16 1518   -0.039978 0.010798 925.196
16 1519   -0.039978 0.00585477 919.253
16 1530   -0.011472 0.0210079 931.117
16 1531   -0.0092928 0.0210079 954.415
16 1533   -0.00643987 0.01843 936.05
16 1536   -0.00526495 0.0167479 888.834
16 1537   -0.00632508 0.0153121 861.753
16 1612   -0.00485571 -0.0119918 812.888
16 1613   -0.00462376 -0.0120859 845.769
16 1614   -0.00449473 -0.0117296 772.999
16 1615   -0.00444202 -0.0118985 814.039
16 1616   -0.00485689 -0.011786 772.773
16 1617   -0.00467766 -0.0117113 758.767
16 1618   -0.00493428 -0.0114894 687.275
16 1619   -0.00500238 -0.0116224 739.417
16 1621   -0.00466996 -0.0115603 709.993
16 1622   -0.0047811 -0.0115021 676.085
52 302   0.0053176 0.00214757 813.496
52 303   0.00335021 0.00100067 819.521
52 304   -0.000672312 -0.00114081 827.924
52 305   0.00127932 -0.00452032 810.576
52 306   0.00130935 0.00218172 833.617
52 307   -0.000676116 0.00110548 823.309
52 308   -0.00262595 -0.00222816 836.495
52 309   -0.00266881 0.00221985 805.972
52 310   0.00328638 -0.0011772 803.487
52 311   -0.00466741 0.00118902 790.636
52 312   0.00124932 -0.00224245 817.855
52 313   -0.00275152 0.00436831 795.189
52 314   0.00516265 0.0042794 859.284
52 315   -0.0044713 -0.00553132 888.222
52 316   0.00709736 0.001135 766.039
52 317   -0.00630384 -0.00425529 846.662
52 318   0.00496323 -0.00232983 780.867
52 319   0.00842636 0.0051891 809.879
52 320   0.003585 -0.00716129 769.992
52 321   0.00305684 -0.00531005 786.196
52 322   0.00920336 0.00375994 752.643
52 323   -0.0100378 -0.00174746 718.225
52 324   -0.0062773 0.00221799 767.797
52 325   0.00617135 -0.00529269 768.033
52 326   0.0047037 -0.00418481 779.318
52 327   0.00654978 0.00536935 872.298
52 328   -0.00898882 -0.00512592 789.196
52 329   -0.00479788 -0.00728904 918.476
52 330   0.0107512 0.00322486 721.506
52 331   0.0065478 -0.00181068 761.305
52 332   0.0085519 0.00195543 744.164
52 333   -0.00748324 -0.00529474 853.506
52 334   0.00731181 -0.000573088 747.907
52 335   -0.00776726 0.00173378 744.083
52 336   0.00785803 -0.00290927 755.697
52 337   0.0061926 0.00705448 912.808
52 338   0.00504131 0.00769106 931.525
52 339   -0.00413306 -0.0084045 945.032
52 340   -0.00306534 -0.00879029 937.935
52 341   0.0107272 0.00144046 703.568
52 342   0.00965282 0.000913602 713.016
52 343   0.0114012 0.00042464 697.858
52 344   -0.00706167 -0.00682455 901.481
52 345   -0.00620885 -0.00754281 926.126
52 346   -0.0112185 -0.000655754 702.414
52 347   -0.00865836 0.00282954 750.182
52 348   0.00889123 -0.00228497 728.448
52 349   0.00865117 -0.00103931 720.571
52 350   -0.00774648 -0.00771898 910.786
52 351   0.00507673 0.00881192 962.914
52 352   0.00972638 -7.79397e-05 706.858
52 353   -0.0110101 0.000242048 698.856
52 354   0.00936813 -0.000711347 708.359
52 355   0.00969608 -0.00250696 705.869
52 356   -0.00493691 -0.00928639 968.795
52 357   0.00439365 0.00926825 967.184
52 358   0.0110831 -0.00050018 693.555
52 359   0.0104827 -0.000475901 697.244
52 360   0.0099698 -0.00130633 698.301
52 361   0.0100577 -0.00185628 695.238
52 362   -0.00469139 -0.00987033 943.868
52 363   0.0100182 -0.00295254 698.687
52 364   -0.0040185 -0.0101178 946.483
52 365   0.0104569 -0.001091 693.404
52 366   -0.0116287 0.000573481 694.899
52 367   0.00465151 0.00984386 950.334
52 368   0.0113938 -0.00106191 687.934
52 369   -0.00440066 -0.010082 918.997
52 370   0.0106012 -0.00264259 684.896
52 371   0.0105233 -0.00200017 687.001
52 372   0.0108095 -0.00139328 687.564
52 373   0.0107446 -0.00234089 682.235
52 374   0.00505326 0.00995496 922.496
52 375   0.011146 -0.00133991 685.548
52 376   0.0056446 0.010273 873.629
52 377   0.0107881 -0.00175249 684.702
52 378   0.0116919 -0.00122186 685.897
52 379   0.0110772 -0.00224419 677.419
52 380   -0.00406258 -0.0105344 869.38
52 381   0.0110648 -0.00192895 679.84
52 382   -0.0113645 0.00192609 678.13
52 383   -0.0046107 -0.0104968 805.284
52 384   0.00505278 0.0102677 858.99
52 385   0.00530176 0.0103837 841.38
52 386   0.0112747 -0.0023646 674.074
52 387   0.0113104 -0.00160971 681.477
52 388   0.0112506 -0.00183953 678.935
52 389   0.0052589 0.0105761 804.751
52 390   0.00465904 0.0103804 836.666
52 391   0.0116275 -0.0015376 681.87
52 392   0.00487067 0.0103873 826.793
52 393   0.0114937 -0.00164745 680.31
52 394   0.00490723 0.0105814 774.02
52 395   0.00504647 0.0106543 765.795
52 396   0.0117414 -0.00167981 680.204
52 397   0.0114014 -0.0019577 676.282
52 398   0.0114109 -0.0022346 672.889
52 399   0.0115169 -0.00184446 677.428
52 400   0.01144 -0.00209564 674.089
52 401   0.0116103 -0.00190808 676.346
52 402   0.0117011 -0.00185328 677.514
52 403   0.00501972 0.0107832 712.925
52 404   0.00449721 0.0108209 681.779
52 405   -0.00465886 -0.0108548 534.41
52 406   0.0115228 -0.00230995 670.831
52 407   0.0115589 -0.00210295 673.112
52 408   0.00491578 0.0108505 577.048
52 409   0.0116137 -0.00202863 674.315
52 410   0.00484036 0.0108657 491.468
52 411   0.0117584 -0.00192617 676.732
52 412   0.0115924 -0.00224557 670.585
52 413   0.0117367 -0.00201317 675.188
52 414   0.0116828 -0.00206083 673.906
52 415   0.0115995 -0.00217753 671.598
52 416   0.0117731 -0.00205819 674.873
52 417   0.00480557 0.0109477 210.789
52 418   0.011652 -0.00227145 669.586
52 419   0.0116901 -0.00212587 672.667
52 420   0.0117427 -0.00214714 672.959
52 421   0.0116615 -0.00216825 671.568
52 422   0.0116897 -0.00223684 669.899
52 423   0.0117718 -0.00212713 673.931
52 424   0.0117402 -0.00218849 671.907
52 425   0.011736 -0.00223962 669.82
52 426   0.0116922 -0.00220168 670.823
52 427   0.0117671 -0.00220807 672.706
52 428   0.00475682 0.0110112 4.77017
52 429   0.0117887 -0.00221191 681.711
52 430   0.0117884 -0.00223063 699.13
52 459   -0.00760015 -0.00862811 936.336
52 467   0.00697971 0.00902267 967.497
52 468   0.00913992 0.0064642 830.052
52 494   0.00515019 -0.00744331 789.4
52 495   0.00608968 -0.00669994 771.713
52 496   -0.00425684 0.00543993 779.776
52 497   -0.00426851 0.00728031 771.628
52 498   -0.00578401 0.00432045 773.729
52 499   -0.00533556 0.00769362 794.812
52 500   -0.00627505 0.00695025 773.298
52 586   -0.00842758 0.003897 779.183
52 587   -0.00704318 0.0049037 773.672
52 588   -0.0070528 0.00606482 766.378
52 592   -0.000336325 -0.0051907 835.184
52 593   -0.00302399 -0.00524691 878.587
52 594   -0.00231996 -0.00400018 855.283
52 595   -0.000340169 -0.00638932 834.304
52 596   -0.00174055 -0.00648553 873.842
52 597   -0.00220584 -0.00841813 904.304
52 598   -0.00166353 -0.00751324 879.5
52 600   -0.00174888 -0.0092909 856.768
52 601   -0.00115073 -0.00932284 796.131
52 604   -0.00144871 0.00547559 801.758
52 605   0.00023812 0.00725615 823.005
52 606   0.000371519 0.00933296 751.871
52 607   -0.00042602 0.00937555 737.076
52 629   -0.00467995 -0.0109559 256.014
52 630   -0.00462859 -0.0109286 407.149
52 634   -0.00430998 -0.0106659 793.964
52 635   -0.00454739 -0.0108222 656.602
52 636   -0.00447594 -0.0106642 767.19
52 666   -0.00356752 -0.00999804 968.616
52 667   -0.00312748 -0.00976407 966.243
52 724   -0.0112499 0.00230114 675.02
52 725   -0.0113874 0.00236902 672.636
52 726   -0.0113648 0.00212899 675.279
52 727   -0.0115016 0.00214175 673.71
52 728   -0.0115031 0.00225199 672.018
52 730   -0.0115977 0.00227218 670.636
52 733   -0.0116872 0.00226239 669.97
52 734   -0.0116348 0.00223477 670.935
52 735   -0.0116573 0.00218747 672.103
52 736   -0.0117081 0.00219831 672.05
52 737   -0.0117114 0.00223186 670.895
52 739   -0.0117371 0.00223587 671.007
52 856   0.00578164 0.00910022 968.757
52 857   0.00647468 0.00907504 968.487
52 858   0.00550032 0.00966764 954.148
52 859   0.00584268 0.00986973 931.246
52 860   0.00628266 0.00974931 941.081
52 861   0.00663333 0.00952205 955.221
52 868   -0.00629475 -0.00850138 956.529
52 869   -0.0070428 -0.00920669 969.375
52 870   -0.00700123 -0.00869224 956.691
52 871   -0.00568764 -0.0091295 968.473
52 872   -0.00594541 -0.00961179 955.396
52 873   -0.00645162 -0.00959065 951.782
52 874   -0.00673656 -0.0094056 961.774
52 922   -0.008526 -0.00748906 895.295
52 923   -0.00934677 -0.0064258 816.835
52 976   0.00713577 0.00755577 917.446
52 977   0.00820652 0.00714574 891.971
52 978   0.00719442 0.00842827 944.606
52 979   0.00785381 0.00855077 923.78
52 981   0.00822219 0.00817907 916.754
52 982   0.00863355 0.00764654 898.704
52 1015   -0.0035266 0.00822608 753.42
52 1016   -0.00221211 0.00749298 773.292
52 1017   -0.00139561 0.00921525 753.695
52 1018   -0.00122275 0.00811896 772.369
52 1029   0.00188682 -0.00872056 762.389
52 1030   0.00302846 -0.00835737 754.515
52 1069   -0.000552574 -0.00935479 763.773
52 1070   -0.000608419 -0.00841795 808.572
52 1071   0.00101693 -0.00888619 749.154
52 1072   0.000362928 -0.0079174 786.018
52 1131   0.00743312 -0.00505005 774.135
52 1132   0.00804911 -0.00402254 774.083
52 1261   -0.00577137 -0.0100497 910.126
52 1266   -0.0050862 -0.0101156 890.221
52 1267   -0.00542903 -0.0101182 894.279
52 1268   -0.00547185 -0.010398 846.582
52 1269   -0.00514294 -0.0106528 778.354
52 1270   -0.00503784 -0.0103421 839.147
52 1271   -0.00522021 -0.0104488 823.217
52 1272   -0.00479559 -0.0105531 779.206
52 1273   -0.00491057 -0.0104701 803.906
52 1274   -0.00499426 -0.010641 762.326
52 1275   -0.00482553 -0.0107068 713.429
52 1276   -0.00493302 -0.0107412 702.166
52 1277   -0.00474193 -0.010835 538.406
52 1278   -0.00479517 -0.0107887 625.495
52 1279   -0.00476694 -0.0109028 386.965
52 1280   -0.0048201 -0.0109549 234.132
52 1342   -0.0100383 -0.0042279 747.295
52 1343   -0.0104608 -0.00295288 725.576
52 1538   0.000987932 0.00387796 841.371
52 1539   -0.000363057 0.00500207 822.827
52 1540   0.000334411 0.00615666 835.934
52 1541   0.00353947 0.00481803 874.844
52 1542   0.0013685 0.00562055 860.623
52 1543   0.0020023 0.00444455 856.462
52 1544   0.00405263 0.00703065 910.687
52 1545   0.00231145 0.00609593 881.19
52 1546   0.00349989 0.00589212 890.929
52 1547   0.00242938 0.0069592 892.963
52 1548   0.00329902 0.00750973 911.085
52 1549   0.00095021 0.00770678 846.323
52 1550   0.00183006 0.00745984 885.145
52 1551   0.000857699 0.00870858 811.47
52 1552   0.00307534 0.00823952 919.827
52 1553   0.0022006 0.00808773 898.638
52 1554   0.00198462 0.00939604 886.252
52 1555   0.00167326 0.00881427 870.457
52 1556   0.00385223 0.00916695 962.023
52 1557   0.00332295 0.00878001 941.243
52 1558   0.00288425 0.00966309 961.214
52 1559   0.00275957 0.00920999 943.192
52 1560   0.0036659 0.00961503 968.028
52 1561   0.0032613 0.00968119 965.817
52 1562   0.00326306 0.0100469 969.396
52 1563   0.00374968 0.0103474 944.37
52 1564   0.00377546 0.00989742 968.679
52 1565   0.00355984 0.010064 968.501
52 1566   0.00396736 0.0103264 926.233
52 1567   0.00399402 0.0100593 956.26
52 1568   0.00444144 0.0102954 880.192
52 1569   0.00432952 0.0100873 931.999
52 1570   0.00419842 0.0106603 814.813
52 1571   0.00411781 0.0104807 874.902
52 1572   0.00425639 0.0104217 866.834
52 1573   0.00445517 0.0107322 749.686
52 1574   0.00432238 0.0106598 793.556
52 1575   0.00435163 0.0105426 821.58
52 1576   0.00457503 0.0105281 798.964
52 1577   0.00451618 0.010666 762.691
52 1578   0.00445268 0.0105641 801.656
52 1579   0.00478121 0.0106368 753.374
52 1580   0.00461642 0.0106697 750.601
52 1581   0.00466064 0.0105904 775.08
52 1582   0.00480524 0.0108025 601.052
52 1583   0.00469258 0.0107183 711.471
52 1584   0.00478139 0.0107138 709.92
52 1585   0.00469345 0.0107825 644.863
52 1586   0.0047394 0.0108315 554.653
52 1587   0.00457293 0.0108935 530.237
52 1588   0.00458429 0.0108349 617.277
52 1589   0.00464336 0.010814 616.871
52 1590   0.00471317 0.0108819 451.872
52 1591   0.00466154 0.0108621 524.183
52 1592   0.00464627 0.0109386 359.181
52 1593   0.00462721 0.0108962 477.1
52 1594   0.00471986 0.0109177 352.323
52 1595   0.00468729 0.0109404 311.171
52 1596   0.00474885 0.0109835 43.0647
52 1597   0.00475571 0.0109471 209.551
52 1599   0.00469535 0.0109708 155.702
52 1600   0.00472107 0.0109845 54.3237
52 1603   -0.00471703 -0.0109617 172.265
52 1604   -0.00474662 -0.010942 268.277
52 1605   -0.00476553 -0.0109904 32.6661
52 1606   -0.00477742 -0.0109624 171.458
52 1607   -0.00474406 -0.0110156 4.91276
52 1610   -0.00472054 -0.0109903 62.9728
52 1611   -0.00473825 -0.0109985 19.1531
52 1644   -0.00495402 -0.010836 633.916
52 1649   -0.00489934 -0.0108484 569.991
52 1650   -0.00484798 -0.0108355 563.878
52 1651   -0.0048416 -0.0109178 379.312
52 1652   -0.00481923 -0.0108861 443.001
52 1654   -0.00490959 -0.0108939 498.981
52 1655   -0.00488059 -0.0109127 431.959
52 1702   -0.0115252 0.000980236 690.818
52 1703   -0.0117147 0.00116802 688.944
52 1704   -0.00427079 -0.00160043 821.652
52 1705   -0.00498591 -0.00042497 797.849
52 1706   -0.00614936 -0.00271978 812.298
52 1707   -0.00857989 -0.00166115 743.744
52 1708   -0.00713157 -0.0021374 782.952
52 1709   -0.0065974 -0.000951242 777.68
52 1710   -0.00804715 0.000715879 736.295
52 1711   -0.00859111 -0.000530733 732.224
52 1712   -0.00750034 -0.000419252 753.767
52 1713   -0.0097545 0.0014207 702.694
52 1714   -0.00927635 0.000277631 714.404
52 1715   -0.00899947 0.000931163 716.516
52 1716   -0.0105297 0.000553347 698.549
52 1717   -0.00996544 0.00055022 703.823
52 1718   -0.0101751 0.0010955 698.172
52 1719   -0.0108475 0.000990934 693.088
52 1720   -0.0106313 0.00120632 692.682
52 1721   -0.00945744 0.00257352 717.502
52 1722   -0.0099588 0.00290171 701.773
52 1723   -0.00986674 0.00191156 700.139
52 1724   -0.0103305 0.00204056 691.219
52 1725   -0.0103453 0.00247699 690.203
52 1726   -0.0109681 0.0023023 679.129
52 1727   -0.0107926 0.00253658 681.565
52 1728   -0.0111333 0.00186738 680.872
52 1729   -0.0106615 0.00186929 686.691
52 1730   -0.0108518 0.00207144 682.371
52 1731   -0.0110447 0.00166192 684.168
52 1732   -0.0107859 0.00162873 687.122
52 1733   -0.0107988 0.00141997 689.064
52 1734   -0.0111329 0.0015236 685.169
52 1735   -0.0109823 0.00138271 687.885
52 1736   -0.0112997 0.00115683 688.935
52 1737   -0.0110968 0.00117063 689.602
52 1738   -0.0115906 0.00133772 686.503
52 1739   -0.0113683 0.00132807 686.677
52 1740   -0.0113162 0.00148275 684.754
52 1741   -0.0117306 0.00160244 683.311
52 1742   -0.0116119 0.00146201 684.883
52 1743   -0.011465 0.0015228 683.865
52 1744   -0.0116542 0.00171133 681.324
52 1745   -0.0115035 0.00180523 679.495
52 1746   -0.0115094 0.00164824 681.998
52 1747   -0.01176 0.00191634 678.792
52 1748   -0.0116869 0.00183657 679.524
52 1749   -0.0116097 0.00190007 678.032
52 1750   -0.0117209 0.00198048 677.299
52 1751   -0.0116448 0.00197921 676.681
52 1752   -0.0116381 0.00214251 673.18
52 1753   -0.0115882 0.00209332 674.188
52 1754   -0.0116256 0.00203884 675.41
52 1755   -0.0116813 0.0021123 674.163
52 1756   -0.0116695 0.00206375 675.149
52 1757   -0.0117798 0.00205745 676.858
52 1758   -0.0117101 0.00204896 675.891
52 1759   -0.0117423 0.00202532 676.779
52 1760   -0.0117217 0.00211326 674.731
52 1761   -0.0117318 0.00207716 675.65
52 1762   -0.0117634 0.00208501 676.122
52 1763   -0.0117815 0.00214062 675.896
52 1764   -0.0117661 0.00211289 675.759
52 1765   -0.0117404 0.00212932 674.796
52 1766   -0.011732 0.00217835 673.308
52 1767   -0.0117684 0.00216074 675.181
52 1768   -0.0117431 0.00215336 674.362
52 1769   -0.0117473 0.00221799 672.309
52 1770   -0.0117455 0.00219402 673.269
52 1771   -0.0117874 0.00219762 676.875
52 1772   -0.0117632 0.00218877 674.471
52 1773   -0.011775 0.00218047 675.378
52 1774   -0.0117649 0.00221947 673.389
52 1775   -0.0117699 0.00220333 674.665
52 1776   -0.0117814 0.0022085 676.03
52 1777   -0.0117769 0.00222555 674.353
52 1778   -0.0117875 0.00221873 684.471
end
